70063727406	2000	1	4	0	0	0.010
70063727406	2000	1	4	2	0	0.010
70063727406	2000	1	4	9	0	0.010
70063727406	2000	1	14	9	0	0.003
70063727406	2000	1	14	11	0	0.004
70063727406	2000	1	14	14	0	0.003
70063727406	2000	1	22	3	0	0.010
70063727406	2000	1	23	20	0	0.010
70063727406	2000	1	23	23	0	0.010
70063727406	2000	1	31	1	0	0.002
70063727406	2000	1	31	5	0	0.002
70063727406	2000	1	31	8	0	0.004
70063727406	2000	1	31	14	0	0.002
70063727406	2000	2	1	12	0	0.005
70063727406	2000	2	1	13	0	0.005
70063727406	2000	2	12	16	0	0.015
70063727406	2000	2	12	17	0	0.015
70063727406	2000	2	13	19	0	0.010
70063727406	2000	2	13	22	0	0.010
70063727406	2000	2	13	23	0	0.010
70063727406	2000	2	22	6	0	0.005
70063727406	2000	2	22	9	0	0.005
70063727406	2000	2	24	24	0	0.009
70063727406	2000	2	25	2	0	0.008
70063727406	2000	2	25	3	0	0.004
70063727406	2000	2	25	12	0	0.005
70063727406	2000	2	25	13	0	0.004
70063727406	2000	3	20	11	0	0.010
70063727406	2000	3	26	12	0	0.020
70063727406	2000	3	28	18	0	0.010
70063727406	2000	3	28	19	0	0.010
70063727406	2000	3	28	20	0	0.010
70063727406	2000	4	17	1	0	0.007
70063727406	2000	4	17	4	0	0.006
70063727406	2000	4	17	8	0	0.007
70063727406	2000	4	20	24	0	0.010
70063727406	2000	4	22	2	0	0.015
70063727406	2000	4	22	20	0	0.015
70063727406	2000	4	23	11	0	0.010
70063727406	2000	5	22	11	0	0.010
70063727406	2000	5	22	12	0	0.070
70063727406	2000	5	22	13	0	0.020
70063727406	2000	6	19	1	0	0.020
70063727406	2000	6	19	2	0	0.010
70063727406	2000	6	19	3	0	0.010
70063727406	2000	6	25	8	0	0.079
70063727406	2000	6	25	9	0	0.132
70063727406	2000	6	25	15	0	0.080
70063727406	2000	6	25	16	0	0.079
70063727406	2000	6	26	2	0	0.001
70063727406	2000	6	26	3	0	0.001
70063727406	2000	6	26	4	0	0.006
70063727406	2000	6	26	5	0	0.004
70063727406	2000	6	26	6	0	0.002
70063727406	2000	6	26	7	0	0.006
70063727406	2000	6	26	8	0	0.007
70063727406	2000	6	26	9	0	0.008
70063727406	2000	6	26	10	0	0.009
70063727406	2000	6	26	11	0	0.006
70063727406	2000	6	26	12	0	0.005
70063727406	2000	6	26	13	0	0.002
70063727406	2000	6	26	15	0	0.001
70063727406	2000	6	26	17	0	0.001
70063727406	2000	6	26	19	0	0.001
70063727406	2000	7	1	20	0	0.105
70063727406	2000	7	1	23	0	0.105
70063727406	2000	7	2	1	0	0.010
70063727406	2000	7	2	7	0	0.010
70063727406	2000	7	3	3	0	0.095
70063727406	2000	7	3	7	0	0.095
70063727406	2000	7	4	10	0	0.008
70063727406	2000	7	4	11	0	0.008
70063727406	2000	7	4	12	0	0.008
70063727406	2000	7	4	17	0	0.008
70063727406	2000	7	4	18	0	0.008
70063727406	2000	7	4	19	0	0.040
70063727406	2000	7	5	18	0	0.010
70063727406	2000	7	5	24	0	0.015
70063727406	2000	7	6	3	0	0.007
70063727406	2000	7	6	4	0	0.008
70063727406	2000	7	8	10	0	0.015
70063727406	2000	7	8	13	0	0.015
70063727406	2000	7	17	1	0	0.016
70063727406	2000	7	17	2	0	0.026
70063727406	2000	7	17	3	0	0.015
70063727406	2000	7	17	4	0	0.026
70063727406	2000	7	17	6	0	0.016
70063727406	2000	7	17	8	0	0.015
70063727406	2000	7	17	10	0	0.016
70063727406	2000	7	18	18	0	0.010
70063727406	2000	7	22	24	0	0.100
70063727406	2000	7	23	1	0	0.100
70063727406	2000	7	24	3	0	0.010
70063727406	2000	7	24	4	0	0.030
70063727406	2000	7	24	5	0	0.010
70063727406	2000	7	24	8	0	0.010
70063727406	2000	7	24	11	0	0.010
70063727406	2000	7	25	17	0	0.013
70063727406	2000	7	25	19	0	0.006
70063727406	2000	7	25	20	0	0.007
70063727406	2000	7	25	21	0	0.019
70063727406	2000	7	25	22	0	0.019
70063727406	2000	7	25	23	0	0.026
70063727406	2000	7	26	4	0	0.010
70063727406	2000	7	26	13	0	0.010
70063727406	2000	7	26	14	0	0.010
70063727406	2000	7	26	15	0	0.010
70063727406	2000	7	26	18	0	0.010
70063727406	2000	7	26	19	0	0.010
70063727406	2000	7	26	21	0	0.010
70063727406	2000	7	26	22	0	0.010
70063727406	2000	8	4	1	0	0.010
70063727406	2000	8	4	7	0	0.010
70063727406	2000	8	5	1	0	0.027
70063727406	2000	8	5	2	0	0.026
70063727406	2000	8	5	3	0	0.027
70063727406	2000	8	6	2	0	0.019
70063727406	2000	8	6	3	0	0.009
70063727406	2000	8	6	16	0	0.083
70063727406	2000	8	6	18	0	0.019
70063727406	2000	8	8	4	0	0.005
70063727406	2000	8	8	6	0	0.005
70063727406	2000	8	10	13	0	0.040
70063727406	2000	8	11	8	0	0.005
70063727406	2000	8	11	23	0	0.005
70063727406	2000	8	12	5	0	0.010
70063727406	2000	8	13	11	0	0.020
70063727406	2000	8	13	14	0	0.020
70063727406	2000	8	14	13	0	0.015
70063727406	2000	8	14	14	0	0.015
70063727406	2000	8	17	19	0	0.004
70063727406	2000	8	17	20	0	0.009
70063727406	2000	8	17	21	0	0.030
70063727406	2000	8	17	22	0	0.013
70063727406	2000	8	17	23	0	0.004
70063727406	2000	8	17	24	0	0.016
70063727406	2000	8	18	13	0	0.008
70063727406	2000	8	18	17	0	0.056
70063727406	2000	8	19	7	0	0.014
70063727406	2000	8	19	8	0	0.036
70063727406	2000	9	12	1	0	0.004
70063727406	2000	9	12	4	0	0.004
70063727406	2000	9	12	14	0	0.004
70063727406	2000	9	12	17	0	0.004
70063727406	2000	9	12	20	0	0.004
70063727406	2000	9	13	5	0	0.020
70063727406	2000	9	18	5	0	0.020
70063727406	2000	9	20	5	0	0.002
70063727406	2000	9	20	7	0	0.003
70063727406	2000	9	20	8	0	0.002
70063727406	2000	9	20	9	0	0.003
70063727406	2000	9	21	2	0	0.015
70063727406	2000	9	21	6	0	0.015
70063727406	2000	9	22	5	0	0.010
70063727406	2000	9	22	6	0	0.020
70063727406	2000	9	22	8	0	0.010
70063727406	2000	9	25	11	0	0.020
70063727406	2000	9	26	9	0	0.015
70063727406	2000	9	26	15	0	0.015
70063727406	2000	12	15	22	0	0.007
70063727406	2000	12	15	23	0	0.013
70063727406	2001	1	18	1	0	0.010
70063727406	2001	2	28	12	0	0.030
70063727406	2001	5	1	24	0	0.008
70063727406	2001	5	2	4	0	0.002
70063727406	2001	5	4	6	0	0.010
70063727406	2001	5	19	16	0	0.010
70063727406	2001	5	19	17	0	0.020
70063727406	2001	5	23	7	0	0.010
70063727406	2001	6	14	19	0	0.180
70063727406	2001	6	18	23	0	0.020
70063727406	2001	6	19	24	0	0.007
70063727406	2001	6	20	3	0	0.006
70063727406	2001	6	20	21	0	0.007
70063727406	2001	6	27	22	0	0.025
70063727406	2001	6	27	23	0	0.015
70063727406	2001	7	4	1	0	0.013
70063727406	2001	7	4	5	0	0.013
70063727406	2001	7	4	16	0	0.021
70063727406	2001	7	4	19	0	0.013
70063727406	2001	7	4	20	0	0.034
70063727406	2001	7	4	21	0	0.077
70063727406	2001	7	4	22	0	0.065
70063727406	2001	7	4	23	0	0.034
70063727406	2001	7	9	11	0	0.010
70063727406	2001	7	17	7	0	0.010
70063727406	2001	7	17	11	0	0.010
70063727406	2001	7	20	4	0	0.010
70063727406	2001	7	21	7	0	0.010
70063727406	2001	7	22	24	0	0.005
70063727406	2001	7	23	6	0	0.005
70063727406	2001	7	23	24	0	0.013
70063727406	2001	7	24	6	0	0.007
70063727406	2001	7	25	15	0	0.016
70063727406	2001	7	25	19	0	0.028
70063727406	2001	7	25	20	0	0.016
70063727406	2001	7	27	1	0	0.010
70063727406	2001	7	28	7	0	0.090
70063727406	2001	7	28	24	0	0.012
70063727406	2001	7	29	2	0	0.012
70063727406	2001	7	29	9	0	0.012
70063727406	2001	7	29	10	0	0.011
70063727406	2001	7	29	11	0	0.020
70063727406	2001	7	29	12	0	0.012
70063727406	2001	7	29	13	0	0.012
70063727406	2001	7	29	14	0	0.059
70063727406	2001	7	29	24	0	0.010
70063727406	2001	7	30	1	0	0.010
70063727406	2001	7	30	5	0	0.010
70063727406	2001	7	30	13	0	0.010
70063727406	2001	8	1	18	0	0.015
70063727406	2001	8	1	19	0	0.051
70063727406	2001	8	1	20	0	0.067
70063727406	2001	8	1	21	0	0.025
70063727406	2001	8	1	22	0	0.051
70063727406	2001	8	1	23	0	0.041
70063727406	2001	8	1	24	0	0.021
70063727406	2001	8	2	1	0	0.008
70063727406	2001	8	2	5	0	0.007
70063727406	2001	8	2	19	0	0.007
70063727406	2001	8	2	23	0	0.007
70063727406	2001	8	3	24	0	0.047
70063727406	2001	8	4	1	0	0.061
70063727406	2001	8	4	2	0	0.038
70063727406	2001	8	4	3	0	0.014
70063727406	2001	8	6	24	0	0.005
70063727406	2001	8	7	15	0	0.005
70063727406	2001	8	8	15	0	0.090
70063727406	2001	8	8	24	0	0.006
70063727406	2001	8	9	3	0	0.012
70063727406	2001	8	9	4	0	0.006
70063727406	2001	8	9	6	0	0.006
70063727406	2001	8	9	7	0	0.006
70063727406	2001	8	9	9	0	0.006
70063727406	2001	8	9	10	0	0.006
70063727406	2001	8	9	11	0	0.006
70063727406	2001	8	9	23	0	0.006
70063727406	2001	8	10	10	0	0.130
70063727406	2001	8	12	1	0	0.021
70063727406	2001	8	12	2	0	0.056
70063727406	2001	8	12	3	0	0.071
70063727406	2001	8	12	4	0	0.021
70063727406	2001	8	12	5	0	0.021
70063727406	2001	8	13	15	0	0.150
70063727406	2001	8	14	5	0	0.128
70063727406	2001	8	14	6	0	0.137
70063727406	2001	8	14	7	0	0.082
70063727406	2001	8	14	8	0	0.018
70063727406	2001	8	14	9	0	0.018
70063727406	2001	8	14	10	0	0.019
70063727406	2001	8	14	11	0	0.009
70063727406	2001	8	14	16	0	0.009
70063727406	2001	8	15	21	0	0.010
70063727406	2001	9	7	14	0	0.015
70063727406	2001	9	7	18	0	0.015
70063727406	2001	9	8	18	0	0.015
70063727406	2001	9	8	21	0	0.015
70063727406	2001	9	14	19	0	0.020
70063727406	2001	9	15	9	0	0.011
70063727406	2001	9	15	18	0	0.003
70063727406	2001	9	15	19	0	0.007
70063727406	2001	9	15	20	0	0.007
70063727406	2001	9	15	21	0	0.004
70063727406	2001	9	15	22	0	0.028
70063727406	2001	9	15	23	0	0.010
70063727406	2001	9	22	24	0	0.010
70063727406	2001	9	24	3	0	0.020
70063727406	2001	9	24	6	0	0.020
70063727406	2001	9	29	1	0	0.007
70063727406	2001	9	29	2	0	0.003
70063727406	2001	10	5	12	0	0.014
70063727406	2001	10	5	13	0	0.036
70063727406	2001	10	7	1	0	0.010
70063727406	2001	10	29	12	0	0.002
70063727406	2001	10	29	13	0	0.004
70063727406	2001	10	29	15	0	0.002
70063727406	2001	10	29	16	0	0.002
70063727406	2001	11	2	2	0	0.030
70063727406	2001	11	6	24	0	0.030
70063727406	2001	11	7	3	0	0.020
70063727406	2001	11	7	4	0	0.010
70063727406	2001	11	7	24	0	0.002
70063727406	2001	11	8	9	0	0.006
70063727406	2001	11	8	15	0	0.002
70063727406	2002	2	10	22	0	0.100
70063727406	2002	2	12	5	0	0.005
70063727406	2002	2	12	6	0	0.005
70063727406	2002	2	13	3	0	0.010
70063727406	2002	2	13	20	0	0.010
70063727406	2002	2	14	7	0	0.020
70063727406	2002	3	2	9	0	0.075
70063727406	2002	3	2	16	0	0.045
70063727406	2002	4	2	3	0	0.020
70063727406	2002	4	3	10	0	0.007
70063727406	2002	4	3	11	0	0.015
70063727406	2002	4	3	12	0	0.008
70063727406	2002	4	5	24	0	0.003
70063727406	2002	4	6	1	0	0.002
70063727406	2002	4	6	2	0	0.009
70063727406	2002	4	6	3	0	0.003
70063727406	2002	4	6	4	0	0.002
70063727406	2002	4	6	5	0	0.001
70063727406	2002	4	10	10	0	0.008
70063727406	2002	4	10	13	0	0.025
70063727406	2002	4	10	14	0	0.017
70063727406	2002	4	13	20	0	0.007
70063727406	2002	4	13	21	0	0.006
70063727406	2002	4	13	22	0	0.007
70063727406	2002	6	15	10	0	0.007
70063727406	2002	6	15	11	0	0.015
70063727406	2002	6	15	12	0	0.008
70063727406	2002	6	20	13	0	0.020
70063727406	2002	6	21	10	0	0.025
70063727406	2002	6	21	11	0	0.025
70063727406	2002	6	22	14	0	0.023
70063727406	2002	6	22	15	0	0.039
70063727406	2002	6	22	16	0	0.039
70063727406	2002	6	22	17	0	0.062
70063727406	2002	6	22	18	0	0.023
70063727406	2002	6	22	19	0	0.023
70063727406	2002	6	22	21	0	0.039
70063727406	2002	6	22	23	0	0.062
70063727406	2002	6	23	1	0	0.020
70063727406	2002	6	23	2	0	0.012
70063727406	2002	6	23	3	0	0.020
70063727406	2002	6	23	4	0	0.020
70063727406	2002	6	23	5	0	0.012
70063727406	2002	6	23	6	0	0.012
70063727406	2002	6	23	7	0	0.040
70063727406	2002	6	23	8	0	0.020
70063727406	2002	6	23	9	0	0.012
70063727406	2002	6	23	10	0	0.012
70063727406	2002	6	23	11	0	0.012
70063727406	2002	6	23	14	0	0.012
70063727406	2002	6	23	15	0	0.072
70063727406	2002	6	23	16	0	0.072
70063727406	2002	6	23	17	0	0.012
70063727406	2002	6	23	22	0	0.020
70063727406	2002	6	23	23	0	0.020
70063727406	2002	6	26	13	0	0.002
70063727406	2002	6	26	14	0	0.003
70063727406	2002	6	26	15	0	0.002
70063727406	2002	6	26	16	0	0.003
70063727406	2002	6	27	6	0	0.052
70063727406	2002	6	27	7	0	0.185
70063727406	2002	6	27	8	0	0.073
70063727406	2002	6	27	9	0	0.010
70063727406	2002	6	30	5	0	0.040
70063727406	2002	7	1	1	0	0.165
70063727406	2002	7	1	6	0	0.165
70063727406	2002	7	2	19	0	0.050
70063727406	2002	7	3	12	0	0.022
70063727406	2002	7	3	14	0	0.008
70063727406	2002	7	5	22	0	0.010
70063727406	2002	7	5	24	0	0.012
70063727406	2002	7	6	2	0	0.029
70063727406	2002	7	6	4	0	0.012
70063727406	2002	7	6	6	0	0.012
70063727406	2002	7	6	7	0	0.013
70063727406	2002	7	6	8	0	0.012
70063727406	2002	7	6	24	0	0.001
70063727406	2002	7	7	1	0	0.002
70063727406	2002	7	7	3	0	0.002
70063727406	2002	7	7	4	0	0.002
70063727406	2002	7	7	7	0	0.001
70063727406	2002	7	7	8	0	0.001
70063727406	2002	7	7	21	0	0.001
70063727406	2002	7	8	5	0	0.040
70063727406	2002	7	8	6	0	0.010
70063727406	2002	7	9	3	0	0.020
70063727406	2002	7	13	17	0	0.016
70063727406	2002	7	13	19	0	0.048
70063727406	2002	7	13	20	0	0.016
70063727406	2002	7	23	1	0	0.017
70063727406	2002	7	23	2	0	0.029
70063727406	2002	7	23	3	0	0.017
70063727406	2002	7	23	4	0	0.017
70063727406	2002	7	23	24	0	0.009
70063727406	2002	7	24	1	0	0.008
70063727406	2002	7	24	2	0	0.014
70063727406	2002	7	24	3	0	0.015
70063727406	2002	7	24	13	0	0.014
70063727406	2002	7	25	11	0	0.008
70063727406	2002	7	25	14	0	0.008
70063727406	2002	7	25	15	0	0.016
70063727406	2002	7	25	16	0	0.008
70063727406	2002	8	1	2	0	0.010
70063727406	2002	8	1	5	0	0.010
70063727406	2002	8	4	24	0	0.070
70063727406	2002	8	5	1	0	0.010
70063727406	2002	8	5	6	0	0.010
70063727406	2002	8	5	7	0	0.030
70063727406	2002	8	6	16	0	0.050
70063727406	2002	8	8	10	0	0.010
70063727406	2002	8	9	11	0	0.003
70063727406	2002	8	9	12	0	0.007
70063727406	2002	8	9	16	0	0.007
70063727406	2002	8	9	21	0	0.003
70063727406	2002	8	9	24	0	0.003
70063727406	2002	8	10	1	0	0.004
70063727406	2002	8	10	2	0	0.003
70063727406	2002	8	11	3	0	0.009
70063727406	2002	8	11	4	0	0.009
70063727406	2002	8	11	20	0	0.018
70063727406	2002	8	11	21	0	0.017
70063727406	2002	8	11	22	0	0.018
70063727406	2002	8	11	23	0	0.009
70063727406	2002	8	12	24	0	0.021
70063727406	2002	8	13	1	0	0.013
70063727406	2002	8	13	2	0	0.021
70063727406	2002	8	13	3	0	0.012
70063727406	2002	8	13	4	0	0.013
70063727406	2002	8	14	8	0	0.010
70063727406	2002	8	14	24	0	0.122
70063727406	2002	8	15	1	0	0.152
70063727406	2002	8	15	2	0	0.061
70063727406	2002	8	15	3	0	0.092
70063727406	2002	8	15	4	0	0.091
70063727406	2002	8	15	5	0	0.061
70063727406	2002	8	15	7	0	0.031
70063727406	2002	8	15	8	0	0.030
70063727406	2002	8	16	18	0	0.003
70063727406	2002	8	16	19	0	0.047
70063727406	2002	8	17	7	0	0.085
70063727406	2002	8	17	20	0	0.085
70063727406	2002	8	17	24	0	0.003
70063727406	2002	8	18	3	0	0.004
70063727406	2002	8	18	19	0	0.003
70063727406	2002	8	19	19	0	0.040
70063727406	2002	8	19	21	0	0.010
70063727406	2002	8	20	7	0	0.017
70063727406	2002	8	20	8	0	0.009
70063727406	2002	8	20	18	0	0.008
70063727406	2002	8	20	19	0	0.017
70063727406	2002	8	20	20	0	0.009
70063727406	2002	8	24	3	0	0.007
70063727406	2002	8	24	5	0	0.006
70063727406	2002	8	24	6	0	0.007
70063727406	2002	8	24	7	0	0.027
70063727406	2002	8	24	8	0	0.006
70063727406	2002	8	24	12	0	0.007
70063727406	2002	8	28	19	0	0.015
70063727406	2002	8	28	23	0	0.015
70063727406	2002	9	1	2	0	0.010
70063727406	2002	9	3	6	0	0.005
70063727406	2002	9	3	17	0	0.005
70063727406	2002	9	6	4	0	0.010
70063727406	2002	9	6	7	0	0.010
70063727406	2002	9	6	15	0	0.010
70063727406	2002	9	6	19	0	0.010
70063727406	2002	9	6	20	0	0.010
70063727406	2002	9	6	24	0	0.044
70063727406	2002	9	7	1	0	0.043
70063727406	2002	9	7	2	0	0.044
70063727406	2002	9	7	3	0	0.017
70063727406	2002	9	7	4	0	0.016
70063727406	2002	9	7	5	0	0.010
70063727406	2002	9	7	6	0	0.011
70063727406	2002	9	7	7	0	0.010
70063727406	2002	9	7	8	0	0.010
70063727406	2002	9	7	9	0	0.026
70063727406	2002	9	7	10	0	0.017
70063727406	2002	9	7	11	0	0.010
70063727406	2002	9	7	12	0	0.010
70063727406	2002	9	7	13	0	0.017
70063727406	2002	9	7	14	0	0.027
70063727406	2002	9	7	15	0	0.027
70063727406	2002	9	7	16	0	0.033
70063727406	2002	9	7	17	0	0.010
70063727406	2002	9	7	19	0	0.044
70063727406	2002	9	7	20	0	0.067
70063727406	2002	9	7	21	0	0.027
70063727406	2002	9	8	1	0	0.011
70063727406	2002	9	8	3	0	0.019
70063727406	2002	9	8	5	0	0.011
70063727406	2002	9	8	7	0	0.048
70063727406	2002	9	8	10	0	0.011
70063727406	2002	9	8	11	0	0.018
70063727406	2002	9	8	19	0	0.011
70063727406	2002	9	8	21	0	0.019
70063727406	2002	9	8	22	0	0.011
70063727406	2002	9	8	23	0	0.011
70063727406	2002	9	8	24	0	0.010
70063727406	2002	9	16	2	0	0.007
70063727406	2002	9	16	19	0	0.013
70063727406	2002	9	17	1	0	0.010
70063727406	2002	9	18	2	0	0.050
70063727406	2002	9	18	9	0	0.050
70063727406	2002	9	19	1	0	0.010
70063727406	2002	9	19	6	0	0.040
70063727406	2002	9	19	15	0	0.010
70063727406	2002	9	19	24	0	0.020
70063727406	2002	9	27	14	0	0.020
70063727406	2002	10	4	15	0	0.013
70063727406	2002	10	4	16	0	0.013
70063727406	2002	10	4	17	0	0.021
70063727406	2002	10	4	18	0	0.013
70063727406	2002	10	5	1	0	0.010
70063727406	2002	10	5	3	0	0.010
70063727406	2002	10	8	17	0	0.010
70063727406	2002	10	9	10	0	0.010
70063727406	2002	10	9	11	0	0.026
70063727406	2002	10	9	12	0	0.017
70063727406	2002	10	9	13	0	0.032
70063727406	2002	10	9	14	0	0.043
70063727406	2002	10	9	15	0	0.043
70063727406	2002	10	9	16	0	0.033
70063727406	2002	10	9	17	0	0.010
70063727406	2002	10	9	18	0	0.016
70063727406	2002	10	16	21	0	0.013
70063727406	2002	10	16	22	0	0.007
70063727406	2002	10	19	24	0	0.100
70063727406	2002	11	4	12	0	0.001
70063727406	2002	11	4	13	0	0.004
70063727406	2002	11	4	14	0	0.001
70063727406	2002	11	4	18	0	0.001
70063727406	2002	11	4	19	0	0.002
70063727406	2002	11	4	22	0	0.001
70063727406	2002	11	26	12	0	0.010
70063727406	2002	11	26	17	0	0.010
70063727406	2002	11	29	3	0	0.010
70063727406	2002	12	7	3	0	0.020
70063727406	2002	12	17	22	0	0.010
70063727406	2002	12	25	15	0	0.010
70063727406	2002	12	27	9	0	0.010
70063727406	2003	4	13	10	0	0.220
70063727406	2003	4	14	17	0	0.010
70063727406	2003	4	14	22	0	0.010
70063727406	2003	4	20	18	0	0.070
70063727406	2003	4	29	11	0	0.010
70063727406	2003	5	6	15	0	0.010
70063727406	2003	5	10	3	0	0.030
70063727406	2003	5	19	1	0	0.010
70063727406	2003	5	20	5	0	0.015
70063727406	2003	5	20	6	0	0.025
70063727406	2003	5	22	15	0	0.009
70063727406	2003	5	22	21	0	0.006
70063727406	2003	5	22	23	0	0.005
70063727406	2003	5	26	24	0	0.010
70063727406	2003	5	27	14	0	0.040
70063727406	2003	5	27	15	0	0.030
70063727406	2003	5	27	16	0	0.010
70063727406	2003	5	27	24	0	0.010
70063727406	2003	5	28	1	0	0.010
70063727406	2003	5	29	1	0	0.010
70063727406	2003	6	4	9	0	0.030
70063727406	2003	6	30	20	0	0.027
70063727406	2003	6	30	21	0	0.027
70063727406	2003	6	30	22	0	0.027
70063727406	2003	6	30	23	0	0.009
70063727406	2003	7	1	18	0	0.010
70063727406	2003	7	2	24	0	0.025
70063727406	2003	7	3	1	0	0.031
70063727406	2003	7	3	2	0	0.025
70063727406	2003	7	3	3	0	0.020
70063727406	2003	7	3	4	0	0.044
70063727406	2003	7	3	5	0	0.032
70063727406	2003	7	3	6	0	0.036
70063727406	2003	7	3	7	0	0.032
70063727406	2003	7	3	8	0	0.020
70063727406	2003	7	3	9	0	0.024
70063727406	2003	7	3	10	0	0.020
70063727406	2003	7	3	11	0	0.007
70063727406	2003	7	3	12	0	0.025
70063727406	2003	7	3	13	0	0.012
70063727406	2003	7	3	15	0	0.012
70063727406	2003	7	3	17	0	0.013
70063727406	2003	7	3	18	0	0.012
70063727406	2003	7	5	23	0	0.070
70063727406	2003	7	6	17	0	0.050
70063727406	2003	7	7	5	0	0.004
70063727406	2003	7	7	6	0	0.012
70063727406	2003	7	7	8	0	0.004
70063727406	2003	7	8	13	0	0.020
70063727406	2003	7	12	4	0	0.080
70063727406	2003	7	14	19	0	0.010
70063727406	2003	7	15	3	0	0.015
70063727406	2003	7	15	4	0	0.015
70063727406	2003	7	21	24	0	0.040
70063727406	2003	7	22	1	0	0.052
70063727406	2003	7	22	2	0	0.066
70063727406	2003	7	22	3	0	0.013
70063727406	2003	7	22	4	0	0.014
70063727406	2003	7	22	5	0	0.013
70063727406	2003	7	22	7	0	0.013
70063727406	2003	7	22	9	0	0.013
70063727406	2003	7	22	10	0	0.013
70063727406	2003	7	22	11	0	0.027
70063727406	2003	7	22	12	0	0.013
70063727406	2003	7	22	13	0	0.013
70063727406	2003	7	22	24	0	0.006
70063727406	2003	7	23	1	0	0.005
70063727406	2003	7	23	4	0	0.006
70063727406	2003	7	23	6	0	0.006
70063727406	2003	7	23	9	0	0.006
70063727406	2003	7	23	12	0	0.005
70063727406	2003	7	23	15	0	0.006
70063727406	2003	7	23	24	0	0.026
70063727406	2003	7	24	1	0	0.026
70063727406	2003	7	24	2	0	0.013
70063727406	2003	7	24	3	0	0.039
70063727406	2003	7	24	4	0	0.051
70063727406	2003	7	24	5	0	0.026
70063727406	2003	7	24	6	0	0.026
70063727406	2003	7	24	9	0	0.013
70063727406	2003	7	25	2	0	0.013
70063727406	2003	7	25	3	0	0.013
70063727406	2003	7	25	5	0	0.013
70063727406	2003	7	25	6	0	0.022
70063727406	2003	7	25	7	0	0.013
70063727406	2003	7	25	8	0	0.022
70063727406	2003	7	25	9	0	0.022
70063727406	2003	7	25	10	0	0.022
70063727406	2003	7	25	11	0	0.013
70063727406	2003	7	25	12	0	0.013
70063727406	2003	7	25	13	0	0.035
70063727406	2003	7	25	14	0	0.013
70063727406	2003	7	25	15	0	0.013
70063727406	2003	7	25	20	0	0.013
70063727406	2003	7	26	14	0	0.010
70063727406	2003	7	27	22	0	0.037
70063727406	2003	7	27	23	0	0.023
70063727406	2003	7	30	3	0	0.010
70063727406	2003	7	31	3	0	0.131
70063727406	2003	7	31	4	0	0.049
70063727406	2003	8	4	4	0	0.010
70063727406	2003	8	7	4	0	0.015
70063727406	2003	8	7	7	0	0.025
70063727406	2003	8	9	6	0	0.018
70063727406	2003	8	9	7	0	0.019
70063727406	2003	8	9	8	0	0.092
70063727406	2003	8	9	9	0	0.037
70063727406	2003	8	9	10	0	0.018
70063727406	2003	8	9	13	0	0.055
70063727406	2003	8	9	14	0	0.037
70063727406	2003	8	9	17	0	0.074
70063727406	2003	8	10	11	0	0.130
70063727406	2003	8	10	12	0	0.130
70063727406	2003	8	11	8	0	0.003
70063727406	2003	8	11	10	0	0.004
70063727406	2003	8	11	11	0	0.003
70063727406	2003	8	16	1	0	0.010
70063727406	2003	8	16	3	0	0.010
70063727406	2003	8	16	5	0	0.010
70063727406	2003	8	16	8	0	0.010
70063727406	2003	8	23	10	0	0.010
70063727406	2003	8	24	2	0	0.020
70063727406	2003	8	24	3	0	0.030
70063727406	2003	8	24	12	0	0.010
70063727406	2003	8	24	20	0	0.010
70063727406	2003	8	26	15	0	0.003
70063727406	2003	8	26	16	0	0.007
70063727406	2003	9	1	13	0	0.020
70063727406	2003	9	2	11	0	0.010
70063727406	2003	9	2	18	0	0.010
70063727406	2003	9	4	2	0	0.020
70063727406	2003	9	5	1	0	0.013
70063727406	2003	9	5	11	0	0.007
70063727406	2003	9	5	12	0	0.020
70063727406	2003	9	5	19	0	0.020
70063727406	2003	9	8	20	0	0.013
70063727406	2003	9	8	21	0	0.027
70063727406	2003	9	10	14	0	0.015
70063727406	2003	9	10	16	0	0.015
70063727406	2003	9	12	10	0	0.020
70063727406	2003	9	12	11	0	0.005
70063727406	2003	9	12	12	0	0.015
70063727406	2003	9	15	2	0	0.020
70063727406	2003	9	16	20	0	0.010
70063727406	2003	9	19	19	0	0.007
70063727406	2003	9	19	22	0	0.020
70063727406	2003	9	19	23	0	0.013
70063727406	2003	9	20	22	0	0.010
70063727406	2003	9	25	11	0	0.010
70063727406	2003	9	26	14	0	0.013
70063727406	2003	9	26	15	0	0.007
70063727406	2003	9	27	7	0	0.015
70063727406	2003	9	27	8	0	0.005
70063727406	2003	9	30	12	0	0.002
70063727406	2003	9	30	13	0	0.003
70063727406	2003	9	30	17	0	0.005
70063727406	2003	10	1	7	0	0.030
70063727406	2003	10	1	8	0	0.010
70063727406	2003	10	1	9	0	0.020
70063727406	2003	10	1	10	0	0.010
70063727406	2003	10	1	11	0	0.030
70063727406	2003	10	1	22	0	0.010
70063727406	2003	10	3	10	0	0.013
70063727406	2003	10	3	11	0	0.021
70063727406	2003	10	3	12	0	0.043
70063727406	2003	10	3	13	0	0.034
70063727406	2003	10	3	14	0	0.055
70063727406	2003	10	3	15	0	0.021
70063727406	2003	10	3	16	0	0.013
70063727406	2003	10	4	3	0	0.021
70063727406	2003	10	4	13	0	0.020
70063727406	2003	10	4	14	0	0.055
70063727406	2003	10	4	15	0	0.034
70063727406	2003	10	4	16	0	0.021
70063727406	2003	10	4	17	0	0.034
70063727406	2003	10	4	18	0	0.034
70063727406	2003	10	4	21	0	0.021
70063727406	2003	10	16	21	0	0.010
70063727406	2003	10	22	12	0	0.004
70063727406	2003	10	22	19	0	0.005
70063727406	2003	10	22	22	0	0.004
70063727406	2003	10	22	23	0	0.007
70063727406	2003	10	24	12	0	0.010
70063727406	2003	10	29	24	0	0.010
70063727406	2003	10	30	1	0	0.010
70063727406	2003	10	31	14	0	0.010
70063727406	2003	11	5	24	0	0.012
70063727406	2003	11	6	8	0	0.012
70063727406	2003	11	6	16	0	0.012
70063727406	2003	11	6	20	0	0.012
70063727406	2003	11	6	21	0	0.012
70063727406	2003	11	6	22	0	0.020
70063727406	2004	4	27	1	0	0.011
70063727406	2004	4	27	5	0	0.011
70063727406	2004	4	27	6	0	0.023
70063727406	2004	4	27	7	0	0.022
70063727406	2004	4	27	8	0	0.034
70063727406	2004	4	27	9	0	0.045
70063727406	2004	4	27	10	0	0.056
70063727406	2004	4	27	11	0	0.056
70063727406	2004	4	27	12	0	0.045
70063727406	2004	4	27	13	0	0.034
70063727406	2004	4	27	14	0	0.045
70063727406	2004	4	27	15	0	0.033
70063727406	2004	4	27	16	0	0.056
70063727406	2004	4	27	17	0	0.034
70063727406	2004	4	27	18	0	0.045
70063727406	2004	4	28	4	0	0.011
70063727406	2004	4	28	8	0	0.028
70063727406	2004	4	28	9	0	0.047
70063727406	2004	4	28	10	0	0.018
70063727406	2004	4	28	11	0	0.011
70063727406	2004	4	28	12	0	0.010
70063727406	2004	4	28	13	0	0.018
70063727406	2004	4	28	14	0	0.018
70063727406	2004	4	28	16	0	0.011
70063727406	2004	4	28	17	0	0.011
70063727406	2004	4	28	21	0	0.010
70063727406	2004	4	28	22	0	0.029
70063727406	2004	4	28	23	0	0.018
70063727406	2004	5	6	3	0	0.010
70063727406	2004	5	23	17	0	0.003
70063727406	2004	5	23	18	0	0.003
70063727406	2004	5	23	19	0	0.008
70063727406	2004	5	23	20	0	0.003
70063727406	2004	5	23	21	0	0.003
70063727406	2004	5	24	15	0	0.007
70063727406	2004	5	24	19	0	0.023
70063727406	2004	6	17	7	0	0.008
70063727406	2004	6	17	15	0	0.009
70063727406	2004	6	17	16	0	0.016
70063727406	2004	6	17	17	0	0.042
70063727406	2004	6	17	18	0	0.008
70063727406	2004	6	17	23	0	0.017
70063727406	2004	6	18	17	0	0.013
70063727406	2004	6	18	18	0	0.042
70063727406	2004	6	18	19	0	0.043
70063727406	2004	6	18	20	0	0.042
70063727406	2004	6	20	7	0	0.036
70063727406	2004	6	20	22	0	0.098
70063727406	2004	6	20	23	0	0.036
70063727406	2004	6	21	1	0	0.010
70063727406	2004	6	21	2	0	0.010
70063727406	2004	6	21	7	0	0.010
70063727406	2004	6	22	24	0	0.037
70063727406	2004	6	23	1	0	0.012
70063727406	2004	6	23	2	0	0.049
70063727406	2004	6	23	3	0	0.037
70063727406	2004	6	23	20	0	0.013
70063727406	2004	6	23	21	0	0.012
70063727406	2004	6	24	11	0	0.010
70063727406	2004	6	24	12	0	0.010
70063727406	2004	6	25	3	0	0.016
70063727406	2004	6	25	4	0	0.017
70063727406	2004	6	25	9	0	0.027
70063727406	2004	6	26	8	0	0.020
70063727406	2004	6	26	9	0	0.020
70063727406	2004	6	26	10	0	0.020
70063727406	2004	6	26	22	0	0.020
70063727406	2004	7	5	1	0	0.007
70063727406	2004	7	5	2	0	0.023
70063727406	2004	7	5	3	0	0.023
70063727406	2004	7	5	4	0	0.019
70063727406	2004	7	5	5	0	0.018
70063727406	2004	7	5	6	0	0.012
70063727406	2004	7	5	7	0	0.023
70063727406	2004	7	5	8	0	0.041
70063727406	2004	7	5	10	0	0.007
70063727406	2004	7	5	11	0	0.012
70063727406	2004	7	5	12	0	0.007
70063727406	2004	7	5	15	0	0.011
70063727406	2004	7	5	16	0	0.007
70063727406	2004	7	6	7	0	0.100
70063727406	2004	7	8	5	0	0.020
70063727406	2004	7	9	11	0	0.040
70063727406	2004	7	9	17	0	0.040
70063727406	2004	7	10	16	0	0.010
70063727406	2004	7	10	17	0	0.030
70063727406	2004	7	11	2	0	0.006
70063727406	2004	7	11	8	0	0.011
70063727406	2004	7	11	9	0	0.006
70063727406	2004	7	11	15	0	0.011
70063727406	2004	7	11	16	0	0.006
70063727406	2004	7	12	4	0	0.020
70063727406	2004	7	19	1	0	0.010
70063727406	2004	7	19	19	0	0.030
70063727406	2004	7	27	2	0	0.013
70063727406	2004	7	27	8	0	0.007
70063727406	2004	7	28	18	0	0.020
70063727406	2004	7	30	5	0	0.016
70063727406	2004	7	30	6	0	0.076
70063727406	2004	7	30	7	0	0.112
70063727406	2004	7	30	8	0	0.030
70063727406	2004	7	30	9	0	0.006
70063727406	2004	7	31	1	0	0.013
70063727406	2004	7	31	16	0	0.057
70063727406	2004	7	31	24	0	0.015
70063727406	2004	8	1	1	0	0.015
70063727406	2004	8	1	2	0	0.015
70063727406	2004	8	1	3	0	0.044
70063727406	2004	8	1	4	0	0.060
70063727406	2004	8	1	5	0	0.053
70063727406	2004	8	1	6	0	0.009
70063727406	2004	8	1	8	0	0.039
70063727406	2004	8	2	6	0	0.028
70063727406	2004	8	2	7	0	0.018
70063727406	2004	8	2	8	0	0.063
70063727406	2004	8	2	9	0	0.011
70063727406	2004	8	3	18	0	0.010
70063727406	2004	8	3	19	0	0.010
70063727406	2004	8	3	20	0	0.010
70063727406	2004	8	9	8	0	0.005
70063727406	2004	8	9	9	0	0.005
70063727406	2004	8	13	16	0	0.024
70063727406	2004	8	13	17	0	0.049
70063727406	2004	8	13	19	0	0.061
70063727406	2004	8	13	20	0	0.097
70063727406	2004	8	13	21	0	0.037
70063727406	2004	8	13	22	0	0.012
70063727406	2004	8	29	5	0	0.014
70063727406	2004	8	29	6	0	0.081
70063727406	2004	8	29	7	0	0.081
70063727406	2004	8	29	16	0	0.014
70063727406	2004	8	30	24	0	0.084
70063727406	2004	8	31	1	0	0.111
70063727406	2004	8	31	2	0	0.084
70063727406	2004	8	31	3	0	0.069
70063727406	2004	8	31	4	0	0.042
70063727406	2004	8	31	24	0	0.012
70063727406	2004	9	1	2	0	0.012
70063727406	2004	9	1	3	0	0.031
70063727406	2004	9	1	4	0	0.032
70063727406	2004	9	1	5	0	0.019
70063727406	2004	9	1	6	0	0.012
70063727406	2004	9	1	14	0	0.012
70063727406	2004	9	1	24	0	0.015
70063727406	2004	9	2	1	0	0.022
70063727406	2004	9	2	2	0	0.008
70063727406	2004	9	2	14	0	0.015
70063727406	2004	9	3	3	0	0.025
70063727406	2004	9	3	4	0	0.015
70063727406	2004	9	4	19	0	0.020
70063727406	2004	9	4	23	0	0.020
70063727406	2004	9	7	4	0	0.010
70063727406	2004	9	8	13	0	0.110
70063727406	2004	9	9	9	0	0.022
70063727406	2004	9	9	11	0	0.008
70063727406	2004	9	10	17	0	0.010
70063727406	2004	9	14	13	0	0.010
70063727406	2004	9	26	3	0	0.006
70063727406	2004	9	26	6	0	0.006
70063727406	2004	9	26	8	0	0.018
70063727406	2004	9	28	24	0	0.001
70063727406	2004	9	29	5	0	0.002
70063727406	2004	9	29	7	0	0.001
70063727406	2004	9	29	9	0	0.002
70063727406	2004	9	29	10	0	0.007
70063727406	2004	9	29	11	0	0.002
70063727406	2004	9	29	12	0	0.001
70063727406	2004	9	29	14	0	0.005
70063727406	2004	9	29	15	0	0.002
70063727406	2004	9	29	19	0	0.004
70063727406	2004	9	29	20	0	0.001
70063727406	2004	9	29	22	0	0.002
70063727406	2004	10	5	6	0	0.011
70063727406	2004	10	5	7	0	0.012
70063727406	2004	10	5	10	0	0.011
70063727406	2004	10	5	16	0	0.012
70063727406	2004	10	5	17	0	0.011
70063727406	2004	10	5	18	0	0.012
70063727406	2004	10	5	19	0	0.011
70063727406	2004	10	10	24	0	0.010
70063727406	2004	10	19	7	0	0.010
70063727406	2004	10	19	11	0	0.020
70063727406	2004	10	24	24	0	0.010
70063727406	2004	10	25	1	0	0.010
70063727406	2004	11	1	24	0	0.005
70063727406	2004	11	2	1	0	0.005
70063727406	2004	11	2	3	0	0.005
70063727406	2004	11	2	4	0	0.005
70063727406	2004	11	3	15	0	0.010
70063727406	2004	11	28	8	0	0.010
70063727406	2004	11	28	9	0	0.010
70063727406	2004	12	22	18	0	0.010
70063727406	2004	12	23	5	0	0.020
70063727406	2005	1	3	12	0	0.003
70063727406	2005	1	3	15	0	0.004
70063727406	2005	1	3	18	0	0.003
70063727406	2005	1	5	13	0	0.006
70063727406	2005	1	5	16	0	0.011
70063727406	2005	1	5	17	0	0.005
70063727406	2005	1	5	18	0	0.011
70063727406	2005	1	5	19	0	0.011
70063727406	2005	1	5	20	0	0.006
70063727406	2005	1	6	2	0	0.009
70063727406	2005	1	6	3	0	0.009
70063727406	2005	1	6	4	0	0.009
70063727406	2005	1	6	5	0	0.018
70063727406	2005	1	6	6	0	0.019
70063727406	2005	1	6	7	0	0.027
70063727406	2005	1	6	8	0	0.009
70063727406	2005	1	8	2	0	0.011
70063727406	2005	1	8	3	0	0.049
70063727406	2005	1	8	4	0	0.030
70063727406	2005	1	8	13	0	0.049
70063727406	2005	1	8	14	0	0.011
70063727406	2005	2	1	7	0	0.003
70063727406	2005	2	1	8	0	0.007
70063727406	2005	2	1	9	0	0.009
70063727406	2005	2	1	10	0	0.003
70063727406	2005	2	1	11	0	0.002
70063727406	2005	2	1	12	0	0.002
70063727406	2005	2	1	17	0	0.002
70063727406	2005	2	1	18	0	0.002
70063727406	2005	2	2	2	0	0.010
70063727406	2005	2	21	9	0	0.010
70063727406	2005	5	15	4	0	0.007
70063727406	2005	5	15	5	0	0.003
70063727406	2005	5	16	3	0	0.020
70063727406	2005	5	18	6	0	0.007
70063727406	2005	5	18	16	0	0.013
70063727406	2005	5	18	18	0	0.013
70063727406	2005	5	18	22	0	0.007
70063727406	2005	5	19	0	0	0.042
70063727406	2005	5	19	3	0	0.042
70063727406	2005	5	19	12	0	0.042
70063727406	2005	5	19	17	0	0.042
70063727406	2005	5	19	18	0	0.042
70063727406	2005	6	7	15	0	0.010
70063727406	2005	6	7	16	0	0.020
70063727406	2005	7	2	12	0	0.018
70063727406	2005	7	2	20	0	0.018
70063727406	2005	7	2	21	0	0.044
70063727406	2005	7	5	17	0	0.112
70063727406	2005	7	5	22	0	0.113
70063727406	2005	7	5	23	0	0.225
70063727406	2005	7	6	5	0	0.070
70063727406	2005	7	8	4	0	0.037
70063727406	2005	7	8	5	0	0.056
70063727406	2005	7	8	6	0	0.037
70063727406	2005	7	9	22	0	0.015
70063727406	2005	7	9	23	0	0.005
70063727406	2005	7	9	24	0	0.041
70063727406	2005	7	10	1	0	0.021
70063727406	2005	7	10	2	0	0.031
70063727406	2005	7	10	5	0	0.020
70063727406	2005	7	10	6	0	0.011
70063727406	2005	7	10	7	0	0.154
70063727406	2005	7	10	8	0	0.010
70063727406	2005	7	10	21	0	0.041
70063727406	2005	7	10	22	0	0.021
70063727406	2005	7	11	4	0	0.005
70063727406	2005	7	11	7	0	0.005
70063727406	2005	7	12	14	0	0.040
70063727406	2005	7	12	23	0	0.040
70063727406	2005	8	4	24	0	0.010
70063727406	2005	8	5	24	0	0.005
70063727406	2005	8	6	1	0	0.005
70063727406	2005	8	7	8	0	0.014
70063727406	2005	8	7	20	0	0.022
70063727406	2005	8	7	22	0	0.014
70063727406	2005	8	8	12	0	0.003
70063727406	2005	8	8	13	0	0.004
70063727406	2005	8	8	14	0	0.006
70063727406	2005	8	8	15	0	0.003
70063727406	2005	8	8	16	0	0.016
70063727406	2005	8	8	17	0	0.013
70063727406	2005	8	8	18	0	0.009
70063727406	2005	8	8	19	0	0.001
70063727406	2005	8	8	20	0	0.008
70063727406	2005	8	8	21	0	0.004
70063727406	2005	8	8	22	0	0.009
70063727406	2005	8	8	23	0	0.014
70063727406	2005	8	8	24	0	0.061
70063727406	2005	8	9	1	0	0.039
70063727406	2005	8	9	2	0	0.153
70063727406	2005	8	9	8	0	0.023
70063727406	2005	8	9	21	0	0.023
70063727406	2005	8	9	22	0	0.023
70063727406	2005	8	9	23	0	0.038
70063727406	2005	8	12	7	0	0.010
70063727406	2005	8	16	7	0	0.010
70063727406	2005	8	17	4	0	0.003
70063727406	2005	8	17	20	0	0.017
70063727406	2005	8	17	23	0	0.010
70063727406	2005	8	25	13	0	0.015
70063727406	2005	8	25	17	0	0.025
70063727406	2005	8	26	23	0	0.010
70063727406	2005	8	31	8	0	0.020
70063727406	2005	9	1	24	0	0.014
70063727406	2005	9	2	3	0	0.028
70063727406	2005	9	2	4	0	0.014
70063727406	2005	9	2	15	0	0.014
70063727406	2005	9	3	8	0	0.002
70063727406	2005	9	3	9	0	0.004
70063727406	2005	9	3	10	0	0.002
70063727406	2005	9	3	11	0	0.002
70063727406	2005	9	13	8	0	0.010
70063727406	2005	9	14	6	0	0.005
70063727406	2005	9	14	8	0	0.005
70063727406	2005	9	14	12	0	0.010
70063727406	2005	9	21	12	0	0.005
70063727406	2005	9	21	13	0	0.005
70063727406	2005	9	23	15	0	0.080
70063727406	2005	9	23	16	0	0.010
70063727406	2005	9	23	17	0	0.040
70063727406	2005	9	23	23	0	0.020
70063727406	2005	10	18	23	0	0.020
70063727406	2005	10	18	24	0	0.030
70063727406	2005	11	2	23	0	0.020
70063727406	2005	11	24	7	0	0.010
70063727406	2005	11	24	9	0	0.010
70063727406	2005	11	25	3	0	0.010
70063727406	2005	12	8	6	0	0.004
70063727406	2005	12	8	7	0	0.002
70063727406	2005	12	8	8	0	0.004
70063727406	2005	12	10	8	0	0.010
70063727406	2006	1	24	14	0	0.020
70063727406	2006	2	19	2	0	0.032
70063727406	2006	2	19	3	0	0.008
70063727406	2006	5	1	1	0	0.015
70063727406	2006	5	1	2	0	0.025
70063727406	2006	5	9	5	0	0.005
70063727406	2006	5	9	7	0	0.010
70063727406	2006	5	9	8	0	0.005
70063727406	2006	5	11	1	0	0.013
70063727406	2006	5	11	16	0	0.007
70063727406	2006	5	12	16	0	0.010
70063727406	2006	5	21	4	0	0.010
70063727406	2006	5	22	14	0	0.030
70063727406	2006	5	26	23	0	0.060
70063727406	2006	5	31	0	0	0.005
70063727406	2006	5	31	6	0	0.005
70063727406	2006	5	31	7	0	0.008
70063727406	2006	5	31	22	0	0.009
70063727406	2006	5	31	23	0	0.013
70063727406	2006	6	2	1	0	0.011
70063727406	2006	6	2	2	0	0.006
70063727406	2006	6	2	3	0	0.007
70063727406	2006	6	2	4	0	0.006
70063727406	2006	6	3	2	0	0.020
70063727406	2006	6	3	3	0	0.010
70063727406	2006	6	6	6	0	0.004
70063727406	2006	6	6	7	0	0.007
70063727406	2006	6	6	9	0	0.004
70063727406	2006	6	6	10	0	0.007
70063727406	2006	6	6	11	0	0.011
70063727406	2006	6	6	12	0	0.007
70063727406	2006	6	7	1	0	0.014
70063727406	2006	6	7	3	0	0.015
70063727406	2006	6	7	6	0	0.014
70063727406	2006	6	7	8	0	0.014
70063727406	2006	6	7	10	0	0.014
70063727406	2006	6	7	22	0	0.029
70063727406	2006	6	10	12	0	0.009
70063727406	2006	6	10	13	0	0.052
70063727406	2006	6	10	14	0	0.009
70063727406	2006	6	11	15	0	0.010
70063727406	2006	6	12	4	0	0.010
70063727406	2006	6	12	5	0	0.010
70063727406	2006	6	14	0	0	0.009
70063727406	2006	6	14	3	0	0.009
70063727406	2006	6	14	4	0	0.009
70063727406	2006	6	14	5	0	0.010
70063727406	2006	6	14	6	0	0.082
70063727406	2006	6	14	7	0	0.073
70063727406	2006	6	14	8	0	0.019
70063727406	2006	6	14	20	0	0.009
70063727406	2006	6	20	1	0	0.059
70063727406	2006	6	20	2	0	0.059
70063727406	2006	6	20	3	0	0.158
70063727406	2006	6	20	4	0	0.060
70063727406	2006	6	20	5	0	0.197
70063727406	2006	6	20	7	0	0.059
70063727406	2006	6	20	10	0	0.158
70063727406	2006	6	21	0	0	0.020
70063727406	2006	6	21	15	0	0.020
70063727406	2006	6	22	2	0	0.050
70063727406	2006	6	23	4	0	0.015
70063727406	2006	6	23	7	0	0.015
70063727406	2006	6	28	4	0	0.010
70063727406	2006	6	28	5	0	0.010
70063727406	2006	6	29	2	0	0.011
70063727406	2006	6	29	3	0	0.010
70063727406	2006	6	29	7	0	0.011
70063727406	2006	6	29	8	0	0.028
70063727406	2006	6	30	8	0	0.025
70063727406	2006	6	30	9	0	0.049
70063727406	2006	6	30	10	0	0.049
70063727406	2006	6	30	11	0	0.025
70063727406	2006	6	30	15	0	0.012
70063727406	2006	7	1	0	0	0.095
70063727406	2006	7	1	2	0	0.058
70063727406	2006	7	1	3	0	0.057
70063727406	2006	7	2	21	0	0.050
70063727406	2006	7	13	2	0	0.010
70063727406	2006	7	13	5	0	0.010
70063727406	2006	7	13	10	0	0.010
70063727406	2006	7	13	11	0	0.010
70063727406	2006	7	14	4	0	0.026
70063727406	2006	7	14	15	0	0.009
70063727406	2006	7	14	16	0	0.009
70063727406	2006	7	14	17	0	0.017
70063727406	2006	7	14	18	0	0.009
70063727406	2006	7	15	2	0	0.023
70063727406	2006	7	15	3	0	0.014
70063727406	2006	7	15	4	0	0.014
70063727406	2006	7	15	5	0	0.047
70063727406	2006	7	15	6	0	0.038
70063727406	2006	7	15	7	0	0.060
70063727406	2006	7	15	8	0	0.014
70063727406	2006	7	15	9	0	0.024
70063727406	2006	7	15	17	0	0.014
70063727406	2006	7	15	18	0	0.014
70063727406	2006	7	15	21	0	0.014
70063727406	2006	7	15	23	0	0.014
70063727406	2006	7	16	0	0	0.009
70063727406	2006	7	16	3	0	0.018
70063727406	2006	7	16	4	0	0.035
70063727406	2006	7	16	5	0	0.018
70063727406	2006	7	17	5	0	0.023
70063727406	2006	7	17	6	0	0.013
70063727406	2006	7	17	7	0	0.014
70063727406	2006	7	18	10	0	0.011
70063727406	2006	7	18	13	0	0.010
70063727406	2006	7	18	17	0	0.011
70063727406	2006	7	18	23	0	0.028
70063727406	2006	7	19	3	0	0.006
70063727406	2006	7	19	4	0	0.018
70063727406	2006	7	19	5	0	0.006
70063727406	2006	7	19	6	0	0.011
70063727406	2006	7	19	7	0	0.022
70063727406	2006	7	19	8	0	0.017
70063727406	2006	7	19	9	0	0.011
70063727406	2006	7	19	10	0	0.006
70063727406	2006	7	19	11	0	0.007
70063727406	2006	7	19	16	0	0.032
70063727406	2006	7	19	17	0	0.033
70063727406	2006	7	19	18	0	0.006
70063727406	2006	7	19	19	0	0.007
70063727406	2006	7	19	23	0	0.028
70063727406	2006	7	19	24	0	0.010
70063727406	2006	7	20	1	0	0.015
70063727406	2006	7	20	2	0	0.013
70063727406	2006	7	20	3	0	0.013
70063727406	2006	7	20	4	0	0.006
70063727406	2006	7	20	5	0	0.014
70063727406	2006	7	20	6	0	0.014
70063727406	2006	7	20	7	0	0.003
70063727406	2006	7	20	18	0	0.002
70063727406	2006	7	20	19	0	0.010
70063727406	2006	7	20	20	0	0.022
70063727406	2006	7	20	21	0	0.017
70063727406	2006	7	20	22	0	0.011
70063727406	2006	7	20	24	0	0.045
70063727406	2006	7	21	1	0	0.044
70063727406	2006	7	21	2	0	0.032
70063727406	2006	7	21	3	0	0.025
70063727406	2006	7	21	4	0	0.025
70063727406	2006	7	21	5	0	0.020
70063727406	2006	7	21	6	0	0.024
70063727406	2006	7	21	7	0	0.013
70063727406	2006	7	21	11	0	0.007
70063727406	2006	7	21	12	0	0.008
70063727406	2006	7	21	13	0	0.007
70063727406	2006	7	23	5	0	0.014
70063727406	2006	7	23	6	0	0.027
70063727406	2006	7	23	11	0	0.041
70063727406	2006	7	23	12	0	0.008
70063727406	2006	7	26	3	0	0.060
70063727406	2006	7	29	6	0	0.020
70063727406	2006	7	30	10	0	0.010
70063727406	2006	7	31	1	0	0.011
70063727406	2006	7	31	3	0	0.010
70063727406	2006	7	31	4	0	0.011
70063727406	2006	7	31	5	0	0.018
70063727406	2006	8	1	1	0	0.018
70063727406	2006	8	1	2	0	0.009
70063727406	2006	8	1	3	0	0.027
70063727406	2006	8	1	9	0	0.009
70063727406	2006	8	1	10	0	0.027
70063727406	2006	8	3	3	0	0.005
70063727406	2006	8	3	4	0	0.005
70063727406	2006	8	7	15	0	0.160
70063727406	2006	8	7	16	0	0.013
70063727406	2006	8	7	23	0	0.067
70063727406	2006	8	8	8	0	0.020
70063727406	2006	8	8	9	0	0.020
70063727406	2006	8	8	23	0	0.010
70063727406	2006	8	15	23	0	0.020
70063727406	2006	8	16	1	0	0.013
70063727406	2006	8	16	2	0	0.013
70063727406	2006	8	16	3	0	0.013
70063727406	2006	8	16	4	0	0.012
70063727406	2006	8	16	7	0	0.013
70063727406	2006	8	16	10	0	0.013
70063727406	2006	8	16	14	0	0.013
70063727406	2006	8	19	16	0	0.080
70063727406	2006	8	20	13	0	0.018
70063727406	2006	8	20	14	0	0.052
70063727406	2006	8	22	2	0	0.019
70063727406	2006	8	22	3	0	0.019
70063727406	2006	8	22	4	0	0.019
70063727406	2006	8	22	5	0	0.011
70063727406	2006	8	22	7	0	0.019
70063727406	2006	8	22	8	0	0.011
70063727406	2006	8	22	9	0	0.057
70063727406	2006	8	22	10	0	0.056
70063727406	2006	8	22	11	0	0.019
70063727406	2006	8	23	0	0	0.030
70063727406	2006	8	23	2	0	0.010
70063727406	2006	8	23	15	0	0.050
70063727406	2006	9	17	10	0	0.020
70063727406	2006	9	25	9	0	0.010
70063727406	2006	10	4	2	0	0.022
70063727406	2006	10	4	16	0	0.008
70063727406	2006	10	4	24	0	0.007
70063727406	2006	10	5	1	0	0.013
70063727406	2006	10	5	5	0	0.007
70063727406	2006	10	5	7	0	0.006
70063727406	2006	10	5	8	0	0.014
70063727406	2006	10	5	10	0	0.006
70063727406	2006	10	5	12	0	0.007
70063727406	2006	10	11	18	0	0.050
70063727406	2006	10	11	19	0	0.020
70063727406	2006	10	22	24	0	0.015
70063727406	2006	10	23	1	0	0.005
70063727406	2006	10	23	2	0	0.024
70063727406	2006	10	23	3	0	0.006
70063727406	2006	11	2	6	0	0.006
70063727406	2006	11	2	17	0	0.010
70063727406	2006	11	2	21	0	0.004
70063727406	2006	11	13	10	0	0.020
70063727406	2006	11	13	12	0	0.010
70063727406	2006	12	22	5	0	0.030
70063727406	2006	12	27	19	0	0.005
70063727406	2006	12	27	20	0	0.005
70063727406	2006	12	30	24	0	0.019
70063727406	2006	12	31	1	0	0.011
70063727406	2007	1	10	10	0	0.01
70063727406	2007	1	22	18	0	0.01
70063727406	2007	2	1	0	0	0.01
70063727406	2007	2	6	0	0	0.01
70063727406	2007	2	25	14	0	0.01
70063727406	2007	2	26	13	0	0.01
70063727406	2007	3	26	22	0	0.01
70063727406	2007	3	27	10	0	0.02
70063727406	2007	4	3	22	0	0.01
70063727406	2007	4	24	2	0	0.01
70063727406	2007	4	26	16	0	0.01
70063727406	2007	4	26	21	0	0.01
70063727406	2007	4	27	4	0	0.02
70063727406	2007	5	6	11	0	0.01
70063727406	2007	5	6	12	0	0.02
70063727406	2007	5	6	13	0	0.01
70063727406	2007	5	6	14	0	0.01
70063727406	2007	5	6	15	0	0.01
70063727406	2007	5	6	16	0	0.01
70063727406	2007	5	6	17	0	0.01
70063727406	2007	5	7	1	0	0.01
70063727406	2007	5	7	3	0	0.01
70063727406	2007	5	27	19	0	0.01
70063727406	2007	6	23	3	0	0.01
70063727406	2007	6	23	4	0	0.03
70063727406	2007	7	19	8	0	0.01
70063727406	2007	7	19	9	0	0.01
70063727406	2007	7	19	12	0	0.01
70063727406	2007	7	19	18	0	0.01
70063727406	2007	7	19	19	0	0.02
70063727406	2007	7	19	23	0	0.01
70063727406	2007	8	6	7	0	0.01
70063727406	2007	8	6	10	0	0.01
70063727406	2007	8	6	14	0	0.01
70063727406	2007	8	14	4	0	0.01
70063727406	2007	8	14	5	0	0.05
70063727406	2007	8	14	7	0	0.01
70063727406	2007	8	14	10	0	0.01
70063727406	2007	8	14	18	0	0.05
70063727406	2007	8	14	19	0	0.04
70063727406	2007	8	14	20	0	0.04
70063727406	2007	8	14	22	0	0.01
70063727406	2007	8	15	2	0	0.01
70063727406	2007	8	16	10	0	0.01
70063727406	2007	9	11	7	0	0.002
70063727406	2007	9	11	18	0	0.002
70063727406	2007	9	12	1	0	0.006
70063727406	2007	10	3	17	0	0.01
70063727406	2007	10	18	19	0	0.01
70063727406	2007	10	19	2	0	0.01
70063727406	2007	10	22	3	0	0.01
70063727406	2007	10	25	2	0	0.01
70063727406	2007	11	1	10	0	0.01
70063727406	2007	11	6	3	0	0.01
70063727406	2007	11	6	8	0	0.01
70063727406	2007	11	6	15	0	0.01
70063727406	2007	11	15	0	0	0.01
70063727406	2007	11	15	6	0	0.01
70063727406	2007	11	23	20	0	0.01
70063727406	2007	12	4	19	0	0.02
70063727406	2007	12	23	17	0	0.01
70063727406	2007	12	26	7	0	0.01
70063727406	2008	1	17	12	0	0.02
70063727406	2008	1	17	13	0	0.02
70063727406	2008	1	23	8	0	0.02
70063727406	2008	1	23	9	0	0.01
70063727406	2008	1	23	11	0	0.1
70063727406	2008	1	23	12	0	0.09
70063727406	2008	1	23	13	0	0.01
70063727406	2008	1	23	14	0	0.01
70063727406	2008	2	13	12	0	0.01
70063727406	2008	2	21	3	0	0.01
70063727406	2008	2	22	12	0	0.01
70063727406	2008	2	22	13	0	0.01
70063727406	2008	3	5	23	0	0.01
70063727406	2008	4	3	7	0	0.01
70063727406	2008	4	25	6	0	0.01
70063727406	2008	4	25	7	0	0.01
70063727406	2008	4	25	10	0	0.01
70063727406	2008	4	25	11	0	0.01
70063727406	2008	4	25	12	0	0.01
70063727406	2008	4	25	13	0	0.02
70063727406	2008	4	25	23	0	0.01
70063727406	2008	4	26	1	0	0.01
70063727406	2008	4	29	12	0	0.01
70063727406	2008	5	14	19	0	0.02
70063727406	2008	5	14	20	0	0.01
70063727406	2008	5	16	17	0	0.01
70063727406	2008	5	25	13	0	0.01
70063727406	2008	5	25	14	0	0.04
70063727406	2008	5	25	15	0	0.08
70063727406	2008	5	25	16	0	0.06
70063727406	2008	5	25	17	0	0.1
70063727406	2008	5	25	18	0	0.11
70063727406	2008	5	25	19	0	0.15
70063727406	2008	5	25	20	0	0.06
70063727406	2008	5	25	21	0	0.07
70063727406	2008	5	25	22	0	0.04
70063727406	2008	5	25	23	0	0.02
70063727406	2008	6	3	5	0	0.01
70063727406	2008	6	3	6	0	0.01
70063727406	2008	6	5	4	0	0.02
70063727406	2008	6	5	5	0	0.04
70063727406	2008	6	5	6	0	0.03
70063727406	2008	6	5	7	0	0.01
70063727406	2008	6	5	21	0	0.02
70063727406	2008	6	5	22	0	0.06
70063727406	2008	6	5	23	0	0.04
70063727406	2008	6	6	0	0	0.01
70063727406	2008	6	16	3	0	0.01
70063727406	2008	6	16	6	0	0.01
70063727406	2008	6	18	7	0	0.01
70063727406	2008	6	18	8	0	0.01
70063727406	2008	6	18	9	0	0.01
70063727406	2008	6	18	12	0	0.01
70063727406	2008	6	18	13	0	0.01
70063727406	2008	6	26	10	0	0.01
70063727406	2008	7	9	7	0	0.46
70063727406	2008	7	9	8	0	0.11
70063727406	2008	7	16	22	0	0.01
70063727406	2008	7	16	23	0	0.01
70063727406	2008	7	17	0	0	0.02
70063727406	2008	7	17	1	0	0.01
70063727406	2008	7	17	2	0	0.02
70063727406	2008	7	17	3	0	0.01
70063727406	2008	7	17	4	0	0.03
70063727406	2008	7	17	5	0	0.02
70063727406	2008	7	17	6	0	0.01
70063727406	2008	7	17	7	0	0.05
70063727406	2008	7	17	8	0	0.01
70063727406	2008	7	17	9	0	0.03
70063727406	2008	7	17	10	0	0.03
70063727406	2008	7	17	11	0	0.01
70063727406	2008	7	17	12	0	0.01
70063727406	2008	7	17	13	0	0.03
70063727406	2008	7	17	14	0	0.03
70063727406	2008	7	17	15	0	0.02
70063727406	2008	7	17	16	0	0.02
70063727406	2008	7	17	17	0	0.02
70063727406	2008	7	22	5	0	0.01
70063727406	2008	7	22	6	0	0.01
70063727406	2008	7	22	10	0	0.01
70063727406	2008	7	23	16	0	0.02
70063727406	2008	7	23	20	0	0.01
70063727406	2008	7	29	23	0	0.01
70063727406	2008	7	30	0	0	0.02
70063727406	2008	7	30	1	0	0.05
70063727406	2008	7	30	2	0	0.05
70063727406	2008	7	30	3	0	0.04
70063727406	2008	7	30	4	0	0.06
70063727406	2008	7	30	5	0	0.08
70063727406	2008	7	30	6	0	0.04
70063727406	2008	7	30	7	0	0.02
70063727406	2008	7	30	8	0	0.01
70063727406	2008	7	30	12	0	0.01
70063727406	2008	7	30	20	0	0.01
70063727406	2008	7	31	11	0	0.01
70063727406	2008	7	31	12	0	0.01
70063727406	2008	8	1	4	0	0.01
70063727406	2008	8	1	5	0	0.01
70063727406	2008	8	1	6	0	0.01
70063727406	2008	8	1	7	0	0.01
70063727406	2008	8	1	8	0	0.01
70063727406	2008	8	1	10	0	0.01
70063727406	2008	8	1	11	0	0.01
70063727406	2008	8	1	12	0	0.01
70063727406	2008	8	1	14	0	0.01
70063727406	2008	8	1	15	0	0.01
70063727406	2008	8	2	7	0	0.01
70063727406	2008	8	2	18	0	0.03
70063727406	2008	8	2	19	0	0.02
70063727406	2008	8	2	20	0	0.04
70063727406	2008	8	2	21	0	0.03
70063727406	2008	8	2	22	0	0.01
70063727406	2008	8	3	18	0	0.01
70063727406	2008	8	3	19	0	0.02
70063727406	2008	8	3	20	0	0.01
70063727406	2008	8	3	22	0	0.01
70063727406	2008	8	4	14	0	0.01
70063727406	2008	8	4	15	0	0.01
70063727406	2008	8	4	16	0	0.01
70063727406	2008	8	4	17	0	0.03
70063727406	2008	8	4	18	0	0.04
70063727406	2008	8	4	19	0	0.03
70063727406	2008	8	4	20	0	0.03
70063727406	2008	8	4	21	0	0.02
70063727406	2008	8	5	0	0	0.01
70063727406	2008	8	5	3	0	0.05
70063727406	2008	8	5	5	0	0.02
70063727406	2008	8	7	10	0	0.01
70063727406	2008	8	7	11	0	0.01
70063727406	2008	8	7	12	0	0.01
70063727406	2008	8	7	17	0	0.01
70063727406	2008	8	7	18	0	0.01
70063727406	2008	8	8	4	0	0.01
70063727406	2008	8	8	6	0	0.01
70063727406	2008	8	8	8	0	0.01
70063727406	2008	8	27	17	0	0.01
70063727406	2008	8	29	7	0	0.01
70063727406	2008	9	11	2	0	0.01
70063727406	2008	9	12	21	0	0.02
70063727406	2008	9	21	17	0	0.01
70063727406	2008	9	21	23	0	0.01
70063727406	2008	9	22	21	0	0.01
70063727406	2008	9	22	23	0	0.001
70063727406	2008	9	23	0	0	0.01
70063727406	2008	9	23	1	0	0.01
70063727406	2008	9	25	17	0	0.01
70063727406	2008	9	28	14	0	0.01
70063727406	2008	9	28	16	0	0.05
70063727406	2008	10	2	2	0	0.01
70063727406	2008	10	3	16	0	0.01
70063727406	2008	10	4	6	0	0.01
70063727406	2008	10	4	11	0	0.01
70063727406	2008	10	6	10	0	0.01
70063727406	2008	10	6	12	0	0.01
70063727406	2008	10	6	18	0	0.01
70063727406	2008	10	11	5	0	0.01
70063727406	2008	10	11	6	0	0.01
70063727406	2008	10	11	7	0	0.01
70063727406	2008	10	11	12	0	0.01
70063727406	2008	10	12	12	0	0.01
70063727406	2008	10	13	11	0	0.01
70063727406	2008	10	23	4	0	0.02
70063727406	2008	11	3	10	0	0.01
70063727406	2008	11	7	3	0	0.01
70063727406	2008	11	12	18	0	0.01
70063727406	2008	11	14	0	0	0.01
70063727406	2008	11	15	18	0	0.01
70063727406	2008	11	29	5	0	0.01
70063727406	2008	11	29	7	0	0.01
70063727406	2008	12	1	0	0	0.01
70063727406	2008	12	16	0	0	0.01
70063727406	2008	12	16	1	0	0.03
70063727406	2008	12	16	2	0	0.11
70063727406	2008	12	16	3	0	0.1
70063727406	2008	12	16	4	0	0.1
70063727406	2008	12	16	5	0	0.16
70063727406	2008	12	16	6	0	0.12
70063727406	2008	12	16	9	0	0.02
70063727406	2008	12	16	10	0	0.03
70063727406	2008	12	16	11	0	0.06
70063727406	2008	12	16	12	0	0.03
70063727406	2008	12	16	13	0	0.01
70063727406	2008	12	19	20	0	0.01
70063727406	2009	1	15	16	0	0.01
70063727406	2009	2	13	20	0	0.05
70063727406	2009	2	14	10	0	0.03
70063727406	2009	2	17	8	0	0.01
70063727406	2009	2	24	15	0	0.02
70063727406	2009	2	24	16	0	0.02
70063727406	2009	3	2	14	0	0.01
70063727406	2009	3	27	11	0	0.02
70063727406	2009	4	24	5	0	0.01
70063727406	2009	5	11	9	0	0.01
70063727406	2009	5	11	11	0	0.01
70063727406	2009	5	11	13	0	0.01
70063727406	2009	5	28	5	0	0.01
70063727406	2009	5	30	12	0	0.01
70063727406	2009	5	30	14	0	0.01
70063727406	2009	5	30	15	0	0.03
70063727406	2009	6	6	21	0	0.01
70063727406	2009	6	25	19	0	0.09
70063727406	2009	6	26	18	0	0.01
70063727406	2009	6	26	19	0	0.05
70063727406	2009	6	26	23	0	0.01
70063727406	2009	7	7	13	0	0.01
70063727406	2009	7	7	14	0	0.02
70063727406	2009	7	7	15	0	0.01
70063727406	2009	7	7	16	0	0.02
70063727406	2009	7	10	9	0	0.001
70063727406	2009	7	10	10	0	0.001
70063727406	2009	7	10	11	0	0.001
70063727406	2009	7	10	12	0	0.001
70063727406	2009	7	10	13	0	0.001
70063727406	2009	7	10	14	0	0.001
70063727406	2009	7	10	15	0	0.001
70063727406	2009	7	10	16	0	0.001
70063727406	2009	7	10	17	0	0.001
70063727406	2009	7	10	18	0	0.001
70063727406	2009	7	10	19	0	0.001
70063727406	2009	7	10	20	0	0.001
70063727406	2009	7	10	21	0	0.001
70063727406	2009	7	11	1	0	0.01
70063727406	2009	7	11	2	0	0.01
70063727406	2009	7	11	3	0	0.01
70063727406	2009	7	11	5	0	0.01
70063727406	2009	7	11	6	0	0.03
70063727406	2009	7	11	7	0	0.01
70063727406	2009	7	11	10	0	0.01
70063727406	2009	7	11	15	0	0.03
70063727406	2009	7	12	7	0	0.02
70063727406	2009	7	12	8	0	0.01
70063727406	2009	7	23	19	0	0.01
70063727406	2009	7	23	21	0	0.01
70063727406	2009	7	24	13	0	0.01
70063727406	2009	8	1	1	0	0.01
70063727406	2009	8	9	1	0	0.02
70063727406	2009	8	9	2	0	0.08
70063727406	2009	8	9	3	0	0.04
70063727406	2009	8	9	4	0	0.05
70063727406	2009	8	9	5	0	0.06
70063727406	2009	8	9	6	0	0.06
70063727406	2009	8	9	7	0	0.03
70063727406	2009	8	9	8	0	0.01
70063727406	2009	8	9	10	0	0.01
70063727406	2009	8	9	16	0	0.01
70063727406	2009	8	9	17	0	0.05
70063727406	2009	8	9	18	0	0.01
70063727406	2009	8	9	19	0	0.06
70063727406	2009	8	9	20	0	0.01
70063727406	2009	8	9	21	0	0.01
70063727406	2009	8	9	23	0	0.01
70063727406	2009	8	10	1	0	0.01
70063727406	2009	8	10	4	0	0.01
70063727406	2009	8	10	5	0	0.01
70063727406	2009	8	10	6	0	0.01
70063727406	2009	8	10	7	0	0.02
70063727406	2009	8	10	13	0	0.01
70063727406	2009	8	10	15	0	0.01
70063727406	2009	8	10	16	0	0.01
70063727406	2009	8	10	17	0	0.01
70063727406	2009	8	10	22	0	0.01
70063727406	2009	8	15	5	0	0.001
70063727406	2009	8	15	6	0	0.06
70063727406	2009	8	15	7	0	0.04
70063727406	2009	8	15	8	0	0.02
70063727406	2009	8	15	9	0	0.02
70063727406	2009	8	15	10	0	0.03
70063727406	2009	8	15	11	0	0.01
70063727406	2009	8	15	12	0	0.01
70063727406	2009	8	16	4	0	0.01
70063727406	2009	8	17	13	0	0.01
70063727406	2009	8	17	18	0	0.01
70063727406	2009	8	17	22	0	0.01
70063727406	2009	8	17	23	0	0.01
70063727406	2009	8	18	4	0	0.01
70063727406	2009	8	18	5	0	0.01
70063727406	2009	8	18	6	0	0.03
70063727406	2009	8	18	7	0	0.01
70063727406	2009	8	18	8	0	0.04
70063727406	2009	8	18	9	0	0.03
70063727406	2009	8	18	10	0	0.01
70063727406	2009	8	18	11	0	0.01
70063727406	2009	8	18	12	0	0.01
70063727406	2009	8	18	14	0	0.02
70063727406	2009	8	18	15	0	0.03
70063727406	2009	8	18	16	0	0.04
70063727406	2009	8	18	17	0	0.03
70063727406	2009	8	18	18	0	0.02
70063727406	2009	8	18	19	0	0.03
70063727406	2009	8	18	23	0	0.01
70063727406	2009	8	19	6	0	0.01
70063727406	2009	8	24	18	0	0.01
70063727406	2009	8	25	19	0	0.01
70063727406	2009	8	25	20	0	0.04
70063727406	2009	8	25	21	0	0.05
70063727406	2009	8	25	22	0	0.05
70063727406	2009	8	25	23	0	0.02
70063727406	2009	8	26	0	0	0.03
70063727406	2009	8	26	1	0	0.03
70063727406	2009	8	26	2	0	0.01
70063727406	2009	8	26	4	0	0.01
70063727406	2009	8	26	13	0	0.01
70063727406	2009	8	30	5	0	0.003
70063727406	2009	8	30	6	0	0.03
70063727406	2009	8	30	7	0	0.01
70063727406	2009	8	30	9	0	0.01
70063727406	2009	8	30	11	0	0.05
70063727406	2009	8	30	12	0	0.03
70063727406	2009	8	30	13	0	0.02
70063727406	2009	8	30	14	0	0.01
70063727406	2009	8	30	15	0	0.01
70063727406	2009	8	31	21	0	0.01
70063727406	2009	8	31	22	0	0.01
70063727406	2009	9	1	0	0	0.01
70063727406	2009	9	1	1	0	0.01
70063727406	2009	9	1	3	0	0.01
70063727406	2009	9	1	19	0	0.01
70063727406	2009	9	2	6	0	0.01
70063727406	2009	9	4	2	0	0.01
70063727406	2009	9	6	20	0	0.02
70063727406	2009	9	6	21	0	0.06
70063727406	2009	9	6	22	0	0.06
70063727406	2009	9	6	23	0	0.03
70063727406	2009	9	7	0	0	0.02
70063727406	2009	9	7	4	0	0.01
70063727406	2009	9	7	15	0	0.01
70063727406	2009	9	18	3	0	0.03
70063727406	2009	9	18	4	0	0.02
70063727406	2009	9	18	5	0	0.04
70063727406	2009	9	18	6	0	0.01
70063727406	2009	9	18	7	0	0.01
70063727406	2009	9	18	8	0	0.03
70063727406	2009	9	18	9	0	0.05
70063727406	2009	9	18	10	0	0.04
70063727406	2009	9	18	11	0	0.02
70063727406	2009	9	18	12	0	0.01
70063727406	2009	9	20	15	0	0.01
70063727406	2009	9	20	17	0	0.01
70063727406	2009	9	20	18	0	0.01
70063727406	2009	9	24	16	0	0.01
70063727406	2009	9	24	19	0	0.01
70063727406	2009	9	24	20	0	0.01
70063727406	2009	9	25	1	0	0.01
70063727406	2009	9	25	2	0	0.01
70063727406	2009	9	25	3	0	0.02
70063727406	2009	9	25	4	0	0.01
70063727406	2009	9	25	7	0	0.01
70063727406	2009	9	25	9	0	0.01
70063727406	2009	9	25	13	0	0.01
70063727406	2009	9	25	14	0	0.01
70063727406	2009	9	25	16	0	0.01
70063727406	2009	10	13	21	0	0.01
70063727406	2009	10	15	1	0	0.03
70063727406	2009	10	15	2	0	0.02
70063727406	2009	10	15	16	0	0.01
70063727406	2009	10	15	18	0	0.01
70063727406	2009	10	15	19	0	0.01
70063727406	2009	10	16	10	0	0.01
70063727406	2009	10	16	11	0	0.01
70063727406	2009	10	16	12	0	0.01
70063727406	2009	10	16	13	0	0.01
70063727406	2009	10	16	15	0	0.01
70063727406	2009	10	16	18	0	0.01
70063727406	2009	10	17	8	0	0.01
70063727406	2009	10	20	18	0	0.01
70063727406	2009	10	20	19	0	0.07
70063727406	2009	10	21	0	0	0.01
70063727406	2009	10	21	2	0	0.01
70063727406	2009	10	21	4	0	0.01
70063727406	2009	10	21	10	0	0.01
70063727406	2009	10	21	12	0	0.01
70063727406	2009	10	21	14	0	0.01
70063727406	2009	10	21	15	0	0.01
70063727406	2009	10	21	18	0	0.01
70063727406	2009	10	21	19	0	0.01
70063727406	2009	10	22	5	0	0.01
70063727406	2009	10	22	6	0	0.02
70063727406	2009	10	22	7	0	0.03
70063727406	2009	10	22	8	0	0.02
70063727406	2009	10	22	9	0	0.02
70063727406	2009	10	22	10	0	0.05
70063727406	2009	10	22	11	0	0.03
70063727406	2009	10	22	12	0	0.03
70063727406	2009	10	22	13	0	0.01
70063727406	2009	10	22	14	0	0.02
70063727406	2009	10	22	15	0	0.01
70063727406	2009	10	22	16	0	0.05
70063727406	2009	10	22	17	0	0.04
70063727406	2009	10	22	18	0	0.02
70063727406	2009	10	22	19	0	0.02
70063727406	2009	10	22	20	0	0.01
70063727406	2009	10	29	1	0	0.01
70063727406	2009	10	29	15	0	0.01
70063727406	2009	12	3	13	0	0.01
70063727406	2009	12	6	17	0	0.01
70063727406	2009	12	6	18	0	0.02
70063727406	2009	12	27	14	0	0.01
70063727406	2010	1	2	3	0	0.02
70063727406	2010	2	24	0	0	0.02
70063727406	2010	3	10	14	0	0.01
70063727406	2010	3	29	20	0	0.01
70063727406	2010	3	30	7	0	0.01
70063727406	2010	4	30	8	0	0.01
70063727406	2010	5	1	13	0	0.01
70063727406	2010	5	1	14	0	0.01
70063727406	2010	5	1	15	0	0.01
70063727406	2010	5	1	16	0	0.01
70063727406	2010	5	1	18	0	0.01
70063727406	2010	5	1	19	0	0.01
70063727406	2010	5	1	20	0	0.01
70063727406	2010	5	1	22	0	0.01
70063727406	2010	5	2	3	0	0.01
70063727406	2010	6	1	11	0	0.03
70063727406	2010	6	1	12	0	0.07
70063727406	2010	6	1	16	0	0.04
70063727406	2010	6	1	19	0	0.01
70063727406	2010	6	1	20	0	0.04
70063727406	2010	7	6	5	0	0.01
70063727406	2010	7	6	7	0	0.01
70063727406	2010	7	6	8	0	0.01
70063727406	2010	7	6	9	0	0.03
70063727406	2010	7	6	10	0	0.01
70063727406	2010	7	6	11	0	0.01
70063727406	2010	7	7	23	0	0.01
70063727406	2010	7	8	0	0	0.01
70063727406	2010	7	8	1	0	0.01
70063727406	2010	7	12	8	0	0.02
70063727406	2010	7	14	3	0	0.01
70063727406	2010	7	17	6	0	0.02
70063727406	2010	7	17	7	0	0.01
70063727406	2010	7	17	10	0	0.02
70063727406	2010	7	17	11	0	0.03
70063727406	2010	7	17	12	0	0.03
70063727406	2010	7	17	13	0	0.01
70063727406	2010	7	18	0	0	0.01
70063727406	2010	7	18	3	0	0.01
70063727406	2010	7	18	4	0	0.01
70063727406	2010	7	18	10	0	0.01
70063727406	2010	7	18	11	0	0.03
70063727406	2010	7	18	12	0	0.01
70063727406	2010	7	18	13	0	0.01
70063727406	2010	7	18	14	0	0.01
70063727406	2010	7	18	15	0	0.01
70063727406	2010	7	18	20	0	0.01
70063727406	2010	7	18	21	0	0.02
70063727406	2010	7	19	11	0	0.01
70063727406	2010	7	19	12	0	0.01
70063727406	2010	7	19	14	0	0.04
70063727406	2010	7	19	19	0	0.01
70063727406	2010	7	19	23	0	0.01
70063727406	2010	7	20	7	0	0.01
70063727406	2010	7	23	4	0	0.01
70063727406	2010	7	30	2	0	0.01
70063727406	2010	8	7	16	0	0.01
70063727406	2010	8	7	17	0	0.02
70063727406	2010	8	7	18	0	0.02
70063727406	2010	8	7	20	0	0.01
70063727406	2010	8	7	21	0	0.02
70063727406	2010	8	7	22	0	0.02
70063727406	2010	8	7	23	0	0.01
70063727406	2010	8	11	20	0	0.01
70063727406	2010	8	13	7	0	0.03
70063727406	2010	8	13	21	0	0.01
70063727406	2010	8	13	22	0	0.02
70063727406	2010	8	13	23	0	0.01
70063727406	2010	8	14	0	0	0.02
70063727406	2010	8	19	3	0	0.01
70063727406	2010	8	22	12	0	0.01
70063727406	2010	8	31	8	0	0.01
70063727406	2010	9	3	21	0	0.01
70063727406	2010	9	9	20	0	0.01
70063727406	2010	9	17	1	0	0.02
70063727406	2010	9	17	2	0	0.01
70063727406	2010	9	17	7	0	0.01
70063727406	2010	9	26	1	0	0.02
70063727406	2010	9	27	0	0	0.01
70063727406	2010	10	3	10	0	0.01
70063727406	2010	10	13	1	0	0.01
70063727406	2010	10	13	2	0	0.01
70063727406	2010	10	13	5	0	0.01
70063727406	2010	10	19	19	0	0.01
70063727406	2010	10	19	20	0	0.01
70063727406	2010	10	19	21	0	0.01
70063727406	2010	10	20	1	0	0.01
70063727406	2010	10	25	22	0	0.01
70063727406	2010	10	26	1	0	0.01
70063727406	2010	10	30	17	0	0.01
70063727406	2010	11	18	5	0	0.04
70063727406	2010	11	18	6	0	0.01
70063727406	2010	11	18	11	0	0.01
70063727406	2010	11	20	7	0	0.01
70063727406	2010	11	20	16	0	0.01
70063727406	2010	11	21	23	0	0.02
70063727406	2010	11	22	16	0	0.03
70063727406	2010	11	22	19	0	0.02
70063727406	2010	11	23	11	0	0.01
70063727406	2010	11	23	18	0	0.03
70063727406	2010	11	23	19	0	0.02
70063727406	2010	11	25	15	0	0.01
70063727406	2010	12	13	10	0	0.01
70063727406	2011	5	17	4	0	0.01
70063727406	2011	6	12	14	0	0.01
70063727406	2011	6	12	15	0	0.01
70063727406	2011	6	12	16	0	0.02
70063727406	2011	6	12	17	0	0.01
70063727406	2011	6	15	11	0	0.01
70063727406	2011	6	29	17	0	0.01
70063727406	2011	6	29	18	0	0.02
70063727406	2011	6	29	22	0	0.02
70063727406	2011	6	29	23	0	0.02
70063727406	2011	6	30	0	0	0.01
70063727406	2011	6	30	1	0	0.01
70063727406	2011	7	1	19	0	0.03
70063727406	2011	7	1	20	0	0.02
70063727406	2011	7	4	19	0	0.01
70063727406	2011	7	4	21	0	0.01
70063727406	2011	7	4	22	0	0.01
70063727406	2011	7	5	4	0	0.01
70063727406	2011	7	5	6	0	0.01
70063727406	2011	7	5	19	0	0.01
70063727406	2011	7	13	10	0	0.01
70063727406	2011	7	13	11	0	0.01
70063727406	2011	7	13	14	0	0.02
70063727406	2011	7	14	19	0	0.01
70063727406	2011	7	16	8	0	0.01
70063727406	2011	7	17	7	0	0.02
70063727406	2011	7	17	8	0	0.11
70063727406	2011	7	17	9	0	0.02
70063727406	2011	7	17	10	0	0.01
70063727406	2011	7	17	11	0	0.01
70063727406	2011	7	17	12	0	0.01
70063727406	2011	7	17	14	0	0.01
70063727406	2011	7	21	13	0	0.01
70063727406	2011	7	21	14	0	0.01
70063727406	2011	7	22	10	0	0.03
70063727406	2011	7	22	19	0	0.01
70063727406	2011	7	24	1	0	0.01
70063727406	2011	7	24	2	0	0.06
70063727406	2011	7	24	3	0	0.04
70063727406	2011	7	24	8	0	0.01
70063727406	2011	7	31	20	0	0.002
70063727406	2011	8	3	4	0	0.01
70063727406	2011	8	3	5	0	0.01
70063727406	2011	8	3	6	0	0.03
70063727406	2011	8	3	8	0	0.01
70063727406	2011	8	5	7	0	0.01
70063727406	2011	8	5	8	0	0.03
70063727406	2011	8	8	18	0	0.003
70063727406	2011	8	8	19	0	0.003
70063727406	2011	8	8	20	0	0.003
70063727406	2011	8	8	21	0	0.04
70063727406	2011	8	8	22	0	0.02
70063727406	2011	8	8	23	0	0.003
70063727406	2011	8	10	16	0	0.001
70063727406	2011	8	24	22	0	0.01
70063727406	2011	8	25	14	0	0.001
70063727406	2011	9	2	20	0	0.02
70063727406	2011	9	2	21	0	0.04
70063727406	2011	9	2	22	0	0.02
70063727406	2011	9	6	17	0	0.01
70063727406	2011	9	7	7	0	0.01
70063727406	2011	9	8	20	0	0.006
70063727406	2011	9	8	21	0	0.04
70063727406	2011	9	8	22	0	0.06
70063727406	2011	9	8	23	0	0.03
70063727406	2011	9	9	0	0	0.02
70063727406	2011	9	9	1	0	0.01
70063727406	2011	9	9	2	0	0.02
70063727406	2011	9	9	3	0	0.02
70063727406	2011	9	9	5	0	0.01
70063727406	2011	9	10	14	0	0.01
70063727406	2011	9	10	16	0	0.01
70063727406	2011	9	10	17	0	0.02
70063727406	2011	9	10	18	0	0.01
70063727406	2011	9	10	19	0	0.01
70063727406	2011	9	10	20	0	0.01
70063727406	2011	9	10	21	0	0.02
70063727406	2011	9	10	22	0	0.06
70063727406	2011	9	10	23	0	0.03
70063727406	2011	9	11	0	0	0.01
70063727406	2011	9	11	1	0	0.01
70063727406	2011	9	11	5	0	0.03
70063727406	2011	9	11	6	0	0.01
70063727406	2011	9	11	7	0	0.01
70063727406	2011	9	11	8	0	0.03
70063727406	2011	9	11	12	0	0.01
70063727406	2011	9	17	3	0	0.01
70063727406	2011	9	17	4	0	0.01
70063727406	2011	9	17	5	0	0.01
70063727406	2011	9	17	6	0	0.02
70063727406	2011	9	17	7	0	0.01
70063727406	2011	9	17	8	0	0.01
70063727406	2011	9	17	9	0	0.03
70063727406	2011	9	17	10	0	0.03
70063727406	2011	9	17	11	0	0.02
70063727406	2011	9	17	12	0	0.01
70063727406	2011	9	17	13	0	0.01
70063727406	2011	9	17	14	0	0.01
70063727406	2011	9	17	15	0	0.01
70063727406	2011	9	21	0	0	0.01
70063727406	2011	9	21	1	0	0.01
70063727406	2011	9	21	2	0	0.02
70063727406	2011	9	21	4	0	0.01
70063727406	2011	9	25	19	0	0.01
70063727406	2011	9	27	10	0	0.01
70063727406	2011	9	27	13	0	0.01
70063727406	2011	10	5	15	0	0.01
70063727406	2011	10	11	3	0	0.01
70063727406	2011	10	22	8	0	0.01
70063727406	2011	10	23	1	0	0.05
70063727406	2011	10	23	8	0	0.01
70063727406	2011	10	29	9	0	0.04
70063727406	2011	10	29	10	0	0.01
70063727406	2011	10	29	11	0	0.01
70063727406	2011	10	29	16	0	0.04
70063727406	2011	10	29	17	0	0.01
70063727406	2011	10	29	19	0	0.01
70063727406	2011	11	10	17	0	0.02
70063727406	2012	6	3	21	0	0.01
70063727406	2012	6	12	22	0	0.09
70063727406	2012	6	17	18	0	0.01
70063727406	2012	7	8	17	0	0.01
70063727406	2012	7	14	15	0	0.01
70063727406	2012	7	14	16	0	0.04
70063727406	2012	7	14	17	0	0.01
70063727406	2012	7	14	18	0	0.01
70063727406	2012	7	14	19	0	0.06
70063727406	2012	7	14	20	0	0.02
70063727406	2012	7	14	21	0	0.05
70063727406	2012	7	14	22	0	0.02
70063727406	2012	7	14	23	0	0.02
70063727406	2012	7	15	0	0	0.01
70063727406	2012	7	16	18	0	0.02
70063727406	2012	7	17	4	0	0.01
70063727406	2012	7	17	15	0	0.01
70063727406	2012	7	17	16	0	0.01
70063727406	2012	7	17	17	0	0.02
70063727406	2012	7	17	18	0	0.01
70063727406	2012	7	17	19	0	0.01
70063727406	2012	7	17	21	0	0.03
70063727406	2012	7	18	0	0	0.05
70063727406	2012	7	18	1	0	0.03
70063727406	2012	7	24	19	0	0.02
70063727406	2012	7	25	6	0	0.05
70063727406	2012	7	25	7	0	0.02
70063727406	2012	7	28	4	0	0.05
70063727406	2012	7	28	6	0	0.03
70063727406	2012	7	28	7	0	0.14
70063727406	2012	7	28	13	0	0.01
70063727406	2012	7	31	8	0	0.04
70063727406	2012	7	31	15	0	0.01
70063727406	2012	7	31	18	0	0.01
70063727406	2012	8	2	8	0	0.01
70063727406	2012	8	2	19	0	0.01
70063727406	2012	8	3	11	0	0.01
70063727406	2012	8	3	18	0	0.01
70063727406	2012	8	4	16	0	0.01
70063727406	2012	8	5	0	0	0.05
70063727406	2012	8	6	13	0	0.01
70063727406	2012	8	6	17	0	0.01
70063727406	2012	8	6	19	0	0.01
70063727406	2012	8	6	21	0	0.02
70063727406	2012	8	6	22	0	0.03
70063727406	2012	8	6	23	0	0.02
70063727406	2012	8	7	0	0	0.02
70063727406	2012	8	7	1	0	0.02
70063727406	2012	8	7	2	0	0.02
70063727406	2012	8	7	3	0	0.02
70063727406	2012	8	7	4	0	0.03
70063727406	2012	8	7	5	0	0.01
70063727406	2012	8	10	11	0	0.01
70063727406	2012	8	10	12	0	0.01
70063727406	2012	8	10	13	0	0.01
70063727406	2012	8	10	14	0	0.01
70063727406	2012	8	10	15	0	0.05
70063727406	2012	8	10	16	0	0.04
70063727406	2012	8	10	17	0	0.04
70063727406	2012	8	10	20	0	0.01
70063727406	2012	8	11	1	0	0.01
70063727406	2012	8	15	12	0	0.02
70063727406	2012	8	15	13	0	0.01
70063727406	2012	8	16	0	0	0.01
70063727406	2012	8	16	1	0	0.03
70063727406	2012	8	16	7	0	0.01
70063727406	2012	8	16	18	0	0.02
70063727406	2012	8	20	0	0	0.02
70063727406	2012	8	21	15	0	0.02
70063727406	2012	8	21	16	0	0.13
70063727406	2012	8	21	17	0	0.04
70063727406	2012	8	21	18	0	0.05
70063727406	2012	8	21	19	0	0.03
70063727406	2012	8	22	15	0	0.01
70063727406	2012	8	23	12	0	0.01
70063727406	2012	8	24	10	0	0.01
70063727406	2012	8	25	1	0	0.01
70063727406	2012	8	27	14	0	0.02
70063727406	2012	8	27	16	0	0.02
70063727406	2012	8	27	17	0	0.02
70063727406	2012	8	27	20	0	0.01
70063727406	2012	8	27	23	0	0.01
70063727406	2012	8	28	1	0	0.01
70063727406	2012	8	28	22	0	0.01
70063727406	2012	8	29	15	0	0.01
70063727406	2012	8	29	18	0	0.01
70063727406	2012	8	29	19	0	0.01
70063727406	2012	8	30	20	0	0.01
70063727406	2012	8	31	1	0	0.01
70063727406	2012	8	31	2	0	0.03
70063727406	2012	8	31	3	0	0.02
70063727406	2012	8	31	4	0	0.03
70063727406	2012	8	31	5	0	0.04
70063727406	2012	8	31	6	0	0.03
70063727406	2012	8	31	7	0	0.01
70063727406	2012	8	31	8	0	0.01
70063727406	2012	8	31	9	0	0.01
70063727406	2012	8	31	10	0	0.01
70063727406	2012	8	31	11	0	0.02
70063727406	2012	8	31	12	0	0.02
70063727406	2012	8	31	13	0	0.01
70063727406	2012	9	1	23	0	0.01
70063727406	2012	9	2	2	0	0.01
70063727406	2012	9	2	12	0	0.01
70063727406	2012	9	2	14	0	0.01
70063727406	2012	9	3	17	0	0.02
70063727406	2012	9	4	8	0	0.01
70063727406	2012	9	4	18	0	0.01
70063727406	2012	9	5	13	0	0.01
70063727406	2012	9	5	15	0	0.03
70063727406	2012	9	5	16	0	0.02
70063727406	2012	9	5	17	0	0.01
70063727406	2012	9	7	4	0	0.01
70063727406	2012	9	7	5	0	0.01
70063727406	2012	9	9	20	0	0.01
70063727406	2012	9	10	3	0	0.01
70063727406	2012	9	10	4	0	0.01
70063727406	2012	9	17	8	0	0.01
70063727406	2012	9	17	13	0	0.01
70063727406	2012	9	17	14	0	0.01
70063727406	2012	9	21	17	0	0.06
70063727406	2012	9	21	18	0	0.05
70063727406	2012	9	21	19	0	0.07
70063727406	2012	9	21	20	0	0.04
70063727406	2012	9	21	21	0	0.01
70063727406	2012	9	21	22	0	0.04
70063727406	2012	9	21	23	0	0.01
70063727406	2012	9	22	0	0	0.02
70063727406	2012	9	24	10	0	0.04
70063727406	2012	9	24	11	0	0.16
70063727406	2012	9	24	12	0	0.04
70063727406	2012	9	27	2	0	0.02
70063727406	2012	9	27	3	0	0.01
70063727406	2012	9	27	11	0	0.01
70063727406	2012	9	27	12	0	0.03
70063727406	2012	9	27	13	0	0.03
70063727406	2012	9	27	14	0	0.03
70063727406	2012	9	27	15	0	0.01
70063727406	2012	9	27	16	0	0.01
70063727406	2012	9	27	17	0	0.02
70063727406	2012	9	27	18	0	0.03
70063727406	2012	9	27	19	0	0.01
70063727406	2012	9	27	20	0	0.01
70063727406	2012	9	27	21	0	0.01
70063727406	2012	9	27	23	0	0.01
70063727406	2012	9	28	1	0	0.01
70063727406	2012	9	28	4	0	0.02
70063727406	2012	9	29	23	0	0.01
70063727406	2012	9	30	1	0	0.01
70063727406	2012	9	30	3	0	0.01
70063727406	2012	10	8	16	0	0.02
70063727406	2012	10	8	18	0	0.01
70063727406	2012	10	12	2	0	0.01
70063727406	2012	10	12	14	0	0.01
70063727406	2012	10	12	15	0	0.01
70063727406	2012	10	12	16	0	0.01
70063727406	2012	10	13	0	0	0.01
70063727406	2012	10	16	18	0	0.01
70063727406	2012	10	16	20	0	0.01
70063727406	2012	10	16	22	0	0.01
70063727406	2012	10	17	9	0	0.01
70063727406	2012	10	17	10	0	0.01
70063727406	2012	10	17	11	0	0.01
70063727406	2012	10	17	16	0	0.01
70063727406	2012	10	18	13	0	0.01
70063727406	2012	10	24	6	0	0.01
70063727406	2012	10	24	12	0	0.01
70063727406	2012	10	25	20	0	0.03
70063727406	2012	10	25	21	0	0.01
70063727406	2012	10	30	20	0	0.01
70063727406	2012	11	2	4	0	0.02
70063727406	2012	11	3	13	0	0.01
70063727406	2012	11	29	18	0	0.01
70063727406	2012	12	2	5	0	0.01
70063727406	2013	3	14	15	0	0.03
70063727406	2013	4	8	13	0	0.02
70063727406	2013	4	24	3	0	0.01
70063727406	2013	4	26	9	0	0.01
70063727406	2013	4	28	6	0	0.01
70063727406	2013	4	28	21	0	0.01
70063727406	2013	5	14	6	0	0.01
70063727406	2013	5	14	7	0	0.07
70063727406	2013	5	14	8	0	0.06
70063727406	2013	5	14	9	0	0.01
70063727406	2013	5	17	3	0	0.002
70063727406	2013	5	18	13	0	0.01
70063727406	2013	5	18	14	0	0.04
70063727406	2013	5	18	15	0	0.03
70063727406	2013	5	18	16	0	0.03
70063727406	2013	5	18	17	0	0.01
70063727406	2013	5	29	16	0	0.01
70063727406	2013	6	3	22	0	0.01
70063727406	2013	6	5	19	0	0.01
70063727406	2013	6	9	17	0	0.02
70063727406	2013	6	9	18	0	0.03
70063727406	2013	6	10	5	0	0.01
70063727406	2013	6	10	6	0	0.1
70063727406	2013	6	10	7	0	0.02
70063727406	2013	6	10	10	0	0.01
70063727406	2013	6	15	14	0	0.004
70063727406	2013	6	15	15	0	0.02
70063727406	2013	6	15	18	0	0.02
70063727406	2013	6	15	19	0	0.02
70063727406	2013	6	16	4	0	0.02
70063727406	2013	6	16	5	0	0.03
70063727406	2013	6	16	6	0	0.04
70063727406	2013	6	16	7	0	0.04
70063727406	2013	6	16	8	0	0.04
70063727406	2013	6	21	10	0	0.03
70063727406	2013	6	22	23	0	0.03
70063727406	2013	6	23	0	0	0.02
70063727406	2013	6	27	16	0	0.01
70063727406	2013	6	27	20	0	0.005
70063727406	2013	6	27	22	0	0.03
70063727406	2013	6	27	23	0	0.03
70063727406	2013	6	28	0	0	0.01
70063727406	2013	6	28	1	0	0.01
70063727406	2013	6	29	3	0	0.03
70063727406	2013	6	29	4	0	0.01
70063727406	2013	6	29	5	0	0.01
70063727406	2013	7	3	8	0	0.01
70063727406	2013	7	3	15	0	0.01
70063727406	2013	7	9	10	0	0.01
70063727406	2013	7	9	12	0	0.01
70063727406	2013	7	9	13	0	0.02
70063727406	2013	7	9	14	0	0.02
70063727406	2013	7	9	15	0	0.04
70063727406	2013	7	9	16	0	0.05
70063727406	2013	7	9	17	0	0.01
70063727406	2013	7	17	9	0	0.02
70063727406	2013	7	17	12	0	0.01
70063727406	2013	7	23	15	0	0.01
70063727406	2013	7	23	16	0	0.02
70063727406	2013	7	23	17	0	0.04
70063727406	2013	7	23	18	0	0.02
70063727406	2013	7	23	19	0	0.04
70063727406	2013	7	23	22	0	0.03
70063727406	2013	7	23	23	0	0.02
70063727406	2013	7	24	0	0	0.04
70063727406	2013	7	24	1	0	0.02
70063727406	2013	7	24	2	0	0.02
70063727406	2013	7	24	3	0	0.01
70063727406	2013	7	24	4	0	0.01
70063727406	2013	7	24	5	0	0.01
70063727406	2013	7	24	6	0	0.04
70063727406	2013	7	24	7	0	0.02
70063727406	2013	7	24	8	0	0.01
70063727406	2013	7	25	2	0	0.02
70063727406	2013	7	25	3	0	0.02
70063727406	2013	7	25	5	0	0.01
70063727406	2013	7	25	12	0	0.01
70063727406	2013	7	25	13	0	0.01
70063727406	2013	7	25	14	0	0.01
70063727406	2013	7	25	15	0	0.01
70063727406	2013	7	25	16	0	0.01
70063727406	2013	7	27	16	0	0.01
70063727406	2013	7	27	23	0	0.01
70063727406	2013	7	28	0	0	0.01
70063727406	2013	7	28	1	0	0.06
70063727406	2013	7	28	2	0	0.05
70063727406	2013	7	28	3	0	0.07
70063727406	2013	7	28	4	0	0.05
70063727406	2013	7	28	5	0	0.02
70063727406	2013	7	29	0	0	0.02
70063727406	2013	7	29	1	0	0.02
70063727406	2013	7	29	15	0	0.01
70063727406	2013	7	30	22	0	0.01
70063727406	2013	7	31	2	0	0.03
70063727406	2013	7	31	3	0	0.02
70063727406	2013	7	31	5	0	0.01
70063727406	2013	7	31	14	0	0.03
70063727406	2013	7	31	15	0	0.04
70063727406	2013	7	31	16	0	0.01
70063727406	2013	7	31	22	0	0.01
70063727406	2013	8	2	8	0	0.01
70063727406	2013	8	2	23	0	0.004
70063727406	2013	8	3	22	0	0.003
70063727406	2013	8	4	6	0	0.01
70063727406	2013	8	4	10	0	0.01
70063727406	2013	8	10	8	0	0.01
70063727406	2013	8	10	14	0	0.01
70063727406	2013	8	10	16	0	0.01
70063727406	2013	8	10	21	0	0.005
70063727406	2013	8	10	22	0	0.005
70063727406	2013	8	10	23	0	0.005
70063727406	2013	8	11	8	0	0.01
70063727406	2013	8	11	9	0	0.01
70063727406	2013	8	13	5	0	0.001
70063727406	2013	8	13	6	0	0.002
70063727406	2013	8	13	14	0	0.01
70063727406	2013	8	15	7	0	0.01
70063727406	2013	8	15	12	0	0.01
70063727406	2013	8	15	13	0	0.01
70063727406	2013	8	15	14	0	0.01
70063727406	2013	8	15	15	0	0.01
70063727406	2013	8	16	20	0	0.02
70063727406	2013	8	17	2	0	0.01
70063727406	2013	8	17	3	0	0.02
70063727406	2013	8	17	4	0	0.01
70063727406	2013	8	18	17	0	0.01
70063727406	2013	8	23	5	0	0.01
70063727406	2013	8	23	13	0	0.01
70063727406	2013	8	23	22	0	0.01
70063727406	2013	8	24	0	0	0.01
70063727406	2013	8	24	1	0	0.01
70063727406	2013	8	24	17	0	0.01
70063727406	2013	8	25	1	0	0.01
70063727406	2013	8	25	3	0	0.06
70063727406	2013	8	25	7	0	0.01
70063727406	2013	8	29	16	0	0.01
70063727406	2013	8	30	12	0	0.05
70063727406	2013	8	30	13	0	0.05
70063727406	2013	8	30	14	0	0.04
70063727406	2013	8	30	15	0	0.02
70063727406	2013	8	30	16	0	0.01
70063727406	2013	8	31	0	0	0.01
70063727406	2013	8	31	2	0	0.01
70063727406	2013	9	1	2	0	0.01
70063727406	2013	9	1	4	0	0.01
70063727406	2013	9	3	15	0	0.02
70063727406	2013	9	3	16	0	0.02
70063727406	2013	9	3	17	0	0.03
70063727406	2013	9	3	18	0	0.03
70063727406	2013	9	3	19	0	0.02
70063727406	2013	9	5	21	0	0.03
70063727406	2013	9	5	22	0	0.05
70063727406	2013	9	5	23	0	0.03
70063727406	2013	9	12	18	0	0.01
70063727406	2013	9	12	19	0	0.01
70063727406	2013	9	14	2	0	0.003
70063727406	2013	9	14	3	0	0.03
70063727406	2013	9	14	4	0	0.02
70063727406	2013	9	14	5	0	0.02
70063727406	2013	9	14	6	0	0.02
70063727406	2013	9	14	7	0	0.01
70063727406	2013	9	14	17	0	0.02
70063727406	2013	9	14	18	0	0.01
70063727406	2013	9	14	23	0	0.01
70063727406	2013	9	15	2	0	0.01
70063727406	2013	9	15	12	0	0.01
70063727406	2013	9	18	2	0	0.01
70063727406	2013	9	19	5	0	0.01
70063727406	2013	9	19	10	0	0.01
70063727406	2013	9	19	12	0	0.01
70063727406	2013	9	19	14	0	0.01
70063727406	2013	9	19	17	0	0.01
70063727406	2013	9	20	6	0	0.01
70063727406	2013	9	20	11	0	0.02
70063727406	2013	9	20	12	0	0.01
70063727406	2013	9	20	13	0	0.01
70063727406	2013	9	20	14	0	0.01
70063727406	2013	9	20	18	0	0.01
70063727406	2013	9	20	19	0	0.01
70063727406	2013	9	20	20	0	0.02
70063727406	2013	9	20	22	0	0.02
70063727406	2013	9	20	23	0	0.03
70063727406	2013	9	21	0	0	0.02
70063727406	2013	9	21	1	0	0.01
70063727406	2013	9	21	2	0	0.01
70063727406	2013	9	21	6	0	0.01
70063727406	2013	9	21	11	0	0.01
70063727406	2013	9	21	12	0	0.01
70063727406	2013	9	21	21	0	0.01
70063727406	2013	9	29	2	0	0.01
70063727406	2013	9	29	3	0	0.01
70063727406	2013	9	29	6	0	0.01
70063727406	2013	9	29	10	0	0.01
70063727406	2013	9	29	16	0	0.01
70063727406	2013	10	29	11	0	0.01
70063727406	2013	10	29	18	0	0.01
70063727406	2013	10	29	19	0	0.01
70063727406	2013	11	11	15	0	0.18
70063727406	2013	11	12	12	0	0.01
70063727406	2014	1	10	13	0	0.02
70063727406	2014	4	28	10	0	0.02
70063727406	2014	5	8	6	0	0.01
70063727406	2014	5	13	13	0	0.06
70063727406	2014	5	13	14	0	0.02
70063727406	2014	5	13	15	0	0.01
70063727406	2014	5	15	11	0	0.01
70063727406	2014	5	15	12	0	0.02
70063727406	2014	5	15	13	0	0.01
70063727406	2014	5	15	15	0	0.01
70063727406	2014	5	15	16	0	0.01
70063727406	2014	5	16	1	0	0.01
70063727406	2014	5	16	8	0	0.01
70063727406	2014	5	16	9	0	0.02
70063727406	2014	5	16	10	0	0.02
70063727406	2014	5	16	12	0	0.01
70063727406	2014	5	16	15	0	0.01
70063727406	2014	5	16	18	0	0.01
70063727406	2014	5	17	15	0	0.01
70063727406	2014	5	17	17	0	0.01
70063727406	2014	5	17	18	0	0.01
70063727406	2014	5	17	19	0	0.02
70063727406	2014	5	17	20	0	0.02
70063727406	2014	5	17	21	0	0.03
70063727406	2014	5	17	22	0	0.01
70063727406	2014	5	18	18	0	0.01
70063727406	2014	5	21	3	0	0.01
70063727406	2014	5	22	11	0	0.01
70063727406	2014	5	23	1	0	0.01
70063727406	2014	5	23	4	0	0.01
70063727406	2014	5	23	7	0	0.01
70063727406	2014	5	27	23	0	0.03
70063727406	2014	5	28	0	0	0.02
70063727406	2014	5	29	10	0	0.01
70063727406	2014	5	29	11	0	0.01
70063727406	2014	5	29	13	0	0.01
70063727406	2014	5	29	14	0	0.01
70063727406	2014	5	29	17	0	0.01
70063727406	2014	5	30	20	0	0.01
70063727406	2014	6	2	15	0	0.02
70063727406	2014	6	5	14	0	0.007
70063727406	2014	6	5	15	0	0.02
70063727406	2014	6	5	16	0	0.01
70063727406	2014	6	7	9	0	0.07
70063727406	2014	6	7	10	0	0.05
70063727406	2014	6	7	11	0	0.03
70063727406	2014	6	12	22	0	0.01
70063727406	2014	6	13	2	0	0.01
70063727406	2014	6	22	15	0	0.01
70063727406	2014	6	22	16	0	0.02
70063727406	2014	6	22	17	0	0.01
70063727406	2014	6	22	18	0	0.02
70063727406	2014	6	22	22	0	0.01
70063727406	2014	6	22	23	0	0.01
70063727406	2014	6	29	6	0	0.01
70063727406	2014	7	3	8	0	0.01
70063727406	2014	7	13	6	0	0.02
70063727406	2014	7	13	16	0	0.02
70063727406	2014	7	13	17	0	0.02
70063727406	2014	7	13	18	0	0.05
70063727406	2014	7	13	19	0	0.01
70063727406	2014	7	13	20	0	0.01
70063727406	2014	7	13	21	0	0.01
70063727406	2014	7	13	22	0	0.07
70063727406	2014	7	13	23	0	0.11
70063727406	2014	7	14	9	0	0.01
70063727406	2014	7	14	10	0	0.01
70063727406	2014	7	14	11	0	0.04
70063727406	2014	7	14	12	0	0.01
70063727406	2014	7	14	13	0	0.02
70063727406	2014	7	14	15	0	0.01
70063727406	2014	7	14	17	0	0.02
70063727406	2014	7	14	18	0	0.01
70063727406	2014	7	17	22	0	0.01
70063727406	2014	7	17	23	0	0.01
70063727406	2014	7	18	0	0	0.01
70063727406	2014	7	18	1	0	0.01
70063727406	2014	7	18	2	0	0.01
70063727406	2014	7	18	3	0	0.03
70063727406	2014	7	18	4	0	0.03
70063727406	2014	7	18	5	0	0.02
70063727406	2014	7	18	6	0	0.04
70063727406	2014	7	18	7	0	0.05
70063727406	2014	7	18	8	0	0.03
70063727406	2014	7	18	9	0	0.03
70063727406	2014	7	18	13	0	0.01
70063727406	2014	7	18	14	0	0.02
70063727406	2014	7	18	15	0	0.01
70063727406	2014	7	18	16	0	0.01
70063727406	2014	7	18	17	0	0.03
70063727406	2014	7	18	18	0	0.01
70063727406	2014	7	18	19	0	0.02
70063727406	2014	7	18	21	0	0.01
70063727406	2014	7	19	0	0	0.01
70063727406	2014	7	19	1	0	0.02
70063727406	2014	7	19	2	0	0.01
70063727406	2014	7	19	3	0	0.03
70063727406	2014	7	19	4	0	0.01
70063727406	2014	7	19	5	0	0.01
70063727406	2014	7	20	12	0	0.02
70063727406	2014	7	20	13	0	0.02
70063727406	2014	7	20	14	0	0.01
70063727406	2014	7	20	15	0	0.02
70063727406	2014	7	21	12	0	0.01
70063727406	2014	7	22	0	0	0.01
70063727406	2014	7	22	5	0	0.01
70063727406	2014	7	22	6	0	0.01
70063727406	2014	7	22	17	0	0.01
70063727406	2014	7	24	4	0	0.01
70063727406	2014	7	24	5	0	0.05
70063727406	2014	7	24	10	0	0.01
70063727406	2014	7	24	11	0	0.01
70063727406	2014	7	24	15	0	0.01
70063727406	2014	7	24	16	0	0.01
70063727406	2014	7	25	19	0	0.01
70063727406	2014	7	26	5	0	0.02
70063727406	2014	7	26	6	0	0.02
70063727406	2014	7	26	8	0	0.01
70063727406	2014	7	26	15	0	0.01
70063727406	2014	8	1	5	0	0.02
70063727406	2014	8	1	9	0	0.03
70063727406	2014	8	1	10	0	0.02
70063727406	2014	8	1	11	0	0.02
70063727406	2014	8	1	13	0	0.01
70063727406	2014	8	1	19	0	0.01
70063727406	2014	8	2	1	0	0.01
70063727406	2014	8	2	4	0	0.01
70063727406	2014	8	2	8	0	0.01
70063727406	2014	8	22	12	0	0.01
70063727406	2014	8	22	13	0	0.04
70063727406	2014	8	24	7	0	0.01
70063727406	2014	8	29	6	0	0.02
70063727406	2014	8	29	7	0	0.03
70063727406	2014	8	29	8	0	0.03
70063727406	2014	8	29	9	0	0.02
70063727406	2014	8	29	10	0	0.07
70063727406	2014	8	29	11	0	0.08
70063727406	2014	8	29	12	0	0.13
70063727406	2014	8	29	13	0	0.06
70063727406	2014	8	29	14	0	0.02
70063727406	2014	8	29	16	0	0.01
70063727406	2014	8	29	19	0	0.01
70063727406	2014	9	1	16	0	0.01
70063727406	2014	9	1	17	0	0.01
70063727406	2014	9	1	19	0	0.01
70063727406	2014	9	1	20	0	0.01
70063727406	2014	9	1	21	0	0.01
70063727406	2014	9	1	23	0	0.01
70063727406	2014	9	2	0	0	0.01
70063727406	2014	9	2	23	0	0.01
70063727406	2014	9	3	0	0	0.01
70063727406	2014	9	3	3	0	0.01
70063727406	2014	9	3	5	0	0.01
70063727406	2014	9	3	6	0	0.06
70063727406	2014	9	3	7	0	0.01
70063727406	2014	9	3	14	0	0.01
70063727406	2014	9	4	2	0	0.01
70063727406	2014	9	4	4	0	0.01
70063727406	2014	9	4	5	0	0.02
70063727406	2014	9	4	9	0	0.01
70063727406	2014	9	4	13	0	0.01
70063727406	2014	9	20	18	0	0.01
70063727406	2014	9	20	21	0	0.01
70063727406	2014	9	20	23	0	0.01
70063727406	2014	9	21	2	0	0.02
70063727406	2014	9	21	3	0	0.02
70063727406	2014	9	21	4	0	0.02
70063727406	2014	9	21	5	0	0.01
70063727406	2014	9	21	6	0	0.03
70063727406	2014	9	21	8	0	0.01
70063727406	2014	9	21	9	0	0.01
70063727406	2014	9	21	10	0	0.01
70063727406	2014	9	21	12	0	0.01
70063727406	2014	9	21	13	0	0.01
70063727406	2014	9	21	14	0	0.01
70063727406	2014	9	22	1	0	0.01
70063727406	2014	9	24	4	0	0.01
70063727406	2014	9	25	0	0	0.01
70063727406	2014	9	30	13	0	0.01
70063727406	2014	9	30	19	0	0.01
70063727406	2014	10	1	9	0	0.01
70063727406	2014	10	1	19	0	0.01
70063727406	2014	10	1	20	0	0.01
70063727406	2014	10	1	21	0	0.01
70063727406	2014	10	1	22	0	0.01
70063727406	2014	10	2	15	0	0.01
70063727406	2014	10	5	19	0	0.01
70063727406	2014	10	7	13	0	0.01
70063727406	2014	10	8	10	0	0.01
70063727406	2014	10	9	5	0	0.01
70063727406	2014	10	9	8	0	0.01
70063727406	2014	10	9	10	0	0.02
70063727406	2014	10	9	11	0	0.01
70063727406	2014	10	10	7	0	0.01
70063727406	2014	10	14	8	0	0.01
70063727406	2014	10	17	9	0	0.01
70063727406	2014	10	17	10	0	0.02
70063727406	2014	10	17	12	0	0.02
70063727406	2014	10	17	13	0	0.01
70063727406	2014	10	17	14	0	0.01
70063727406	2014	10	17	17	0	0.01
70063727406	2014	10	22	13	0	0.02
70063727406	2015	5	15	12	0	0.01
70063727406	2015	5	26	7	0	0.03
70063727406	2015	5	29	13	0	0.02
70063727406	2015	5	30	13	0	0.01
70063727406	2015	6	2	10	0	0.02
70063727406	2015	6	2	11	0	0.01
70063727406	2015	6	2	12	0	0.01
70063727406	2015	6	2	13	0	0.02
70063727406	2015	6	5	14	0	0.01
70063727406	2015	6	9	3	0	0.03
70063727406	2015	6	11	6	0	0.01
70063727406	2015	6	11	8	0	0.03
70063727406	2015	6	11	9	0	0.03
70063727406	2015	6	11	11	0	0.02
70063727406	2015	6	11	12	0	0.05
70063727406	2015	7	1	7	0	0.03
70063727406	2015	7	3	15	0	0.01
70063727406	2015	7	3	16	0	0.01
70063727406	2015	7	18	13	0	0.01
70063727406	2015	7	18	15	0	0.01
70063727406	2015	7	19	4	0	0.01
70063727406	2015	8	1	7	0	0.02
70063727406	2015	8	1	8	0	0.01
70063727406	2015	8	1	12	0	0.01
70063727406	2015	8	1	15	0	0.01
70063727406	2015	8	2	22	0	0.01
70063727406	2015	8	2	23	0	0.03
70063727406	2015	8	3	0	0	0.03
70063727406	2015	8	3	1	0	0.05
70063727406	2015	8	3	3	0	0.01
70063727406	2015	8	3	4	0	0.08
70063727406	2015	8	3	5	0	0.02
70063727406	2015	8	3	9	0	0.02
70063727406	2015	8	3	11	0	0.02
70063727406	2015	8	3	14	0	0.01
70063727406	2015	8	3	16	0	0.01
70063727406	2015	8	3	17	0	0.07
70063727406	2015	8	3	18	0	0.04
70063727406	2015	8	3	19	0	0.02
70063727406	2015	8	3	20	0	0.03
70063727406	2015	8	3	21	0	0.02
70063727406	2015	8	3	22	0	0.02
70063727406	2015	8	4	1	0	0.02
70063727406	2015	8	4	2	0	0.02
70063727406	2015	8	4	3	0	0.03
70063727406	2015	8	4	4	0	0.02
70063727406	2015	8	4	9	0	0.01
70063727406	2015	8	8	23	0	0.023
70063727406	2015	8	9	0	0	0.01
70063727406	2015	8	9	1	0	0.02
70063727406	2015	8	9	2	0	0.01
70063727406	2015	8	9	4	0	0.01
70063727406	2015	8	9	9	0	0.01
70063727406	2015	8	10	0	0	0.01
70063727406	2015	8	10	1	0	0.02
70063727406	2015	8	10	2	0	0.02
70063727406	2015	8	10	4	0	0.01
70063727406	2015	8	10	5	0	0.01
70063727406	2015	8	10	6	0	0.02
70063727406	2015	8	10	10	0	0.01
70063727406	2015	8	10	11	0	0.03
70063727406	2015	8	10	12	0	0.01
70063727406	2015	8	10	13	0	0.01
70063727406	2015	8	10	14	0	0.05
70063727406	2015	8	10	15	0	0.04
70063727406	2015	8	10	16	0	0.01
70063727406	2015	8	10	17	0	0.01
70063727406	2015	8	10	18	0	0.03
70063727406	2015	8	10	20	0	0.02
70063727406	2015	8	10	21	0	0.01
70063727406	2015	8	10	22	0	0.03
70063727406	2015	8	10	23	0	0.03
70063727406	2015	8	11	0	0	0.04
70063727406	2015	8	11	1	0	0.02
70063727406	2015	8	11	2	0	0.02
70063727406	2015	8	11	3	0	0.03
70063727406	2015	8	11	4	0	0.02
70063727406	2015	8	11	5	0	0.02
70063727406	2015	8	11	6	0	0.03
70063727406	2015	8	11	7	0	0.03
70063727406	2015	8	11	8	0	0.01
70063727406	2015	8	13	20	0	0.01
70063727406	2015	8	13	22	0	0.02
70063727406	2015	8	14	0	0	0.03
70063727406	2015	8	14	6	0	0.01
70063727406	2015	8	14	10	0	0.01
70063727406	2015	8	14	11	0	0.01
70063727406	2015	8	14	12	0	0.01
70063727406	2015	8	14	13	0	0.01
70063727406	2015	8	18	1	0	0.01
70063727406	2015	8	18	2	0	0.01
70063727406	2015	8	18	5	0	0.01
70063727406	2015	8	18	6	0	0.01
70063727406	2015	8	18	9	0	0.03
70063727406	2015	8	18	10	0	0.02
70063727406	2015	8	18	11	0	0.01
70063727406	2015	8	18	12	0	0.01
70063727406	2015	8	18	18	0	0.01
70063727406	2015	8	18	22	0	0.01
70063727406	2015	8	26	2	0	0.008
70063727406	2015	8	26	3	0	0.05
70063727406	2015	8	26	4	0	0.09
70063727406	2015	8	26	5	0	0.02
70063727406	2015	8	26	6	0	0.01
70063727406	2015	8	26	9	0	0.01
70063727406	2015	8	26	10	0	0.01
70063727406	2015	8	26	22	0	0.02
70063727406	2015	8	26	23	0	0.03
70063727406	2015	8	27	0	0	0.04
70063727406	2015	8	27	1	0	0.02
70063727406	2015	8	27	2	0	0.01
70063727406	2015	8	27	3	0	0.02
70063727406	2015	8	27	4	0	0.03
70063727406	2015	8	27	5	0	0.01
70063727406	2015	8	27	6	0	0.02
70063727406	2015	8	27	7	0	0.01
70063727406	2015	8	27	8	0	0.01
70063727406	2015	8	27	19	0	0.01
70063727406	2015	8	27	21	0	0.01
70063727406	2015	8	28	1	0	0.01
70063727406	2015	8	29	1	0	0.01
70063727406	2015	8	31	8	0	0.01
70063727406	2015	8	31	18	0	0.01
70063727406	2015	8	31	22	0	0.02
70063727406	2015	9	11	13	0	0.01
70063727406	2015	9	11	15	0	0.01
70063727406	2015	9	11	16	0	0.01
70063727406	2015	9	11	17	0	0.01
70063727406	2015	9	11	19	0	0.01
70063727406	2015	9	13	1	0	0.02
70063727406	2015	9	13	2	0	0.04
70063727406	2015	9	13	3	0	0.03
70063727406	2015	9	14	1	0	0.01
70063727406	2015	9	14	4	0	0.01
70063727406	2015	9	14	6	0	0.01
70063727406	2015	9	14	7	0	0.02
70063727406	2015	9	14	8	0	0.03
70063727406	2015	9	14	9	0	0.03
70063727406	2015	9	15	8	0	0.01
70063727406	2015	9	26	0	0	0.01
70063727406	2015	9	26	1	0	0.01
70063727406	2015	9	26	3	0	0.01
70063727406	2015	10	4	3	0	0.01
70063727406	2015	10	4	4	0	0.01
70063727406	2015	10	4	5	0	0.03
70063727406	2015	10	4	14	0	0.01
70063727406	2016	5	13	4	0	0.02
70063727406	2016	5	13	5	0	0.01
70063727406	2016	5	13	20	0	0.01
70063727406	2016	5	22	15	0	0.01
70063727406	2016	5	22	16	0	0.03
70063727406	2016	5	22	17	0	0.02
70063727406	2016	5	22	18	0	0.02
70063727406	2016	5	22	19	0	0.02
70063727406	2016	5	22	20	0	0.01
70063727406	2016	5	23	20	0	0.01
70063727406	2016	5	24	15	0	0.01
70063727406	2016	5	24	16	0	0.03
70063727406	2016	5	24	17	0	0.01
70063727406	2016	5	25	8	0	0.02
70063727406	2016	6	3	4	0	0.01
70063727406	2016	6	5	6	0	0.02
70063727406	2016	6	5	7	0	0.1
70063727406	2016	6	5	8	0	0.05
70063727406	2016	6	5	9	0	0.07
70063727406	2016	6	5	16	0	0.01
70063727406	2016	6	5	21	0	0.01
70063727406	2016	6	8	9	0	0.01
70063727406	2016	6	9	1	0	0.01
70063727406	2016	6	9	4	0	0.01
70063727406	2016	6	9	11	0	0.01
70063727406	2016	6	9	20	0	0.01
70063727406	2016	6	9	22	0	0.01
70063727406	2016	6	10	1	0	0.01
70063727406	2016	6	13	5	0	0.01
70063727406	2016	6	13	13	0	0.01
70063727406	2016	6	15	13	0	0.01
70063727406	2016	6	18	11	0	0.04
70063727406	2016	6	18	17	0	0.02
70063727406	2016	6	19	2	0	0.03
70063727406	2016	6	19	3	0	0.01
70063727406	2016	6	19	11	0	0.01
70063727406	2016	6	19	12	0	0.01
70063727406	2016	6	19	14	0	0.01
70063727406	2016	6	19	17	0	0.01
70063727406	2016	6	19	20	0	0.01
70063727406	2016	6	21	7	0	0.12
70063727406	2016	6	21	8	0	0.13
70063727406	2016	6	21	9	0	0.12
70063727406	2016	6	21	10	0	0.02
70063727406	2016	6	21	11	0	0.04
70063727406	2016	6	21	13	0	0.01
70063727406	2016	6	21	14	0	0.03
70063727406	2016	6	21	15	0	0.02
70063727406	2016	6	21	16	0	0.01
70063727406	2016	6	21	18	0	0.01
70063727406	2016	6	25	16	0	0.01
70063727406	2016	6	25	17	0	0.03
70063727406	2016	6	25	18	0	0.01
70063727406	2016	6	27	3	0	0.09
70063727406	2016	6	27	4	0	0.01
70063727406	2016	6	29	17	0	0.01
70063727406	2016	6	29	18	0	0.02
70063727406	2016	7	5	9	0	0.01
70063727406	2016	7	17	13	0	0.03
70063727406	2016	7	17	18	0	0.05
70063727406	2016	7	18	14	0	0.02
70063727406	2016	7	18	15	0	0.01
70063727406	2016	7	18	19	0	0.01
70063727406	2016	7	19	6	0	0.01
70063727406	2016	7	19	10	0	0.01
70063727406	2016	7	19	19	0	0.01
70063727406	2016	7	19	20	0	0.01
70063727406	2016	7	19	21	0	0.01
70063727406	2016	7	19	22	0	0.02
70063727406	2016	7	28	1	0	0.02
70063727406	2016	7	28	3	0	0.06
70063727406	2016	7	28	5	0	0.01
70063727406	2016	7	28	6	0	0.03
70063727406	2016	7	28	7	0	0.02
70063727406	2016	7	28	8	0	0.01
70063727406	2016	7	28	9	0	0.03
70063727406	2016	7	28	10	0	0.01
70063727406	2016	7	28	11	0	0.02
70063727406	2016	7	28	12	0	0.02
70063727406	2016	7	28	13	0	0.03
70063727406	2016	7	28	14	0	0.01
70063727406	2016	7	28	15	0	0.01
70063727406	2016	7	28	16	0	0.04
70063727406	2016	7	28	17	0	0.05
70063727406	2016	7	28	18	0	0.05
70063727406	2016	7	28	19	0	0.01
70063727406	2016	7	28	22	0	0.01
70063727406	2016	7	28	23	0	0.01
70063727406	2016	7	29	1	0	0.01
70063727406	2016	7	29	22	0	0.02
70063727406	2016	8	1	4	0	0.01
70063727406	2016	8	2	11	0	0.01
70063727406	2016	8	2	12	0	0.01
70063727406	2016	8	2	16	0	0.001
70063727406	2016	8	9	15	0	0.02
70063727406	2016	8	9	16	0	0.03
70063727406	2016	8	9	17	0	0.04
70063727406	2016	8	9	18	0	0.01
70063727406	2016	8	9	22	0	0.01
70063727406	2016	8	10	0	0	0.01
70063727406	2016	8	10	6	0	0.01
70063727406	2016	8	16	15	0	0.01
70063727406	2016	8	16	17	0	0.01
70063727406	2016	8	19	8	0	0.009
70063727406	2016	8	19	9	0	0.03
70063727406	2016	8	19	10	0	0.06
70063727406	2016	8	19	11	0	0.03
70063727406	2016	8	19	12	0	0.04
70063727406	2016	8	19	13	0	0.04
70063727406	2016	8	19	14	0	0.03
70063727406	2016	8	19	15	0	0.04
70063727406	2016	8	19	16	0	0.02
70063727406	2016	8	19	17	0	0.01
70063727406	2016	8	19	18	0	0.01
70063727406	2016	8	19	22	0	0.01
70063727406	2016	8	19	23	0	0.01
70063727406	2016	8	20	0	0	0.03
70063727406	2016	8	20	1	0	0.02
70063727406	2016	8	20	3	0	0.01
70063727406	2016	8	20	4	0	0.03
70063727406	2016	8	20	5	0	0.11
70063727406	2016	8	20	6	0	0.03
70063727406	2016	8	20	7	0	0.01
70063727406	2016	8	20	8	0	0.02
70063727406	2016	8	20	9	0	0.01
70063727406	2016	8	20	10	0	0.01
70063727406	2016	8	20	11	0	0.03
70063727406	2016	8	20	12	0	0.04
70063727406	2016	8	20	13	0	0.07
70063727406	2016	8	20	14	0	0.03
70063727406	2016	8	20	15	0	0.03
70063727406	2016	8	20	16	0	0.02
70063727406	2016	8	20	17	0	0.02
70063727406	2016	8	20	18	0	0.01
70063727406	2016	8	22	0	0	0.02
70063727406	2016	8	22	2	0	0.01
70063727406	2016	8	22	3	0	0.01
70063727406	2016	8	22	4	0	0.01
70063727406	2016	8	22	6	0	0.02
70063727406	2016	8	22	17	0	0.01
70063727406	2016	8	25	13	0	0.06
70063727406	2016	8	25	14	0	0.08
70063727406	2016	8	25	16	0	0.01
70063727406	2016	8	31	11	0	0.02
70063727406	2016	8	31	12	0	0.01
70063727406	2016	9	4	15	0	0.01
70063727406	2016	9	5	16	0	0.01
70063727406	2016	9	5	18	0	0.01
70063727406	2016	9	7	1	0	0.01
70063727406	2016	9	7	10	0	0.01
70063727406	2016	9	7	12	0	0.02
70063727406	2016	9	7	13	0	0.01
70063727406	2016	9	7	14	0	0.01
70063727406	2016	9	7	15	0	0.01
70063727406	2016	9	7	16	0	0.01
70063727406	2016	9	7	17	0	0.01
70063727406	2016	9	7	19	0	0.01
70063727406	2016	9	7	20	0	0.01
70063727406	2016	9	10	9	0	0.01
70063727406	2016	9	10	10	0	0.01
70063727406	2016	9	10	14	0	0.01
70063727406	2016	9	10	16	0	0.04
70063727406	2016	9	10	17	0	0.02
70063727406	2016	9	10	18	0	0.01
70063727406	2016	9	10	20	0	0.01
70063727406	2016	9	10	22	0	0.01
70063727406	2016	9	17	17	0	0.01
70063727406	2016	9	18	1	0	0.01
70063727406	2016	9	18	2	0	0.02
70063727406	2016	9	23	4	0	0.01
70063727406	2016	9	23	5	0	0.03
70063727406	2016	9	23	6	0	0.01
70063727406	2016	9	23	7	0	0.03
70063727406	2016	9	23	8	0	0.05
70063727406	2016	9	23	9	0	0.06
70063727406	2016	9	23	10	0	0.03
70063727406	2016	9	23	11	0	0.02
70063727406	2016	9	23	12	0	0.04
70063727406	2016	9	23	13	0	0.02
70063727406	2016	9	23	14	0	0.02
70063727406	2016	9	23	15	0	0.01
70063727406	2016	9	24	0	0	0.01
70063727406	2016	9	24	1	0	0.01
70063727406	2016	9	24	2	0	0.01
70063727406	2016	9	29	0	0	0.01
70063727406	2016	9	29	1	0	0.01
70063727406	2016	9	29	2	0	0.01
70063727406	2016	9	30	6	0	0.03
70063727406	2016	9	30	7	0	0.04
70063727406	2016	9	30	8	0	0.03
70063727406	2016	9	30	9	0	0.03
70063727406	2016	9	30	10	0	0.01
70063727406	2016	9	30	11	0	0.02
70063727406	2016	9	30	13	0	0.01
70063727406	2016	9	30	14	0	0.04
70063727406	2016	9	30	15	0	0.01
70063727406	2016	9	30	17	0	0.01
70063727406	2016	10	15	18	0	0.01
70063727406	2017	6	23	23	0	0.017
70063727406	2017	6	24	6	0	0.001
70063727406	2017	6	24	7	0	0.001
70063727406	2017	6	24	8	0	0.001
70063727406	2017	6	24	9	0	0.001
70063727406	2017	6	24	10	0	0.001
70063727406	2017	6	24	11	0	0.001
70063727406	2017	6	25	6	0	0.001
70063727406	2017	6	25	7	0	0.001
70063727406	2017	6	25	8	0	0.001
70063727406	2017	6	25	9	0	0.001
70063727406	2017	6	25	10	0	0.001
70063727406	2017	6	25	11	0	0.001
70063727406	2017	6	25	12	0	0.002
70063727406	2017	6	25	13	0	0.002
70063727406	2017	6	25	14	0	0.002
70063727406	2017	6	25	15	0	0.001
70063727406	2017	6	25	16	0	0.001
70063727406	2017	6	25	17	0	0.001
70063727406	2017	7	20	10	0	0.013
70063727406	2017	7	20	11	0	0.013
70063727406	2017	7	20	15	0	0.026
70063727406	2018	6	14	16	0	0.006
70063727406	2018	6	14	17	0	0.006
70063727406	2018	6	14	18	0	0.006
70063727406	2018	6	14	19	0	0.006
70063727406	2018	6	14	20	0	0.006
70063727406	2018	7	4	8	0	0.001
70063727406	2018	7	4	9	0	0.001
70063727406	2018	7	4	10	0	0.001
70063727406	2018	7	4	11	0	0.001
70063727406	2018	7	4	12	0	0.001
70063727406	2018	7	4	13	0	0.001
70063727406	2018	7	4	14	0	0.001
70063727406	2018	7	4	15	0	0.001
70063727406	2018	7	4	16	0	0.001
70063727406	2018	7	4	17	0	0.001
70063727406	2018	7	4	18	0	0.001
70063727406	2018	7	4	19	0	0.001
70063727406	2018	7	4	20	0	0.001
70063727406	2018	7	4	21	0	0.001
70063727406	2018	7	4	22	0	0.001
70063727406	2018	7	4	23	0	0.001
70063727406	2018	7	5	3	0	0.001
70063727406	2018	7	5	4	0	0.001
70063727406	2018	7	5	5	0	0.001
70063727406	2018	7	5	6	0	0.009
70063727406	2018	7	5	7	0	0.009
70063727406	2018	7	5	8	0	0.009
70063727406	2018	7	5	9	0	0.007
70063727406	2018	7	5	10	0	0.007
70063727406	2018	7	5	11	0	0.007
70063727406	2018	7	5	12	0	0.006
70063727406	2018	7	5	13	0	0.006
70063727406	2018	7	5	14	0	0.006
70063727406	2018	7	5	15	0	0.005
70063727406	2018	7	5	16	0	0.005
70063727406	2018	7	5	17	0	0.005
70063727406	2018	7	5	18	0	0.001
70063727406	2018	7	5	19	0	0.001
70063727406	2018	7	5	20	0	0.001
70063727406	2018	7	5	21	0	0.001
70063727406	2018	7	5	22	0	0.001
70063727406	2018	7	5	23	0	0.001
70063727406	2018	7	6	0	0	0.024
70063727406	2018	7	6	1	0	0.024
70063727406	2018	7	6	2	0	0.024
70063727406	2018	7	6	3	0	0.024
70063727406	2018	7	6	4	0	0.024
70063727406	2018	7	6	5	0	0.024
70063727406	2018	7	8	0	0	0.001
70063727406	2018	7	8	1	0	0.001
70063727406	2018	7	8	2	0	0.001
70063727406	2018	7	8	3	0	0.001
70063727406	2018	7	8	4	0	0.001
70063727406	2018	7	8	5	0	0.001
70063727406	2018	7	8	6	0	0.001
70063727406	2018	7	8	7	0	0.001
70063727406	2018	7	8	8	0	0.001
70063727406	2018	7	8	9	0	0.02
70063727406	2018	7	8	10	0	0.02
70063727406	2018	7	8	11	0	0.02
70063727406	2018	7	8	12	0	0.001
70063727406	2018	7	8	13	0	0.001
70063727406	2018	7	8	14	0	0.001
70063727406	2018	7	8	15	0	0.001
70063727406	2018	7	8	16	0	0.001
70063727406	2018	7	8	17	0	0.001
70063727406	2018	7	8	18	0	0.001
70063727406	2018	7	8	19	0	0.001
70063727406	2018	7	8	20	0	0.001
70063727406	2018	7	8	21	0	0.001
70063727406	2018	7	8	22	0	0.001
70063727406	2018	7	8	23	0	0.001
70063727406	2018	7	9	9	0	0.001
70063727406	2018	7	9	10	0	0.001
70063727406	2018	7	9	11	0	0.001
70063727406	2018	7	9	12	0	0.004
70063727406	2018	7	9	13	0	0.004
70063727406	2018	7	9	14	0	0.004
70063727406	2018	7	9	15	0	0.003
70063727406	2018	7	9	16	0	0.003
70063727406	2018	7	9	17	0	0.003
70063727406	2018	7	9	21	0	0.001
70063727406	2018	7	9	22	0	0.001
70063727406	2018	7	9	23	0	0.001
70063727406	2018	7	10	21	0	0.001
70063727406	2018	7	10	22	0	0.001
70063727406	2018	7	10	23	0	0.001
70063727406	2018	7	15	15	0	0.01
70063727406	2018	7	16	9	0	0.013
70063727406	2018	7	16	10	0	0.01
70063727406	2018	7	16	11	0	0.013
70063727406	2018	7	16	15	0	0.013
70063727406	2018	7	16	16	0	0.013
70063727406	2018	7	16	17	0	0.013
70063727406	2018	7	23	5	0	0.01
70063727406	2018	7	25	7	0	0.01
70063727406	2018	7	25	8	0	0.04
70063727406	2018	8	16	4	0	0.02
70063727406	2018	8	16	12	0	0.01
70063727406	2018	8	16	13	0	0.013
70063727406	2018	8	16	14	0	0.013
70063727406	2018	8	16	15	0	0.013
70063727406	2018	8	16	16	0	0.013
70063727406	2018	8	16	17	0	0.013
70063727406	2018	8	16	18	0	0.013
70063727406	2018	8	16	19	0	0.013
70063727406	2018	8	16	20	0	0.013
70063727406	2018	8	16	21	0	0.013
70063727406	2018	8	16	22	0	0.013
70063727406	2018	8	16	23	0	0.013
70063727406	2018	8	18	19	0	0.01
70063727406	2018	8	23	10	0	0.01
70063727406	2018	9	1	2	0	0.03
70063727406	2018	9	4	0	0	0.01
70063727406	2018	9	6	11	0	0.01
70063727406	2018	10	28	16	0	0.01
70063727406	2018	10	28	18	0	0.02
70063727406	2018	10	28	22	0	0.02
70063727406	2018	10	29	2	0	0.01
70063727406	2018	10	29	3	0	0.01
70063727406	2018	11	27	5	0	0.01
70063727406	2018	11	27	7	0	0.01
70063727406	2019	2	9	5	0	0.04
70063727406	2019	2	11	13	0	0.01
70063727406	2019	2	11	15	0	0.01
70063727406	2019	2	11	16	0	0.01
70063727406	2019	2	13	5	0	0.02
70063727406	2019	2	13	6	0	0.02
70063727406	2019	2	19	22	0	0.01
70063727406	2019	2	19	23	0	0.01
70063727406	2019	2	20	0	0	0.03
70063727406	2019	3	18	19	0	0.01
70063727406	2019	3	19	21	0	0.02
70063727406	2019	4	11	22	0	0.01
70063727406	2019	4	11	23	0	0.02
70063727406	2019	7	5	12	0	0.002
70063727406	2019	7	5	13	0	0.002
70063727406	2019	7	5	14	0	0.002
70063727406	2019	7	20	21	0	0.028
70063727406	2019	7	20	22	0	0.028
70063727406	2019	7	20	23	0	0.028
70063727406	2019	7	21	0	0	0.003
70063727406	2019	7	21	1	0	0.003
70063727406	2019	7	21	2	0	0.003
70063727406	2019	7	21	3	0	0.004
70063727406	2019	7	21	4	0	0.004
70063727406	2019	7	21	5	0	0.004
70063727406	2019	7	21	6	0	0.001
70063727406	2019	7	21	7	0	0.001
70063727406	2019	7	21	8	0	0.001
70063727406	2019	7	21	9	0	0.004
70063727406	2019	7	21	10	0	0.004
70063727406	2019	7	21	11	0	0.004
70063727406	2019	7	21	12	0	0.004
70063727406	2019	7	21	13	0	0.004
70063727406	2019	7	21	14	0	0.004
70063727406	2019	7	21	15	0	0.006
70063727406	2019	7	21	16	0	0.006
70063727406	2019	7	21	17	0	0.006
70063727406	2019	7	21	18	0	0.006
70063727406	2019	7	21	19	0	0.006
70063727406	2019	7	21	20	0	0.006
70063727406	2019	7	21	21	0	0.033
70063727406	2019	7	21	22	0	0.033
70063727406	2019	7	21	23	0	0.033
70063727406	2019	7	22	0	0	0.013
70063727406	2019	7	22	1	0	0.013
70063727406	2019	7	22	2	0	0.013
70063727406	2019	7	22	3	0	0.004
70063727406	2019	7	22	4	0	0.004
70063727406	2019	7	22	5	0	0.004
70063727406	2019	7	27	0	0	0.006
70063727406	2019	7	27	1	0	0.006
70063727406	2019	7	27	2	0	0.006
70063727406	2019	7	27	3	0	0.001
70063727406	2019	7	27	4	0	0.001
70063727406	2019	7	27	5	0	0.001
70063727406	2019	7	27	6	0	0.004
70063727406	2019	7	27	7	0	0.004
70063727406	2019	7	27	8	0	0.004
70063727406	2019	8	14	3	0	0.021
70063727406	2019	8	14	4	0	0.021
70063727406	2019	8	14	5	0	0.021
70063727406	2019	8	14	6	0	0.021
70063727406	2019	8	14	7	0	0.021
70063727406	2019	8	14	8	0	0.021
70063727406	2019	8	14	9	0	0.01
70063727406	2019	8	14	10	0	0.01
70063727406	2019	8	14	11	0	0.01
70063727406	2019	8	14	12	0	0.009
70063727406	2019	8	14	13	0	0.009
70063727406	2019	8	14	14	0	0.009
70063727406	2019	8	14	18	0	0.003
70063727406	2019	8	14	19	0	0.003
70063727406	2019	8	14	20	0	0.003
70063727406	2019	8	25	6	0	0.007
70063727406	2019	8	25	7	0	0.007
70063727406	2019	8	25	8	0	0.007
70063727406	2019	8	25	9	0	0.012
70063727406	2019	8	25	10	0	0.012
70063727406	2019	8	25	11	0	0.012
70063727406	2019	8	25	12	0	0.012
70063727406	2019	8	25	13	0	0.012
70063727406	2019	8	25	14	0	0.012
70063727406	2019	8	25	15	0	0.002
70063727406	2019	8	25	16	0	0.002
70063727406	2019	8	25	17	0	0.002
70063727406	2019	8	25	18	0	0.001
70063727406	2019	8	25	19	0	0.001
70063727406	2019	8	25	20	0	0.001
70063727406	2019	8	25	21	0	0.001
70063727406	2019	8	25	22	0	0.001
70063727406	2019	8	25	23	0	0.001
70063727406	2019	8	26	0	0	0.002
70063727406	2019	8	26	1	0	0.002
70063727406	2019	8	26	2	0	0.002
70063727406	2019	8	26	3	0	0.001
70063727406	2019	8	26	4	0	0.001
70063727406	2019	8	26	5	0	0.001
70063727406	2019	8	26	6	0	0.004
70063727406	2019	8	26	7	0	0.004
70063727406	2019	8	26	8	0	0.004
70063727406	2019	8	26	12	0	0.007
70063727406	2019	8	26	13	0	0.007
70063727406	2019	8	26	14	0	0.007
70063727406	2019	8	26	15	0	0.007
70063727406	2019	9	4	21	0	0.001
70063727406	2019	9	4	22	0	0.001
70063727406	2019	9	4	23	0	0.001
70063727406	2019	10	29	5	0	0.003
70063727406	2019	10	29	6	0	0.006
70063727406	2019	10	29	7	0	0.006
70063727406	2019	10	29	8	0	0.006
70063727406	2019	10	30	3	0	0.01
70063727406	2019	10	30	4	0	0.01
70063727406	2019	10	30	5	0	0.01
70063727406	2019	10	30	6	0	0.001
70063727406	2019	10	30	7	0	0.001
70063727406	2019	10	30	8	0	0.001
