70364427515	2006	1	22	23	0	0.02
70364427515	2006	1	23	1	0	0.02
70364427515	2006	1	28	10	0	0.01
70364427515	2006	2	6	22	0	0.03
70364427515	2006	2	6	23	0	0.04
70364427515	2006	2	21	23	0	0.01
70364427515	2006	2	22	0	0	0.06
70364427515	2006	2	22	1	0	0.06
70364427515	2006	2	22	2	0	0.05
70364427515	2006	2	22	3	0	0.05
70364427515	2006	2	22	4	0	0.03
70364427515	2006	2	22	5	0	0.02
70364427515	2006	2	22	6	0	0.02
70364427515	2006	2	22	7	0	0.02
70364427515	2006	2	22	8	0	0.01
70364427515	2006	2	22	9	0	0.01
70364427515	2006	7	19	9	0	0.007
70364427515	2006	7	19	10	0	0.007
70364427515	2006	7	19	11	0	0.007
70364427515	2006	7	19	12	0	0.008
70364427515	2006	7	19	13	0	0.008
70364427515	2006	7	19	14	0	0.008
70364427515	2006	7	19	15	0	0.006
70364427515	2006	7	19	16	0	0.006
70364427515	2006	7	19	17	0	0.006
70364427515	2006	7	19	18	0	0.003
70364427515	2006	7	19	19	0	0.003
70364427515	2006	7	19	20	0	0.003
70364427515	2006	7	19	21	0	0.004
70364427515	2006	7	26	16	0	0.001
70364427515	2006	8	18	8	0	0.001
70364427515	2007	6	24	9	0	0.001
70364427515	2007	6	24	10	0	0.001
70364427515	2007	6	24	11	0	0.001
70364427515	2007	6	24	18	0	0.001
70364427515	2007	6	24	19	0	0.001
70364427515	2007	6	24	20	0	0.001
70364427515	2007	6	24	21	0	0.003
70364427515	2007	6	24	22	0	0.003
70364427515	2007	6	24	23	0	0.003
70364427515	2007	6	25	0	0	0.002
70364427515	2007	6	25	1	0	0.002
70364427515	2007	6	25	2	0	0.002
70364427515	2007	8	13	9	0	0.001
70364427515	2007	8	13	10	0	0.001
70364427515	2007	8	13	16	0	0.001
70364427515	2007	9	3	17	0	0.001
70364427515	2007	9	4	3	0	0.001
70364427515	2007	9	9	0	0	0.002
70364427515	2007	9	9	1	0	0.002
70364427515	2007	9	9	2	0	0.002
70364427515	2007	9	9	3	0	0.002
70364427515	2007	9	9	4	0	0.002
70364427515	2007	9	9	5	0	0.002
70364427515	2007	9	9	6	0	0.002
70364427515	2007	9	9	7	0	0.002
70364427515	2007	9	9	8	0	0.002
70364427515	2007	9	9	13	0	0.005
70364427515	2008	1	20	9	0	0.003
70364427515	2008	1	20	10	0	0.003
70364427515	2008	1	20	11	0	0.003
70364427515	2008	1	20	12	0	0.003
70364427515	2008	1	20	13	0	0.003
70364427515	2008	1	20	14	0	0.003
70364427515	2008	1	20	15	0	0.006
70364427515	2008	1	20	16	0	0.006
70364427515	2008	1	20	17	0	0.006
70364427515	2008	1	20	18	0	0.005
70364427515	2008	1	20	19	0	0.005
70364427515	2008	1	20	20	0	0.005
70364427515	2008	5	25	16	0	0.008
70364427515	2008	5	25	17	0	0.008
70364427515	2008	5	25	18	0	0.001
70364427515	2008	5	25	19	0	0.001
70364427515	2008	5	25	20	0	0.001
70364427515	2008	7	9	2	0	0.64
70364427515	2008	7	17	17	0	0.002
70364427515	2008	7	20	8	0	0.006
70364427515	2008	7	31	11	0	0.001
70364427515	2008	7	31	12	0	0.004
70364427515	2008	7	31	13	0	0.004
70364427515	2008	7	31	14	0	0.004
70364427515	2008	7	31	15	0	0.003
70364427515	2008	8	2	19	0	0.004
70364427515	2008	8	2	20	0	0.004
70364427515	2008	8	2	21	0	0.003
70364427515	2008	8	2	22	0	0.003
70364427515	2008	8	2	23	0	0.003
70364427515	2008	9	20	9	0	0.003
70364427515	2008	9	20	10	0	0.003
70364427515	2008	9	20	11	0	0.003
70364427515	2008	9	20	18	0	0.004
70364427515	2008	9	20	19	0	0.004
70364427515	2008	9	20	20	0	0.004
70364427515	2008	9	20	21	0	0.007
70364427515	2008	9	20	22	0	0.007
70364427515	2008	9	20	23	0	0.007
70364427515	2008	9	21	0	0	0.004
70364427515	2008	12	16	0	0	0.01
70364427515	2008	12	16	1	0	0.09
70364427515	2008	12	16	2	0	0.08
70364427515	2008	12	16	3	0	0.09
70364427515	2008	12	16	4	0	0.16
70364427515	2008	12	16	5	0	0.11
70364427515	2008	12	16	6	0	0.11
70364427515	2008	12	16	7	0	0.1
70364427515	2008	12	16	8	0	0.07
70364427515	2008	12	16	9	0	0.04
70364427515	2009	2	13	21	0	0.04
70364427515	2009	2	13	22	0	0.04
70364427515	2009	2	14	6	0	0.03
70364427515	2009	2	14	7	0	0.01
70364427515	2009	2	19	12	0	0.01
70364427515	2009	2	20	11	0	0.02
70364427515	2009	2	26	23	0	0.01
70364427515	2009	3	1	10	0	0.04
70364427515	2009	3	1	11	0	0.01
70364427515	2009	3	1	12	0	0.01
70364427515	2009	3	1	13	0	0.03
70364427515	2009	3	1	14	0	0.01
70364427515	2009	3	1	15	0	0.01
70364427515	2009	3	1	16	0	0.01
70364427515	2009	3	1	17	0	0.01
70364427515	2009	3	1	18	0	0.01
70364427515	2009	3	1	19	0	0.01
70364427515	2009	3	1	20	0	0.01
70364427515	2009	3	1	21	0	0.01
70364427515	2009	3	1	23	0	0.01
70364427515	2009	3	2	0	0	0.02
70364427515	2009	3	2	6	0	0.01
70364427515	2009	3	10	6	0	0.02
70364427515	2009	3	10	11	0	0.01
70364427515	2009	3	10	13	0	0.01
70364427515	2009	3	10	20	0	0.01
70364427515	2009	3	11	9	0	0.01
70364427515	2009	3	25	0	0	0.01
70364427515	2009	5	28	16	0	0.01
70364427515	2009	5	28	17	0	0.01
70364427515	2009	5	30	3	0	0.01
70364427515	2009	5	30	17	0	0.01
70364427515	2009	5	30	18	0	0.03
70364427515	2009	5	30	19	0	0.13
70364427515	2009	5	30	20	0	0.09
70364427515	2009	6	6	17	0	0.02
70364427515	2009	6	6	18	0	0.04
70364427515	2009	6	6	19	0	0.03
70364427515	2009	6	6	20	0	0.02
70364427515	2009	6	26	12	0	0.01
70364427515	2009	6	26	22	0	0.08
70364427515	2009	6	26	23	0	0.03
70364427515	2009	7	7	11	0	0.01
70364427515	2009	7	7	12	0	0.01
70364427515	2009	7	7	13	0	0.02
70364427515	2009	7	7	14	0	0.01
70364427515	2009	7	7	15	0	0.01
70364427515	2009	7	7	16	0	0.01
70364427515	2009	7	8	1	0	0.01
70364427515	2009	7	8	17	0	0.01
70364427515	2009	7	8	18	0	0.02
70364427515	2009	7	10	22	0	0.02
70364427515	2009	7	10	23	0	0.01
70364427515	2009	7	11	2	0	0.04
70364427515	2009	7	11	4	0	0.01
70364427515	2009	7	11	10	0	0.01
70364427515	2009	7	11	11	0	0.01
70364427515	2009	7	11	13	0	0.01
70364427515	2009	7	11	18	0	0.01
70364427515	2009	7	12	6	0	0.01
70364427515	2009	7	12	7	0	0.01
70364427515	2009	7	24	4	0	0.01
70364427515	2009	7	24	5	0	0.02
70364427515	2009	7	24	19	0	0.06
70364427515	2009	7	24	20	0	0.01
70364427515	2009	7	25	14	0	0.02
70364427515	2009	7	25	15	0	0.01
70364427515	2009	7	28	11	0	0.01
70364427515	2009	7	28	12	0	0.02
70364427515	2009	7	28	13	0	0.01
70364427515	2009	7	28	14	0	0.08
70364427515	2009	7	29	4	0	0.02
70364427515	2009	8	1	0	0	0.02
70364427515	2009	8	2	11	0	0.02
70364427515	2009	8	2	12	0	0.02
70364427515	2009	8	9	0	0	0.04
70364427515	2009	8	9	1	0	0.07
70364427515	2009	8	9	2	0	0.07
70364427515	2009	8	9	3	0	0.05
70364427515	2009	8	9	4	0	0.09
70364427515	2009	8	9	5	0	0.05
70364427515	2009	8	9	6	0	0.02
70364427515	2009	8	9	7	0	0.01
70364427515	2009	8	9	14	0	0.01
70364427515	2009	8	9	15	0	0.01
70364427515	2009	8	9	18	0	0.03
70364427515	2009	8	9	19	0	0.03
70364427515	2009	8	9	21	0	0.01
70364427515	2009	8	9	23	0	0.01
70364427515	2009	8	10	0	0	0.01
70364427515	2009	8	10	1	0	0.02
70364427515	2009	8	10	4	0	0.01
70364427515	2009	8	10	8	0	0.01
70364427515	2009	8	10	12	0	0.01
70364427515	2009	8	11	1	0	0.01
70364427515	2009	8	13	10	0	0.06
70364427515	2009	8	13	11	0	0.01
70364427515	2009	8	13	12	0	0.01
70364427515	2009	8	13	13	0	0.03
70364427515	2009	8	13	14	0	0.03
70364427515	2009	8	15	3	0	0.02
70364427515	2009	8	15	4	0	0.07
70364427515	2009	8	15	5	0	0.04
70364427515	2009	8	15	6	0	0.02
70364427515	2009	8	15	7	0	0.02
70364427515	2009	8	15	8	0	0.01
70364427515	2009	8	15	9	0	0.01
70364427515	2009	8	15	11	0	0.01
70364427515	2009	8	15	12	0	0.01
70364427515	2009	8	15	16	0	0.01
70364427515	2009	8	15	22	0	0.01
70364427515	2009	8	16	4	0	0.01
70364427515	2009	8	16	18	0	0.01
70364427515	2009	8	17	11	0	0.02
70364427515	2009	8	17	22	0	0.01
70364427515	2009	8	17	23	0	0.02
70364427515	2009	8	18	0	0	0.02
70364427515	2009	8	18	1	0	0.04
70364427515	2009	8	18	2	0	0.03
70364427515	2009	8	18	3	0	0.03
70364427515	2009	8	18	4	0	0.02
70364427515	2009	8	18	5	0	0.03
70364427515	2009	8	18	6	0	0.04
70364427515	2009	8	18	8	0	0.01
70364427515	2009	8	18	21	0	0.01
70364427515	2009	8	19	0	0	0.01
70364427515	2009	8	19	2	0	0.02
70364427515	2009	8	19	3	0	0.01
70364427515	2009	8	19	4	0	0.01
70364427515	2009	8	19	5	0	0.01
70364427515	2009	8	20	14	0	0.01
70364427515	2009	8	24	17	0	0.018
70364427515	2009	8	25	22	0	0.01
70364427515	2009	8	25	23	0	0.04
70364427515	2009	8	26	0	0	0.03
70364427515	2009	8	26	1	0	0.03
70364427515	2009	8	26	2	0	0.02
70364427515	2009	8	26	3	0	0.02
70364427515	2009	8	26	4	0	0.01
70364427515	2009	8	26	5	0	0.01
70364427515	2009	8	26	6	0	0.01
70364427515	2009	8	26	7	0	0.01
70364427515	2009	8	26	11	0	0.01
70364427515	2009	8	26	14	0	0.01
70364427515	2009	8	28	17	0	0.01
70364427515	2009	8	29	12	0	0.01
70364427515	2009	8	30	2	0	0.01
70364427515	2009	8	30	3	0	0.03
70364427515	2009	8	30	4	0	0.06
70364427515	2009	8	30	5	0	0.03
70364427515	2009	8	30	6	0	0.01
70364427515	2009	8	30	7	0	0.03
70364427515	2009	8	30	8	0	0.04
70364427515	2009	8	30	9	0	0.02
70364427515	2009	8	30	10	0	0.03
70364427515	2009	8	30	11	0	0.05
70364427515	2009	8	30	12	0	0.05
70364427515	2009	8	30	13	0	0.01
70364427515	2009	8	30	14	0	0.03
70364427515	2009	8	30	15	0	0.01
70364427515	2009	8	31	18	0	0.01
70364427515	2009	8	31	19	0	0.01
70364427515	2009	8	31	20	0	0.01
70364427515	2009	8	31	22	0	0.02
70364427515	2009	8	31	23	0	0.03
70364427515	2009	9	1	0	0	0.03
70364427515	2009	9	1	1	0	0.02
70364427515	2009	9	1	16	0	0.01
70364427515	2009	9	4	0	0	0.01
70364427515	2009	9	4	1	0	0.01
70364427515	2009	9	4	10	0	0.01
70364427515	2009	9	5	18	0	0.01
70364427515	2009	9	6	15	0	0.01
70364427515	2009	9	6	16	0	0.01
70364427515	2009	9	6	17	0	0.04
70364427515	2009	9	6	18	0	0.02
70364427515	2009	9	6	19	0	0.02
70364427515	2009	9	6	20	0	0.02
70364427515	2009	9	7	0	0	0.01
70364427515	2009	9	7	20	0	0.02
70364427515	2009	9	10	9	0	0.01
70364427515	2009	9	10	15	0	0.01
70364427515	2009	9	11	12	0	0.01
70364427515	2009	9	12	19	0	0.01
70364427515	2009	9	12	20	0	0.01
70364427515	2009	9	12	21	0	0.02
70364427515	2009	9	12	22	0	0.02
70364427515	2009	9	15	11	0	0.01
70364427515	2009	9	18	5	0	0.01
70364427515	2009	9	18	6	0	0.04
70364427515	2009	9	18	7	0	0.03
70364427515	2009	9	18	10	0	0.01
70364427515	2009	9	18	11	0	0.01
70364427515	2009	9	18	12	0	0.02
70364427515	2009	9	18	13	0	0.02
70364427515	2009	9	18	14	0	0.01
70364427515	2009	9	18	15	0	0.01
70364427515	2009	9	23	21	0	0.01
70364427515	2009	9	25	23	0	0.02
70364427515	2009	9	28	22	0	0.01
70364427515	2009	10	10	8	0	0.004
70364427515	2009	10	14	4	0	0.01
70364427515	2009	10	14	20	0	0.01
70364427515	2009	10	14	23	0	0.01
70364427515	2009	10	15	6	0	0.01
70364427515	2009	10	15	20	0	0.01
70364427515	2009	10	15	22	0	0.01
70364427515	2009	10	15	23	0	0.01
70364427515	2009	10	16	0	0	0.01
70364427515	2009	10	16	1	0	0.01
70364427515	2010	4	12	22	0	0.02
70364427515	2010	4	12	23	0	0.07
70364427515	2010	4	13	0	0	0.1
70364427515	2010	4	13	1	0	0.05
70364427515	2010	4	13	21	0	0.04
70364427515	2010	4	13	22	0	0.02
70364427515	2010	4	13	23	0	0.01
70364427515	2010	4	14	0	0	0.02
70364427515	2010	4	14	1	0	0.01
70364427515	2010	4	16	0	0	0.01
70364427515	2010	4	19	23	0	0.01
70364427515	2010	4	20	0	0	0.03
70364427515	2010	4	20	1	0	0.01
70364427515	2010	4	20	2	0	0.01
70364427515	2010	4	22	21	0	0.08
70364427515	2010	4	22	22	0	0.05
70364427515	2010	4	22	23	0	0.04
70364427515	2010	4	28	19	0	0.03
70364427515	2010	5	17	12	0	0.01
70364427515	2010	5	23	21	0	0.01
70364427515	2010	5	28	20	0	0.01
70364427515	2010	5	28	21	0	0.02
70364427515	2010	5	31	22	0	0.01
70364427515	2010	5	31	23	0	0.02
70364427515	2010	6	1	16	0	0.01
70364427515	2010	6	1	19	0	0.01
70364427515	2010	6	1	20	0	0.02
70364427515	2010	6	1	22	0	0.01
70364427515	2010	6	2	16	0	0.01
70364427515	2010	6	19	19	0	0.003
70364427515	2010	7	7	19	0	0.01
70364427515	2010	7	7	21	0	0.01
70364427515	2010	7	7	22	0	0.02
70364427515	2010	7	11	15	0	0.019
70364427515	2010	7	11	16	0	0.019
70364427515	2010	7	11	20	0	0.01
70364427515	2010	7	11	22	0	0.01
70364427515	2010	7	12	7	0	0.01
70364427515	2010	7	12	10	0	0.01
70364427515	2010	7	14	3	0	0.01
70364427515	2010	7	15	12	0	0.019
70364427515	2010	7	15	15	0	0.021
70364427515	2010	7	16	1	0	0.01
70364427515	2010	7	16	9	0	0.001
70364427515	2010	7	16	21	0	0.008
70364427515	2010	7	17	0	0	0.001
70364427515	2010	7	17	4	0	0.01
70364427515	2010	7	17	5	0	0.03
70364427515	2010	7	17	6	0	0.01
70364427515	2010	7	17	7	0	0.006
70364427515	2010	7	17	8	0	0.01
70364427515	2010	7	17	11	0	0.04
70364427515	2010	7	17	12	0	0.01
70364427515	2010	7	17	13	0	0.02
70364427515	2010	7	18	0	0	0.02
70364427515	2010	7	18	1	0	0.01
70364427515	2010	7	18	2	0	0.01
70364427515	2010	7	18	3	0	0.01
70364427515	2010	7	18	7	0	0.01
70364427515	2010	7	18	9	0	0.03
70364427515	2010	7	18	10	0	0.02
70364427515	2010	7	18	11	0	0.02
70364427515	2010	7	18	13	0	0.01
70364427515	2010	7	19	9	0	0.03
70364427515	2010	7	19	10	0	0.16
70364427515	2010	7	19	11	0	0.13
70364427515	2010	7	19	19	0	0.015
70364427515	2010	7	20	13	0	0.01
70364427515	2010	7	22	0	0	0.024
70364427515	2010	7	22	1	0	0.024
70364427515	2010	7	22	2	0	0.024
70364427515	2010	7	22	3	0	0.024
70364427515	2010	7	22	4	0	0.024
70364427515	2010	7	22	5	0	0.024
70364427515	2010	7	22	6	0	0.004
70364427515	2010	7	22	7	0	0.004
70364427515	2010	7	22	8	0	0.004
70364427515	2010	7	22	16	0	0.01
70364427515	2010	7	22	17	0	0.01
70364427515	2010	7	22	19	0	0.05
70364427515	2010	7	22	21	0	0.02
70364427515	2010	7	22	22	0	0.02
70364427515	2010	7	22	23	0	0.02
70364427515	2010	7	23	1	0	0.01
70364427515	2010	7	23	2	0	0.02
70364427515	2010	7	23	3	0	0.01
70364427515	2010	7	23	4	0	0.07
70364427515	2010	7	23	5	0	0.05
70364427515	2010	7	23	6	0	0.05
70364427515	2010	7	23	7	0	0.03
70364427515	2010	7	23	8	0	0.01
70364427515	2010	7	23	10	0	0.01
70364427515	2010	7	23	22	0	0.01
70364427515	2010	7	29	8	0	0.01
70364427515	2010	7	29	12	0	0.04
70364427515	2010	7	29	13	0	0.06
70364427515	2010	7	29	14	0	0.04
70364427515	2010	7	29	15	0	0.01
70364427515	2010	7	29	16	0	0.03
70364427515	2010	7	29	17	0	0.05
70364427515	2010	7	29	18	0	0.05
70364427515	2010	7	29	19	0	0.03
70364427515	2010	7	29	21	0	0.01
70364427515	2010	8	6	1	0	0.01
70364427515	2010	8	6	2	0	0.01
70364427515	2010	8	6	3	0	0.01
70364427515	2010	8	6	4	0	0.03
70364427515	2010	8	6	5	0	0.03
70364427515	2010	8	6	7	0	0.03
70364427515	2010	8	6	8	0	0.02
70364427515	2010	8	6	9	0	0.01
70364427515	2010	8	6	10	0	0.05
70364427515	2010	8	6	11	0	0.03
70364427515	2010	8	6	14	0	0.02
70364427515	2010	8	6	15	0	0.02
70364427515	2010	8	6	16	0	0.1
70364427515	2010	8	6	17	0	0.11
70364427515	2010	8	6	18	0	0.08
70364427515	2010	8	6	19	0	0.03
70364427515	2010	8	6	20	0	0.01
70364427515	2010	8	7	4	0	0.01
70364427515	2010	8	7	21	0	0.01
70364427515	2010	8	7	22	0	0.02
70364427515	2010	8	8	0	0	0.01
70364427515	2010	8	11	15	0	0.01
70364427515	2010	8	11	20	0	0.02
70364427515	2010	8	11	22	0	0.03
70364427515	2010	8	12	8	0	0.01
70364427515	2010	8	13	3	0	0.09
70364427515	2010	8	13	4	0	0.04
70364427515	2010	8	13	17	0	0.02
70364427515	2010	8	13	18	0	0.01
70364427515	2010	8	14	15	0	0.01
70364427515	2010	8	17	22	0	0.01
70364427515	2010	8	17	23	0	0.01
70364427515	2010	8	22	1	0	0.001
70364427515	2010	8	23	9	0	0.01
70364427515	2010	8	28	7	0	0.01
70364427515	2010	8	29	8	0	0.01
70364427515	2010	8	29	15	0	0.01
70364427515	2010	8	30	15	0	0.01
70364427515	2010	8	30	17	0	0.01
70364427515	2010	8	30	18	0	0.01
70364427515	2010	8	31	8	0	0.02
70364427515	2010	8	31	9	0	0.01
70364427515	2010	9	4	11	0	0.01
70364427515	2010	9	4	20	0	0.01
70364427515	2010	9	8	6	0	0.001
70364427515	2010	9	9	15	0	0.01
70364427515	2010	9	9	16	0	0.01
70364427515	2010	9	10	9	0	0.01
70364427515	2010	9	10	12	0	0.01
70364427515	2010	9	11	8	0	0.01
70364427515	2010	9	13	15	0	0.01
70364427515	2010	9	13	20	0	0.002
70364427515	2010	9	16	23	0	0.01
70364427515	2010	9	17	0	0	0.01
70364427515	2010	9	17	2	0	0.01
70364427515	2010	9	18	9	0	0.01
70364427515	2010	9	19	12	0	0.01
70364427515	2010	9	20	11	0	0.01
70364427515	2010	9	21	20	0	0.01
70364427515	2010	10	3	20	0	0.01
70364427515	2010	10	4	22	0	0.01
70364427515	2010	11	22	18	0	0.001
70364427515	2010	11	22	23	0	0.02
70364427515	2010	11	23	1	0	0.02
70364427515	2010	11	23	20	0	0.16
70364427515	2011	3	2	23	0	0.01
70364427515	2011	5	8	20	0	0.03
70364427515	2011	5	9	20	0	0.01
70364427515	2011	5	29	16	0	0.01
70364427515	2011	6	12	18	0	0.02
70364427515	2011	6	12	19	0	0.01
70364427515	2011	6	14	15	0	0.01
70364427515	2011	6	15	10	0	0.01
70364427515	2011	6	24	9	0	0.01
70364427515	2011	6	29	16	0	0.01
70364427515	2011	6	29	18	0	0.01
70364427515	2011	6	29	19	0	0.01
70364427515	2011	6	29	21	0	0.01
70364427515	2011	6	30	0	0	0.01
70364427515	2011	7	4	15	0	0.01
70364427515	2011	7	4	18	0	0.01
70364427515	2011	7	4	20	0	0.003
70364427515	2011	7	4	21	0	0.01
70364427515	2011	7	5	1	0	0.01
70364427515	2011	7	13	8	0	0.01
70364427515	2011	7	13	9	0	0.05
70364427515	2011	7	13	10	0	0.02
70364427515	2011	7	13	11	0	0.02
70364427515	2011	7	13	12	0	0.01
70364427515	2011	7	13	13	0	0.01
70364427515	2011	7	13	14	0	0.04
70364427515	2011	7	13	15	0	0.04
70364427515	2011	7	13	16	0	0.02
70364427515	2011	7	14	1	0	0.02
70364427515	2011	7	14	2	0	0.04
70364427515	2011	7	14	3	0	0.01
70364427515	2011	7	14	7	0	0.01
70364427515	2011	7	14	23	0	0.01
70364427515	2011	7	17	9	0	0.01
70364427515	2011	7	17	11	0	0.03
70364427515	2011	7	18	13	0	0.01
70364427515	2011	7	21	7	0	0.04
70364427515	2011	7	21	8	0	0.01
70364427515	2011	7	21	9	0	0.01
70364427515	2011	7	21	11	0	0.01
70364427515	2011	7	21	13	0	0.01
70364427515	2011	7	21	20	0	0.04
70364427515	2011	7	21	21	0	0.01
70364427515	2011	7	21	23	0	0.01
70364427515	2011	7	22	12	0	0.01
70364427515	2011	7	23	7	0	0.01
70364427515	2011	7	23	9	0	0.01
70364427515	2011	7	23	11	0	0.01
70364427515	2011	7	23	23	0	0.01
70364427515	2011	7	26	12	0	0.01
70364427515	2011	7	27	12	0	0.01
70364427515	2011	7	29	20	0	0.01
70364427515	2011	7	29	22	0	0.04
70364427515	2011	7	29	23	0	0.01
70364427515	2011	7	31	1	0	0.02
70364427515	2011	7	31	3	0	0.01
70364427515	2011	7	31	4	0	0.01
70364427515	2011	7	31	14	0	0.01
70364427515	2011	8	1	0	0	0.01
70364427515	2011	8	1	1	0	0.2
70364427515	2011	8	1	2	0	0.11
70364427515	2011	8	1	6	0	0.02
70364427515	2011	8	1	7	0	0.04
70364427515	2011	8	1	8	0	0.01
70364427515	2011	8	1	9	0	0.02
70364427515	2011	8	1	13	0	0.004
70364427515	2011	8	1	15	0	0.01
70364427515	2011	8	2	11	0	0.007
70364427515	2011	8	2	12	0	0.03
70364427515	2011	8	2	13	0	0.03
70364427515	2011	8	2	14	0	0.02
70364427515	2011	8	4	7	0	0.02
70364427515	2011	8	4	8	0	0.03
70364427515	2011	8	5	8	0	0.02
70364427515	2011	8	7	23	0	0.01
70364427515	2011	8	8	16	0	0.01
70364427515	2011	8	9	5	0	0.01
70364427515	2011	8	9	13	0	0.02
70364427515	2011	8	10	4	0	0.09
70364427515	2011	8	15	18	0	0.02
70364427515	2011	8	15	19	0	0.01
70364427515	2011	8	27	13	0	0.01
70364427515	2011	8	29	13	0	0.01
70364427515	2011	8	29	15	0	0.01
70364427515	2011	8	30	18	0	0.001
70364427515	2011	8	30	19	0	0.001
70364427515	2011	8	30	20	0	0.001
70364427515	2011	8	30	21	0	0.002
70364427515	2011	8	30	22	0	0.002
70364427515	2011	8	30	23	0	0.002
70364427515	2011	8	31	0	0	0.002
70364427515	2011	8	31	1	0	0.002
70364427515	2011	8	31	2	0	0.002
70364427515	2011	8	31	3	0	0.003
70364427515	2011	8	31	4	0	0.003
70364427515	2011	8	31	5	0	0.003
70364427515	2011	8	31	6	0	0.005
70364427515	2011	8	31	7	0	0.005
70364427515	2011	8	31	8	0	0.005
70364427515	2011	8	31	9	0	0.004
70364427515	2011	8	31	10	0	0.004
70364427515	2011	8	31	11	0	0.004
70364427515	2011	8	31	12	0	0.003
70364427515	2011	8	31	13	0	0.003
70364427515	2011	8	31	14	0	0.003
70364427515	2011	8	31	15	0	0.002
70364427515	2011	8	31	16	0	0.002
70364427515	2011	8	31	17	0	0.002
70364427515	2011	8	31	18	0	0.001
70364427515	2011	8	31	19	0	0.001
70364427515	2011	8	31	20	0	0.001
70364427515	2011	8	31	21	0	0.001
70364427515	2011	8	31	22	0	0.001
70364427515	2011	8	31	23	0	0.001
70364427515	2011	9	1	0	0	0.004
70364427515	2011	9	1	1	0	0.004
70364427515	2011	9	1	2	0	0.004
70364427515	2011	9	1	3	0	0.002
70364427515	2011	9	1	4	0	0.002
70364427515	2011	9	1	5	0	0.002
70364427515	2011	9	1	18	0	0.001
70364427515	2011	9	1	19	0	0.001
70364427515	2011	9	1	20	0	0.001
70364427515	2011	9	1	21	0	0.007
70364427515	2011	9	1	22	0	0.007
70364427515	2011	9	2	16	0	0.01
70364427515	2011	9	4	16	0	0.01
70364427515	2011	9	4	18	0	0.01
70364427515	2011	9	5	8	0	0.01
70364427515	2011	9	6	17	0	0.01
70364427515	2011	9	9	4	0	0.01
70364427515	2011	9	9	16	0	0.01
70364427515	2011	9	10	10	0	0.01
70364427515	2011	9	10	11	0	0.02
70364427515	2011	9	10	12	0	0.02
70364427515	2011	9	10	13	0	0.02
70364427515	2011	9	10	14	0	0.02
70364427515	2011	9	10	15	0	0.02
70364427515	2011	9	10	16	0	0.01
70364427515	2011	9	10	17	0	0.01
70364427515	2011	9	10	18	0	0.02
70364427515	2011	9	10	19	0	0.05
70364427515	2011	9	10	20	0	0.01
70364427515	2011	9	10	21	0	0.02
70364427515	2011	9	10	22	0	0.02
70364427515	2011	9	11	0	0	0.01
70364427515	2011	9	11	2	0	0.01
70364427515	2011	9	11	3	0	0.02
70364427515	2011	9	11	4	0	0.02
70364427515	2011	9	11	5	0	0.02
70364427515	2011	9	11	6	0	0.01
70364427515	2011	9	11	7	0	0.01
70364427515	2011	9	11	10	0	0.01
70364427515	2011	9	17	12	0	0.01
70364427515	2011	9	17	14	0	0.02
70364427515	2011	9	17	15	0	0.02
70364427515	2011	9	17	16	0	0.02
70364427515	2011	9	17	17	0	0.02
70364427515	2011	9	17	18	0	0.02
70364427515	2011	9	17	19	0	0.02
70364427515	2011	9	17	20	0	0.01
70364427515	2011	9	19	8	0	0.01
70364427515	2011	9	19	14	0	0.01
70364427515	2011	9	19	15	0	0.03
70364427515	2011	9	19	16	0	0.03
70364427515	2011	9	20	14	0	0.01
70364427515	2011	9	20	18	0	0.01
70364427515	2011	9	21	1	0	0.01
70364427515	2011	9	21	2	0	0.01
70364427515	2011	9	21	3	0	0.02
70364427515	2011	9	21	4	0	0.02
70364427515	2011	9	21	5	0	0.01
70364427515	2011	9	21	6	0	0.02
70364427515	2011	9	21	7	0	0.02
70364427515	2011	9	21	9	0	0.003
70364427515	2011	9	21	10	0	0.01
70364427515	2011	9	21	11	0	0.003
70364427515	2011	9	21	12	0	0.001
70364427515	2011	9	21	13	0	0.001
70364427515	2011	9	21	14	0	0.001
70364427515	2011	9	21	15	0	0.01
70364427515	2011	9	21	20	0	0.01
70364427515	2011	9	21	21	0	0.001
70364427515	2011	9	23	13	0	0.01
70364427515	2011	9	27	19	0	0.02
70364427515	2011	9	27	20	0	0.02
70364427515	2011	9	27	21	0	0.01
70364427515	2011	9	27	23	0	0.01
70364427515	2011	10	1	23	0	0.01
70364427515	2011	10	2	0	0	0.01
70364427515	2011	10	3	22	0	0.02
70364427515	2011	10	3	23	0	0.01
70364427515	2011	10	4	0	0	0.01
70364427515	2011	10	4	2	0	0.01
70364427515	2011	10	6	22	0	0.01
70364427515	2011	10	7	0	0	0.01
70364427515	2011	10	7	22	0	0.01
70364427515	2012	5	12	21	0	0.05
70364427515	2012	5	12	22	0	0.17
70364427515	2012	5	12	23	0	0.16
70364427515	2012	5	13	0	0	0.04
70364427515	2012	5	14	4	0	0.01
70364427515	2012	5	14	22	0	0.04
70364427515	2012	5	14	23	0	0.01
70364427515	2012	5	15	0	0	0.01
70364427515	2012	5	18	3	0	0.01
70364427515	2012	5	26	1	0	0.01
70364427515	2012	5	26	18	0	0.03
70364427515	2012	5	26	19	0	0.03
70364427515	2012	5	27	18	0	0.01
70364427515	2012	5	27	19	0	0.06
70364427515	2012	5	30	15	0	0.02
70364427515	2012	5	30	16	0	0.01
70364427515	2012	6	17	20	0	0.02
70364427515	2012	6	19	9	0	0.01
70364427515	2012	6	26	14	0	0.01
70364427515	2012	7	9	15	0	0.001
70364427515	2012	7	14	5	0	0.004
70364427515	2012	7	14	17	0	0.01
70364427515	2012	7	14	18	0	0.02
70364427515	2012	7	14	20	0	0.02
70364427515	2012	7	14	21	0	0.01
70364427515	2012	7	14	22	0	0.01
70364427515	2012	7	14	23	0	0.02
70364427515	2012	7	15	0	0	0.01
70364427515	2012	7	16	15	0	0.04
70364427515	2012	7	16	17	0	0.01
70364427515	2012	7	16	20	0	0.01
70364427515	2012	7	17	14	0	0.01
70364427515	2012	7	17	15	0	0.01
70364427515	2012	7	17	16	0	0.01
70364427515	2012	7	17	18	0	0.01
70364427515	2012	7	17	22	0	0.01
70364427515	2012	7	17	23	0	0.01
70364427515	2012	7	20	0	0	0.001
70364427515	2012	7	20	8	0	0.001
70364427515	2012	7	20	15	0	0.01
70364427515	2012	7	20	16	0	0.01
70364427515	2012	7	25	8	0	0.01
70364427515	2012	7	28	7	0	0.08
70364427515	2012	7	28	13	0	0.01
70364427515	2012	7	30	13	0	0.01
70364427515	2012	7	31	4	0	0.02
70364427515	2012	7	31	12	0	0.01
70364427515	2012	7	31	13	0	0.03
70364427515	2012	7	31	14	0	0.12
70364427515	2012	7	31	15	0	0.08
70364427515	2012	7	31	16	0	0.03
70364427515	2012	7	31	17	0	0.02
70364427515	2012	7	31	18	0	0.01
70364427515	2012	7	31	22	0	0.01
70364427515	2012	7	31	23	0	0.004
70364427515	2012	8	1	0	0	0.001
70364427515	2012	8	1	1	0	0.001
70364427515	2012	8	1	2	0	0.001
70364427515	2012	8	1	3	0	0.001
70364427515	2012	8	1	4	0	0.001
70364427515	2012	8	1	5	0	0.001
70364427515	2012	8	1	6	0	0.001
70364427515	2012	8	1	7	0	0.001
70364427515	2012	8	1	8	0	0.001
70364427515	2012	8	1	9	0	0.001
70364427515	2012	8	1	10	0	0.001
70364427515	2012	8	1	11	0	0.001
70364427515	2012	8	1	12	0	0.001
70364427515	2012	8	1	13	0	0.001
70364427515	2012	8	1	14	0	0.001
70364427515	2012	8	1	15	0	0.001
70364427515	2012	8	1	16	0	0.001
70364427515	2012	8	1	17	0	0.001
70364427515	2012	8	1	18	0	0.002
70364427515	2012	8	1	19	0	0.002
70364427515	2012	8	1	20	0	0.002
70364427515	2012	8	1	21	0	0.002
70364427515	2012	8	1	22	0	0.002
70364427515	2012	8	1	23	0	0.002
70364427515	2012	8	2	0	0	0.01
70364427515	2012	8	2	1	0	0.01
70364427515	2012	8	2	2	0	0.01
70364427515	2012	8	2	3	0	0.009
70364427515	2012	8	2	4	0	0.009
70364427515	2012	8	2	5	0	0.009
70364427515	2012	8	2	6	0	0.004
70364427515	2012	8	2	7	0	0.004
70364427515	2012	8	2	8	0	0.004
70364427515	2012	8	2	9	0	0.004
70364427515	2012	8	2	10	0	0.004
70364427515	2012	8	2	11	0	0.004
70364427515	2012	8	2	12	0	0.004
70364427515	2012	8	2	13	0	0.004
70364427515	2012	8	2	14	0	0.01
70364427515	2012	8	2	15	0	0.02
70364427515	2012	8	2	16	0	0.01
70364427515	2012	8	2	17	0	0.004
70364427515	2012	8	2	18	0	0.01
70364427515	2012	8	2	19	0	0.005
70364427515	2012	8	2	20	0	0.005
70364427515	2012	8	2	21	0	0.008
70364427515	2012	8	2	22	0	0.008
70364427515	2012	8	2	23	0	0.008
70364427515	2012	8	3	0	0	0.004
70364427515	2012	8	3	1	0	0.004
70364427515	2012	8	3	2	0	0.004
70364427515	2012	8	3	3	0	0.004
70364427515	2012	8	3	4	0	0.004
70364427515	2012	8	3	5	0	0.004
70364427515	2012	8	3	6	0	0.001
70364427515	2012	8	3	7	0	0.001
70364427515	2012	8	3	8	0	0.001
70364427515	2012	8	3	9	0	0.001
70364427515	2012	8	3	15	0	0.01
70364427515	2012	8	3	16	0	0.001
70364427515	2012	8	3	17	0	0.01
70364427515	2012	8	3	19	0	0.002
70364427515	2012	8	4	13	0	0.01
70364427515	2012	8	4	17	0	0.02
70364427515	2012	8	4	18	0	0.01
70364427515	2012	8	4	21	0	0.01
70364427515	2012	8	5	0	0	0.01
70364427515	2012	8	5	13	0	0.001
70364427515	2012	8	5	15	0	0.001
70364427515	2012	8	5	19	0	0.001
70364427515	2012	8	5	20	0	0.001
70364427515	2012	8	6	3	0	0.005
70364427515	2012	8	6	7	0	0.012
70364427515	2012	8	6	8	0	0.012
70364427515	2012	8	6	11	0	0.01
70364427515	2012	8	6	14	0	0.01
70364427515	2012	8	6	15	0	0.03
70364427515	2012	8	6	16	0	0.03
70364427515	2012	8	6	17	0	0.02
70364427515	2012	8	6	18	0	0.01
70364427515	2012	8	6	19	0	0.02
70364427515	2012	8	6	20	0	0.01
70364427515	2012	8	6	21	0	0.01
70364427515	2012	8	6	22	0	0.02
70364427515	2012	8	6	23	0	0.03
70364427515	2012	8	7	0	0	0.01
70364427515	2012	8	7	13	0	0.01
70364427515	2012	8	7	15	0	0.01
70364427515	2012	8	10	11	0	0.02
70364427515	2012	8	10	12	0	0.02
70364427515	2012	8	10	13	0	0.02
70364427515	2012	8	10	14	0	0.02
70364427515	2012	8	10	15	0	0.03
70364427515	2012	8	10	16	0	0.01
70364427515	2012	8	10	18	0	0.01
70364427515	2012	8	15	7	0	0.01
70364427515	2012	8	15	10	0	0.01
70364427515	2012	8	15	12	0	0.01
70364427515	2012	8	15	21	0	0.01
70364427515	2012	8	16	0	0	0.01
70364427515	2012	8	16	1	0	0.01
70364427515	2012	8	16	2	0	0.01
70364427515	2012	8	16	3	0	0.01
70364427515	2012	8	16	4	0	0.03
70364427515	2012	8	16	5	0	0.01
70364427515	2012	8	16	6	0	0.01
70364427515	2012	8	16	9	0	0.01
70364427515	2012	8	16	11	0	0.01
70364427515	2012	8	16	16	0	0.01
70364427515	2012	8	18	1	0	0.007
70364427515	2012	8	24	9	0	0.01
70364427515	2012	8	26	1	0	0.001
70364427515	2012	8	27	13	0	0.01
70364427515	2012	8	27	14	0	0.01
70364427515	2012	8	27	20	0	0.02
70364427515	2012	8	27	21	0	0.04
70364427515	2012	8	27	22	0	0.01
70364427515	2012	8	27	23	0	0.01
70364427515	2012	8	28	8	0	0.01
70364427515	2012	8	28	9	0	0.01
70364427515	2012	8	28	18	0	0.01
70364427515	2012	8	28	20	0	0.01
70364427515	2012	8	28	21	0	0.01
70364427515	2012	8	29	1	0	0.01
70364427515	2012	8	29	13	0	0.01
70364427515	2012	8	29	14	0	0.02
70364427515	2012	8	29	17	0	0.01
70364427515	2012	8	29	19	0	0.01
70364427515	2012	8	29	20	0	0.01
70364427515	2012	8	29	21	0	0.01
70364427515	2012	8	30	9	0	0.005
70364427515	2012	8	30	10	0	0.005
70364427515	2012	8	30	11	0	0.005
70364427515	2012	8	30	12	0	0.003
70364427515	2012	8	30	13	0	0.01
70364427515	2012	8	30	14	0	0.003
70364427515	2012	8	30	15	0	0.002
70364427515	2012	8	30	16	0	0.002
70364427515	2012	8	30	17	0	0.002
70364427515	2012	8	30	18	0	0.001
70364427515	2012	8	30	19	0	0.001
70364427515	2012	8	30	20	0	0.001
70364427515	2012	8	31	0	0	0.01
70364427515	2012	8	31	2	0	0.01
70364427515	2012	8	31	3	0	0.02
70364427515	2012	8	31	4	0	0.03
70364427515	2012	8	31	5	0	0.02
70364427515	2012	8	31	10	0	0.01
70364427515	2012	9	5	6	0	0.03
70364427515	2012	9	5	13	0	0.01
70364427515	2012	9	5	14	0	0.01
70364427515	2012	9	5	15	0	0.02
70364427515	2012	9	5	16	0	0.04
70364427515	2012	9	5	17	0	0.01
70364427515	2012	9	6	14	0	0.01
70364427515	2012	9	6	16	0	0.01
70364427515	2012	9	7	1	0	0.01
70364427515	2012	9	7	2	0	0.01
70364427515	2012	9	7	3	0	0.03
70364427515	2012	9	7	4	0	0.01
70364427515	2012	9	7	22	0	0.01
70364427515	2012	9	8	18	0	0.01
70364427515	2012	9	9	20	0	0.01
70364427515	2012	9	12	21	0	0.01
70364427515	2012	9	13	7	0	0.01
70364427515	2012	9	14	14	0	0.01
70364427515	2012	9	14	22	0	0.01
70364427515	2012	9	17	6	0	0.01
70364427515	2012	9	17	7	0	0.03
70364427515	2012	9	17	8	0	0.06
70364427515	2012	9	17	9	0	0.02
70364427515	2012	9	17	17	0	0.01
70364427515	2012	9	20	9	0	0.004
70364427515	2012	9	20	10	0	0.004
70364427515	2012	9	20	11	0	0.004
70364427515	2012	9	20	12	0	0.002
70364427515	2012	9	20	13	0	0.002
70364427515	2012	9	20	14	0	0.002
70364427515	2012	9	20	15	0	0.002
70364427515	2012	9	20	16	0	0.002
70364427515	2012	9	20	17	0	0.002
70364427515	2012	9	20	18	0	0.001
70364427515	2012	9	20	19	0	0.001
70364427515	2012	9	20	20	0	0.001
70364427515	2012	9	20	21	0	0.001
70364427515	2012	9	20	22	0	0.001
70364427515	2012	9	20	23	0	0.001
70364427515	2012	9	21	0	0	0.017
70364427515	2012	9	21	17	0	0.01
70364427515	2012	9	21	18	0	0.01
70364427515	2012	9	21	19	0	0.01
70364427515	2012	9	21	20	0	0.01
70364427515	2012	9	21	21	0	0.01
70364427515	2012	9	21	22	0	0.01
70364427515	2012	9	21	23	0	0.01
70364427515	2012	9	22	1	0	0.01
70364427515	2012	9	22	4	0	0.02
70364427515	2012	9	22	17	0	0.01
70364427515	2012	9	23	5	0	0.01
70364427515	2012	9	24	10	0	0.01
70364427515	2012	9	25	4	0	0.01
70364427515	2012	9	25	6	0	0.01
70364427515	2012	9	25	8	0	0.01
70364427515	2012	9	26	20	0	0.01
70364427515	2012	9	26	21	0	0.01
70364427515	2012	9	27	19	0	0.03
70364427515	2012	9	27	20	0	0.04
70364427515	2012	9	27	21	0	0.01
70364427515	2012	9	27	22	0	0.02
70364427515	2012	9	27	23	0	0.02
70364427515	2012	9	28	0	0	0.03
70364427515	2012	9	28	1	0	0.01
70364427515	2012	9	28	2	0	0.02
70364427515	2012	9	28	3	0	0.01
70364427515	2012	9	28	4	0	0.01
70364427515	2012	9	28	5	0	0.01
70364427515	2012	9	28	13	0	0.01
70364427515	2012	9	28	20	0	0.01
70364427515	2012	9	28	23	0	0.01
70364427515	2012	9	29	0	0	0.01
70364427515	2012	9	29	19	0	0.02
70364427515	2012	9	29	20	0	0.04
70364427515	2012	9	29	21	0	0.01
70364427515	2012	9	29	22	0	0.01
70364427515	2012	9	29	23	0	0.01
70364427515	2012	9	30	0	0	0.01
70364427515	2012	9	30	1	0	0.01
70364427515	2012	9	30	3	0	0.01
70364427515	2012	9	30	20	0	0.01
70364427515	2012	9	30	21	0	0.01
70364427515	2012	10	5	16	0	0.02
70364427515	2012	10	5	18	0	0.01
70364427515	2012	10	5	23	0	0.002
70364427515	2012	10	6	9	0	0.012
70364427515	2012	10	8	5	0	0.01
70364427515	2013	5	8	21	0	0.03
70364427515	2013	5	8	22	0	0.03
70364427515	2013	5	8	23	0	0.04
70364427515	2013	5	9	0	0	0.03
70364427515	2013	5	9	1	0	0.02
70364427515	2013	5	9	2	0	0.01
70364427515	2013	5	9	23	0	0.11
70364427515	2013	5	10	0	0	0.12
70364427515	2013	5	10	1	0	0.03
70364427515	2013	5	10	2	0	0.06
70364427515	2013	5	10	19	0	0.02
70364427515	2013	5	10	20	0	0.04
70364427515	2013	5	10	21	0	0.04
70364427515	2013	5	10	22	0	0.04
70364427515	2013	5	10	23	0	0.04
70364427515	2013	5	11	0	0	0.03
70364427515	2013	5	11	1	0	0.02
70364427515	2013	5	11	2	0	0.01
70364427515	2013	5	11	18	0	0.01
70364427515	2013	5	11	19	0	0.01
70364427515	2013	5	11	21	0	0.01
70364427515	2013	5	12	17	0	0.05
70364427515	2013	5	12	18	0	0.04
70364427515	2013	5	12	19	0	0.02
70364427515	2013	5	12	20	0	0.01
70364427515	2013	5	12	21	0	0.02
70364427515	2013	5	12	22	0	0.02
70364427515	2013	5	12	23	0	0.03
70364427515	2013	5	13	0	0	0.01
70364427515	2013	5	13	2	0	0.01
70364427515	2013	5	13	3	0	0.01
70364427515	2013	5	15	22	0	0.01
70364427515	2013	5	16	1	0	0.01
70364427515	2013	5	16	19	0	0.01
70364427515	2013	5	19	22	0	0.03
70364427515	2013	5	19	23	0	0.04
70364427515	2013	5	20	0	0	0.02
70364427515	2013	5	20	1	0	0.02
70364427515	2013	5	20	15	0	0.01
70364427515	2013	5	20	16	0	0.02
70364427515	2013	5	29	14	0	0.01
70364427515	2013	5	29	15	0	0.01
70364427515	2013	6	5	21	0	0.05
70364427515	2013	6	5	22	0	0.04
70364427515	2013	6	8	20	0	0.01
70364427515	2013	6	9	15	0	0.02
70364427515	2013	6	9	16	0	0.07
70364427515	2013	6	9	17	0	0.05
70364427515	2013	6	9	18	0	0.01
70364427515	2013	6	9	19	0	0.01
70364427515	2013	6	10	4	0	0.01
70364427515	2013	6	10	5	0	0.02
70364427515	2013	6	10	7	0	0.03
70364427515	2013	6	10	8	0	0.01
70364427515	2013	6	15	7	0	0.02
70364427515	2013	6	15	12	0	0.01
70364427515	2013	6	15	13	0	0.01
70364427515	2013	6	15	14	0	0.01
70364427515	2013	6	15	15	0	0.04
70364427515	2013	6	15	17	0	0.02
70364427515	2013	6	16	2	0	0.01
70364427515	2013	6	16	3	0	0.08
70364427515	2013	6	16	4	0	0.01
70364427515	2013	6	16	5	0	0.05
70364427515	2013	6	16	6	0	0.01
70364427515	2013	6	21	8	0	0.004
70364427515	2013	6	22	23	0	0.01
70364427515	2013	6	23	0	0	0.02
70364427515	2013	6	23	1	0	0.02
70364427515	2013	6	23	2	0	0.01
70364427515	2013	6	28	23	0	0.01
70364427515	2013	6	29	0	0	0.02
70364427515	2013	7	2	8	0	0.01
70364427515	2013	7	2	16	0	0.01
70364427515	2013	7	2	17	0	0.03
70364427515	2013	7	3	3	0	0.03
70364427515	2013	7	3	6	0	0.05
70364427515	2013	7	3	9	0	0.01
70364427515	2013	7	3	13	0	0.01
70364427515	2013	7	3	21	0	0.01
70364427515	2013	7	5	15	0	0.04
70364427515	2013	7	5	16	0	0.03
70364427515	2013	7	5	18	0	0.2
70364427515	2013	7	5	19	0	0.1
70364427515	2013	7	5	20	0	0.06
70364427515	2013	7	5	21	0	0.01
70364427515	2013	7	9	11	0	0.01
70364427515	2013	7	9	12	0	0.01
70364427515	2013	7	9	14	0	0.01
70364427515	2013	7	9	15	0	0.01
70364427515	2013	7	9	16	0	0.02
70364427515	2013	7	9	17	0	0.02
70364427515	2013	7	9	18	0	0.01
70364427515	2013	7	16	20	0	0.005
70364427515	2013	7	17	6	0	0.15
70364427515	2013	7	17	7	0	0.08
70364427515	2013	7	17	8	0	0.03
70364427515	2013	7	23	14	0	0.02
70364427515	2013	7	23	15	0	0.02
70364427515	2013	7	23	16	0	0.04
70364427515	2013	7	23	17	0	0.03
70364427515	2013	7	23	18	0	0.03
70364427515	2013	7	23	20	0	0.01
70364427515	2013	7	23	21	0	0.05
70364427515	2013	7	23	23	0	0.05
70364427515	2013	7	24	0	0	0.02
70364427515	2013	7	24	1	0	0.02
70364427515	2013	7	24	2	0	0.02
70364427515	2013	7	24	3	0	0.02
70364427515	2013	7	24	4	0	0.01
70364427515	2013	7	24	5	0	0.03
70364427515	2013	7	24	6	0	0.01
70364427515	2013	7	24	22	0	0.01
70364427515	2013	7	25	6	0	0.01
70364427515	2013	7	25	11	0	0.01
70364427515	2013	7	25	12	0	0.01
70364427515	2013	7	25	13	0	0.01
70364427515	2013	7	25	14	0	0.01
70364427515	2013	7	25	15	0	0.01
70364427515	2013	7	27	14	0	0.03
70364427515	2013	7	27	15	0	0.02
70364427515	2013	7	27	16	0	0.01
70364427515	2013	7	27	17	0	0.04
70364427515	2013	7	27	18	0	0.01
70364427515	2013	7	27	21	0	0.03
70364427515	2013	7	27	22	0	0.01
70364427515	2013	7	27	23	0	0.01
70364427515	2013	7	28	0	0	0.04
70364427515	2013	7	28	1	0	0.03
70364427515	2013	7	28	2	0	0.1
70364427515	2013	7	28	3	0	0.03
70364427515	2013	7	28	4	0	0.02
70364427515	2013	7	28	5	0	0.01
70364427515	2013	7	28	9	0	0.01
70364427515	2013	7	28	22	0	0.01
70364427515	2013	7	29	3	0	0.02
70364427515	2013	7	29	13	0	0.01
70364427515	2013	7	30	19	0	0.01
70364427515	2013	7	30	21	0	0.01
70364427515	2013	7	30	22	0	0.01
70364427515	2013	7	31	0	0	0.01
70364427515	2013	7	31	1	0	0.01
70364427515	2013	7	31	2	0	0.01
70364427515	2013	7	31	3	0	0.01
70364427515	2013	7	31	5	0	0.01
70364427515	2013	7	31	12	0	0.05
70364427515	2013	7	31	13	0	0.03
70364427515	2013	7	31	14	0	0.02
70364427515	2013	8	2	4	0	0.01
70364427515	2013	8	2	5	0	0.03
70364427515	2013	8	2	6	0	0.02
70364427515	2013	8	2	7	0	0.01
70364427515	2013	8	2	8	0	0.01
70364427515	2013	8	2	11	0	0.01
70364427515	2013	8	3	19	0	0.001
70364427515	2013	8	3	22	0	0.002
70364427515	2013	8	5	2	0	0.03
70364427515	2013	8	5	6	0	0.02
70364427515	2013	8	5	7	0	0.04
70364427515	2013	8	7	15	0	0.01
70364427515	2013	8	9	22	0	0.001
70364427515	2013	8	10	4	0	0.01
70364427515	2013	8	10	5	0	0.01
70364427515	2013	8	10	7	0	0.02
70364427515	2013	8	10	8	0	0.01
70364427515	2013	8	10	14	0	0.01
70364427515	2013	8	10	22	0	0.006
70364427515	2013	8	10	23	0	0.006
70364427515	2013	8	12	0	0	0.005
70364427515	2013	8	12	1	0	0.005
70364427515	2013	8	12	2	0	0.005
70364427515	2013	8	12	3	0	0.005
70364427515	2013	8	12	8	0	0.005
70364427515	2013	8	12	10	0	0.005
70364427515	2013	8	12	11	0	0.005
70364427515	2013	8	12	13	0	0.005
70364427515	2013	8	12	14	0	0.005
70364427515	2013	8	12	15	0	0.005
70364427515	2013	8	12	16	0	0.005
70364427515	2013	8	12	19	0	0.005
70364427515	2013	8	12	21	0	0.005
70364427515	2013	8	12	22	0	0.005
70364427515	2013	8	12	23	0	0.005
70364427515	2013	8	13	3	0	0.001
70364427515	2013	8	13	4	0	0.001
70364427515	2013	8	13	5	0	0.001
70364427515	2013	8	13	10	0	0.001
70364427515	2013	8	13	11	0	0.001
70364427515	2013	8	13	13	0	0.001
70364427515	2013	8	13	14	0	0.001
70364427515	2013	8	13	15	0	0.001
70364427515	2013	8	15	3	0	0.01
70364427515	2013	8	15	4	0	0.01
70364427515	2013	8	15	5	0	0.01
70364427515	2013	8	15	7	0	0.01
70364427515	2013	8	15	8	0	0.01
70364427515	2013	8	15	9	0	0.01
70364427515	2013	8	16	4	0	0.004
70364427515	2013	8	16	16	0	0.01
70364427515	2013	8	16	19	0	0.004
70364427515	2013	8	18	17	0	0.01
70364427515	2013	8	19	20	0	0.005
70364427515	2013	8	23	10	0	0.01
70364427515	2013	8	23	15	0	0.01
70364427515	2013	8	29	13	0	0.01
70364427515	2013	8	30	7	0	0.01
70364427515	2013	8	30	8	0	0.04
70364427515	2013	8	30	9	0	0.03
70364427515	2013	8	30	10	0	0.03
70364427515	2013	8	30	11	0	0.04
70364427515	2013	8	30	12	0	0.02
70364427515	2013	8	30	13	0	0.01
70364427515	2013	8	30	16	0	0.02
70364427515	2013	8	30	17	0	0.01
70364427515	2013	8	30	20	0	0.02
70364427515	2013	8	30	21	0	0.01
70364427515	2013	8	30	22	0	0.01
70364427515	2013	8	30	23	0	0.01
70364427515	2013	8	31	0	0	0.04
70364427515	2013	8	31	2	0	0.01
70364427515	2013	8	31	18	0	0.02
70364427515	2013	9	3	16	0	0.02
70364427515	2013	9	3	17	0	0.02
70364427515	2013	9	3	18	0	0.02
70364427515	2013	9	3	19	0	0.02
70364427515	2013	9	5	20	0	0.01
70364427515	2013	9	5	21	0	0.03
70364427515	2013	9	5	22	0	0.04
70364427515	2013	9	5	23	0	0.06
70364427515	2013	9	6	0	0	0.01
70364427515	2013	9	6	7	0	0.02
70364427515	2013	9	6	11	0	0.01
70364427515	2013	9	8	9	0	0.01
70364427515	2013	9	12	13	0	0.02
70364427515	2013	9	12	14	0	0.02
70364427515	2013	9	12	15	0	0.07
70364427515	2013	9	12	16	0	0.01
70364427515	2013	9	12	18	0	0.01
70364427515	2013	9	14	14	0	0.003
70364427515	2013	9	14	15	0	0.01
70364427515	2013	9	14	16	0	0.02
70364427515	2013	9	14	17	0	0.02
70364427515	2013	9	14	18	0	0.01
70364427515	2013	9	14	19	0	0.01
70364427515	2013	9	14	23	0	0.01
70364427515	2013	9	15	0	0	0.02
70364427515	2013	9	15	1	0	0.02
70364427515	2013	9	15	2	0	0.01
70364427515	2013	9	19	22	0	0.06
70364427515	2013	9	19	23	0	0.03
70364427515	2013	9	20	0	0	0.03
70364427515	2013	9	20	21	0	0.01
70364427515	2013	9	21	1	0	0.01
70364427515	2013	9	21	23	0	0.02
70364427515	2013	9	27	22	0	0.01
70364427515	2013	9	28	13	0	0.01
70364427515	2013	10	18	7	0	0.01
70364427515	2013	10	18	9	0	0.02
70364427515	2013	10	18	12	0	0.01
70364427515	2013	11	10	3	0	0.04
70364427515	2013	11	10	4	0	0.03
70364427515	2013	11	10	5	0	0.01
70364427515	2013	11	10	9	0	0.02
70364427515	2013	11	10	10	0	0.02
70364427515	2013	11	10	11	0	0.01
70364427515	2013	11	10	12	0	0.04
70364427515	2013	11	10	13	0	0.07
70364427515	2013	11	10	14	0	0.05
70364427515	2013	11	19	1	0	0.02
70364427515	2013	12	7	21	0	0.01
70364427515	2013	12	7	22	0	0.01
70364427515	2013	12	7	23	0	0.03
70364427515	2013	12	8	0	0	0.02
70364427515	2013	12	8	1	0	0.05
70364427515	2013	12	8	2	0	0.05
70364427515	2013	12	8	3	0	0.08
70364427515	2013	12	8	4	0	0.08
70364427515	2014	4	15	21	0	0.03
70364427515	2014	4	15	22	0	0.04
70364427515	2014	4	16	0	0	0.08
70364427515	2014	4	16	1	0	0.1
70364427515	2014	4	16	2	0	0.02
70364427515	2014	4	16	3	0	0.01
70364427515	2014	4	26	22	0	0.01
70364427515	2014	5	10	20	0	0.01
70364427515	2014	5	13	11	0	0.01
70364427515	2014	5	13	12	0	0.03
70364427515	2014	5	13	13	0	0.02
70364427515	2014	5	13	18	0	0.01
70364427515	2014	5	15	3	0	0.001
70364427515	2014	5	15	10	0	0.01
70364427515	2014	5	15	11	0	0.02
70364427515	2014	5	15	12	0	0.01
70364427515	2014	5	15	14	0	0.01
70364427515	2014	5	15	15	0	0.02
70364427515	2014	5	15	17	0	0.01
70364427515	2014	5	15	22	0	0.01
70364427515	2014	5	16	6	0	0.01
70364427515	2014	5	16	7	0	0.01
70364427515	2014	5	16	8	0	0.01
70364427515	2014	5	16	11	0	0.01
70364427515	2014	5	16	16	0	0.01
70364427515	2014	5	17	15	0	0.01
70364427515	2014	5	17	16	0	0.02
70364427515	2014	5	17	17	0	0.01
70364427515	2014	5	17	19	0	0.02
70364427515	2014	5	17	20	0	0.01
70364427515	2014	5	18	5	0	0.01
70364427515	2014	5	18	16	0	0.01
70364427515	2014	5	21	0	0	0.01
70364427515	2014	5	22	20	0	0.01
70364427515	2014	5	22	21	0	0.01
70364427515	2014	5	22	22	0	0.01
70364427515	2014	5	26	17	0	0.03
70364427515	2014	5	26	18	0	0.05
70364427515	2014	5	26	19	0	0.02
70364427515	2014	5	27	20	0	0.01
70364427515	2014	5	29	4	0	0.01
70364427515	2014	6	2	1	0	0.01
70364427515	2014	6	2	2	0	0.02
70364427515	2014	6	2	4	0	0.01
70364427515	2014	6	5	8	0	0.01
70364427515	2014	6	5	9	0	0.02
70364427515	2014	6	5	10	0	0.04
70364427515	2014	6	5	11	0	0.05
70364427515	2014	6	5	12	0	0.03
70364427515	2014	6	5	13	0	0.01
70364427515	2014	6	7	16	0	0.02
70364427515	2014	6	10	12	0	0.01
70364427515	2014	6	15	8	0	0.003
70364427515	2014	6	22	16	0	0.01
70364427515	2014	6	22	17	0	0.01
70364427515	2014	6	22	18	0	0.01
70364427515	2014	6	22	20	0	0.01
70364427515	2014	6	22	21	0	0.02
70364427515	2014	6	22	22	0	0.02
70364427515	2014	6	22	23	0	0.04
70364427515	2014	6	23	0	0	0.03
70364427515	2014	6	23	1	0	0.01
70364427515	2014	6	23	2	0	0.01
70364427515	2014	6	23	3	0	0.01
70364427515	2014	6	23	4	0	0.01
70364427515	2014	6	23	5	0	0.01
70364427515	2014	6	23	6	0	0.01
70364427515	2014	6	23	10	0	0.01
70364427515	2014	6	23	23	0	0.01
70364427515	2014	6	24	0	0	0.02
70364427515	2014	6	27	3	0	0.01
70364427515	2014	6	27	4	0	0.02
70364427515	2014	6	27	5	0	0.01
70364427515	2014	6	28	3	0	0.01
70364427515	2014	6	28	4	0	0.01
70364427515	2014	6	28	11	0	0.01
70364427515	2014	6	28	12	0	0.01
70364427515	2014	7	1	14	0	0.02
70364427515	2014	7	1	19	0	0.01
70364427515	2014	7	2	13	0	0.01
70364427515	2014	7	2	14	0	0.02
70364427515	2014	7	2	15	0	0.06
70364427515	2014	7	2	16	0	0.01
70364427515	2014	7	2	21	0	0.01
70364427515	2014	7	2	22	0	0.02
70364427515	2014	7	2	23	0	0.01
70364427515	2014	7	3	0	0	0.04
70364427515	2014	7	3	1	0	0.02
70364427515	2014	7	3	2	0	0.06
70364427515	2014	7	3	3	0	0.01
70364427515	2014	7	3	6	0	0.01
70364427515	2014	7	13	4	0	0.06
70364427515	2014	7	13	5	0	0.02
70364427515	2014	7	13	6	0	0.01
70364427515	2014	7	13	8	0	0.02
70364427515	2014	7	13	10	0	0.03
70364427515	2014	7	13	13	0	0.03
70364427515	2014	7	13	14	0	0.01
70364427515	2014	7	13	20	0	0.02
70364427515	2014	7	13	21	0	0.03
70364427515	2014	7	16	10	0	0.02
70364427515	2014	7	16	13	0	0.01
70364427515	2014	7	16	15	0	0.01
70364427515	2014	7	17	16	0	0.01
70364427515	2014	7	17	20	0	0.01
70364427515	2014	7	17	21	0	0.01
70364427515	2014	7	17	23	0	0.03
70364427515	2014	7	18	0	0	0.01
70364427515	2014	7	18	2	0	0.01
70364427515	2014	7	18	3	0	0.01
70364427515	2014	7	18	5	0	0.02
70364427515	2014	7	18	6	0	0.02
70364427515	2014	7	18	11	0	0.01
70364427515	2014	7	18	12	0	0.01
70364427515	2014	7	18	13	0	0.01
70364427515	2014	7	18	15	0	0.02
70364427515	2014	7	18	16	0	0.02
70364427515	2014	7	18	17	0	0.01
70364427515	2014	7	18	23	0	0.01
70364427515	2014	7	20	2	0	0.01
70364427515	2014	7	21	8	0	0.01
70364427515	2014	7	21	9	0	0.03
70364427515	2014	7	21	16	0	0.02
70364427515	2014	7	21	17	0	0.01
70364427515	2014	7	22	3	0	0.01
70364427515	2014	7	22	4	0	0.01
70364427515	2014	7	23	2	0	0.01
70364427515	2014	7	23	20	0	0.01
70364427515	2014	7	24	2	0	0.02
70364427515	2014	7	24	3	0	0.04
70364427515	2014	7	24	4	0	0.01
70364427515	2014	7	24	5	0	0.01
70364427515	2014	7	24	8	0	0.02
70364427515	2014	7	24	9	0	0.01
70364427515	2014	7	24	10	0	0.01
70364427515	2014	7	24	11	0	0.01
70364427515	2014	7	24	13	0	0.01
70364427515	2014	7	24	19	0	0.01
70364427515	2014	7	26	7	0	0.01
70364427515	2014	7	26	8	0	0.02
70364427515	2014	7	26	11	0	0.01
70364427515	2014	7	26	13	0	0.02
70364427515	2014	7	28	15	0	0.01
70364427515	2014	8	1	3	0	0.01
70364427515	2014	8	1	6	0	0.02
70364427515	2014	8	1	7	0	0.03
70364427515	2014	8	1	8	0	0.02
70364427515	2014	8	1	9	0	0.01
70364427515	2014	8	1	11	0	0.02
70364427515	2014	8	1	12	0	0.01
70364427515	2014	8	2	0	0	0.01
70364427515	2014	8	2	11	0	0.01
70364427515	2014	8	2	19	0	0.01
70364427515	2014	8	3	3	0	0.01
70364427515	2014	8	3	5	0	0.01
70364427515	2014	8	3	15	0	0.01
70364427515	2014	8	7	20	0	0.01
70364427515	2014	8	19	3	0	0.02
70364427515	2014	8	19	4	0	0.02
70364427515	2014	8	19	5	0	0.08
70364427515	2014	8	19	6	0	0.05
70364427515	2014	8	19	9	0	0.01
70364427515	2014	8	22	9	0	0.03
70364427515	2014	8	24	10	0	0.02
70364427515	2014	8	25	10	0	0.01
70364427515	2014	8	28	9	0	0.01
70364427515	2014	8	28	17	0	0.01
70364427515	2014	8	28	20	0	0.01
70364427515	2014	8	29	1	0	0.01
70364427515	2014	8	29	2	0	0.03
70364427515	2014	8	29	3	0	0.03
70364427515	2014	8	29	4	0	0.01
70364427515	2014	8	29	5	0	0.02
70364427515	2014	8	29	6	0	0.01
70364427515	2014	8	29	17	0	0.01
70364427515	2014	8	29	22	0	0.01
70364427515	2014	8	29	23	0	0.01
70364427515	2014	8	30	0	0	0.01
70364427515	2014	8	30	1	0	0.03
70364427515	2014	8	31	0	0	0.03
70364427515	2014	9	1	0	0	0.01
70364427515	2014	9	1	2	0	0.01
70364427515	2014	9	1	13	0	0.05
70364427515	2014	9	1	14	0	0.06
70364427515	2014	9	1	15	0	0.04
70364427515	2014	9	1	16	0	0.02
70364427515	2014	9	2	2	0	0.01
70364427515	2014	9	2	3	0	0.02
70364427515	2014	9	3	3	0	0.03
70364427515	2014	9	3	17	0	0.01
70364427515	2014	9	3	18	0	0.01
70364427515	2014	9	3	19	0	0.02
70364427515	2014	9	3	21	0	0.01
70364427515	2014	9	4	0	0	0.01
70364427515	2014	9	4	2	0	0.01
70364427515	2014	9	4	3	0	0.03
70364427515	2014	9	4	4	0	0.02
70364427515	2014	9	4	6	0	0.01
70364427515	2014	9	4	8	0	0.01
70364427515	2014	9	4	10	0	0.01
70364427515	2014	9	4	16	0	0.01
70364427515	2014	9	20	10	0	0.01
70364427515	2014	9	20	11	0	0.02
70364427515	2014	9	20	12	0	0.02
70364427515	2014	9	20	13	0	0.04
70364427515	2014	9	20	14	0	0.01
70364427515	2014	9	20	15	0	0.01
70364427515	2014	9	20	17	0	0.01
70364427515	2014	9	21	23	0	0.01
70364427515	2014	9	22	3	0	0.01
70364427515	2014	9	23	7	0	0.01
70364427515	2014	9	23	21	0	0.02
70364427515	2014	9	24	20	0	0.01
70364427515	2014	9	30	9	0	0.01
70364427515	2014	9	30	11	0	0.01
70364427515	2014	9	30	13	0	0.02
70364427515	2014	9	30	15	0	0.01
70364427515	2014	10	1	1	0	0.01
70364427515	2014	10	1	4	0	0.01
70364427515	2014	10	1	7	0	0.01
70364427515	2014	10	1	12	0	0.01
70364427515	2014	10	1	17	0	0.02
70364427515	2014	10	1	18	0	0.02
70364427515	2014	10	1	19	0	0.01
70364427515	2014	10	1	20	0	0.02
70364427515	2014	10	2	0	0	0.01
70364427515	2014	10	2	2	0	0.01
70364427515	2015	2	27	12	0	0.002
70364427515	2015	2	27	13	0	0.002
70364427515	2015	2	27	14	0	0.002
70364427515	2015	2	27	15	0	0.004
70364427515	2015	2	27	16	0	0.004
70364427515	2015	2	27	17	0	0.004
70364427515	2015	5	5	22	0	0.01
70364427515	2015	5	11	3	0	0.01
70364427515	2015	5	11	4	0	0.03
70364427515	2015	5	11	5	0	0.03
70364427515	2015	5	22	15	0	0.04
70364427515	2015	5	26	7	0	0.06
70364427515	2015	6	2	13	0	0.01
70364427515	2015	6	5	13	0	0.01
70364427515	2015	6	6	22	0	0.04
70364427515	2015	6	6	23	0	0.04
70364427515	2015	6	7	0	0	0.04
70364427515	2015	6	7	1	0	0.04
70364427515	2015	6	7	2	0	0.02
70364427515	2015	6	8	15	0	0.01
70364427515	2015	6	9	2	0	0.07
70364427515	2015	6	9	3	0	0.01
70364427515	2015	6	9	6	0	0.01
70364427515	2015	6	9	7	0	0.07
70364427515	2015	6	9	15	0	0.01
70364427515	2015	6	11	1	0	0.01
70364427515	2015	6	11	2	0	0.03
70364427515	2015	6	25	2	0	0.001
70364427515	2015	7	1	19	0	0.01
70364427515	2015	7	2	18	0	0.01
70364427515	2015	7	2	19	0	0.01
70364427515	2015	7	2	21	0	0.03
70364427515	2015	7	2	22	0	0.04
70364427515	2015	7	4	11	0	0.01
70364427515	2015	8	1	2	0	0.02
70364427515	2015	8	1	6	0	0.01
70364427515	2015	8	1	9	0	0.01
70364427515	2015	8	1	11	0	0.01
70364427515	2015	8	2	21	0	0.01
70364427515	2015	8	2	22	0	0.07
70364427515	2015	8	2	23	0	0.02
70364427515	2015	8	3	0	0	0.03
70364427515	2015	8	3	2	0	0.03
70364427515	2015	8	3	3	0	0.04
70364427515	2015	8	3	4	0	0.01
70364427515	2015	8	3	5	0	0.01
70364427515	2015	8	3	15	0	0.04
70364427515	2015	8	3	16	0	0.04
70364427515	2015	8	3	17	0	0.06
70364427515	2015	8	3	18	0	0.02
70364427515	2015	8	3	19	0	0.04
70364427515	2015	8	3	20	0	0.03
70364427515	2015	8	3	23	0	0.01
70364427515	2015	8	4	0	0	0.01
70364427515	2015	8	4	1	0	0.02
70364427515	2015	8	4	2	0	0.01
70364427515	2015	8	4	3	0	0.01
70364427515	2015	8	4	4	0	0.01
70364427515	2015	8	4	5	0	0.01
70364427515	2015	8	4	6	0	0.01
70364427515	2015	8	5	15	0	0.01
70364427515	2015	8	8	5	0	0.01
70364427515	2015	8	8	6	0	0.01
70364427515	2015	8	8	8	0	0.01
70364427515	2015	8	8	12	0	0.01
70364427515	2015	8	8	13	0	0.01
70364427515	2015	8	8	14	0	0.04
70364427515	2015	8	8	15	0	0.04
70364427515	2015	8	8	17	0	0.03
70364427515	2015	8	8	18	0	0.11
70364427515	2015	8	8	19	0	0.09
70364427515	2015	8	8	20	0	0.01
70364427515	2015	8	9	20	0	0.002
70364427515	2015	8	9	21	0	0.03
70364427515	2015	8	9	22	0	0.01
70364427515	2015	8	9	23	0	0.02
70364427515	2015	8	10	0	0	0.04
70364427515	2015	8	10	1	0	0.03
70364427515	2015	8	10	2	0	0.01
70364427515	2015	8	10	3	0	0.01
70364427515	2015	8	10	10	0	0.02
70364427515	2015	8	10	11	0	0.02
70364427515	2015	8	10	12	0	0.02
70364427515	2015	8	10	13	0	0.01
70364427515	2015	8	10	14	0	0.02
70364427515	2015	8	10	15	0	0.01
70364427515	2015	8	10	17	0	0.01
70364427515	2015	8	10	18	0	0.02
70364427515	2015	8	10	19	0	0.01
70364427515	2015	8	10	20	0	0.01
70364427515	2015	8	10	21	0	0.01
70364427515	2015	8	11	0	0	0.01
70364427515	2015	8	13	22	0	0.01
70364427515	2015	8	14	3	0	0.01
70364427515	2015	8	14	5	0	0.01
70364427515	2015	8	14	6	0	0.05
70364427515	2015	8	14	7	0	0.01
70364427515	2015	8	14	11	0	0.02
70364427515	2015	8	15	16	0	0.01
70364427515	2015	8	15	17	0	0.01
70364427515	2015	8	19	8	0	0.009
70364427515	2015	8	25	17	0	0.01
70364427515	2015	8	26	0	0	0.03
70364427515	2015	8	26	1	0	0.05
70364427515	2015	8	26	2	0	0.03
70364427515	2015	8	26	3	0	0.02
70364427515	2015	8	26	4	0	0.02
70364427515	2015	8	26	5	0	0.01
70364427515	2015	8	26	7	0	0.02
70364427515	2015	8	26	10	0	0.01
70364427515	2015	8	26	22	0	0.01
70364427515	2015	8	26	23	0	0.01
70364427515	2015	8	27	0	0	0.03
70364427515	2015	8	27	1	0	0.01
70364427515	2015	8	27	2	0	0.01
70364427515	2015	8	27	3	0	0.01
70364427515	2015	8	27	4	0	0.01
70364427515	2015	8	27	5	0	0.01
70364427515	2015	8	27	18	0	0.01
70364427515	2015	8	27	20	0	0.01
70364427515	2015	8	27	23	0	0.01
70364427515	2015	8	28	1	0	0.01
70364427515	2015	8	28	15	0	0.01
70364427515	2015	8	28	23	0	0.04
70364427515	2015	8	29	4	0	0.01
70364427515	2015	8	29	5	0	0.05
70364427515	2015	8	29	7	0	0.01
70364427515	2015	8	29	8	0	0.01
70364427515	2015	8	29	13	0	0.01
70364427515	2015	8	30	3	0	0.02
70364427515	2015	8	31	9	0	0.01
70364427515	2015	8	31	11	0	0.01
70364427515	2015	9	8	0	0	0.02
70364427515	2015	9	8	22	0	0.01
70364427515	2015	9	9	2	0	0.01
70364427515	2015	9	9	3	0	0.01
70364427515	2015	9	9	4	0	0.01
70364427515	2015	9	10	23	0	0.01
70364427515	2015	9	12	2	0	0.01
70364427515	2015	9	12	22	0	0.03
70364427515	2015	9	14	0	0	0.01
70364427515	2015	9	14	1	0	0.02
70364427515	2015	9	14	2	0	0.02
70364427515	2015	9	14	3	0	0.02
70364427515	2015	9	14	4	0	0.02
70364427515	2015	9	14	5	0	0.02
70364427515	2015	9	14	6	0	0.01
70364427515	2015	9	14	7	0	0.01
70364427515	2015	9	14	8	0	0.01
70364427515	2015	9	14	10	0	0.01
70364427515	2015	9	14	17	0	0.01
70364427515	2015	9	14	18	0	0.03
70364427515	2015	9	14	19	0	0.01
70364427515	2015	9	25	21	0	0.02
70364427515	2015	9	25	22	0	0.03
70364427515	2015	9	25	23	0	0.02
70364427515	2015	9	26	0	0	0.02
70364427515	2015	9	26	1	0	0.02
70364427515	2015	9	26	2	0	0.01
70364427515	2015	9	26	3	0	0.01
70364427515	2015	9	26	5	0	0.01
70364427515	2015	9	26	6	0	0.01
70364427515	2015	9	26	7	0	0.02
70364427515	2015	9	26	8	0	0.02
70364427515	2015	9	26	9	0	0.01
70364427515	2015	9	26	10	0	0.01
70364427515	2015	9	26	11	0	0.01
70364427515	2015	9	26	12	0	0.01
70364427515	2015	9	26	23	0	0.01
70364427515	2015	9	28	20	0	0.02
70364427515	2015	9	28	21	0	0.03
70364427515	2015	9	28	22	0	0.01
70364427515	2015	10	3	8	0	0.01
70364427515	2016	4	22	22	0	0.01
70364427515	2016	4	22	23	0	0.02
70364427515	2016	4	23	0	0	0.03
70364427515	2016	4	23	1	0	0.01
70364427515	2016	4	27	23	0	0.01
70364427515	2016	4	28	3	0	0.01
70364427515	2016	4	28	23	0	0.01
70364427515	2016	4	29	0	0	0.01
70364427515	2016	4	29	2	0	0.01
70364427515	2016	4	29	18	0	0.01
70364427515	2016	4	29	19	0	0.02
70364427515	2016	4	29	23	0	0.01
70364427515	2016	4	30	1	0	0.01
70364427515	2016	5	4	19	0	0.01
70364427515	2016	5	13	20	0	0.01
70364427515	2016	5	22	19	0	0.01
70364427515	2016	5	22	20	0	0.01
70364427515	2016	5	22	22	0	0.01
70364427515	2016	5	22	23	0	0.01
70364427515	2016	5	23	0	0	0.01
70364427515	2016	5	24	18	0	0.01
70364427515	2016	5	24	19	0	0.01
70364427515	2016	5	24	20	0	0.02
70364427515	2016	5	24	21	0	0.01
70364427515	2016	6	1	18	0	0.02
70364427515	2016	6	2	19	0	0.01
70364427515	2016	6	2	21	0	0.01
70364427515	2016	6	3	4	0	0.01
70364427515	2016	6	5	4	0	0.04
70364427515	2016	6	5	5	0	0.12
70364427515	2016	6	5	6	0	0.08
70364427515	2016	6	5	7	0	0.06
70364427515	2016	6	5	8	0	0.01
70364427515	2016	6	5	13	0	0.01
70364427515	2016	6	5	14	0	0.01
70364427515	2016	6	5	15	0	0.01
70364427515	2016	6	5	17	0	0.01
70364427515	2016	6	7	17	0	0.01
70364427515	2016	6	8	3	0	0.01
70364427515	2016	6	9	1	0	0.01
70364427515	2016	6	9	17	0	0.01
70364427515	2016	6	9	19	0	0.01
70364427515	2016	6	9	21	0	0.01
70364427515	2016	6	9	23	0	0.01
70364427515	2016	6	10	0	0	0.02
70364427515	2016	6	10	1	0	0.01
70364427515	2016	6	10	17	0	0.01
70364427515	2016	6	15	9	0	0.01
70364427515	2016	6	15	10	0	0.01
70364427515	2016	6	15	12	0	0.01
70364427515	2016	6	18	10	0	0.01
70364427515	2016	6	18	15	0	0.02
70364427515	2016	6	18	16	0	0.02
70364427515	2016	6	18	20	0	0.01
70364427515	2016	6	19	2	0	0.01
70364427515	2016	6	19	3	0	0.04
70364427515	2016	6	19	6	0	0.01
70364427515	2016	6	19	8	0	0.01
70364427515	2016	6	20	19	0	0.01
70364427515	2016	6	21	2	0	0.01
70364427515	2016	6	21	5	0	0.02
70364427515	2016	6	21	6	0	0.13
70364427515	2016	6	21	7	0	0.12
70364427515	2016	6	21	8	0	0.04
70364427515	2016	6	21	9	0	0.06
70364427515	2016	6	21	10	0	0.02
70364427515	2016	6	21	11	0	0.03
70364427515	2016	6	21	12	0	0.01
70364427515	2016	6	21	13	0	0.01
70364427515	2016	6	21	15	0	0.01
70364427515	2016	6	21	16	0	0.01
70364427515	2016	6	21	17	0	0.01
70364427515	2016	6	21	18	0	0.01
70364427515	2016	6	21	21	0	0.005
70364427515	2016	6	21	22	0	0.005
70364427515	2016	6	21	23	0	0.005
70364427515	2016	6	27	5	0	0.02
70364427515	2016	6	29	13	0	0.02
70364427515	2016	6	29	16	0	0.01
70364427515	2016	6	30	9	0	0.001
70364427515	2016	6	30	10	0	0.001
70364427515	2016	6	30	11	0	0.001
70364427515	2016	6	30	12	0	0.001
70364427515	2016	6	30	13	0	0.001
70364427515	2016	6	30	14	0	0.001
70364427515	2016	6	30	15	0	0.001
70364427515	2016	7	10	4	0	0.03
70364427515	2016	7	10	22	0	0.02
70364427515	2016	7	11	3	0	0.01
70364427515	2016	7	17	17	0	0.01
70364427515	2016	7	18	20	0	0.01
70364427515	2016	7	20	13	0	0.01
70364427515	2016	7	27	21	0	0.1
70364427515	2016	7	27	22	0	0.1
70364427515	2016	7	27	23	0	0.02
70364427515	2016	7	28	0	0	0.03
70364427515	2016	7	28	6	0	0.01
70364427515	2016	7	28	7	0	0.02
70364427515	2016	7	28	8	0	0.03
70364427515	2016	7	28	9	0	0.01
70364427515	2016	7	28	10	0	0.01
70364427515	2016	7	28	11	0	0.02
70364427515	2016	7	28	13	0	0.01
70364427515	2016	7	28	15	0	0.03
70364427515	2016	7	28	16	0	0.05
70364427515	2016	7	28	17	0	0.02
70364427515	2016	7	28	18	0	0.01
70364427515	2016	7	28	21	0	0.01
70364427515	2016	8	1	4	0	0.01
70364427515	2016	8	1	8	0	0.01
70364427515	2016	8	1	17	0	0.01
70364427515	2016	8	1	18	0	0.02
70364427515	2016	8	1	22	0	0.01
70364427515	2016	8	2	0	0	0.02
70364427515	2016	8	2	1	0	0.01
70364427515	2016	8	2	2	0	0.01
70364427515	2016	8	2	3	0	0.08
70364427515	2016	8	2	4	0	0.04
70364427515	2016	8	2	16	0	0.001
70364427515	2016	8	2	17	0	0.001
70364427515	2016	8	2	18	0	0.001
70364427515	2016	8	2	19	0	0.01
70364427515	2016	8	2	21	0	0.01
70364427515	2016	8	8	0	0	0.001
70364427515	2016	8	8	1	0	0.001
70364427515	2016	8	8	2	0	0.001
70364427515	2016	8	8	15	0	0.003
70364427515	2016	8	8	16	0	0.003
70364427515	2016	8	8	17	0	0.003
70364427515	2016	8	9	10	0	0.01
70364427515	2016	8	9	11	0	0.01
70364427515	2016	8	9	12	0	0.02
70364427515	2016	8	9	15	0	0.01
70364427515	2016	8	9	19	0	0.02
70364427515	2016	8	9	20	0	0.02
70364427515	2016	8	9	21	0	0.02
70364427515	2016	8	9	22	0	0.01
70364427515	2016	8	10	3	0	0.01
70364427515	2016	8	10	6	0	0.01
70364427515	2016	8	10	13	0	0.01
70364427515	2016	8	10	14	0	0.01
70364427515	2016	8	10	15	0	0.05
70364427515	2016	8	10	16	0	0.02
70364427515	2016	8	10	17	0	0.02
70364427515	2016	8	10	19	0	0.01
70364427515	2016	8	12	9	0	0.01
70364427515	2016	8	15	3	0	0.01
70364427515	2016	8	15	4	0	0.01
70364427515	2016	8	15	6	0	0.01
70364427515	2016	8	15	7	0	0.01
70364427515	2016	8	15	8	0	0.03
70364427515	2016	8	15	13	0	0.01
70364427515	2016	8	16	14	0	0.02
70364427515	2016	8	17	12	0	0.012
70364427515	2016	8	17	13	0	0.012
70364427515	2016	8	17	14	0	0.012
70364427515	2016	8	17	15	0	0.011
70364427515	2016	8	19	5	0	0.03
70364427515	2016	8	19	6	0	0.03
70364427515	2016	8	19	7	0	0.04
70364427515	2016	8	19	8	0	0.07
70364427515	2016	8	19	9	0	0.05
70364427515	2016	8	19	10	0	0.05
70364427515	2016	8	19	11	0	0.05
70364427515	2016	8	19	12	0	0.03
70364427515	2016	8	19	13	0	0.01
70364427515	2016	8	19	14	0	0.02
70364427515	2016	8	19	16	0	0.01
70364427515	2016	8	19	21	0	0.01
70364427515	2016	8	19	22	0	0.01
70364427515	2016	8	19	23	0	0.02
70364427515	2016	8	20	0	0	0.02
70364427515	2016	8	20	1	0	0.01
70364427515	2016	8	20	2	0	0.03
70364427515	2016	8	20	3	0	0.04
70364427515	2016	8	20	4	0	0.07
70364427515	2016	8	20	5	0	0.06
70364427515	2016	8	20	6	0	0.03
70364427515	2016	8	20	7	0	0.03
70364427515	2016	8	20	8	0	0.05
70364427515	2016	8	20	9	0	0.07
70364427515	2016	8	20	10	0	0.06
70364427515	2016	8	20	11	0	0.09
70364427515	2016	8	20	12	0	0.07
70364427515	2016	8	20	13	0	0.02
70364427515	2016	8	20	14	0	0.03
70364427515	2016	8	20	15	0	0.01
70364427515	2016	8	20	16	0	0.03
70364427515	2016	8	20	18	0	0.01
70364427515	2016	8	21	6	0	0.001
70364427515	2016	8	21	7	0	0.001
70364427515	2016	8	21	8	0	0.001
70364427515	2016	8	21	9	0	0.001
70364427515	2016	8	21	10	0	0.001
70364427515	2016	8	21	11	0	0.001
70364427515	2016	8	21	12	0	0.001
70364427515	2016	8	21	13	0	0.001
70364427515	2016	8	21	14	0	0.001
70364427515	2016	8	21	15	0	0.002
70364427515	2016	8	21	16	0	0.002
70364427515	2016	8	21	17	0	0.002
70364427515	2016	8	21	18	0	0.004
70364427515	2016	8	21	19	0	0.004
70364427515	2016	8	21	20	0	0.004
70364427515	2016	8	21	21	0	0.02
70364427515	2016	8	21	22	0	0.02
70364427515	2016	8	21	23	0	0.01
70364427515	2016	8	22	0	0	0.01
70364427515	2016	8	22	1	0	0.02
70364427515	2016	8	22	2	0	0.03
70364427515	2016	8	22	3	0	0.01
70364427515	2016	8	22	5	0	0.01
70364427515	2016	8	22	6	0	0.02
70364427515	2016	8	22	7	0	0.01
70364427515	2016	8	22	8	0	0.01
70364427515	2016	8	22	13	0	0.01
70364427515	2016	8	22	16	0	0.02
70364427515	2016	8	22	17	0	0.01
70364427515	2016	8	23	6	0	0.003
70364427515	2016	8	23	7	0	0.003
70364427515	2016	8	23	8	0	0.003
70364427515	2016	8	23	9	0	0.002
70364427515	2016	8	23	10	0	0.002
70364427515	2016	8	23	11	0	0.002
70364427515	2016	8	23	18	0	0.001
70364427515	2016	8	23	19	0	0.001
70364427515	2016	8	23	20	0	0.001
70364427515	2016	8	23	21	0	0.002
70364427515	2016	8	23	22	0	0.002
70364427515	2016	8	24	2	0	0.005
70364427515	2016	8	24	3	0	0.005
70364427515	2016	8	24	4	0	0.005
70364427515	2016	8	24	5	0	0.005
70364427515	2016	8	24	6	0	0.004
70364427515	2016	8	24	7	0	0.004
70364427515	2016	8	24	8	0	0.004
70364427515	2016	8	24	9	0	0.002
70364427515	2016	8	24	10	0	0.002
70364427515	2016	8	24	11	0	0.002
70364427515	2016	8	24	12	0	0.001
70364427515	2016	8	24	13	0	0.001
70364427515	2016	8	24	14	0	0.001
70364427515	2016	8	24	15	0	0.001
70364427515	2016	8	25	2	0	0.02
70364427515	2016	8	25	11	0	0.01
70364427515	2016	8	26	10	0	0.01
70364427515	2016	8	29	1	0	0.01
70364427515	2016	8	29	2	0	0.01
70364427515	2016	8	30	6	0	0.001
70364427515	2016	8	30	7	0	0.001
70364427515	2016	8	30	8	0	0.001
70364427515	2016	8	30	9	0	0.002
70364427515	2016	8	30	10	0	0.002
70364427515	2016	8	30	11	0	0.002
70364427515	2016	8	30	12	0	0.003
70364427515	2016	8	30	13	0	0.003
70364427515	2016	8	30	14	0	0.003
70364427515	2016	8	30	15	0	0.002
70364427515	2016	8	30	16	0	0.002
70364427515	2016	8	30	17	0	0.002
70364427515	2016	8	31	21	0	0.01
70364427515	2016	9	1	0	0	0.01
70364427515	2016	9	1	4	0	0.01
70364427515	2016	9	1	5	0	0.01
70364427515	2016	9	2	12	0	0.01
70364427515	2016	9	5	14	0	0.01
70364427515	2016	9	5	16	0	0.01
70364427515	2016	9	5	17	0	0.01
70364427515	2016	9	5	18	0	0.01
70364427515	2016	9	5	19	0	0.01
70364427515	2016	9	6	19	0	0.01
70364427515	2016	9	7	7	0	0.011
70364427515	2016	9	7	8	0	0.011
70364427515	2016	9	7	9	0	0.02
70364427515	2016	9	7	10	0	0.02
70364427515	2016	9	7	11	0	0.03
70364427515	2016	9	7	12	0	0.03
70364427515	2016	9	7	13	0	0.01
70364427515	2016	9	7	14	0	0.02
70364427515	2016	9	7	15	0	0.02
70364427515	2016	9	7	16	0	0.01
70364427515	2016	9	7	17	0	0.01
70364427515	2016	9	7	18	0	0.02
70364427515	2016	9	7	19	0	0.02
70364427515	2016	9	7	20	0	0.02
70364427515	2016	9	8	2	0	0.001
70364427515	2016	9	8	3	0	0.01
70364427515	2016	9	8	4	0	0.01
70364427515	2016	9	8	13	0	0.01
70364427515	2016	9	10	8	0	0.01
70364427515	2016	9	10	14	0	0.012
70364427515	2016	9	10	15	0	0.04
70364427515	2016	9	10	16	0	0.02
70364427515	2016	9	10	17	0	0.04
70364427515	2016	9	10	20	0	0.017
70364427515	2016	9	12	0	0	0.002
70364427515	2016	9	12	1	0	0.002
70364427515	2016	9	12	2	0	0.002
70364427515	2016	9	12	3	0	0.003
70364427515	2016	9	12	4	0	0.003
70364427515	2016	9	12	5	0	0.003
70364427515	2016	9	12	6	0	0.001
70364427515	2016	9	12	7	0	0.001
70364427515	2016	9	12	8	0	0.001
70364427515	2016	9	12	15	0	0.002
70364427515	2016	9	12	18	0	0.001
70364427515	2016	9	12	19	0	0.001
70364427515	2016	9	12	23	0	0.001
70364427515	2016	9	14	0	0	0.001
70364427515	2016	9	14	1	0	0.001
70364427515	2016	9	14	2	0	0.001
70364427515	2016	9	14	3	0	0.001
70364427515	2016	9	14	4	0	0.001
70364427515	2016	9	14	5	0	0.001
70364427515	2016	9	14	6	0	0.001
70364427515	2016	9	14	7	0	0.001
70364427515	2016	9	14	8	0	0.001
70364427515	2016	9	14	9	0	0.001
70364427515	2016	9	14	10	0	0.001
70364427515	2016	9	14	11	0	0.001
70364427515	2016	9	17	0	0	0.018
70364427515	2016	9	17	1	0	0.018
70364427515	2016	9	17	2	0	0.018
70364427515	2016	9	17	3	0	0.02
70364427515	2016	9	17	4	0	0.02
70364427515	2016	9	17	5	0	0.02
70364427515	2016	9	17	6	0	0.01
70364427515	2016	9	17	8	0	0.013
70364427515	2016	9	17	9	0	0.01
70364427515	2016	9	17	10	0	0.01
70364427515	2016	9	17	11	0	0.01
70364427515	2016	9	17	12	0	0.01
70364427515	2016	9	17	13	0	0.01
70364427515	2016	9	17	15	0	0.01
70364427515	2016	9	17	17	0	0.01
70364427515	2016	9	17	21	0	0.01
70364427515	2016	9	17	23	0	0.01
70364427515	2016	9	18	0	0	0.01
70364427515	2016	9	19	2	0	0.01
70364427515	2016	9	19	4	0	0.01
70364427515	2016	9	20	0	0	0.055
70364427515	2016	9	20	1	0	0.055
70364427515	2016	9	20	2	0	0.055
70364427515	2016	9	20	7	0	0.01
70364427515	2016	9	20	8	0	0.01
70364427515	2016	9	21	10	0	0.025
70364427515	2016	9	21	11	0	0.025
70364427515	2016	9	21	12	0	0.002
70364427515	2016	9	21	13	0	0.002
70364427515	2016	9	21	14	0	0.002
70364427515	2016	9	21	15	0	0.002
70364427515	2016	9	23	2	0	0.01
70364427515	2016	9	23	3	0	0.01
70364427515	2016	9	23	4	0	0.04
70364427515	2016	9	23	5	0	0.03
70364427515	2016	9	23	6	0	0.03
70364427515	2016	9	23	7	0	0.04
70364427515	2016	9	23	8	0	0.05
70364427515	2016	9	23	9	0	0.08
70364427515	2016	9	23	10	0	0.06
70364427515	2016	9	23	11	0	0.07
70364427515	2016	9	23	12	0	0.06
70364427515	2016	9	23	13	0	0.05
70364427515	2016	9	23	14	0	0.04
70364427515	2016	9	23	15	0	0.04
70364427515	2016	9	23	16	0	0.02
70364427515	2016	9	23	17	0	0.01
70364427515	2016	9	23	18	0	0.01
70364427515	2016	9	23	19	0	0.05
70364427515	2016	9	23	20	0	0.05
70364427515	2016	9	23	21	0	0.04
70364427515	2016	9	23	22	0	0.03
70364427515	2016	9	23	23	0	0.03
70364427515	2016	9	24	0	0	0.03
70364427515	2016	9	24	1	0	0.02
70364427515	2016	9	24	2	0	0.01
70364427515	2016	9	24	4	0	0.01
70364427515	2016	9	25	21	0	0.001
70364427515	2016	9	25	22	0	0.001
70364427515	2016	9	25	23	0	0.001
70364427515	2016	9	26	0	0	0.001
70364427515	2016	9	26	1	0	0.001
70364427515	2016	9	26	2	0	0.001
70364427515	2016	9	26	3	0	0.001
70364427515	2016	9	26	4	0	0.001
70364427515	2016	9	26	5	0	0.001
70364427515	2016	9	26	19	0	0.02
70364427515	2016	9	28	18	0	0.001
70364427515	2016	9	28	19	0	0.001
70364427515	2016	9	28	20	0	0.001
70364427515	2016	9	28	21	0	0.013
70364427515	2016	9	28	22	0	0.01
70364427515	2016	9	28	23	0	0.02
70364427515	2016	9	30	3	0	0.01
70364427515	2016	9	30	4	0	0.01
70364427515	2016	9	30	5	0	0.01
70364427515	2016	9	30	6	0	0.03
70364427515	2016	9	30	7	0	0.01
70364427515	2016	9	30	8	0	0.02
70364427515	2016	9	30	10	0	0.01
70364427515	2016	9	30	15	0	0.009
70364427515	2016	9	30	18	0	0.005
70364427515	2016	9	30	19	0	0.005
70364427515	2016	9	30	20	0	0.005
70364427515	2016	9	30	21	0	0.007
70364427515	2016	9	30	22	0	0.007
70364427515	2016	9	30	23	0	0.007
70364427515	2016	10	1	17	0	0.01
70364427515	2016	10	5	22	0	0.01
70364427515	2016	10	6	10	0	0.01
70364427515	2016	10	29	22	0	0.01
70364427515	2016	10	29	23	0	0.01
70364427515	2017	1	5	16	0	0.02
70364427515	2017	5	8	18	0	0.01
70364427515	2017	5	9	18	0	0.02
70364427515	2017	5	9	19	0	0.02
70364427515	2017	5	9	22	0	0.01
70364427515	2017	5	14	20	0	0.01
70364427515	2017	5	25	21	0	0.01
70364427515	2017	5	25	22	0	0.01
70364427515	2017	5	30	8	0	0.006
70364427515	2017	5	30	19	0	0.01
70364427515	2017	5	31	16	0	0.01
70364427515	2017	7	5	11	0	0.01
70364427515	2017	7	5	23	0	0.01
70364427515	2017	7	12	9	0	0.006
70364427515	2017	7	12	10	0	0.006
70364427515	2017	7	12	11	0	0.006
70364427515	2017	7	12	12	0	0.004
70364427515	2017	7	12	13	0	0.01
70364427515	2017	7	12	14	0	0.08
70364427515	2017	7	12	15	0	0.07
70364427515	2017	7	12	16	0	0.02
70364427515	2017	7	12	17	0	0.004
70364427515	2017	7	12	18	0	0.001
70364427515	2017	7	12	19	0	0.001
70364427515	2017	7	12	20	0	0.001
70364427515	2017	7	12	21	0	0.001
70364427515	2017	7	12	22	0	0.001
70364427515	2017	7	12	23	0	0.001
70364427515	2017	7	20	6	0	0.11
70364427515	2017	7	20	7	0	0.22
70364427515	2017	7	20	8	0	0.03
70364427515	2017	7	20	10	0	0.01
70364427515	2017	7	20	12	0	0.01
70364427515	2017	7	20	13	0	0.05
70364427515	2017	7	20	14	0	0.01
70364427515	2017	7	20	15	0	0.01
70364427515	2017	7	20	22	0	0.02
70364427515	2017	7	22	8	0	0.01
70364427515	2017	7	22	10	0	0.02
70364427515	2017	7	22	13	0	0.02
70364427515	2017	7	22	14	0	0.01
70364427515	2017	7	22	16	0	0.02
70364427515	2017	7	23	12	0	0.07
70364427515	2017	7	23	13	0	0.15
70364427515	2017	7	23	14	0	0.02
70364427515	2017	7	23	16	0	0.01
70364427515	2017	7	23	17	0	0.02
70364427515	2017	7	23	19	0	0.02
70364427515	2017	7	23	21	0	0.04
70364427515	2017	7	23	22	0	0.02
70364427515	2017	7	23	23	0	0.04
70364427515	2017	7	24	0	0	0.01
70364427515	2017	7	24	7	0	0.04
70364427515	2017	7	30	12	0	0.01
70364427515	2017	7	30	13	0	0.02
70364427515	2017	7	30	14	0	0.01
70364427515	2017	7	30	15	0	0.01
70364427515	2017	7	30	19	0	0.01
70364427515	2017	8	1	17	0	0.01
70364427515	2017	8	1	22	0	0.01
70364427515	2017	8	2	12	0	0.05
70364427515	2017	8	2	13	0	0.08
70364427515	2017	8	2	14	0	0.04
70364427515	2017	8	2	21	0	0.01
70364427515	2017	8	2	22	0	0.18
70364427515	2017	8	3	15	0	0.02
70364427515	2017	8	3	17	0	0.01
70364427515	2017	8	4	0	0	0.01
70364427515	2017	8	4	1	0	0.05
70364427515	2017	8	6	0	0	0.04
70364427515	2017	8	6	1	0	0.03
70364427515	2017	8	6	2	0	0.03
70364427515	2017	8	6	3	0	0.03
70364427515	2017	8	6	4	0	0.02
70364427515	2017	8	6	5	0	0.01
70364427515	2017	8	6	6	0	0.02
70364427515	2017	8	8	9	0	0.01
70364427515	2017	8	8	10	0	0.02
70364427515	2017	8	8	11	0	0.03
70364427515	2017	8	8	12	0	0.06
70364427515	2017	8	8	13	0	0.02
70364427515	2017	8	8	14	0	0.05
70364427515	2017	8	8	15	0	0.01
70364427515	2017	8	8	16	0	0.01
70364427515	2017	8	8	17	0	0.01
70364427515	2017	8	8	18	0	0.01
70364427515	2017	8	8	21	0	0.01
70364427515	2017	8	10	0	0	0.01
70364427515	2017	8	11	15	0	0.01
70364427515	2017	8	11	16	0	0.03
70364427515	2017	8	11	17	0	0.03
70364427515	2017	8	11	18	0	0.01
70364427515	2017	8	11	20	0	0.01
70364427515	2017	8	12	3	0	0.04
70364427515	2017	8	12	4	0	0.09
70364427515	2017	8	12	5	0	0.01
70364427515	2017	8	12	6	0	0.1
70364427515	2017	8	12	7	0	0.01
70364427515	2017	8	12	9	0	0.01
70364427515	2017	8	14	1	0	0.01
70364427515	2017	8	14	4	0	0.02
70364427515	2017	8	14	5	0	0.01
70364427515	2017	8	14	12	0	0.01
70364427515	2017	8	14	14	0	0.02
70364427515	2017	8	14	15	0	0.02
70364427515	2017	8	14	16	0	0.02
70364427515	2017	8	14	17	0	0.03
70364427515	2017	8	14	18	0	0.02
70364427515	2017	8	14	19	0	0.03
70364427515	2017	8	14	20	0	0.05
70364427515	2017	8	14	21	0	0.02
70364427515	2017	8	14	22	0	0.01
70364427515	2017	8	14	23	0	0.03
70364427515	2017	8	15	0	0	0.02
70364427515	2017	8	15	1	0	0.03
70364427515	2017	8	15	2	0	0.07
70364427515	2017	8	15	3	0	0.03
70364427515	2017	8	15	4	0	0.02
70364427515	2017	8	15	5	0	0.01
70364427515	2017	8	16	3	0	0.02
70364427515	2017	8	19	12	0	0.02
70364427515	2017	8	19	13	0	0.01
70364427515	2017	8	19	14	0	0.08
70364427515	2017	8	19	15	0	0.08
70364427515	2017	8	19	23	0	0.01
70364427515	2017	8	23	5	0	0.01
70364427515	2017	8	23	11	0	0.04
70364427515	2017	8	23	12	0	0.02
70364427515	2017	8	23	13	0	0.03
70364427515	2017	8	23	14	0	0.1
70364427515	2017	8	23	15	0	0.09
70364427515	2017	8	23	16	0	0.05
70364427515	2017	8	23	17	0	0.02
70364427515	2017	8	23	18	0	0.03
70364427515	2017	8	23	20	0	0.01
70364427515	2017	8	25	15	0	0.01
70364427515	2017	8	25	17	0	0.01
70364427515	2017	8	25	18	0	0.02
70364427515	2017	8	26	10	0	0.01
70364427515	2017	8	26	11	0	0.01
70364427515	2017	8	26	12	0	0.01
70364427515	2017	8	28	8	0	0.01
70364427515	2017	8	28	18	0	0.01
70364427515	2017	8	31	23	0	0.01
70364427515	2017	9	2	21	0	0.05
70364427515	2017	9	7	0	0	0.02
70364427515	2017	9	7	1	0	0.11
70364427515	2017	9	7	2	0	0.09
70364427515	2017	9	7	3	0	0.06
70364427515	2017	9	7	4	0	0.07
70364427515	2017	9	7	5	0	0.07
70364427515	2017	9	7	15	0	0.016
70364427515	2017	9	8	1	0	0.02
70364427515	2017	9	8	3	0	0.01
70364427515	2017	9	8	4	0	0.01
70364427515	2017	9	8	5	0	0.01
70364427515	2017	9	8	6	0	0.01
70364427515	2017	9	8	7	0	0.01
70364427515	2017	9	8	10	0	0.01
70364427515	2017	9	8	14	0	0.01
70364427515	2017	9	8	16	0	0.01
70364427515	2017	9	8	18	0	0.01
70364427515	2017	9	8	20	0	0.01
70364427515	2017	9	11	16	0	0.04
70364427515	2017	9	11	17	0	0.03
70364427515	2017	9	11	18	0	0.02
70364427515	2017	9	14	4	0	0.02
70364427515	2017	9	14	5	0	0.06
70364427515	2017	9	14	6	0	0.01
70364427515	2017	9	14	9	0	0.03
70364427515	2017	9	14	10	0	0.01
70364427515	2017	9	14	11	0	0.01
70364427515	2017	9	14	14	0	0.05
70364427515	2017	9	14	15	0	0.01
70364427515	2017	9	19	7	0	0.01
70364427515	2017	9	19	11	0	0.04
70364427515	2017	9	19	12	0	0.03
70364427515	2017	9	19	13	0	0.02
70364427515	2017	9	19	14	0	0.04
70364427515	2017	9	19	15	0	0.03
70364427515	2017	9	19	16	0	0.03
70364427515	2017	9	19	17	0	0.02
70364427515	2017	9	19	18	0	0.03
70364427515	2017	9	19	20	0	0.01
70364427515	2017	9	19	21	0	0.01
70364427515	2017	9	25	19	0	0.01
70364427515	2017	9	29	0	0	0.001
70364427515	2017	9	29	1	0	0.001
70364427515	2017	9	29	2	0	0.001
70364427515	2017	9	29	3	0	0.001
70364427515	2017	9	29	4	0	0.001
70364427515	2017	9	29	5	0	0.001
70364427515	2017	9	29	21	0	0.001
70364427515	2017	9	29	22	0	0.001
70364427515	2017	9	29	23	0	0.001
70364427515	2017	9	30	0	0	0.011
70364427515	2017	9	30	1	0	0.011
70364427515	2017	9	30	2	0	0.011
70364427515	2017	9	30	3	0	0.003
70364427515	2017	9	30	4	0	0.003
70364427515	2017	9	30	5	0	0.003
70364427515	2017	10	1	0	0	0.012
70364427515	2017	10	1	1	0	0.012
70364427515	2017	10	1	2	0	0.02
70364427515	2017	10	1	3	0	0.02
70364427515	2017	10	1	6	0	0.01
70364427515	2017	10	1	7	0	0.01
70364427515	2017	10	1	8	0	0.02
70364427515	2017	10	1	9	0	0.03
70364427515	2017	10	1	10	0	0.02
70364427515	2017	10	1	11	0	0.02
70364427515	2017	10	1	12	0	0.01
70364427515	2017	10	1	14	0	0.01
70364427515	2017	10	1	15	0	0.01
70364427515	2017	10	1	17	0	0.02
70364427515	2017	10	1	18	0	0.01
70364427515	2017	10	1	19	0	0.02
70364427515	2017	10	1	20	0	0.01
70364427515	2017	10	5	13	0	0.01
70364427515	2017	10	5	14	0	0.01
70364427515	2017	10	5	15	0	0.01
70364427515	2017	10	5	21	0	0.01
70364427515	2017	10	6	12	0	0.01
70364427515	2017	10	6	13	0	0.03
70364427515	2017	10	6	14	0	0.01
70364427515	2017	10	6	15	0	0.02
70364427515	2017	10	6	18	0	0.01
70364427515	2017	10	6	20	0	0.01
70364427515	2017	10	9	9	0	0.01
70364427515	2017	10	13	16	0	0.01
70364427515	2017	10	13	17	0	0.01
70364427515	2017	10	17	8	0	0.01
70364427515	2017	10	18	5	0	0.01
70364427515	2017	10	18	19	0	0.01
70364427515	2017	10	28	22	0	0.01
70364427515	2017	11	2	18	0	0.01
70364427515	2017	11	3	0	0	0.01
70364427515	2017	11	5	14	0	0.01
70364427515	2017	11	5	16	0	0.01
70364427515	2017	11	5	19	0	0.01
70364427515	2017	11	5	22	0	0.01
70364427515	2017	11	12	10	0	0.01
70364427515	2017	11	13	12	0	0.01
70364427515	2018	2	12	5	0	0.27
70364427515	2018	2	12	10	0	0.01
70364427515	2018	2	12	13	0	0.01
70364427515	2018	2	12	18	0	0.01
70364427515	2018	2	13	4	0	0.01
70364427515	2018	2	20	13	0	0.03
70364427515	2018	2	20	14	0	0.01
70364427515	2018	2	20	15	0	0.01
70364427515	2018	2	22	12	0	0.01
70364427515	2018	2	23	4	0	0.01
70364427515	2018	2	23	12	0	0.01
70364427515	2018	3	31	23	0	0.01
70364427515	2018	4	1	1	0	0.01
70364427515	2018	4	1	3	0	0.01
70364427515	2018	4	1	6	0	0.01
70364427515	2018	4	1	9	0	0.01
70364427515	2018	4	1	12	0	0.01
70364427515	2018	4	25	15	0	0.05
70364427515	2018	4	25	16	0	0.01
70364427515	2018	5	12	18	0	0.01
70364427515	2018	6	9	7	0	0.01
70364427515	2018	6	9	8	0	0.01
70364427515	2018	6	10	6	0	0.01
70364427515	2018	6	10	7	0	0.01
70364427515	2018	6	10	9	0	0.001
70364427515	2018	6	10	10	0	0.001
70364427515	2018	6	10	11	0	0.001
70364427515	2018	6	11	3	0	0.01
70364427515	2018	6	12	9	0	0.01
70364427515	2018	6	12	21	0	0.01
70364427515	2018	6	14	6	0	0.02
70364427515	2018	6	14	7	0	0.01
70364427515	2018	6	14	9	0	0.02
70364427515	2018	6	14	10	0	0.04
70364427515	2018	6	14	11	0	0.06
70364427515	2018	6	14	12	0	0.11
70364427515	2018	6	14	13	0	0.06
70364427515	2018	6	14	14	0	0.03
70364427515	2018	6	14	15	0	0.01
70364427515	2018	6	14	16	0	0.01
70364427515	2018	6	15	1	0	0.01
70364427515	2018	7	3	11	0	0.02
70364427515	2018	7	3	23	0	0.01
70364427515	2018	7	4	5	0	0.001
70364427515	2018	7	4	6	0	0.07
70364427515	2018	7	4	7	0	0.01
70364427515	2018	7	4	9	0	0.01
70364427515	2018	7	4	10	0	0.01
70364427515	2018	7	4	11	0	0.02
70364427515	2018	7	4	12	0	0.07
70364427515	2018	7	4	13	0	0.05
70364427515	2018	7	4	14	0	0.02
70364427515	2018	7	4	15	0	0.02
70364427515	2018	7	4	16	0	0.001
70364427515	2018	7	4	17	0	0.001
70364427515	2018	7	4	18	0	0.001
70364427515	2018	7	4	19	0	0.001
70364427515	2018	7	4	20	0	0.001
70364427515	2018	7	4	21	0	0.001
70364427515	2018	7	4	22	0	0.001
70364427515	2018	7	4	23	0	0.001
70364427515	2018	7	5	0	0	0.001
70364427515	2018	7	5	1	0	0.001
70364427515	2018	7	5	2	0	0.001
70364427515	2018	7	5	3	0	0.005
70364427515	2018	7	5	4	0	0.005
70364427515	2018	7	5	5	0	0.005
70364427515	2018	7	5	6	0	0.006
70364427515	2018	7	5	7	0	0.006
70364427515	2018	7	5	8	0	0.006
70364427515	2018	7	5	9	0	0.01
70364427515	2018	7	8	10	0	0.04
70364427515	2018	7	8	13	0	0.01
70364427515	2018	7	8	14	0	0.01
70364427515	2018	7	9	2	0	0.01
70364427515	2018	7	9	6	0	0.01
70364427515	2018	7	9	7	0	0.02
70364427515	2018	7	9	9	0	0.003
70364427515	2018	7	9	10	0	0.003
70364427515	2018	7	9	11	0	0.003
70364427515	2018	7	9	12	0	0.001
70364427515	2018	7	9	13	0	0.001
70364427515	2018	7	9	14	0	0.001
70364427515	2018	7	9	15	0	0.001
70364427515	2018	7	9	16	0	0.001
70364427515	2018	7	9	17	0	0.001
70364427515	2018	7	9	18	0	0.001
70364427515	2018	7	9	19	0	0.001
70364427515	2018	7	9	20	0	0.001
70364427515	2018	7	9	21	0	0.001
70364427515	2018	7	9	22	0	0.001
70364427515	2018	7	9	23	0	0.001
70364427515	2018	7	16	18	0	0.01
70364427515	2018	7	16	20	0	0.01
70364427515	2018	7	17	1	0	0.01
70364427515	2018	7	17	20	0	0.02
70364427515	2018	7	17	21	0	0.01
70364427515	2018	7	18	17	0	0.02
70364427515	2018	7	19	0	0	0.03
70364427515	2018	7	19	1	0	0.02
70364427515	2018	7	19	2	0	0.03
70364427515	2018	7	19	3	0	0.03
70364427515	2018	7	19	4	0	0.03
70364427515	2018	7	19	5	0	0.01
70364427515	2018	7	19	7	0	0.01
70364427515	2018	7	19	8	0	0.01
70364427515	2018	7	19	9	0	0.04
70364427515	2018	7	19	10	0	0.01
70364427515	2018	7	19	20	0	0.01
70364427515	2018	7	19	23	0	0.01
70364427515	2018	7	20	0	0	0.01
70364427515	2018	7	26	15	0	0.03
70364427515	2018	7	26	16	0	0.04
70364427515	2018	7	27	11	0	0.02
70364427515	2018	7	27	12	0	0.03
70364427515	2018	7	27	13	0	0.02
70364427515	2018	7	27	14	0	0.01
70364427515	2018	7	27	15	0	0.01
70364427515	2018	7	27	16	0	0.01
70364427515	2018	7	28	14	0	0.02
70364427515	2018	7	28	15	0	0.01
70364427515	2018	7	28	16	0	0.01
70364427515	2018	7	28	17	0	0.02
70364427515	2018	7	28	18	0	0.02
70364427515	2018	7	28	19	0	0.05
70364427515	2018	7	28	20	0	0.03
70364427515	2018	7	28	21	0	0.09
70364427515	2018	7	28	22	0	0.01
70364427515	2018	7	28	23	0	0.03
70364427515	2018	7	29	1	0	0.01
70364427515	2018	7	29	10	0	0.01
70364427515	2018	7	29	11	0	0.01
70364427515	2018	7	30	10	0	0.01
70364427515	2018	8	4	5	0	0.02
70364427515	2018	8	4	6	0	0.02
70364427515	2018	8	4	14	0	0.019
70364427515	2018	8	4	15	0	0.08
70364427515	2018	8	4	16	0	0.03
70364427515	2018	8	4	17	0	0.03
70364427515	2018	8	6	17	0	0.01
70364427515	2018	8	6	18	0	0.02
70364427515	2018	8	7	0	0	0.02
70364427515	2018	8	8	1	0	0.01
70364427515	2018	8	8	2	0	0.03
70364427515	2018	8	8	4	0	0.02
70364427515	2018	8	10	0	0	0.01
70364427515	2018	8	13	22	0	0.01
70364427515	2018	8	15	18	0	0.03
70364427515	2018	8	15	19	0	0.01
70364427515	2018	8	16	1	0	0.01
70364427515	2018	8	16	2	0	0.02
70364427515	2018	8	16	3	0	0.01
70364427515	2018	8	16	4	0	0.01
70364427515	2018	8	16	6	0	0.01
70364427515	2018	8	16	12	0	0.05
70364427515	2018	8	16	13	0	0.04
70364427515	2018	8	16	14	0	0.01
70364427515	2018	8	16	18	0	0.04
70364427515	2018	8	16	19	0	0.05
70364427515	2018	8	16	20	0	0.04
70364427515	2018	8	16	21	0	0.04
70364427515	2018	8	16	22	0	0.02
70364427515	2018	8	16	23	0	0.03
70364427515	2018	8	17	0	0	0.02
70364427515	2018	8	17	1	0	0.04
70364427515	2018	8	17	2	0	0.06
70364427515	2018	8	17	3	0	0.02
70364427515	2018	8	18	14	0	0.003
70364427515	2018	8	18	17	0	0.02
70364427515	2018	8	18	22	0	0.01
70364427515	2018	8	19	1	0	0.02
70364427515	2018	8	19	2	0	0.02
70364427515	2018	8	19	3	0	0.02
70364427515	2018	8	19	5	0	0.01
70364427515	2018	8	29	19	0	0.01
70364427515	2018	8	29	23	0	0.01
70364427515	2018	8	30	0	0	0.03
70364427515	2018	8	30	1	0	0.02
70364427515	2018	8	30	2	0	0.01
70364427515	2018	8	30	3	0	0.01
70364427515	2018	8	30	4	0	0.01
70364427515	2018	8	30	15	0	0.01
70364427515	2018	8	30	20	0	0.01
70364427515	2018	8	30	21	0	0.01
70364427515	2018	8	31	18	0	0.04
70364427515	2018	8	31	19	0	0.03
70364427515	2018	8	31	21	0	0.01
70364427515	2018	9	1	0	0	0.06
70364427515	2018	9	1	1	0	0.08
70364427515	2018	9	1	2	0	0.04
70364427515	2018	9	1	3	0	0.05
70364427515	2018	9	1	4	0	0.04
70364427515	2018	9	1	5	0	0.01
70364427515	2018	9	1	6	0	0.01
70364427515	2018	9	1	7	0	0.01
70364427515	2018	9	1	8	0	0.02
70364427515	2018	9	1	9	0	0.06
70364427515	2018	9	1	10	0	0.06
70364427515	2018	9	1	11	0	0.02
70364427515	2018	9	4	1	0	0.02
70364427515	2018	9	4	3	0	0.01
70364427515	2018	9	4	4	0	0.01
70364427515	2018	9	4	6	0	0.02
70364427515	2018	9	4	7	0	0.01
70364427515	2018	9	4	14	0	0.01
70364427515	2018	9	5	3	0	0.01
70364427515	2018	9	5	4	0	0.03
70364427515	2018	9	5	18	0	0.01
70364427515	2018	9	5	21	0	0.01
70364427515	2018	9	5	22	0	0.02
70364427515	2018	9	5	23	0	0.02
70364427515	2018	9	6	0	0	0.03
70364427515	2018	9	6	1	0	0.03
70364427515	2018	9	6	2	0	0.02
70364427515	2018	9	6	3	0	0.01
70364427515	2018	9	6	6	0	0.02
70364427515	2018	9	6	7	0	0.01
70364427515	2018	9	6	8	0	0.01
70364427515	2018	9	6	9	0	0.02
70364427515	2018	9	6	10	0	0.02
70364427515	2018	9	6	11	0	0.02
70364427515	2018	9	6	12	0	0.06
70364427515	2018	9	6	13	0	0.05
70364427515	2018	9	6	14	0	0.04
70364427515	2018	9	6	15	0	0.03
70364427515	2018	9	11	1	0	0.01
70364427515	2018	9	11	5	0	0.01
70364427515	2018	9	12	13	0	0.01
70364427515	2018	9	12	19	0	0.01
70364427515	2018	10	17	17	0	0.01
70364427515	2018	10	24	14	0	0.03
70364427515	2018	10	25	13	0	0.01
70364427515	2018	10	28	2	0	0.01
70364427515	2018	10	28	21	0	0.01
70364427515	2019	2	8	23	0	0.01
70364427515	2019	2	9	1	0	0.01
70364427515	2019	2	9	3	0	0.02
70364427515	2019	2	9	4	0	0.04
70364427515	2019	2	9	5	0	0.03
70364427515	2019	2	9	6	0	0.03
70364427515	2019	2	9	7	0	0.07
70364427515	2019	2	9	8	0	0.04
70364427515	2019	2	11	12	0	0.03
70364427515	2019	2	11	13	0	0.06
70364427515	2019	2	11	14	0	0.04
70364427515	2019	2	11	15	0	0.01
70364427515	2019	2	12	5	0	0.01
70364427515	2019	2	13	4	0	0.01
70364427515	2019	2	25	6	0	0.01
70364427515	2019	3	7	13	0	0.01
70364427515	2019	3	18	12	0	0.01
70364427515	2019	3	18	17	0	0.01
70364427515	2019	3	18	18	0	0.01
70364427515	2019	3	19	21	0	0.01
70364427515	2019	3	30	23	0	0.01
70364427515	2019	3	31	7	0	0.01
70364427515	2019	4	15	22	0	0.01
70364427515	2019	4	16	0	0	0.01
70364427515	2019	4	16	6	0	0.01
70364427515	2019	4	30	5	0	0.001
70364427515	2019	5	3	16	0	0.01
70364427515	2019	5	3	17	0	0.01
70364427515	2019	5	5	16	0	0.01
70364427515	2019	5	12	6	0	0.01
70364427515	2019	5	27	16	0	0.01
70364427515	2019	5	27	18	0	0.02
70364427515	2019	5	27	19	0	0.01
70364427515	2019	5	28	3	0	0.01
70364427515	2019	5	28	4	0	0.01
70364427515	2019	5	28	6	0	0.01
70364427515	2019	5	28	8	0	0.01
70364427515	2019	5	28	9	0	0.01
70364427515	2019	5	28	10	0	0.04
70364427515	2019	6	10	17	0	0.01
70364427515	2019	6	12	0	0	0.01
70364427515	2019	6	13	13	0	0.03
70364427515	2019	6	13	14	0	0.04
70364427515	2019	6	13	15	0	0.05
70364427515	2019	6	13	16	0	0.07
70364427515	2019	6	13	17	0	0.07
70364427515	2019	6	13	18	0	0.01
70364427515	2019	6	13	19	0	0.02
70364427515	2019	6	17	4	0	0.01
70364427515	2019	6	17	5	0	0.02
70364427515	2019	6	22	2	0	0.005
70364427515	2019	6	22	3	0	0.08
70364427515	2019	6	24	4	0	0.08
70364427515	2019	6	24	5	0	0.07
70364427515	2019	6	24	20	0	0.01
70364427515	2019	6	24	21	0	0.01
70364427515	2019	6	24	22	0	0.01
70364427515	2019	6	24	23	0	0.01
70364427515	2019	6	29	11	0	0.01
70364427515	2019	6	29	16	0	0.01
70364427515	2019	6	29	22	0	0.01
70364427515	2019	6	29	23	0	0.01
70364427515	2019	7	1	3	0	0.03
70364427515	2019	7	1	5	0	0.01
70364427515	2019	7	1	6	0	0.02
70364427515	2019	7	1	12	0	0.02
70364427515	2019	7	1	13	0	0.01
70364427515	2019	7	2	2	0	0.02
70364427515	2019	7	2	3	0	0.02
70364427515	2019	7	3	12	0	0.01
70364427515	2019	7	3	13	0	0.01
70364427515	2019	7	3	14	0	0.03
70364427515	2019	7	3	15	0	0.03
70364427515	2019	7	3	16	0	0.02
70364427515	2019	7	3	17	0	0.04
70364427515	2019	7	4	0	0	0.01
70364427515	2019	7	14	3	0	0.05
70364427515	2019	7	15	14	0	0.03
70364427515	2019	7	15	16	0	0.02
70364427515	2019	7	15	17	0	0.03
70364427515	2019	7	15	18	0	0.02
70364427515	2019	7	15	19	0	0.01
70364427515	2019	7	15	20	0	0.01
70364427515	2019	7	15	21	0	0.02
70364427515	2019	7	15	22	0	0.01
70364427515	2019	7	15	23	0	0.01
70364427515	2019	7	16	0	0	0.03
70364427515	2019	7	16	1	0	0.03
70364427515	2019	7	16	2	0	0.03
70364427515	2019	7	16	3	0	0.03
70364427515	2019	7	16	4	0	0.02
70364427515	2019	7	16	5	0	0.02
70364427515	2019	7	16	6	0	0.01
70364427515	2019	7	18	2	0	0.001
70364427515	2019	7	18	3	0	0.01
70364427515	2019	7	19	5	0	0.001
70364427515	2019	7	19	6	0	0.04
70364427515	2019	7	19	7	0	0.01
70364427515	2019	7	19	8	0	0.02
70364427515	2019	7	19	16	0	0.01
70364427515	2019	7	19	17	0	0.01
70364427515	2019	7	20	1	0	0.06
70364427515	2019	7	20	2	0	0.02
70364427515	2019	7	20	11	0	0.02
70364427515	2019	7	20	12	0	0.04
70364427515	2019	7	20	15	0	0.009
70364427515	2019	7	20	16	0	0.009
70364427515	2019	7	20	17	0	0.009
70364427515	2019	7	20	18	0	0.06
70364427515	2019	7	20	19	0	0.02
70364427515	2019	7	21	13	0	0.04
70364427515	2019	7	21	14	0	0.04
70364427515	2019	7	21	15	0	0.01
70364427515	2019	7	21	19	0	0.01
70364427515	2019	7	21	22	0	0.01
70364427515	2019	7	22	11	0	0.01
70364427515	2019	7	22	14	0	0.01
70364427515	2019	7	27	6	0	0.01
70364427515	2019	7	27	7	0	0.01
70364427515	2019	7	27	8	0	0.01
70364427515	2019	7	27	9	0	0.01
70364427515	2019	7	31	9	0	0.03
70364427515	2019	7	31	10	0	0.01
70364427515	2019	7	31	13	0	0.01
70364427515	2019	7	31	16	0	0.01
70364427515	2019	7	31	18	0	0.01
70364427515	2019	7	31	22	0	0.01
70364427515	2019	7	31	23	0	0.02
70364427515	2019	8	1	3	0	0.01
70364427515	2019	8	1	6	0	0.01
70364427515	2019	8	1	8	0	0.04
70364427515	2019	8	1	19	0	0.001
70364427515	2019	8	3	12	0	0.01
70364427515	2019	8	3	13	0	0.06
70364427515	2019	8	3	14	0	0.09
70364427515	2019	8	3	15	0	0.08
70364427515	2019	8	3	16	0	0.07
70364427515	2019	8	3	17	0	0.06
70364427515	2019	8	3	18	0	0.02
70364427515	2019	8	3	23	0	0.01
70364427515	2019	8	4	0	0	0.01
70364427515	2019	8	4	1	0	0.01
70364427515	2019	8	4	9	0	0.01
70364427515	2019	8	4	20	0	0.01
70364427515	2019	8	8	15	0	0.02
70364427515	2019	8	8	16	0	0.04
70364427515	2019	8	8	17	0	0.03
70364427515	2019	8	8	18	0	0.11
70364427515	2019	8	8	19	0	0.11
70364427515	2019	8	8	20	0	0.05
70364427515	2019	8	9	3	0	0.03
70364427515	2019	8	9	4	0	0.01
70364427515	2019	8	9	5	0	0.02
70364427515	2019	8	10	20	0	0.01
70364427515	2019	8	10	21	0	0.02
70364427515	2019	8	10	22	0	0.02
70364427515	2019	8	10	23	0	0.03
70364427515	2019	8	11	0	0	0.01
70364427515	2019	8	11	1	0	0.01
70364427515	2019	8	11	18	0	0.01
70364427515	2019	8	11	20	0	0.01
70364427515	2019	8	13	1	0	0.011
70364427515	2019	8	13	3	0	0.01
70364427515	2019	8	13	5	0	0.01
70364427515	2019	8	13	6	0	0.011
70364427515	2019	8	13	7	0	0.01
70364427515	2019	8	13	8	0	0.01
70364427515	2019	8	13	9	0	0.03
70364427515	2019	8	13	10	0	0.04
70364427515	2019	8	13	11	0	0.02
70364427515	2019	8	13	12	0	0.04
70364427515	2019	8	13	13	0	0.01
70364427515	2019	8	13	14	0	0.01
70364427515	2019	8	13	22	0	0.02
70364427515	2019	8	13	23	0	0.03
70364427515	2019	8	14	0	0	0.07
70364427515	2019	8	14	1	0	0.04
70364427515	2019	8	14	2	0	0.04
70364427515	2019	8	14	3	0	0.03
70364427515	2019	8	14	4	0	0.04
70364427515	2019	8	14	6	0	0.01
70364427515	2019	8	14	7	0	0.01
70364427515	2019	8	14	8	0	0.02
70364427515	2019	8	14	11	0	0.01
70364427515	2019	8	14	12	0	0.01
70364427515	2019	8	14	13	0	0.01
70364427515	2019	8	14	22	0	0.01
70364427515	2019	8	15	1	0	0.01
70364427515	2019	8	15	2	0	0.01
70364427515	2019	8	15	3	0	0.01
70364427515	2019	8	18	0	0	0.01
70364427515	2019	8	20	2	0	0.021
70364427515	2019	8	20	3	0	0.02
70364427515	2019	8	20	4	0	0.02
70364427515	2019	8	20	5	0	0.01
70364427515	2019	8	20	6	0	0.02
70364427515	2019	8	20	7	0	0.02
70364427515	2019	8	20	8	0	0.02
70364427515	2019	8	20	9	0	0.02
70364427515	2019	8	22	5	0	0.003
70364427515	2019	8	22	12	0	0.01
70364427515	2019	8	22	16	0	0.01
70364427515	2019	8	22	21	0	0.03
70364427515	2019	8	22	22	0	0.01
70364427515	2019	8	23	7	0	0.01
70364427515	2019	8	23	10	0	0.01
70364427515	2019	8	23	15	0	0.01
70364427515	2019	8	23	19	0	0.01
70364427515	2019	8	23	20	0	0.01
70364427515	2019	8	23	21	0	0.01
70364427515	2019	8	24	0	0	0.01
70364427515	2019	8	24	6	0	0.01
70364427515	2019	8	24	8	0	0.02
70364427515	2019	8	24	9	0	0.01
70364427515	2019	8	24	11	0	0.01
70364427515	2019	8	24	12	0	0.04
70364427515	2019	8	25	1	0	0.02
70364427515	2019	8	25	2	0	0.01
70364427515	2019	8	25	3	0	0.01
70364427515	2019	8	25	4	0	0.03
70364427515	2019	8	25	5	0	0.02
70364427515	2019	8	25	10	0	0.01
70364427515	2019	8	25	11	0	0.01
70364427515	2019	8	25	12	0	0.01
70364427515	2019	8	25	13	0	0.01
70364427515	2019	8	25	14	0	0.07
70364427515	2019	8	25	15	0	0.04
70364427515	2019	8	25	16	0	0.02
70364427515	2019	8	25	17	0	0.03
70364427515	2019	8	25	18	0	0.03
70364427515	2019	8	25	19	0	0.02
70364427515	2019	8	25	20	0	0.01
70364427515	2019	8	26	1	0	0.01
70364427515	2019	8	26	3	0	0.02
70364427515	2019	8	26	15	0	0.04
70364427515	2019	8	26	16	0	0.04
70364427515	2019	8	26	17	0	0.03
70364427515	2019	8	26	18	0	0.04
70364427515	2019	8	26	19	0	0.04
70364427515	2019	8	26	20	0	0.04
70364427515	2019	8	26	21	0	0.04
70364427515	2019	8	26	22	0	0.02
70364427515	2019	8	26	23	0	0.03
70364427515	2019	8	27	0	0	0.02
70364427515	2019	8	27	1	0	0.01
70364427515	2019	8	27	2	0	0.02
70364427515	2019	8	27	3	0	0.02
70364427515	2019	8	27	4	0	0.01
70364427515	2019	8	27	5	0	0.01
70364427515	2019	8	27	6	0	0.06
70364427515	2019	8	27	7	0	0.03
70364427515	2019	8	27	8	0	0.02
70364427515	2019	8	27	9	0	0.01
70364427515	2019	8	27	10	0	0.03
70364427515	2019	8	27	11	0	0.02
70364427515	2019	8	27	13	0	0.01
70364427515	2019	8	27	15	0	0.04
70364427515	2019	8	27	17	0	0.01
70364427515	2019	8	27	19	0	0.05
70364427515	2019	8	27	20	0	0.01
70364427515	2019	8	27	22	0	0.06
70364427515	2019	8	27	23	0	0.02
70364427515	2019	8	29	13	0	0.01
70364427515	2019	8	29	14	0	0.01
70364427515	2019	8	29	15	0	0.02
70364427515	2019	8	29	16	0	0.01
70364427515	2019	8	29	17	0	0.01
70364427515	2019	8	29	20	0	0.02
70364427515	2019	9	3	9	0	0.003
70364427515	2019	9	3	10	0	0.003
70364427515	2019	9	3	11	0	0.003
70364427515	2019	9	3	12	0	0.003
70364427515	2019	9	3	13	0	0.003
70364427515	2019	9	3	14	0	0.003
70364427515	2019	9	3	15	0	0.003
70364427515	2019	9	3	16	0	0.003
70364427515	2019	9	3	17	0	0.003
70364427515	2019	9	3	18	0	0.003
70364427515	2019	9	3	19	0	0.003
70364427515	2019	9	3	20	0	0.003
70364427515	2019	9	3	21	0	0.003
70364427515	2019	9	3	22	0	0.003
70364427515	2019	9	3	23	0	0.003
70364427515	2019	9	10	22	0	0.03
70364427515	2019	9	17	3	0	0.01
70364427515	2019	9	17	4	0	0.01
70364427515	2019	9	17	10	0	0.01
70364427515	2019	9	17	22	0	0.01
70364427515	2019	9	18	5	0	0.01
70364427515	2019	9	18	7	0	0.01
70364427515	2019	9	18	8	0	0.01
70364427515	2019	9	18	21	0	0.01
70364427515	2019	9	22	0	0	0.03
70364427515	2019	9	22	1	0	0.03
70364427515	2019	9	22	2	0	0.03
70364427515	2019	9	22	3	0	0.03
70364427515	2019	9	22	4	0	0.02
70364427515	2019	9	22	5	0	0.02
70364427515	2019	9	22	6	0	0.02
70364427515	2019	9	22	7	0	0.01
70364427515	2019	9	22	9	0	0.01
70364427515	2019	9	22	10	0	0.01
70364427515	2019	9	22	11	0	0.01
70364427515	2019	9	22	12	0	0.01
70364427515	2019	9	22	14	0	0.01
70364427515	2019	9	22	15	0	0.01
70364427515	2019	9	22	16	0	0.01
70364427515	2019	9	22	17	0	0.01
70364427515	2019	9	28	12	0	0.006
70364427515	2019	9	28	13	0	0.006
70364427515	2019	9	28	14	0	0.006
70364427515	2019	9	28	15	0	0.007
70364427515	2019	9	28	16	0	0.007
70364427515	2019	9	28	17	0	0.007
70364427515	2019	9	28	18	0	0.003
70364427515	2019	9	28	19	0	0.003
70364427515	2019	9	28	20	0	0.003
70364427515	2019	9	28	21	0	0.004
70364427515	2019	9	28	22	0	0.004
70364427515	2019	9	28	23	0	0.004
70364427515	2019	9	29	0	0	0.018
70364427515	2019	9	29	1	0	0.018
70364427515	2019	9	29	2	0	0.018
70364427515	2019	9	30	16	0	0.04
70364427515	2019	9	30	17	0	0.01
70364427515	2019	10	1	11	0	0.01
70364427515	2019	10	1	21	0	0.01
70364427515	2019	10	7	4	0	0.01
70364427515	2019	10	7	13	0	0.01
70364427515	2019	10	10	3	0	0.01
70364427515	2019	10	13	1	0	0.01
70364427515	2019	10	28	9	0	0.01
70364427515	2019	10	29	7	0	0.002
70364427515	2019	10	29	8	0	0.002
70364427515	2019	10	31	14	0	0.01
70364427515	2020	6	17	18	0	0.01
70364427515	2020	6	30	12	0	0.06
70364427515	2020	6	30	13	0	0.06
70364427515	2020	6	30	14	0	0.11
70364427515	2020	6	30	15	0	0.1
70364427515	2020	6	30	16	0	0.1
70364427515	2020	6	30	17	0	0.03
70364427515	2020	6	30	18	0	0.03
70364427515	2020	6	30	19	0	0.02
70364427515	2020	6	30	20	0	0.02
70364427515	2020	7	1	17	0	0.02
70364427515	2020	7	10	21	0	0.003
70364427515	2020	7	22	12	0	0.001
70364427515	2020	7	22	13	0	0.001
70364427515	2020	7	22	14	0	0.001
70364427515	2020	7	22	15	0	0.004
70364427515	2020	7	22	16	0	0.004
70364427515	2020	7	22	17	0	0.004
70364427515	2020	7	22	18	0	0.003
70364427515	2020	7	22	19	0	0.003
70364427515	2020	7	22	20	0	0.003
70364427515	2020	7	22	21	0	0.002
70364427515	2020	7	22	22	0	0.002
70364427515	2020	7	22	23	0	0.002
70364427515	2020	7	23	9	0	0.01
70364427515	2020	7	23	10	0	0.01
70364427515	2020	7	23	14	0	0.01
70364427515	2020	7	23	15	0	0.02
70364427515	2020	7	23	16	0	0.02
70364427515	2020	7	23	18	0	0.03
70364427515	2020	7	23	20	0	0.02
70364427515	2020	7	23	21	0	0.01
70364427515	2020	7	23	23	0	0.02
70364427515	2020	7	24	0	0	0.03
70364427515	2020	7	24	7	0	0.02
70364427515	2020	7	24	8	0	0.02
70364427515	2020	7	24	10	0	0.01
70364427515	2020	7	24	18	0	0.01
70364427515	2020	7	24	19	0	0.01
70364427515	2020	7	24	22	0	0.01
70364427515	2020	7	25	0	0	0.01
70364427515	2020	7	25	1	0	0.01
70364427515	2020	7	25	8	0	0.02
70364427515	2020	7	27	7	0	0.02
70364427515	2020	7	27	8	0	0.04
70364427515	2020	7	27	9	0	0.11
70364427515	2020	7	27	11	0	0.01
70364427515	2020	7	27	12	0	0.03
70364427515	2020	7	27	14	0	0.14
70364427515	2020	7	27	16	0	0.01
70364427515	2020	7	27	18	0	0.02
70364427515	2020	7	27	21	0	0.1
70364427515	2020	7	28	1	0	0.01
70364427515	2020	7	29	21	0	0.01
70364427515	2020	7	30	2	0	0.02
70364427515	2020	7	30	3	0	0.03
70364427515	2020	7	30	4	0	0.01
70364427515	2020	7	30	5	0	0.01
70364427515	2020	7	30	6	0	0.02
70364427515	2020	7	30	7	0	0.01
70364427515	2020	7	30	8	0	0.02
70364427515	2020	7	30	11	0	0.01
70364427515	2020	7	30	14	0	0.01
70364427515	2020	7	31	3	0	0.01
70364427515	2020	7	31	5	0	0.01
70364427515	2020	7	31	6	0	0.01
70364427515	2020	7	31	8	0	0.016
70364427515	2020	8	3	6	0	0.11
70364427515	2020	8	3	7	0	0.03
70364427515	2020	8	3	9	0	0.01
70364427515	2020	8	3	11	0	0.01
70364427515	2020	8	3	13	0	0.01
70364427515	2020	8	3	16	0	0.02
70364427515	2020	8	3	17	0	0.03
70364427515	2020	8	3	18	0	0.04
70364427515	2020	8	3	19	0	0.04
70364427515	2020	8	3	20	0	0.02
70364427515	2020	8	3	21	0	0.02
70364427515	2020	8	10	5	0	0.01
70364427515	2020	8	11	14	0	0.02
70364427515	2020	8	13	17	0	0.01
70364427515	2020	8	13	22	0	0.02
70364427515	2020	8	13	23	0	0.01
70364427515	2020	8	23	9	0	0.002
70364427515	2020	8	23	10	0	0.002
70364427515	2020	8	23	11	0	0.002
70364427515	2020	8	23	12	0	0.001
70364427515	2020	8	23	13	0	0.001
70364427515	2020	8	23	14	0	0.001
70364427515	2020	8	23	15	0	0.001
70364427515	2020	8	23	16	0	0.001
70364427515	2020	8	23	17	0	0.001
70364427515	2020	8	23	18	0	0.001
70364427515	2020	8	29	8	0	0.004
70364427515	2020	8	29	15	0	0.023
70364427515	2020	8	29	16	0	0.023
70364427515	2020	8	29	17	0	0.023
70364427515	2020	8	29	18	0	0.009
70364427515	2020	8	29	19	0	0.009
70364427515	2020	8	29	20	0	0.009
70364427515	2020	8	29	21	0	0.001
70364427515	2020	8	29	22	0	0.001
70364427515	2020	8	29	23	0	0.001
70364427515	2020	8	30	0	0	0.001
70364427515	2020	8	30	1	0	0.001
70364427515	2020	8	30	2	0	0.001
70364427515	2020	9	1	0	0	0.01
70364427515	2020	9	3	2	0	0.011
70364427515	2020	9	3	15	0	0.01
70364427515	2020	9	6	10	0	0.03
70364427515	2020	9	6	11	0	0.01
70364427515	2020	9	6	13	0	0.01
70364427515	2020	9	6	14	0	0.01
70364427515	2020	9	8	8	0	0.006
70364427515	2020	9	11	3	0	0.01
70364427515	2020	9	11	6	0	0.01
70364427515	2020	9	11	7	0	0.03
70364427515	2020	9	11	8	0	0.02
70364427515	2020	9	11	9	0	0.02
70364427515	2020	9	11	10	0	0.02
70364427515	2020	9	11	11	0	0.01
70364427515	2020	9	11	16	0	0.01
70364427515	2020	9	11	17	0	0.01
70364427515	2020	9	13	11	0	0.01
70364427515	2020	9	16	6	0	0.01
70364427515	2020	9	16	9	0	0.01
70364427515	2020	9	18	17	0	0.01
70364427515	2020	9	18	18	0	0.02
70364427515	2020	9	18	19	0	0.03
70364427515	2020	9	18	20	0	0.02
70364427515	2020	9	18	21	0	0.03
70364427515	2020	9	18	22	0	0.01
70364427515	2020	9	19	18	0	0.01
70364427515	2020	9	22	1	0	0.01
70364427515	2020	9	22	4	0	0.01
70364427515	2020	9	22	8	0	0.01
70364427515	2020	9	22	9	0	0.01
70364427515	2020	9	22	11	0	0.01
70364427515	2020	9	22	13	0	0.01
70364427515	2020	9	22	23	0	0.01
70364427515	2020	9	25	5	0	0.01
70364427515	2020	9	25	22	0	0.01
70364427515	2020	9	26	8	0	0.01
70364427515	2020	9	26	9	0	0.01
70364427515	2020	9	26	10	0	0.01
70364427515	2020	9	26	11	0	0.01
70364427515	2020	9	26	13	0	0.01
70364427515	2020	10	3	1	0	0.01
70364427515	2020	10	5	8	0	0.01
70364427515	2020	10	7	0	0	0.01
70364427515	2020	10	22	3	0	0.01
70364427515	2021	3	9	6	0	0.001
70364427515	2021	3	9	7	0	0.001
70364427515	2021	3	9	8	0	0.001
70364427515	2021	3	9	9	0	0.003
70364427515	2021	3	9	10	0	0.003
70364427515	2021	3	9	11	0	0.003
70364427515	2021	4	18	0	0	0.001
70364427515	2021	4	18	1	0	0.001
70364427515	2021	4	18	2	0	0.001
70364427515	2021	5	16	19	0	0.01
70364427515	2021	5	16	20	0	0.02
70364427515	2021	5	16	21	0	0.01
70364427515	2021	5	22	0	0	0.001
70364427515	2021	5	22	1	0	0.001
70364427515	2021	5	22	2	0	0.001
70364427515	2021	5	22	3	0	0.016
70364427515	2021	5	22	4	0	0.016
70364427515	2021	5	22	5	0	0.016
70364427515	2021	5	22	6	0	0.011
70364427515	2021	5	22	7	0	0.011
70364427515	2021	5	22	8	0	0.011
70364427515	2021	5	22	9	0	0.005
70364427515	2021	5	22	10	0	0.005
70364427515	2021	5	22	11	0	0.005
70364427515	2021	5	22	15	0	0.001
70364427515	2021	5	22	16	0	0.001
70364427515	2021	5	22	17	0	0.001
70364427515	2021	5	22	18	0	0.015
70364427515	2021	5	22	19	0	0.015
70364427515	2021	5	22	20	0	0.015
70364427515	2021	5	22	21	0	0.011
70364427515	2021	5	22	22	0	0.011
70364427515	2021	5	22	23	0	0.011
70364427515	2021	6	3	21	0	0.001
70364427515	2021	6	3	22	0	0.001
70364427515	2021	6	3	23	0	0.001
70364427515	2021	6	8	15	0	0.002
70364427515	2021	6	8	16	0	0.002
70364427515	2021	6	8	17	0	0.002
70364427515	2021	6	8	18	0	0.001
70364427515	2021	6	8	19	0	0.001
70364427515	2021	6	8	20	0	0.001
70364427515	2021	6	9	6	0	0.001
70364427515	2021	6	9	7	0	0.001
70364427515	2021	6	9	8	0	0.001
70364427515	2021	6	9	9	0	0.002
70364427515	2021	6	9	10	0	0.002
70364427515	2021	6	9	11	0	0.002
70364427515	2021	6	9	12	0	0.003
70364427515	2021	6	9	13	0	0.003
70364427515	2021	6	9	14	0	0.003
70364427515	2021	6	9	15	0	0.002
70364427515	2021	6	9	16	0	0.002
70364427515	2021	6	9	17	0	0.002
70364427515	2021	6	10	6	0	0.015
70364427515	2021	6	10	7	0	0.015
70364427515	2021	6	10	8	0	0.015
70364427515	2021	6	10	9	0	0.007
70364427515	2021	6	10	10	0	0.007
70364427515	2021	6	10	11	0	0.007
70364427515	2021	6	10	12	0	0.007
70364427515	2021	6	10	13	0	0.007
70364427515	2021	6	10	14	0	0.007
70364427515	2021	6	10	15	0	0.005
70364427515	2021	6	10	16	0	0.005
70364427515	2021	6	10	17	0	0.005
70364427515	2021	6	10	18	0	0.006
70364427515	2021	6	10	19	0	0.006
70364427515	2021	6	10	20	0	0.006
70364427515	2021	6	10	21	0	0.007
70364427515	2021	6	10	22	0	0.007
70364427515	2021	6	10	23	0	0.007
70364427515	2021	6	15	0	0	0.004
70364427515	2021	6	15	1	0	0.004
70364427515	2021	6	15	2	0	0.004
70364427515	2021	6	15	3	0	0.011
70364427515	2021	6	15	4	0	0.011
70364427515	2021	6	15	5	0	0.011
70364427515	2021	6	15	6	0	0.008
70364427515	2021	6	15	7	0	0.008
70364427515	2021	6	15	8	0	0.008
70364427515	2021	6	15	9	0	0.005
70364427515	2021	6	15	10	0	0.005
70364427515	2021	6	15	11	0	0.005
70364427515	2021	6	15	12	0	0.005
70364427515	2021	6	15	13	0	0.005
70364427515	2021	6	15	14	0	0.005
70364427515	2021	6	15	15	0	0.002
70364427515	2021	6	15	16	0	0.002
70364427515	2021	6	15	17	0	0.002
70364427515	2021	6	15	18	0	0.003
70364427515	2021	6	15	19	0	0.003
70364427515	2021	6	15	20	0	0.003
70364427515	2021	6	15	21	0	0.004
70364427515	2021	6	15	22	0	0.004
70364427515	2021	6	15	23	0	0.004
70364427515	2021	6	18	18	0	0.001
70364427515	2021	6	18	19	0	0.001
70364427515	2021	6	18	20	0	0.001
70364427515	2021	6	18	21	0	0.001
70364427515	2021	6	18	22	0	0.001
70364427515	2021	6	18	23	0	0.001
