72235613939	2005	1	2	21	0	0.01
72235613939	2005	1	6	3	0	0.02
72235613939	2005	1	6	4	0	0.03
72235613939	2005	1	6	5	0	0.01
72235613939	2005	1	6	6	0	0.04
72235613939	2005	1	6	7	0	0.01
72235613939	2005	1	6	8	0	0.02
72235613939	2005	1	7	4	0	0.03
72235613939	2005	1	7	5	0	0.04
72235613939	2005	1	7	6	0	0.08
72235613939	2005	1	7	7	0	0.1
72235613939	2005	1	7	8	0	0.03
72235613939	2005	1	7	9	0	0.1
72235613939	2005	1	7	10	0	0.11
72235613939	2005	1	7	11	0	0.04
72235613939	2005	1	7	12	0	0.01
72235613939	2005	1	7	13	0	0.01
72235613939	2005	1	7	14	0	0.02
72235613939	2005	1	7	15	0	0.01
72235613939	2005	1	7	17	0	0.36
72235613939	2005	1	7	18	0	0.21
72235613939	2005	1	7	19	0	0.05
72235613939	2005	1	7	20	0	0.03
72235613939	2005	1	7	22	0	0.02
72235613939	2005	1	13	9	0	0.62
72235613939	2005	1	13	10	0	0.15
72235613939	2005	1	13	11	0	0.11
72235613939	2005	1	13	12	0	0.09
72235613939	2005	1	13	13	0	0.14
72235613939	2005	1	13	14	0	0.02
72235613939	2005	1	28	6	0	0.01
72235613939	2005	1	28	7	0	0.01
72235613939	2005	1	28	8	0	0.01
72235613939	2005	1	28	10	0	0.01
72235613939	2005	1	28	13	0	0.01
72235613939	2005	1	28	15	0	0.03
72235613939	2005	1	28	16	0	0.05
72235613939	2005	1	28	17	0	0.02
72235613939	2005	1	28	18	0	0.07
72235613939	2005	1	28	19	0	0.02
72235613939	2005	1	28	20	0	0.15
72235613939	2005	1	28	21	0	0.06
72235613939	2005	1	29	2	0	0.01
72235613939	2005	1	29	4	0	0.01
72235613939	2005	1	29	14	0	0.01
72235613939	2005	1	31	7	0	0.08
72235613939	2005	1	31	8	0	0.06
72235613939	2005	1	31	9	0	0.07
72235613939	2005	1	31	10	0	0.02
72235613939	2005	1	31	16	0	0.01
72235613939	2005	2	1	21	0	0.01
72235613939	2005	2	1	22	0	0.01
72235613939	2005	2	1	23	0	0.01
72235613939	2005	2	2	0	0	0.01
72235613939	2005	2	2	2	0	0.001
72235613939	2005	2	2	3	0	0.08
72235613939	2005	2	2	4	0	0.01
72235613939	2005	2	2	5	0	0.25
72235613939	2005	2	2	6	0	0.19
72235613939	2005	2	2	7	0	0.07
72235613939	2005	2	2	9	0	0.01
72235613939	2005	2	2	10	0	0.01
72235613939	2005	2	2	13	0	0.01
72235613939	2005	2	5	12	0	0.01
72235613939	2005	2	7	15	0	0.13
72235613939	2005	2	7	16	0	0.07
72235613939	2005	2	7	17	0	0.05
72235613939	2005	2	7	18	0	0.06
72235613939	2005	2	7	19	0	0.06
72235613939	2005	2	7	20	0	0.04
72235613939	2005	2	7	21	0	0.02
72235613939	2005	2	7	22	0	0.04
72235613939	2005	2	7	23	0	0.02
72235613939	2005	2	8	0	0	0.03
72235613939	2005	2	8	2	0	0.01
72235613939	2005	2	9	9	0	0.08
72235613939	2005	2	9	10	0	0.06
72235613939	2005	2	13	1	0	0.01
72235613939	2005	2	13	2	0	0.01
72235613939	2005	2	13	8	0	0.02
72235613939	2005	2	13	11	0	0.02
72235613939	2005	2	13	12	0	0.04
72235613939	2005	2	13	15	0	0.01
72235613939	2005	2	20	2	0	0.02
72235613939	2005	2	20	12	0	0.01
72235613939	2005	2	20	17	0	0.18
72235613939	2005	2	20	18	0	0.09
72235613939	2005	2	20	19	0	0.06
72235613939	2005	2	23	13	0	0.02
72235613939	2005	2	23	17	0	0.01
72235613939	2005	2	23	18	0	0.01
72235613939	2005	2	23	19	0	0.09
72235613939	2005	2	23	20	0	0.3
72235613939	2005	2	23	21	0	0.1
72235613939	2005	2	23	22	0	0.01
72235613939	2005	2	27	22	0	0.01
72235613939	2005	2	28	0	0	0.02
72235613939	2005	2	28	6	0	0.01
72235613939	2005	3	2	20	0	0.01
72235613939	2005	3	3	6	0	0.01
72235613939	2005	3	3	8	0	0.01
72235613939	2005	3	4	12	0	0.01
72235613939	2005	3	7	13	0	0.18
72235613939	2005	3	7	14	0	0.17
72235613939	2005	3	7	20	0	0.01
72235613939	2005	3	7	23	0	0.29
72235613939	2005	3	8	0	0	0.01
72235613939	2005	3	8	5	0	0.03
72235613939	2005	3	9	10	0	0.01
72235613939	2005	3	9	11	0	0.04
72235613939	2005	3	9	12	0	0.04
72235613939	2005	3	9	13	0	0.01
72235613939	2005	3	9	14	0	0.04
72235613939	2005	3	9	15	0	0.11
72235613939	2005	3	9	16	0	0.07
72235613939	2005	3	9	17	0	0.01
72235613939	2005	3	9	22	0	0.01
72235613939	2005	3	14	1	0	0.01
72235613939	2005	3	14	2	0	0.31
72235613939	2005	3	14	3	0	0.01
72235613939	2005	3	14	5	0	0.01
72235613939	2005	3	15	23	0	0.006
72235613939	2005	3	16	0	0	0.22
72235613939	2005	3	16	9	0	0.05
72235613939	2005	3	19	9	0	0.04
72235613939	2005	3	19	10	0	0.02
72235613939	2005	3	19	11	0	0.12
72235613939	2005	3	19	12	0	0.01
72235613939	2005	3	19	13	0	0.01
72235613939	2005	3	20	19	0	0.01
72235613939	2005	3	21	23	0	0.01
72235613939	2005	3	22	1	0	0.01
72235613939	2005	3	22	6	0	0.01
72235613939	2005	3	22	8	0	0.22
72235613939	2005	3	22	9	0	0.2
72235613939	2005	3	22	10	0	0.09
72235613939	2005	3	27	1	0	0.05
72235613939	2005	3	27	2	0	0.02
72235613939	2005	3	27	4	0	0.03
72235613939	2005	3	27	5	0	0.28
72235613939	2005	3	27	15	0	0.15
72235613939	2005	3	27	16	0	0.09
72235613939	2005	3	27	17	0	0.03
72235613939	2005	3	27	19	0	0.03
72235613939	2005	3	27	20	0	0.02
72235613939	2005	3	27	21	0	0.03
72235613939	2005	3	27	23	0	0.01
72235613939	2005	3	28	0	0	0.05
72235613939	2005	3	28	1	0	0.03
72235613939	2005	3	28	2	0	0.01
72235613939	2005	3	31	7	0	0.02
72235613939	2005	4	1	5	0	0.02
72235613939	2005	4	1	6	0	0.04
72235613939	2005	4	1	7	0	0.01
72235613939	2005	4	1	8	0	0.05
72235613939	2005	4	1	12	0	0.01
72235613939	2005	4	1	15	0	0.04
72235613939	2005	4	1	16	0	0.01
72235613939	2005	4	6	8	0	0.005
72235613939	2005	4	6	9	0	0.25
72235613939	2005	4	6	10	0	0.02
72235613939	2005	4	11	11	0	0.254
72235613939	2005	4	11	12	0	0.48
72235613939	2005	4	11	13	0	0.28
72235613939	2005	4	11	14	0	0.02
72235613939	2005	4	11	16	0	0.07
72235613939	2005	4	11	18	0	0.92
72235613939	2005	4	11	19	0	0.19
72235613939	2005	4	11	20	0	0.2
72235613939	2005	4	11	21	0	0.15
72235613939	2005	4	11	22	0	0.01
72235613939	2005	4	12	9	0	0.01
72235613939	2005	4	26	9	0	0.13
72235613939	2005	4	26	10	0	0.08
72235613939	2005	4	26	13	0	0.03
72235613939	2005	4	30	2	0	0.002
72235613939	2005	4	30	3	0	0.32
72235613939	2005	4	30	4	0	0.62
72235613939	2005	5	5	5	0	0.01
72235613939	2005	5	9	8	0	0.06
72235613939	2005	5	9	9	0	0.01
72235613939	2005	5	9	22	0	0.05
72235613939	2005	5	10	10	0	0.01
72235613939	2005	5	14	22	0	0.2
72235613939	2005	5	14	23	0	0.1
72235613939	2005	5	15	0	0	0.17
72235613939	2005	5	15	1	0	0.01
72235613939	2005	5	15	4	0	0.01
72235613939	2005	5	24	21	0	0.01
72235613939	2005	5	25	3	0	0.02
72235613939	2005	5	28	2	0	0.01
72235613939	2005	5	28	8	0	0.01
72235613939	2005	5	28	9	0	0.07
72235613939	2005	5	29	3	0	0.02
72235613939	2005	5	29	4	0	0.31
72235613939	2005	5	29	5	0	0.06
72235613939	2005	5	29	6	0	0.02
72235613939	2005	5	29	7	0	0.02
72235613939	2005	5	29	8	0	0.05
72235613939	2005	5	29	9	0	0.02
72235613939	2005	5	29	12	0	0.12
72235613939	2005	5	29	13	0	0.09
72235613939	2005	5	29	14	0	0.3
72235613939	2005	5	29	15	0	0.17
72235613939	2005	5	29	20	0	0.01
72235613939	2005	5	31	9	0	0.01
72235613939	2005	5	31	10	0	0.02
72235613939	2005	5	31	11	0	0.02
72235613939	2005	5	31	13	0	0.01
72235613939	2005	5	31	16	0	0.01
72235613939	2005	6	9	1	0	0.08
72235613939	2005	6	9	12	0	0.03
72235613939	2005	6	17	4	0	0.04
72235613939	2005	6	17	14	0	0.5
72235613939	2005	6	17	15	0	0.05
72235613939	2005	6	17	19	0	0.14
72235613939	2005	6	17	20	0	0.01
72235613939	2005	6	18	5	0	0.01
72235613939	2005	7	1	15	0	0.1
72235613939	2005	7	1	16	0	0.11
72235613939	2005	7	6	12	0	0.08
72235613939	2005	7	9	18	0	0.09
72235613939	2005	7	9	19	0	0.67
72235613939	2005	7	11	10	0	0.03
72235613939	2005	7	11	11	0	0.04
72235613939	2005	7	11	12	0	0.04
72235613939	2005	7	11	13	0	0.01
72235613939	2005	7	11	20	0	0.11
72235613939	2005	7	12	11	0	0.05
72235613939	2005	7	13	8	0	0.25
72235613939	2005	7	14	22	0	0.86
72235613939	2005	7	14	23	0	1.09
72235613939	2005	7	15	0	0	0.01
72235613939	2005	7	15	1	0	0.012
72235613939	2005	7	15	4	0	0.225
72235613939	2005	7	15	5	0	0.028
72235613939	2005	7	15	6	0	0.002
72235613939	2005	7	17	12	0	0.01
72235613939	2005	7	17	19	0	0.05
72235613939	2005	7	17	20	0	0.01
72235613939	2005	7	18	19	0	0.01
72235613939	2005	7	21	23	0	0.02
72235613939	2005	7	28	3	0	0.04
72235613939	2005	7	28	4	0	0.05
72235613939	2005	7	28	5	0	0.02
72235613939	2005	7	28	10	0	0.04
72235613939	2005	7	28	11	0	0.08
72235613939	2005	7	28	13	0	0.01
72235613939	2005	7	28	16	0	0.03
72235613939	2005	7	28	17	0	0.01
72235613939	2005	7	31	3	0	0.01
72235613939	2005	8	24	1	0	0.553
72235613939	2005	8	24	2	0	0.076
72235613939	2005	8	24	3	0	0.003
72235613939	2005	8	24	4	0	0.001
72235613939	2005	8	24	12	0	0.003
72235613939	2005	8	24	13	0	0.001
72235613939	2005	8	27	15	0	0.15
72235613939	2005	8	27	16	0	0.42
72235613939	2005	8	27	17	0	0.01
72235613939	2005	8	29	15	0	0.01
72235613939	2005	8	29	16	0	0.02
72235613939	2005	8	29	17	0	0.03
72235613939	2005	8	29	18	0	0.05
72235613939	2005	8	29	19	0	0.16
72235613939	2005	8	29	20	0	0.25
72235613939	2005	8	29	21	0	0.21
72235613939	2005	8	29	22	0	0.21
72235613939	2005	8	29	23	0	0.14
72235613939	2005	8	30	0	0	0.26
72235613939	2005	8	30	1	0	0.25
72235613939	2005	8	30	2	0	0.3
72235613939	2005	8	30	3	0	0.05
72235613939	2005	8	30	4	0	0.01
72235613939	2005	8	30	5	0	0.06
72235613939	2005	8	30	6	0	0.07
72235613939	2005	9	16	0	0	0.03
72235613939	2005	9	16	1	0	0.02
72235613939	2005	9	16	3	0	0.02
72235613939	2005	9	16	12	0	0.01
72235613939	2005	9	24	20	0	0.179
72235613939	2005	9	24	21	0	0.37
72235613939	2005	9	25	1	0	1.71
72235613939	2005	9	25	2	0	0.76
72235613939	2005	9	25	3	0	0.08
72235613939	2005	9	25	4	0	0.03
72235613939	2005	9	25	5	0	0.07
72235613939	2005	9	25	6	0	0.38
72235613939	2005	9	25	7	0	0.89
72235613939	2005	9	25	8	0	0.85
72235613939	2005	9	25	9	0	0.75
72235613939	2005	9	25	10	0	0.03
72235613939	2005	9	25	11	0	0.04
72235613939	2005	9	25	12	0	0.02
72235613939	2005	9	25	13	0	0.01
72235613939	2005	9	25	14	0	0.02
72235613939	2005	9	25	15	0	0.06
72235613939	2005	9	25	16	0	0.01
72235613939	2005	9	25	17	0	0.02
72235613939	2005	9	25	18	0	0.02
72235613939	2005	9	25	19	0	0.01
72235613939	2005	9	25	20	0	0.01
72235613939	2005	9	26	12	0	0.01
72235613939	2005	9	30	6	0	0.07
72235613939	2005	10	1	21	0	0.02
72235613939	2005	10	1	22	0	0.03
72235613939	2005	10	9	10	0	0.07
72235613939	2005	11	1	6	0	0.04
72235613939	2005	11	1	7	0	0.06
72235613939	2005	11	1	8	0	0.11
72235613939	2005	11	1	9	0	0.08
72235613939	2005	11	1	10	0	0.07
72235613939	2005	11	1	11	0	0.02
72235613939	2005	11	1	12	0	0.02
72235613939	2005	11	1	13	0	0.04
72235613939	2005	11	2	12	0	0.01
72235613939	2005	11	10	5	0	0.01
72235613939	2005	11	10	6	0	0.02
72235613939	2005	11	13	11	0	0.09
72235613939	2005	11	13	12	0	0.29
72235613939	2005	11	13	13	0	0.12
72235613939	2005	11	13	14	0	0.27
72235613939	2005	11	13	15	0	0.03
72235613939	2005	11	13	16	0	0.09
72235613939	2005	11	14	4	0	0.14
72235613939	2005	11	14	5	0	0.11
72235613939	2005	11	14	7	0	0.1
72235613939	2005	11	14	8	0	0.39
72235613939	2005	11	14	11	0	0.07
72235613939	2005	11	15	22	0	0.12
72235613939	2005	11	15	23	0	0.02
72235613939	2005	11	27	4	0	0.01
72235613939	2005	11	28	7	0	0.24
72235613939	2005	11	28	8	0	0.02
72235613939	2005	11	28	9	0	0.05
72235613939	2005	12	4	6	0	0.46
72235613939	2005	12	4	7	0	0.01
72235613939	2005	12	4	14	0	0.01
72235613939	2005	12	4	17	0	0.36
72235613939	2005	12	6	14	0	0.01
72235613939	2005	12	8	10	0	0.02
72235613939	2005	12	8	11	0	0.02
72235613939	2005	12	8	12	0	0.03
72235613939	2005	12	8	13	0	0.14
72235613939	2005	12	8	14	0	0.14
72235613939	2005	12	8	15	0	0.01
72235613939	2005	12	14	7	0	0.01
72235613939	2005	12	14	8	0	0.04
72235613939	2005	12	14	9	0	0.02
72235613939	2005	12	14	11	0	0.03
72235613939	2005	12	14	17	0	0.001
72235613939	2005	12	14	18	0	0.25
72235613939	2005	12	14	19	0	0.04
72235613939	2005	12	14	20	0	0.01
72235613939	2005	12	14	21	0	0.08
72235613939	2005	12	14	22	0	0.14
72235613939	2005	12	14	23	0	0.19
72235613939	2005	12	15	0	0	0.24
72235613939	2005	12	15	1	0	0.11
72235613939	2005	12	15	2	0	0.11
72235613939	2005	12	15	3	0	0.13
72235613939	2005	12	15	4	0	0.16
72235613939	2005	12	15	5	0	0.02
72235613939	2005	12	15	6	0	0.01
72235613939	2005	12	15	7	0	0.04
72235613939	2005	12	24	11	0	0.03
72235613939	2005	12	24	12	0	0.55
72235613939	2005	12	24	13	0	0.05
72235613939	2005	12	24	14	0	0.06
72235613939	2005	12	24	15	0	0.01
72235613939	2005	12	24	16	0	0.02
72235613939	2005	12	24	17	0	0.01
72235613939	2005	12	24	23	0	0.04
72235613939	2005	12	25	3	0	0.01
72235613939	2005	12	25	4	0	0.01
72235613939	2006	1	10	14	0	0.08
72235613939	2006	1	10	15	0	0.01
72235613939	2006	1	10	16	0	0.06
72235613939	2006	1	10	17	0	0.41
72235613939	2006	1	10	18	0	0.21
72235613939	2006	1	13	9	0	0.26
72235613939	2006	1	13	10	0	0.02
72235613939	2006	1	16	19	0	0.02
72235613939	2006	1	16	20	0	0.03
72235613939	2006	1	16	21	0	0.03
72235613939	2006	1	16	22	0	0.09
72235613939	2006	1	16	23	0	0.22
72235613939	2006	1	17	0	0	0.08
72235613939	2006	1	17	1	0	0.07
72235613939	2006	1	17	2	0	0.19
72235613939	2006	1	17	3	0	0.4
72235613939	2006	1	17	4	0	0.93
72235613939	2006	1	17	5	0	0.14
72235613939	2006	1	17	6	0	0.11
72235613939	2006	1	17	7	0	0.13
72235613939	2006	1	17	8	0	0.16
72235613939	2006	1	17	9	0	0.27
72235613939	2006	1	17	10	0	0.1
72235613939	2006	1	17	14	0	0.03
72235613939	2006	1	17	15	0	0.01
72235613939	2006	1	21	6	0	0.05
72235613939	2006	1	21	8	0	0.02
72235613939	2006	1	22	7	0	0.01
72235613939	2006	1	22	8	0	0.01
72235613939	2006	1	22	9	0	0.16
72235613939	2006	1	22	10	0	0.23
72235613939	2006	1	22	11	0	0.01
72235613939	2006	1	22	13	0	0.04
72235613939	2006	1	22	14	0	0.68
72235613939	2006	1	22	15	0	0.11
72235613939	2006	1	22	17	0	0.01
72235613939	2006	1	22	18	0	0.07
72235613939	2006	1	22	19	0	0.4
72235613939	2006	1	22	20	0	0.34
72235613939	2006	1	22	21	0	0.09
72235613939	2006	1	22	22	0	0.06
72235613939	2006	1	22	23	0	0.06
72235613939	2006	1	23	0	0	0.05
72235613939	2006	1	23	1	0	0.35
72235613939	2006	1	23	2	0	0.23
72235613939	2006	1	23	3	0	0.14
72235613939	2006	1	23	4	0	0.26
72235613939	2006	1	23	5	0	0.13
72235613939	2006	1	23	10	0	0.01
72235613939	2006	1	28	18	0	0.08
72235613939	2006	1	28	19	0	0.19
72235613939	2006	1	28	20	0	0.02
72235613939	2006	1	28	22	0	0.1
72235613939	2006	1	28	23	0	0.25
72235613939	2006	1	29	0	0	0.67
72235613939	2006	1	29	1	0	0.1
72235613939	2006	1	29	2	0	0.07
72235613939	2006	1	29	3	0	0.05
72235613939	2006	1	29	4	0	0.02
72235613939	2006	2	2	5	0	0.02
72235613939	2006	2	2	6	0	0.12
72235613939	2006	2	2	7	0	0.31
72235613939	2006	2	2	8	0	0.32
72235613939	2006	2	2	9	0	0.18
72235613939	2006	2	2	11	0	0.06
72235613939	2006	2	2	12	0	0.08
72235613939	2006	2	2	13	0	0.43
72235613939	2006	2	2	14	0	0.06
72235613939	2006	2	3	7	0	0.01
72235613939	2006	2	3	16	0	0.01
72235613939	2006	2	3	18	0	0.03
72235613939	2006	2	3	20	0	0.21
72235613939	2006	2	3	21	0	0.12
72235613939	2006	2	3	22	0	0.09
72235613939	2006	2	3	23	0	0.07
72235613939	2006	2	4	0	0	0.01
72235613939	2006	2	6	4	0	0.02
72235613939	2006	2	6	5	0	0.02
72235613939	2006	2	6	6	0	0.04
72235613939	2006	2	6	8	0	0.01
72235613939	2006	2	6	9	0	0.02
72235613939	2006	2	6	10	0	0.03
72235613939	2006	2	6	11	0	0.02
72235613939	2006	2	6	12	0	0.01
72235613939	2006	2	6	16	0	0.01
72235613939	2006	2	6	17	0	0.01
72235613939	2006	2	10	16	0	0.07
72235613939	2006	2	10	17	0	0.07
72235613939	2006	2	10	18	0	0.41
72235613939	2006	2	10	19	0	0.16
72235613939	2006	2	10	20	0	0.11
72235613939	2006	2	10	21	0	0.12
72235613939	2006	2	10	22	0	0.15
72235613939	2006	2	10	23	0	0.16
72235613939	2006	2	11	0	0	0.09
72235613939	2006	2	11	1	0	0.03
72235613939	2006	2	11	2	0	0.02
72235613939	2006	2	17	6	0	0.05
72235613939	2006	2	17	7	0	0.02
72235613939	2006	2	17	9	0	0.03
72235613939	2006	2	17	13	0	0.01
72235613939	2006	2	17	14	0	0.01
72235613939	2006	2	17	23	0	0.01
72235613939	2006	2	18	9	0	0.01
72235613939	2006	2	18	10	0	0.04
72235613939	2006	2	18	11	0	0.05
72235613939	2006	2	18	12	0	0.02
72235613939	2006	2	18	13	0	0.01
72235613939	2006	2	18	14	0	0.01
72235613939	2006	2	18	15	0	0.01
72235613939	2006	2	20	15	0	0.01
72235613939	2006	2	20	16	0	0.02
72235613939	2006	2	20	17	0	0.03
72235613939	2006	2	22	8	0	0.01
72235613939	2006	2	22	9	0	0.01
72235613939	2006	2	22	10	0	0.01
72235613939	2006	2	22	13	0	0.02
72235613939	2006	2	22	15	0	0.04
72235613939	2006	2	22	16	0	0.06
72235613939	2006	2	22	17	0	0.03
72235613939	2006	2	22	18	0	0.03
72235613939	2006	2	22	19	0	0.06
72235613939	2006	2	22	20	0	0.07
72235613939	2006	2	22	21	0	0.02
72235613939	2006	2	22	22	0	0.04
72235613939	2006	2	22	23	0	0.02
72235613939	2006	2	23	2	0	0.01
72235613939	2006	2	23	4	0	0.01
72235613939	2006	2	23	5	0	0.01
72235613939	2006	2	25	5	0	0.04
72235613939	2006	2	25	6	0	0.01
72235613939	2006	2	25	7	0	0.03
72235613939	2006	2	25	8	0	0.04
72235613939	2006	2	25	9	0	0.02
72235613939	2006	2	25	10	0	0.04
72235613939	2006	2	25	11	0	0.06
72235613939	2006	2	25	12	0	0.09
72235613939	2006	2	25	13	0	0.05
72235613939	2006	2	25	16	0	0.01
72235613939	2006	2	25	17	0	0.05
72235613939	2006	2	25	18	0	0.05
72235613939	2006	2	25	19	0	0.07
72235613939	2006	2	25	20	0	0.03
72235613939	2006	2	25	21	0	0.01
72235613939	2006	3	6	4	0	0.01
72235613939	2006	3	9	17	0	0.001
72235613939	2006	3	9	18	0	0.09
72235613939	2006	3	9	19	0	0.11
72235613939	2006	3	13	17	0	0.05
72235613939	2006	3	18	9	0	0.01
72235613939	2006	3	18	10	0	0.02
72235613939	2006	3	18	11	0	0.01
72235613939	2006	3	18	12	0	0.01
72235613939	2006	3	19	2	0	0.01
72235613939	2006	3	19	3	0	0.06
72235613939	2006	3	19	4	0	0.04
72235613939	2006	3	19	5	0	0.09
72235613939	2006	3	19	6	0	0.07
72235613939	2006	3	19	7	0	0.04
72235613939	2006	3	19	8	0	0.05
72235613939	2006	3	19	9	0	0.15
72235613939	2006	3	19	10	0	0.14
72235613939	2006	3	19	11	0	0.19
72235613939	2006	3	19	12	0	0.39
72235613939	2006	3	19	13	0	0.19
72235613939	2006	3	19	14	0	0.28
72235613939	2006	3	19	15	0	0.25
72235613939	2006	3	19	16	0	0.2
72235613939	2006	3	19	17	0	0.01
72235613939	2006	3	19	18	0	0.02
72235613939	2006	3	19	19	0	0.01
72235613939	2006	3	19	20	0	0.02
72235613939	2006	3	19	21	0	0.01
72235613939	2006	3	20	1	0	0.02
72235613939	2006	3	20	2	0	0.01
72235613939	2006	3	20	5	0	0.07
72235613939	2006	3	20	6	0	0.02
72235613939	2006	3	20	10	0	0.05
72235613939	2006	3	20	11	0	0.27
72235613939	2006	3	20	12	0	0.26
72235613939	2006	3	20	13	0	0.12
72235613939	2006	3	20	14	0	0.08
72235613939	2006	3	20	15	0	0.07
72235613939	2006	3	20	16	0	0.05
72235613939	2006	3	20	17	0	0.05
72235613939	2006	3	20	18	0	0.14
72235613939	2006	3	20	19	0	0.17
72235613939	2006	3	20	20	0	0.21
72235613939	2006	3	20	21	0	0.01
72235613939	2006	3	21	3	0	0.09
72235613939	2006	3	21	4	0	0.04
72235613939	2006	3	21	8	0	0.01
72235613939	2006	3	22	2	0	0.01
72235613939	2006	3	23	16	0	0.01
72235613939	2006	3	28	5	0	0.01
72235613939	2006	3	28	6	0	0.01
72235613939	2006	3	28	7	0	0.01
72235613939	2006	3	28	8	0	0.01
72235613939	2006	3	28	9	0	0.01
72235613939	2006	3	28	10	0	0.01
72235613939	2006	3	28	11	0	0.01
72235613939	2006	3	28	13	0	0.01
72235613939	2006	3	28	14	0	0.01
72235613939	2006	3	28	15	0	0.01
72235613939	2006	3	28	16	0	0.01
72235613939	2006	3	28	17	0	0.01
72235613939	2006	3	28	18	0	0.01
72235613939	2006	3	28	20	0	0.01
72235613939	2006	3	31	14	0	0.02
72235613939	2006	3	31	19	0	0.01
72235613939	2006	4	7	21	0	0.38
72235613939	2006	4	7	22	0	0.14
72235613939	2006	4	7	23	0	0.15
72235613939	2006	4	8	0	0	0.11
72235613939	2006	4	8	2	0	0.61
72235613939	2006	4	8	3	0	0.01
72235613939	2006	4	8	5	0	0.11
72235613939	2006	4	20	23	0	0.13
72235613939	2006	4	21	0	0	0.01
72235613939	2006	4	21	8	0	0.35
72235613939	2006	4	21	9	0	0.376
72235613939	2006	4	21	10	0	0.525
72235613939	2006	4	21	11	0	0.051
72235613939	2006	4	21	12	0	0.005
72235613939	2006	4	21	17	0	0.01
72235613939	2006	4	22	0	0	0.14
72235613939	2006	4	22	1	0	0.27
72235613939	2006	4	22	2	0	0.08
72235613939	2006	4	22	3	0	0.02
72235613939	2006	4	22	9	0	0.01
72235613939	2006	4	25	18	0	0.01
72235613939	2006	4	26	6	0	0.08
72235613939	2006	4	26	7	0	0.01
72235613939	2006	4	26	10	0	0.06
72235613939	2006	4	26	11	0	0.05
72235613939	2006	4	26	12	0	0.01
72235613939	2006	4	27	5	0	0.01
72235613939	2006	4	29	14	0	0.01
72235613939	2006	4	29	17	0	0.01
72235613939	2006	4	29	19	0	0.046
72235613939	2006	4	29	20	0	0.124
72235613939	2006	4	29	21	0	0.02
72235613939	2006	4	29	22	0	0.049
72235613939	2006	4	29	23	0	0.036
72235613939	2006	4	30	0	0	0.014
72235613939	2006	4	30	1	0	0.001
72235613939	2006	4	30	4	0	0.005
72235613939	2006	4	30	5	0	0.365
72235613939	2006	5	4	14	0	0.01
72235613939	2006	5	4	23	0	0.02
72235613939	2006	5	5	0	0	0.22
72235613939	2006	5	5	1	0	0.13
72235613939	2006	5	5	2	0	0.01
72235613939	2006	5	6	17	0	0.01
72235613939	2006	5	6	18	0	0.02
72235613939	2006	5	6	19	0	0.02
72235613939	2006	5	6	22	0	0.05
72235613939	2006	5	6	23	0	0.02
72235613939	2006	5	7	0	0	0.08
72235613939	2006	5	7	1	0	0.01
72235613939	2006	5	7	2	0	0.01
72235613939	2006	5	10	8	0	1.08
72235613939	2006	5	10	13	0	0.03
72235613939	2006	5	10	14	0	0.19
72235613939	2006	5	10	15	0	0.03
72235613939	2006	5	10	16	0	0.13
72235613939	2006	5	10	17	0	0.28
72235613939	2006	5	16	20	0	0.04
72235613939	2006	5	29	21	0	0.14
72235613939	2006	5	29	22	0	0.04
72235613939	2006	5	30	21	0	0.24
72235613939	2006	5	31	9	0	0.01
72235613939	2006	5	31	21	0	0.55
72235613939	2006	6	1	23	0	0.01
72235613939	2006	6	2	0	0	1.41
72235613939	2006	6	2	1	0	0.06
72235613939	2006	6	2	2	0	0.01
72235613939	2006	6	2	3	0	0.05
72235613939	2006	6	18	20	0	0.56
72235613939	2006	6	18	21	0	0.11
72235613939	2006	6	20	1	0	0.02
72235613939	2006	6	24	1	0	0.164
72235613939	2006	6	24	2	0	0.002
72235613939	2006	6	24	8	0	0.006
72235613939	2006	6	24	14	0	0.01
72235613939	2006	6	24	20	0	0.01
72235613939	2006	6	24	21	0	0.41
72235613939	2006	7	4	23	0	0.071
72235613939	2006	7	5	0	0	0.037
72235613939	2006	7	5	15	0	0.002
72235613939	2006	7	5	16	0	0.02
72235613939	2006	7	5	22	0	0.19
72235613939	2006	7	5	23	0	0.01
72235613939	2006	7	6	4	0	0.01
72235613939	2006	7	15	23	0	0.1
72235613939	2006	7	26	21	0	0.03
72235613939	2006	8	12	3	0	0.11
72235613939	2006	8	12	4	0	0.8
72235613939	2006	8	12	8	0	0.002
72235613939	2006	8	12	9	0	0.2
72235613939	2006	8	12	10	0	1.35
72235613939	2006	8	12	11	0	0.02
72235613939	2006	8	12	12	0	0.1
72235613939	2006	8	12	13	0	0.16
72235613939	2006	8	12	14	0	0.12
72235613939	2006	8	12	15	0	0.01
72235613939	2006	8	28	23	0	0.03
72235613939	2006	8	30	1	0	0.01
72235613939	2006	9	12	0	0	0.12
72235613939	2006	9	12	1	0	0.89
72235613939	2006	9	13	6	0	0.01
72235613939	2006	9	13	7	0	0.02
72235613939	2006	9	17	20	0	0.24
72235613939	2006	9	18	8	0	0.01
72235613939	2006	9	18	9	0	0.19
72235613939	2006	9	18	11	0	0.03
72235613939	2006	9	18	12	0	0.1
72235613939	2006	9	18	18	0	0.01
72235613939	2006	9	18	22	0	0.16
72235613939	2006	9	21	23	0	0.01
72235613939	2006	9	22	7	0	0.05
72235613939	2006	9	22	9	0	0.01
72235613939	2006	9	23	22	0	0.08
72235613939	2006	9	23	23	0	0.33
72235613939	2006	9	24	0	0	0.17
72235613939	2006	9	24	2	0	0.13
72235613939	2006	9	24	3	0	0.78
72235613939	2006	9	24	4	0	0.57
72235613939	2006	9	24	5	0	0.13
72235613939	2006	10	16	3	0	0.01
72235613939	2006	10	16	5	0	0.004
72235613939	2006	10	16	6	0	0.1
72235613939	2006	10	16	7	0	0.04
72235613939	2006	10	16	8	0	0.05
72235613939	2006	10	16	15	0	0.01
72235613939	2006	10	16	16	0	0.14
72235613939	2006	10	16	17	0	0.3
72235613939	2006	10	16	18	0	0.37
72235613939	2006	10	16	19	0	0.31
72235613939	2006	10	16	20	0	0.23
72235613939	2006	10	16	21	0	0.57
72235613939	2006	10	16	22	0	1.08
72235613939	2006	10	16	23	0	0.72
72235613939	2006	10	17	0	0	0.02
72235613939	2006	10	17	1	0	0.01
72235613939	2006	10	17	3	0	0.01
72235613939	2006	10	17	4	0	0.01
72235613939	2006	10	17	5	0	0.01
72235613939	2006	10	17	6	0	0.01
72235613939	2006	10	18	7	0	0.01
72235613939	2006	10	19	10	0	0.02
72235613939	2006	10	19	11	0	0.04
72235613939	2006	10	19	12	0	0.3
72235613939	2006	10	19	13	0	0.2
72235613939	2006	10	19	14	0	0.32
72235613939	2006	10	19	15	0	0.02
72235613939	2006	10	19	16	0	0.01
72235613939	2006	10	19	18	0	0.01
72235613939	2006	10	25	11	0	0.01
72235613939	2006	10	25	12	0	0.02
72235613939	2006	10	25	13	0	0.03
72235613939	2006	10	25	14	0	0.02
72235613939	2006	10	25	18	0	0.01
72235613939	2006	10	25	19	0	0.02
72235613939	2006	10	25	20	0	0.01
72235613939	2006	10	25	21	0	0.01
72235613939	2006	10	25	22	0	0.03
72235613939	2006	10	25	23	0	0.11
72235613939	2006	10	26	0	0	0.13
72235613939	2006	10	26	1	0	0.05
72235613939	2006	10	26	2	0	0.02
72235613939	2006	10	26	3	0	0.01
72235613939	2006	10	26	4	0	0.01
72235613939	2006	10	26	6	0	0.01
72235613939	2006	10	26	7	0	0.01
72235613939	2006	10	26	8	0	0.02
72235613939	2006	10	26	9	0	0.01
72235613939	2006	10	26	11	0	0.04
72235613939	2006	10	26	12	0	0.03
72235613939	2006	10	26	14	0	0.04
72235613939	2006	10	26	15	0	0.03
72235613939	2006	10	26	16	0	0.01
72235613939	2006	10	27	4	0	0.01
72235613939	2006	10	27	6	0	0.38
72235613939	2006	10	27	7	0	0.34
72235613939	2006	10	27	8	0	0.24
72235613939	2006	10	27	9	0	0.04
72235613939	2006	10	27	14	0	0.01
72235613939	2006	11	1	1	0	0.41
72235613939	2006	11	1	2	0	0.12
72235613939	2006	11	1	3	0	0.08
72235613939	2006	11	1	7	0	0.09
72235613939	2006	11	1	8	0	0.54
72235613939	2006	11	1	9	0	0.1
72235613939	2006	11	1	14	0	0.01
72235613939	2006	11	1	18	0	0.33
72235613939	2006	11	6	9	0	0.04
72235613939	2006	11	6	10	0	0.05
72235613939	2006	11	6	11	0	0.01
72235613939	2006	11	6	13	0	0.16
72235613939	2006	11	6	14	0	0.29
72235613939	2006	11	6	15	0	0.02
72235613939	2006	11	6	17	0	0.06
72235613939	2006	11	6	18	0	0.12
72235613939	2006	11	6	19	0	0.03
72235613939	2006	11	14	13	0	0.01
72235613939	2006	11	14	14	0	0.02
72235613939	2006	11	14	15	0	0.08
72235613939	2006	11	14	19	0	0.01
72235613939	2006	11	14	23	0	0.01
72235613939	2006	11	15	0	0	0.01
72235613939	2006	11	15	4	0	0.03
72235613939	2006	11	15	11	0	0.01
72235613939	2006	11	15	12	0	0.04
72235613939	2006	11	15	22	0	0.04
72235613939	2006	11	15	23	0	0.04
72235613939	2006	11	16	0	0	0.07
72235613939	2006	11	16	1	0	0.07
72235613939	2006	11	16	2	0	0.04
72235613939	2006	11	16	3	0	0.01
72235613939	2006	11	28	13	0	0.02
72235613939	2006	11	28	14	0	0.04
72235613939	2006	11	28	15	0	0.01
72235613939	2006	11	28	16	0	0.01
72235613939	2006	11	30	12	0	0.01
72235613939	2006	11	30	13	0	0.11
72235613939	2006	11	30	14	0	0.16
72235613939	2006	11	30	15	0	0.03
72235613939	2006	11	30	18	0	0.05
72235613939	2006	11	30	23	0	0.09
72235613939	2006	12	1	2	0	0.02
72235613939	2006	12	1	3	0	0.01
72235613939	2006	12	12	3	0	0.01
72235613939	2006	12	12	4	0	0.05
72235613939	2006	12	12	5	0	0.02
72235613939	2006	12	12	6	0	0.03
72235613939	2006	12	12	7	0	0.04
72235613939	2006	12	12	8	0	0.04
72235613939	2006	12	12	9	0	0.31
72235613939	2006	12	12	10	0	0.26
72235613939	2006	12	12	11	0	0.27
72235613939	2006	12	12	12	0	0.25
72235613939	2006	12	12	13	0	0.1
72235613939	2006	12	20	20	0	0.02
72235613939	2006	12	20	21	0	0.04
72235613939	2006	12	21	3	0	0.01
72235613939	2006	12	21	5	0	0.01
72235613939	2006	12	21	9	0	0.01
72235613939	2006	12	21	10	0	0.09
72235613939	2006	12	21	12	0	0.01
72235613939	2006	12	21	13	0	0.01
72235613939	2006	12	21	14	0	0.05
72235613939	2006	12	21	15	0	0.09
72235613939	2006	12	21	16	0	0.23
72235613939	2006	12	21	17	0	0.12
72235613939	2006	12	21	18	0	0.06
72235613939	2006	12	21	19	0	0.16
72235613939	2006	12	21	20	0	0.07
72235613939	2006	12	21	21	0	0.01
72235613939	2006	12	22	2	0	0.008
72235613939	2006	12	22	3	0	0.38
72235613939	2006	12	22	4	0	0.08
72235613939	2006	12	22	6	0	0.06
72235613939	2006	12	22	7	0	0.01
72235613939	2006	12	24	23	0	0.01
72235613939	2006	12	25	0	0	0.04
72235613939	2006	12	25	1	0	0.01
72235613939	2006	12	25	2	0	0.01
72235613939	2006	12	25	3	0	0.01
72235613939	2006	12	25	5	0	0.01
72235613939	2006	12	25	6	0	0.14
72235613939	2006	12	25	7	0	0.21
72235613939	2006	12	25	8	0	0.03
72235613939	2006	12	25	9	0	0.43
72235613939	2006	12	25	10	0	0.02
72235613939	2006	12	25	13	0	0.02
72235613939	2006	12	25	14	0	0.01
72235613939	2006	12	25	15	0	0.01
72235613939	2006	12	25	16	0	0.01
72235613939	2006	12	25	19	0	0.02
72235613939	2006	12	25	20	0	0.02
72235613939	2006	12	25	21	0	0.03
72235613939	2006	12	25	23	0	0.01
72235613939	2006	12	26	0	0	0.01
72235613939	2006	12	26	1	0	0.01
72235613939	2006	12	29	12	0	0.01
72235613939	2006	12	30	9	0	0.01
72235613939	2006	12	30	10	0	0.04
72235613939	2006	12	30	11	0	0.13
72235613939	2006	12	30	12	0	0.32
72235613939	2006	12	30	13	0	0.39
72235613939	2006	12	30	14	0	0.58
72235613939	2006	12	30	15	0	0.41
72235613939	2006	12	30	16	0	0.07
72235613939	2006	12	30	17	0	0.01
72235613939	2006	12	30	18	0	0.04
72235613939	2006	12	30	19	0	0.04
72235613939	2006	12	30	20	0	0.1
72235613939	2006	12	30	21	0	0.04
72235613939	2006	12	30	22	0	0.03
72235613939	2006	12	30	23	0	0.09
72235613939	2006	12	31	0	0	0.06
72235613939	2006	12	31	1	0	0.05
72235613939	2006	12	31	2	0	0.21
72235613939	2006	12	31	3	0	0.03
72235613939	2006	12	31	4	0	0.02
72235613939	2007	1	3	14	0	0.01
72235613939	2007	1	4	15	0	0.09
72235613939	2007	1	4	16	0	0.01
72235613939	2007	1	4	17	0	0.02
72235613939	2007	1	4	18	0	0.26
72235613939	2007	1	4	19	0	0.18
72235613939	2007	1	4	20	0	0.55
72235613939	2007	1	4	21	0	0.07
72235613939	2007	1	4	22	0	0.02
72235613939	2007	1	4	23	0	0.04
72235613939	2007	1	5	0	0	0.02
72235613939	2007	1	5	1	0	0.08
72235613939	2007	1	5	2	0	0.24
72235613939	2007	1	5	3	0	0.05
72235613939	2007	1	5	4	0	0.29
72235613939	2007	1	5	5	0	0.07
72235613939	2007	1	5	7	0	0.03
72235613939	2007	1	5	8	0	0.03
72235613939	2007	1	5	9	0	0.01
72235613939	2007	1	7	11	0	0.083
72235613939	2007	1	7	12	0	0.12
72235613939	2007	1	7	13	0	0.03
72235613939	2007	1	12	23	0	0.01
72235613939	2007	1	13	0	0	0.01
72235613939	2007	1	13	2	0	0.01
72235613939	2007	1	14	4	0	0.03
72235613939	2007	1	14	5	0	0.06
72235613939	2007	1	14	6	0	0.05
72235613939	2007	1	14	7	0	0.04
72235613939	2007	1	14	9	0	0.01
72235613939	2007	1	14	11	0	0.05
72235613939	2007	1	14	12	0	0.01
72235613939	2007	1	14	13	0	0.03
72235613939	2007	1	14	14	0	0.02
72235613939	2007	1	14	15	0	0.09
72235613939	2007	1	14	16	0	0.32
72235613939	2007	1	14	17	0	0.11
72235613939	2007	1	14	18	0	0.01
72235613939	2007	1	15	7	0	0.25
72235613939	2007	1	15	8	0	0.04
72235613939	2007	1	15	9	0	0.04
72235613939	2007	1	15	10	0	0.04
72235613939	2007	1	15	11	0	0.01
72235613939	2007	1	15	12	0	0.14
72235613939	2007	1	15	13	0	0.01
72235613939	2007	1	15	14	0	0.04
72235613939	2007	1	15	15	0	0.02
72235613939	2007	1	15	16	0	0.09
72235613939	2007	1	15	17	0	0.16
72235613939	2007	1	15	18	0	0.09
72235613939	2007	1	15	19	0	0.03
72235613939	2007	1	15	20	0	0.02
72235613939	2007	1	15	21	0	0.01
72235613939	2007	1	15	22	0	0.01
72235613939	2007	1	18	23	0	0.02
72235613939	2007	1	19	0	0	0.01
72235613939	2007	1	19	1	0	0.01
72235613939	2007	1	20	16	0	0.01
72235613939	2007	1	21	1	0	0.03
72235613939	2007	1	21	2	0	0.05
72235613939	2007	1	21	3	0	0.01
72235613939	2007	1	21	7	0	0.01
72235613939	2007	1	21	8	0	0.005
72235613939	2007	1	21	9	0	0.18
72235613939	2007	1	21	10	0	0.27
72235613939	2007	1	21	11	0	0.07
72235613939	2007	1	21	13	0	0.01
72235613939	2007	1	21	14	0	0.01
72235613939	2007	1	27	17	0	0.01
72235613939	2007	1	27	20	0	0.02
72235613939	2007	1	27	22	0	0.01
72235613939	2007	1	27	23	0	0.01
72235613939	2007	2	1	8	0	0.028
72235613939	2007	2	1	9	0	0.03
72235613939	2007	2	1	20	0	0.01
72235613939	2007	2	1	22	0	0.01
72235613939	2007	2	2	1	0	0.02
72235613939	2007	2	2	2	0	0.09
72235613939	2007	2	2	5	0	0.02
72235613939	2007	2	2	15	0	0.05
72235613939	2007	2	7	16	0	0.01
72235613939	2007	2	9	7	0	0.01
72235613939	2007	2	9	9	0	0.12
72235613939	2007	2	9	10	0	0.05
72235613939	2007	2	9	11	0	0.02
72235613939	2007	2	9	13	0	0.01
72235613939	2007	2	13	2	0	0.01
72235613939	2007	2	13	3	0	0.08
72235613939	2007	2	13	4	0	0.02
72235613939	2007	2	13	5	0	0.04
72235613939	2007	2	13	6	0	0.14
72235613939	2007	2	13	7	0	0.01
72235613939	2007	2	13	18	0	0.04
72235613939	2007	2	13	19	0	0.03
72235613939	2007	2	24	15	0	0.01
72235613939	2007	2	24	21	0	0.01
72235613939	2007	2	24	23	0	0.025
72235613939	2007	2	25	0	0	0.02
72235613939	2007	2	25	1	0	0.01
72235613939	2007	3	1	6	0	0.02
72235613939	2007	3	1	17	0	0.09
72235613939	2007	3	1	20	0	0.01
72235613939	2007	3	13	8	0	0.001
72235613939	2007	3	13	9	0	0.01
72235613939	2007	3	14	21	0	0.08
72235613939	2007	3	16	10	0	0.04
72235613939	2007	3	16	11	0	0.01
72235613939	2007	3	31	18	0	0.01
72235613939	2007	4	4	5	0	0.17
72235613939	2007	4	4	6	0	0.01
72235613939	2007	4	10	16	0	0.01
72235613939	2007	4	10	17	0	0.09
72235613939	2007	4	10	18	0	0.13
72235613939	2007	4	10	19	0	0.07
72235613939	2007	4	10	22	0	0.05
72235613939	2007	4	10	23	0	0.04
72235613939	2007	4	11	9	0	0.02
72235613939	2007	4	11	10	0	0.01
72235613939	2007	4	14	5	0	0.003
72235613939	2007	4	14	6	0	0.04
72235613939	2007	4	14	7	0	0.57
72235613939	2007	4	14	8	0	0.29
72235613939	2007	4	14	9	0	0.07
72235613939	2007	4	14	10	0	0.12
72235613939	2007	4	14	11	0	0.01
72235613939	2007	4	14	13	0	0.02
72235613939	2007	4	14	14	0	0.01
72235613939	2007	4	15	2	0	0.01
72235613939	2007	4	18	7	0	0.01
72235613939	2007	4	18	8	0	0.03
72235613939	2007	4	18	9	0	0.01
72235613939	2007	4	18	10	0	0.01
72235613939	2007	4	23	19	0	0.01
72235613939	2007	4	24	0	0	0.01
72235613939	2007	4	25	13	0	0.42
72235613939	2007	4	25	14	0	0.06
72235613939	2007	4	25	19	0	0.03
72235613939	2007	4	25	20	0	0.08
72235613939	2007	4	25	21	0	0.13
72235613939	2007	4	25	22	0	0.06
72235613939	2007	4	25	23	0	0.05
72235613939	2007	4	26	0	0	0.01
72235613939	2007	5	2	10	0	0.01
72235613939	2007	5	2	11	0	0.04
72235613939	2007	5	2	12	0	0.03
72235613939	2007	5	2	13	0	0.06
72235613939	2007	5	2	14	0	0.02
72235613939	2007	5	2	19	0	0.01
72235613939	2007	5	2	21	0	0.01
72235613939	2007	5	2	22	0	0.12
72235613939	2007	5	3	22	0	0.01
72235613939	2007	5	3	23	0	0.1
72235613939	2007	5	4	0	0	0.15
72235613939	2007	5	4	1	0	0.15
72235613939	2007	5	4	2	0	0.04
72235613939	2007	5	4	3	0	0.01
72235613939	2007	5	4	4	0	0.08
72235613939	2007	5	4	5	0	0.03
72235613939	2007	5	4	10	0	0.02
72235613939	2007	5	4	22	0	0.09
72235613939	2007	5	9	17	0	0.16
72235613939	2007	5	9	19	0	0.01
72235613939	2007	5	10	2	0	0.01
72235613939	2007	5	15	18	0	0.1
72235613939	2007	5	16	1	0	0.01
72235613939	2007	5	16	3	0	0.01
72235613939	2007	5	16	4	0	0.01
72235613939	2007	5	16	11	0	0.01
72235613939	2007	5	16	12	0	0.01
72235613939	2007	5	26	1	0	0.08
72235613939	2007	5	26	2	0	0.01
72235613939	2007	6	7	22	0	0.02
72235613939	2007	6	18	21	0	0.06
72235613939	2007	6	18	22	0	0.06
72235613939	2007	6	19	3	0	0.01
72235613939	2007	6	19	4	0	0.03
72235613939	2007	6	19	5	0	0.03
72235613939	2007	6	19	7	0	1.3
72235613939	2007	6	19	8	0	0.33
72235613939	2007	6	19	9	0	0.01
72235613939	2007	6	19	10	0	0.02
72235613939	2007	6	19	11	0	0.01
72235613939	2007	6	19	18	0	0.32
72235613939	2007	6	19	19	0	0.47
72235613939	2007	6	27	3	0	0.02
72235613939	2007	6	28	17	0	0.002
72235613939	2007	6	28	18	0	0.09
72235613939	2007	6	28	19	0	0.43
72235613939	2007	6	28	20	0	0.1
72235613939	2007	7	1	5	0	0.035
72235613939	2007	7	1	6	0	0.006
72235613939	2007	7	1	23	0	0.004
72235613939	2007	7	2	0	0	0.07
72235613939	2007	7	2	1	0	0.04
72235613939	2007	7	2	2	0	0.02
72235613939	2007	7	2	3	0	0.01
72235613939	2007	7	4	0	0	0.01
72235613939	2007	7	4	15	0	0.01
72235613939	2007	7	5	15	0	0.01
72235613939	2007	7	5	23	0	0.02
72235613939	2007	7	6	16	0	0.03
72235613939	2007	7	6	17	0	0.06
72235613939	2007	7	6	18	0	0.07
72235613939	2007	7	6	19	0	0.15
72235613939	2007	7	6	20	0	0.01
72235613939	2007	7	6	21	0	0.01
72235613939	2007	7	6	22	0	0.01
72235613939	2007	7	6	23	0	0.06
72235613939	2007	7	7	0	0	0.1
72235613939	2007	7	7	1	0	0.21
72235613939	2007	7	7	2	0	0.18
72235613939	2007	7	7	3	0	0.44
72235613939	2007	7	7	4	0	0.37
72235613939	2007	7	7	5	0	0.74
72235613939	2007	7	7	6	0	0.12
72235613939	2007	7	7	7	0	0.17
72235613939	2007	7	7	8	0	0.02
72235613939	2007	7	7	12	0	0.05
72235613939	2007	7	7	13	0	0.16
72235613939	2007	7	7	14	0	0.31
72235613939	2007	7	7	15	0	0.02
72235613939	2007	7	7	16	0	0.06
72235613939	2007	7	9	12	0	0.02
72235613939	2007	7	9	13	0	0.01
72235613939	2007	7	9	16	0	0.01
72235613939	2007	7	9	22	0	0.01
72235613939	2007	7	9	23	0	0.12
72235613939	2007	7	10	0	0	0.07
72235613939	2007	7	10	1	0	0.01
72235613939	2007	7	10	2	0	0.02
72235613939	2007	7	11	3	0	0.07
72235613939	2007	7	11	4	0	0.02
72235613939	2007	7	11	7	0	0.02
72235613939	2007	7	11	8	0	0.21
72235613939	2007	7	11	9	0	0.13
72235613939	2007	7	11	10	0	0.47
72235613939	2007	7	12	19	0	0.33
72235613939	2007	7	12	20	0	0.07
72235613939	2007	7	12	23	0	0.01
72235613939	2007	7	13	6	0	0.02
72235613939	2007	7	13	7	0	0.97
72235613939	2007	7	13	8	0	0.11
72235613939	2007	7	13	16	0	0.01
72235613939	2007	7	13	17	0	0.01
72235613939	2007	7	13	19	0	0.1
72235613939	2007	7	13	20	0	0.06
72235613939	2007	7	15	9	0	0.01
72235613939	2007	7	15	10	0	0.01
72235613939	2007	7	15	14	0	0.01
72235613939	2007	7	16	10	0	0.01
72235613939	2007	7	16	12	0	0.07
72235613939	2007	7	16	15	0	0.01
72235613939	2007	7	21	1	0	0.02
72235613939	2007	7	30	17	0	0.003
72235613939	2007	7	30	18	0	0.11
72235613939	2007	7	30	20	0	0.01
72235613939	2007	7	31	0	0	0.58
72235613939	2007	7	31	1	0	0.2
72235613939	2007	8	28	21	0	0.11
72235613939	2007	8	28	23	0	0.04
72235613939	2007	8	29	20	0	0.001
72235613939	2007	8	29	21	0	0.16
72235613939	2007	8	30	16	0	0.52
72235613939	2007	8	30	17	0	0.02
72235613939	2007	8	30	23	0	0.26
72235613939	2007	8	31	1	0	0.02
72235613939	2007	9	3	23	0	0.02
72235613939	2007	9	4	8	0	0.01
72235613939	2007	9	4	20	0	0.01
72235613939	2007	9	4	21	0	0.05
72235613939	2007	9	5	21	0	0.07
72235613939	2007	9	5	22	0	0.03
72235613939	2007	9	5	23	0	0.01
72235613939	2007	9	6	0	0	0.05
72235613939	2007	9	6	1	0	0.01
72235613939	2007	9	6	7	0	0.01
72235613939	2007	9	7	20	0	0.002
72235613939	2007	9	7	21	0	0.07
72235613939	2007	9	7	22	0	0.01
72235613939	2007	9	11	11	0	0.043
72235613939	2007	9	13	14	0	0.01
72235613939	2007	9	13	17	0	0.004
72235613939	2007	9	13	18	0	0.11
72235613939	2007	9	13	19	0	0.19
72235613939	2007	9	13	20	0	0.88
72235613939	2007	9	13	21	0	0.28
72235613939	2007	9	13	22	0	0.03
72235613939	2007	9	13	23	0	0.01
72235613939	2007	9	14	0	0	0.01
72235613939	2007	9	14	1	0	0.02
72235613939	2007	9	14	2	0	0.01
72235613939	2007	9	14	4	0	0.02
72235613939	2007	9	14	5	0	0.04
72235613939	2007	9	14	6	0	0.01
72235613939	2007	9	14	7	0	0.05
72235613939	2007	9	14	8	0	0.03
72235613939	2007	9	14	9	0	0.01
72235613939	2007	9	22	21	0	0.03
72235613939	2007	9	22	22	0	0.02
72235613939	2007	9	24	0	0	0.18
72235613939	2007	9	24	15	0	0.01
72235613939	2007	9	25	0	0	0.05
72235613939	2007	9	25	1	0	0.04
72235613939	2007	9	25	2	0	0.02
72235613939	2007	9	25	3	0	0.01
72235613939	2007	9	25	12	0	0.01
72235613939	2007	9	25	13	0	0.01
72235613939	2007	9	25	14	0	0.01
72235613939	2007	9	25	15	0	0.01
72235613939	2007	9	25	16	0	0.01
72235613939	2007	9	25	17	0	0.01
72235613939	2007	9	25	18	0	0.05
72235613939	2007	9	26	4	0	0.02
72235613939	2007	10	8	21	0	0.01
72235613939	2007	10	9	0	0	0.02
72235613939	2007	10	15	20	0	0.07
72235613939	2007	10	15	21	0	0.21
72235613939	2007	10	15	22	0	0.04
72235613939	2007	10	15	23	0	0.07
72235613939	2007	10	16	0	0	0.24
72235613939	2007	10	16	1	0	0.21
72235613939	2007	10	16	2	0	0.13
72235613939	2007	10	16	3	0	0.03
72235613939	2007	10	16	14	0	0.13
72235613939	2007	10	17	22	0	0.26
72235613939	2007	10	17	23	0	0.03
72235613939	2007	10	18	0	0	0.4
72235613939	2007	10	18	1	0	0.14
72235613939	2007	10	19	0	0	0.22
72235613939	2007	10	19	1	0	0.01
72235613939	2007	10	22	15	0	0.17
72235613939	2007	10	22	21	0	0.04
72235613939	2007	10	22	22	0	0.19
72235613939	2007	10	22	23	0	0.08
72235613939	2007	10	23	0	0	0.05
72235613939	2007	10	23	1	0	0.19
72235613939	2007	10	23	2	0	0.02
72235613939	2007	10	23	3	0	0.01
72235613939	2007	10	23	4	0	0.02
72235613939	2007	10	23	5	0	0.02
72235613939	2007	10	23	6	0	0.01
72235613939	2007	10	23	8	0	0.01
72235613939	2007	10	23	9	0	0.01
72235613939	2007	10	23	15	0	0.01
72235613939	2007	10	23	22	0	0.02
72235613939	2007	10	23	23	0	0.01
72235613939	2007	10	24	0	0	0.01
72235613939	2007	10	24	2	0	0.01
72235613939	2007	10	24	10	0	0.04
72235613939	2007	10	24	12	0	0.01
72235613939	2007	10	24	13	0	0.02
72235613939	2007	10	24	14	0	0.02
72235613939	2007	10	24	15	0	0.03
72235613939	2007	10	24	16	0	0.01
72235613939	2007	10	25	2	0	0.01
72235613939	2007	10	25	9	0	0.07
72235613939	2007	10	25	10	0	0.01
72235613939	2007	10	25	12	0	0.01
72235613939	2007	10	25	14	0	0.01
72235613939	2007	10	25	15	0	0.04
72235613939	2007	10	25	16	0	0.02
72235613939	2007	10	25	19	0	0.02
72235613939	2007	11	10	12	0	0.01
72235613939	2007	11	14	21	0	0.01
72235613939	2007	11	15	0	0	0.43
72235613939	2007	11	15	1	0	0.09
72235613939	2007	11	15	2	0	0.01
72235613939	2007	11	18	16	0	0.01
72235613939	2007	11	18	17	0	0.04
72235613939	2007	11	18	18	0	0.04
72235613939	2007	11	18	19	0	0.06
72235613939	2007	11	18	20	0	0.03
72235613939	2007	11	18	23	0	0.01
72235613939	2007	11	21	9	0	0.02
72235613939	2007	11	22	1	0	0.21
72235613939	2007	11	22	2	0	0.07
72235613939	2007	11	22	9	0	0.01
72235613939	2007	11	24	12	0	0.02
72235613939	2007	11	24	14	0	0.02
72235613939	2007	11	24	18	0	0.01
72235613939	2007	11	24	19	0	0.01
72235613939	2007	11	24	21	0	0.02
72235613939	2007	11	24	22	0	0.01
72235613939	2007	11	25	0	0	0.04
72235613939	2007	11	25	1	0	0.06
72235613939	2007	11	25	2	0	0.04
72235613939	2007	11	25	3	0	0.02
72235613939	2007	11	25	4	0	0.01
72235613939	2007	11	25	8	0	0.02
72235613939	2007	11	25	9	0	0.02
72235613939	2007	11	25	11	0	0.01
72235613939	2007	11	25	14	0	0.01
72235613939	2007	11	25	18	0	0.1
72235613939	2007	11	25	19	0	0.02
72235613939	2007	11	25	20	0	0.01
72235613939	2007	11	25	23	0	0.02
72235613939	2007	11	26	0	0	0.04
72235613939	2007	11	26	1	0	0.05
72235613939	2007	11	26	2	0	0.04
72235613939	2007	11	26	6	0	0.01
72235613939	2007	12	2	22	0	0.16
72235613939	2007	12	10	18	0	0.13
72235613939	2007	12	11	0	0	0.02
72235613939	2007	12	11	1	0	0.05
72235613939	2007	12	12	11	0	0.01
72235613939	2007	12	12	12	0	0.01
72235613939	2007	12	12	13	0	0.04
72235613939	2007	12	12	14	0	0.08
72235613939	2007	12	12	15	0	0.08
72235613939	2007	12	12	16	0	0.04
72235613939	2007	12	12	18	0	0.01
72235613939	2007	12	12	19	0	0.01
72235613939	2007	12	13	8	0	0.01
72235613939	2007	12	13	9	0	0.02
72235613939	2007	12	13	10	0	0.07
72235613939	2007	12	13	11	0	0.06
72235613939	2007	12	14	22	0	0.03
72235613939	2007	12	14	23	0	0.03
72235613939	2007	12	15	13	0	0.04
72235613939	2007	12	15	14	0	0.003
72235613939	2007	12	15	15	0	0.18
72235613939	2007	12	15	16	0	0.14
72235613939	2007	12	15	17	0	0.16
72235613939	2007	12	15	18	0	0.14
72235613939	2007	12	15	19	0	0.02
72235613939	2007	12	15	20	0	0.01
72235613939	2007	12	15	21	0	0.01
72235613939	2007	12	18	19	0	0.01
72235613939	2007	12	20	10	0	0.02
72235613939	2007	12	20	11	0	0.04
72235613939	2007	12	20	12	0	0.07
72235613939	2007	12	20	13	0	0.04
72235613939	2007	12	20	14	0	0.01
72235613939	2007	12	21	6	0	0.01
72235613939	2007	12	21	15	0	0.01
72235613939	2007	12	22	22	0	0.18
72235613939	2007	12	22	23	0	0.06
72235613939	2007	12	26	19	0	0.13
72235613939	2007	12	26	20	0	0.21
72235613939	2007	12	26	21	0	0.2
72235613939	2007	12	26	22	0	0.03
72235613939	2007	12	28	6	0	0.01
72235613939	2007	12	28	7	0	0.05
72235613939	2007	12	28	8	0	0.11
72235613939	2007	12	28	9	0	0.05
72235613939	2007	12	28	11	0	0.02
72235613939	2007	12	28	12	0	0.2
72235613939	2007	12	28	13	0	0.06
72235613939	2007	12	28	14	0	0.01
72235613939	2008	1	5	16	0	0.05
72235613939	2008	1	5	17	0	0.05
72235613939	2008	1	5	18	0	0.02
72235613939	2008	1	5	21	0	0.02
72235613939	2008	1	5	22	0	0.01
72235613939	2008	1	8	21	0	0.29
72235613939	2008	1	8	23	0	0.01
72235613939	2008	1	10	9	0	0.01
72235613939	2008	1	10	14	0	0.29
72235613939	2008	1	16	18	0	0.01
72235613939	2008	1	16	19	0	0.02
72235613939	2008	1	16	20	0	0.02
72235613939	2008	1	16	21	0	0.01
72235613939	2008	1	16	23	0	0.01
72235613939	2008	1	17	0	0	0.02
72235613939	2008	1	22	5	0	0.02
72235613939	2008	1	22	6	0	0.08
72235613939	2008	1	22	7	0	0.09
72235613939	2008	1	22	8	0	0.12
72235613939	2008	1	22	9	0	0.07
72235613939	2008	1	22	10	0	0.02
72235613939	2008	1	22	11	0	0.06
72235613939	2008	1	22	12	0	0.04
72235613939	2008	1	22	13	0	0.08
72235613939	2008	1	22	14	0	0.13
72235613939	2008	1	26	11	0	0.001
72235613939	2008	1	26	13	0	0.02
72235613939	2008	1	26	14	0	0.04
72235613939	2008	1	26	15	0	0.06
72235613939	2008	1	26	16	0	0.1
72235613939	2008	1	26	17	0	0.04
72235613939	2008	1	29	12	0	0.01
72235613939	2008	1	29	13	0	0.02
72235613939	2008	1	29	14	0	0.02
72235613939	2008	1	29	15	0	0.01
72235613939	2008	1	29	16	0	0.01
72235613939	2008	1	29	18	0	0.21
72235613939	2008	1	29	19	0	0.03
72235613939	2008	1	31	6	0	0.04
72235613939	2008	1	31	7	0	0.03
72235613939	2008	1	31	8	0	0.18
72235613939	2008	1	31	10	0	0.01
72235613939	2008	1	31	13	0	0.04
72235613939	2008	1	31	14	0	0.04
72235613939	2008	1	31	15	0	0.12
72235613939	2008	1	31	16	0	0.27
72235613939	2008	1	31	17	0	0.28
72235613939	2008	1	31	18	0	0.29
72235613939	2008	1	31	19	0	0.12
72235613939	2008	1	31	20	0	0.01
72235613939	2008	1	31	21	0	0.02
72235613939	2008	2	3	14	0	0.03
72235613939	2008	2	3	15	0	0.31
72235613939	2008	2	3	16	0	0.28
72235613939	2008	2	3	17	0	0.09
72235613939	2008	2	3	18	0	0.05
72235613939	2008	2	3	19	0	0.01
72235613939	2008	2	3	21	0	0.01
72235613939	2008	2	4	10	0	0.02
72235613939	2008	2	5	22	0	0.01
72235613939	2008	2	6	3	0	0.09
72235613939	2008	2	6	4	0	0.16
72235613939	2008	2	6	5	0	0.01
72235613939	2008	2	6	6	0	0.08
72235613939	2008	2	6	7	0	0.01
72235613939	2008	2	6	8	0	0.01
72235613939	2008	2	12	13	0	0.27
72235613939	2008	2	12	14	0	0.22
72235613939	2008	2	12	15	0	0.19
72235613939	2008	2	12	16	0	0.31
72235613939	2008	2	12	17	0	0.26
72235613939	2008	2	12	18	0	0.1
72235613939	2008	2	12	19	0	0.03
72235613939	2008	2	16	12	0	0.02
72235613939	2008	2	16	14	0	0.01
72235613939	2008	2	16	15	0	0.05
72235613939	2008	2	16	16	0	0.12
72235613939	2008	2	16	17	0	0.01
72235613939	2008	2	16	18	0	0.1
72235613939	2008	2	16	19	0	0.04
72235613939	2008	2	17	7	0	0.18
72235613939	2008	2	17	8	0	0.24
72235613939	2008	2	17	9	0	0.14
72235613939	2008	2	17	14	0	0.01
72235613939	2008	2	21	12	0	0.01
72235613939	2008	2	21	16	0	0.02
72235613939	2008	2	21	17	0	0.01
72235613939	2008	2	21	18	0	0.07
72235613939	2008	2	21	19	0	0.05
72235613939	2008	2	22	5	0	0.05
72235613939	2008	2	22	7	0	0.06
72235613939	2008	2	24	9	0	0.04
72235613939	2008	2	24	10	0	0.01
72235613939	2008	2	26	4	0	0.13
72235613939	2008	2	26	5	0	0.19
72235613939	2008	2	26	6	0	0.05
72235613939	2008	2	29	18	0	0.01
72235613939	2008	2	29	21	0	0.05
72235613939	2008	3	1	8	0	0.01
72235613939	2008	3	3	21	0	0.17
72235613939	2008	3	3	22	0	0.46
72235613939	2008	3	3	23	0	0.7
72235613939	2008	3	4	0	0	0.56
72235613939	2008	3	4	1	0	0.15
72235613939	2008	3	4	4	0	0.01
72235613939	2008	3	4	16	0	0.01
72235613939	2008	3	7	7	0	0.03
72235613939	2008	3	7	8	0	0.01
72235613939	2008	3	7	9	0	0.003
72235613939	2008	3	7	19	0	0.05
72235613939	2008	3	7	20	0	0.01
72235613939	2008	3	7	21	0	0.01
72235613939	2008	3	7	22	0	0.01
72235613939	2008	3	11	5	0	0.026
72235613939	2008	3	11	6	0	0.04
72235613939	2008	3	11	7	0	0.04
72235613939	2008	3	11	8	0	0.07
72235613939	2008	3	11	9	0	0.06
72235613939	2008	3	11	10	0	0.07
72235613939	2008	3	11	11	0	0.02
72235613939	2008	3	14	9	0	0.03
72235613939	2008	3	15	3	0	0.2
72235613939	2008	3	19	4	0	0.01
72235613939	2008	3	19	5	0	0.33
72235613939	2008	3	19	7	0	0.01
72235613939	2008	3	19	13	0	0.01
72235613939	2008	3	19	15	0	0.06
72235613939	2008	3	19	16	0	0.01
72235613939	2008	3	30	10	0	0.01
72235613939	2008	3	30	11	0	0.12
72235613939	2008	4	1	6	0	0.74
72235613939	2008	4	1	7	0	0.34
72235613939	2008	4	1	9	0	0.03
72235613939	2008	4	1	10	0	1.12
72235613939	2008	4	1	11	0	0.56
72235613939	2008	4	1	12	0	0.02
72235613939	2008	4	1	18	0	0.01
72235613939	2008	4	4	10	0	0.01
72235613939	2008	4	4	11	0	0.013
72235613939	2008	4	4	12	0	0.47
72235613939	2008	4	4	13	0	0.76
72235613939	2008	4	4	14	0	0.48
72235613939	2008	4	4	15	0	0.24
72235613939	2008	4	4	16	0	0.14
72235613939	2008	4	4	17	0	0.02
72235613939	2008	4	4	18	0	0.09
72235613939	2008	4	4	19	0	0.21
72235613939	2008	4	4	20	0	0.07
72235613939	2008	4	4	21	0	0.06
72235613939	2008	4	4	22	0	0.16
72235613939	2008	4	4	23	0	0.11
72235613939	2008	4	5	0	0	0.02
72235613939	2008	4	6	7	0	0.001
72235613939	2008	4	11	0	0	0.01
72235613939	2008	4	18	15	0	0.05
72235613939	2008	4	18	18	0	0.04
72235613939	2008	4	18	19	0	0.15
72235613939	2008	4	18	20	0	0.01
72235613939	2008	4	24	12	0	0.01
72235613939	2008	4	24	13	0	0.01
72235613939	2008	4	26	5	0	0.009
72235613939	2008	4	26	6	0	0.01
72235613939	2008	4	26	7	0	0.6
72235613939	2008	4	26	8	0	0.05
72235613939	2008	4	26	9	0	0.01
72235613939	2008	4	26	11	0	0.12
72235613939	2008	4	26	12	0	0.16
72235613939	2008	4	26	13	0	0.02
72235613939	2008	4	27	4	0	0.04
72235613939	2008	4	27	5	0	0.01
72235613939	2008	4	27	10	0	0.02
72235613939	2008	4	27	11	0	0.01
72235613939	2008	4	27	12	0	0.08
72235613939	2008	4	27	17	0	0.11
72235613939	2008	4	27	18	0	0.07
72235613939	2008	4	27	19	0	0.01
72235613939	2008	4	27	20	0	0.01
72235613939	2008	5	3	0	0	0.09
72235613939	2008	5	3	2	0	0.06
72235613939	2008	5	3	3	0	1.01
72235613939	2008	5	3	4	0	0.44
72235613939	2008	5	3	5	0	0.02
72235613939	2008	5	3	6	0	0.01
72235613939	2008	5	3	11	0	0.002
72235613939	2008	5	8	4	0	0.06
72235613939	2008	5	8	5	0	0.01
72235613939	2008	5	8	6	0	0.19
72235613939	2008	5	8	9	0	0.07
72235613939	2008	5	8	12	0	0.13
72235613939	2008	5	8	14	0	0.01
72235613939	2008	5	13	14	0	0.02
72235613939	2008	5	13	15	0	0.01
72235613939	2008	5	13	16	0	0.01
72235613939	2008	5	13	17	0	0.08
72235613939	2008	5	14	3	0	0.01
72235613939	2008	5	14	6	0	0.04
72235613939	2008	5	14	7	0	0.04
72235613939	2008	5	14	10	0	0.18
72235613939	2008	5	14	11	0	0.1
72235613939	2008	5	14	12	0	0.07
72235613939	2008	5	14	15	0	0.02
72235613939	2008	5	14	16	0	0.01
72235613939	2008	5	14	18	0	0.06
72235613939	2008	5	14	19	0	0.04
72235613939	2008	5	15	1	0	0.02
72235613939	2008	5	15	2	0	0.01
72235613939	2008	5	15	5	0	0.04
72235613939	2008	5	15	6	0	0.23
72235613939	2008	5	15	7	0	0.14
72235613939	2008	5	15	8	0	0.06
72235613939	2008	5	15	9	0	0.06
72235613939	2008	5	15	10	0	0.08
72235613939	2008	5	15	11	0	0.39
72235613939	2008	5	15	12	0	0.16
72235613939	2008	5	15	13	0	0.21
72235613939	2008	5	16	2	0	0.01
72235613939	2008	5	16	3	0	0.02
72235613939	2008	5	16	4	0	0.04
72235613939	2008	5	16	5	0	0.01
72235613939	2008	5	18	10	0	0.04
72235613939	2008	5	18	11	0	0.04
72235613939	2008	5	23	0	0	0.13
72235613939	2008	5	23	1	0	0.18
72235613939	2008	5	23	2	0	0.08
72235613939	2008	5	23	3	0	0.02
72235613939	2008	5	27	18	0	0.02
72235613939	2008	5	28	9	0	0.51
72235613939	2008	5	28	10	0	0.16
72235613939	2008	5	28	11	0	0.08
72235613939	2008	5	28	14	0	0.01
72235613939	2008	6	10	4	0	0.1
72235613939	2008	6	10	5	0	0.05
72235613939	2008	6	10	6	0	0.1
72235613939	2008	6	10	7	0	0.07
72235613939	2008	6	20	16	0	0.01
72235613939	2008	6	20	17	0	0.07
72235613939	2008	6	20	18	0	0.01
72235613939	2008	6	27	19	0	0.05
72235613939	2008	7	4	21	0	0.55
72235613939	2008	7	4	22	0	0.11
72235613939	2008	7	4	23	0	0.09
72235613939	2008	7	5	0	0	0.01
72235613939	2008	7	10	21	0	0.08
72235613939	2008	7	10	22	0	0.04
72235613939	2008	8	1	3	0	0.01
72235613939	2008	8	3	4	0	0.12
72235613939	2008	8	3	5	0	0.25
72235613939	2008	8	3	22	0	0.17
72235613939	2008	8	7	18	0	0.18
72235613939	2008	8	7	19	0	0.55
72235613939	2008	8	10	12	0	0.1
72235613939	2008	8	10	14	0	0.09
72235613939	2008	8	10	15	0	0.08
72235613939	2008	8	10	16	0	0.15
72235613939	2008	8	10	17	0	0.11
72235613939	2008	8	10	19	0	0.07
72235613939	2008	8	10	20	0	0.09
72235613939	2008	8	10	21	0	0.01
72235613939	2008	8	11	13	0	0.04
72235613939	2008	8	11	14	0	0.03
72235613939	2008	8	11	15	0	0.04
72235613939	2008	8	11	16	0	0.02
72235613939	2008	8	12	1	0	0.01
72235613939	2008	8	12	6	0	0.02
72235613939	2008	8	12	7	0	0.07
72235613939	2008	8	12	8	0	0.156
72235613939	2008	8	12	9	0	0.44
72235613939	2008	8	12	10	0	0.29
72235613939	2008	8	12	11	0	0.13
72235613939	2008	8	12	12	0	0.11
72235613939	2008	8	12	13	0	0.09
72235613939	2008	8	12	14	0	0.01
72235613939	2008	8	12	20	0	0.005
72235613939	2008	8	15	12	0	0.01
72235613939	2008	8	15	22	0	0.06
72235613939	2008	8	15	23	0	0.02
72235613939	2008	8	16	1	0	0.13
72235613939	2008	8	16	6	0	0.01
72235613939	2008	8	16	7	0	0.11
72235613939	2008	8	16	8	0	0.02
72235613939	2008	8	16	10	0	0.02
72235613939	2008	8	16	11	0	0.05
72235613939	2008	8	16	12	0	0.12
72235613939	2008	8	19	13	0	0.034
72235613939	2008	8	19	14	0	0.01
72235613939	2008	8	19	15	0	0.001
72235613939	2008	8	19	21	0	0.19
72235613939	2008	8	19	22	0	0.36
72235613939	2008	8	19	23	0	0.52
72235613939	2008	8	20	0	0	0.391
72235613939	2008	8	20	1	0	0.08
72235613939	2008	8	20	2	0	0.34
72235613939	2008	8	20	3	0	0.01
72235613939	2008	8	20	4	0	0.01
72235613939	2008	8	20	5	0	0.03
72235613939	2008	8	20	6	0	0.02
72235613939	2008	8	20	7	0	0.05
72235613939	2008	8	20	8	0	0.04
72235613939	2008	8	20	9	0	0.04
72235613939	2008	8	20	10	0	0.01
72235613939	2008	8	20	12	0	0.01
72235613939	2008	8	20	13	0	0.02
72235613939	2008	8	20	14	0	0.02
72235613939	2008	8	20	16	0	0.02
72235613939	2008	8	20	18	0	0.09
72235613939	2008	8	20	23	0	0.03
72235613939	2008	8	21	20	0	0.04
72235613939	2008	8	24	11	0	0.01
72235613939	2008	8	24	12	0	0.02
72235613939	2008	8	24	13	0	0.01
72235613939	2008	8	24	23	0	0.08
72235613939	2008	8	25	3	0	0.01
72235613939	2008	8	25	5	0	0.02
72235613939	2008	8	25	11	0	0.02
72235613939	2008	8	25	22	0	0.01
72235613939	2008	8	25	23	0	0.01
72235613939	2008	8	26	1	0	0.01
72235613939	2008	9	2	1	0	0.02
72235613939	2008	9	2	3	0	0.04
72235613939	2008	9	2	4	0	0.02
72235613939	2008	9	2	5	0	0.04
72235613939	2008	9	2	6	0	0.05
72235613939	2008	9	2	7	0	0.01
72235613939	2008	9	2	8	0	0.06
72235613939	2008	9	2	9	0	0.05
72235613939	2008	9	2	10	0	0.05
72235613939	2008	9	2	11	0	0.05
72235613939	2008	9	2	12	0	0.11
72235613939	2008	9	2	13	0	0.11
72235613939	2008	9	2	14	0	0.1
72235613939	2008	9	2	15	0	0.03
72235613939	2008	9	2	16	0	0.11
72235613939	2008	9	2	17	0	0.16
72235613939	2008	9	2	18	0	0.25
72235613939	2008	9	2	19	0	0.15
72235613939	2008	9	2	20	0	0.09
72235613939	2008	9	2	21	0	0.2
72235613939	2008	9	2	22	0	0.14
72235613939	2008	9	2	23	0	0.04
72235613939	2008	9	3	0	0	0.01
72235613939	2008	9	3	1	0	0.05
72235613939	2008	9	3	2	0	0.03
72235613939	2008	9	3	3	0	0.07
72235613939	2008	9	3	4	0	0.05
72235613939	2008	9	3	5	0	0.06
72235613939	2008	9	3	6	0	0.06
72235613939	2008	9	3	7	0	0.063
72235613939	2008	9	3	9	0	0.02
72235613939	2008	9	3	10	0	0.07
72235613939	2008	9	3	11	0	0.16
72235613939	2008	9	3	12	0	0.18
72235613939	2008	9	3	13	0	0.77
72235613939	2008	9	3	14	0	0.25
72235613939	2008	9	3	15	0	0.14
72235613939	2008	9	3	16	0	0.5
72235613939	2008	9	3	17	0	0.27
72235613939	2008	9	3	18	0	0.35
72235613939	2008	9	3	19	0	0.31
72235613939	2008	9	3	20	0	0.1
72235613939	2008	9	3	21	0	0.04
72235613939	2008	9	3	22	0	0.12
72235613939	2008	9	3	23	0	0.79
72235613939	2008	9	4	0	0	2.4
72235613939	2008	9	4	1	0	1.43
72235613939	2008	9	4	2	0	0.94
72235613939	2008	9	4	3	0	0.04
72235613939	2008	9	5	10	0	0.02
72235613939	2008	9	5	11	0	0.01
72235613939	2008	9	9	5	0	0.03
72235613939	2008	9	9	11	0	0.07
72235613939	2008	9	12	23	0	0.05
72235613939	2008	9	14	7	0	0.01
72235613939	2008	9	14	8	0	0.125
72235613939	2008	9	14	9	0	0.38
72235613939	2008	9	14	17	0	0.01
72235613939	2008	10	8	3	0	0.193
72235613939	2008	10	16	9	0	0.09
72235613939	2008	10	16	10	0	0.05
72235613939	2008	10	16	11	0	0.02
72235613939	2008	10	16	12	0	0.01
72235613939	2008	10	16	14	0	0.01
72235613939	2008	10	16	15	0	0.14
72235613939	2008	10	16	16	0	0.09
72235613939	2008	10	16	21	0	0.01
72235613939	2008	10	16	22	0	0.01
72235613939	2008	10	16	23	0	0.02
72235613939	2008	10	23	8	0	0.01
72235613939	2008	10	23	10	0	0.03
72235613939	2008	10	23	11	0	0.01
72235613939	2008	10	23	13	0	0.12
72235613939	2008	10	23	14	0	0.03
72235613939	2008	10	23	16	0	0.06
72235613939	2008	10	23	17	0	0.05
72235613939	2008	10	23	18	0	0.03
72235613939	2008	10	23	23	0	0.03
72235613939	2008	11	6	22	0	0.04
72235613939	2008	11	6	23	0	0.008
72235613939	2008	11	7	0	0	0.06
72235613939	2008	11	7	6	0	0.02
72235613939	2008	11	11	8	0	0.01
72235613939	2008	11	11	11	0	0.01
72235613939	2008	11	11	12	0	0.01
72235613939	2008	11	11	15	0	0.01
72235613939	2008	11	11	20	0	0.01
72235613939	2008	11	11	21	0	0.11
72235613939	2008	11	11	22	0	0.01
72235613939	2008	11	11	23	0	0.01
72235613939	2008	11	12	0	0	0.03
72235613939	2008	11	12	1	0	0.01
72235613939	2008	11	12	9	0	0.09
72235613939	2008	11	12	10	0	0.16
72235613939	2008	11	12	11	0	0.12
72235613939	2008	11	12	12	0	0.22
72235613939	2008	11	12	13	0	0.01
72235613939	2008	11	12	14	0	0.01
72235613939	2008	11	12	18	0	0.01
72235613939	2008	11	12	22	0	0.06
72235613939	2008	11	13	12	0	0.01
72235613939	2008	11	14	17	0	0.01
72235613939	2008	11	15	2	0	0.01
72235613939	2008	11	24	8	0	0.02
72235613939	2008	11	24	13	0	0.04
72235613939	2008	11	24	14	0	0.13
72235613939	2008	11	24	16	0	0.02
72235613939	2008	11	28	18	0	0.01
72235613939	2008	11	28	19	0	0.01
72235613939	2008	11	28	22	0	0.01
72235613939	2008	11	29	0	0	0.07
72235613939	2008	11	29	1	0	0.05
72235613939	2008	11	29	3	0	0.01
72235613939	2008	11	29	4	0	0.01
72235613939	2008	11	29	5	0	0.01
72235613939	2008	11	29	6	0	0.04
72235613939	2008	11	30	18	0	0.02
72235613939	2008	11	30	19	0	0.01
72235613939	2008	11	30	20	0	0.01
72235613939	2008	11	30	21	0	0.01
72235613939	2008	11	30	23	0	0.01
72235613939	2008	12	4	4	0	0.13
72235613939	2008	12	4	5	0	0.38
72235613939	2008	12	4	6	0	0.22
72235613939	2008	12	4	7	0	0.24
72235613939	2008	12	4	8	0	0.06
72235613939	2008	12	9	10	0	0.06
72235613939	2008	12	9	11	0	0.03
72235613939	2008	12	9	15	0	0.03
72235613939	2008	12	9	18	0	0.01
72235613939	2008	12	9	19	0	0.02
72235613939	2008	12	9	20	0	0.59
72235613939	2008	12	9	21	0	0.36
72235613939	2008	12	9	22	0	0.13
72235613939	2008	12	9	23	0	0.21
72235613939	2008	12	10	0	0	0.24
72235613939	2008	12	10	1	0	0.09
72235613939	2008	12	10	2	0	0.14
72235613939	2008	12	10	3	0	0.05
72235613939	2008	12	10	4	0	0.01
72235613939	2008	12	11	4	0	0.02
72235613939	2008	12	11	5	0	0.1
72235613939	2008	12	11	6	0	0.02
72235613939	2008	12	11	7	0	0.06
72235613939	2008	12	11	8	0	0.03
72235613939	2008	12	11	9	0	0.06
72235613939	2008	12	11	10	0	0.01
72235613939	2008	12	11	14	0	0.009
72235613939	2008	12	15	8	0	0.01
72235613939	2008	12	15	10	0	0.01
72235613939	2008	12	15	15	0	0.01
72235613939	2008	12	16	9	0	0.07
72235613939	2008	12	17	0	0	0.01
72235613939	2008	12	17	2	0	0.01
72235613939	2008	12	17	6	0	0.03
72235613939	2008	12	17	7	0	0.04
72235613939	2008	12	17	8	0	0.05
72235613939	2008	12	17	9	0	0.18
72235613939	2008	12	17	10	0	0.14
72235613939	2008	12	17	11	0	0.14
72235613939	2008	12	17	12	0	0.01
72235613939	2008	12	17	13	0	0.01
72235613939	2008	12	17	14	0	0.01
72235613939	2008	12	17	15	0	0.01
72235613939	2008	12	18	23	0	0.008
72235613939	2008	12	20	5	0	0.01
72235613939	2008	12	20	6	0	0.18
72235613939	2008	12	20	11	0	0.006
72235613939	2008	12	20	16	0	0.01
72235613939	2008	12	20	23	0	0.02
72235613939	2008	12	21	0	0	0.4
72235613939	2008	12	23	15	0	0.02
72235613939	2008	12	23	17	0	0.03
72235613939	2008	12	23	18	0	0.01
72235613939	2008	12	23	19	0	0.02
72235613939	2008	12	23	21	0	0.05
72235613939	2008	12	23	22	0	0.01
72235613939	2008	12	24	0	0	0.01
72235613939	2008	12	24	3	0	0.02
72235613939	2008	12	24	5	0	0.06
72235613939	2008	12	24	6	0	0.05
72235613939	2008	12	24	7	0	0.01
72235613939	2008	12	24	13	0	0.01
72235613939	2008	12	24	16	0	0.24
72235613939	2008	12	24	17	0	0.08
72235613939	2008	12	24	18	0	0.01
72235613939	2008	12	26	0	0	0.02
72235613939	2008	12	26	2	0	0.03
72235613939	2008	12	26	3	0	0.01
72235613939	2008	12	26	12	0	0.01
72235613939	2008	12	28	0	0	0.52
72235613939	2008	12	28	1	0	0.22
72235613939	2008	12	28	2	0	0.21
72235613939	2008	12	28	3	0	0.04
72235613939	2008	12	28	4	0	0.06
72235613939	2009	1	2	7	0	0.03
72235613939	2009	1	2	8	0	0.03
72235613939	2009	1	3	5	0	0.01
72235613939	2009	1	5	18	0	0.02
72235613939	2009	1	5	19	0	0.01
72235613939	2009	1	5	20	0	0.032
72235613939	2009	1	5	21	0	0.04
72235613939	2009	1	5	23	0	0.05
72235613939	2009	1	6	0	0	0.08
72235613939	2009	1	6	1	0	0.11
72235613939	2009	1	6	2	0	0.01
72235613939	2009	1	6	5	0	0.02
72235613939	2009	1	6	6	0	0.04
72235613939	2009	1	6	9	0	0.01
72235613939	2009	1	6	10	0	0.07
72235613939	2009	1	6	11	0	0.35
72235613939	2009	1	6	12	0	0.18
72235613939	2009	1	6	13	0	0.11
72235613939	2009	1	6	14	0	0.17
72235613939	2009	1	6	15	0	0.14
72235613939	2009	1	6	16	0	0.09
72235613939	2009	1	6	17	0	0.04
72235613939	2009	1	6	18	0	0.03
72235613939	2009	1	6	22	0	0.01
72235613939	2009	1	7	5	0	0.01
72235613939	2009	1	7	7	0	0.14
72235613939	2009	1	10	18	0	0.01
72235613939	2009	1	24	2	0	0.01
72235613939	2009	1	24	4	0	0.01
72235613939	2009	1	24	5	0	0.08
72235613939	2009	1	24	6	0	0.03
72235613939	2009	1	24	7	0	0.02
72235613939	2009	1	24	9	0	0.02
72235613939	2009	1	24	10	0	0.14
72235613939	2009	1	24	11	0	0.08
72235613939	2009	1	24	12	0	0.06
72235613939	2009	1	24	13	0	0.02
72235613939	2009	1	26	21	0	0.01
72235613939	2009	1	27	8	0	0.01
72235613939	2009	1	27	10	0	0.02
72235613939	2009	1	28	7	0	0.08
72235613939	2009	1	28	8	0	0.04
72235613939	2009	1	28	10	0	0.04
72235613939	2009	1	28	11	0	0.05
72235613939	2009	1	28	12	0	0.03
72235613939	2009	1	28	13	0	0.02
72235613939	2009	2	2	0	0	0.01
72235613939	2009	2	2	1	0	0.02
72235613939	2009	2	2	4	0	0.02
72235613939	2009	2	2	6	0	0.06
72235613939	2009	2	2	7	0	0.16
72235613939	2009	2	2	8	0	0.02
72235613939	2009	2	10	12	0	0.02
72235613939	2009	2	11	0	0	0.01
72235613939	2009	2	11	1	0	0.11
72235613939	2009	2	11	2	0	0.06
72235613939	2009	2	11	11	0	0.001
72235613939	2009	2	11	12	0	0.03
72235613939	2009	2	11	13	0	0.03
72235613939	2009	2	13	21	0	0.02
72235613939	2009	2	13	22	0	0.05
72235613939	2009	2	17	12	0	0.03
72235613939	2009	2	17	13	0	0.08
72235613939	2009	2	17	14	0	0.05
72235613939	2009	2	17	15	0	0.01
72235613939	2009	2	17	20	0	0.02
72235613939	2009	2	17	21	0	0.01
72235613939	2009	2	18	4	0	0.19
72235613939	2009	2	21	18	0	0.02
72235613939	2009	2	21	19	0	0.02
72235613939	2009	2	27	15	0	0.3
72235613939	2009	2	27	16	0	0.01
72235613939	2009	2	27	18	0	0.31
72235613939	2009	2	27	19	0	0.04
72235613939	2009	2	27	20	0	0.35
72235613939	2009	2	27	21	0	0.01
72235613939	2009	2	27	22	0	0.01
72235613939	2009	2	28	2	0	0.01
72235613939	2009	2	28	3	0	0.01
72235613939	2009	2	28	4	0	0.01
72235613939	2009	2	28	5	0	0.1
72235613939	2009	2	28	6	0	0.22
72235613939	2009	3	1	1	0	0.03
72235613939	2009	3	1	2	0	0.02
72235613939	2009	3	11	22	0	0.01
72235613939	2009	3	11	23	0	0.01
72235613939	2009	3	12	17	0	0.02
72235613939	2009	3	12	21	0	0.03
72235613939	2009	3	12	23	0	0.01
72235613939	2009	3	13	0	0	0.01
72235613939	2009	3	13	6	0	0.07
72235613939	2009	3	13	7	0	0.02
72235613939	2009	3	13	8	0	0.04
72235613939	2009	3	13	9	0	0.01
72235613939	2009	3	13	14	0	0.03
72235613939	2009	3	13	15	0	0.06
72235613939	2009	3	13	16	0	0.06
72235613939	2009	3	13	21	0	0.03
72235613939	2009	3	13	22	0	0.07
72235613939	2009	3	13	23	0	0.09
72235613939	2009	3	14	0	0	0.04
72235613939	2009	3	14	1	0	0.06
72235613939	2009	3	14	2	0	0.08
72235613939	2009	3	14	3	0	0.08
72235613939	2009	3	14	4	0	0.14
72235613939	2009	3	14	5	0	0.11
72235613939	2009	3	14	6	0	0.12
72235613939	2009	3	14	7	0	0.17
72235613939	2009	3	14	8	0	0.04
72235613939	2009	3	14	9	0	0.03
72235613939	2009	3	14	21	0	0.01
72235613939	2009	3	25	0	0	0.02
72235613939	2009	3	25	2	0	0.01
72235613939	2009	3	25	3	0	0.06
72235613939	2009	3	25	4	0	0.03
72235613939	2009	3	25	6	0	0.03
72235613939	2009	3	25	7	0	0.56
72235613939	2009	3	25	8	0	0.06
72235613939	2009	3	25	9	0	0.01
72235613939	2009	3	26	1	0	0.12
72235613939	2009	3	26	2	0	0.149
72235613939	2009	3	26	3	0	0.72
72235613939	2009	3	26	4	0	0.21
72235613939	2009	3	26	5	0	0.07
72235613939	2009	3	26	6	0	0.04
72235613939	2009	3	28	5	0	0.01
72235613939	2009	3	28	9	0	0.05
72235613939	2009	3	28	10	0	0.02
72235613939	2009	3	31	15	0	0.02
72235613939	2009	3	31	16	0	0.08
72235613939	2009	4	2	15	0	0.04
72235613939	2009	4	2	16	0	0.12
72235613939	2009	4	2	17	0	0.06
72235613939	2009	4	2	21	0	0.15
72235613939	2009	4	5	14	0	0.01
72235613939	2009	4	10	5	0	0.77
72235613939	2009	4	12	17	0	0.2
72235613939	2009	4	12	18	0	0.29
72235613939	2009	4	12	19	0	0.16
72235613939	2009	4	12	20	0	0.47
72235613939	2009	4	12	21	0	0.15
72235613939	2009	4	12	23	0	0.28
72235613939	2009	4	13	0	0	0.02
72235613939	2009	4	13	17	0	0.04
72235613939	2009	4	18	6	0	0.06
72235613939	2009	4	18	21	0	0.01
72235613939	2009	4	18	22	0	0.01
72235613939	2009	4	18	23	0	0.01
72235613939	2009	4	19	0	0	0.11
72235613939	2009	4	19	1	0	0.01
72235613939	2009	4	19	12	0	0.03
72235613939	2009	4	19	13	0	0.01
72235613939	2009	4	28	16	0	0.01
72235613939	2009	4	28	17	0	0.01
72235613939	2009	4	30	18	0	0.03
72235613939	2009	5	1	1	0	0.04
72235613939	2009	5	1	2	0	0.13
72235613939	2009	5	1	23	0	0.01
72235613939	2009	5	2	20	0	0.01
72235613939	2009	5	2	22	0	0.01
72235613939	2009	5	2	23	0	0.45
72235613939	2009	5	3	0	0	0.08
72235613939	2009	5	3	1	0	0.06
72235613939	2009	5	3	2	0	0.16
72235613939	2009	5	3	3	0	0.24
72235613939	2009	5	3	4	0	0.02
72235613939	2009	5	3	5	0	0.02
72235613939	2009	5	3	7	0	0.01
72235613939	2009	5	3	9	0	0.32
72235613939	2009	5	3	10	0	0.09
72235613939	2009	5	3	11	0	0.24
72235613939	2009	5	3	12	0	0.22
72235613939	2009	5	3	14	0	0.08
72235613939	2009	5	3	15	0	0.14
72235613939	2009	5	3	16	0	0.34
72235613939	2009	5	3	17	0	0.05
72235613939	2009	5	4	15	0	0.03
72235613939	2009	5	4	17	0	0.01
72235613939	2009	5	5	6	0	0.02
72235613939	2009	5	5	7	0	0.01
72235613939	2009	5	6	10	0	0.73
72235613939	2009	5	6	11	0	0.24
72235613939	2009	5	6	12	0	0.12
72235613939	2009	5	6	13	0	0.15
72235613939	2009	5	6	14	0	0.38
72235613939	2009	5	6	15	0	0.15
72235613939	2009	5	6	16	0	0.21
72235613939	2009	5	7	19	0	0.11
72235613939	2009	5	7	20	0	0.03
72235613939	2009	5	9	11	0	0.02
72235613939	2009	5	9	12	0	0.06
72235613939	2009	5	9	22	0	0.06
72235613939	2009	5	9	23	0	0.14
72235613939	2009	5	10	0	0	0.03
72235613939	2009	5	10	19	0	0.01
72235613939	2009	5	10	21	0	0.02
72235613939	2009	5	10	22	0	0.03
72235613939	2009	5	11	0	0	0.03
72235613939	2009	5	11	5	0	0.01
72235613939	2009	5	11	6	0	0.03
72235613939	2009	5	11	9	0	0.15
72235613939	2009	5	11	10	0	0.2
72235613939	2009	5	11	11	0	0.02
72235613939	2009	5	11	12	0	0.11
72235613939	2009	5	11	13	0	0.04
72235613939	2009	5	11	14	0	0.23
72235613939	2009	5	11	15	0	0.06
72235613939	2009	5	11	16	0	0.21
72235613939	2009	5	11	17	0	0.1
72235613939	2009	5	11	18	0	0.12
72235613939	2009	5	11	19	0	0.01
72235613939	2009	5	11	21	0	0.01
72235613939	2009	5	12	22	0	0.75
72235613939	2009	5	12	23	0	0.03
72235613939	2009	5	13	0	0	0.01
72235613939	2009	5	17	8	0	0.01
72235613939	2009	5	17	9	0	0.05
72235613939	2009	5	17	10	0	0.15
72235613939	2009	5	17	11	0	0.23
72235613939	2009	5	17	12	0	0.1
72235613939	2009	5	17	13	0	0.02
72235613939	2009	5	23	0	0	0.07
72235613939	2009	5	23	1	0	0.31
72235613939	2009	5	23	2	0	0.08
72235613939	2009	5	23	3	0	0.01
72235613939	2009	5	23	12	0	0.01
72235613939	2009	5	23	15	0	0.01
72235613939	2009	5	23	16	0	0.03
72235613939	2009	5	23	17	0	0.21
72235613939	2009	5	23	18	0	0.01
72235613939	2009	5	24	3	0	0.01
72235613939	2009	5	24	4	0	0.09
72235613939	2009	5	24	5	0	0.25
72235613939	2009	5	24	6	0	0.14
72235613939	2009	5	24	7	0	0.15
72235613939	2009	5	24	8	0	0.12
72235613939	2009	5	24	9	0	0.09
72235613939	2009	5	24	10	0	0.2
72235613939	2009	5	24	11	0	0.02
72235613939	2009	5	24	12	0	0.03
72235613939	2009	5	24	13	0	0.03
72235613939	2009	5	24	14	0	0.03
72235613939	2009	5	25	22	0	0.01
72235613939	2009	5	26	19	0	0.22
72235613939	2009	5	27	10	0	0.001
72235613939	2009	5	27	20	0	0.03
72235613939	2009	6	4	2	0	0.094
72235613939	2009	6	4	3	0	0.04
72235613939	2009	6	4	4	0	0.066
72235613939	2009	6	4	16	0	0.01
72235613939	2009	6	4	17	0	0.03
72235613939	2009	6	4	18	0	0.07
72235613939	2009	6	4	19	0	0.02
72235613939	2009	7	1	1	0	0.12
72235613939	2009	7	1	2	0	0.05
72235613939	2009	7	2	6	0	0.01
72235613939	2009	7	5	10	0	0.05
72235613939	2009	7	5	17	0	0.04
72235613939	2009	7	12	13	0	0.02
72235613939	2009	7	13	15	0	0.13
72235613939	2009	7	13	19	0	0.01
72235613939	2009	7	14	9	0	0.1
72235613939	2009	7	14	10	0	0.59
72235613939	2009	7	14	11	0	0.45
72235613939	2009	7	14	12	0	0.11
72235613939	2009	7	14	13	0	0.08
72235613939	2009	7	14	14	0	0.01
72235613939	2009	7	17	1	0	0.07
72235613939	2009	7	17	2	0	1.66
72235613939	2009	7	17	3	0	0.17
72235613939	2009	7	17	4	0	0.18
72235613939	2009	7	17	5	0	0.02
72235613939	2009	7	20	11	0	0.27
72235613939	2009	7	20	12	0	0.01
72235613939	2009	7	20	14	0	0.006
72235613939	2009	7	21	19	0	0.13
72235613939	2009	7	21	20	0	0.07
72235613939	2009	7	22	1	0	0.15
72235613939	2009	7	22	2	0	0.08
72235613939	2009	7	22	5	0	0.01
72235613939	2009	7	26	15	0	0.01
72235613939	2009	7	26	16	0	0.02
72235613939	2009	7	26	17	0	0.04
72235613939	2009	7	26	18	0	0.04
72235613939	2009	7	26	19	0	0.01
72235613939	2009	7	28	4	0	0.02
72235613939	2009	7	28	6	0	0.01
72235613939	2009	7	28	7	0	0.03
72235613939	2009	7	28	8	0	0.03
72235613939	2009	7	28	9	0	0.03
72235613939	2009	7	28	10	0	0.01
72235613939	2009	7	28	11	0	0.02
72235613939	2009	7	28	12	0	0.5
72235613939	2009	7	28	13	0	0.02
72235613939	2009	7	28	14	0	0.02
72235613939	2009	7	28	15	0	0.03
72235613939	2009	7	28	17	0	0.01
72235613939	2009	7	28	19	0	0.02
72235613939	2009	7	29	11	0	0.01
72235613939	2009	7	29	20	0	0.069
72235613939	2009	7	29	21	0	0.01
72235613939	2009	7	29	22	0	0.12
72235613939	2009	7	29	23	0	0.02
72235613939	2009	7	30	0	0	0.08
72235613939	2009	7	30	1	0	0.05
72235613939	2009	7	30	2	0	0.12
72235613939	2009	7	30	5	0	0.01
72235613939	2009	7	30	6	0	0.01
72235613939	2009	7	30	8	0	0.07
72235613939	2009	7	30	9	0	0.01
72235613939	2009	7	30	10	0	0.04
72235613939	2009	7	30	20	0	0.13
72235613939	2009	8	1	18	0	0.09
72235613939	2009	8	1	19	0	0.01
72235613939	2009	8	1	20	0	0.02
72235613939	2009	8	1	22	0	0.01
72235613939	2009	8	1	23	0	0.07
72235613939	2009	8	5	11	0	0.05
72235613939	2009	8	5	12	0	0.05
72235613939	2009	8	5	13	0	0.06
72235613939	2009	8	5	14	0	0.08
72235613939	2009	8	5	15	0	0.06
72235613939	2009	8	18	19	0	0.05
72235613939	2009	8	20	17	0	0.08
72235613939	2009	8	20	18	0	0.01
72235613939	2009	8	21	10	0	0.14
72235613939	2009	8	21	11	0	0.08
72235613939	2009	8	21	12	0	0.03
72235613939	2009	8	30	9	0	0.02
72235613939	2009	8	30	12	0	0.02
72235613939	2009	9	8	19	0	0.03
72235613939	2009	9	8	20	0	0.08
72235613939	2009	9	9	18	0	0.61
72235613939	2009	9	9	19	0	0.01
72235613939	2009	9	10	19	0	0.68
72235613939	2009	9	10	20	0	0.59
72235613939	2009	9	10	21	0	0.04
72235613939	2009	9	11	0	0	0.01
72235613939	2009	9	11	16	0	0.12
72235613939	2009	9	11	17	0	1.46
72235613939	2009	9	11	18	0	0.01
72235613939	2009	9	12	14	0	0.01
72235613939	2009	9	12	21	0	0.07
72235613939	2009	9	13	3	0	0.01
72235613939	2009	9	13	11	0	0.043
72235613939	2009	9	13	12	0	0.11
72235613939	2009	9	13	13	0	0.07
72235613939	2009	9	13	14	0	0.03
72235613939	2009	9	13	23	0	0.026
72235613939	2009	9	14	0	0	0.19
72235613939	2009	9	14	1	0	0.08
72235613939	2009	9	14	11	0	0.089
72235613939	2009	9	14	12	0	0.05
72235613939	2009	9	14	13	0	0.04
72235613939	2009	9	14	14	0	0.01
72235613939	2009	9	15	1	0	0.07
72235613939	2009	9	15	2	0	0.02
72235613939	2009	9	15	3	0	0.02
72235613939	2009	9	15	4	0	0.03
72235613939	2009	9	15	8	0	0.031
72235613939	2009	9	15	9	0	0.28
72235613939	2009	9	15	10	0	0.01
72235613939	2009	9	15	11	0	0.03
72235613939	2009	9	15	15	0	0.01
72235613939	2009	9	15	17	0	0.55
72235613939	2009	9	15	20	0	0.47
72235613939	2009	9	15	23	0	0.01
72235613939	2009	9	16	0	0	0.03
72235613939	2009	9	16	1	0	0.09
72235613939	2009	9	16	2	0	0.01
72235613939	2009	9	18	1	0	0.06
72235613939	2009	9	18	2	0	0.05
72235613939	2009	9	18	3	0	0.03
72235613939	2009	9	18	4	0	0.01
72235613939	2009	9	18	22	0	0.02
72235613939	2009	9	18	23	0	0.02
72235613939	2009	9	20	0	0	0.09
72235613939	2009	9	20	3	0	0.01
72235613939	2009	9	20	12	0	0.01
72235613939	2009	9	22	7	0	0.01
72235613939	2009	9	22	9	0	0.64
72235613939	2009	9	22	10	0	0.02
72235613939	2009	9	23	21	0	0.41
72235613939	2009	9	24	7	0	0.01
72235613939	2009	9	25	9	0	0.02
72235613939	2009	9	26	6	0	0.01
72235613939	2009	9	26	7	0	0.01
72235613939	2009	9	26	9	0	0.03
72235613939	2009	9	26	11	0	0.07
72235613939	2009	9	26	12	0	0.24
72235613939	2009	9	26	13	0	0.01
72235613939	2009	10	2	4	0	0.37
72235613939	2009	10	2	5	0	0.07
72235613939	2009	10	4	9	0	0.03
72235613939	2009	10	4	10	0	0.04
72235613939	2009	10	4	11	0	0.1
72235613939	2009	10	4	12	0	0.06
72235613939	2009	10	4	13	0	0.07
72235613939	2009	10	4	14	0	0.2
72235613939	2009	10	4	15	0	0.32
72235613939	2009	10	4	16	0	0.04
72235613939	2009	10	4	17	0	0.08
72235613939	2009	10	4	18	0	0.42
72235613939	2009	10	4	19	0	0.44
72235613939	2009	10	4	20	0	0.08
72235613939	2009	10	4	21	0	0.26
72235613939	2009	10	4	22	0	0.03
72235613939	2009	10	4	23	0	0.01
72235613939	2009	10	5	0	0	0.01
72235613939	2009	10	5	1	0	0.01
72235613939	2009	10	5	3	0	0.01
72235613939	2009	10	7	2	0	0.01
72235613939	2009	10	7	3	0	0.01
72235613939	2009	10	7	7	0	0.1
72235613939	2009	10	7	11	0	0.11
72235613939	2009	10	9	16	0	0.55
72235613939	2009	10	9	17	0	0.19
72235613939	2009	10	9	19	0	0.01
72235613939	2009	10	9	23	0	0.01
72235613939	2009	10	10	0	0	0.01
72235613939	2009	10	10	1	0	0.01
72235613939	2009	10	10	2	0	0.03
72235613939	2009	10	10	3	0	0.01
72235613939	2009	10	10	4	0	0.03
72235613939	2009	10	10	5	0	0.01
72235613939	2009	10	10	8	0	0.01
72235613939	2009	10	12	1	0	0.01
72235613939	2009	10	12	2	0	0.02
72235613939	2009	10	12	3	0	0.02
72235613939	2009	10	12	4	0	0.01
72235613939	2009	10	12	5	0	0.14
72235613939	2009	10	12	6	0	0.27
72235613939	2009	10	12	7	0	0.18
72235613939	2009	10	12	8	0	0.07
72235613939	2009	10	12	9	0	0.54
72235613939	2009	10	12	10	0	0.67
72235613939	2009	10	12	11	0	0.59
72235613939	2009	10	12	12	0	0.33
72235613939	2009	10	12	13	0	0.52
72235613939	2009	10	12	14	0	0.2
72235613939	2009	10	12	15	0	0.02
72235613939	2009	10	12	17	0	0.02
72235613939	2009	10	12	18	0	0.04
72235613939	2009	10	12	19	0	0.06
72235613939	2009	10	13	3	0	0.01
72235613939	2009	10	13	15	0	0.11
72235613939	2009	10	13	16	0	0.13
72235613939	2009	10	13	17	0	0.59
72235613939	2009	10	13	18	0	0.21
72235613939	2009	10	13	19	0	0.49
72235613939	2009	10	13	21	0	0.11
72235613939	2009	10	13	22	0	0.23
72235613939	2009	10	13	23	0	0.15
72235613939	2009	10	14	0	0	0.08
72235613939	2009	10	14	1	0	0.06
72235613939	2009	10	15	13	0	0.02
72235613939	2009	10	15	14	0	0.02
72235613939	2009	10	22	8	0	0.01
72235613939	2009	10	22	10	0	0.01
72235613939	2009	10	22	11	0	0.01
72235613939	2009	10	22	12	0	0.05
72235613939	2009	10	22	13	0	0.01
72235613939	2009	10	22	15	0	0.01
72235613939	2009	10	22	20	0	0.012
72235613939	2009	10	22	21	0	0.03
72235613939	2009	10	22	23	0	0.13
72235613939	2009	10	23	0	0	0.44
72235613939	2009	10	23	1	0	0.15
72235613939	2009	10	23	2	0	0.01
72235613939	2009	10	23	3	0	0.02
72235613939	2009	10	23	4	0	0.01
72235613939	2009	10	27	7	0	0.01
72235613939	2009	10	27	8	0	0.02
72235613939	2009	10	27	9	0	0.01
72235613939	2009	10	27	10	0	0.02
72235613939	2009	10	27	11	0	0.01
72235613939	2009	10	27	12	0	0.01
72235613939	2009	10	27	14	0	0.07
72235613939	2009	10	27	15	0	0.43
72235613939	2009	10	27	16	0	0.16
72235613939	2009	10	27	17	0	0.08
72235613939	2009	10	27	18	0	0.02
72235613939	2009	10	29	8	0	0.01
72235613939	2009	10	29	9	0	0.27
72235613939	2009	10	29	10	0	0.05
72235613939	2009	10	29	11	0	0.03
72235613939	2009	10	29	12	0	0.01
72235613939	2009	10	30	9	0	0.02
72235613939	2009	10	30	10	0	0.09
72235613939	2009	10	30	11	0	0.01
72235613939	2009	10	30	13	0	0.01
72235613939	2009	10	30	14	0	0.059
72235613939	2009	10	30	15	0	0.38
72235613939	2009	10	30	16	0	0.31
72235613939	2009	10	30	17	0	0.13
72235613939	2009	10	30	18	0	0.1
72235613939	2009	10	30	19	0	0.32
72235613939	2009	10	30	20	0	0.13
72235613939	2009	10	30	21	0	0.17
72235613939	2009	10	30	22	0	0.05
72235613939	2009	10	30	23	0	0.02
72235613939	2009	10	31	0	0	0.02
72235613939	2009	10	31	1	0	0.02
72235613939	2009	11	16	13	0	0.18
72235613939	2009	11	16	14	0	0.04
72235613939	2009	11	16	15	0	0.03
72235613939	2009	11	16	17	0	0.03
72235613939	2009	11	16	23	0	0.01
72235613939	2009	11	24	19	0	0.01
72235613939	2009	11	29	13	0	0.16
72235613939	2009	11	29	14	0	0.05
72235613939	2009	11	29	17	0	0.04
72235613939	2009	11	30	4	0	0.02
72235613939	2009	11	30	5	0	0.047
72235613939	2009	11	30	6	0	0.58
72235613939	2009	11	30	7	0	0.21
72235613939	2009	11	30	8	0	0.26
72235613939	2009	11	30	9	0	0.1
72235613939	2009	11	30	10	0	0.02
72235613939	2009	12	2	7	0	0.02
72235613939	2009	12	2	8	0	0.031
72235613939	2009	12	2	9	0	0.07
72235613939	2009	12	2	10	0	0.02
72235613939	2009	12	2	13	0	0.01
72235613939	2009	12	2	14	0	0.02
72235613939	2009	12	2	15	0	0.04
72235613939	2009	12	2	16	0	0.01
72235613939	2009	12	2	23	0	0.01
72235613939	2009	12	7	6	0	0.02
72235613939	2009	12	7	8	0	0.08
72235613939	2009	12	7	9	0	0.06
72235613939	2009	12	7	10	0	0.06
72235613939	2009	12	7	11	0	0.03
72235613939	2009	12	8	1	0	0.01
72235613939	2009	12	8	3	0	0.01
72235613939	2009	12	8	7	0	0.02
72235613939	2009	12	8	8	0	0.16
72235613939	2009	12	8	9	0	0.02
72235613939	2009	12	8	10	0	0.02
72235613939	2009	12	8	11	0	0.17
72235613939	2009	12	8	12	0	0.02
72235613939	2009	12	8	13	0	0.01
72235613939	2009	12	8	17	0	0.08
72235613939	2009	12	8	18	0	0.03
72235613939	2009	12	8	19	0	0.01
72235613939	2009	12	9	2	0	0.03
72235613939	2009	12	12	15	0	0.01
72235613939	2009	12	12	16	0	0.05
72235613939	2009	12	12	17	0	0.07
72235613939	2009	12	12	18	0	0.35
72235613939	2009	12	12	19	0	0.05
72235613939	2009	12	12	20	0	0.01
72235613939	2009	12	12	21	0	0.1
72235613939	2009	12	12	22	0	0.06
72235613939	2009	12	12	23	0	0.02
72235613939	2009	12	13	0	0	0.02
72235613939	2009	12	13	1	0	0.02
72235613939	2009	12	13	2	0	0.13
72235613939	2009	12	13	4	0	0.01
72235613939	2009	12	13	6	0	0.03
72235613939	2009	12	13	7	0	0.01
72235613939	2009	12	14	3	0	0.01
72235613939	2009	12	15	10	0	0.01
72235613939	2009	12	23	6	0	0.09
72235613939	2009	12	23	7	0	0.01
72235613939	2009	12	23	8	0	0.16
72235613939	2009	12	23	9	0	0.08
72235613939	2009	12	23	10	0	0.25
72235613939	2009	12	23	11	0	0.26
72235613939	2009	12	23	12	0	0.17
72235613939	2009	12	23	13	0	0.07
72235613939	2009	12	23	14	0	0.07
72235613939	2009	12	23	15	0	0.15
72235613939	2009	12	23	16	0	0.15
72235613939	2009	12	23	17	0	0.06
72235613939	2009	12	23	19	0	0.01
72235613939	2009	12	23	20	0	0.01
72235613939	2009	12	23	21	0	0.05
72235613939	2009	12	23	22	0	0.01
72235613939	2009	12	23	23	0	0.1
72235613939	2009	12	24	2	0	0.01
72235613939	2009	12	24	14	0	0.01
72235613939	2009	12	24	16	0	0.12
72235613939	2009	12	24	17	0	0.27
72235613939	2009	12	24	18	0	0.23
72235613939	2009	12	24	19	0	0.7
72235613939	2009	12	24	20	0	0.24
72235613939	2009	12	24	21	0	0.01
72235613939	2009	12	30	15	0	0.01
72235613939	2009	12	30	17	0	0.02
72235613939	2009	12	30	18	0	0.01
72235613939	2009	12	30	19	0	0.05
72235613939	2009	12	30	20	0	0.06
72235613939	2009	12	30	21	0	0.09
72235613939	2009	12	30	22	0	0.11
72235613939	2009	12	30	23	0	0.05
72235613939	2009	12	31	0	0	0.04
72235613939	2009	12	31	3	0	0.01
72235613939	2009	12	31	4	0	0.01
72235613939	2009	12	31	5	0	0.01
72235613939	2010	1	1	0	0	0.01
72235613939	2010	1	1	1	0	0.02
72235613939	2010	1	1	2	0	0.04
72235613939	2010	1	1	3	0	0.05
72235613939	2010	1	1	4	0	0.06
72235613939	2010	1	1	5	0	0.06
72235613939	2010	1	1	6	0	0.03
72235613939	2010	1	7	7	0	0.001
72235613939	2010	1	7	9	0	0.03
72235613939	2010	1	7	10	0	0.06
72235613939	2010	1	7	11	0	0.07
72235613939	2010	1	7	12	0	0.01
72235613939	2010	1	7	13	0	0.01
72235613939	2010	1	7	17	0	0.01
72235613939	2010	1	16	14	0	0.01
72235613939	2010	1	16	15	0	0.01
72235613939	2010	1	16	16	0	0.05
72235613939	2010	1	16	17	0	0.03
72235613939	2010	1	16	18	0	0.06
72235613939	2010	1	16	19	0	0.07
72235613939	2010	1	16	20	0	0.1
72235613939	2010	1	16	21	0	0.19
72235613939	2010	1	16	22	0	0.19
72235613939	2010	1	16	23	0	0.2
72235613939	2010	1	17	0	0	0.12
72235613939	2010	1	17	1	0	0.14
72235613939	2010	1	17	2	0	0.09
72235613939	2010	1	17	3	0	0.03
72235613939	2010	1	17	4	0	0.01
72235613939	2010	1	17	5	0	0.01
72235613939	2010	1	17	6	0	0.03
72235613939	2010	1	17	7	0	0.05
72235613939	2010	1	17	8	0	0.08
72235613939	2010	1	17	9	0	0.1
72235613939	2010	1	17	10	0	0.15
72235613939	2010	1	17	11	0	0.11
72235613939	2010	1	17	12	0	0.04
72235613939	2010	1	21	1	0	0.044
72235613939	2010	1	21	2	0	0.03
72235613939	2010	1	21	3	0	0.09
72235613939	2010	1	21	4	0	0.2
72235613939	2010	1	21	5	0	0.287
72235613939	2010	1	21	6	0	0.287
72235613939	2010	1	21	7	0	0.203
72235613939	2010	1	21	8	0	0.203
72235613939	2010	1	21	9	0	0.203
72235613939	2010	1	21	10	0	0.011
72235613939	2010	1	21	11	0	0.011
72235613939	2010	1	21	12	0	0.011
72235613939	2010	1	24	3	0	0.91
72235613939	2010	1	24	4	0	0.01
72235613939	2010	1	24	23	0	0.03
72235613939	2010	1	25	0	0	0.25
72235613939	2010	1	29	10	0	0.08
72235613939	2010	1	29	11	0	0.16
72235613939	2010	1	29	12	0	0.07
72235613939	2010	1	29	13	0	0.08
72235613939	2010	1	29	14	0	0.3
72235613939	2010	1	29	15	0	0.24
72235613939	2010	1	29	16	0	0.14
72235613939	2010	1	29	17	0	0.28
72235613939	2010	1	29	18	0	0.26
72235613939	2010	1	29	19	0	0.06
72235613939	2010	1	29	20	0	0.07
72235613939	2010	1	29	21	0	0.05
72235613939	2010	1	29	22	0	0.01
72235613939	2010	2	1	21	0	0.01
72235613939	2010	2	4	8	0	0.007
72235613939	2010	2	4	9	0	0.01
72235613939	2010	2	4	10	0	0.03
72235613939	2010	2	4	11	0	0.04
72235613939	2010	2	4	12	0	0.04
72235613939	2010	2	4	13	0	0.04
72235613939	2010	2	4	14	0	0.06
72235613939	2010	2	4	15	0	0.05
72235613939	2010	2	4	16	0	0.07
72235613939	2010	2	4	17	0	0.05
72235613939	2010	2	4	18	0	0.08
72235613939	2010	2	4	19	0	0.07
72235613939	2010	2	4	20	0	0.06
72235613939	2010	2	4	21	0	0.05
72235613939	2010	2	4	22	0	0.07
72235613939	2010	2	4	23	0	0.04
72235613939	2010	2	5	0	0	0.03
72235613939	2010	2	5	1	0	0.06
72235613939	2010	2	5	2	0	0.05
72235613939	2010	2	5	3	0	0.03
72235613939	2010	2	5	4	0	0.01
72235613939	2010	2	5	5	0	0.09
72235613939	2010	2	5	6	0	0.02
72235613939	2010	2	5	7	0	0.01
72235613939	2010	2	5	9	0	0.01
72235613939	2010	2	5	12	0	0.01
72235613939	2010	2	5	14	0	0.03
72235613939	2010	2	5	15	0	0.01
72235613939	2010	2	9	1	0	0.01
72235613939	2010	2	9	2	0	0.041
72235613939	2010	2	9	3	0	0.24
72235613939	2010	2	9	4	0	0.02
72235613939	2010	2	9	5	0	0.01
72235613939	2010	2	12	1	0	0.02
72235613939	2010	2	12	2	0	0.02
72235613939	2010	2	12	3	0	0.02
72235613939	2010	2	12	5	0	0.01
72235613939	2010	2	14	23	0	0.019
72235613939	2010	2	15	0	0	0.03
72235613939	2010	2	15	1	0	0.04
72235613939	2010	2	15	2	0	0.02
72235613939	2010	2	15	4	0	0.01
72235613939	2010	2	21	18	0	0.02
72235613939	2010	2	21	22	0	0.07
72235613939	2010	2	21	23	0	0.05
72235613939	2010	2	22	0	0	0.37
72235613939	2010	2	22	1	0	0.05
72235613939	2010	2	22	2	0	0.01
72235613939	2010	2	26	9	0	0.01
72235613939	2010	3	1	19	0	0.02
72235613939	2010	3	1	20	0	0.01
72235613939	2010	3	1	21	0	0.01
72235613939	2010	3	9	9	0	0.07
72235613939	2010	3	9	10	0	0.01
72235613939	2010	3	9	13	0	0.27
72235613939	2010	3	9	14	0	0.18
72235613939	2010	3	11	6	0	0.01
72235613939	2010	3	12	5	0	0.01
72235613939	2010	3	12	8	0	0.04
72235613939	2010	3	12	9	0	0.06
72235613939	2010	3	12	22	0	0.01
72235613939	2010	3	21	2	0	0.01
72235613939	2010	3	21	3	0	0.03
72235613939	2010	3	21	4	0	0.1
72235613939	2010	3	21	5	0	0.08
72235613939	2010	3	21	6	0	0.07
72235613939	2010	3	21	7	0	0.04
72235613939	2010	3	21	8	0	0.11
72235613939	2010	3	21	9	0	0.08
72235613939	2010	3	21	22	0	0.01
72235613939	2010	3	22	0	0	0.01
72235613939	2010	3	22	1	0	0.01
72235613939	2010	3	22	2	0	0.03
72235613939	2010	3	22	3	0	0.03
72235613939	2010	3	22	4	0	0.01
72235613939	2010	3	25	9	0	0.04
72235613939	2010	3	28	4	0	0.11
72235613939	2010	4	3	7	0	0.69
72235613939	2010	4	3	8	0	0.39
72235613939	2010	4	3	9	0	0.01
72235613939	2010	4	8	1	0	0.01
72235613939	2010	4	8	2	0	0.13
72235613939	2010	4	8	3	0	0.13
72235613939	2010	4	23	18	0	0.01
72235613939	2010	4	23	19	0	0.87
72235613939	2010	4	23	20	0	0.05
72235613939	2010	4	23	23	0	0.14
72235613939	2010	4	24	1	0	0.03
72235613939	2010	4	30	21	0	0.06
72235613939	2010	5	1	6	0	0.04
72235613939	2010	5	1	12	0	0.01
72235613939	2010	5	1	14	0	0.016
72235613939	2010	5	1	15	0	0.06
72235613939	2010	5	1	18	0	0.04
72235613939	2010	5	2	7	0	0.22
72235613939	2010	5	2	8	0	0.02
72235613939	2010	5	2	9	0	0.04
72235613939	2010	5	2	14	0	0.01
72235613939	2010	5	10	10	0	0.01
72235613939	2010	5	10	11	0	0.01
72235613939	2010	5	10	12	0	0.01
72235613939	2010	5	15	20	0	0.001
72235613939	2010	5	16	0	0	0.01
72235613939	2010	5	16	1	0	0.49
72235613939	2010	5	16	13	0	0.004
72235613939	2010	5	17	0	0	0.65
72235613939	2010	5	17	1	0	0.528
72235613939	2010	5	17	2	0	0.011
72235613939	2010	5	17	3	0	0.016
72235613939	2010	5	17	5	0	0.004
72235613939	2010	5	20	15	0	0.35
72235613939	2010	5	20	19	0	0.01
72235613939	2010	5	20	23	0	0.01
72235613939	2010	5	25	11	0	0.11
72235613939	2010	5	26	21	0	0.19
72235613939	2010	6	5	21	0	0.02
72235613939	2010	6	10	0	0	0.08
72235613939	2010	6	10	1	0	0.53
72235613939	2010	6	10	2	0	0.02
72235613939	2010	6	28	20	0	0.084
72235613939	2010	6	28	21	0	0.09
72235613939	2010	6	30	8	0	0.03
72235613939	2010	7	7	17	0	0.004
72235613939	2010	7	10	19	0	0.03
72235613939	2010	7	17	1	0	0.09
72235613939	2010	7	17	2	0	0.77
72235613939	2010	7	17	3	0	0.04
72235613939	2010	7	26	19	0	0.01
72235613939	2010	7	26	20	0	0.36
72235613939	2010	7	26	21	0	0.13
72235613939	2010	7	26	22	0	0.1
72235613939	2010	7	26	23	0	0.195
72235613939	2010	7	27	0	0	0.462
72235613939	2010	7	27	1	0	0.045
72235613939	2010	7	27	2	0	0.015
72235613939	2010	7	27	6	0	0.004
72235613939	2010	7	27	8	0	0.004
72235613939	2010	7	27	9	0	0.002
72235613939	2010	7	27	22	0	0.05
72235613939	2010	7	27	23	0	0.01
