72261823091	2006	2	25	7	0	0.01
72261823091	2006	3	17	21	0	0.02
72261823091	2006	3	17	22	0	0.33
72261823091	2006	3	17	23	0	0.19
72261823091	2006	3	18	0	0	0.04
72261823091	2006	3	19	1	0	0.05
72261823091	2006	3	19	6	0	0.01
72261823091	2006	3	29	0	0	0.01
72261823091	2006	3	29	1	0	0.01
72261823091	2006	3	29	3	0	0.01
72261823091	2006	3	29	4	0	0.02
72261823091	2006	3	29	5	0	0.02
72261823091	2006	3	29	6	0	0.02
72261823091	2006	3	29	7	0	0.01
72261823091	2006	3	29	8	0	0.02
72261823091	2006	3	29	9	0	0.01
72261823091	2006	3	29	10	0	0.02
72261823091	2006	3	29	11	0	0.01
72261823091	2006	3	29	12	0	0.01
72261823091	2006	3	29	13	0	0.01
72261823091	2006	3	29	14	0	0.01
72261823091	2006	3	29	15	0	0.01
72261823091	2006	3	29	16	0	0.01
72261823091	2006	3	29	17	0	0.01
72261823091	2006	3	29	18	0	0.01
72261823091	2006	3	29	20	0	0.01
72261823091	2006	5	2	19	0	0.05
72261823091	2006	5	2	20	0	0.02
72261823091	2006	5	26	20	0	0.02
72261823091	2006	5	26	21	0	0.02
72261823091	2006	6	1	14	0	0.41
72261823091	2006	6	1	15	0	0.01
72261823091	2006	6	17	2	0	0.01
72261823091	2006	6	23	10	0	0.04
72261823091	2006	6	23	13	0	0.01
72261823091	2006	6	27	17	0	0.01
72261823091	2006	6	29	7	0	0.01
72261823091	2006	6	29	10	0	0.01
72261823091	2006	6	29	21	0	0.07
72261823091	2006	6	30	20	0	0.04
72261823091	2006	7	10	21	0	0.22
72261823091	2006	7	10	22	0	0.01
72261823091	2006	7	11	16	0	0.02
72261823091	2006	7	22	20	0	0.15
72261823091	2006	8	1	2	0	0.03
72261823091	2006	8	1	3	0	0.01
72261823091	2006	8	1	4	0	0.32
72261823091	2006	8	1	5	0	0.05
72261823091	2006	8	1	6	0	0.01
72261823091	2006	8	2	0	0	0.03
72261823091	2006	8	2	1	0	0.03
72261823091	2006	8	3	16	0	0.14
72261823091	2006	8	3	17	0	0.05
72261823091	2006	8	4	6	0	0.05
72261823091	2006	8	4	7	0	0.01
72261823091	2006	8	7	13	0	0.005
72261823091	2006	8	7	14	0	0.004
72261823091	2006	8	7	22	0	0.023
72261823091	2006	8	12	1	0	0.17
72261823091	2006	8	12	2	0	0.03
72261823091	2006	8	13	21	0	0.05
72261823091	2006	8	14	21	0	0.03
72261823091	2006	8	14	22	0	0.01
72261823091	2006	8	15	8	0	0.01
72261823091	2006	8	15	9	0	0.04
72261823091	2006	8	15	10	0	0.06
72261823091	2006	8	15	12	0	0.04
72261823091	2006	8	15	13	0	0.01
72261823091	2006	8	15	21	0	0.11
72261823091	2006	8	15	22	0	0.02
72261823091	2006	8	16	0	0	0.01
72261823091	2006	8	16	8	0	0.05
72261823091	2006	8	16	10	0	0.05
72261823091	2006	8	16	11	0	0.11
72261823091	2006	8	19	22	0	0.12
72261823091	2006	8	20	19	0	0.01
72261823091	2006	8	26	22	0	0.01
72261823091	2006	8	27	7	0	0.04
72261823091	2006	8	27	8	0	0.09
72261823091	2006	8	27	14	0	0.01
72261823091	2006	8	27	15	0	0.01
72261823091	2006	8	28	12	0	0.03
72261823091	2006	8	28	23	0	0.01
72261823091	2006	8	29	0	0	0.02
72261823091	2006	8	29	1	0	0.03
72261823091	2006	8	29	10	0	0.01
72261823091	2006	8	29	22	0	0.01
72261823091	2006	8	31	19	0	0.05
72261823091	2006	8	31	21	0	0.01
72261823091	2006	9	3	1	0	0.04
72261823091	2006	9	3	2	0	0.06
72261823091	2006	9	3	3	0	0.01
72261823091	2006	9	3	11	0	0.01
72261823091	2006	9	3	22	0	0.01
72261823091	2006	9	3	23	0	0.01
72261823091	2006	9	4	0	0	0.02
72261823091	2006	9	4	2	0	0.01
72261823091	2006	9	4	23	0	0.01
72261823091	2006	9	5	6	0	0.01
72261823091	2006	9	11	19	0	0.12
72261823091	2006	9	11	20	0	0.02
72261823091	2006	9	12	20	0	0.04
72261823091	2006	9	20	21	0	0.18
72261823091	2006	9	20	22	0	0.06
72261823091	2006	9	20	23	0	0.02
72261823091	2006	9	21	4	0	0.01
72261823091	2006	9	24	9	0	0.01
72261823091	2006	10	8	22	0	0.1
72261823091	2006	10	8	23	0	0.01
72261823091	2006	10	9	2	0	0.01
72261823091	2006	10	10	3	0	0.25
72261823091	2006	10	15	3	0	0.06
72261823091	2006	10	15	4	0	0.17
72261823091	2006	10	15	5	0	0.16
72261823091	2006	10	15	6	0	0.33
72261823091	2006	10	15	7	0	0.2
72261823091	2006	10	15	8	0	0.02
72261823091	2006	10	15	9	0	0.11
72261823091	2006	10	15	10	0	0.01
72261823091	2006	10	15	12	0	0.01
72261823091	2006	10	16	7	0	0.19
72261823091	2006	10	16	8	0	0.12
72261823091	2006	10	16	9	0	0.02
72261823091	2006	12	8	17	0	0.01
72261823091	2006	12	8	18	0	0.02
72261823091	2006	12	8	19	0	0.01
72261823091	2006	12	19	23	0	0.01
72261823091	2006	12	20	3	0	0.02
72261823091	2006	12	20	4	0	0.02
72261823091	2006	12	20	5	0	0.04
72261823091	2006	12	23	15	0	0.01
72261823091	2006	12	23	17	0	0.01
72261823091	2006	12	23	18	0	0.02
72261823091	2006	12	23	19	0	0.01
72261823091	2006	12	24	0	0	0.01
72261823091	2006	12	29	9	0	0.04
72261823091	2006	12	29	10	0	0.07
72261823091	2006	12	29	11	0	0.1
72261823091	2006	12	29	12	0	0.02
72261823091	2006	12	29	13	0	0.01
72261823091	2007	1	3	7	0	0.02
72261823091	2007	1	3	8	0	0.01
72261823091	2007	1	3	9	0	0.06
72261823091	2007	1	3	10	0	0.04
72261823091	2007	1	3	15	0	0.01
72261823091	2007	1	3	16	0	0.07
72261823091	2007	1	12	16	0	0.002
72261823091	2007	1	12	17	0	0.021
72261823091	2007	1	16	23	0	0.01
72261823091	2007	1	17	0	0	0.01
72261823091	2007	1	17	1	0	0.01
72261823091	2007	1	17	2	0	0.02
72261823091	2007	1	17	3	0	0.03
72261823091	2007	1	17	4	0	0.03
72261823091	2007	1	17	5	0	0.04
72261823091	2007	1	17	6	0	0.05
72261823091	2007	1	17	7	0	0.02
72261823091	2007	1	17	8	0	0.03
72261823091	2007	1	17	9	0	0.02
72261823091	2007	1	17	10	0	0.01
72261823091	2007	1	18	16	0	0.01
72261823091	2007	1	18	19	0	0.01
72261823091	2007	1	18	22	0	0.01
72261823091	2007	1	18	23	0	0.02
72261823091	2007	1	19	0	0	0.05
72261823091	2007	1	19	1	0	0.05
72261823091	2007	1	19	2	0	0.03
72261823091	2007	1	19	3	0	0.03
72261823091	2007	1	19	4	0	0.02
72261823091	2007	1	19	5	0	0.02
72261823091	2007	1	19	6	0	0.03
72261823091	2007	1	19	7	0	0.04
72261823091	2007	1	19	8	0	0.01
72261823091	2007	1	19	9	0	0.02
72261823091	2007	1	19	20	0	0.01
72261823091	2007	1	19	21	0	0.03
72261823091	2007	1	19	22	0	0.02
72261823091	2007	1	20	1	0	0.01
72261823091	2007	1	20	2	0	0.04
72261823091	2007	1	20	3	0	0.04
72261823091	2007	1	20	4	0	0.02
72261823091	2007	1	20	5	0	0.07
72261823091	2007	1	20	6	0	0.05
72261823091	2007	1	20	7	0	0.05
72261823091	2007	1	20	8	0	0.09
72261823091	2007	1	20	9	0	0.05
72261823091	2007	1	20	10	0	0.05
72261823091	2007	1	20	11	0	0.04
72261823091	2007	1	20	17	0	0.04
72261823091	2007	1	26	10	0	0.03
72261823091	2007	1	26	11	0	0.01
72261823091	2007	1	31	5	0	0.02
72261823091	2007	1	31	6	0	0.04
72261823091	2007	2	1	1	0	0.08
72261823091	2007	2	1	2	0	0.04
72261823091	2007	2	1	3	0	0.01
72261823091	2007	2	1	11	0	0.001
72261823091	2007	2	1	12	0	0.013
72261823091	2007	2	1	13	0	0.012
72261823091	2007	2	1	14	0	0.026
72261823091	2007	2	1	15	0	0.025
72261823091	2007	2	2	16	0	0.01
72261823091	2007	3	7	17	0	0.03
72261823091	2007	3	13	6	0	0.01
72261823091	2007	3	21	23	0	0.02
72261823091	2007	3	22	0	0	0.01
72261823091	2007	3	25	10	0	0.02
72261823091	2007	3	26	2	0	0.024
72261823091	2007	3	26	3	0	0.04
72261823091	2007	3	26	4	0	0.02
72261823091	2007	3	26	5	0	0.07
72261823091	2007	3	26	6	0	0.02
72261823091	2007	3	26	17	0	0.13
72261823091	2007	3	26	18	0	0.07
72261823091	2007	3	26	19	0	0.02
72261823091	2007	4	7	6	0	0.01
72261823091	2007	4	7	7	0	0.01
72261823091	2007	4	7	9	0	0.01
72261823091	2007	4	7	11	0	0.02
72261823091	2007	4	7	12	0	0.01
72261823091	2007	4	7	16	0	0.04
72261823091	2007	4	7	17	0	0.04
72261823091	2007	4	7	18	0	0.02
72261823091	2007	4	7	19	0	0.06
72261823091	2007	4	7	20	0	0.09
72261823091	2007	4	7	21	0	0.08
72261823091	2007	4	29	12	0	0.42
72261823091	2007	4	29	13	0	0.05
72261823091	2007	4	29	16	0	0.04
72261823091	2007	4	29	17	0	0.02
72261823091	2007	4	29	18	0	0.07
72261823091	2007	4	29	23	0	1.35
72261823091	2007	4	30	0	0	0.12
72261823091	2007	5	9	6	0	0.08
72261823091	2007	5	9	7	0	0.06
72261823091	2007	5	9	8	0	0.01
72261823091	2007	5	9	13	0	0.04
72261823091	2007	5	9	14	0	0.15
72261823091	2007	5	9	15	0	0.04
72261823091	2007	5	9	16	0	0.01
72261823091	2007	5	9	17	0	0.07
72261823091	2007	5	9	18	0	0.09
72261823091	2007	5	9	19	0	0.04
72261823091	2007	5	16	1	0	1.48
72261823091	2007	5	16	2	0	0.54
72261823091	2007	5	16	3	0	0.03
72261823091	2007	5	17	9	0	0.05
72261823091	2007	5	17	10	0	0.02
72261823091	2007	5	25	0	0	0.37
72261823091	2007	5	28	21	0	0.05
72261823091	2007	5	28	22	0	0.18
72261823091	2007	5	28	23	0	0.02
72261823091	2007	6	4	3	0	0.01
72261823091	2007	6	5	6	0	0.11
72261823091	2007	6	10	6	0	0.08
72261823091	2007	6	10	7	0	0.02
72261823091	2007	6	11	21	0	0.01
72261823091	2007	6	11	22	0	0.01
72261823091	2007	6	12	0	0	0.03
72261823091	2007	6	12	1	0	0.02
72261823091	2007	6	12	5	0	0.05
72261823091	2007	6	12	6	0	0.07
72261823091	2007	6	12	7	0	0.07
72261823091	2007	6	12	8	0	0.08
72261823091	2007	6	12	9	0	0.04
72261823091	2007	6	27	6	0	0.72
72261823091	2007	6	27	7	0	0.01
72261823091	2007	6	27	8	0	0.04
72261823091	2007	7	6	0	0	0.09
72261823091	2007	7	22	13	0	0.01
72261823091	2007	7	22	14	0	0.07
72261823091	2007	7	29	0	0	0.02
72261823091	2007	7	31	12	0	0.04
72261823091	2007	7	31	13	0	0.01
72261823091	2007	7	31	14	0	0.09
72261823091	2007	7	31	23	0	0.102
72261823091	2007	8	2	11	0	0.03
72261823091	2007	8	2	12	0	0.04
72261823091	2007	8	2	13	0	0.018
72261823091	2007	8	2	14	0	0.08
72261823091	2007	8	2	15	0	0.08
72261823091	2007	8	3	0	0	0.06
72261823091	2007	8	3	1	0	0.13
72261823091	2007	8	3	2	0	0.04
72261823091	2007	8	3	3	0	0.02
72261823091	2007	8	3	4	0	0.01
72261823091	2007	8	6	0	0	0.22
72261823091	2007	8	6	1	0	0.43
72261823091	2007	8	6	19	0	0.02
72261823091	2007	8	17	17	0	0.04
72261823091	2007	8	17	18	0	0.01
72261823091	2007	8	17	19	0	0.04
72261823091	2007	8	17	20	0	0.05
72261823091	2007	8	30	21	0	0.23
72261823091	2007	9	2	23	0	0.03
72261823091	2007	9	7	20	0	0.01
72261823091	2007	9	7	21	0	0.13
72261823091	2007	9	11	4	0	0.01
72261823091	2007	9	11	5	0	0.01
72261823091	2007	9	11	6	0	0.23
72261823091	2007	9	11	7	0	0.06
72261823091	2007	9	11	12	0	0.02
72261823091	2007	9	11	14	0	0.01
72261823091	2007	9	11	15	0	0.02
72261823091	2007	9	11	17	0	0.03
72261823091	2007	9	17	23	0	0.05
72261823091	2007	9	18	0	0	0.02
72261823091	2007	9	18	1	0	0.01
72261823091	2007	9	23	21	0	0.15
72261823091	2007	9	23	22	0	0.07
72261823091	2007	9	23	23	0	0.01
72261823091	2007	9	24	14	0	0.01
72261823091	2007	9	25	22	0	0.03
72261823091	2007	9	25	23	0	0.01
72261823091	2007	10	4	21	0	0.29
72261823091	2007	10	4	22	0	0.06
72261823091	2007	10	9	15	0	0.02
72261823091	2007	10	11	21	0	0.15
72261823091	2007	11	24	21	0	0.04
72261823091	2007	11	24	22	0	0.12
72261823091	2007	11	24	23	0	0.18
72261823091	2007	11	25	0	0	0.08
72261823091	2007	11	25	1	0	0.08
72261823091	2007	11	25	2	0	0.05
72261823091	2007	11	25	3	0	0.01
72261823091	2007	11	25	5	0	0.01
72261823091	2007	11	25	6	0	0.01
72261823091	2007	11	25	7	0	0.01
72261823091	2007	11	25	9	0	0.01
72261823091	2007	11	25	10	0	0.03
72261823091	2007	11	25	11	0	0.01
72261823091	2007	11	25	12	0	0.03
72261823091	2007	12	1	3	0	0.01
72261823091	2007	12	11	6	0	0.02
72261823091	2007	12	11	9	0	0.01
72261823091	2007	12	11	13	0	0.02
72261823091	2007	12	11	18	0	0.01
72261823091	2008	1	15	13	0	0.019
72261823091	2008	1	24	21	0	0.019
72261823091	2008	1	24	22	0	0.031
72261823091	2008	1	24	23	0	0.031
72261823091	2008	1	25	3	0	0.01
72261823091	2008	1	25	4	0	0.047
72261823091	2008	1	25	5	0	0.047
72261823091	2008	1	25	6	0	0.038
72261823091	2008	4	27	15	0	0.011
72261823091	2008	4	27	16	0	0.019
72261823091	2008	4	28	14	0	0.03
72261823091	2008	5	5	23	0	0.004
72261823091	2008	5	6	0	0	0.089
72261823091	2008	5	6	5	0	0.058
72261823091	2008	5	6	6	0	0.048
72261823091	2008	5	6	23	0	0.011
72261823091	2008	5	7	0	0	0.003
72261823091	2008	5	7	1	0	0.009
72261823091	2008	5	7	2	0	0.006
72261823091	2008	5	7	3	0	0.003
72261823091	2008	5	7	4	0	0.018
72261823091	2008	5	13	13	0	0.038
72261823091	2008	5	13	14	0	0.021
72261823091	2008	5	13	15	0	0.01
72261823091	2008	5	14	4	0	0.001
72261823091	2008	5	16	0	0	0.005
72261823091	2008	5	16	2	0	0.013
72261823091	2008	5	16	5	0	0.001
72261823091	2008	5	16	22	0	0.004
72261823091	2008	5	16	23	0	0.005
72261823091	2008	5	17	23	0	0.046
72261823091	2008	5	18	0	0	0.043
72261823091	2008	5	26	21	0	0.001
72261823091	2008	5	26	22	0	0.014
72261823091	2008	5	27	1	0	0.001
72261823091	2008	5	27	2	0	0.001
72261823091	2008	5	27	22	0	0.003
72261823091	2008	5	27	23	0	0.005
72261823091	2008	5	28	1	0	0.001
72261823091	2008	6	9	1	0	0.002
72261823091	2008	6	9	2	0	0.001
72261823091	2008	6	19	21	0	0.003
72261823091	2008	6	19	22	0	0.416
72261823091	2008	6	19	23	0	0.563
72261823091	2008	6	20	5	0	0.036
72261823091	2008	6	21	13	0	0.023
72261823091	2008	6	21	14	0	0.01
72261823091	2008	6	21	15	0	0.001
72261823091	2008	6	21	18	0	0.001
72261823091	2008	6	21	19	0	0.001
72261823091	2008	6	22	5	0	0.003
72261823091	2008	6	22	22	0	0.01
72261823091	2008	6	25	22	0	0.011
72261823091	2008	6	25	23	0	0.018
72261823091	2008	6	28	20	0	0.1
72261823091	2008	6	28	21	0	0.208
72261823091	2008	6	28	22	0	0.021
72261823091	2008	6	28	23	0	0.103
72261823091	2008	6	29	0	0	0.007
72261823091	2008	6	29	7	0	0.001
72261823091	2008	6	29	8	0	0.015
72261823091	2008	6	29	9	0	0.058
72261823091	2008	6	29	10	0	0.021
72261823091	2008	6	29	11	0	0.007
72261823091	2008	6	29	12	0	0.025
72261823091	2008	6	29	13	0	0.354
72261823091	2008	6	29	14	0	0.239
72261823091	2008	6	29	15	0	0.026
72261823091	2008	6	30	2	0	0.001
72261823091	2008	6	30	16	0	0.003
72261823091	2008	6	30	17	0	0.011
72261823091	2008	7	1	6	0	0.188
72261823091	2008	7	1	7	0	0.089
72261823091	2008	7	1	19	0	0.012
72261823091	2008	7	1	20	0	0.025
72261823091	2008	7	1	21	0	0.041
72261823091	2008	7	2	19	0	0.015
72261823091	2008	7	2	20	0	0.003
72261823091	2008	7	3	18	0	0.006
72261823091	2008	7	3	19	0	0.004
72261823091	2008	7	3	20	0	0.002
72261823091	2008	7	3	21	0	0.011
72261823091	2008	7	3	22	0	0.003
72261823091	2008	7	3	23	0	0.012
72261823091	2008	7	4	0	0	0.054
72261823091	2008	7	4	1	0	0.002
72261823091	2008	7	9	3	0	0.033
72261823091	2008	7	9	21	0	0.059
72261823091	2008	7	11	0	0	0.039
72261823091	2008	7	12	23	0	0.124
72261823091	2008	7	13	0	0	0.078
72261823091	2008	7	13	1	0	0.034
72261823091	2008	7	15	1	0	0.021
72261823091	2008	7	15	22	0	0.284
72261823091	2008	7	15	23	0	0.185
72261823091	2008	7	16	1	0	0.007
72261823091	2008	7	16	2	0	0.036
72261823091	2008	7	18	22	0	0.012
72261823091	2008	7	19	20	0	0.033
72261823091	2008	7	19	21	0	0.052
72261823091	2008	7	21	21	0	0.009
72261823091	2008	7	21	22	0	0.006
72261823091	2008	7	21	23	0	0.007
72261823091	2008	7	24	23	0	0.024
72261823091	2008	7	25	11	0	0.017
72261823091	2008	7	25	12	0	0.027
72261823091	2008	7	25	14	0	0.09
72261823091	2008	7	25	15	0	0.448
72261823091	2008	7	25	16	0	0.455
72261823091	2008	7	25	17	0	0.061
72261823091	2008	7	25	18	0	0.016
72261823091	2008	7	25	19	0	0.01
72261823091	2008	7	25	21	0	0.008
72261823091	2008	7	25	23	0	0.032
72261823091	2008	7	26	1	0	0.003
72261823091	2008	7	27	7	0	0.034
72261823091	2008	7	27	8	0	0.02
72261823091	2008	7	29	2	0	0.001
72261823091	2008	7	29	3	0	0.004
72261823091	2008	7	29	4	0	0.001
72261823091	2008	7	30	23	0	0.173
72261823091	2008	7	31	0	0	0.105
72261823091	2008	7	31	1	0	0.072
72261823091	2008	7	31	2	0	0.008
72261823091	2008	7	31	3	0	0.002
72261823091	2008	7	31	8	0	0.009
72261823091	2008	7	31	9	0	0.002
72261823091	2008	7	31	10	0	0.001
72261823091	2008	7	31	11	0	0.003
72261823091	2008	8	1	11	0	0.025
72261823091	2008	8	2	0	0	0.001
72261823091	2008	8	2	1	0	0.001
72261823091	2008	8	2	2	0	0.003
72261823091	2008	8	2	3	0	0.052
72261823091	2008	8	2	4	0	0.035
72261823091	2008	8	2	6	0	0.002
72261823091	2008	8	2	19	0	0.15
72261823091	2008	8	2	20	0	0.15
72261823091	2008	8	2	21	0	0.15
72261823091	2008	8	2	22	0	0.093
72261823091	2008	8	2	23	0	0.093
72261823091	2008	8	3	0	0	0.093
72261823091	2008	8	7	21	0	0.001
72261823091	2008	8	7	22	0	0.005
72261823091	2008	8	8	22	0	0.012
72261823091	2008	8	10	22	0	0.072
72261823091	2008	8	10	23	0	0.024
72261823091	2008	8	11	0	0	0.054
72261823091	2008	8	11	12	0	0.031
72261823091	2008	8	11	23	0	0.003
72261823091	2008	8	12	0	0	0.002
72261823091	2008	8	12	1	0	0.001
72261823091	2008	8	12	2	0	0.003
72261823091	2008	8	12	14	0	0.004
72261823091	2008	8	13	8	0	0.001
72261823091	2008	8	13	9	0	0.083
72261823091	2008	8	13	10	0	0.001
72261823091	2008	8	13	11	0	0.002
72261823091	2008	8	13	12	0	0.002
72261823091	2008	8	13	13	0	0.001
72261823091	2008	8	13	14	0	0.004
72261823091	2008	8	13	15	0	0.002
72261823091	2008	8	14	22	0	0.016
72261823091	2008	8	16	0	0	0.01
72261823091	2008	8	16	1	0	0.019
72261823091	2008	8	16	17	0	0.004
72261823091	2008	8	16	18	0	0.181
72261823091	2008	8	16	19	0	0.016
72261823091	2008	8	16	21	0	0.09
72261823091	2008	8	17	23	0	0.123
72261823091	2008	8	18	0	0	0.015
72261823091	2008	8	18	12	0	0.211
72261823091	2008	8	18	13	0	0.039
72261823091	2008	8	18	14	0	0.023
72261823091	2008	8	18	15	0	0.001
72261823091	2008	8	19	19	0	0.022
72261823091	2008	8	21	20	0	0.004
72261823091	2008	8	21	21	0	0.007
72261823091	2008	8	22	23	0	0.064
72261823091	2008	8	24	3	0	0.005
72261823091	2008	8	24	4	0	0.021
72261823091	2008	8	24	5	0	0.007
72261823091	2008	8	24	6	0	0.01
72261823091	2008	8	24	7	0	0.027
72261823091	2008	8	24	8	0	0.032
72261823091	2008	8	24	9	0	0.017
72261823091	2008	8	24	10	0	0.005
72261823091	2008	8	24	11	0	0.003
72261823091	2008	8	25	0	0	0.059
72261823091	2008	8	25	1	0	0.048
72261823091	2008	8	28	19	0	0.002
72261823091	2008	8	28	20	0	0.002
72261823091	2008	8	28	21	0	0.002
72261823091	2008	8	29	1	0	0.004
72261823091	2008	8	29	2	0	0.004
72261823091	2008	8	29	3	0	0.004
72261823091	2008	8	29	4	0	0.012
72261823091	2008	8	29	5	0	0.012
72261823091	2008	8	29	6	0	0.012
72261823091	2008	8	29	7	0	0.006
72261823091	2008	8	29	8	0	0.006
72261823091	2008	8	29	9	0	0.006
72261823091	2008	8	29	10	0	0.026
72261823091	2008	8	29	11	0	0.026
72261823091	2008	8	29	12	0	0.026
72261823091	2008	8	29	13	0	0.036
72261823091	2008	8	29	14	0	0.036
72261823091	2008	8	29	15	0	0.036
72261823091	2008	8	29	16	0	0.015
72261823091	2008	8	29	17	0	0.015
72261823091	2008	8	29	18	0	0.015
72261823091	2008	8	29	19	0	0.026
72261823091	2008	8	29	20	0	0.026
72261823091	2008	8	29	21	0	0.026
72261823091	2008	8	29	22	0	0.003
72261823091	2008	8	29	23	0	0.003
72261823091	2008	8	30	0	0	0.003
72261823091	2008	8	30	4	0	0.001
72261823091	2008	8	30	5	0	0.001
72261823091	2008	8	30	6	0	0.001
72261823091	2008	8	30	13	0	0.003
72261823091	2008	8	30	14	0	0.003
72261823091	2008	8	30	15	0	0.003
72261823091	2008	8	30	19	0	0.013
72261823091	2008	8	30	20	0	0.013
72261823091	2008	8	30	21	0	0.013
72261823091	2008	8	30	22	0	0.023
72261823091	2008	8	30	23	0	0.023
72261823091	2008	8	31	0	0	0.023
72261823091	2008	9	1	1	0	0.001
72261823091	2008	9	1	2	0	0.001
72261823091	2008	9	1	3	0	0.001
72261823091	2008	9	1	19	0	0.001
72261823091	2008	9	1	20	0	0.001
72261823091	2008	9	1	21	0	0.001
72261823091	2008	9	1	22	0	0.008
72261823091	2008	9	1	23	0	0.008
72261823091	2008	9	2	0	0	0.039
72261823091	2008	9	2	1	0	0.002
72261823091	2008	9	2	2	0	0.002
72261823091	2008	9	2	3	0	0.002
72261823091	2008	9	2	22	0	0.002
72261823091	2008	9	2	23	0	0.002
72261823091	2008	9	3	0	0	0.002
72261823091	2008	9	3	1	0	0.034
72261823091	2008	9	3	2	0	0.034
72261823091	2008	9	3	3	0	0.034
72261823091	2008	9	3	4	0	0.011
72261823091	2008	9	3	5	0	0.011
72261823091	2008	9	3	6	0	0.011
72261823091	2008	9	3	7	0	0.027
72261823091	2008	9	3	8	0	0.027
72261823091	2008	9	3	9	0	0.027
72261823091	2008	9	8	9	0	0.002
72261823091	2008	9	8	10	0	0.008
72261823091	2008	9	8	11	0	0.013
72261823091	2008	9	8	12	0	0.026
72261823091	2008	9	8	13	0	0.027
72261823091	2008	9	8	14	0	0.023
72261823091	2008	9	8	15	0	0.012
72261823091	2008	9	9	0	0	0.001
72261823091	2008	9	9	4	0	0.009
72261823091	2008	9	9	5	0	0.011
72261823091	2008	9	9	6	0	0.008
72261823091	2008	9	9	7	0	0.002
72261823091	2008	9	9	10	0	0.016
72261823091	2008	9	9	11	0	0.028
72261823091	2008	9	9	12	0	0.029
72261823091	2008	9	9	13	0	0.126
72261823091	2008	9	9	18	0	0.033
72261823091	2008	9	9	19	0	0.032
72261823091	2008	9	10	4	0	0.007
72261823091	2008	9	10	5	0	0.018
72261823091	2008	9	10	6	0	0.027
72261823091	2008	9	10	7	0	0.043
72261823091	2008	9	10	8	0	0.058
72261823091	2008	9	10	9	0	0.046
72261823091	2008	9	10	10	0	0.029
72261823091	2008	9	10	11	0	0.033
72261823091	2008	9	10	12	0	0.001
72261823091	2008	9	10	13	0	0.031
72261823091	2008	9	10	15	0	0.079
72261823091	2008	9	10	16	0	0.098
72261823091	2008	9	10	17	0	0.008
72261823091	2008	9	11	16	0	0.001
72261823091	2008	9	11	19	0	0.003
72261823091	2008	9	11	21	0	0.001
72261823091	2008	9	11	22	0	0.012
72261823091	2008	9	11	23	0	0.001
72261823091	2008	9	12	0	0	0.002
72261823091	2008	9	12	1	0	0.003
72261823091	2008	9	12	2	0	0.009
72261823091	2008	9	12	4	0	0.009
72261823091	2008	9	12	5	0	0.038
72261823091	2008	9	12	6	0	0.118
72261823091	2008	9	12	7	0	0.197
72261823091	2008	9	12	8	0	0.208
72261823091	2008	9	12	9	0	0.104
72261823091	2008	9	12	10	0	0.011
72261823091	2008	9	14	4	0	0.042
72261823091	2008	9	14	5	0	0.042
72261823091	2008	9	14	6	0	0.042
72261823091	2008	9	14	7	0	0.019
72261823091	2008	9	14	8	0	0.019
72261823091	2008	9	14	9	0	0.019
72261823091	2008	9	14	10	0	0.009
72261823091	2008	9	14	11	0	0.009
72261823091	2008	9	14	12	0	0.009
72261823091	2008	9	14	13	0	0.001
72261823091	2008	9	14	14	0	0.001
72261823091	2008	9	14	15	0	0.001
72261823091	2008	9	14	16	0	0.024
72261823091	2008	9	14	17	0	0.024
72261823091	2008	9	14	18	0	0.024
72261823091	2008	9	14	19	0	0.016
72261823091	2008	9	14	20	0	0.016
72261823091	2008	9	14	21	0	0.016
72261823091	2008	9	14	22	0	0.001
72261823091	2008	9	14	23	0	0.001
72261823091	2008	9	15	0	0	0.001
72261823091	2008	9	15	16	0	0.001
72261823091	2008	9	15	17	0	0.001
72261823091	2008	9	15	18	0	0.001
72261823091	2008	9	15	19	0	0.005
72261823091	2008	9	15	20	0	0.005
72261823091	2008	9	15	21	0	0.005
72261823091	2008	9	15	22	0	0.006
72261823091	2008	9	15	23	0	0.006
72261823091	2008	9	16	0	0	0.006
72261823091	2008	10	6	0	0	0.103
72261823091	2008	10	6	1	0	0.001
72261823091	2008	10	6	2	0	0.013
72261823091	2008	10	6	3	0	0.013
72261823091	2008	10	11	14	0	0.007
72261823091	2008	10	14	8	0	0.112
72261823091	2008	10	14	9	0	0.128
72261823091	2008	10	14	14	0	0.059
72261823091	2008	10	14	15	0	0.095
72261823091	2008	10	14	16	0	0.419
72261823091	2008	10	14	17	0	0.082
72261823091	2008	10	14	18	0	0.009
72261823091	2008	10	15	0	0	0.033
72261823091	2008	10	15	2	0	0.032
72261823091	2008	11	11	2	0	0.027
72261823091	2008	11	27	17	0	0.005
72261823091	2008	11	28	4	0	0.001
72261823091	2008	12	9	16	0	0.001
72261823091	2008	12	9	17	0	0.023
72261823091	2008	12	9	18	0	0.037
72261823091	2008	12	9	19	0	0.083
72261823091	2008	12	9	20	0	0.044
72261823091	2008	12	9	21	0	0.006
72261823091	2009	2	9	1	0	0.007
72261823091	2009	2	9	2	0	0.112
72261823091	2009	2	9	3	0	0.095
72261823091	2009	2	9	4	0	0.008
72261823091	2009	3	10	2	0	0.019
72261823091	2009	3	10	21	0	0.006
72261823091	2009	3	10	22	0	0.01
72261823091	2009	3	11	0	0	0.003
72261823091	2009	3	11	3	0	0.021
72261823091	2009	3	11	4	0	0.004
72261823091	2009	3	11	10	0	0.002
72261823091	2009	3	11	11	0	0.05
72261823091	2009	3	11	12	0	0.033
72261823091	2009	3	11	13	0	0.082
72261823091	2009	3	11	14	0	0.129
72261823091	2009	3	11	15	0	0.077
72261823091	2009	3	11	16	0	0.027
72261823091	2009	3	11	17	0	0.01
72261823091	2009	3	11	18	0	0.004
72261823091	2009	3	11	19	0	0.003
72261823091	2009	3	11	20	0	0.012
72261823091	2009	3	11	21	0	0.012
72261823091	2009	3	11	22	0	0.001
72261823091	2009	3	13	10	0	0.028
72261823091	2009	3	13	13	0	0.042
72261823091	2009	3	15	5	0	0.008
72261823091	2009	3	15	8	0	0.002
72261823091	2009	4	11	21	0	0.001
72261823091	2009	4	11	22	0	0.001
72261823091	2009	4	12	0	0	0.008
72261823091	2009	4	12	1	0	0.133
72261823091	2009	4	12	3	0	0.001
72261823091	2009	4	23	14	0	0.001
72261823091	2009	4	23	19	0	0.002
72261823091	2009	4	23	21	0	0.001
72261823091	2009	4	23	22	0	0.001
72261823091	2009	4	23	23	0	0.01
72261823091	2009	4	24	0	0	0.003
72261823091	2009	4	24	3	0	0.006
72261823091	2009	4	27	4	0	0.159
72261823091	2009	4	28	5	0	0.022
72261823091	2009	4	29	2	0	0.036
72261823091	2009	4	30	4	0	0.001
72261823091	2009	4	30	5	0	0.053
72261823091	2009	4	30	6	0	0.031
72261823091	2009	5	3	4	0	0.014
72261823091	2009	5	10	6	0	0.028
72261823091	2009	5	11	0	0	0.004
72261823091	2009	5	11	1	0	0.036
72261823091	2009	5	11	2	0	0.004
72261823091	2009	5	12	21	0	0.001
72261823091	2009	5	12	22	0	0.082
72261823091	2009	5	13	0	0	0.033
72261823091	2009	5	13	1	0	0.055
72261823091	2009	5	13	2	0	0.001
72261823091	2009	5	15	20	0	0.001
72261823091	2009	5	15	21	0	0.002
72261823091	2009	5	15	22	0	0.003
72261823091	2009	5	15	23	0	0.004
72261823091	2009	5	16	18	0	0.015
72261823091	2009	5	21	23	0	0.02
72261823091	2009	5	22	0	0	0.026
72261823091	2009	5	23	20	0	0.001
72261823091	2009	5	23	21	0	0.003
72261823091	2009	5	23	23	0	0.001
72261823091	2009	5	24	0	0	0.009
72261823091	2009	5	24	1	0	0.009
72261823091	2009	5	24	2	0	0.002
72261823091	2009	5	24	3	0	0.003
72261823091	2009	5	24	4	0	0.002
72261823091	2009	5	25	6	0	0.07
72261823091	2009	5	25	21	0	0.002
72261823091	2009	5	25	22	0	0.002
72261823091	2009	5	26	1	0	0.002
72261823091	2009	5	26	2	0	0.002
72261823091	2009	5	26	3	0	0.026
72261823091	2009	5	26	4	0	0.058
72261823091	2009	5	26	9	0	0.009
72261823091	2009	5	26	10	0	0.046
72261823091	2009	5	26	11	0	0.011
72261823091	2009	5	26	22	0	0.014
72261823091	2009	5	26	23	0	0.009
72261823091	2009	5	28	8	0	0.094
72261823091	2009	5	28	9	0	0.003
72261823091	2009	5	29	0	0	0.017
72261823091	2009	5	29	1	0	0.04
72261823091	2009	5	29	2	0	0.091
72261823091	2009	5	29	3	0	0.021
72261823091	2009	5	29	22	0	0.009
72261823091	2009	5	30	5	0	0.003
72261823091	2009	5	30	17	0	0.001
72261823091	2009	5	30	21	0	0.527
72261823091	2009	5	30	22	0	0.516
72261823091	2009	6	1	9	0	0.005
72261823091	2009	6	1	11	0	0.03
72261823091	2009	6	1	12	0	0.604
72261823091	2009	6	1	13	0	0.01
72261823091	2009	6	2	14	0	0.04
72261823091	2009	6	2	15	0	0.059
72261823091	2009	6	3	0	0	0.001
72261823091	2009	6	5	1	0	0.03
72261823091	2009	6	5	20	0	0.001
72261823091	2009	6	5	21	0	0.02
72261823091	2009	6	5	22	0	0.189
72261823091	2009	6	5	23	0	0.01
72261823091	2009	6	6	0	0	0.125
72261823091	2009	6	6	1	0	0.014
72261823091	2009	6	6	2	0	0.002
72261823091	2009	6	6	3	0	0.008
72261823091	2009	6	6	4	0	0.154
72261823091	2009	6	6	5	0	0.03
72261823091	2009	6	6	6	0	0.007
72261823091	2009	6	6	9	0	0.001
72261823091	2009	6	6	22	0	0.001
72261823091	2009	6	6	23	0	0.001
72261823091	2009	6	7	1	0	0.001
72261823091	2009	6	7	2	0	0.002
72261823091	2009	6	7	10	0	0.001
72261823091	2009	6	7	11	0	0.026
72261823091	2009	6	7	20	0	0.009
72261823091	2009	6	7	21	0	0.002
72261823091	2009	6	8	0	0	0.002
72261823091	2009	6	8	1	0	0.01
72261823091	2009	6	9	22	0	0.007
72261823091	2009	6	10	1	0	0.001
72261823091	2009	6	10	2	0	0.001
72261823091	2009	6	10	12	0	0.031
72261823091	2009	6	10	13	0	0.002
72261823091	2009	6	10	15	0	0.011
72261823091	2009	6	10	19	0	0.006
72261823091	2009	6	13	22	0	0.002
72261823091	2009	6	13	23	0	0.04
72261823091	2009	6	14	0	0	0.003
72261823091	2009	6	14	21	0	0.01
72261823091	2009	6	14	22	0	0.033
72261823091	2009	6	15	0	0	0.329
72261823091	2009	6	15	1	0	0.237
72261823091	2009	6	15	2	0	0.486
72261823091	2009	6	15	3	0	0.032
72261823091	2009	6	15	4	0	0.032
72261823091	2009	6	15	21	0	0.001
72261823091	2009	6	15	22	0	0.3
72261823091	2009	6	16	10	0	0.028
72261823091	2009	6	16	11	0	0.023
72261823091	2009	6	18	22	0	0.109
72261823091	2009	6	18	23	0	0.16
72261823091	2009	6	19	0	0	0.178
72261823091	2009	6	19	1	0	0.12
72261823091	2009	6	19	3	0	0.014
72261823091	2009	6	19	4	0	0.018
72261823091	2009	6	19	6	0	0.003
72261823091	2009	6	19	7	0	0.004
72261823091	2009	6	19	8	0	0.002
72261823091	2009	6	19	9	0	0.002
72261823091	2009	6	19	10	0	0.004
72261823091	2009	6	19	20	0	0.001
72261823091	2009	6	19	21	0	0.173
72261823091	2009	6	19	22	0	0.002
72261823091	2009	6	20	5	0	0.004
72261823091	2009	6	20	6	0	0.238
72261823091	2009	6	20	7	0	0.316
72261823091	2009	6	20	8	0	0.015
72261823091	2009	6	20	9	0	0.142
72261823091	2009	6	20	10	0	0.034
72261823091	2009	6	20	11	0	0.015
72261823091	2009	6	20	12	0	0.002
72261823091	2009	6	20	13	0	0.28
72261823091	2009	6	21	2	0	0.006
72261823091	2009	6	28	10	0	0.029
72261823091	2009	6	28	11	0	0.008
72261823091	2009	6	29	7	0	0.007
72261823091	2009	6	29	8	0	0.016
72261823091	2009	6	29	9	0	0.041
72261823091	2009	6	29	10	0	0.007
72261823091	2009	6	30	13	0	0.063
72261823091	2009	6	30	14	0	0.058
72261823091	2009	6	30	15	0	0.022
72261823091	2009	6	30	16	0	0.013
72261823091	2009	6	30	17	0	0.002
72261823091	2009	7	1	21	0	0.002
72261823091	2009	7	1	23	0	0.027
72261823091	2009	7	2	0	0	0.071
72261823091	2009	7	2	1	0	0.003
72261823091	2009	7	4	20	0	0.004
72261823091	2009	7	4	21	0	0.053
72261823091	2009	7	4	22	0	0.005
72261823091	2009	7	5	3	0	0.001
72261823091	2009	7	5	5	0	0.001
72261823091	2009	7	5	6	0	0.001
72261823091	2009	7	5	11	0	0.002
72261823091	2009	7	5	12	0	0.077
72261823091	2009	7	5	13	0	0.173
72261823091	2009	7	5	14	0	0.112
72261823091	2009	7	5	15	0	0.086
72261823091	2009	7	5	16	0	0.034
72261823091	2009	7	5	17	0	0.012
72261823091	2009	7	5	18	0	0.002
72261823091	2009	7	5	19	0	0.004
72261823091	2009	7	6	13	0	0.023
72261823091	2009	7	7	14	0	0.008
72261823091	2009	7	7	15	0	0.03
72261823091	2009	7	7	16	0	0.005
72261823091	2009	7	16	6	0	0.006
72261823091	2009	7	16	7	0	0.001
72261823091	2009	7	17	21	0	0.001
72261823091	2009	7	17	22	0	0.002
72261823091	2009	7	17	23	0	0.001
72261823091	2009	7	18	11	0	0.064
72261823091	2009	7	18	12	0	0.002
72261823091	2009	7	18	13	0	0.012
72261823091	2009	7	19	23	0	0.027
72261823091	2009	7	20	0	0	0.072
72261823091	2009	7	22	1	0	0.005
72261823091	2009	7	22	2	0	0.001
72261823091	2009	7	22	3	0	0.003
72261823091	2009	7	22	4	0	0.095
72261823091	2009	7	22	5	0	0.011
72261823091	2009	7	22	6	0	0.002
72261823091	2009	7	22	7	0	0.001
72261823091	2009	7	22	8	0	0.002
72261823091	2009	7	22	14	0	0.051
72261823091	2009	7	22	15	0	0.091
72261823091	2009	7	22	16	0	0.015
72261823091	2009	7	22	17	0	0.006
72261823091	2009	7	22	18	0	0.017
72261823091	2009	7	23	3	0	0.021
72261823091	2009	7	23	4	0	0.145
72261823091	2009	7	23	5	0	0.109
72261823091	2009	7	24	1	0	0.066
72261823091	2009	7	29	8	0	0.22
72261823091	2009	7	29	9	0	0.018
72261823091	2009	7	29	10	0	0.001
72261823091	2009	7	29	11	0	0.06
72261823091	2009	7	30	3	0	0.043
72261823091	2009	7	30	4	0	0.027
72261823091	2009	7	31	8	0	0.004
72261823091	2009	7	31	9	0	0.006
72261823091	2009	7	31	12	0	0.009
72261823091	2009	7	31	13	0	0.021
72261823091	2009	7	31	14	0	0.007
72261823091	2009	8	1	20	0	0.003
72261823091	2009	8	1	21	0	0.009
72261823091	2009	8	1	22	0	0.017
72261823091	2009	8	1	23	0	0.002
72261823091	2009	8	2	0	0	0.01
72261823091	2009	8	2	1	0	0.034
72261823091	2009	8	2	2	0	0.034
72261823091	2009	8	2	3	0	0.046
72261823091	2009	8	2	4	0	0.001
72261823091	2009	8	2	22	0	0.02
72261823091	2009	8	2	23	0	0.006
72261823091	2009	8	3	4	0	0.088
72261823091	2009	8	3	5	0	0.077
72261823091	2009	8	3	6	0	0.003
72261823091	2009	8	3	12	0	0.012
72261823091	2009	8	3	22	0	0.006
72261823091	2009	8	3	23	0	0.012
72261823091	2009	8	4	0	0	0.01
72261823091	2009	8	4	1	0	0.016
72261823091	2009	8	4	2	0	0.005
72261823091	2009	8	9	22	0	0.079
72261823091	2009	8	10	19	0	0.007
72261823091	2009	8	10	20	0	0.012
72261823091	2009	8	10	21	0	0.001
72261823091	2009	8	10	22	0	0.003
72261823091	2009	8	10	23	0	0.003
72261823091	2009	8	12	16	0	0.002
72261823091	2009	8	14	1	0	0.005
72261823091	2009	8	14	2	0	0.005
72261823091	2009	8	14	22	0	0.049
72261823091	2009	8	14	23	0	0.017
72261823091	2009	8	15	0	0	0.002
72261823091	2009	8	15	1	0	0.001
72261823091	2009	8	15	5	0	0.002
72261823091	2009	8	15	6	0	0.004
72261823091	2009	8	15	7	0	0.021
72261823091	2009	8	15	8	0	0.011
72261823091	2009	8	15	19	0	0.001
72261823091	2009	8	15	20	0	0.011
72261823091	2009	8	15	21	0	0.023
72261823091	2009	8	21	19	0	0.001
72261823091	2009	8	21	20	0	0.025
72261823091	2009	8	21	21	0	0.003
72261823091	2009	8	28	2	0	0.007
72261823091	2009	8	28	3	0	0.03
72261823091	2009	8	28	4	0	0.633
72261823091	2009	8	28	5	0	0.145
72261823091	2009	8	28	6	0	0.009
72261823091	2009	8	28	7	0	0.004
72261823091	2009	8	28	14	0	0.001
72261823091	2009	8	28	23	0	0.001
72261823091	2009	8	29	0	0	0.126
72261823091	2009	9	3	19	0	0.033
72261823091	2009	9	3	20	0	0.003
72261823091	2009	9	3	21	0	0.002
72261823091	2009	9	3	22	0	0.003
72261823091	2009	9	3	23	0	0.001
72261823091	2009	9	4	0	0	0.001
72261823091	2009	9	5	0	0	0.003
72261823091	2009	9	5	1	0	0.022
72261823091	2009	9	5	2	0	0.014
72261823091	2009	9	5	23	0	0.054
72261823091	2009	9	8	19	0	0.126
72261823091	2009	9	9	22	0	0.003
72261823091	2009	9	9	23	0	0.008
72261823091	2009	9	10	0	0	0.101
72261823091	2009	9	10	1	0	0.296
72261823091	2009	9	10	2	0	0.043
72261823091	2009	9	10	3	0	0.001
72261823091	2009	9	10	19	0	0.014
72261823091	2009	9	10	20	0	0.025
72261823091	2009	9	10	21	0	0.001
72261823091	2009	9	11	20	0	0.003
72261823091	2009	9	11	21	0	0.006
72261823091	2009	9	12	15	0	0.005
72261823091	2009	9	12	19	0	0.001
72261823091	2009	9	12	20	0	0.003
72261823091	2009	9	12	21	0	0.002
72261823091	2009	9	12	22	0	0.064
72261823091	2009	9	12	23	0	0.008
72261823091	2009	9	16	19	0	0.043
72261823091	2009	9	20	20	0	0.008
72261823091	2009	9	20	21	0	0.005
72261823091	2009	9	21	3	0	0.012
72261823091	2009	9	21	4	0	0.064
72261823091	2009	9	21	5	0	0.052
72261823091	2009	9	21	6	0	0.004
72261823091	2009	9	21	11	0	0.013
72261823091	2009	9	21	12	0	0.001
72261823091	2009	9	21	13	0	0.003
72261823091	2009	9	21	14	0	0.003
72261823091	2009	9	21	15	0	0.002
72261823091	2009	9	22	3	0	0.006
72261823091	2009	9	22	4	0	0.005
72261823091	2009	9	22	5	0	0.004
72261823091	2009	9	22	6	0	0.004
72261823091	2009	9	22	7	0	0.023
72261823091	2009	9	24	5	0	0.012
72261823091	2009	9	24	9	0	0.006
72261823091	2009	9	24	10	0	0.01
72261823091	2009	9	24	11	0	0.015
72261823091	2009	9	24	12	0	0.055
72261823091	2009	9	24	13	0	0.01
72261823091	2009	9	30	20	0	0.004
72261823091	2009	9	30	21	0	0.009
72261823091	2009	10	1	2	0	0.008
72261823091	2009	10	1	3	0	0.014
72261823091	2009	10	1	4	0	0.005
72261823091	2009	10	3	15	0	0.005
72261823091	2009	10	3	16	0	0.004
72261823091	2009	10	3	17	0	0.01
72261823091	2009	10	3	19	0	0.001
72261823091	2009	10	3	20	0	0.001
72261823091	2009	10	3	21	0	0.003
72261823091	2009	10	3	22	0	0.096
72261823091	2009	10	3	23	0	0.059
72261823091	2009	10	4	0	0	0.009
72261823091	2009	10	4	2	0	0.001
72261823091	2009	10	4	4	0	0.037
72261823091	2009	10	4	5	0	0.136
72261823091	2009	10	4	6	0	0.046
72261823091	2009	10	4	8	0	0.001
72261823091	2009	10	4	21	0	0.001
72261823091	2009	10	4	22	0	0.014
72261823091	2009	10	4	23	0	0.033
72261823091	2009	10	5	5	0	0.001
72261823091	2009	10	7	5	0	0.019
72261823091	2009	10	7	6	0	0.002
72261823091	2009	10	8	1	0	0.003
72261823091	2009	10	8	2	0	0.029
72261823091	2009	10	8	3	0	0.081
72261823091	2009	10	8	4	0	0.028
72261823091	2009	10	9	9	0	0.161
72261823091	2009	10	12	5	0	0.033
72261823091	2009	10	12	17	0	0.001
72261823091	2009	10	12	19	0	0.003
72261823091	2009	10	12	20	0	0.023
72261823091	2009	10	12	21	0	0.028
72261823091	2009	10	12	22	0	0.006
72261823091	2009	10	12	23	0	0.007
72261823091	2009	10	13	0	0	0.02
72261823091	2009	10	13	1	0	0.045
72261823091	2009	10	13	2	0	0.011
72261823091	2009	10	13	3	0	0.005
72261823091	2009	10	13	7	0	0.005
72261823091	2009	10	13	8	0	0.041
72261823091	2009	10	13	9	0	0.039
72261823091	2009	10	13	10	0	0.003
72261823091	2009	10	21	10	0	0.185
72261823091	2009	10	21	11	0	0.147
72261823091	2009	10	21	12	0	0.158
72261823091	2009	10	21	13	0	0.014
72261823091	2009	10	21	14	0	0.001
72261823091	2009	10	21	15	0	0.013
72261823091	2009	10	21	16	0	0.002
72261823091	2009	10	25	13	0	0.033
72261823091	2009	10	25	14	0	0.017
72261823091	2009	10	25	15	0	0.017
72261823091	2009	10	26	15	0	0.024
72261823091	2009	10	29	2	0	0.01
72261823091	2009	10	29	15	0	0.009
72261823091	2009	10	29	16	0	0.01
72261823091	2009	10	29	17	0	0.012
72261823091	2009	10	29	18	0	0.002
72261823091	2009	10	29	21	0	0.001
72261823091	2009	10	29	22	0	0.002
72261823091	2009	10	30	6	0	0.002
72261823091	2009	10	30	7	0	0.002
72261823091	2009	11	20	3	0	0.001
72261823091	2009	11	20	4	0	0.001
72261823091	2009	11	20	5	0	0.002
72261823091	2009	11	20	6	0	0.005
72261823091	2009	11	30	11	0	0.03
72261823091	2009	11	30	12	0	0.037
72261823091	2009	11	30	13	0	0.01
72261823091	2009	11	30	15	0	0.01
72261823091	2009	11	30	16	0	0.034
72261823091	2009	11	30	17	0	0.01
72261823091	2009	12	1	2	0	0.044
72261823091	2009	12	1	3	0	0.095
72261823091	2009	12	1	4	0	0.078
72261823091	2009	12	1	6	0	0.112
72261823091	2009	12	1	7	0	0.085
72261823091	2009	12	1	8	0	0.01
72261823091	2009	12	2	5	0	0.023
72261823091	2009	12	2	6	0	0.083
72261823091	2009	12	4	9	0	0.024
72261823091	2009	12	4	10	0	0.038
72261823091	2009	12	4	11	0	0.087
72261823091	2009	12	4	12	0	0.045
72261823091	2009	12	4	13	0	0.01
72261823091	2009	12	8	5	0	0.006
72261823091	2009	12	8	7	0	0.006
72261823091	2009	12	24	0	0	0.01
72261823091	2009	12	24	1	0	0.039
72261823091	2009	12	24	2	0	0.013
72261823091	2009	12	24	10	0	0.007
72261823091	2009	12	29	12	0	0.018
72261823091	2009	12	29	13	0	0.027
72261823091	2009	12	29	14	0	0.008
72261823091	2009	12	29	15	0	0.016
72261823091	2009	12	29	17	0	0.017
72261823091	2010	1	23	9	0	0.06
72261823091	2010	1	23	10	0	0.07
72261823091	2010	1	23	11	0	0.07
72261823091	2010	1	23	12	0	0.24
72261823091	2010	1	23	13	0	0.1
72261823091	2010	1	23	14	0	0.14
72261823091	2010	1	23	15	0	0.03
72261823091	2010	1	28	6	0	0.01
72261823091	2010	1	28	11	0	0.09
72261823091	2010	1	28	12	0	0.15
72261823091	2010	1	28	13	0	0.08
72261823091	2010	1	29	1	0	0.01
72261823091	2010	1	29	3	0	0.02
72261823091	2010	2	3	4	0	0.01
72261823091	2010	2	3	5	0	0.01
72261823091	2010	2	3	6	0	0.03
72261823091	2010	2	3	7	0	0.07
72261823091	2010	2	3	8	0	0.05
72261823091	2010	2	3	9	0	0.03
72261823091	2010	2	3	10	0	0.01
72261823091	2010	2	3	11	0	0.05
72261823091	2010	2	3	12	0	0.04
72261823091	2010	2	3	13	0	0.02
72261823091	2010	2	3	14	0	0.03
72261823091	2010	2	3	15	0	0.05
72261823091	2010	2	3	16	0	0.02
72261823091	2010	2	3	22	0	0.01
72261823091	2010	2	3	23	0	0.06
72261823091	2010	2	4	21	0	0.01
72261823091	2010	2	23	7	0	0.01
72261823091	2010	2	23	8	0	0.02
72261823091	2010	2	23	10	0	0.01
72261823091	2010	2	23	11	0	0.01
72261823091	2010	2	23	12	0	0.02
72261823091	2010	2	23	13	0	0.01
72261823091	2010	2	28	22	0	0.04
72261823091	2010	2	28	23	0	0.04
72261823091	2010	3	1	12	0	0.01
72261823091	2010	3	1	13	0	0.06
72261823091	2010	3	1	14	0	0.02
72261823091	2010	3	1	16	0	0.02
72261823091	2010	3	9	17	0	0.04
72261823091	2010	3	15	16	0	0.01
72261823091	2010	3	16	0	0	0.01
72261823091	2010	3	16	10	0	0.01
72261823091	2010	4	14	13	0	0.01
72261823091	2010	4	14	14	0	0.05
72261823091	2010	4	14	15	0	0.06
72261823091	2010	4	14	16	0	0.18
72261823091	2010	4	14	17	0	0.23
72261823091	2010	4	14	18	0	0.1
72261823091	2010	4	14	19	0	0.01
72261823091	2010	4	14	21	0	0.01
72261823091	2010	4	15	1	0	0.01
72261823091	2010	4	15	4	0	0.14
72261823091	2010	4	15	5	0	0.07
72261823091	2010	4	15	7	0	0.01
72261823091	2010	4	15	9	0	0.01
72261823091	2010	4	15	10	0	0.02
72261823091	2010	4	15	15	0	0.27
72261823091	2010	4	15	16	0	0.02
72261823091	2010	4	15	17	0	0.01
72261823091	2010	4	17	19	0	0.02
72261823091	2010	4	17	20	0	0.05
72261823091	2010	4	17	21	0	0.01
72261823091	2010	5	10	1	0	0.02
72261823091	2010	6	11	16	0	0.02
72261823091	2010	6	13	22	0	0.06
72261823091	2010	6	13	23	0	0.12
72261823091	2010	6	14	0	0	0.34
72261823091	2010	6	14	1	0	0.07
72261823091	2010	6	14	2	0	0.01
72261823091	2010	6	14	22	0	0.22
72261823091	2010	6	14	23	0	0.01
72261823091	2010	6	15	0	0	0.02
72261823091	2010	6	20	20	0	0.004
72261823091	2010	6	20	21	0	0.02
72261823091	2010	6	28	0	0	0.04
72261823091	2010	6	28	6	0	0.18
72261823091	2010	6	28	8	0	0.01
72261823091	2010	6	29	23	0	0.05
72261823091	2010	6	30	0	0	0.11
72261823091	2010	6	30	1	0	0.12
72261823091	2010	6	30	4	0	0.01
72261823091	2010	6	30	14	0	0.03
72261823091	2010	6	30	15	0	0.33
72261823091	2010	6	30	16	0	0.26
72261823091	2010	6	30	21	0	0.49
72261823091	2010	6	30	22	0	0.06
72261823091	2010	6	30	23	0	0.01
72261823091	2010	7	1	0	0	0.32
72261823091	2010	7	1	1	0	0.11
72261823091	2010	7	1	20	0	0.01
72261823091	2010	7	1	21	0	0.11
72261823091	2010	7	1	22	0	0.06
72261823091	2010	7	1	23	0	0.02
72261823091	2010	7	2	0	0	0.14
72261823091	2010	7	2	1	0	0.08
72261823091	2010	7	2	2	0	0.02
72261823091	2010	7	2	3	0	0.05
72261823091	2010	7	2	6	0	0.04
72261823091	2010	7	2	7	0	0.06
72261823091	2010	7	2	8	0	0.04
72261823091	2010	7	2	9	0	0.02
72261823091	2010	7	2	10	0	0.07
72261823091	2010	7	2	11	0	0.04
72261823091	2010	7	2	12	0	0.05
72261823091	2010	7	2	13	0	0.02
72261823091	2010	7	2	14	0	0.01
72261823091	2010	7	2	15	0	0.02
72261823091	2010	7	2	16	0	0.06
72261823091	2010	7	2	17	0	0.13
72261823091	2010	7	2	18	0	0.03
72261823091	2010	7	2	19	0	0.01
72261823091	2010	7	3	6	0	0.02
72261823091	2010	7	3	7	0	0.04
72261823091	2010	7	3	8	0	0.09
72261823091	2010	7	3	9	0	0.15
72261823091	2010	7	3	10	0	0.21
72261823091	2010	7	3	11	0	0.13
72261823091	2010	7	3	12	0	0.02
72261823091	2010	7	8	16	0	0.15
72261823091	2010	7	9	4	0	0.09
72261823091	2010	7	9	12	0	0.24
72261823091	2010	7	9	13	0	0.36
72261823091	2010	7	9	14	0	0.13
72261823091	2010	7	9	15	0	0.02
72261823091	2010	7	9	21	0	0.01
72261823091	2010	7	9	23	0	0.055
72261823091	2010	7	10	0	0	0.74
72261823091	2010	7	10	10	0	0.02
72261823091	2010	7	10	11	0	0.02
72261823091	2010	7	12	20	0	0.11
72261823091	2010	7	30	19	0	0.01
72261823091	2010	7	30	22	0	0.02
72261823091	2010	8	9	21	0	0.02
72261823091	2010	8	9	22	0	0.04
72261823091	2010	8	10	23	0	0.02
72261823091	2010	8	24	23	0	0.572
72261823091	2010	8	25	0	0	0.59
72261823091	2010	8	25	1	0	0.62
72261823091	2010	8	25	2	0	0.56
72261823091	2010	8	25	3	0	0.77
72261823091	2010	8	25	4	0	0.2
72261823091	2010	8	25	5	0	0.24
72261823091	2010	8	25	6	0	0.06
72261823091	2010	9	1	23	0	0.01
72261823091	2010	9	2	0	0	0.01
72261823091	2010	9	3	9	0	0.11
72261823091	2010	9	3	10	0	0.1
72261823091	2010	9	7	17	0	0.28
72261823091	2010	9	7	18	0	0.09
72261823091	2010	9	7	20	0	0.01
72261823091	2010	9	7	21	0	0.02
72261823091	2010	9	9	23	0	0.01
72261823091	2010	9	10	2	0	0.004
72261823091	2010	9	10	3	0	0.01
72261823091	2010	9	10	5	0	0.01
72261823091	2010	9	15	23	0	0.2
72261823091	2010	9	23	22	0	0.07
72261823091	2011	2	1	4	0	0.03
72261823091	2011	2	1	5	0	0.01
72261823091	2011	3	19	22	0	0.04
72261823091	2011	5	29	23	0	0.01
72261823091	2011	7	11	19	0	0.02
72261823091	2011	7	11	20	0	0.01
72261823091	2011	7	12	21	0	0.05
72261823091	2011	7	22	22	0	0.22
72261823091	2011	7	22	23	0	0.07
72261823091	2011	7	23	2	0	0.01
72261823091	2011	7	23	12	0	0.01
72261823091	2011	8	13	19	0	0.02
72261823091	2011	8	14	17	0	0.41
72261823091	2011	8	14	20	0	0.02
72261823091	2011	9	15	1	0	0.1
72261823091	2011	9	15	9	0	0.05
72261823091	2011	9	15	10	0	0.16
72261823091	2011	9	15	11	0	0.05
72261823091	2011	9	15	13	0	0.03
72261823091	2011	9	15	14	0	0.01
72261823091	2011	9	15	15	0	0.02
72261823091	2011	9	15	16	0	0.13
72261823091	2011	9	16	10	0	0.02
72261823091	2011	9	17	3	0	0.04
72261823091	2011	9	17	4	0	0.07
72261823091	2011	9	21	14	0	0.01
72261823091	2011	10	5	4	0	0.07
72261823091	2011	10	5	5	0	0.01
72261823091	2011	10	5	10	0	0.04
72261823091	2011	10	5	11	0	0.09
72261823091	2011	10	9	5	0	0.01
72261823091	2011	11	25	19	0	0.01
72261823091	2011	11	25	22	0	0.01
72261823091	2011	12	4	2	0	0.01
72261823091	2011	12	4	6	0	0.01
72261823091	2011	12	5	2	0	0.013
72261823091	2011	12	5	3	0	0.26
72261823091	2011	12	5	4	0	0.17
72261823091	2011	12	5	5	0	0.03
72261823091	2011	12	5	10	0	0.01
72261823091	2011	12	5	15	0	0.01
72261823091	2011	12	19	10	0	0.01
72261823091	2011	12	19	11	0	0.19
72261823091	2011	12	19	12	0	0.03
72261823091	2011	12	24	3	0	0.01
72261823091	2011	12	24	5	0	0.01
72261823091	2011	12	24	7	0	0.01
72261823091	2011	12	24	12	0	0.01
72261823091	2011	12	24	19	0	0.01
72261823091	2012	1	9	7	0	0.02
72261823091	2012	1	9	9	0	0.07
72261823091	2012	1	9	10	0	0.09
72261823091	2012	1	9	11	0	0.17
72261823091	2012	1	9	12	0	0.08
72261823091	2012	1	9	13	0	0.15
72261823091	2012	1	9	14	0	0.12
72261823091	2012	1	9	15	0	0.03
72261823091	2012	1	9	16	0	0.02
72261823091	2012	1	9	17	0	0.03
72261823091	2012	1	9	23	0	0.01
72261823091	2012	1	25	12	0	0.11
72261823091	2012	1	25	13	0	0.2
72261823091	2012	1	25	14	0	0.07
72261823091	2012	1	25	16	0	0.01
72261823091	2012	1	25	17	0	0.06
72261823091	2012	1	25	18	0	0.17
72261823091	2012	1	25	19	0	0.02
72261823091	2012	1	25	20	0	0.07
72261823091	2012	1	25	21	0	0.06
72261823091	2012	1	25	22	0	0.04
72261823091	2012	1	25	23	0	0.01
72261823091	2012	1	26	0	0	0.03
72261823091	2012	1	26	1	0	0.04
72261823091	2012	2	12	18	0	0.01
72261823091	2012	2	13	3	0	0.06
72261823091	2012	2	18	9	0	0.03
72261823091	2012	3	16	22	0	0.05
72261823091	2012	3	17	0	0	0.01
72261823091	2012	3	17	23	0	0.02
72261823091	2012	3	26	23	0	0.011
72261823091	2012	3	27	0	0	0.2
72261823091	2012	3	27	2	0	0.1
72261823091	2012	3	27	22	0	0.04
72261823091	2012	3	27	23	0	0.07
72261823091	2012	4	7	22	0	0.13
72261823091	2012	4	7	23	0	0.09
72261823091	2012	4	10	4	0	0.01
72261823091	2012	4	10	5	0	0.05
72261823091	2012	4	10	6	0	0.08
72261823091	2012	4	10	7	0	0.03
72261823091	2012	5	8	8	0	0.12
72261823091	2012	5	8	12	0	0.01
72261823091	2012	5	9	1	0	0.04
72261823091	2012	5	9	4	0	0.01
72261823091	2012	5	9	22	0	0.26
72261823091	2012	5	9	23	0	0.02
72261823091	2012	5	10	6	0	0.15
72261823091	2012	5	10	7	0	0.16
72261823091	2012	5	10	11	0	0.16
72261823091	2012	5	10	12	0	0.06
72261823091	2012	5	10	13	0	0.03
72261823091	2012	5	10	14	0	0.04
72261823091	2012	5	10	15	0	0.05
72261823091	2012	5	10	23	0	0.014
72261823091	2012	5	11	0	0	0.12
72261823091	2012	5	14	6	0	0.21
72261823091	2012	5	14	7	0	0.01
72261823091	2012	5	14	17	0	0.01
72261823091	2012	5	14	18	0	0.14
72261823091	2012	5	14	20	0	0.03
72261823091	2012	5	14	21	0	0.01
72261823091	2012	5	14	22	0	0.01
72261823091	2012	5	17	18	0	0.02
72261823091	2012	5	27	21	0	0.49
72261823091	2012	5	27	22	0	0.3
72261823091	2012	6	13	0	0	0.02
72261823091	2012	6	14	22	0	1.14
72261823091	2012	6	14	23	0	0.1
72261823091	2012	6	15	0	0	0.01
72261823091	2012	6	17	22	0	0.02
72261823091	2012	7	4	21	0	0.01
72261823091	2012	7	4	22	0	0.86
72261823091	2012	7	4	23	0	0.03
72261823091	2012	7	5	0	0	0.02
72261823091	2012	7	10	10	0	0.03
72261823091	2012	7	10	19	0	0.01
72261823091	2012	7	10	20	0	0.01
72261823091	2012	7	11	22	0	0.01
72261823091	2012	7	12	4	0	0.01
72261823091	2012	7	16	18	0	0.23
72261823091	2012	7	16	19	0	0.03
72261823091	2012	7	24	19	0	0.12
72261823091	2012	7	24	20	0	0.36
72261823091	2012	7	25	23	0	0.01
72261823091	2012	7	26	0	0	0.04
72261823091	2012	7	27	10	0	0.07
72261823091	2012	7	27	19	0	0.02
72261823091	2012	8	17	20	0	0.004
72261823091	2012	8	17	21	0	0.02
72261823091	2012	8	18	4	0	0.52
72261823091	2012	8	18	5	0	0.35
72261823091	2012	8	18	6	0	0.1
72261823091	2012	8	18	7	0	0.07
72261823091	2012	8	18	9	0	0.01
72261823091	2012	8	18	10	0	0.03
72261823091	2012	8	18	11	0	0.01
72261823091	2012	8	18	13	0	0.01
72261823091	2012	8	25	1	0	0.03
72261823091	2012	8	25	22	0	0.08
72261823091	2012	8	27	18	0	0.03
72261823091	2012	8	27	19	0	0.14
72261823091	2012	9	6	5	0	0.08
72261823091	2012	9	6	6	0	0.01
72261823091	2012	9	6	8	0	0.1
72261823091	2012	9	6	9	0	0.01
72261823091	2012	9	13	14	0	0.03
72261823091	2012	9	13	15	0	0.01
72261823091	2012	9	13	16	0	0.01
72261823091	2012	9	13	19	0	0.01
72261823091	2012	9	13	20	0	0.07
72261823091	2012	9	13	21	0	0.01
72261823091	2012	9	13	23	0	0.01
72261823091	2012	9	14	1	0	0.01
72261823091	2012	9	14	2	0	0.01
72261823091	2012	9	14	3	0	0.02
72261823091	2012	9	14	4	0	0.02
72261823091	2012	9	14	5	0	0.01
72261823091	2012	9	14	7	0	0.01
72261823091	2012	9	15	14	0	0.06
72261823091	2012	9	15	15	0	0.09
72261823091	2012	9	15	16	0	0.02
72261823091	2012	9	15	17	0	0.06
72261823091	2012	9	15	18	0	0.01
72261823091	2012	9	26	21	0	0.19
72261823091	2012	9	27	19	0	0.05
72261823091	2012	9	27	20	0	0.08
72261823091	2012	9	27	21	0	0.01
72261823091	2012	9	27	22	0	0.01
72261823091	2012	9	28	9	0	0.04
72261823091	2012	9	28	10	0	0.04
72261823091	2012	9	28	13	0	0.01
72261823091	2012	9	28	16	0	0.2
72261823091	2012	9	28	17	0	0.4
72261823091	2012	9	28	18	0	0.09
72261823091	2012	9	28	19	0	0.04
72261823091	2012	9	28	20	0	0.01
72261823091	2012	9	28	21	0	0.02
72261823091	2012	9	28	22	0	0.02
72261823091	2012	9	28	23	0	0.07
72261823091	2012	9	29	0	0	0.06
72261823091	2012	9	29	1	0	0.15
72261823091	2012	9	29	2	0	0.41
72261823091	2012	9	29	3	0	0.07
72261823091	2012	9	29	4	0	0.06
72261823091	2012	9	29	5	0	0.03
72261823091	2012	9	29	6	0	0.01
72261823091	2012	9	29	7	0	0.1
72261823091	2012	9	29	8	0	0.09
72261823091	2012	9	29	9	0	0.02
72261823091	2012	9	29	10	0	0.01
72261823091	2012	9	29	11	0	0.06
72261823091	2012	9	29	12	0	0.01
72261823091	2012	9	29	13	0	0.01
72261823091	2012	9	29	14	0	0.01
72261823091	2012	9	29	15	0	0.03
72261823091	2012	9	29	16	0	0.04
72261823091	2012	9	29	17	0	0.01
72261823091	2012	10	1	6	0	0.28
72261823091	2012	10	22	11	0	0.01
72261823091	2012	11	3	22	0	0.02
72261823091	2012	11	3	23	0	0.03
72261823091	2012	11	22	7	0	0.01
72261823091	2012	12	31	0	0	0.01
72261823091	2012	12	31	1	0	0.03
72261823091	2012	12	31	2	0	0.01
72261823091	2013	1	3	18	0	0.01
72261823091	2013	1	3	23	0	0.01
72261823091	2013	1	4	0	0	0.03
72261823091	2013	1	4	1	0	0.04
72261823091	2013	1	4	2	0	0.04
72261823091	2013	1	4	3	0	0.04
72261823091	2013	1	4	4	0	0.04
72261823091	2013	1	4	5	0	0.03
72261823091	2013	1	4	6	0	0.01
72261823091	2013	1	4	7	0	0.01
72261823091	2013	1	9	7	0	0.02
72261823091	2013	1	9	8	0	0.01
72261823091	2013	1	9	9	0	0.01
72261823091	2013	1	9	10	0	0.04
72261823091	2013	1	9	11	0	0.05
72261823091	2013	1	9	12	0	0.05
72261823091	2013	1	9	13	0	0.07
72261823091	2013	1	9	14	0	0.05
72261823091	2013	1	9	15	0	0.09
72261823091	2013	1	9	16	0	0.14
72261823091	2013	1	9	17	0	0.06
72261823091	2013	1	9	18	0	0.1
72261823091	2013	1	9	19	0	0.14
72261823091	2013	1	9	20	0	0.22
72261823091	2013	1	9	21	0	0.2
72261823091	2013	1	9	22	0	0.15
72261823091	2013	1	9	23	0	0.19
72261823091	2013	1	10	0	0	0.15
72261823091	2013	1	10	1	0	0.08
72261823091	2013	1	10	2	0	0.08
72261823091	2013	1	10	3	0	0.01
72261823091	2013	1	10	6	0	0.01
72261823091	2013	4	29	1	0	0.13
72261823091	2013	5	11	1	0	0.02
72261823091	2013	5	11	2	0	0.09
72261823091	2013	5	14	21	0	0.09
72261823091	2013	5	14	22	0	0.01
72261823091	2013	5	14	23	0	0.06
72261823091	2013	5	15	0	0	0.11
72261823091	2013	5	15	2	0	0.01
72261823091	2013	5	15	3	0	0.01
72261823091	2013	5	24	1	0	0.05
72261823091	2013	5	24	2	0	0.09
72261823091	2013	5	24	6	0	0.01
72261823091	2013	6	14	2	0	0.03
72261823091	2013	6	14	4	0	0.02
72261823091	2013	6	18	2	0	0.01
72261823091	2013	7	1	17	0	0.13
72261823091	2013	7	1	18	0	0.02
72261823091	2013	7	15	13	0	0.05
72261823091	2013	7	15	14	0	0.04
72261823091	2013	7	15	17	0	0.01
72261823091	2013	7	15	18	0	0.04
72261823091	2013	7	15	19	0	0.03
72261823091	2013	7	15	20	0	0.12
72261823091	2013	7	15	21	0	0.07
72261823091	2013	7	15	22	0	0.08
72261823091	2013	7	15	23	0	0.01
72261823091	2013	7	16	0	0	0.01
72261823091	2013	7	16	2	0	0.01
72261823091	2013	7	17	9	0	0.08
72261823091	2013	7	17	10	0	0.23
72261823091	2013	7	17	11	0	0.1
72261823091	2013	7	17	13	0	0.01
72261823091	2013	7	17	22	0	0.08
72261823091	2013	7	17	23	0	0.16
72261823091	2013	7	18	0	0	0.07
72261823091	2013	7	18	13	0	0.01
72261823091	2013	7	22	19	0	0.04
72261823091	2013	7	22	21	0	0.01
72261823091	2013	7	27	3	0	0.02
72261823091	2013	7	27	4	0	0.05
72261823091	2013	7	27	5	0	0.04
72261823091	2013	7	30	0	0	0.01
72261823091	2013	7	30	2	0	0.01
72261823091	2013	8	6	22	0	0.01
72261823091	2013	8	7	12	0	0.01
72261823091	2013	8	10	21	0	0.001
72261823091	2013	8	10	22	0	0.003
72261823091	2013	8	10	23	0	0.004
72261823091	2013	9	3	22	0	0.01
72261823091	2013	9	19	7	0	0.01
72261823091	2013	9	19	8	0	0.03
72261823091	2013	9	19	14	0	0.02
72261823091	2013	9	19	17	0	0.06
72261823091	2013	9	19	18	0	0.08
72261823091	2013	9	19	19	0	0.02
72261823091	2013	9	19	21	0	0.07
72261823091	2013	9	19	22	0	0.07
72261823091	2013	9	19	23	0	0.1
72261823091	2013	9	20	0	0	0.03
72261823091	2013	9	20	1	0	0.01
72261823091	2013	9	20	2	0	0.01
72261823091	2013	9	20	6	0	0.03
72261823091	2013	9	20	7	0	0.03
72261823091	2013	9	20	8	0	0.01
72261823091	2013	9	20	9	0	0.01
72261823091	2013	9	20	10	0	0.01
72261823091	2013	9	20	15	0	0.03
72261823091	2013	9	20	16	0	0.03
72261823091	2013	9	20	17	0	0.06
72261823091	2013	9	20	19	0	0.02
72261823091	2013	9	20	21	0	0.01
72261823091	2013	10	15	9	0	0.02
72261823091	2013	10	15	10	0	0.02
72261823091	2013	10	15	11	0	0.04
72261823091	2013	10	15	13	0	0.01
72261823091	2013	10	15	14	0	0.02
72261823091	2013	10	15	17	0	0.01
72261823091	2013	10	15	21	0	0.11
72261823091	2013	10	15	22	0	0.06
72261823091	2013	10	15	23	0	0.04
72261823091	2013	10	16	0	0	0.15
72261823091	2013	11	3	16	0	0.01
72261823091	2013	11	3	17	0	0.01
72261823091	2013	11	8	15	0	0.01
72261823091	2013	11	8	16	0	0.05
72261823091	2013	11	8	17	0	0.05
72261823091	2013	11	22	8	0	0.02
72261823091	2013	11	23	18	0	0.03
72261823091	2013	11	23	19	0	0.01
72261823091	2013	11	23	23	0	0.02
72261823091	2013	11	24	0	0	0.12
72261823091	2013	11	24	1	0	0.19
72261823091	2013	11	24	2	0	0.03
72261823091	2013	11	24	3	0	0.1
72261823091	2013	11	24	4	0	0.03
72261823091	2013	11	24	5	0	0.01
72261823091	2013	11	24	6	0	0.01
72261823091	2013	11	24	8	0	0.01
72261823091	2013	11	26	2	0	0.01
72261823091	2013	12	5	16	0	0.05
72261823091	2013	12	5	17	0	0.03
72261823091	2013	12	6	1	0	0.02
72261823091	2013	12	6	2	0	0.03
72261823091	2013	12	6	10	0	0.01
72261823091	2013	12	6	11	0	0.01
72261823091	2013	12	20	23	0	0.006
72261823091	2013	12	21	0	0	0.17
72261823091	2013	12	21	1	0	0.13
72261823091	2013	12	21	2	0	0.2
72261823091	2013	12	21	3	0	0.17
72261823091	2013	12	21	4	0	0.13
72261823091	2013	12	21	5	0	0.01
72261823091	2013	12	21	9	0	0.03
72261823091	2014	2	2	15	0	0.01
72261823091	2014	2	26	9	0	0.05
72261823091	2014	2	26	10	0	0.04
72261823091	2014	2	26	11	0	0.03
72261823091	2014	2	26	12	0	0.01
72261823091	2014	3	16	8	0	0.14
72261823091	2014	3	16	9	0	0.02
72261823091	2014	3	16	10	0	0.04
72261823091	2014	3	16	11	0	0.01
72261823091	2014	3	16	12	0	0.01
72261823091	2014	3	16	13	0	0.01
72261823091	2014	3	16	14	0	0.01
72261823091	2014	4	20	0	0	0.55
72261823091	2014	4	20	4	0	0.01
72261823091	2014	4	20	5	0	0.04
72261823091	2014	5	7	8	0	0.01
72261823091	2014	5	21	22	0	0.01
72261823091	2014	5	21	23	0	0.02
72261823091	2014	5	22	0	0	0.02
72261823091	2014	6	8	11	0	0.01
72261823091	2014	6	8	12	0	0.01
72261823091	2014	6	14	4	0	0.11
72261823091	2014	6	14	5	0	0.3
72261823091	2014	6	14	7	0	0.03
72261823091	2014	6	16	21	0	0.05
72261823091	2014	6	16	22	0	0.56
72261823091	2014	6	16	23	0	0.23
72261823091	2014	6	17	0	0	0.001
72261823091	2014	6	19	6	0	0.12
72261823091	2014	6	19	7	0	0.01
72261823091	2014	6	25	23	0	0.001
72261823091	2014	6	26	0	0	0.02
72261823091	2014	7	16	21	0	0.13
72261823091	2014	7	17	2	0	0.06
72261823091	2014	7	17	3	0	0.02
72261823091	2014	7	17	9	0	0.01
72261823091	2014	8	1	13	0	0.11
72261823091	2014	8	1	14	0	0.2
72261823091	2014	8	1	15	0	0.14
72261823091	2014	8	1	16	0	0.02
72261823091	2014	8	11	21	0	0.1
72261823091	2014	8	16	22	0	0.13
72261823091	2014	8	16	23	0	0.11
72261823091	2014	8	17	0	0	0.13
72261823091	2014	8	17	1	0	0.02
72261823091	2014	8	17	2	0	0.05
72261823091	2014	8	17	3	0	0.21
72261823091	2014	8	17	4	0	0.03
72261823091	2014	8	17	5	0	0.02
72261823091	2014	8	17	10	0	0.07
72261823091	2014	8	19	22	0	0.1
72261823091	2014	8	19	23	0	0.41
72261823091	2014	8	20	20	0	0.01
72261823091	2014	8	24	20	0	0.27
72261823091	2014	9	6	14	0	0.01
72261823091	2014	9	6	15	0	0.05
72261823091	2014	9	6	18	0	0.15
72261823091	2014	9	6	19	0	0.05
72261823091	2014	9	6	22	0	0.03
72261823091	2014	9	6	23	0	0.06
72261823091	2014	9	7	0	0	0.09
72261823091	2014	9	7	1	0	0.15
72261823091	2014	9	7	2	0	0.09
72261823091	2014	9	8	1	0	0.06
72261823091	2014	9	11	21	0	0.84
72261823091	2014	9	11	22	0	0.01
72261823091	2014	9	12	0	0	0.03
72261823091	2014	9	12	1	0	0.26
72261823091	2014	9	12	2	0	0.13
72261823091	2014	9	12	3	0	0.04
72261823091	2014	9	12	4	0	0.04
72261823091	2014	9	12	5	0	0.01
72261823091	2014	9	13	3	0	0.01
72261823091	2014	9	13	4	0	0.02
72261823091	2014	9	13	5	0	0.01
72261823091	2014	9	13	6	0	0.01
72261823091	2014	9	13	9	0	0.03
72261823091	2014	9	13	10	0	0.01
72261823091	2014	9	13	11	0	0.01
72261823091	2014	9	13	12	0	0.01
72261823091	2014	9	13	20	0	0.01
72261823091	2014	9	14	13	0	0.03
72261823091	2014	9	14	16	0	0.01
72261823091	2014	9	14	17	0	0.03
72261823091	2014	9	18	22	0	0.06
72261823091	2014	9	18	23	0	0.01
72261823091	2014	9	19	13	0	0.09
72261823091	2014	9	19	14	0	0.01
72261823091	2014	9	19	16	0	0.03
72261823091	2014	9	19	17	0	0.01
72261823091	2014	9	20	4	0	0.04
72261823091	2014	9	20	5	0	0.03
72261823091	2014	9	21	23	0	0.09
72261823091	2014	9	22	4	0	0.01
72261823091	2014	9	22	7	0	0.07
72261823091	2014	9	22	9	0	0.01
72261823091	2014	9	22	10	0	0.02
72261823091	2014	9	26	23	0	0.03
72261823091	2014	10	20	22	0	0.012
72261823091	2014	10	20	23	0	0.011
72261823091	2014	10	21	0	0	0.008
72261823091	2014	10	21	1	0	0.001
72261823091	2014	10	21	15	0	0.048
72261823091	2014	11	4	12	0	0.02
72261823091	2014	11	4	13	0	0.01
72261823091	2014	11	4	14	0	0.01
72261823091	2014	11	4	17	0	0.15
72261823091	2014	11	4	18	0	0.08
72261823091	2014	11	4	19	0	0.12
72261823091	2014	11	4	20	0	0.05
72261823091	2014	11	4	21	0	0.09
72261823091	2014	11	4	22	0	0.15
72261823091	2014	11	4	23	0	0.2
72261823091	2014	11	5	0	0	0.09
72261823091	2014	11	5	1	0	0.07
72261823091	2014	11	5	2	0	0.07
72261823091	2014	11	5	3	0	0.1
72261823091	2014	11	5	4	0	0.06
72261823091	2014	11	5	5	0	0.09
72261823091	2014	11	5	6	0	0.08
72261823091	2014	11	5	7	0	0.08
72261823091	2014	11	5	8	0	0.09
72261823091	2014	11	5	9	0	0.1
72261823091	2014	11	5	10	0	0.08
72261823091	2014	11	5	11	0	0.05
72261823091	2014	11	5	12	0	0.03
72261823091	2014	11	5	13	0	0.03
72261823091	2014	11	5	15	0	0.01
72261823091	2014	11	5	17	0	0.01
72261823091	2014	11	5	18	0	0.01
72261823091	2014	11	5	19	0	0.01
72261823091	2014	11	5	20	0	0.01
72261823091	2014	11	6	2	0	0.01
72261823091	2014	11	6	20	0	0.01
72261823091	2014	11	6	21	0	0.05
72261823091	2014	11	6	22	0	0.04
72261823091	2014	11	7	0	0	0.01
72261823091	2014	12	23	9	0	0.03
72261823091	2014	12	23	10	0	0.01
72261823091	2014	12	23	11	0	0.07
72261823091	2014	12	23	12	0	0.02
72261823091	2014	12	23	14	0	0.04
72261823091	2014	12	23	15	0	0.02
72261823091	2014	12	23	16	0	0.03
72261823091	2014	12	23	17	0	0.06
72261823091	2014	12	23	18	0	0.02
72261823091	2014	12	23	22	0	0.01
72261823091	2014	12	28	3	0	0.05
72261823091	2014	12	28	4	0	0.01
72261823091	2014	12	28	5	0	0.01
72261823091	2014	12	31	0	0	0.01
72261823091	2015	1	1	9	0	0.01
72261823091	2015	1	1	10	0	0.02
72261823091	2015	1	2	6	0	0.05
72261823091	2015	1	2	7	0	0.02
72261823091	2015	1	2	18	0	0.16
72261823091	2015	1	2	19	0	0.11
72261823091	2015	1	2	20	0	0.04
72261823091	2015	1	2	21	0	0.06
72261823091	2015	1	2	22	0	0.07
72261823091	2015	1	2	23	0	0.06
72261823091	2015	1	3	0	0	0.04
72261823091	2015	1	10	13	0	0.01
72261823091	2015	1	10	14	0	0.01
72261823091	2015	1	13	7	0	0.03
72261823091	2015	1	21	15	0	0.06
72261823091	2015	1	21	16	0	0.2
72261823091	2015	1	21	17	0	0.06
72261823091	2015	1	22	10	0	0.01
72261823091	2015	1	22	11	0	0.01
72261823091	2015	1	22	13	0	0.01
72261823091	2015	1	22	14	0	0.02
72261823091	2015	1	22	15	0	0.03
72261823091	2015	1	22	16	0	0.05
72261823091	2015	1	22	20	0	0.03
72261823091	2015	1	22	21	0	0.03
72261823091	2015	1	22	22	0	0.04
72261823091	2015	1	23	0	0	0.01
72261823091	2015	1	23	1	0	0.01
72261823091	2015	1	23	2	0	0.03
72261823091	2015	1	23	3	0	0.01
72261823091	2015	1	23	4	0	0.01
72261823091	2015	1	31	3	0	0.01
72261823091	2015	1	31	4	0	0.02
72261823091	2015	1	31	5	0	0.08
72261823091	2015	1	31	6	0	0.01
72261823091	2015	1	31	10	0	0.04
72261823091	2015	1	31	11	0	0.05
72261823091	2015	1	31	12	0	0.01
72261823091	2015	1	31	21	0	0.02
72261823091	2015	2	1	1	0	0.02
72261823091	2015	2	12	8	0	0.01
72261823091	2015	2	12	9	0	0.06
72261823091	2015	2	12	10	0	0.01
72261823091	2015	2	12	12	0	0.08
72261823091	2015	2	12	13	0	0.19
72261823091	2015	2	12	14	0	0.06
72261823091	2015	2	12	15	0	0.07
72261823091	2015	2	12	16	0	0.04
72261823091	2015	2	12	17	0	0.01
72261823091	2015	2	12	18	0	0.01
72261823091	2015	2	12	19	0	0.05
72261823091	2015	2	12	20	0	0.01
72261823091	2015	2	16	10	0	0.02
72261823091	2015	2	16	11	0	0.01
72261823091	2015	2	16	12	0	0.05
72261823091	2015	2	17	6	0	0.05
72261823091	2015	2	17	7	0	0.01
72261823091	2015	2	17	8	0	0.01
72261823091	2015	3	4	22	0	0.09
72261823091	2015	3	5	0	0	0.02
72261823091	2015	3	5	1	0	0.03
72261823091	2015	3	8	22	0	0.12
72261823091	2015	3	8	23	0	0.07
72261823091	2015	3	9	1	0	0.01
72261823091	2015	3	9	2	0	0.02
72261823091	2015	3	9	3	0	0.02
72261823091	2015	3	9	4	0	0.01
72261823091	2015	3	9	17	0	0.002
72261823091	2015	3	9	18	0	0.05
72261823091	2015	3	17	19	0	0.01
72261823091	2015	3	17	20	0	0.015
72261823091	2015	3	17	21	0	0.14
72261823091	2015	3	17	22	0	0.08
72261823091	2015	3	17	23	0	0.07
72261823091	2015	3	18	0	0	0.06
72261823091	2015	3	18	1	0	0.03
72261823091	2015	3	18	3	0	0.01
72261823091	2015	3	19	22	0	0.02
72261823091	2015	3	19	23	0	0.33
72261823091	2015	3	20	1	0	0.01
72261823091	2015	3	20	10	0	0.78
72261823091	2015	3	20	11	0	0.15
72261823091	2015	3	20	12	0	0.17
72261823091	2015	3	20	20	0	0.01
72261823091	2015	3	20	22	0	0.01
72261823091	2015	3	21	10	0	0.02
72261823091	2015	3	21	11	0	0.01
72261823091	2015	3	21	12	0	0.04
72261823091	2015	3	21	13	0	0.13
72261823091	2015	3	21	14	0	0.2
72261823091	2015	3	21	15	0	0.1
72261823091	2015	3	21	17	0	0.01
72261823091	2015	3	21	22	0	0.03
72261823091	2015	3	21	23	0	0.57
72261823091	2015	3	22	0	0	0.02
72261823091	2015	4	11	2	0	0.01
72261823091	2015	4	11	4	0	0.01
72261823091	2015	4	12	21	0	0.03
72261823091	2015	4	12	22	0	0.13
72261823091	2015	4	14	2	0	0.002
72261823091	2015	4	14	3	0	0.02
72261823091	2015	4	14	6	0	0.01
72261823091	2015	4	14	8	0	0.02
72261823091	2015	5	5	0	0	0.41
72261823091	2015	5	5	1	0	0.96
72261823091	2015	5	12	9	0	0.01
72261823091	2015	5	12	10	0	0.28
72261823091	2015	5	13	4	0	0.01
72261823091	2015	5	13	5	0	0.07
72261823091	2015	5	13	6	0	0.03
72261823091	2015	5	13	7	0	0.01
72261823091	2015	5	15	2	0	0.34
72261823091	2015	5	16	5	0	0.01
72261823091	2015	5	19	20	0	0.01
72261823091	2015	5	21	21	0	0.01
72261823091	2015	5	22	1	0	0.01
72261823091	2015	5	22	2	0	0.01
72261823091	2015	5	22	6	0	0.02
72261823091	2015	5	23	22	0	0.07
72261823091	2015	5	24	7	0	0.01
72261823091	2015	5	28	1	0	0.16
72261823091	2015	5	28	2	0	0.8
72261823091	2015	5	28	3	0	0.15
72261823091	2015	5	28	21	0	0.14
72261823091	2015	5	28	22	0	0.24
72261823091	2015	5	28	23	0	0.1
72261823091	2015	5	30	12	0	0.03
72261823091	2015	5	30	13	0	0.02
72261823091	2015	5	30	14	0	0.09
72261823091	2015	6	13	21	0	0.04
72261823091	2015	6	13	22	0	0.03
72261823091	2015	6	13	23	0	0.04
72261823091	2015	6	14	0	0	0.05
72261823091	2015	6	14	1	0	0.01
72261823091	2015	6	26	19	0	0.22
72261823091	2015	6	26	21	0	0.08
72261823091	2015	6	26	22	0	0.22
72261823091	2015	6	26	23	0	0.02
72261823091	2015	6	27	1	0	0.01
72261823091	2015	6	30	12	0	0.01
72261823091	2015	7	6	21	0	0.03
72261823091	2015	7	7	9	0	0.11
72261823091	2015	7	7	10	0	0.01
72261823091	2015	7	20	23	0	0.043
72261823091	2015	7	21	0	0	0.01
72261823091	2015	8	9	0	0	0.15
72261823091	2015	8	15	0	0	0.02
72261823091	2015	8	15	6	0	0.01
72261823091	2015	9	9	17	0	0.02
72261823091	2015	9	18	22	0	0.78
72261823091	2015	9	20	11	0	0.01
72261823091	2015	9	20	12	0	0.03
72261823091	2015	9	20	13	0	0.02
72261823091	2015	9	20	22	0	0.45
72261823091	2015	9	20	23	0	0.03
72261823091	2015	9	24	1	0	0.43
72261823091	2015	9	24	2	0	0.13
72261823091	2015	9	24	3	0	0.013
72261823091	2015	9	24	5	0	0.011
72261823091	2015	9	24	6	0	0.013
72261823091	2015	9	24	7	0	0.001
72261823091	2015	9	24	9	0	0.002
72261823091	2015	9	24	10	0	0.013
72261823091	2015	9	24	11	0	0.03
72261823091	2015	10	4	18	0	0.02
72261823091	2015	10	4	19	0	0.01
72261823091	2015	10	5	0	0	0.01
72261823091	2015	10	5	1	0	0.04
72261823091	2015	10	5	2	0	0.02
72261823091	2015	10	5	4	0	0.04
72261823091	2015	10	5	5	0	0.05
72261823091	2015	10	5	9	0	0.01
72261823091	2015	10	5	12	0	0.01
72261823091	2015	10	7	12	0	0.05
72261823091	2015	10	7	13	0	0.08
72261823091	2015	10	7	14	0	0.03
72261823091	2015	10	8	2	0	0.001
72261823091	2015	10	8	3	0	0.27
72261823091	2015	10	8	4	0	0.01
72261823091	2015	10	8	9	0	0.51
72261823091	2015	10	8	11	0	0.03
72261823091	2015	10	8	12	0	0.14
72261823091	2015	10	8	13	0	0.01
72261823091	2015	10	8	14	0	0.04
72261823091	2015	10	8	15	0	0.53
72261823091	2015	10	8	16	0	0.02
72261823091	2015	10	8	17	0	0.01
72261823091	2015	10	8	19	0	0.03
72261823091	2015	10	8	22	0	0.07
72261823091	2015	10	8	23	0	0.04
72261823091	2015	10	21	16	0	0.04
72261823091	2015	10	22	6	0	0.12
72261823091	2015	10	22	7	0	0.27
72261823091	2015	10	22	8	0	0.13
72261823091	2015	10	24	2	0	0.07
72261823091	2015	10	30	3	0	0.01
72261823091	2015	10	30	4	0	0.01
72261823091	2015	10	30	6	0	0.02
72261823091	2015	10	30	18	0	0.02
72261823091	2015	10	31	0	0	0.01
72261823091	2015	10	31	1	0	0.02
72261823091	2015	10	31	2	0	0.05
72261823091	2015	11	15	17	0	0.14
72261823091	2015	11	15	18	0	0.01
72261823091	2015	11	15	23	0	0.01
72261823091	2015	11	16	0	0	0.01
72261823091	2015	11	26	11	0	0.02
72261823091	2015	11	26	12	0	0.08
72261823091	2015	11	26	13	0	0.05
72261823091	2015	11	26	14	0	0.01
72261823091	2015	11	26	20	0	0.01
72261823091	2015	11	26	21	0	0.01
72261823091	2015	11	26	22	0	0.03
72261823091	2015	11	27	14	0	0.01
72261823091	2015	11	27	16	0	0.01
72261823091	2015	11	27	18	0	0.05
72261823091	2015	11	27	21	0	0.01
72261823091	2015	11	28	1	0	0.12
72261823091	2015	11	28	2	0	0.34
72261823091	2015	11	28	3	0	0.2
72261823091	2015	11	28	4	0	0.02
72261823091	2015	11	28	5	0	0.05
72261823091	2015	11	28	6	0	0.09
72261823091	2015	11	28	7	0	0.05
72261823091	2015	11	28	8	0	0.02
72261823091	2015	11	28	9	0	0.06
72261823091	2015	11	28	10	0	0.15
72261823091	2015	11	28	11	0	0.03
72261823091	2015	11	28	12	0	0.01
72261823091	2015	11	28	13	0	0.01
72261823091	2015	11	28	14	0	0.01
72261823091	2015	11	28	23	0	0.01
72261823091	2015	11	29	0	0	0.15
72261823091	2015	11	29	1	0	0.06
72261823091	2015	11	29	2	0	0.08
72261823091	2015	11	29	3	0	0.05
72261823091	2015	11	29	4	0	0.05
72261823091	2015	11	29	5	0	0.08
72261823091	2015	11	29	6	0	0.05
72261823091	2015	11	29	7	0	0.13
72261823091	2015	11	29	8	0	0.08
72261823091	2015	11	29	9	0	0.22
72261823091	2015	11	29	10	0	0.08
72261823091	2015	11	29	11	0	0.02
72261823091	2015	12	12	23	0	0.17
72261823091	2015	12	13	0	0	0.02
72261823091	2015	12	13	1	0	0.01
72261823091	2015	12	27	1	0	0.03
72261823091	2015	12	27	2	0	0.11
72261823091	2015	12	27	3	0	0.11
72261823091	2015	12	27	5	0	0.01
72261823091	2015	12	27	10	0	0.01
72261823091	2015	12	27	11	0	0.02
72261823091	2015	12	27	12	0	0.01
72261823091	2015	12	27	13	0	0.01
72261823091	2015	12	27	14	0	0.01
72261823091	2015	12	27	15	0	0.01
72261823091	2015	12	27	22	0	0.01
72261823091	2016	1	26	16	0	0.03
72261823091	2016	1	26	17	0	0.08
72261823091	2016	1	26	18	0	0.16
72261823091	2016	1	26	19	0	0.17
72261823091	2016	1	26	20	0	0.15
72261823091	2016	1	26	21	0	0.16
72261823091	2016	1	26	22	0	0.149
72261823091	2016	1	26	23	0	0.01
72261823091	2016	1	27	1	0	0.06
72261823091	2016	1	27	2	0	0.03
72261823091	2016	2	23	0	0	0.22
72261823091	2016	2	23	1	0	0.1
72261823091	2016	2	23	2	0	0.02
72261823091	2016	3	9	6	0	0.02
72261823091	2016	3	9	7	0	0.01
72261823091	2016	3	9	8	0	0.01
72261823091	2016	3	9	9	0	0.02
72261823091	2016	3	9	14	0	0.005
72261823091	2016	3	9	15	0	0.05
72261823091	2016	3	9	16	0	0.07
72261823091	2016	3	9	17	0	0.02
72261823091	2016	3	9	18	0	0.01
72261823091	2016	4	1	8	0	0.01
72261823091	2016	4	1	9	0	0.01
72261823091	2016	4	1	10	0	0.01
72261823091	2016	4	1	12	0	0.14
72261823091	2016	4	1	13	0	0.07
72261823091	2016	4	1	14	0	0.09
72261823091	2016	4	1	15	0	0.02
72261823091	2016	4	1	16	0	0.04
72261823091	2016	4	1	17	0	0.04
72261823091	2016	4	1	18	0	0.04
72261823091	2016	4	12	13	0	0.01
72261823091	2016	4	12	14	0	0.03
72261823091	2016	4	12	17	0	0.01
72261823091	2016	4	12	18	0	0.03
72261823091	2016	4	12	19	0	0.01
72261823091	2016	4	18	17	0	0.03
72261823091	2016	4	19	22	0	0.22
72261823091	2016	4	19	23	0	0.01
72261823091	2016	4	23	22	0	0.09
72261823091	2016	5	16	1	0	0.06
72261823091	2016	5	16	2	0	0.02
72261823091	2016	5	17	7	0	0.03
72261823091	2016	5	17	9	0	0.01
72261823091	2016	5	18	4	0	0.01
72261823091	2016	5	18	7	0	0.03
72261823091	2016	5	18	8	0	0.04
72261823091	2016	5	18	9	0	0.01
72261823091	2016	5	18	10	0	0.02
72261823091	2016	5	18	11	0	0.01
72261823091	2016	5	18	12	0	0.04
72261823091	2016	5	18	13	0	0.02
72261823091	2016	5	18	15	0	0.01
72261823091	2016	5	18	17	0	0.01
72261823091	2016	5	18	19	0	0.01
72261823091	2016	5	18	23	0	0.01
72261823091	2016	5	19	1	0	0.02
72261823091	2016	5	19	3	0	0.02
72261823091	2016	5	19	4	0	0.01
72261823091	2016	5	19	5	0	0.02
72261823091	2016	5	19	6	0	0.03
72261823091	2016	5	19	8	0	0.03
72261823091	2016	5	19	10	0	0.01
72261823091	2016	5	31	5	0	0.013
72261823091	2016	5	31	8	0	0.03
72261823091	2016	5	31	9	0	0.018
72261823091	2016	5	31	14	0	0.015
72261823091	2016	5	31	15	0	0.006
72261823091	2016	5	31	21	0	0.001
72261823091	2016	6	1	4	0	0.007
72261823091	2016	6	1	5	0	0.01
72261823091	2016	6	2	3	0	0.04
72261823091	2016	6	2	4	0	0.11
72261823091	2016	6	2	5	0	0.07
72261823091	2016	6	2	21	0	0.02
72261823091	2016	6	11	9	0	0.5
72261823091	2016	6	11	10	0	0.01
72261823091	2016	6	13	23	0	0.05
72261823091	2016	6	15	23	0	0.14
72261823091	2016	6	16	0	0	0.28
72261823091	2016	6	16	1	0	0.94
72261823091	2016	6	16	4	0	0.01
72261823091	2016	6	27	0	0	0.03
72261823091	2016	6	27	10	0	0.02
72261823091	2016	6	27	15	0	0.11
72261823091	2016	7	2	21	0	0.02
72261823091	2016	7	5	22	0	0.01
72261823091	2016	7	7	22	0	0.57
72261823091	2016	7	7	23	0	0.21
72261823091	2016	7	11	22	0	0.21
72261823091	2016	7	26	20	0	0.03
72261823091	2016	8	2	21	0	0.09
72261823091	2016	8	2	22	0	0.02
72261823091	2016	8	9	14	0	0.002
72261823091	2016	8	9	15	0	0.002
72261823091	2016	8	10	21	0	0.52
72261823091	2016	8	13	3	0	0.09
72261823091	2016	8	13	4	0	0.02
72261823091	2016	8	13	9	0	0.23
72261823091	2016	8	13	10	0	0.01
72261823091	2016	8	13	11	0	0.04
72261823091	2016	8	13	12	0	0.02
72261823091	2016	8	13	15	0	0.09
72261823091	2016	8	13	16	0	0.1
72261823091	2016	8	13	17	0	0.04
72261823091	2016	8	24	20	0	0.01
72261823091	2016	8	26	0	0	0.25
72261823091	2016	8	26	1	0	0.03
72261823091	2016	8	26	2	0	0.02
72261823091	2016	8	29	22	0	0.1
72261823091	2016	8	29	23	0	0.05
72261823091	2016	8	30	14	0	0.01
72261823091	2016	8	30	15	0	0.02
72261823091	2016	8	31	17	0	0.003
72261823091	2016	9	1	22	0	0.22
72261823091	2016	9	10	13	0	0.01
72261823091	2016	9	10	14	0	0.06
72261823091	2016	9	10	15	0	0.08
72261823091	2016	9	10	18	0	0.2
72261823091	2016	9	16	21	0	0.01
72261823091	2016	9	25	1	0	0.07
72261823091	2016	9	25	2	0	0.11
72261823091	2016	9	25	3	0	0.02
72261823091	2016	9	25	21	0	0.04
72261823091	2016	9	25	23	0	0.15
72261823091	2016	9	26	0	0	0.11
72261823091	2016	9	26	1	0	0.01
72261823091	2016	9	26	2	0	0.01
72261823091	2016	9	26	3	0	0.01
72261823091	2016	9	26	4	0	0.01
72261823091	2016	9	26	9	0	0.14
72261823091	2016	9	26	10	0	0.02
72261823091	2016	9	26	11	0	0.04
72261823091	2016	9	26	12	0	0.21
72261823091	2016	9	26	13	0	0.04
72261823091	2016	9	26	14	0	0.04
72261823091	2016	9	26	15	0	0.07
72261823091	2016	9	26	16	0	0.02
72261823091	2016	9	26	17	0	0.05
72261823091	2016	9	26	18	0	0.02
72261823091	2016	9	26	19	0	0.03
72261823091	2016	9	26	20	0	0.03
72261823091	2016	9	26	21	0	0.03
72261823091	2016	9	26	22	0	0.03
72261823091	2016	9	26	23	0	0.05
72261823091	2016	9	27	0	0	0.07
72261823091	2016	9	27	1	0	0.04
72261823091	2016	9	27	2	0	0.03
72261823091	2016	9	27	3	0	0.01
72261823091	2016	9	27	5	0	0.01
72261823091	2016	9	27	7	0	0.01
72261823091	2016	9	27	8	0	0.01
72261823091	2016	10	4	1	0	0.16
72261823091	2016	10	7	14	0	0.01
72261823091	2016	10	8	16	0	0.01
72261823091	2016	10	8	17	0	0.02
72261823091	2016	10	8	18	0	0.11
72261823091	2016	10	8	19	0	0.08
72261823091	2016	10	8	20	0	0.02
72261823091	2016	11	6	8	0	0.01
72261823091	2016	11	9	7	0	0.04
72261823091	2016	11	9	9	0	0.01
72261823091	2016	11	9	10	0	0.02
72261823091	2016	11	9	13	0	0.02
72261823091	2016	11	9	14	0	0.05
72261823091	2016	11	9	15	0	0.02
72261823091	2016	11	9	17	0	0.03
72261823091	2016	11	9	18	0	0.03
72261823091	2016	11	9	21	0	0.01
72261823091	2016	11	9	22	0	0.02
72261823091	2016	11	9	23	0	0.02
72261823091	2016	11	10	0	0	0.01
72261823091	2016	11	10	1	0	0.01
72261823091	2016	11	10	2	0	0.03
72261823091	2016	11	10	3	0	0.01
72261823091	2016	11	10	4	0	0.01
72261823091	2016	11	10	15	0	0.01
72261823091	2016	11	25	19	0	0.01
72261823091	2016	11	25	20	0	0.06
72261823091	2016	11	25	23	0	0.03
72261823091	2016	12	3	7	0	0.06
72261823091	2016	12	3	18	0	0.01
72261823091	2016	12	3	19	0	0.01
72261823091	2016	12	3	20	0	0.01
72261823091	2016	12	3	21	0	0.01
72261823091	2016	12	3	22	0	0.02
72261823091	2016	12	3	23	0	0.01
72261823091	2016	12	4	1	0	0.02
72261823091	2016	12	4	17	0	0.01
72261823091	2016	12	4	18	0	0.01
72261823091	2016	12	5	0	0	0.02
72261823091	2016	12	5	1	0	0.01
72261823091	2016	12	5	10	0	0.02
72261823091	2016	12	5	11	0	0.02
72261823091	2016	12	5	12	0	0.03
72261823091	2016	12	5	13	0	0.03
72261823091	2016	12	8	8	0	0.01
72261823091	2016	12	8	9	0	0.01
72261823091	2016	12	30	5	0	0.01
72261823091	2016	12	30	6	0	0.02
72261823091	2016	12	30	7	0	0.02
72261823091	2016	12	30	9	0	0.02
72261823091	2016	12	30	10	0	0.02
72261823091	2016	12	30	11	0	0.01
72261823091	2016	12	30	13	0	0.01
72261823091	2017	1	2	3	0	0.01
72261823091	2017	1	2	4	0	0.09
72261823091	2017	1	2	5	0	0.04
72261823091	2017	1	14	19	0	0.01
72261823091	2017	1	15	9	0	0.14
72261823091	2017	1	15	13	0	0.02
72261823091	2017	1	15	14	0	0.01
72261823091	2017	1	15	15	0	0.1
72261823091	2017	1	15	17	0	0.07
72261823091	2017	1	15	21	0	0.01
72261823091	2017	2	19	19	0	0.01
72261823091	2017	3	12	4	0	0.01
72261823091	2017	3	12	5	0	0.02
72261823091	2017	3	12	6	0	0.01
72261823091	2017	4	2	5	0	0.002
72261823091	2017	4	2	6	0	0.18
72261823091	2017	4	2	7	0	0.02
72261823091	2017	4	2	8	0	0.13
72261823091	2017	4	2	9	0	0.14
72261823091	2017	4	2	10	0	0.08
72261823091	2017	4	2	11	0	0.04
72261823091	2017	4	2	13	0	0.02
72261823091	2017	4	2	14	0	0.01
72261823091	2017	4	2	15	0	0.01
72261823091	2017	4	2	16	0	0.02
72261823091	2017	4	2	17	0	0.01
72261823091	2017	4	2	18	0	0.01
72261823091	2017	4	2	19	0	0.02
72261823091	2017	4	13	3	0	0.14
72261823091	2017	4	13	4	0	0.13
72261823091	2017	4	13	5	0	0.03
72261823091	2017	4	13	6	0	0.02
72261823091	2017	4	13	7	0	0.02
72261823091	2017	4	14	23	0	0.01
72261823091	2017	4	15	0	0	0.03
72261823091	2017	4	15	1	0	0.07
72261823091	2017	4	15	2	0	0.01
72261823091	2017	5	14	22	0	0.02
72261823091	2017	5	21	16	0	0.03
72261823091	2017	5	22	23	0	0.13
72261823091	2017	5	23	0	0	0.25
72261823091	2017	6	1	21	0	0.14
72261823091	2017	6	1	22	0	0.01
72261823091	2017	6	2	22	0	0.21
72261823091	2017	6	2	23	0	0.03
72261823091	2017	6	4	0	0	0.06
72261823091	2017	6	12	22	0	0.01
72261823091	2017	6	14	0	0	0.02
72261823091	2017	6	14	1	0	0.02
72261823091	2017	6	15	0	0	0.12
72261823091	2017	6	15	1	0	0.07
72261823091	2017	6	15	3	0	0.3
72261823091	2017	7	3	21	0	0.41
72261823091	2017	7	3	22	0	0.31
72261823091	2017	7	3	23	0	0.03
72261823091	2017	7	4	0	0	0.01
72261823091	2017	7	5	5	0	0.01
72261823091	2017	7	5	6	0	0.2
72261823091	2017	7	5	7	0	0.01
72261823091	2017	7	14	10	0	0.13
72261823091	2017	7	14	11	0	0.02
72261823091	2017	7	15	17	0	0.09
72261823091	2017	7	15	18	0	0.06
72261823091	2017	7	23	3	0	0.06
72261823091	2017	7	23	4	0	0.04
72261823091	2017	7	23	5	0	0.01
72261823091	2017	7	29	22	0	0.08
72261823091	2017	8	1	11	0	0.01
72261823091	2017	8	1	12	0	0.04
72261823091	2017	8	13	20	0	0.03
72261823091	2017	8	13	21	0	0.01
72261823091	2017	8	15	20	0	0.07
72261823091	2017	8	15	21	0	0.01
72261823091	2017	8	18	21	0	0.01
72261823091	2017	8	18	22	0	0.02
72261823091	2017	8	20	20	0	0.001
72261823091	2017	8	20	22	0	0.04
72261823091	2017	8	22	0	0	0.01
72261823091	2017	8	22	1	0	0.01
72261823091	2017	8	25	0	0	0.16
72261823091	2017	8	25	1	0	0.08
72261823091	2017	8	25	2	0	0.02
72261823091	2017	8	25	3	0	0.03
72261823091	2017	8	26	1	0	0.4
72261823091	2017	8	26	2	0	0.02
72261823091	2017	8	26	21	0	0.05
72261823091	2017	8	27	1	0	0.02
72261823091	2017	9	15	15	0	0.02
72261823091	2017	9	16	10	0	0.03
72261823091	2017	9	26	2	0	0.02
72261823091	2017	9	26	4	0	0.02
72261823091	2017	9	26	15	0	0.05
72261823091	2017	9	26	16	0	0.19
72261823091	2017	9	26	18	0	0.01
72261823091	2017	9	26	21	0	0.23
72261823091	2017	9	26	22	0	0.16
72261823091	2017	9	27	4	0	0.02
72261823091	2017	9	27	5	0	0.01
72261823091	2017	9	27	6	0	0.01
72261823091	2017	9	27	9	0	0.12
72261823091	2017	9	27	10	0	0.05
72261823091	2017	9	27	11	0	0.01
72261823091	2017	9	27	12	0	0.2
72261823091	2017	9	27	13	0	0.05
72261823091	2017	9	27	14	0	0.01
72261823091	2017	9	27	16	0	0.1
72261823091	2017	9	27	17	0	0.1
72261823091	2017	9	27	18	0	0.12
72261823091	2017	9	27	19	0	0.02
72261823091	2017	9	27	20	0	0.02
72261823091	2017	9	27	21	0	0.03
72261823091	2017	9	27	22	0	0.01
72261823091	2017	9	27	23	0	0.01
72261823091	2017	9	28	0	0	0.01
72261823091	2017	9	28	2	0	0.01
72261823091	2017	9	28	6	0	0.01
72261823091	2017	9	28	7	0	0.04
72261823091	2017	9	28	8	0	0.02
72261823091	2017	9	28	9	0	0.04
72261823091	2017	9	28	13	0	0.01
72261823091	2017	9	28	14	0	0.04
72261823091	2017	9	28	15	0	0.14
72261823091	2017	9	28	16	0	0.04
72261823091	2017	9	28	17	0	0.02
72261823091	2017	9	28	18	0	0.02
72261823091	2017	9	28	19	0	0.06
72261823091	2017	9	28	20	0	0.1
72261823091	2017	9	28	23	0	0.01
72261823091	2017	9	29	6	0	0.01
72261823091	2017	9	29	9	0	0.01
72261823091	2017	9	29	11	0	0.01
72261823091	2017	9	29	21	0	0.01
72261823091	2017	9	30	6	0	0.01
72261823091	2017	9	30	15	0	0.01
72261823091	2017	9	30	16	0	0.01
72261823091	2017	9	30	20	0	0.01
72261823091	2017	10	15	12	0	0.72
72261823091	2017	10	15	13	0	0.08
72261823091	2017	10	15	14	0	0.02
72261823091	2017	10	15	15	0	0.01
72261823091	2017	10	31	11	0	0.01
72261823091	2017	11	8	14	0	0.16
72261823091	2017	11	8	15	0	0.04
72261823091	2017	11	8	16	0	0.01
72261823091	2017	11	8	17	0	0.01
72261823091	2017	11	8	18	0	0.07
72261823091	2017	11	8	19	0	0.02
72261823091	2017	12	6	6	0	0.01
72261823091	2017	12	6	7	0	0.05
72261823091	2017	12	6	8	0	0.04
72261823091	2017	12	6	9	0	0.02
72261823091	2017	12	6	10	0	0.02
72261823091	2017	12	6	15	0	0.02
72261823091	2017	12	6	17	0	0.01
72261823091	2017	12	6	18	0	0.02
72261823091	2017	12	6	19	0	0.04
72261823091	2017	12	6	20	0	0.05
72261823091	2017	12	6	21	0	0.07
72261823091	2017	12	6	22	0	0.05
72261823091	2017	12	6	23	0	0.02
72261823091	2017	12	7	0	0	0.02
72261823091	2017	12	7	1	0	0.01
72261823091	2017	12	7	2	0	0.02
72261823091	2017	12	7	3	0	0.04
72261823091	2017	12	7	4	0	0.02
72261823091	2017	12	7	5	0	0.04
72261823091	2017	12	7	6	0	0.02
72261823091	2017	12	7	7	0	0.03
72261823091	2017	12	7	8	0	0.04
72261823091	2017	12	7	9	0	0.02
72261823091	2017	12	7	10	0	0.01
72261823091	2017	12	7	11	0	0.04
72261823091	2017	12	7	12	0	0.04
72261823091	2017	12	7	13	0	0.02
72261823091	2017	12	7	14	0	0.01
72261823091	2017	12	7	16	0	0.01
72261823091	2017	12	7	17	0	0.02
72261823091	2017	12	7	22	0	0.01
72261823091	2017	12	19	3	0	0.06
72261823091	2017	12	19	4	0	0.02
72261823091	2017	12	19	5	0	0.01
72261823091	2018	1	11	16	0	0.01
72261823091	2018	1	11	17	0	0.05
72261823091	2018	3	27	14	0	0.01
72261823091	2018	4	21	1	0	0.09
72261823091	2018	4	21	2	0	0.05
72261823091	2018	4	30	1	0	0.04
72261823091	2018	4	30	2	0	0.01
72261823091	2018	4	30	11	0	0.001
72261823091	2018	4	30	12	0	0.07
72261823091	2018	5	17	16	0	0.02
72261823091	2018	5	17	20	0	0.001
72261823091	2018	5	17	21	0	0.17
72261823091	2018	5	18	22	0	0.01
72261823091	2018	5	24	0	0	0.02
72261823091	2018	5	24	1	0	0.06
72261823091	2018	6	4	4	0	0.1
72261823091	2018	6	4	5	0	0.026
72261823091	2018	6	4	6	0	0.134
72261823091	2018	6	4	7	0	0.022
72261823091	2018	6	4	8	0	0.002
72261823091	2018	6	17	2	0	0.007
72261823091	2018	6	17	3	0	0.54
72261823091	2018	6	17	4	0	0.47
72261823091	2018	6	17	5	0	0.01
72261823091	2018	6	17	6	0	0.03
72261823091	2018	6	17	7	0	1.0
72261823091	2018	6	17	8	0	0.71
72261823091	2018	6	17	9	0	0.03
72261823091	2018	6	17	10	0	0.01
72261823091	2018	6	29	22	0	0.04
72261823091	2018	6	29	23	0	0.037
72261823091	2018	6	30	1	0	0.1
72261823091	2018	6	30	2	0	0.01
72261823091	2018	7	2	19	0	0.04
72261823091	2018	7	2	20	0	0.03
72261823091	2018	7	2	21	0	0.4
72261823091	2018	7	2	22	0	0.31
72261823091	2018	7	2	23	0	0.07
72261823091	2018	7	3	0	0	0.13
72261823091	2018	7	3	1	0	0.07
72261823091	2018	7	3	2	0	0.02
72261823091	2018	7	6	20	0	0.12
72261823091	2018	7	9	0	0	0.03
72261823091	2018	7	9	1	0	0.01
72261823091	2018	7	9	23	0	0.005
72261823091	2018	7	10	18	0	0.06
72261823091	2018	7	31	5	0	0.1
72261823091	2018	7	31	12	0	0.03
72261823091	2018	7	31	13	0	0.01
72261823091	2018	8	12	21	0	0.4
72261823091	2018	8	20	22	0	0.22
72261823091	2018	8	20	23	0	0.26
72261823091	2018	8	21	0	0	0.01
72261823091	2018	8	24	22	0	0.03
72261823091	2018	8	25	0	0	0.16
72261823091	2018	8	27	21	0	0.05
72261823091	2018	9	6	10	0	0.01
72261823091	2018	9	6	15	0	0.01
72261823091	2018	9	6	18	0	0.09
72261823091	2018	9	6	19	0	0.09
72261823091	2018	9	6	20	0	0.24
72261823091	2018	9	6	21	0	0.39
72261823091	2018	9	6	22	0	0.24
72261823091	2018	9	6	23	0	0.1
72261823091	2018	9	7	0	0	0.03
72261823091	2018	9	7	1	0	0.04
72261823091	2018	9	7	2	0	0.01
72261823091	2018	9	7	3	0	0.02
72261823091	2018	9	7	19	0	0.03
72261823091	2018	9	7	20	0	0.21
72261823091	2018	9	7	22	0	0.13
72261823091	2018	9	7	23	0	0.02
72261823091	2018	9	8	0	0	0.01
72261823091	2018	9	8	5	0	0.01
72261823091	2018	9	8	6	0	0.01
72261823091	2018	9	8	12	0	0.01
72261823091	2018	9	8	13	0	0.27
72261823091	2018	9	15	22	0	0.05
72261823091	2018	9	16	12	0	0.01
72261823091	2018	9	16	19	0	0.02
72261823091	2018	9	16	21	0	0.01
72261823091	2018	9	21	2	0	0.002
72261823091	2018	9	21	3	0	0.66
72261823091	2018	9	22	1	0	0.05
72261823091	2018	9	22	4	0	0.03
72261823091	2018	9	22	5	0	0.01
72261823091	2018	10	5	21	0	0.03
72261823091	2018	10	5	22	0	0.01
72261823091	2018	10	6	4	0	0.12
72261823091	2018	10	6	5	0	0.17
72261823091	2018	10	6	6	0	0.04
72261823091	2018	10	6	7	0	0.12
72261823091	2018	10	6	8	0	0.09
72261823091	2018	10	6	11	0	0.01
72261823091	2018	10	9	2	0	0.03
72261823091	2018	10	9	3	0	0.01
72261823091	2018	10	9	4	0	0.09
72261823091	2018	10	9	5	0	0.28
72261823091	2018	10	9	6	0	0.03
72261823091	2018	10	13	2	0	0.02
72261823091	2018	10	13	3	0	0.08
72261823091	2018	10	13	5	0	0.25
72261823091	2018	10	13	6	0	0.11
72261823091	2018	10	15	11	0	0.01
72261823091	2018	10	16	15	0	0.11
72261823091	2018	10	16	16	0	0.02
72261823091	2018	10	16	17	0	0.04
72261823091	2018	10	16	23	0	0.01
72261823091	2018	10	17	4	0	0.01
72261823091	2018	10	17	6	0	0.01
72261823091	2018	10	17	7	0	0.01
72261823091	2018	10	17	18	0	0.01
72261823091	2018	10	17	20	0	0.02
72261823091	2018	10	17	21	0	0.02
72261823091	2018	10	17	23	0	0.02
72261823091	2018	10	18	2	0	0.01
72261823091	2018	10	18	3	0	0.03
72261823091	2018	10	18	4	0	0.01
72261823091	2018	10	18	6	0	0.01
72261823091	2018	10	18	7	0	0.01
72261823091	2018	10	18	8	0	0.09
72261823091	2018	10	18	9	0	0.02
72261823091	2018	10	20	16	0	0.05
72261823091	2018	10	20	17	0	0.17
72261823091	2018	10	20	18	0	0.12
72261823091	2018	10	20	19	0	0.05
72261823091	2018	10	24	1	0	0.03
72261823091	2018	10	24	2	0	0.02
72261823091	2018	10	24	3	0	0.06
72261823091	2018	10	24	4	0	0.01
72261823091	2018	10	24	5	0	0.04
72261823091	2018	10	24	6	0	0.04
72261823091	2018	10	24	7	0	0.05
72261823091	2018	10	24	8	0	0.26
72261823091	2018	10	24	9	0	0.2
72261823091	2018	10	24	10	0	0.28
72261823091	2018	10	24	11	0	0.07
72261823091	2018	10	31	17	0	0.008
72261823091	2018	10	31	18	0	0.05
72261823091	2018	10	31	19	0	0.12
72261823091	2018	10	31	20	0	0.04
72261823091	2018	10	31	21	0	0.17
72261823091	2018	10	31	22	0	0.1
72261823091	2018	11	1	1	0	0.04
72261823091	2018	11	1	2	0	0.01
72261823091	2018	11	1	3	0	0.01
72261823091	2018	11	9	5	0	0.01
72261823091	2018	11	9	7	0	0.01
72261823091	2018	11	9	8	0	0.01
72261823091	2018	12	7	9	0	0.01
72261823091	2018	12	7	10	0	0.01
72261823091	2018	12	7	12	0	0.04
72261823091	2018	12	7	13	0	0.04
72261823091	2018	12	7	14	0	0.01
72261823091	2018	12	7	19	0	0.02
72261823091	2018	12	7	20	0	0.01
72261823091	2018	12	8	1	0	0.02
72261823091	2018	12	8	3	0	0.01
72261823091	2018	12	8	5	0	0.01
72261823091	2018	12	8	6	0	0.05
72261823091	2018	12	8	7	0	0.06
72261823091	2018	12	8	8	0	0.01
72261823091	2018	12	8	10	0	0.02
72261823091	2018	12	8	11	0	0.04
72261823091	2018	12	8	12	0	0.01
72261823091	2018	12	8	14	0	0.01
72261823091	2018	12	13	17	0	0.01
72261823091	2018	12	13	18	0	0.01
72261823091	2018	12	18	17	0	0.001
72261823091	2018	12	18	18	0	0.004
72261823091	2018	12	19	1	0	0.01
72261823091	2018	12	26	19	0	0.04
72261823091	2018	12	29	7	0	0.01
72261823091	2019	1	10	3	0	0.03
72261823091	2019	1	10	5	0	0.01
72261823091	2019	1	10	6	0	0.01
72261823091	2019	1	10	10	0	0.01
72261823091	2019	1	11	5	0	0.01
72261823091	2019	1	11	7	0	0.02
72261823091	2019	1	11	8	0	0.03
72261823091	2019	1	11	13	0	0.05
72261823091	2019	1	11	14	0	0.02
72261823091	2019	1	11	16	0	0.01
72261823091	2019	2	11	12	0	0.01
72261823091	2019	2	11	14	0	0.02
72261823091	2019	2	11	18	0	0.01
72261823091	2019	3	13	3	0	0.37
72261823091	2019	3	13	4	0	0.04
72261823091	2019	4	13	8	0	0.003
72261823091	2019	4	13	16	0	0.001
72261823091	2019	4	13	17	0	0.003
72261823091	2019	5	4	22	0	0.05
72261823091	2019	5	5	21	0	0.04
72261823091	2019	5	5	22	0	0.29
72261823091	2019	5	5	23	0	0.05
72261823091	2019	5	6	0	0	0.01
72261823091	2019	5	10	11	0	0.01
72261823091	2019	5	11	6	0	0.14
72261823091	2019	5	12	23	0	0.01
72261823091	2019	5	13	19	0	0.19
72261823091	2019	5	13	20	0	0.63
72261823091	2019	5	13	21	0	0.12
72261823091	2019	5	30	16	0	0.03
72261823091	2019	6	2	0	0	0.88
72261823091	2019	6	3	2	0	0.03
72261823091	2019	6	3	3	0	0.02
72261823091	2019	6	5	2	0	0.15
72261823091	2019	6	5	3	0	0.2
72261823091	2019	6	5	4	0	0.07
72261823091	2019	6	9	1	0	0.02
72261823091	2019	6	10	11	0	0.02
72261823091	2019	6	10	12	0	0.01
72261823091	2019	6	15	0	0	0.01
72261823091	2019	6	15	1	0	0.02
72261823091	2019	6	15	21	0	0.02
72261823091	2019	6	18	21	0	0.55
72261823091	2019	6	18	22	0	0.04
72261823091	2019	6	21	22	0	0.01
72261823091	2019	6	21	23	0	0.02
72261823091	2019	6	22	0	0	0.04
72261823091	2019	6	22	1	0	0.05
72261823091	2019	7	4	6	0	0.2
72261823091	2019	7	17	21	0	0.17
72261823091	2019	7	17	22	0	0.18
72261823091	2019	7	23	0	0	0.09
72261823091	2019	7	23	6	0	0.05
72261823091	2019	7	23	7	0	0.08
72261823091	2019	7	23	8	0	0.37
72261823091	2019	7	23	9	0	0.04
72261823091	2019	7	23	10	0	0.01
72261823091	2019	8	14	5	0	0.01
72261823091	2019	8	18	23	0	0.008
72261823091	2019	8	19	0	0	0.12
72261823091	2019	8	23	3	0	0.18
72261823091	2019	8	23	4	0	0.2
72261823091	2019	8	23	5	0	0.24
72261823091	2019	8	23	6	0	0.202
72261823091	2019	8	31	0	0	0.07
72261823091	2019	8	31	1	0	0.08
72261823091	2019	9	9	23	0	0.01
72261823091	2019	9	10	0	0	0.05
72261823091	2019	9	10	1	0	0.06
72261823091	2019	9	11	19	0	0.12
72261823091	2019	9	11	20	0	0.06
72261823091	2019	9	11	21	0	0.01
72261823091	2019	9	19	19	0	0.05
72261823091	2019	9	19	20	0	0.01
72261823091	2019	9	20	20	0	0.002
72261823091	2019	9	20	21	0	0.27
72261823091	2019	9	20	22	0	0.05
72261823091	2019	9	20	23	0	0.02
72261823091	2019	9	21	0	0	0.05
72261823091	2019	9	21	1	0	0.01
72261823091	2019	9	21	2	0	0.01
72261823091	2019	9	21	15	0	0.05
72261823091	2019	9	22	3	0	0.37
72261823091	2019	9	22	4	0	0.23
72261823091	2019	9	22	5	0	0.18
72261823091	2019	9	22	6	0	0.04
72261823091	2019	9	22	7	0	0.02
72261823091	2019	9	23	4	0	0.04
72261823091	2019	10	14	12	0	0.02
72261823091	2019	10	14	13	0	0.05
72261823091	2019	10	14	14	0	0.01
72261823091	2019	10	14	15	0	0.02
72261823091	2019	10	14	16	0	0.02
72261823091	2019	10	15	11	0	0.01
72261823091	2019	10	15	12	0	0.01
72261823091	2019	10	15	13	0	0.01
72261823091	2019	10	15	14	0	0.01
72261823091	2019	11	7	4	0	0.05
72261823091	2019	11	7	5	0	0.58
72261823091	2019	11	7	6	0	0.04
72261823091	2019	11	7	14	0	0.01
72261823091	2019	11	7	15	0	0.03
72261823091	2019	11	7	16	0	0.04
72261823091	2019	11	8	4	0	0.01
72261823091	2019	11	8	5	0	0.02
72261823091	2019	11	8	6	0	0.07
72261823091	2019	11	8	7	0	0.01
72261823091	2019	11	8	12	0	0.02
72261823091	2019	11	8	13	0	0.04
72261823091	2019	11	11	15	0	0.08
72261823091	2019	11	11	16	0	0.01
72261823091	2019	11	12	5	0	0.01
72261823091	2019	11	12	6	0	0.02
72261823091	2019	11	12	7	0	0.02
72261823091	2019	11	12	8	0	0.03
72261823091	2019	11	27	22	0	0.01
72261823091	2019	11	28	1	0	0.01
72261823091	2019	11	28	2	0	0.01
72261823091	2019	11	28	5	0	0.01
72261823091	2019	11	28	6	0	0.02
72261823091	2019	11	28	7	0	0.01
72261823091	2019	12	9	22	0	0.04
72261823091	2019	12	9	23	0	0.16
72261823091	2019	12	10	0	0	0.14
72261823091	2019	12	10	1	0	0.18
72261823091	2019	12	10	2	0	0.18
72261823091	2019	12	10	3	0	0.22
72261823091	2019	12	10	4	0	0.13
72261823091	2019	12	10	5	0	0.15
72261823091	2019	12	10	6	0	0.09
72261823091	2019	12	10	7	0	0.06
72261823091	2019	12	10	8	0	0.06
72261823091	2019	12	10	11	0	0.06
72261823091	2019	12	10	12	0	0.02
72261823091	2019	12	10	13	0	0.02
72261823091	2020	1	3	11	0	0.01
72261823091	2020	1	3	12	0	0.03
72261823091	2020	1	3	13	0	0.01
72261823091	2020	1	3	14	0	0.02
72261823091	2020	1	3	15	0	0.01
72261823091	2020	1	17	7	0	0.19
72261823091	2020	1	17	8	0	0.05
72261823091	2020	1	17	9	0	0.13
72261823091	2020	1	17	10	0	0.07
72261823091	2020	1	22	1	0	0.01
72261823091	2020	1	28	3	0	0.01
72261823091	2020	1	31	20	0	0.01
72261823091	2020	2	5	0	0	0.01
72261823091	2020	2	5	2	0	0.01
72261823091	2020	2	5	3	0	0.01
72261823091	2020	2	5	4	0	0.02
72261823091	2020	2	5	5	0	0.01
72261823091	2020	2	5	6	0	0.01
72261823091	2020	2	5	7	0	0.01
72261823091	2020	2	5	9	0	0.01
72261823091	2020	2	5	13	0	0.01
72261823091	2020	2	5	14	0	0.01
72261823091	2020	2	5	15	0	0.01
72261823091	2020	2	5	17	0	0.01
72261823091	2020	2	10	12	0	0.074
72261823091	2020	2	10	17	0	0.01
72261823091	2020	3	3	17	0	0.01
72261823091	2020	3	3	21	0	0.01
72261823091	2020	3	4	5	0	0.027
72261823091	2020	3	4	6	0	0.01
72261823091	2020	3	4	12	0	0.01
72261823091	2020	3	4	23	0	0.01
72261823091	2020	3	15	21	0	0.56
72261823091	2020	3	15	22	0	0.08
72261823091	2020	5	11	22	0	0.72
72261823091	2020	5	11	23	0	0.96
72261823091	2020	5	12	0	0	0.01
72261823091	2020	5	12	1	0	0.67
72261823091	2020	5	12	2	0	0.57
72261823091	2020	5	12	3	0	0.02
72261823091	2020	5	12	4	0	0.04
72261823091	2020	5	13	21	0	0.19
72261823091	2020	5	13	22	0	0.13
72261823091	2020	5	19	21	0	0.07
72261823091	2020	5	19	22	0	0.01
72261823091	2020	5	23	21	0	0.05
72261823091	2020	6	17	20	0	0.106
72261823091	2020	6	17	21	0	0.06
72261823091	2020	6	17	22	0	0.02
72261823091	2020	6	17	23	0	0.01
72261823091	2020	6	20	18	0	0.03
72261823091	2020	6	20	19	0	0.03
72261823091	2020	6	20	20	0	0.26
72261823091	2020	6	24	7	0	0.09
72261823091	2020	6	24	8	0	0.22
72261823091	2020	6	24	9	0	0.1
72261823091	2020	6	24	10	0	0.01
72261823091	2020	7	1	7	0	0.1
72261823091	2020	7	1	8	0	0.01
72261823091	2020	9	5	17	0	0.01
72261823091	2020	9	9	1	0	0.02
72261823091	2020	9	9	2	0	0.51
72261823091	2020	9	9	3	0	0.06
72261823091	2020	9	9	4	0	0.04
72261823091	2020	9	9	6	0	0.01
72261823091	2020	9	9	11	0	0.01
72261823091	2020	9	10	17	0	0.01
72261823091	2020	9	10	18	0	0.01
72261823091	2020	9	11	0	0	0.01
72261823091	2020	9	13	23	0	0.044
72261823091	2020	9	14	0	0	0.55
72261823091	2020	9	14	1	0	0.15
72261823091	2020	9	14	2	0	0.04
72261823091	2020	9	14	16	0	0.01
72261823091	2020	9	14	17	0	0.01
72261823091	2020	10	27	2	0	0.01
72261823091	2020	12	5	13	0	0.05
72261823091	2020	12	5	14	0	0.16
72261823091	2020	12	5	15	0	0.02
72261823091	2020	12	5	16	0	0.1
72261823091	2020	12	5	17	0	0.05
72261823091	2020	12	5	19	0	0.02
72261823091	2020	12	5	20	0	0.02
72261823091	2020	12	5	21	0	0.02
72261823091	2020	12	5	22	0	0.01
72261823091	2020	12	11	3	0	0.03
72261823091	2020	12	11	4	0	0.01
72261823091	2020	12	30	15	0	0.01
72261823091	2020	12	30	16	0	0.02
72261823091	2020	12	30	17	0	0.05
72261823091	2020	12	30	18	0	0.07
72261823091	2020	12	30	19	0	0.04
72261823091	2020	12	30	20	0	0.04
72261823091	2020	12	30	21	0	0.07
72261823091	2020	12	30	22	0	0.05
72261823091	2020	12	30	23	0	0.06
72261823091	2020	12	31	0	0	0.02
72261823091	2020	12	31	1	0	0.02
72261823091	2020	12	31	2	0	0.01
72261823091	2020	12	31	3	0	0.01
72261823091	2020	12	31	4	0	0.03
72261823091	2020	12	31	5	0	0.05
72261823091	2020	12	31	6	0	0.05
72261823091	2020	12	31	7	0	0.03
72261823091	2020	12	31	8	0	0.02
72261823091	2020	12	31	9	0	0.04
72261823091	2020	12	31	10	0	0.03
72261823091	2020	12	31	11	0	0.02
72261823091	2020	12	31	12	0	0.01
72261823091	2020	12	31	13	0	0.02
72261823091	2020	12	31	19	0	0.01
72261823091	2020	12	31	20	0	0.01
72261823091	2021	1	10	5	0	0.02
72261823091	2021	1	10	12	0	0.02
72261823091	2021	1	10	13	0	0.02
72261823091	2021	1	10	14	0	0.03
72261823091	2021	1	10	16	0	0.01
72261823091	2021	1	20	8	0	0.02
72261823091	2021	1	20	9	0	0.01
72261823091	2021	1	20	10	0	0.01
72261823091	2021	1	20	11	0	0.02
72261823091	2021	1	21	5	0	0.01
72261823091	2021	1	21	7	0	0.01
72261823091	2021	1	21	9	0	0.01
72261823091	2021	1	21	10	0	0.02
72261823091	2021	1	21	16	0	0.05
72261823091	2021	1	21	17	0	0.03
72261823091	2021	1	21	18	0	0.01
72261823091	2021	1	22	0	0	0.11
72261823091	2021	2	13	12	0	0.07
72261823091	2021	2	13	13	0	0.04
72261823091	2021	2	13	14	0	0.01
72261823091	2021	2	18	11	0	0.02
72261823091	2021	4	28	3	0	0.01
72261823091	2021	4	28	4	0	0.17
72261823091	2021	4	28	5	0	0.07
72261823091	2021	4	29	3	0	0.01
72261823091	2021	4	29	4	0	0.03
72261823091	2021	4	29	5	0	0.1
72261823091	2021	4	29	6	0	0.01
72261823091	2021	4	29	8	0	0.07
72261823091	2021	4	29	9	0	0.09
72261823091	2021	4	29	10	0	0.05
72261823091	2021	4	29	11	0	0.01
72261823091	2021	4	29	12	0	0.01
72261823091	2021	4	29	13	0	0.02
72261823091	2021	4	29	15	0	0.04
72261823091	2021	4	30	17	0	0.03
72261823091	2021	4	30	18	0	0.02
72261823091	2021	5	1	6	0	0.12
72261823091	2021	5	14	20	0	0.01
72261823091	2021	5	15	20	0	0.05
72261823091	2021	5	15	21	0	0.24
72261823091	2021	5	15	22	0	0.01
72261823091	2021	5	16	3	0	0.01
72261823091	2021	5	28	21	0	0.14
72261823091	2021	5	29	6	0	0.01
72261823091	2021	5	31	21	0	0.01
72261823091	2021	6	9	22	0	0.09
72261823091	2021	6	27	12	0	0.02
72261823091	2021	6	27	13	0	0.07
72261823091	2021	6	27	14	0	1.46
72261823091	2021	6	27	15	0	0.72
72261823091	2021	6	27	16	0	0.06
72261823091	2021	6	27	17	0	0.01
72261823091	2021	6	28	9	0	0.09
72261823091	2021	6	28	21	0	0.1
72261823091	2021	6	29	2	0	0.14
72261823091	2021	6	29	3	0	0.29
72261823091	2021	6	29	4	0	0.44
72261823091	2021	6	29	19	0	0.02
72261823091	2021	7	3	22	0	0.06
72261823091	2021	7	3	23	0	0.02
72261823091	2021	7	4	0	0	0.01
72261823091	2021	7	4	1	0	0.01
72261823091	2021	7	12	16	0	0.06
72261823091	2021	7	12	17	0	0.06
72261823091	2021	7	18	23	0	0.25
72261823091	2021	7	23	20	0	0.01
72261823091	2021	7	24	0	0	0.04
72261823091	2021	7	28	17	0	0.06
72261823091	2021	8	2	17	0	0.01
72261823091	2021	8	2	18	0	0.23
72261823091	2021	8	11	9	0	0.05
72261823091	2021	8	13	19	0	0.01
72261823091	2021	8	13	20	0	0.95
72261823091	2021	8	13	21	0	0.04
72261823091	2021	8	15	19	0	0.05
72261823091	2021	8	15	20	0	0.03
72261823091	2021	8	16	20	0	0.02
72261823091	2021	8	17	8	0	0.01
72261823091	2021	8	17	9	0	0.05
72261823091	2021	8	17	10	0	0.04
72261823091	2021	8	17	11	0	0.02
72261823091	2021	8	17	21	0	0.01
72261823091	2021	8	20	21	0	0.063
72261823091	2021	8	20	22	0	0.01
72261823091	2021	8	31	1	0	0.01
72261823091	2021	9	1	19	0	0.03
72261823091	2021	9	27	7	0	0.03
72261823091	2021	9	27	8	0	0.02
72261823091	2021	9	27	11	0	0.03
72261823091	2021	9	27	23	0	0.05
72261823091	2021	9	28	16	0	0.06
72261823091	2021	10	24	0	0	0.01
72261823091	2021	11	3	22	0	0.01
72261823091	2021	11	27	9	0	0.03
72261823091	2021	11	27	10	0	0.03
