72262023055	2005	1	4	6	0	0.01
72262023055	2005	1	4	7	0	0.01
72262023055	2005	1	4	12	0	0.01
72262023055	2005	1	4	14	0	0.01
72262023055	2005	1	5	0	0	0.01
72262023055	2005	1	26	22	0	0.03
72262023055	2005	1	26	23	0	0.02
72262023055	2005	1	27	10	0	0.16
72262023055	2005	1	27	11	0	0.02
72262023055	2005	1	27	18	0	0.01
72262023055	2005	1	27	21	0	0.007
72262023055	2005	1	27	22	0	0.01
72262023055	2005	1	28	1	0	0.01
72262023055	2005	2	1	13	0	0.01
72262023055	2005	2	5	19	0	0.01
72262023055	2005	2	5	20	0	0.03
72262023055	2005	2	5	21	0	0.043
72262023055	2005	2	5	22	0	0.07
72262023055	2005	2	5	23	0	0.08
72262023055	2005	2	6	0	0	0.06
72262023055	2005	2	6	1	0	0.12
72262023055	2005	2	6	2	0	0.04
72262023055	2005	2	6	3	0	0.03
72262023055	2005	2	6	6	0	0.04
72262023055	2005	2	6	7	0	0.04
72262023055	2005	2	6	8	0	0.01
72262023055	2005	2	6	9	0	0.01
72262023055	2005	2	11	6	0	0.01
72262023055	2005	2	11	7	0	0.02
72262023055	2005	2	11	9	0	0.01
72262023055	2005	2	12	11	0	0.01
72262023055	2005	2	12	15	0	0.01
72262023055	2005	2	12	18	0	0.01
72262023055	2005	2	18	9	0	0.01
72262023055	2005	2	18	13	0	0.02
72262023055	2005	2	18	14	0	0.02
72262023055	2005	2	18	15	0	0.06
72262023055	2005	2	23	5	0	0.02
72262023055	2005	2	24	6	0	0.01
72262023055	2005	2	24	10	0	0.01
72262023055	2005	2	24	14	0	0.01
72262023055	2005	2	25	4	0	0.01
72262023055	2005	2	25	8	0	0.01
72262023055	2005	3	6	8	0	0.01
72262023055	2005	3	6	21	0	0.09
72262023055	2005	3	6	22	0	0.01
72262023055	2005	3	15	10	0	0.03
72262023055	2005	3	15	11	0	0.039
72262023055	2005	3	15	12	0	0.08
72262023055	2005	3	15	14	0	0.09
72262023055	2005	3	15	17	0	0.007
72262023055	2005	3	15	19	0	0.02
72262023055	2005	4	18	10	0	0.02
72262023055	2005	4	18	11	0	0.01
72262023055	2005	4	24	18	0	0.02
72262023055	2005	5	6	7	0	0.18
72262023055	2005	5	16	4	0	0.01
72262023055	2005	5	27	15	0	0.01
72262023055	2005	5	27	16	0	0.01
72262023055	2005	5	27	21	0	0.023
72262023055	2005	5	27	22	0	0.02
72262023055	2005	5	27	23	0	0.03
72262023055	2005	5	28	4	0	0.3
72262023055	2005	5	28	9	0	0.2
72262023055	2005	5	28	11	0	0.01
72262023055	2005	5	28	12	0	0.02
72262023055	2005	5	28	13	0	0.06
72262023055	2005	5	28	14	0	0.07
72262023055	2005	5	28	15	0	0.04
72262023055	2005	5	28	16	0	0.03
72262023055	2005	5	28	19	0	0.03
72262023055	2005	5	28	20	0	0.26
72262023055	2005	5	28	21	0	0.04
72262023055	2005	5	28	22	0	0.02
72262023055	2005	6	18	18	0	0.01
72262023055	2005	7	1	22	0	0.19
72262023055	2005	7	7	1	0	0.19
72262023055	2005	7	7	2	0	0.01
72262023055	2005	7	25	22	0	0.02
72262023055	2005	7	25	23	0	0.39
72262023055	2005	7	26	0	0	0.029
72262023055	2005	7	27	1	0	0.01
72262023055	2005	7	27	2	0	0.02
72262023055	2005	7	27	9	0	0.05
72262023055	2005	7	27	11	0	0.01
72262023055	2005	7	28	12	0	0.01
72262023055	2005	8	5	16	0	0.27
72262023055	2005	8	5	17	0	0.12
72262023055	2005	8	6	4	0	0.01
72262023055	2005	8	7	18	0	0.04
72262023055	2005	8	11	19	0	0.04
72262023055	2005	8	11	20	0	0.01
72262023055	2005	8	13	21	0	0.01
72262023055	2005	8	14	1	0	0.03
72262023055	2005	8	14	3	0	0.33
72262023055	2005	8	14	4	0	0.12
72262023055	2005	8	14	8	0	0.12
72262023055	2005	8	14	9	0	0.04
72262023055	2005	8	14	10	0	0.14
72262023055	2005	8	14	11	0	0.01
72262023055	2005	8	14	20	0	0.137
72262023055	2005	8	14	21	0	0.05
72262023055	2005	8	16	21	0	0.02
72262023055	2005	8	18	0	0	0.17
72262023055	2005	8	20	2	0	0.008
72262023055	2005	8	20	3	0	0.46
72262023055	2005	8	20	4	0	0.04
72262023055	2005	8	20	5	0	0.01
72262023055	2005	8	22	0	0	0.01
72262023055	2005	8	23	21	0	1.53
72262023055	2005	8	23	22	0	0.02
72262023055	2005	8	23	23	0	0.04
72262023055	2005	8	24	0	0	0.013
72262023055	2005	8	24	1	0	0.004
72262023055	2005	8	24	4	0	0.02
72262023055	2005	8	24	5	0	0.008
72262023055	2005	8	28	9	0	0.006
72262023055	2005	8	28	10	0	0.46
72262023055	2005	8	28	11	0	0.01
72262023055	2005	9	5	23	0	0.02
72262023055	2005	9	6	0	0	0.03
72262023055	2005	9	6	19	0	1.5
72262023055	2005	9	17	23	0	0.02
72262023055	2005	9	18	0	0	0.11
72262023055	2005	10	5	22	0	0.1
72262023055	2005	10	5	23	0	0.03
72262023055	2005	10	6	0	0	0.01
72262023055	2005	10	6	10	0	0.01
72262023055	2005	10	6	11	0	0.01
72262023055	2005	10	6	12	0	0.03
72262023055	2005	10	6	13	0	0.05
72262023055	2005	10	6	14	0	0.04
72262023055	2005	10	6	15	0	0.04
72262023055	2005	10	6	16	0	0.03
72262023055	2005	10	9	13	0	0.12
72262023055	2005	10	9	14	0	0.11
72262023055	2005	10	9	15	0	0.01
72262023055	2005	10	9	18	0	0.05
72262023055	2005	10	9	19	0	0.07
72262023055	2005	10	9	20	0	0.05
72262023055	2005	10	9	23	0	0.01
72262023055	2005	10	13	16	0	0.01
72262023055	2005	10	13	21	0	0.01
72262023055	2005	10	13	23	0	0.01
72262023055	2005	10	15	13	0	0.16
72262023055	2005	10	15	14	0	0.02
72262023055	2005	10	15	21	0	0.01
72262023055	2005	10	15	22	0	0.05
72262023055	2005	10	15	23	0	0.09
72262023055	2005	10	16	0	0	0.02
72262023055	2005	12	13	17	0	0.019
72262023055	2005	12	13	18	0	0.12
72262023055	2005	12	13	19	0	0.09
72262023055	2005	12	16	14	0	0.02
72262023055	2006	1	25	12	0	0.01
72262023055	2006	2	23	16	0	0.01
72262023055	2006	2	23	17	0	0.02
72262023055	2006	2	23	18	0	0.03
72262023055	2006	2	23	19	0	0.03
72262023055	2006	2	23	20	0	0.04
72262023055	2006	2	23	21	0	0.01
72262023055	2006	2	23	22	0	0.01
72262023055	2006	2	25	1	0	0.04
72262023055	2006	2	25	2	0	0.03
72262023055	2006	2	25	3	0	0.01
72262023055	2006	3	4	4	0	0.01
72262023055	2006	3	4	5	0	0.12
72262023055	2006	3	19	10	0	0.01
72262023055	2006	3	19	11	0	0.03
72262023055	2006	3	19	12	0	0.17
72262023055	2006	3	19	13	0	0.18
72262023055	2006	3	19	14	0	0.16
72262023055	2006	3	19	15	0	0.13
72262023055	2006	3	19	16	0	0.05
72262023055	2006	3	19	17	0	0.03
72262023055	2006	3	19	18	0	0.01
72262023055	2006	3	19	22	0	0.25
72262023055	2006	4	11	10	0	0.01
72262023055	2006	4	28	3	0	0.03
72262023055	2006	4	28	4	0	0.05
72262023055	2006	6	1	15	0	0.01
72262023055	2006	6	9	21	0	0.01
72262023055	2006	6	9	22	0	0.01
72262023055	2006	6	17	18	0	0.01
72262023055	2006	6	23	3	0	0.01
72262023055	2006	6	23	6	0	0.04
72262023055	2006	6	23	7	0	0.06
72262023055	2006	6	26	8	0	0.259
72262023055	2006	6	26	9	0	0.1
72262023055	2006	6	26	10	0	0.07
72262023055	2006	6	26	11	0	0.081
72262023055	2006	6	26	12	0	0.051
72262023055	2006	6	26	13	0	0.008
72262023055	2006	6	26	15	0	0.005
72262023055	2006	6	26	16	0	0.031
72262023055	2006	6	26	17	0	0.056
72262023055	2006	6	28	17	0	0.02
72262023055	2006	6	29	21	0	0.12
72262023055	2006	7	4	19	0	0.01
72262023055	2006	7	4	20	0	0.21
72262023055	2006	7	5	13	0	0.04
72262023055	2006	7	5	14	0	0.08
72262023055	2006	7	5	15	0	0.08
72262023055	2006	7	5	16	0	0.05
72262023055	2006	7	6	22	0	0.01
72262023055	2006	7	6	23	0	0.03
72262023055	2006	7	11	0	0	0.02
72262023055	2006	7	12	20	0	0.02
72262023055	2006	7	12	21	0	0.03
72262023055	2006	7	15	21	0	0.03
72262023055	2006	7	15	22	0	0.17
72262023055	2006	7	16	0	0	0.05
72262023055	2006	7	28	1	0	0.01
72262023055	2006	7	28	3	0	0.01
72262023055	2006	7	28	4	0	0.02
72262023055	2006	7	28	5	0	0.02
72262023055	2006	7	28	6	0	0.06
72262023055	2006	7	28	7	0	0.27
72262023055	2006	7	30	8	0	0.24
72262023055	2006	7	30	9	0	0.01
72262023055	2006	7	30	10	0	0.02
72262023055	2006	7	30	12	0	0.02
72262023055	2006	7	30	13	0	0.03
72262023055	2006	7	30	23	0	0.07
72262023055	2006	7	31	15	0	0.05
72262023055	2006	7	31	22	0	0.02
72262023055	2006	8	1	16	0	0.02
72262023055	2006	8	1	17	0	0.01
72262023055	2006	8	1	18	0	0.01
72262023055	2006	8	1	19	0	0.03
72262023055	2006	8	1	20	0	0.01
72262023055	2006	8	2	4	0	0.04
72262023055	2006	8	2	5	0	0.01
72262023055	2006	8	2	7	0	0.01
72262023055	2006	8	2	20	0	0.01
72262023055	2006	8	2	21	0	0.01
72262023055	2006	8	4	12	0	0.16
72262023055	2006	8	4	13	0	0.1
72262023055	2006	8	4	21	0	0.01
72262023055	2006	8	4	22	0	0.67
72262023055	2006	8	4	23	0	0.03
72262023055	2006	8	5	18	0	0.37
72262023055	2006	8	5	19	0	0.2
72262023055	2006	8	8	1	0	0.17
72262023055	2006	8	14	3	0	0.25
72262023055	2006	8	14	7	0	0.01
72262023055	2006	8	14	14	0	0.01
72262023055	2006	8	14	15	0	0.09
72262023055	2006	8	14	16	0	0.01
72262023055	2006	8	15	22	0	0.05
72262023055	2006	8	15	23	0	0.03
72262023055	2006	8	16	0	0	0.24
72262023055	2006	8	16	1	0	0.3
72262023055	2006	8	16	9	0	0.02
72262023055	2006	8	16	10	0	0.01
72262023055	2006	8	16	23	0	0.081
72262023055	2006	8	17	0	0	0.03
72262023055	2006	8	17	1	0	0.05
72262023055	2006	8	18	7	0	0.05
72262023055	2006	8	18	8	0	0.07
72262023055	2006	8	18	9	0	0.09
72262023055	2006	8	18	10	0	0.21
72262023055	2006	8	18	11	0	0.03
72262023055	2006	8	20	1	0	0.13
72262023055	2006	8	20	2	0	0.55
72262023055	2006	8	20	7	0	0.003
72262023055	2006	8	20	20	0	0.003
72262023055	2006	8	20	23	0	0.001
72262023055	2006	8	21	0	0	0.353
72262023055	2006	8	21	1	0	0.057
72262023055	2006	8	21	2	0	0.02
72262023055	2006	8	24	0	0	0.02
72262023055	2006	8	29	22	0	0.01
72262023055	2006	9	1	0	0	0.067
72262023055	2006	9	2	3	0	0.02
72262023055	2006	9	2	4	0	0.02
72262023055	2006	9	2	16	0	0.01
72262023055	2006	9	2	17	0	0.018
72262023055	2006	9	2	18	0	0.04
72262023055	2006	9	2	19	0	0.02
72262023055	2006	9	2	20	0	0.01
72262023055	2006	9	2	21	0	0.03
72262023055	2006	9	2	22	0	0.02
72262023055	2006	9	2	23	0	0.01
72262023055	2006	9	3	1	0	0.01
72262023055	2006	9	3	4	0	0.06
72262023055	2006	9	3	5	0	0.02
72262023055	2006	9	3	6	0	0.13
72262023055	2006	9	3	7	0	0.04
72262023055	2006	9	3	8	0	0.02
72262023055	2006	9	3	10	0	0.02
72262023055	2006	9	3	11	0	0.05
72262023055	2006	9	3	12	0	0.01
72262023055	2006	9	3	13	0	0.01
72262023055	2006	9	3	14	0	0.02
72262023055	2006	9	3	15	0	0.01
72262023055	2006	9	3	16	0	0.03
72262023055	2006	9	3	17	0	0.02
72262023055	2006	9	3	18	0	0.02
72262023055	2006	9	3	19	0	0.01
72262023055	2006	9	3	20	0	0.02
72262023055	2006	9	3	22	0	0.04
72262023055	2006	9	3	23	0	0.02
72262023055	2006	9	4	1	0	0.04
72262023055	2006	9	4	2	0	0.03
72262023055	2006	9	4	3	0	0.04
72262023055	2006	9	4	6	0	0.04
72262023055	2006	9	4	7	0	0.04
72262023055	2006	9	4	9	0	0.01
72262023055	2006	9	4	10	0	0.15
72262023055	2006	9	4	11	0	0.01
72262023055	2006	9	4	12	0	0.04
72262023055	2006	9	4	13	0	0.06
72262023055	2006	9	4	14	0	0.1
72262023055	2006	9	4	16	0	0.02
72262023055	2006	9	4	17	0	0.04
72262023055	2006	9	4	18	0	0.07
72262023055	2006	9	4	19	0	0.04
72262023055	2006	9	4	20	0	0.01
72262023055	2006	9	4	21	0	0.01
72262023055	2006	9	4	22	0	0.01
72262023055	2006	9	5	8	0	0.01
72262023055	2006	9	5	9	0	0.01
72262023055	2006	9	9	8	0	0.17
72262023055	2006	9	14	6	0	0.26
72262023055	2006	9	14	7	0	0.2
72262023055	2006	9	14	8	0	0.05
72262023055	2006	9	14	9	0	0.05
72262023055	2006	9	14	10	0	0.02
72262023055	2006	9	14	11	0	0.25
72262023055	2006	9	14	21	0	0.05
72262023055	2006	9	14	22	0	0.01
72262023055	2006	9	23	13	0	0.05
72262023055	2006	9	23	14	0	0.01
72262023055	2006	9	24	5	0	0.02
72262023055	2006	9	24	6	0	0.02
72262023055	2006	10	8	3	0	0.01
72262023055	2006	10	8	4	0	0.07
72262023055	2006	10	8	9	0	0.03
72262023055	2006	10	8	10	0	0.03
72262023055	2006	10	9	11	0	0.01
72262023055	2006	10	10	0	0	0.16
72262023055	2006	10	10	4	0	0.01
72262023055	2006	10	14	19	0	0.04
72262023055	2006	10	14	21	0	0.04
72262023055	2006	10	14	22	0	0.31
72262023055	2006	10	15	0	0	0.14
72262023055	2006	10	15	3	0	0.03
72262023055	2006	10	15	19	0	0.08
72262023055	2006	10	15	20	0	0.03
72262023055	2006	10	16	0	0	0.12
72262023055	2006	10	16	1	0	0.23
72262023055	2006	10	19	4	0	0.01
72262023055	2006	10	19	5	0	0.01
72262023055	2006	10	24	18	0	0.01
72262023055	2006	10	24	19	0	0.05
72262023055	2006	10	24	20	0	0.09
72262023055	2006	10	24	21	0	0.02
72262023055	2006	11	28	0	0	0.04
72262023055	2006	11	28	2	0	0.01
72262023055	2006	11	30	7	0	0.01
72262023055	2006	11	30	8	0	0.03
72262023055	2006	11	30	9	0	0.02
72262023055	2006	12	19	23	0	0.001
72262023055	2006	12	20	0	0	0.01
72262023055	2006	12	20	1	0	0.01
72262023055	2006	12	23	23	0	0.01
72262023055	2006	12	28	18	0	0.04
72262023055	2006	12	28	19	0	0.01
72262023055	2006	12	30	0	0	0.01
72262023055	2006	12	30	7	0	0.01
72262023055	2006	12	30	11	0	0.01
72262023055	2006	12	30	13	0	0.03
72262023055	2006	12	30	14	0	0.01
72262023055	2006	12	30	15	0	0.03
72262023055	2006	12	30	16	0	0.02
72262023055	2006	12	30	17	0	0.03
72262023055	2006	12	30	18	0	0.03
72262023055	2006	12	30	19	0	0.01
72262023055	2006	12	30	21	0	0.01
72262023055	2006	12	30	22	0	0.04
72262023055	2006	12	30	23	0	0.01
72262023055	2007	1	3	9	0	0.02
72262023055	2007	1	17	8	0	0.01
72262023055	2007	1	19	7	0	0.02
72262023055	2007	1	19	8	0	0.02
72262023055	2007	1	19	9	0	0.008
72262023055	2007	1	19	11	0	0.01
72262023055	2007	1	19	22	0	0.03
72262023055	2007	1	19	23	0	0.02
72262023055	2007	1	20	4	0	0.01
72262023055	2007	1	20	6	0	0.034
72262023055	2007	1	20	7	0	0.049
72262023055	2007	1	20	23	0	0.011
72262023055	2007	1	21	0	0	0.011
72262023055	2007	1	21	1	0	0.04
72262023055	2007	1	21	2	0	0.021
72262023055	2007	1	21	3	0	0.011
72262023055	2007	1	21	5	0	0.011
72262023055	2007	1	21	6	0	0.018
72262023055	2007	1	21	15	0	0.006
72262023055	2007	1	21	17	0	0.011
72262023055	2007	1	21	18	0	0.04
72262023055	2007	1	21	19	0	0.056
72262023055	2007	1	21	20	0	0.056
72262023055	2007	1	21	21	0	0.036
72262023055	2007	1	21	22	0	0.03
72262023055	2007	1	23	6	0	0.01
72262023055	2007	1	23	9	0	0.02
72262023055	2007	1	23	10	0	0.01
72262023055	2007	1	26	12	0	0.02
72262023055	2007	1	26	17	0	0.01
72262023055	2007	1	26	18	0	0.06
72262023055	2007	1	26	22	0	0.02
72262023055	2007	1	28	19	0	0.005
72262023055	2007	1	28	20	0	0.005
72262023055	2007	1	28	23	0	0.007
72262023055	2007	1	31	12	0	0.043
72262023055	2007	1	31	13	0	0.03
72262023055	2007	1	31	14	0	0.004
72262023055	2007	2	1	10	0	0.04
72262023055	2007	2	1	11	0	0.02
72262023055	2007	2	1	13	0	0.01
72262023055	2007	2	13	20	0	0.01
72262023055	2007	2	13	23	0	0.01
72262023055	2007	2	14	20	0	0.024
72262023055	2007	2	14	21	0	0.02
72262023055	2007	2	15	19	0	0.04
72262023055	2007	2	15	20	0	0.009
72262023055	2007	3	12	12	0	0.01
72262023055	2007	3	12	13	0	0.03
72262023055	2007	3	12	14	0	0.03
72262023055	2007	3	12	15	0	0.02
72262023055	2007	3	12	16	0	0.02
72262023055	2007	3	12	17	0	0.01
72262023055	2007	3	12	19	0	0.01
72262023055	2007	3	12	20	0	0.02
72262023055	2007	3	12	21	0	0.02
72262023055	2007	3	12	22	0	0.01
72262023055	2007	3	13	11	0	0.01
72262023055	2007	3	23	2	0	0.02
72262023055	2007	3	23	7	0	0.01
72262023055	2007	3	25	22	0	0.01
72262023055	2007	3	25	23	0	0.01
72262023055	2007	3	26	0	0	0.02
72262023055	2007	4	7	14	0	0.01
72262023055	2007	4	7	16	0	0.051
72262023055	2007	4	7	17	0	0.03
72262023055	2007	4	7	18	0	0.018
72262023055	2007	4	7	20	0	0.029
72262023055	2007	4	7	21	0	0.029
72262023055	2007	4	7	22	0	0.025
72262023055	2007	4	8	17	0	0.007
72262023055	2007	4	13	15	0	0.03
72262023055	2007	4	29	11	0	0.05
72262023055	2007	4	29	12	0	0.65
72262023055	2007	4	29	15	0	0.01
72262023055	2007	4	29	17	0	0.24
72262023055	2007	4	29	18	0	0.08
72262023055	2007	4	29	20	0	0.02
72262023055	2007	4	29	21	0	0.11
72262023055	2007	4	29	22	0	0.13
72262023055	2007	5	2	20	0	0.007
72262023055	2007	5	2	21	0	0.01
72262023055	2007	5	2	22	0	0.01
72262023055	2007	5	8	9	0	0.01
72262023055	2007	5	8	12	0	0.02
72262023055	2007	5	8	17	0	0.03
72262023055	2007	5	9	7	0	0.01
72262023055	2007	5	9	11	0	0.01
72262023055	2007	5	9	13	0	0.01
72262023055	2007	5	9	23	0	0.03
72262023055	2007	5	16	10	0	0.01
72262023055	2007	5	16	11	0	0.04
72262023055	2007	5	16	15	0	0.01
72262023055	2007	5	16	17	0	0.01
72262023055	2007	5	17	12	0	0.07
72262023055	2007	5	17	13	0	0.024
72262023055	2007	5	17	14	0	0.012
72262023055	2007	5	17	16	0	0.004
72262023055	2007	5	17	17	0	0.004
72262023055	2007	5	18	3	0	0.01
72262023055	2007	5	27	22	0	0.09
72262023055	2007	5	27	23	0	0.01
72262023055	2007	6	3	13	0	0.01
72262023055	2007	6	4	0	0	0.05
72262023055	2007	6	5	2	0	0.04
72262023055	2007	6	10	2	0	0.06
72262023055	2007	6	12	4	0	0.03
72262023055	2007	6	23	4	0	1.23
72262023055	2007	6	23	6	0	0.004
72262023055	2007	6	28	9	0	0.29
72262023055	2007	6	28	10	0	0.01
72262023055	2007	6	28	11	0	0.03
72262023055	2007	7	6	13	0	0.01
72262023055	2007	7	6	14	0	0.01
72262023055	2007	7	6	16	0	0.02
72262023055	2007	7	6	17	0	0.1
72262023055	2007	7	12	4	0	0.43
72262023055	2007	7	12	5	0	0.33
72262023055	2007	7	12	6	0	0.02
72262023055	2007	7	12	7	0	0.07
72262023055	2007	7	12	8	0	0.05
72262023055	2007	7	12	9	0	0.01
72262023055	2007	7	14	6	0	0.03
72262023055	2007	7	14	7	0	0.14
72262023055	2007	7	14	8	0	0.05
72262023055	2007	7	14	19	0	0.44
72262023055	2007	7	14	20	0	1.11
72262023055	2007	7	14	21	0	0.05
72262023055	2007	7	22	0	0	0.16
72262023055	2007	7	22	1	0	0.09
72262023055	2007	7	22	2	0	0.05
72262023055	2007	7	22	6	0	0.01
72262023055	2007	7	28	23	0	0.02
72262023055	2007	7	29	0	0	0.02
72262023055	2007	7	29	21	0	0.01
72262023055	2007	7	31	22	0	0.04
72262023055	2007	8	1	21	0	0.01
72262023055	2007	8	2	15	0	0.03
72262023055	2007	8	2	16	0	0.27
72262023055	2007	8	2	17	0	0.02
72262023055	2007	8	3	4	0	0.01
72262023055	2007	8	3	9	0	0.02
72262023055	2007	8	3	10	0	0.06
72262023055	2007	8	3	11	0	0.04
72262023055	2007	8	3	12	0	0.01
72262023055	2007	8	3	13	0	0.05
72262023055	2007	8	3	14	0	0.03
72262023055	2007	8	3	16	0	0.03
72262023055	2007	8	3	18	0	0.01
72262023055	2007	8	3	19	0	0.01
72262023055	2007	8	4	1	0	0.07
72262023055	2007	8	6	20	0	0.09
72262023055	2007	8	6	21	0	0.42
72262023055	2007	8	6	22	0	0.43
72262023055	2007	8	6	23	0	0.274
72262023055	2007	8	7	0	0	0.031
72262023055	2007	8	7	1	0	0.122
72262023055	2007	8	7	2	0	0.025
72262023055	2007	8	7	6	0	0.001
72262023055	2007	8	21	9	0	0.07
72262023055	2007	8	21	10	0	0.05
72262023055	2007	8	25	1	0	0.01
72262023055	2007	8	25	2	0	0.01
72262023055	2007	8	31	21	0	0.05
72262023055	2007	9	6	4	0	0.01
72262023055	2007	9	10	5	0	0.01
72262023055	2007	9	10	11	0	0.01
72262023055	2007	9	10	13	0	0.02
72262023055	2007	9	11	6	0	0.16
72262023055	2007	9	11	7	0	0.12
72262023055	2007	9	11	13	0	0.01
72262023055	2007	9	20	20	0	0.001
72262023055	2007	9	20	21	0	0.07
72262023055	2007	9	20	22	0	0.03
72262023055	2007	9	21	4	0	0.06
72262023055	2007	9	21	5	0	0.07
72262023055	2007	9	21	8	0	0.01
72262023055	2007	9	21	10	0	0.02
72262023055	2007	9	23	9	0	0.03
72262023055	2007	9	23	10	0	0.12
72262023055	2007	9	23	11	0	0.01
72262023055	2007	9	24	3	0	0.02
72262023055	2007	9	24	4	0	0.14
72262023055	2007	9	24	6	0	0.05
72262023055	2007	9	24	7	0	0.04
72262023055	2007	9	24	8	0	0.02
72262023055	2007	9	26	23	0	0.02
72262023055	2007	9	27	0	0	0.05
72262023055	2007	9	29	23	0	0.05
72262023055	2007	9	30	0	0	0.12
72262023055	2007	9	30	1	0	0.02
72262023055	2007	9	30	2	0	0.11
72262023055	2007	9	30	3	0	0.14
72262023055	2007	11	22	16	0	0.01
72262023055	2007	11	22	18	0	0.01
72262023055	2007	11	22	22	0	0.02
72262023055	2007	11	24	19	0	0.01
72262023055	2007	11	25	5	0	0.01
72262023055	2007	11	25	7	0	0.02
72262023055	2007	11	25	8	0	0.04
72262023055	2007	11	25	9	0	0.01
72262023055	2007	11	25	10	0	0.05
72262023055	2007	11	25	11	0	0.04
72262023055	2007	11	25	12	0	0.02
72262023055	2007	11	25	14	0	0.01
72262023055	2007	11	30	15	0	0.01
72262023055	2007	12	10	13	0	0.01
72262023055	2007	12	10	14	0	0.06
72262023055	2007	12	10	15	0	0.03
72262023055	2007	12	10	16	0	0.01
72262023055	2007	12	10	17	0	0.07
72262023055	2007	12	10	18	0	0.06
72262023055	2007	12	11	1	0	0.13
72262023055	2007	12	11	2	0	0.04
72262023055	2007	12	11	3	0	0.13
72262023055	2007	12	11	4	0	0.1
72262023055	2007	12	11	5	0	0.08
72262023055	2007	12	11	6	0	0.02
72262023055	2008	1	28	18	0	0.02
72262023055	2008	2	16	12	0	0.01
72262023055	2008	3	23	18	0	0.018
72262023055	2008	5	5	1	0	0.02
72262023055	2008	5	6	3	0	0.02
72262023055	2008	5	20	15	0	0.04
72262023055	2008	5	28	23	0	0.01
72262023055	2008	5	29	0	0	0.062
72262023055	2008	5	29	1	0	0.002
72262023055	2008	5	29	6	0	0.005
72262023055	2008	5	29	7	0	0.009
72262023055	2008	5	29	8	0	0.006
72262023055	2008	6	8	0	0	0.3
72262023055	2008	6	8	1	0	0.44
72262023055	2008	6	13	18	0	0.01
72262023055	2008	6	29	0	0	0.04
72262023055	2008	6	29	1	0	0.02
72262023055	2008	6	30	0	0	0.08
72262023055	2008	6	30	7	0	0.05
72262023055	2008	6	30	8	0	0.06
72262023055	2008	6	30	9	0	0.05
72262023055	2008	6	30	11	0	0.05
72262023055	2008	6	30	12	0	0.09
72262023055	2008	6	30	13	0	0.02
72262023055	2008	6	30	15	0	0.01
72262023055	2008	7	2	23	0	0.52
72262023055	2008	7	3	0	0	0.197
72262023055	2008	7	4	21	0	0.037
72262023055	2008	7	6	21	0	0.007
72262023055	2008	7	7	21	0	0.037
72262023055	2008	7	8	17	0	0.069
72262023055	2008	7	8	18	0	0.069
72262023055	2008	7	9	5	0	0.081
72262023055	2008	7	9	6	0	0.164
72262023055	2008	7	9	7	0	0.04
72262023055	2008	7	9	9	0	0.123
72262023055	2008	7	9	10	0	0.577
72262023055	2008	7	9	23	0	0.05
72262023055	2008	7	10	0	0	0.01
72262023055	2008	7	10	1	0	0.01
72262023055	2008	7	10	3	0	0.17
72262023055	2008	7	10	4	0	0.02
72262023055	2008	7	10	5	0	0.07
72262023055	2008	7	10	6	0	0.06
72262023055	2008	7	10	7	0	0.06
72262023055	2008	7	10	11	0	0.01
72262023055	2008	7	10	23	0	0.004
72262023055	2008	7	13	5	0	0.01
72262023055	2008	7	13	6	0	0.01
72262023055	2008	7	13	7	0	0.02
72262023055	2008	7	13	12	0	0.03
72262023055	2008	7	13	13	0	0.01
72262023055	2008	7	13	14	0	0.02
72262023055	2008	7	15	3	0	0.36
72262023055	2008	7	15	4	0	0.08
72262023055	2008	7	15	6	0	0.02
72262023055	2008	7	15	7	0	0.09
72262023055	2008	7	15	8	0	0.1
72262023055	2008	7	16	21	0	0.07
72262023055	2008	7	16	22	0	0.15
72262023055	2008	7	18	0	0	0.02
72262023055	2008	7	22	22	0	0.02
72262023055	2008	7	23	0	0	0.03
72262023055	2008	7	25	18	0	0.02
72262023055	2008	7	25	19	0	0.34
72262023055	2008	7	25	20	0	0.1
72262023055	2008	7	25	21	0	0.04
72262023055	2008	7	26	3	0	0.31
72262023055	2008	7	26	17	0	0.086
72262023055	2008	7	27	2	0	0.26
72262023055	2008	7	27	3	0	0.01
72262023055	2008	7	27	20	0	0.06
72262023055	2008	7	29	12	0	0.073
72262023055	2008	8	4	11	0	0.04
72262023055	2008	8	4	20	0	0.5
72262023055	2008	8	7	0	0	0.02
72262023055	2008	8	13	3	0	0.18
72262023055	2008	8	15	0	0	0.09
72262023055	2008	8	15	1	0	0.03
72262023055	2008	8	16	12	0	0.35
72262023055	2008	8	16	13	0	0.07
72262023055	2008	8	18	12	0	0.17
72262023055	2008	8	27	14	0	0.01
72262023055	2008	8	27	16	0	0.02
72262023055	2008	8	28	23	0	0.03
72262023055	2008	8	29	14	0	0.01
72262023055	2008	8	29	15	0	0.01
72262023055	2008	8	29	20	0	0.02
72262023055	2008	8	29	22	0	0.01
72262023055	2008	8	30	3	0	0.01
72262023055	2008	8	30	4	0	0.07
72262023055	2008	8	30	8	0	0.01
72262023055	2008	8	30	10	0	0.01
72262023055	2008	8	30	11	0	0.01
72262023055	2008	8	30	12	0	0.01
72262023055	2008	8	30	13	0	0.01
72262023055	2008	8	30	14	0	0.01
72262023055	2008	8	30	15	0	0.03
72262023055	2008	8	30	16	0	0.04
72262023055	2008	8	31	0	0	0.01
72262023055	2008	9	7	17	0	0.01
72262023055	2008	9	7	18	0	0.01
72262023055	2008	9	7	19	0	0.01
72262023055	2008	9	8	6	0	0.02
72262023055	2008	9	8	7	0	0.54
72262023055	2008	9	8	8	0	0.18
72262023055	2008	9	8	9	0	0.06
72262023055	2008	9	11	16	0	0.04
72262023055	2008	9	11	17	0	0.09
72262023055	2008	9	11	18	0	0.08
72262023055	2008	9	11	19	0	0.03
72262023055	2008	9	14	12	0	0.11
72262023055	2008	9	14	20	0	0.01
72262023055	2008	10	5	15	0	0.02
72262023055	2008	10	5	16	0	0.14
72262023055	2008	10	5	17	0	0.01
72262023055	2008	10	5	20	0	0.16
72262023055	2008	10	5	21	0	0.01
72262023055	2008	10	8	7	0	0.004
72262023055	2008	10	8	11	0	0.015
72262023055	2008	10	8	12	0	0.004
72262023055	2008	10	11	12	0	0.02
72262023055	2008	10	12	6	0	0.16
72262023055	2008	10	12	8	0	0.07
72262023055	2008	10	12	12	0	0.02
72262023055	2008	10	12	13	0	0.01
72262023055	2008	10	12	19	0	0.01
72262023055	2008	10	21	1	0	0.05
72262023055	2008	12	8	20	0	0.04
72262023055	2008	12	18	9	0	0.01
72262023055	2009	1	24	8	0	0.01
72262023055	2009	2	9	0	0	0.02
72262023055	2009	3	10	5	0	0.01
72262023055	2009	3	10	6	0	0.02
72262023055	2009	3	10	7	0	0.01
72262023055	2009	3	13	7	0	0.04
72262023055	2009	5	15	20	0	0.004
72262023055	2009	5	16	21	0	0.043
72262023055	2009	5	17	0	0	0.005
72262023055	2009	5	21	21	0	0.04
72262023055	2009	5	21	23	0	0.01
72262023055	2009	5	22	0	0	0.01
72262023055	2009	5	22	9	0	0.14
72262023055	2009	5	22	10	0	0.1
72262023055	2009	5	22	11	0	0.08
72262023055	2009	5	22	12	0	0.07
72262023055	2009	5	22	13	0	0.03
72262023055	2009	5	22	16	0	0.04
72262023055	2009	5	22	17	0	0.01
72262023055	2009	5	28	22	0	0.12
72262023055	2009	5	28	23	0	0.01
72262023055	2009	6	18	6	0	0.03
72262023055	2009	6	18	7	0	0.07
72262023055	2009	6	18	8	0	0.05
72262023055	2009	6	19	0	0	0.02
72262023055	2009	6	19	1	0	0.01
72262023055	2009	6	20	5	0	0.01
72262023055	2009	6	20	6	0	0.03
72262023055	2009	6	20	7	0	0.05
72262023055	2009	6	22	20	0	0.02
72262023055	2009	6	22	22	0	0.31
72262023055	2009	6	23	17	0	0.02
72262023055	2009	6	23	18	0	0.89
72262023055	2009	6	23	23	0	0.01
72262023055	2009	6	24	0	0	0.02
72262023055	2009	6	24	1	0	0.01
72262023055	2009	6	29	23	0	0.03
72262023055	2009	6	30	0	0	0.01
72262023055	2009	6	30	9	0	0.02
72262023055	2009	6	30	10	0	0.05
72262023055	2009	6	30	12	0	0.02
72262023055	2009	7	4	0	0	0.03
72262023055	2009	7	4	2	0	0.01
72262023055	2009	7	5	14	0	0.1
72262023055	2009	7	5	15	0	0.06
72262023055	2009	7	5	16	0	0.29
72262023055	2009	7	6	5	0	0.03
72262023055	2009	7	7	0	0	0.12
72262023055	2009	7	7	1	0	0.03
72262023055	2009	7	15	23	0	0.011
72262023055	2009	7	16	0	0	0.03
72262023055	2009	7	16	1	0	0.116
72262023055	2009	7	16	2	0	0.126
72262023055	2009	7	16	3	0	0.008
72262023055	2009	7	16	4	0	0.011
72262023055	2009	7	18	12	0	0.02
72262023055	2009	7	19	8	0	0.004
72262023055	2009	7	21	6	0	0.016
72262023055	2009	7	22	10	0	0.09
72262023055	2009	7	22	11	0	0.16
72262023055	2009	7	22	12	0	0.21
72262023055	2009	7	22	13	0	0.04
72262023055	2009	7	29	0	0	0.003
72262023055	2009	7	29	1	0	0.015
72262023055	2009	7	29	2	0	0.331
72262023055	2009	7	29	3	0	0.081
72262023055	2009	7	29	4	0	0.085
72262023055	2009	7	30	0	0	0.011
72262023055	2009	7	31	5	0	0.008
72262023055	2009	7	31	6	0	0.81
72262023055	2009	7	31	7	0	0.017
72262023055	2009	7	31	8	0	0.005
72262023055	2009	8	1	20	0	0.117
72262023055	2009	8	1	21	0	0.006
72262023055	2009	8	1	22	0	0.004
72262023055	2009	8	1	23	0	0.006
72262023055	2009	8	2	1	0	0.009
72262023055	2009	8	2	2	0	0.001
72262023055	2009	8	7	0	0	0.01
72262023055	2009	8	7	2	0	0.01
72262023055	2009	8	7	3	0	0.03
72262023055	2009	8	7	4	0	0.01
72262023055	2009	8	7	6	0	0.01
72262023055	2009	8	14	4	0	0.04
72262023055	2009	8	14	5	0	0.02
72262023055	2009	8	14	12	0	0.02
72262023055	2009	8	19	0	0	0.01
72262023055	2009	8	27	1	0	0.01
72262023055	2009	9	8	1	0	0.41
72262023055	2009	9	8	2	0	0.1
72262023055	2009	9	9	7	0	0.04
72262023055	2009	9	10	1	0	0.01
72262023055	2009	9	10	2	0	0.12
72262023055	2009	9	10	3	0	0.01
72262023055	2009	9	10	4	0	0.02
72262023055	2009	9	11	2	0	0.001
72262023055	2009	9	11	3	0	0.03
72262023055	2009	9	11	4	0	0.01
72262023055	2009	9	17	12	0	0.05
72262023055	2009	9	18	11	0	0.01
72262023055	2009	9	20	0	0	0.06
72262023055	2009	10	3	21	0	0.01
72262023055	2009	10	4	1	0	0.02
72262023055	2009	10	4	2	0	0.03
72262023055	2009	10	4	11	0	0.01
72262023055	2009	10	8	1	0	0.1
72262023055	2009	10	11	12	0	0.01
72262023055	2009	10	21	3	0	0.32
72262023055	2009	10	21	4	0	0.12
72262023055	2009	10	21	5	0	0.14
72262023055	2009	10	26	10	0	0.01
72262023055	2009	10	29	9	0	0.01
72262023055	2009	10	29	10	0	0.03
72262023055	2009	10	29	11	0	0.03
72262023055	2009	10	29	12	0	0.01
72262023055	2009	11	30	6	0	0.01
72262023055	2009	11	30	7	0	0.019
72262023055	2009	12	1	5	0	0.02
72262023055	2009	12	1	8	0	0.01
72262023055	2009	12	1	11	0	0.01
72262023055	2009	12	1	18	0	0.01
72262023055	2009	12	1	22	0	0.01
72262023055	2009	12	4	7	0	0.02
72262023055	2009	12	8	18	0	0.003
72262023055	2009	12	23	17	0	0.01
72262023055	2009	12	23	18	0	0.03
72262023055	2009	12	23	19	0	0.04
72262023055	2009	12	23	20	0	0.07
72262023055	2009	12	23	21	0	0.03
72262023055	2009	12	29	12	0	0.01
72262023055	2009	12	29	13	0	0.02
72262023055	2009	12	29	14	0	0.01
72262023055	2009	12	31	18	0	0.008
72262023055	2010	1	22	19	0	0.01
72262023055	2010	1	22	20	0	0.017
72262023055	2010	1	22	21	0	0.17
72262023055	2010	1	22	22	0	0.08
72262023055	2010	1	22	23	0	0.06
72262023055	2010	1	23	0	0	0.06
72262023055	2010	1	23	1	0	0.07
72262023055	2010	1	23	2	0	0.02
72262023055	2010	1	23	3	0	0.01
72262023055	2010	1	23	4	0	0.02
72262023055	2010	1	23	11	0	0.01
72262023055	2010	1	23	12	0	0.01
72262023055	2010	1	28	6	0	0.06
72262023055	2010	1	28	7	0	0.05
72262023055	2010	1	28	8	0	0.1
72262023055	2010	1	28	9	0	0.09
72262023055	2010	1	28	10	0	0.09
72262023055	2010	1	28	11	0	0.05
72262023055	2010	1	28	13	0	0.01
72262023055	2010	1	28	14	0	0.07
72262023055	2010	1	28	15	0	0.02
72262023055	2010	1	28	16	0	0.05
72262023055	2010	1	28	17	0	0.05
72262023055	2010	1	29	4	0	0.01
72262023055	2010	1	29	6	0	0.01
72262023055	2010	1	29	7	0	0.01
72262023055	2010	1	29	8	0	0.01
72262023055	2010	1	29	9	0	0.02
72262023055	2010	1	29	10	0	0.02
72262023055	2010	1	29	11	0	0.02
72262023055	2010	1	29	12	0	0.01
72262023055	2010	2	3	8	0	0.01
72262023055	2010	2	3	9	0	0.01
72262023055	2010	2	3	16	0	0.01
72262023055	2010	2	3	20	0	0.01
72262023055	2010	2	4	0	0	0.02
72262023055	2010	2	4	4	0	0.01
72262023055	2010	2	4	5	0	0.01
72262023055	2010	2	4	12	0	0.04
72262023055	2010	2	4	13	0	0.01
72262023055	2010	2	4	15	0	0.01
72262023055	2010	2	11	3	0	0.01
72262023055	2010	2	11	4	0	0.01
72262023055	2010	2	11	5	0	0.01
72262023055	2010	2	11	7	0	0.02
72262023055	2010	2	11	8	0	0.07
72262023055	2010	2	11	9	0	0.01
72262023055	2010	2	11	12	0	0.02
72262023055	2010	2	11	13	0	0.01
72262023055	2010	2	11	15	0	0.01
72262023055	2010	2	11	16	0	0.01
72262023055	2010	2	11	18	0	0.01
72262023055	2010	2	23	3	0	0.01
72262023055	2010	2	23	4	0	0.01
72262023055	2010	2	23	5	0	0.01
72262023055	2010	2	23	6	0	0.01
72262023055	2010	2	28	20	0	0.01
72262023055	2010	3	1	0	0	0.06
72262023055	2010	3	1	2	0	0.11
72262023055	2010	3	1	3	0	0.03
72262023055	2010	3	1	6	0	0.03
72262023055	2010	3	1	7	0	0.01
72262023055	2010	3	8	4	0	0.03
72262023055	2010	3	8	10	0	0.01
72262023055	2010	3	8	11	0	0.03
72262023055	2010	3	15	12	0	0.038
72262023055	2010	3	15	13	0	0.057
72262023055	2010	3	23	22	0	0.02
72262023055	2010	3	23	23	0	0.03
72262023055	2010	4	13	1	0	0.2
72262023055	2010	4	13	2	0	0.11
72262023055	2010	4	13	3	0	0.01
72262023055	2010	4	14	6	0	0.01
72262023055	2010	4	14	8	0	0.08
72262023055	2010	4	14	9	0	0.1
72262023055	2010	4	15	0	0	0.01
72262023055	2010	4	15	1	0	0.06
72262023055	2010	4	15	2	0	0.4
72262023055	2010	4	17	18	0	0.01
72262023055	2010	6	1	0	0	0.01
72262023055	2010	6	7	5	0	0.01
72262023055	2010	6	7	6	0	0.01
72262023055	2010	6	8	5	0	0.04
72262023055	2010	6	9	21	0	0.01
72262023055	2010	6	9	22	0	0.04
72262023055	2010	6	12	18	0	0.01
72262023055	2010	6	30	15	0	0.03
72262023055	2010	6	30	16	0	0.36
72262023055	2010	7	1	19	0	0.08
72262023055	2010	7	1	20	0	0.21
72262023055	2010	7	1	21	0	0.02
72262023055	2010	7	1	23	0	0.01
72262023055	2010	7	2	4	0	0.01
72262023055	2010	7	2	6	0	0.01
72262023055	2010	7	2	8	0	0.01
72262023055	2010	7	2	10	0	0.01
72262023055	2010	7	2	12	0	0.01
72262023055	2010	7	2	17	0	0.01
72262023055	2010	7	2	20	0	0.033
72262023055	2010	7	2	23	0	0.01
72262023055	2010	7	3	0	0	0.02
72262023055	2010	7	3	1	0	0.02
72262023055	2010	7	3	4	0	0.01
72262023055	2010	7	3	8	0	0.01
72262023055	2010	7	4	5	0	0.027
72262023055	2010	7	8	7	0	0.01
72262023055	2010	7	9	13	0	0.04
72262023055	2010	7	9	14	0	0.18
72262023055	2010	7	9	15	0	0.03
72262023055	2010	7	9	16	0	0.11
72262023055	2010	7	10	13	0	0.01
72262023055	2010	7	10	15	0	0.01
72262023055	2010	7	10	16	0	0.01
72262023055	2010	7	12	1	0	0.21
72262023055	2010	7	12	4	0	0.01
72262023055	2010	7	12	7	0	0.01
72262023055	2010	7	22	0	0	0.01
72262023055	2010	7	22	21	0	0.03
72262023055	2010	7	22	23	0	0.08
72262023055	2010	7	23	0	0	0.07
72262023055	2010	7	24	9	0	0.2
72262023055	2010	7	24	10	0	0.46
72262023055	2010	7	24	11	0	0.27
72262023055	2010	7	24	12	0	0.15
72262023055	2010	7	24	13	0	0.28
72262023055	2010	7	24	14	0	0.05
72262023055	2010	7	24	15	0	0.29
72262023055	2010	7	24	16	0	0.12
72262023055	2010	7	24	17	0	0.03
72262023055	2010	7	24	23	0	0.09
72262023055	2010	7	25	3	0	0.03
72262023055	2010	7	25	11	0	0.01
72262023055	2010	7	25	12	0	0.11
72262023055	2010	7	25	13	0	0.04
72262023055	2010	7	25	14	0	0.03
72262023055	2010	7	25	17	0	0.03
72262023055	2010	7	25	18	0	0.18
72262023055	2010	7	30	0	0	0.03
72262023055	2010	7	30	1	0	0.03
72262023055	2010	8	9	4	0	0.01
72262023055	2010	8	9	5	0	0.07
72262023055	2010	8	19	22	0	0.04
72262023055	2010	8	23	22	0	0.03
72262023055	2010	8	24	18	0	0.03
72262023055	2010	8	29	3	0	0.01
72262023055	2010	8	30	3	0	0.01
72262023055	2010	8	30	4	0	0.01
72262023055	2010	8	30	5	0	0.01
72262023055	2010	8	30	6	0	0.38
72262023055	2010	8	30	7	0	0.15
72262023055	2010	8	30	8	0	0.16
72262023055	2010	8	30	9	0	0.01
72262023055	2010	8	30	10	0	0.01
72262023055	2010	8	30	11	0	0.02
72262023055	2010	9	3	8	0	0.05
72262023055	2010	9	3	10	0	0.01
72262023055	2010	9	3	11	0	0.06
72262023055	2010	9	3	12	0	0.06
72262023055	2010	9	3	13	0	0.05
72262023055	2010	9	3	14	0	0.02
72262023055	2010	9	3	15	0	0.02
72262023055	2010	9	14	4	0	0.19
72262023055	2010	9	14	5	0	0.02
72262023055	2010	9	14	6	0	0.03
72262023055	2010	9	14	7	0	0.09
72262023055	2010	9	14	8	0	0.01
72262023055	2010	9	16	18	0	0.21
72262023055	2010	9	17	1	0	0.03
72262023055	2010	9	21	23	0	0.26
72262023055	2010	9	23	1	0	0.62
72262023055	2010	9	23	2	0	0.13
72262023055	2010	9	23	7	0	0.06
72262023055	2010	9	23	10	0	0.01
72262023055	2010	9	23	11	0	0.1
72262023055	2010	9	24	7	0	0.004
72262023055	2010	10	21	6	0	0.01
72262023055	2010	12	31	3	0	0.03
72262023055	2011	1	1	2	0	0.01
72262023055	2011	1	1	3	0	0.02
72262023055	2011	1	1	4	0	0.02
72262023055	2011	2	1	11	0	0.01
72262023055	2011	2	1	12	0	0.004
72262023055	2011	2	2	14	0	0.01
72262023055	2011	6	2	4	0	0.06
72262023055	2011	6	2	7	0	0.005
72262023055	2011	6	2	8	0	0.002
72262023055	2011	6	2	10	0	0.001
72262023055	2011	6	3	0	0	0.29
72262023055	2011	6	3	1	0	0.02
72262023055	2011	6	5	2	0	0.008
72262023055	2011	6	5	3	0	0.08
72262023055	2011	6	5	4	0	0.07
72262023055	2011	6	7	0	0	0.01
72262023055	2011	6	7	1	0	0.01
72262023055	2011	6	17	19	0	0.01
72262023055	2011	7	11	20	0	0.25
72262023055	2011	7	12	4	0	0.03
72262023055	2011	7	14	1	0	0.02
72262023055	2011	7	24	18	0	0.12
72262023055	2011	7	24	19	0	0.07
72262023055	2011	7	26	5	0	0.042
72262023055	2011	7	26	6	0	0.05
72262023055	2011	8	7	23	0	0.003
72262023055	2011	8	8	21	0	0.03
72262023055	2011	8	11	18	0	0.01
72262023055	2011	8	11	22	0	0.01
72262023055	2011	8	13	0	0	0.03
72262023055	2011	8	13	1	0	0.08
72262023055	2011	8	17	17	0	0.01
72262023055	2011	8	20	1	0	0.11
72262023055	2011	9	4	19	0	0.03
72262023055	2011	9	14	22	0	0.07
72262023055	2011	9	15	5	0	0.06
72262023055	2011	9	15	6	0	0.01
72262023055	2011	9	15	7	0	0.05
72262023055	2011	9	15	8	0	0.01
72262023055	2011	9	15	9	0	0.011
72262023055	2011	9	15	14	0	0.01
72262023055	2011	9	15	15	0	0.01
72262023055	2011	9	15	16	0	0.029
72262023055	2011	9	16	4	0	0.02
72262023055	2011	9	16	5	0	0.182
72262023055	2011	9	16	6	0	0.994
72262023055	2011	9	16	7	0	0.347
72262023055	2011	9	16	11	0	0.22
72262023055	2011	9	16	12	0	0.16
72262023055	2011	9	16	13	0	0.15
72262023055	2011	9	16	14	0	0.03
72262023055	2011	9	16	15	0	0.03
72262023055	2011	9	21	13	0	0.01
72262023055	2011	10	4	16	0	0.01
72262023055	2011	10	5	0	0	0.09
72262023055	2011	10	27	8	0	0.02
72262023055	2011	10	27	9	0	0.06
72262023055	2011	11	14	13	0	0.01
72262023055	2011	11	21	21	0	0.02
72262023055	2011	11	25	19	0	0.01
72262023055	2011	12	3	6	0	0.01
72262023055	2011	12	3	7	0	0.05
72262023055	2011	12	3	8	0	0.12
72262023055	2011	12	3	9	0	0.02
72262023055	2011	12	5	0	0	0.02
72262023055	2011	12	5	1	0	0.15
72262023055	2011	12	5	4	0	0.01
72262023055	2011	12	13	13	0	0.008
72262023055	2011	12	19	6	0	0.04
72262023055	2011	12	19	7	0	0.01
72262023055	2011	12	19	8	0	0.03
72262023055	2011	12	19	9	0	0.01
72262023055	2011	12	19	14	0	0.04
72262023055	2011	12	19	18	0	0.01
72262023055	2011	12	19	21	0	0.04
72262023055	2011	12	19	23	0	0.03
72262023055	2011	12	20	0	0	0.09
72262023055	2011	12	20	1	0	0.02
72262023055	2011	12	20	9	0	0.01
72262023055	2011	12	20	10	0	0.01
72262023055	2011	12	24	7	0	0.01
72262023055	2011	12	24	11	0	0.01
72262023055	2011	12	24	14	0	0.01
72262023055	2011	12	24	16	0	0.01
72262023055	2011	12	25	1	0	0.02
72262023055	2011	12	25	4	0	0.01
72262023055	2012	1	9	1	0	0.02
72262023055	2012	1	9	3	0	0.01
72262023055	2012	1	9	4	0	0.01
72262023055	2012	1	9	5	0	0.01
72262023055	2012	1	9	6	0	0.01
72262023055	2012	1	9	7	0	0.01
72262023055	2012	1	9	17	0	0.01
72262023055	2012	1	9	18	0	0.01
72262023055	2012	1	9	19	0	0.01
72262023055	2012	1	9	20	0	0.01
72262023055	2012	1	9	23	0	0.01
72262023055	2012	2	12	18	0	0.01
72262023055	2012	2	12	19	0	0.01
72262023055	2012	2	17	2	0	0.02
72262023055	2012	2	17	4	0	0.02
72262023055	2012	2	17	5	0	0.03
72262023055	2012	3	19	9	0	0.05
72262023055	2012	3	19	10	0	0.09
72262023055	2012	3	19	11	0	0.06
72262023055	2012	3	19	12	0	0.02
72262023055	2012	3	19	13	0	0.02
72262023055	2012	3	19	18	0	0.06
72262023055	2012	3	19	19	0	0.03
72262023055	2012	3	19	20	0	0.01
72262023055	2012	3	20	4	0	0.01
72262023055	2012	4	10	1	0	0.07
72262023055	2012	4	10	2	0	0.02
72262023055	2012	4	11	9	0	0.01
72262023055	2012	4	12	0	0	0.01
72262023055	2012	5	7	21	0	0.1
72262023055	2012	5	8	1	0	0.01
72262023055	2012	5	8	10	0	0.01
72262023055	2012	5	8	13	0	0.01
72262023055	2012	5	8	14	0	0.03
72262023055	2012	5	8	15	0	0.01
72262023055	2012	5	8	17	0	0.01
72262023055	2012	5	9	22	0	0.01
72262023055	2012	5	9	23	0	0.02
72262023055	2012	5	10	0	0	0.03
72262023055	2012	5	10	6	0	0.08
72262023055	2012	5	10	7	0	0.02
72262023055	2012	5	10	9	0	0.08
72262023055	2012	5	10	10	0	0.01
72262023055	2012	5	10	21	0	0.06
72262023055	2012	5	10	22	0	0.07
72262023055	2012	5	10	23	0	0.04
72262023055	2012	5	11	0	0	0.12
72262023055	2012	5	12	3	0	0.03
72262023055	2012	5	12	4	0	0.17
72262023055	2012	5	14	3	0	0.26
72262023055	2012	5	14	17	0	0.15
72262023055	2012	5	14	18	0	0.07
72262023055	2012	5	14	19	0	0.06
72262023055	2012	6	15	23	0	0.08
72262023055	2012	6	16	0	0	0.01
72262023055	2012	6	16	22	0	0.01
72262023055	2012	6	17	7	0	0.37
72262023055	2012	6	17	9	0	0.33
72262023055	2012	6	17	10	0	0.03
72262023055	2012	6	29	10	0	0.01
72262023055	2012	6	30	1	0	0.01
72262023055	2012	7	5	3	0	0.01
72262023055	2012	7	5	4	0	0.02
72262023055	2012	7	6	3	0	0.2
72262023055	2012	7	6	4	0	0.02
72262023055	2012	7	6	18	0	0.79
72262023055	2012	7	6	19	0	0.26
72262023055	2012	7	6	20	0	0.02
72262023055	2012	7	6	21	0	0.07
72262023055	2012	7	6	22	0	0.02
72262023055	2012	7	10	4	0	0.07
72262023055	2012	7	10	5	0	0.06
72262023055	2012	7	10	8	0	0.03
72262023055	2012	7	10	9	0	0.08
72262023055	2012	7	10	10	0	0.03
72262023055	2012	7	10	11	0	0.04
72262023055	2012	7	10	21	0	0.03
72262023055	2012	7	11	5	0	0.03
72262023055	2012	7	11	6	0	0.03
72262023055	2012	7	11	7	0	0.014
72262023055	2012	7	11	10	0	0.005
72262023055	2012	7	11	12	0	0.01
72262023055	2012	7	11	13	0	0.111
72262023055	2012	7	26	12	0	0.02
72262023055	2012	7	26	13	0	0.01
72262023055	2012	7	26	19	0	0.02
72262023055	2012	8	2	23	0	0.19
72262023055	2012	8	4	1	0	0.01
72262023055	2012	8	8	11	0	0.044
72262023055	2012	8	14	22	0	0.11
72262023055	2012	8	14	23	0	0.14
72262023055	2012	8	17	6	0	0.09
72262023055	2012	8	17	8	0	0.02
72262023055	2012	8	17	10	0	0.01
72262023055	2012	8	19	10	0	0.018
72262023055	2012	8	23	22	0	0.01
72262023055	2012	8	23	23	0	0.05
72262023055	2012	8	24	1	0	0.06
72262023055	2012	8	24	2	0	0.05
72262023055	2012	8	24	3	0	0.21
72262023055	2012	8	24	4	0	0.07
72262023055	2012	8	24	5	0	0.01
72262023055	2012	8	27	0	0	0.05
72262023055	2012	9	6	5	0	0.01
72262023055	2012	9	8	7	0	0.01
72262023055	2012	9	8	8	0	0.01
72262023055	2012	9	12	1	0	0.04
72262023055	2012	9	13	13	0	0.01
72262023055	2012	9	27	10	0	0.02
72262023055	2012	9	28	16	0	0.01
72262023055	2012	9	28	17	0	0.012
72262023055	2012	9	28	18	0	0.18
72262023055	2012	9	28	19	0	0.02
72262023055	2012	9	28	20	0	0.02
72262023055	2012	9	28	21	0	0.01
72262023055	2012	9	28	22	0	0.02
72262023055	2012	9	28	23	0	0.03
72262023055	2012	9	29	0	0	0.13
72262023055	2012	9	29	1	0	0.09
72262023055	2012	9	29	2	0	0.02
72262023055	2012	10	12	22	0	0.08
72262023055	2012	10	12	23	0	0.02
72262023055	2012	10	13	0	0	0.01
72262023055	2012	11	18	15	0	0.01
72262023055	2012	11	18	16	0	0.02
72262023055	2012	11	18	17	0	0.07
72262023055	2012	11	18	18	0	0.13
72262023055	2012	11	21	21	0	0.02
72262023055	2012	12	31	0	0	0.01
72262023055	2012	12	31	1	0	0.02
72262023055	2012	12	31	2	0	0.02
72262023055	2012	12	31	3	0	0.02
72262023055	2012	12	31	4	0	0.1
72262023055	2012	12	31	6	0	0.04
72262023055	2013	1	3	16	0	0.01
72262023055	2013	1	4	19	0	0.01
72262023055	2013	1	4	20	0	0.01
72262023055	2013	1	4	21	0	0.003
72262023055	2013	1	6	7	0	0.009
72262023055	2013	1	9	15	0	0.01
72262023055	2013	1	9	16	0	0.01
72262023055	2013	1	9	17	0	0.02
72262023055	2013	1	9	20	0	0.02
72262023055	2013	1	9	21	0	0.01
72262023055	2013	1	10	3	0	0.01
72262023055	2013	1	10	4	0	0.01
72262023055	2013	1	29	14	0	0.02
72262023055	2013	2	19	20	0	0.01
72262023055	2013	2	19	21	0	0.03
72262023055	2013	2	19	22	0	0.08
72262023055	2013	2	19	23	0	0.15
72262023055	2013	2	20	0	0	0.16
72262023055	2013	2	20	1	0	0.17
72262023055	2013	2	20	2	0	0.15
72262023055	2013	2	20	3	0	0.09
72262023055	2013	2	20	4	0	0.04
72262023055	2013	3	8	6	0	0.02
72262023055	2013	3	8	8	0	0.01
72262023055	2013	4	10	6	0	0.01
72262023055	2013	5	23	22	0	0.02
72262023055	2013	5	25	23	0	0.04
72262023055	2013	6	3	1	0	0.5
72262023055	2013	6	3	2	0	0.2
72262023055	2013	6	8	2	0	0.17
72262023055	2013	6	8	3	0	0.17
72262023055	2013	6	14	23	0	0.03
72262023055	2013	6	15	3	0	0.01
72262023055	2013	6	19	14	0	0.07
72262023055	2013	6	19	15	0	0.035
72262023055	2013	6	20	21	0	0.01
72262023055	2013	7	7	12	0	0.049
72262023055	2013	7	11	19	0	0.06
72262023055	2013	7	11	20	0	0.044
72262023055	2013	7	11	21	0	0.002
72262023055	2013	7	15	11	0	0.02
72262023055	2013	7	17	10	0	0.001
72262023055	2013	7	17	11	0	0.001
72262023055	2013	7	17	12	0	0.01
72262023055	2013	7	17	13	0	0.07
72262023055	2013	7	17	14	0	0.01
72262023055	2013	7	17	15	0	0.18
72262023055	2013	7	17	16	0	0.006
72262023055	2013	7	17	17	0	0.29
72262023055	2013	7	17	18	0	0.08
72262023055	2013	7	17	19	0	0.06
72262023055	2013	7	17	20	0	0.05
72262023055	2013	7	17	21	0	0.14
72262023055	2013	7	17	22	0	0.01
72262023055	2013	7	17	23	0	0.01
72262023055	2013	7	18	4	0	0.21
72262023055	2013	7	18	5	0	0.09
72262023055	2013	7	18	6	0	0.11
72262023055	2013	7	18	7	0	0.16
72262023055	2013	7	18	8	0	0.11
72262023055	2013	7	18	9	0	0.08
72262023055	2013	7	18	10	0	0.077
72262023055	2013	7	18	11	0	0.01
72262023055	2013	7	18	12	0	0.01
72262023055	2013	7	18	13	0	0.01
72262023055	2013	7	18	14	0	0.07
72262023055	2013	7	18	15	0	0.03
72262023055	2013	7	18	16	0	0.02
72262023055	2013	7	18	17	0	0.078
72262023055	2013	7	18	23	0	0.261
72262023055	2013	7	19	5	0	0.035
72262023055	2013	7	19	23	0	0.016
72262023055	2013	7	23	0	0	0.019
72262023055	2013	7	24	23	0	0.42
72262023055	2013	7	25	2	0	0.039
72262023055	2013	7	25	3	0	0.011
72262023055	2013	7	26	13	0	0.024
72262023055	2013	7	26	17	0	0.001
72262023055	2013	7	26	18	0	0.003
72262023055	2013	7	26	19	0	0.003
72262023055	2013	7	27	11	0	0.007
72262023055	2013	7	27	12	0	0.003
72262023055	2013	7	27	18	0	0.004
72262023055	2013	7	27	19	0	0.037
72262023055	2013	7	29	0	0	0.204
72262023055	2013	7	29	1	0	0.261
72262023055	2013	7	29	2	0	0.059
72262023055	2013	7	29	4	0	0.022
72262023055	2013	7	29	5	0	0.044
72262023055	2013	7	29	6	0	0.041
72262023055	2013	7	29	7	0	0.006
72262023055	2013	7	29	8	0	0.004
72262023055	2013	7	29	9	0	0.001
72262023055	2013	8	12	21	0	0.05
72262023055	2013	8	15	22	0	0.08
72262023055	2013	8	15	23	0	0.03
72262023055	2013	8	16	0	0	0.08
72262023055	2013	8	16	5	0	0.03
72262023055	2013	8	17	20	0	0.01
72262023055	2013	8	19	21	0	0.01
72262023055	2013	8	29	0	0	0.03
72262023055	2013	8	29	3	0	0.05
72262023055	2013	8	29	4	0	0.01
72262023055	2013	9	9	22	0	0.02
72262023055	2013	9	9	23	0	0.01
72262023055	2013	9	11	0	0	0.02
72262023055	2013	9	11	1	0	0.03
72262023055	2013	9	11	11	0	0.01
72262023055	2013	9	11	16	0	0.18
72262023055	2013	9	11	17	0	0.02
72262023055	2013	9	11	22	0	0.34
72262023055	2013	9	11	23	0	0.01
72262023055	2013	9	12	0	0	0.04
72262023055	2013	9	12	1	0	0.1
72262023055	2013	9	12	2	0	0.08
72262023055	2013	9	12	3	0	0.74
72262023055	2013	9	12	4	0	0.69
72262023055	2013	9	12	5	0	0.6
72262023055	2013	9	12	6	0	0.02
72262023055	2013	9	12	7	0	0.12
72262023055	2013	9	12	8	0	0.2
72262023055	2013	9	12	9	0	0.28
72262023055	2013	9	12	10	0	1.15
72262023055	2013	9	12	11	0	0.34
72262023055	2013	9	12	12	0	0.38
72262023055	2013	9	12	13	0	0.5
72262023055	2013	9	12	14	0	0.72
72262023055	2013	9	12	15	0	0.11
72262023055	2013	9	12	16	0	0.01
72262023055	2013	9	12	18	0	0.02
72262023055	2013	9	12	21	0	0.06
72262023055	2013	9	12	22	0	0.06
72262023055	2013	9	15	15	0	0.07
72262023055	2013	9	15	18	0	0.85
72262023055	2013	9	15	19	0	0.45
72262023055	2013	9	15	20	0	0.1
72262023055	2013	9	20	10	0	0.15
72262023055	2013	10	13	12	0	0.02
72262023055	2013	10	25	9	0	0.01
72262023055	2013	10	25	12	0	0.06
72262023055	2013	10	30	21	0	0.06
72262023055	2013	11	16	4	0	0.01
72262023055	2013	11	16	12	0	0.02
72262023055	2013	11	23	22	0	0.001
72262023055	2013	11	24	13	0	0.024
72262023055	2013	11	24	15	0	0.008
72262023055	2013	11	24	16	0	0.008
72262023055	2013	12	5	13	0	0.014
72262023055	2013	12	5	14	0	0.012
72262023055	2013	12	5	15	0	0.006
72262023055	2013	12	5	16	0	0.001
72262023055	2013	12	5	17	0	0.011
72262023055	2013	12	5	18	0	0.003
72262023055	2013	12	5	19	0	0.001
72262023055	2013	12	5	20	0	0.001
72262023055	2013	12	6	0	0	0.006
72262023055	2013	12	6	1	0	0.005
72262023055	2013	12	6	4	0	0.001
72262023055	2013	12	6	5	0	0.001
72262023055	2013	12	12	18	0	0.03
72262023055	2013	12	12	19	0	0.02
72262023055	2013	12	13	1	0	0.021
72262023055	2013	12	13	2	0	0.02
72262023055	2013	12	13	3	0	0.061
72262023055	2013	12	13	4	0	0.01
72262023055	2013	12	13	5	0	0.024
72262023055	2013	12	13	6	0	0.014
72262023055	2013	12	13	11	0	0.01
72262023055	2013	12	13	13	0	0.006
72262023055	2013	12	13	14	0	0.054
72262023055	2013	12	20	16	0	0.053
72262023055	2013	12	20	17	0	0.097
72262023055	2013	12	20	18	0	0.058
72262023055	2013	12	20	19	0	0.037
72262023055	2013	12	20	20	0	0.011
72262023055	2013	12	20	21	0	0.144
72262023055	2013	12	21	3	0	0.049
72262023055	2013	12	21	4	0	0.087
72262023055	2013	12	21	5	0	0.008
72262023055	2013	12	21	6	0	0.021
72262023055	2013	12	21	7	0	0.008
72262023055	2013	12	21	8	0	0.162
72262023055	2013	12	21	15	0	0.008
72262023055	2013	12	21	16	0	0.001
72262023055	2014	2	2	6	0	0.07
72262023055	2014	2	2	7	0	0.02
72262023055	2014	2	2	8	0	0.02
72262023055	2014	2	2	16	0	0.01
72262023055	2014	2	11	8	0	0.01
72262023055	2014	3	2	13	0	0.01
72262023055	2014	3	2	15	0	0.03
72262023055	2014	3	2	16	0	0.02
72262023055	2014	3	16	3	0	0.08
72262023055	2014	3	16	4	0	0.03
72262023055	2014	3	26	2	0	0.012
72262023055	2014	3	26	3	0	0.007
72262023055	2014	3	26	5	0	0.002
72262023055	2014	3	26	7	0	0.002
72262023055	2014	4	19	5	0	0.05
72262023055	2014	4	19	6	0	0.03
72262023055	2014	4	19	7	0	0.002
72262023055	2014	4	19	8	0	0.033
72262023055	2014	4	19	14	0	0.003
72262023055	2014	4	19	15	0	0.013
72262023055	2014	4	19	16	0	0.001
72262023055	2014	4	19	17	0	0.014
72262023055	2014	4	19	18	0	0.026
72262023055	2014	4	19	19	0	0.001
72262023055	2014	4	19	22	0	0.03
72262023055	2014	4	19	23	0	0.03
72262023055	2014	5	25	1	0	0.04
72262023055	2014	5	25	2	0	0.015
72262023055	2014	6	24	2	0	0.006
72262023055	2014	7	1	12	0	0.12
72262023055	2014	7	1	13	0	0.02
72262023055	2014	7	14	20	0	0.13
72262023055	2014	7	15	22	0	0.01
72262023055	2014	7	16	4	0	0.06
72262023055	2014	7	16	6	0	0.6
72262023055	2014	7	16	7	0	0.17
72262023055	2014	7	16	8	0	0.11
72262023055	2014	7	16	9	0	0.08
72262023055	2014	7	16	10	0	0.07
72262023055	2014	7	17	7	0	0.01
72262023055	2014	7	18	6	0	0.03
72262023055	2014	7	18	7	0	0.01
72262023055	2014	7	28	8	0	0.1
72262023055	2014	7	28	9	0	0.02
72262023055	2014	7	28	10	0	0.02
72262023055	2014	7	28	11	0	0.03
72262023055	2014	7	28	12	0	0.02
72262023055	2014	7	28	13	0	0.03
72262023055	2014	7	31	2	0	0.05
72262023055	2014	8	1	10	0	0.07
72262023055	2014	8	1	12	0	0.07
72262023055	2014	8	1	13	0	0.07
72262023055	2014	8	1	14	0	0.02
72262023055	2014	8	1	15	0	0.01
72262023055	2014	8	1	16	0	0.03
72262023055	2014	8	2	9	0	0.01
72262023055	2014	8	2	11	0	0.026
72262023055	2014	8	2	13	0	0.03
72262023055	2014	8	2	14	0	0.02
72262023055	2014	8	7	1	0	0.01
72262023055	2014	8	8	6	0	0.06
72262023055	2014	8	16	20	0	0.01
72262023055	2014	8	17	23	0	0.06
72262023055	2014	8	18	0	0	0.05
72262023055	2014	8	18	1	0	0.21
72262023055	2014	8	26	21	0	0.01
72262023055	2014	8	26	22	0	0.01
72262023055	2014	8	26	23	0	0.01
72262023055	2014	9	5	13	0	0.01
72262023055	2014	9	5	18	0	0.09
72262023055	2014	9	5	19	0	0.16
72262023055	2014	9	5	20	0	0.02
72262023055	2014	9	6	0	0	0.01
72262023055	2014	9	6	1	0	0.25
72262023055	2014	9	6	2	0	0.05
72262023055	2014	9	6	3	0	0.03
72262023055	2014	9	6	4	0	0.01
72262023055	2014	9	7	3	0	0.01
72262023055	2014	9	7	4	0	0.02
72262023055	2014	9	7	5	0	0.02
72262023055	2014	9	7	6	0	0.03
72262023055	2014	9	7	11	0	0.01
72262023055	2014	9	11	21	0	0.03
72262023055	2014	9	11	22	0	0.01
72262023055	2014	9	11	23	0	0.02
72262023055	2014	9	12	0	0	0.05
72262023055	2014	9	12	4	0	0.01
72262023055	2014	9	12	5	0	0.02
72262023055	2014	9	12	6	0	0.01
72262023055	2014	9	12	7	0	0.11
72262023055	2014	9	12	8	0	0.03
72262023055	2014	9	12	10	0	0.01
72262023055	2014	9	12	13	0	0.39
72262023055	2014	9	12	14	0	0.11
72262023055	2014	9	12	15	0	0.18
72262023055	2014	9	12	16	0	0.02
72262023055	2014	9	12	17	0	0.06
72262023055	2014	9	12	18	0	0.03
72262023055	2014	9	12	19	0	0.01
72262023055	2014	9	16	9	0	0.15
72262023055	2014	9	16	10	0	0.1
72262023055	2014	9	16	11	0	0.02
72262023055	2014	9	16	12	0	0.01
72262023055	2014	9	18	3	0	0.02
72262023055	2014	9	18	4	0	0.04
72262023055	2014	9	18	5	0	0.016
72262023055	2014	9	18	6	0	1.02
72262023055	2014	9	18	7	0	0.2
72262023055	2014	9	18	8	0	0.09
72262023055	2014	9	19	5	0	0.01
72262023055	2014	9	19	7	0	0.39
72262023055	2014	9	19	8	0	0.006
72262023055	2014	9	19	9	0	0.08
72262023055	2014	9	21	23	0	0.11
72262023055	2014	9	22	0	0	0.08
72262023055	2014	9	22	1	0	0.42
72262023055	2014	9	22	2	0	0.09
72262023055	2014	9	22	5	0	0.04
72262023055	2014	9	22	6	0	0.02
72262023055	2014	9	22	10	0	0.02
72262023055	2014	9	22	12	0	0.01
72262023055	2014	9	22	13	0	0.2
72262023055	2014	9	22	14	0	0.011
72262023055	2014	9	22	15	0	0.67
72262023055	2014	9	22	16	0	0.18
72262023055	2014	9	22	17	0	0.04
72262023055	2014	9	22	18	0	0.02
72262023055	2014	9	22	19	0	0.01
72262023055	2014	9	23	0	0	0.24
72262023055	2014	9	23	2	0	0.01
72262023055	2014	10	11	1	0	0.01
72262023055	2014	10	19	11	0	0.01
72262023055	2014	10	20	10	0	0.01
72262023055	2014	10	21	6	0	0.01
72262023055	2014	10	21	10	0	0.01
72262023055	2014	11	3	3	0	0.23
72262023055	2014	11	3	4	0	0.02
72262023055	2014	11	3	20	0	0.03
72262023055	2014	11	3	21	0	0.03
72262023055	2014	11	3	23	0	0.042
72262023055	2014	11	4	0	0	0.08
72262023055	2014	11	4	1	0	0.01
72262023055	2014	11	4	7	0	0.15
72262023055	2014	11	4	9	0	0.2
72262023055	2014	11	4	21	0	0.04
72262023055	2014	11	4	22	0	0.02
72262023055	2014	11	6	11	0	0.04
72262023055	2014	11	6	15	0	0.01
72262023055	2014	12	10	3	0	0.02
72262023055	2014	12	10	4	0	0.02
72262023055	2014	12	23	6	0	0.01
72262023055	2014	12	23	7	0	0.08
72262023055	2014	12	27	3	0	0.04
72262023055	2014	12	27	4	0	0.04
72262023055	2014	12	27	6	0	0.01
72262023055	2014	12	27	7	0	0.02
72262023055	2014	12	27	8	0	0.02
72262023055	2014	12	27	9	0	0.06
72262023055	2014	12	27	10	0	0.07
72262023055	2014	12	27	11	0	0.03
72262023055	2014	12	27	12	0	0.01
72262023055	2014	12	27	13	0	0.01
72262023055	2014	12	27	14	0	0.01
72262023055	2015	1	3	0	0	0.089
72262023055	2015	1	3	1	0	0.222
72262023055	2015	1	3	16	0	0.005
72262023055	2015	1	3	18	0	0.002
72262023055	2015	1	8	17	0	0.006
72262023055	2015	1	8	18	0	0.006
72262023055	2015	1	13	3	0	0.009
72262023055	2015	1	22	6	0	0.02
72262023055	2015	1	22	7	0	0.02
72262023055	2015	1	22	8	0	0.02
72262023055	2015	1	22	9	0	0.02
72262023055	2015	1	22	21	0	0.133
72262023055	2015	1	30	11	0	0.01
72262023055	2015	1	30	13	0	0.01
72262023055	2015	1	30	22	0	0.01
72262023055	2015	1	31	1	0	0.03
72262023055	2015	1	31	2	0	0.01
72262023055	2015	1	31	3	0	0.05
72262023055	2015	1	31	4	0	0.09
72262023055	2015	1	31	5	0	0.03
72262023055	2015	1	31	6	0	0.02
72262023055	2015	1	31	7	0	0.01
72262023055	2015	1	31	10	0	0.01
72262023055	2015	1	31	20	0	0.05
72262023055	2015	2	16	7	0	0.02
72262023055	2015	2	22	16	0	0.01
72262023055	2015	2	25	9	0	0.009
72262023055	2015	3	3	23	0	0.003
72262023055	2015	3	4	1	0	0.002
72262023055	2015	3	4	3	0	0.002
72262023055	2015	3	4	4	0	0.002
72262023055	2015	3	4	5	0	0.013
72262023055	2015	3	4	6	0	0.026
72262023055	2015	3	4	7	0	0.008
72262023055	2015	3	4	10	0	0.005
72262023055	2015	3	4	11	0	0.003
72262023055	2015	3	4	12	0	0.007
72262023055	2015	3	4	13	0	0.053
72262023055	2015	3	9	4	0	0.005
72262023055	2015	3	9	19	0	0.002
72262023055	2015	3	9	20	0	0.003
72262023055	2015	3	9	21	0	0.006
72262023055	2015	3	10	0	0	0.002
72262023055	2015	3	10	2	0	0.001
72262023055	2015	3	10	3	0	0.001
72262023055	2015	3	10	4	0	0.001
72262023055	2015	3	17	15	0	0.01
72262023055	2015	3	17	16	0	0.11
72262023055	2015	3	17	17	0	0.01
72262023055	2015	3	17	18	0	0.01
72262023055	2015	3	17	20	0	0.01
72262023055	2015	3	17	21	0	0.03
72262023055	2015	3	17	22	0	0.05
72262023055	2015	3	17	23	0	0.01
72262023055	2015	3	18	0	0	0.01
72262023055	2015	3	21	11	0	0.03
72262023055	2015	3	21	12	0	0.09
72262023055	2015	3	21	13	0	0.1
72262023055	2015	3	21	14	0	0.01
72262023055	2015	3	21	16	0	0.05
72262023055	2015	3	21	17	0	0.11
72262023055	2015	3	21	18	0	0.08
72262023055	2015	3	21	19	0	0.07
72262023055	2015	3	21	20	0	0.02
72262023055	2015	3	21	21	0	0.01
72262023055	2015	3	21	23	0	0.01
72262023055	2015	4	12	18	0	0.05
72262023055	2015	4	12	19	0	0.06
72262023055	2015	4	12	22	0	0.01
72262023055	2015	4	13	13	0	0.03
72262023055	2015	4	13	14	0	0.005
72262023055	2015	4	13	15	0	0.01
72262023055	2015	4	13	21	0	0.01
72262023055	2015	4	14	9	0	0.01
72262023055	2015	4	24	11	0	0.01
72262023055	2015	5	4	21	0	0.37
72262023055	2015	5	4	22	0	0.04
72262023055	2015	5	5	4	0	0.01
72262023055	2015	5	12	23	0	0.05
72262023055	2015	5	13	1	0	0.08
72262023055	2015	5	13	2	0	0.02
72262023055	2015	5	13	3	0	0.03
72262023055	2015	5	13	4	0	0.09
72262023055	2015	5	13	5	0	0.12
72262023055	2015	5	13	6	0	0.09
72262023055	2015	5	13	8	0	0.08
72262023055	2015	5	13	9	0	0.01
72262023055	2015	5	21	9	0	0.01
72262023055	2015	6	2	1	0	0.004
72262023055	2015	6	2	2	0	0.009
72262023055	2015	6	5	19	0	0.15
72262023055	2015	6	5	22	0	0.14
72262023055	2015	6	6	5	0	0.05
72262023055	2015	6	7	19	0	0.03
72262023055	2015	6	7	20	0	0.004
72262023055	2015	6	7	22	0	0.013
72262023055	2015	6	10	19	0	0.01
72262023055	2015	6	16	1	0	0.07
72262023055	2015	6	16	2	0	0.03
72262023055	2015	6	16	3	0	0.16
72262023055	2015	6	16	4	0	0.19
72262023055	2015	6	16	6	0	0.156
72262023055	2015	6	16	7	0	0.02
72262023055	2015	6	16	8	0	0.01
72262023055	2015	6	23	15	0	0.01
72262023055	2015	6	23	20	0	0.001
72262023055	2015	6	23	21	0	0.01
72262023055	2015	6	25	20	0	0.62
72262023055	2015	6	26	23	0	0.2
72262023055	2015	6	30	1	0	0.17
72262023055	2015	7	6	1	0	0.01
72262023055	2015	7	6	2	0	0.01
72262023055	2015	7	7	3	0	0.19
72262023055	2015	7	7	5	0	0.133
72262023055	2015	7	7	6	0	0.009
72262023055	2015	7	7	8	0	0.005
72262023055	2015	7	7	11	0	0.004
72262023055	2015	7	8	1	0	0.001
72262023055	2015	7	8	2	0	0.36
72262023055	2015	7	8	3	0	0.06
72262023055	2015	7	8	4	0	0.05
72262023055	2015	7	10	4	0	0.28
72262023055	2015	7	10	5	0	0.03
72262023055	2015	7	10	12	0	0.01
72262023055	2015	7	11	4	0	0.01
72262023055	2015	7	11	5	0	0.02
72262023055	2015	7	11	9	0	0.28
72262023055	2015	7	11	10	0	0.02
72262023055	2015	7	12	0	0	0.01
72262023055	2015	7	14	21	0	0.29
72262023055	2015	7	18	4	0	0.01
72262023055	2015	7	18	6	0	0.01
72262023055	2015	7	19	1	0	0.19
72262023055	2015	7	19	2	0	0.01
72262023055	2015	7	19	3	0	0.03
72262023055	2015	7	19	4	0	0.06
72262023055	2015	7	20	20	0	0.13
72262023055	2015	7	20	21	0	0.01
72262023055	2015	7	21	22	0	1.18
72262023055	2015	7	21	23	0	0.03
72262023055	2015	7	22	0	0	0.03
72262023055	2015	7	22	1	0	0.02
72262023055	2015	7	27	3	0	0.01
72262023055	2015	7	29	1	0	0.03
72262023055	2015	7	29	2	0	0.001
72262023055	2015	7	29	6	0	0.02
72262023055	2015	8	1	20	0	0.16
72262023055	2015	8	3	5	0	0.02
72262023055	2015	8	4	0	0	0.02
72262023055	2015	8	9	7	0	0.02
72262023055	2015	8	9	9	0	0.01
72262023055	2015	8	16	19	0	0.5
72262023055	2015	8	17	18	0	0.02
72262023055	2015	8	21	5	0	0.03
72262023055	2015	8	21	6	0	0.01
72262023055	2015	8	22	1	0	0.01
72262023055	2015	8	23	1	0	0.04
72262023055	2015	8	23	2	0	0.012
72262023055	2015	8	23	4	0	0.02
72262023055	2015	8	23	5	0	0.01
72262023055	2015	8	29	0	0	0.03
72262023055	2015	8	29	1	0	0.02
72262023055	2015	8	29	2	0	0.01
72262023055	2015	9	6	1	0	0.16
72262023055	2015	9	7	23	0	0.05
72262023055	2015	9	8	0	0	0.19
72262023055	2015	9	9	23	0	0.04
72262023055	2015	9	10	0	0	0.16
72262023055	2015	9	13	23	0	0.03
72262023055	2015	9	17	23	0	0.26
72262023055	2015	9	19	16	0	0.01
72262023055	2015	9	19	17	0	0.07
72262023055	2015	9	19	18	0	0.09
72262023055	2015	9	19	19	0	0.05
72262023055	2015	9	19	20	0	0.06
72262023055	2015	9	19	21	0	0.07
72262023055	2015	9	19	22	0	0.02
72262023055	2015	9	19	23	0	0.01
72262023055	2015	9	20	0	0	0.01
72262023055	2015	9	20	3	0	0.02
72262023055	2015	9	20	5	0	0.02
72262023055	2015	9	20	6	0	0.02
72262023055	2015	9	20	7	0	0.15
72262023055	2015	9	20	8	0	0.01
72262023055	2015	9	20	9	0	0.01
72262023055	2015	9	20	10	0	0.02
72262023055	2015	9	20	11	0	0.01
72262023055	2015	9	21	21	0	0.01
72262023055	2015	9	22	6	0	0.01
72262023055	2015	9	22	21	0	0.07
72262023055	2015	9	24	10	0	0.17
72262023055	2015	9	24	18	0	0.21
72262023055	2015	9	24	19	0	0.11
72262023055	2015	9	25	1	0	0.26
72262023055	2015	10	4	0	0	0.62
72262023055	2015	10	4	1	0	0.45
72262023055	2015	10	4	2	0	0.18
72262023055	2015	10	4	3	0	0.01
72262023055	2015	10	4	4	0	0.05
72262023055	2015	10	4	10	0	0.01
72262023055	2015	10	4	17	0	0.04
72262023055	2015	10	4	18	0	0.05
72262023055	2015	10	4	19	0	0.04
72262023055	2015	10	4	20	0	0.08
72262023055	2015	10	4	21	0	0.02
72262023055	2015	10	4	22	0	0.05
72262023055	2015	10	4	23	0	0.05
72262023055	2015	10	5	0	0	0.04
72262023055	2015	10	5	1	0	0.05
72262023055	2015	10	5	2	0	0.04
72262023055	2015	10	5	3	0	0.02
72262023055	2015	10	5	4	0	0.01
72262023055	2015	10	6	19	0	0.02
72262023055	2015	10	6	21	0	0.21
72262023055	2015	10	7	0	0	0.03
72262023055	2015	10	7	1	0	0.01
72262023055	2015	10	7	2	0	0.01
72262023055	2015	10	7	11	0	0.01
72262023055	2015	10	7	12	0	0.008
72262023055	2015	10	7	17	0	0.01
72262023055	2015	10	7	18	0	0.006
72262023055	2015	10	7	21	0	0.002
72262023055	2015	10	7	22	0	0.003
72262023055	2015	10	7	23	0	0.057
72262023055	2015	10	8	0	0	0.08
72262023055	2015	10	8	1	0	0.01
72262023055	2015	10	19	23	0	0.13
72262023055	2015	10	20	0	0	0.01
72262023055	2015	10	21	22	0	0.24
72262023055	2015	10	22	1	0	0.03
72262023055	2015	10	29	23	0	0.02
72262023055	2015	10	30	0	0	0.02
72262023055	2015	10	30	2	0	0.01
72262023055	2015	10	30	3	0	0.04
72262023055	2015	10	30	6	0	0.03
72262023055	2015	10	30	17	0	0.01
72262023055	2015	11	15	10	0	0.01
72262023055	2015	11	15	13	0	0.03
72262023055	2015	11	15	15	0	0.07
72262023055	2015	11	15	18	0	0.05
72262023055	2015	11	15	19	0	0.05
72262023055	2015	11	15	20	0	0.07
72262023055	2015	11	15	21	0	0.09
72262023055	2015	11	27	1	0	0.048
72262023055	2015	11	27	13	0	0.012
72262023055	2015	11	27	14	0	0.06
72262023055	2015	11	27	18	0	0.006
72262023055	2015	11	27	23	0	0.006
72262023055	2015	11	28	0	0	0.006
72262023055	2015	11	28	11	0	0.008
72262023055	2015	11	29	6	0	0.015
72262023055	2015	11	29	11	0	0.026
72262023055	2015	11	29	12	0	0.015
72262023055	2015	11	29	13	0	0.005
72262023055	2015	11	29	14	0	0.005
72262023055	2015	12	12	19	0	0.06
72262023055	2015	12	12	20	0	0.002
72262023055	2015	12	26	22	0	0.009
72262023055	2015	12	26	23	0	0.008
72262023055	2016	1	2	16	0	0.004
72262023055	2016	1	2	17	0	0.004
72262023055	2016	1	2	18	0	0.012
72262023055	2016	1	5	16	0	0.01
72262023055	2016	1	6	4	0	0.01
72262023055	2016	1	6	5	0	0.01
72262023055	2016	1	6	7	0	0.05
72262023055	2016	1	6	9	0	0.01
72262023055	2016	1	6	10	0	0.01
72262023055	2016	1	6	11	0	0.04
72262023055	2016	1	6	12	0	0.02
72262023055	2016	1	6	16	0	0.09
72262023055	2016	1	6	17	0	0.03
72262023055	2016	1	6	19	0	0.01
72262023055	2016	1	8	13	0	0.06
72262023055	2016	1	8	14	0	0.02
72262023055	2016	1	8	16	0	0.02
72262023055	2016	1	8	17	0	0.01
72262023055	2016	1	31	6	0	0.008
72262023055	2016	3	8	21	0	0.06
72262023055	2016	4	9	5	0	0.4
72262023055	2016	4	9	7	0	0.06
72262023055	2016	5	17	10	0	0.02
72262023055	2016	5	18	23	0	0.02
72262023055	2016	5	19	0	0	0.01
72262023055	2016	5	19	3	0	0.01
72262023055	2016	5	30	17	0	0.01
72262023055	2016	5	30	22	0	0.09
72262023055	2016	5	31	7	0	0.01
72262023055	2016	6	1	17	0	0.04
72262023055	2016	6	1	18	0	0.04
72262023055	2016	6	1	19	0	0.01
72262023055	2016	6	12	3	0	0.03
72262023055	2016	6	26	23	0	0.79
72262023055	2016	6	27	0	0	0.06
72262023055	2016	6	28	7	0	0.15
72262023055	2016	6	28	9	0	0.34
72262023055	2016	6	28	10	0	0.6
72262023055	2016	6	28	11	0	0.71
72262023055	2016	6	28	19	0	0.01
72262023055	2016	6	28	21	0	0.01
72262023055	2016	7	2	0	0	0.04
72262023055	2016	7	8	1	0	0.17
72262023055	2016	7	8	2	0	0.14
72262023055	2016	7	8	3	0	0.05
72262023055	2016	7	8	7	0	0.019
72262023055	2016	7	8	8	0	0.018
72262023055	2016	7	9	1	0	0.01
72262023055	2016	7	9	2	0	0.13
72262023055	2016	7	9	3	0	0.139
72262023055	2016	7	9	4	0	0.001
72262023055	2016	8	4	22	0	0.04
72262023055	2016	8	10	0	0	0.03
72262023055	2016	8	11	21	0	0.01
72262023055	2016	8	12	23	0	0.02
72262023055	2016	8	13	16	0	0.02
72262023055	2016	8	19	22	0	0.33
72262023055	2016	8	21	13	0	0.007
72262023055	2016	8	21	14	0	0.107
72262023055	2016	8	21	15	0	0.019
72262023055	2016	8	21	16	0	0.019
72262023055	2016	8	21	17	0	0.006
72262023055	2016	8	21	22	0	0.3
72262023055	2016	8	21	23	0	0.13
72262023055	2016	8	23	22	0	0.02
72262023055	2016	8	24	1	0	0.04
72262023055	2016	8	24	4	0	0.15
72262023055	2016	8	24	6	0	0.34
72262023055	2016	8	24	7	0	1.22
72262023055	2016	8	24	8	0	0.06
72262023055	2016	8	24	9	0	0.046
72262023055	2016	8	24	10	0	0.007
72262023055	2016	8	26	22	0	0.07
72262023055	2016	8	29	10	0	0.01
72262023055	2016	8	29	11	0	0.018
72262023055	2016	8	29	13	0	0.001
72262023055	2016	8	30	3	0	0.094
72262023055	2016	8	30	4	0	0.163
72262023055	2016	8	30	5	0	0.006
72262023055	2016	8	30	7	0	0.006
72262023055	2016	8	30	8	0	0.011
72262023055	2016	8	30	11	0	0.006
72262023055	2016	8	30	12	0	0.003
72262023055	2016	8	30	13	0	0.018
72262023055	2016	8	30	14	0	0.052
72262023055	2016	8	30	15	0	0.019
72262023055	2016	8	30	16	0	0.003
72262023055	2016	8	30	20	0	0.008
72262023055	2016	8	30	22	0	0.002
72262023055	2016	8	31	18	0	0.04
72262023055	2016	8	31	19	0	0.027
72262023055	2016	8	31	20	0	0.03
72262023055	2016	9	1	0	0	0.01
72262023055	2016	9	1	3	0	0.01
72262023055	2016	9	1	7	0	0.003
72262023055	2016	9	1	8	0	0.007
72262023055	2016	9	1	9	0	0.027
72262023055	2016	9	1	10	0	0.097
72262023055	2016	9	1	11	0	0.03
72262023055	2016	9	1	12	0	0.001
72262023055	2016	9	1	14	0	0.022
72262023055	2016	9	1	15	0	0.031
72262023055	2016	9	1	16	0	0.006
72262023055	2016	9	1	21	0	0.014
72262023055	2016	9	1	22	0	0.013
72262023055	2016	9	1	23	0	0.054
72262023055	2016	9	2	0	0	0.015
72262023055	2016	9	2	1	0	0.002
72262023055	2016	9	2	5	0	0.007
72262023055	2016	9	7	7	0	0.19
72262023055	2016	9	7	8	0	0.03
72262023055	2016	9	7	10	0	0.01
72262023055	2016	9	7	11	0	0.04
72262023055	2016	9	7	22	0	0.02
72262023055	2016	9	15	8	0	0.23
72262023055	2016	9	15	13	0	0.01
72262023055	2016	9	15	21	0	0.01
72262023055	2016	9	15	22	0	0.01
72262023055	2016	9	16	3	0	0.01
72262023055	2016	9	16	5	0	0.007
72262023055	2016	9	16	6	0	0.04
72262023055	2016	9	16	7	0	0.03
72262023055	2016	9	16	8	0	0.049
72262023055	2016	9	17	22	0	0.02
72262023055	2016	9	25	21	0	0.03
72262023055	2016	9	25	23	0	0.01
72262023055	2016	9	26	12	0	0.01
72262023055	2016	9	30	16	0	0.03
72262023055	2016	10	8	8	0	0.003
72262023055	2016	10	8	14	0	0.02
72262023055	2016	10	8	15	0	0.004
72262023055	2016	10	9	3	0	0.02
72262023055	2016	10	9	4	0	0.01
72262023055	2016	10	9	5	0	0.003
72262023055	2016	10	9	10	0	0.037
72262023055	2016	10	9	11	0	0.022
72262023055	2016	10	9	12	0	0.008
72262023055	2016	11	3	6	0	0.002
72262023055	2016	11	3	9	0	0.003
72262023055	2016	11	3	10	0	0.001
72262023055	2016	11	3	17	0	0.001
72262023055	2016	11	3	18	0	0.001
72262023055	2016	11	3	21	0	0.001
72262023055	2016	11	3	22	0	0.001
72262023055	2016	11	3	23	0	0.001
72262023055	2016	11	4	0	0	0.001
72262023055	2016	11	4	2	0	0.001
72262023055	2016	11	4	3	0	0.001
72262023055	2016	11	4	4	0	0.001
72262023055	2016	11	4	5	0	0.008
72262023055	2016	11	4	6	0	0.005
72262023055	2016	11	4	7	0	0.006
72262023055	2016	11	4	8	0	0.003
72262023055	2016	11	4	9	0	0.006
72262023055	2016	11	4	10	0	0.007
72262023055	2016	11	4	11	0	0.011
72262023055	2016	11	4	12	0	0.008
72262023055	2016	11	4	13	0	0.004
72262023055	2016	11	4	14	0	0.002
72262023055	2016	11	4	15	0	0.002
72262023055	2016	11	4	18	0	0.003
72262023055	2016	11	4	23	0	0.01
72262023055	2016	11	5	1	0	0.01
72262023055	2016	11	5	2	0	0.01
72262023055	2016	11	5	3	0	0.01
72262023055	2016	11	5	4	0	0.02
72262023055	2016	11	5	5	0	0.01
72262023055	2016	11	5	6	0	0.01
72262023055	2016	11	5	7	0	0.006
72262023055	2016	11	5	8	0	0.004
72262023055	2016	11	5	9	0	0.005
72262023055	2016	11	5	10	0	0.01
72262023055	2016	11	5	11	0	0.002
72262023055	2016	11	5	12	0	0.001
72262023055	2016	11	5	13	0	0.004
72262023055	2016	11	5	14	0	0.004
72262023055	2016	11	5	18	0	0.004
72262023055	2016	11	6	3	0	0.01
72262023055	2016	11	6	4	0	0.27
72262023055	2016	11	11	19	0	0.006
72262023055	2016	11	11	20	0	0.133
72262023055	2016	11	11	21	0	0.295
72262023055	2016	11	11	22	0	0.038
72262023055	2016	11	12	1	0	0.006
72262023055	2016	11	25	21	0	0.02
72262023055	2016	12	3	2	0	0.02
72262023055	2016	12	3	3	0	0.06
72262023055	2016	12	3	4	0	0.06
72262023055	2016	12	3	5	0	0.02
72262023055	2016	12	3	6	0	0.03
72262023055	2016	12	3	7	0	0.014
72262023055	2016	12	3	8	0	0.01
72262023055	2016	12	3	9	0	0.001
72262023055	2016	12	3	16	0	0.01
72262023055	2016	12	3	17	0	0.006
72262023055	2016	12	3	18	0	0.004
72262023055	2016	12	3	19	0	0.11
72262023055	2016	12	3	20	0	0.05
72262023055	2016	12	3	21	0	0.06
72262023055	2016	12	3	22	0	0.037
72262023055	2016	12	9	18	0	0.019
72262023055	2016	12	22	4	0	0.01
72262023055	2016	12	22	5	0	0.01
72262023055	2016	12	22	6	0	0.01
72262023055	2016	12	22	7	0	0.002
72262023055	2016	12	22	8	0	0.001
72262023055	2016	12	22	10	0	0.01
72262023055	2016	12	22	11	0	0.001
72262023055	2016	12	23	5	0	0.02
72262023055	2016	12	23	6	0	0.001
72262023055	2016	12	23	7	0	0.001
72262023055	2016	12	30	9	0	0.002
72262023055	2016	12	30	13	0	0.002
72262023055	2016	12	31	23	0	0.005
72262023055	2017	1	1	0	0	0.007
72262023055	2017	1	1	2	0	0.002
72262023055	2017	1	2	0	0	0.006
72262023055	2017	1	2	1	0	0.007
72262023055	2017	1	2	2	0	0.001
72262023055	2017	1	3	3	0	0.026
72262023055	2017	1	15	13	0	0.04
72262023055	2017	1	15	15	0	0.07
72262023055	2017	1	16	0	0	0.05
72262023055	2017	1	16	1	0	0.03
72262023055	2017	1	18	18	0	0.013
72262023055	2017	1	21	10	0	0.03
72262023055	2017	1	21	13	0	0.02
72262023055	2017	1	21	14	0	0.02
72262023055	2017	1	27	21	0	0.01
72262023055	2017	2	13	8	0	0.01
72262023055	2017	2	13	9	0	0.012
72262023055	2017	2	13	10	0	0.03
72262023055	2017	2	13	11	0	0.033
72262023055	2017	2	13	18	0	0.035
72262023055	2017	2	13	22	0	0.026
72262023055	2017	4	12	18	0	0.35
72262023055	2017	4	12	19	0	0.09
72262023055	2017	4	12	20	0	0.04
72262023055	2017	4	12	23	0	0.01
72262023055	2017	4	29	15	0	0.06
72262023055	2017	4	29	16	0	0.04
72262023055	2017	4	29	19	0	0.03
72262023055	2017	4	29	20	0	0.02
72262023055	2017	5	30	5	0	0.08
72262023055	2017	5	30	6	0	0.05
72262023055	2017	5	30	7	0	0.05
72262023055	2017	6	1	22	0	0.01
72262023055	2017	6	1	23	0	0.067
72262023055	2017	6	2	0	0	0.04
72262023055	2017	6	2	1	0	0.02
72262023055	2017	6	3	18	0	0.13
72262023055	2017	6	3	19	0	0.05
72262023055	2017	6	3	20	0	0.01
72262023055	2017	6	6	21	0	0.07
72262023055	2017	6	8	5	0	0.14
72262023055	2017	6	8	6	0	0.06
72262023055	2017	6	8	7	0	0.12
72262023055	2017	6	8	8	0	0.02
72262023055	2017	6	8	9	0	0.01
72262023055	2017	6	22	22	0	0.35
72262023055	2017	6	23	21	0	0.18
72262023055	2017	6	26	13	0	0.01
72262023055	2017	6	27	6	0	0.04
72262023055	2017	7	2	1	0	0.68
72262023055	2017	7	3	3	0	0.01
72262023055	2017	7	5	17	0	0.07
72262023055	2017	7	12	18	0	0.01
72262023055	2017	7	14	11	0	0.01
72262023055	2017	7	14	14	0	0.005
72262023055	2017	7	14	15	0	0.2
72262023055	2017	7	14	16	0	0.02
72262023055	2017	7	14	17	0	0.07
72262023055	2017	7	15	3	0	0.04
72262023055	2017	7	15	4	0	0.01
72262023055	2017	7	15	5	0	0.01
72262023055	2017	7	15	6	0	0.01
72262023055	2017	7	15	7	0	0.02
72262023055	2017	7	15	8	0	0.01
72262023055	2017	7	15	9	0	0.02
72262023055	2017	7	15	10	0	0.01
72262023055	2017	7	15	11	0	0.005
72262023055	2017	7	15	18	0	0.01
72262023055	2017	7	15	19	0	0.01
72262023055	2017	7	15	20	0	0.47
72262023055	2017	7	15	21	0	0.12
72262023055	2017	7	15	22	0	0.112
72262023055	2017	7	15	23	0	0.025
72262023055	2017	7	16	0	0	0.029
72262023055	2017	7	16	1	0	0.009
72262023055	2017	7	19	16	0	0.08
72262023055	2017	7	19	17	0	0.01
72262023055	2017	7	19	18	0	0.15
72262023055	2017	7	19	19	0	0.01
72262023055	2017	7	20	18	0	0.68
72262023055	2017	7	20	19	0	0.3
72262023055	2017	7	24	21	0	0.06
72262023055	2017	7	24	22	0	0.06
72262023055	2017	7	26	17	0	0.01
72262023055	2017	7	26	18	0	0.01
72262023055	2017	7	29	4	0	0.01
72262023055	2017	7	29	21	0	0.02
72262023055	2017	7	30	18	0	0.31
72262023055	2017	8	1	4	0	0.03
72262023055	2017	8	1	5	0	0.01
72262023055	2017	8	1	6	0	0.38
72262023055	2017	8	1	7	0	1.3
72262023055	2017	8	1	8	0	0.22
72262023055	2017	8	1	9	0	0.11
72262023055	2017	8	1	10	0	0.05
72262023055	2017	8	1	11	0	0.01
72262023055	2017	8	1	12	0	0.01
72262023055	2017	8	1	13	0	0.01
72262023055	2017	8	1	23	0	0.01
72262023055	2017	8	8	0	0	0.18
72262023055	2017	8	11	16	0	0.01
72262023055	2017	8	11	17	0	0.02
72262023055	2017	8	11	18	0	0.29
72262023055	2017	8	12	4	0	0.57
72262023055	2017	8	12	5	0	0.02
72262023055	2017	8	12	10	0	0.01
72262023055	2017	8	14	1	0	0.07
72262023055	2017	8	19	22	0	0.02
72262023055	2017	8	20	21	0	0.01
72262023055	2017	8	22	21	0	0.03
72262023055	2017	8	23	2	0	0.02
72262023055	2017	8	23	17	0	0.02
72262023055	2017	8	24	16	0	0.13
72262023055	2017	8	24	19	0	0.01
72262023055	2017	9	15	9	0	0.02
72262023055	2017	9	18	3	0	0.05
72262023055	2017	9	23	14	0	0.08
72262023055	2017	9	23	15	0	0.01
72262023055	2017	9	23	16	0	0.006
72262023055	2017	9	23	18	0	0.02
72262023055	2017	9	23	19	0	0.03
72262023055	2017	9	23	20	0	0.012
72262023055	2017	9	23	21	0	0.003
72262023055	2017	9	23	23	0	0.001
72262023055	2017	9	24	0	0	0.036
72262023055	2017	9	24	1	0	0.054
72262023055	2017	9	24	2	0	0.024
72262023055	2017	9	24	3	0	0.002
72262023055	2017	9	24	6	0	0.051
72262023055	2017	9	24	12	0	0.003
72262023055	2017	9	25	5	0	0.003
72262023055	2017	9	25	7	0	0.008
72262023055	2017	9	25	11	0	0.003
72262023055	2017	9	25	14	0	0.053
72262023055	2017	9	26	15	0	0.126
72262023055	2017	9	27	2	0	0.08
72262023055	2017	9	27	3	0	0.045
72262023055	2017	9	27	4	0	0.035
72262023055	2017	9	27	5	0	0.035
72262023055	2017	9	27	6	0	0.079
72262023055	2017	9	27	7	0	0.14
72262023055	2017	9	27	8	0	0.036
72262023055	2017	9	27	9	0	0.036
72262023055	2017	9	27	10	0	0.009
72262023055	2017	9	27	11	0	0.032
72262023055	2017	9	27	12	0	0.021
72262023055	2017	9	27	13	0	0.03
72262023055	2017	9	27	14	0	0.007
72262023055	2017	9	27	15	0	0.015
72262023055	2017	9	27	18	0	0.011
72262023055	2017	9	27	20	0	0.015
72262023055	2017	9	27	21	0	0.011
72262023055	2017	9	27	23	0	0.011
72262023055	2017	9	28	1	0	0.011
72262023055	2017	9	28	2	0	0.007
72262023055	2017	9	28	3	0	0.015
72262023055	2017	9	28	4	0	0.015
72262023055	2017	9	28	5	0	0.011
72262023055	2017	9	28	6	0	0.007
72262023055	2017	9	28	7	0	0.011
72262023055	2017	9	28	8	0	0.013
72262023055	2017	9	28	9	0	0.013
72262023055	2017	9	28	14	0	0.006
72262023055	2017	9	29	1	0	0.006
72262023055	2017	9	29	3	0	0.018
72262023055	2017	9	29	4	0	0.01
72262023055	2017	9	29	5	0	0.011
72262023055	2017	9	29	6	0	0.01
72262023055	2017	9	29	7	0	0.046
72262023055	2017	9	29	8	0	0.039
72262023055	2017	9	29	9	0	0.025
72262023055	2017	9	29	10	0	0.023
72262023055	2017	9	29	11	0	0.014
72262023055	2017	9	29	12	0	0.014
72262023055	2017	9	29	13	0	0.006
72262023055	2017	9	29	14	0	0.022
72262023055	2017	9	29	15	0	0.018
72262023055	2017	9	29	16	0	0.01
72262023055	2017	9	29	17	0	0.01
72262023055	2017	9	30	0	0	0.006
72262023055	2017	9	30	2	0	0.006
72262023055	2017	9	30	3	0	0.006
72262023055	2017	9	30	6	0	0.01
72262023055	2017	9	30	7	0	0.006
72262023055	2017	9	30	14	0	0.007
72262023055	2017	9	30	17	0	0.028
72262023055	2017	10	1	4	0	0.014
72262023055	2017	10	19	9	0	0.07
72262023055	2017	10	20	3	0	0.01
72262023055	2017	10	20	4	0	0.04
72262023055	2017	10	20	5	0	0.03
72262023055	2017	11	8	7	0	0.02
72262023055	2017	11	8	8	0	0.01
72262023055	2017	11	8	10	0	0.02
72262023055	2017	11	8	11	0	0.007
72262023055	2017	11	8	12	0	0.04
72262023055	2017	11	8	13	0	0.01
72262023055	2017	11	9	12	0	0.01
72262023055	2017	12	6	6	0	0.01
72262023055	2017	12	6	7	0	0.02
72262023055	2017	12	6	8	0	0.02
72262023055	2017	12	6	9	0	0.04
72262023055	2017	12	6	10	0	0.04
72262023055	2017	12	6	11	0	0.03
72262023055	2017	12	6	12	0	0.01
72262023055	2017	12	6	13	0	0.03
72262023055	2017	12	6	18	0	0.01
72262023055	2017	12	6	19	0	0.01
72262023055	2017	12	7	13	0	0.01
72262023055	2017	12	7	15	0	0.01
72262023055	2017	12	19	5	0	0.01
72262023055	2017	12	19	9	0	0.03
72262023055	2017	12	22	16	0	0.01
72262023055	2018	1	10	19	0	0.13
72262023055	2018	2	16	12	0	0.01
72262023055	2018	2	16	14	0	0.004
72262023055	2018	2	17	2	0	0.11
72262023055	2018	2	17	3	0	0.01
72262023055	2018	2	17	5	0	0.01
72262023055	2018	3	25	1	0	0.01
72262023055	2018	3	27	20	0	0.01
72262023055	2018	3	27	22	0	0.01
72262023055	2018	4	29	7	0	0.02
72262023055	2018	5	22	2	0	0.14
72262023055	2018	6	4	1	0	0.31
72262023055	2018	6	4	2	0	0.1
72262023055	2018	6	16	9	0	0.01
72262023055	2018	6	17	1	0	0.01
72262023055	2018	6	26	19	0	0.01
72262023055	2018	7	4	21	0	0.01
72262023055	2018	7	7	21	0	0.4
72262023055	2018	7	7	22	0	0.04
72262023055	2018	7	12	8	0	0.01
72262023055	2018	7	13	22	0	0.08
72262023055	2018	7	14	0	0	0.01
72262023055	2018	7	14	6	0	0.01
72262023055	2018	7	15	21	0	0.19
72262023055	2018	7	15	22	0	0.17
72262023055	2018	7	15	23	0	0.05
72262023055	2018	7	16	23	0	0.02
72262023055	2018	7	17	0	0	0.4
72262023055	2018	7	17	1	0	0.03
72262023055	2018	7	26	15	0	0.01
72262023055	2018	7	31	9	0	0.17
72262023055	2018	7	31	10	0	0.03
72262023055	2018	8	2	11	0	0.01
72262023055	2018	8	8	21	0	0.05
72262023055	2018	8	8	22	0	0.01
72262023055	2018	8	8	23	0	0.002
72262023055	2018	8	15	17	0	0.02
72262023055	2018	8	15	18	0	0.02
72262023055	2018	8	16	21	0	0.28
72262023055	2018	8	19	3	0	0.01
72262023055	2018	8	19	5	0	0.01
72262023055	2018	8	19	21	0	0.25
72262023055	2018	8	20	14	0	0.005
72262023055	2018	8	25	3	0	0.04
72262023055	2018	8	25	4	0	0.25
72262023055	2018	8	25	5	0	0.02
72262023055	2018	9	1	4	0	0.1
72262023055	2018	9	1	5	0	0.02
72262023055	2018	9	1	6	0	0.03
72262023055	2018	9	1	7	0	0.086
72262023055	2018	9	1	8	0	0.002
72262023055	2018	9	2	6	0	0.003
72262023055	2018	9	3	0	0	0.06
72262023055	2018	9	3	1	0	0.039
72262023055	2018	9	3	2	0	0.005
72262023055	2018	9	7	22	0	0.02
72262023055	2018	9	10	6	0	0.01
72262023055	2018	9	10	7	0	0.03
72262023055	2018	9	10	19	0	0.01
72262023055	2018	9	19	21	0	0.28
72262023055	2018	9	20	18	0	0.03
72262023055	2018	9	20	20	0	0.076
72262023055	2018	9	20	21	0	0.03
72262023055	2018	9	20	22	0	0.01
72262023055	2018	9	21	0	0	0.02
72262023055	2018	9	22	0	0	0.04
72262023055	2018	9	22	1	0	0.03
72262023055	2018	9	22	4	0	0.01
72262023055	2018	10	2	15	0	0.02
72262023055	2018	10	7	1	0	0.02
72262023055	2018	10	8	2	0	0.02
72262023055	2018	10	8	23	0	0.02
72262023055	2018	10	9	0	0	0.05
72262023055	2018	10	9	1	0	0.05
72262023055	2018	10	9	2	0	0.03
72262023055	2018	10	9	3	0	0.01
72262023055	2018	10	9	5	0	0.01
72262023055	2018	10	12	7	0	0.01
72262023055	2018	10	12	8	0	0.01
72262023055	2018	10	13	0	0	0.02
72262023055	2018	10	13	1	0	0.05
72262023055	2018	10	13	2	0	0.05
72262023055	2018	10	13	3	0	0.22
72262023055	2018	10	13	5	0	0.12
72262023055	2018	10	18	1	0	0.01
72262023055	2018	10	18	2	0	0.01
72262023055	2018	10	18	6	0	0.03
72262023055	2018	10	18	12	0	0.02
72262023055	2018	10	18	13	0	0.04
72262023055	2018	10	18	14	0	0.038
72262023055	2018	10	18	18	0	0.01
72262023055	2018	10	19	7	0	0.01
72262023055	2018	10	24	0	0	0.01
72262023055	2018	10	24	1	0	0.1
72262023055	2018	10	24	3	0	0.16
72262023055	2018	10	24	4	0	0.15
72262023055	2018	10	24	5	0	0.21
72262023055	2018	10	24	6	0	0.21
72262023055	2018	10	24	7	0	0.11
72262023055	2018	10	24	8	0	0.05
72262023055	2018	10	24	9	0	0.01
72262023055	2018	10	24	10	0	0.04
72262023055	2018	10	24	11	0	0.602
72262023055	2018	10	24	14	0	0.01
72262023055	2018	10	31	8	0	0.04
72262023055	2018	10	31	13	0	0.01
72262023055	2018	10	31	16	0	0.07
72262023055	2018	10	31	17	0	0.04
72262023055	2018	10	31	18	0	0.01
72262023055	2018	10	31	19	0	0.05
72262023055	2018	10	31	20	0	0.01
72262023055	2018	11	1	1	0	0.03
72262023055	2018	12	8	1	0	0.051
72262023055	2018	12	8	2	0	0.086
72262023055	2018	12	8	3	0	0.051
72262023055	2018	12	8	6	0	0.034
72262023055	2018	12	8	7	0	0.034
72262023055	2018	12	8	8	0	0.017
72262023055	2018	12	8	17	0	0.017
72262023055	2018	12	8	18	0	0.015
72262023055	2018	12	13	13	0	0.001
72262023055	2018	12	13	15	0	0.002
72262023055	2018	12	13	20	0	0.006
72262023055	2018	12	18	12	0	0.01
72262023055	2018	12	18	13	0	0.04
72262023055	2018	12	18	14	0	0.002
72262023055	2018	12	18	15	0	0.006
72262023055	2018	12	18	16	0	0.001
72262023055	2018	12	18	17	0	0.04
72262023055	2018	12	18	18	0	0.01
72262023055	2018	12	18	19	0	0.002
72262023055	2018	12	18	21	0	0.03
72262023055	2018	12	18	22	0	0.002
72262023055	2018	12	18	23	0	0.001
72262023055	2018	12	19	0	0	0.002
72262023055	2018	12	26	15	0	0.09
72262023055	2018	12	26	19	0	0.01
72262023055	2018	12	26	23	0	0.01
72262023055	2019	1	3	4	0	0.01
72262023055	2019	1	3	6	0	0.01
72262023055	2019	1	4	9	0	0.042
72262023055	2019	1	7	1	0	0.031
72262023055	2019	1	7	2	0	0.011
72262023055	2019	1	11	4	0	0.03
72262023055	2019	1	11	5	0	0.127
72262023055	2019	1	11	6	0	0.04
72262023055	2019	1	11	15	0	0.002
72262023055	2019	2	11	13	0	0.06
72262023055	2019	2	11	14	0	0.01
72262023055	2019	3	12	23	0	0.001
72262023055	2019	3	13	0	0	0.037
72262023055	2019	3	13	1	0	0.001
72262023055	2019	3	13	22	0	0.001
72262023055	2019	4	13	19	0	0.02
72262023055	2019	4	13	20	0	0.002
72262023055	2019	4	13	21	0	0.001
72262023055	2019	4	18	0	0	0.01
72262023055	2019	4	18	1	0	0.03
72262023055	2019	4	23	0	0	0.03
72262023055	2019	4	23	1	0	0.02
72262023055	2019	4	23	4	0	0.01
72262023055	2019	4	24	20	0	0.06
72262023055	2019	5	11	4	0	0.02
72262023055	2019	5	11	5	0	0.02
72262023055	2019	5	12	13	0	0.04
72262023055	2019	5	13	1	0	0.01
72262023055	2019	5	13	7	0	0.03
72262023055	2019	5	13	12	0	0.01
72262023055	2019	5	13	16	0	0.03
72262023055	2019	5	13	18	0	0.01
72262023055	2019	6	1	18	0	0.02
72262023055	2019	6	1	19	0	0.05
72262023055	2019	6	2	8	0	0.012
72262023055	2019	6	3	3	0	0.01
72262023055	2019	6	5	21	0	0.01
72262023055	2019	6	14	1	0	0.01
72262023055	2019	6	14	2	0	0.011
72262023055	2019	6	14	3	0	0.02
72262023055	2019	6	25	23	0	0.05
72262023055	2019	6	26	0	0	0.03
72262023055	2019	6	26	1	0	0.02
72262023055	2019	7	2	19	0	0.02
72262023055	2019	7	7	0	0	0.12
72262023055	2019	7	7	1	0	0.03
72262023055	2019	7	7	3	0	0.039
72262023055	2019	7	8	7	0	0.03
72262023055	2019	7	8	9	0	0.04
72262023055	2019	7	19	1	0	0.01
72262023055	2019	7	19	20	0	0.03
72262023055	2019	7	21	21	0	0.011
72262023055	2019	7	21	22	0	0.008
72262023055	2019	7	23	6	0	0.08
72262023055	2019	7	23	8	0	0.01
72262023055	2019	7	23	9	0	0.03
72262023055	2019	7	29	8	0	0.14
72262023055	2019	7	29	9	0	0.01
72262023055	2019	7	29	11	0	0.01
72262023055	2019	8	4	12	0	0.01
72262023055	2019	8	4	13	0	0.01
72262023055	2019	8	4	21	0	0.02
72262023055	2019	8	7	21	0	0.03
72262023055	2019	8	7	22	0	0.01
72262023055	2019	8	8	22	0	0.05
72262023055	2019	8	8	23	0	0.02
72262023055	2019	8	12	0	0	0.03
72262023055	2019	8	28	21	0	0.07
72262023055	2019	8	28	22	0	0.02
72262023055	2019	8	30	1	0	0.06
72262023055	2019	8	30	2	0	0.01
72262023055	2019	8	30	3	0	0.05
72262023055	2019	8	30	7	0	0.01
72262023055	2019	9	7	19	0	0.23
72262023055	2019	9	8	23	0	0.1
72262023055	2019	9	9	0	0	0.02
72262023055	2019	9	9	1	0	0.08
72262023055	2019	9	11	22	0	0.03
72262023055	2019	9	11	23	0	0.02
72262023055	2019	9	12	18	0	0.18
72262023055	2019	9	12	19	0	0.06
72262023055	2019	9	20	7	0	0.09
72262023055	2019	9	20	12	0	0.01
72262023055	2019	9	20	13	0	0.02
72262023055	2019	9	21	16	0	0.02
72262023055	2019	9	22	9	0	0.01
72262023055	2019	9	28	2	0	0.06
72262023055	2019	9	28	3	0	0.06
72262023055	2019	9	29	1	0	0.01
72262023055	2019	9	29	23	0	0.01
72262023055	2019	10	1	1	0	0.01
72262023055	2019	10	1	3	0	0.07
72262023055	2019	10	1	8	0	0.01
72262023055	2019	10	1	9	0	0.02
72262023055	2019	10	1	10	0	0.72
72262023055	2019	10	1	11	0	0.02
72262023055	2019	10	1	13	0	0.06
72262023055	2019	10	1	14	0	0.01
72262023055	2019	10	2	1	0	0.07
72262023055	2019	10	2	4	0	0.01
72262023055	2019	10	2	9	0	0.07
72262023055	2019	10	2	10	0	0.02
72262023055	2019	10	2	18	0	0.01
72262023055	2019	10	3	18	0	0.13
72262023055	2019	10	3	19	0	0.076
72262023055	2019	10	3	22	0	0.016
72262023055	2019	10	3	23	0	0.01
72262023055	2019	10	4	0	0	0.009
72262023055	2019	10	5	0	0	0.19
72262023055	2019	10	5	4	0	0.01
72262023055	2019	10	8	23	0	0.01
72262023055	2019	10	9	1	0	0.08
72262023055	2019	10	9	5	0	0.04
72262023055	2019	10	9	6	0	0.1
72262023055	2019	10	9	7	0	0.11
72262023055	2019	10	9	8	0	0.01
72262023055	2019	10	15	13	0	0.01
72262023055	2019	11	6	6	0	0.15
72262023055	2019	11	6	17	0	0.03
72262023055	2019	11	6	23	0	0.02
72262023055	2019	11	7	0	0	0.01
72262023055	2019	11	8	10	0	0.001
72262023055	2019	11	20	5	0	0.02
72262023055	2019	11	20	6	0	0.07
72262023055	2019	11	21	22	0	0.04
72262023055	2019	11	22	7	0	0.01
72262023055	2019	11	27	19	0	0.13
72262023055	2019	11	27	20	0	0.09
72262023055	2019	11	27	21	0	0.04
72262023055	2019	11	27	22	0	0.01
72262023055	2019	11	27	23	0	0.01
72262023055	2019	11	28	0	0	0.01
72262023055	2019	11	28	4	0	0.01
72262023055	2019	11	28	5	0	0.02
72262023055	2019	11	28	6	0	0.02
72262023055	2019	12	9	10	0	0.01
72262023055	2019	12	9	12	0	0.03
72262023055	2019	12	9	13	0	0.02
72262023055	2019	12	9	14	0	0.01
72262023055	2019	12	9	18	0	0.02
72262023055	2019	12	9	19	0	0.03
72262023055	2019	12	9	20	0	0.01
72262023055	2019	12	9	21	0	0.01
72262023055	2019	12	10	9	0	0.08
72262023055	2019	12	10	10	0	0.01
72262023055	2019	12	10	11	0	0.001
72262023055	2019	12	28	10	0	0.01
72262023055	2019	12	28	23	0	0.01
