72261603032	2006	2	25	8	0	0.076
72261603032	2006	2	25	9	0	0.113
72261603032	2006	2	25	10	0	0.03
72261603032	2006	2	25	11	0	0.006
72261603032	2006	3	19	4	0	0.01
72261603032	2006	3	19	5	0	0.01
72261603032	2006	3	19	7	0	0.01
72261603032	2006	3	19	14	0	0.01
72261603032	2006	3	19	15	0	0.01
72261603032	2006	4	28	6	0	0.01
72261603032	2006	6	1	0	0	0.15
72261603032	2006	6	17	6	0	0.27
72261603032	2006	6	17	7	0	0.11
72261603032	2006	6	23	14	0	0.01
72261603032	2006	6	23	16	0	0.08
72261603032	2006	6	23	17	0	0.08
72261603032	2006	6	23	18	0	0.01
72261603032	2006	6	26	1	0	0.03
72261603032	2006	6	28	13	0	0.02
72261603032	2006	6	28	14	0	0.09
72261603032	2006	6	28	16	0	0.01
72261603032	2006	7	22	20	0	0.01
72261603032	2006	7	23	0	0	0.01
72261603032	2006	8	2	21	0	0.06
72261603032	2006	8	2	22	0	0.27
72261603032	2006	8	3	13	0	0.05
72261603032	2006	8	3	14	0	0.12
72261603032	2006	8	4	8	0	0.04
72261603032	2006	8	5	7	0	0.03
72261603032	2006	8	16	1	0	0.02
72261603032	2006	8	16	3	0	0.01
72261603032	2006	8	16	17	0	0.02
72261603032	2006	8	28	11	0	0.01
72261603032	2006	8	29	0	0	0.36
72261603032	2006	8	29	15	0	0.03
72261603032	2006	9	5	2	0	0.02
72261603032	2006	9	5	3	0	0.02
72261603032	2006	9	5	11	0	0.01
72261603032	2006	9	5	12	0	0.02
72261603032	2006	9	5	13	0	0.15
72261603032	2006	9	5	14	0	0.01
72261603032	2006	9	8	12	0	0.01
72261603032	2006	9	8	19	0	0.01
72261603032	2006	9	8	20	0	0.02
72261603032	2006	9	8	21	0	0.02
72261603032	2006	9	9	23	0	0.18
72261603032	2006	9	17	12	0	0.01
72261603032	2006	9	17	16	0	0.12
72261603032	2006	9	17	17	0	0.03
72261603032	2006	9	17	18	0	0.58
72261603032	2006	9	17	19	0	0.01
72261603032	2006	10	10	7	0	0.11
72261603032	2006	10	10	8	0	0.09
72261603032	2006	10	10	9	0	0.07
72261603032	2006	10	14	15	0	0.01
72261603032	2006	10	14	17	0	0.01
72261603032	2006	10	16	7	0	0.03
72261603032	2006	10	16	8	0	0.06
72261603032	2006	10	25	2	0	0.05
72261603032	2006	10	25	3	0	0.02
72261603032	2006	10	25	5	0	0.02
72261603032	2006	10	25	6	0	0.01
72261603032	2006	10	25	7	0	0.01
72261603032	2006	10	25	12	0	0.01
72261603032	2006	10	25	13	0	0.02
72261603032	2006	10	25	14	0	0.01
72261603032	2006	11	30	15	0	0.01
72261603032	2006	12	8	15	0	0.02
72261603032	2006	12	8	16	0	0.01
72261603032	2006	12	8	17	0	0.03
72261603032	2006	12	8	18	0	0.01
72261603032	2006	12	8	19	0	0.01
72261603032	2006	12	20	3	0	0.01
72261603032	2006	12	20	5	0	0.01
72261603032	2006	12	25	7	0	0.03
72261603032	2006	12	25	8	0	0.03
72261603032	2006	12	29	13	0	0.05
72261603032	2006	12	29	14	0	0.07
72261603032	2006	12	29	15	0	0.09
72261603032	2006	12	29	16	0	0.05
72261603032	2007	1	3	6	0	0.01
72261603032	2007	1	3	8	0	0.03
72261603032	2007	1	3	14	0	0.04
72261603032	2007	1	3	15	0	0.19
72261603032	2007	1	3	16	0	0.04
72261603032	2007	1	3	17	0	0.14
72261603032	2007	1	3	18	0	0.13
72261603032	2007	1	3	19	0	0.06
72261603032	2007	1	3	20	0	0.1
72261603032	2007	1	3	21	0	0.03
72261603032	2007	1	3	22	0	0.02
72261603032	2007	1	3	23	0	0.02
72261603032	2007	1	4	0	0	0.02
72261603032	2007	1	12	10	0	0.01
72261603032	2007	1	12	17	0	0.01
72261603032	2007	1	12	18	0	0.02
72261603032	2007	1	12	19	0	0.03
72261603032	2007	1	15	3	0	0.03
72261603032	2007	1	15	4	0	0.04
72261603032	2007	1	16	10	0	0.01
72261603032	2007	1	16	11	0	0.01
72261603032	2007	1	16	12	0	0.02
72261603032	2007	1	16	13	0	0.01
72261603032	2007	1	16	14	0	0.04
72261603032	2007	1	16	15	0	0.04
72261603032	2007	1	16	16	0	0.02
72261603032	2007	1	16	17	0	0.04
72261603032	2007	1	16	20	0	0.01
72261603032	2007	1	16	21	0	0.01
72261603032	2007	1	17	0	0	0.01
72261603032	2007	1	17	2	0	0.04
72261603032	2007	1	17	3	0	0.01
72261603032	2007	1	17	4	0	0.02
72261603032	2007	1	17	5	0	0.02
72261603032	2007	1	17	6	0	0.03
72261603032	2007	1	17	7	0	0.02
72261603032	2007	1	17	8	0	0.01
72261603032	2007	1	17	10	0	0.01
72261603032	2007	1	18	10	0	0.02
72261603032	2007	1	18	11	0	0.01
72261603032	2007	1	19	14	0	0.01
72261603032	2007	1	20	1	0	0.01
72261603032	2007	1	20	2	0	0.01
72261603032	2007	1	20	4	0	0.04
72261603032	2007	1	20	5	0	0.07
72261603032	2007	1	20	6	0	0.12
72261603032	2007	1	20	7	0	0.12
72261603032	2007	1	20	8	0	0.09
72261603032	2007	1	20	9	0	0.03
72261603032	2007	1	20	11	0	0.01
72261603032	2007	1	20	12	0	0.01
72261603032	2007	1	20	13	0	0.02
72261603032	2007	1	20	16	0	0.01
72261603032	2007	1	20	18	0	0.01
72261603032	2007	1	23	7	0	0.01
72261603032	2007	1	23	8	0	0.01
72261603032	2007	1	23	10	0	0.01
72261603032	2007	2	1	3	0	0.03
72261603032	2007	2	1	4	0	0.14
72261603032	2007	2	1	5	0	0.02
72261603032	2007	2	1	6	0	0.009
72261603032	2007	2	1	7	0	0.001
72261603032	2007	2	1	8	0	0.01
72261603032	2007	2	1	9	0	0.025
72261603032	2007	2	1	14	0	0.01
72261603032	2007	2	1	15	0	0.05
72261603032	2007	2	1	16	0	0.005
72261603032	2007	2	11	3	0	0.01
72261603032	2007	2	12	3	0	0.01
72261603032	2007	2	12	5	0	0.01
72261603032	2007	2	12	7	0	0.01
72261603032	2007	2	12	9	0	0.01
72261603032	2007	3	11	21	0	0.08
72261603032	2007	3	11	22	0	0.09
72261603032	2007	3	12	0	0	0.06
72261603032	2007	3	13	23	0	0.01
72261603032	2007	3	23	2	0	0.025
72261603032	2007	3	23	3	0	0.054
72261603032	2007	3	23	4	0	0.016
72261603032	2007	3	25	8	0	0.04
72261603032	2007	3	25	9	0	0.08
72261603032	2007	3	25	10	0	0.048
72261603032	2007	3	25	11	0	0.14
72261603032	2007	3	25	12	0	0.13
72261603032	2007	3	25	13	0	0.013
72261603032	2007	3	25	14	0	0.007
72261603032	2007	3	25	15	0	0.003
72261603032	2007	3	25	18	0	0.002
72261603032	2007	3	25	19	0	0.002
72261603032	2007	3	25	21	0	0.01
72261603032	2007	3	25	22	0	0.09
72261603032	2007	3	25	23	0	0.01
72261603032	2007	3	26	0	0	0.1
72261603032	2007	3	26	1	0	0.19
72261603032	2007	3	26	2	0	0.23
72261603032	2007	3	26	3	0	0.01
72261603032	2007	3	26	4	0	0.04
72261603032	2007	3	26	5	0	0.074
72261603032	2007	3	26	6	0	0.037
72261603032	2007	3	26	7	0	0.01
72261603032	2007	3	26	10	0	0.004
72261603032	2007	3	26	11	0	0.005
72261603032	2007	3	26	12	0	0.006
72261603032	2007	3	26	13	0	0.005
72261603032	2007	3	26	21	0	0.028
72261603032	2007	3	26	22	0	0.118
72261603032	2007	3	26	23	0	0.031
72261603032	2007	3	30	11	0	0.173
72261603032	2007	4	7	12	0	0.01
72261603032	2007	4	7	15	0	0.01
72261603032	2007	4	7	16	0	0.01
72261603032	2007	4	8	0	0	0.07
72261603032	2007	4	8	4	0	0.01
72261603032	2007	4	29	9	0	0.02
72261603032	2007	4	29	10	0	0.22
72261603032	2007	4	30	2	0	0.01
72261603032	2007	4	30	15	0	0.01
72261603032	2007	5	7	7	0	0.02
72261603032	2007	5	7	8	0	0.45
72261603032	2007	5	7	9	0	0.062
72261603032	2007	5	7	10	0	0.002
72261603032	2007	5	7	11	0	0.002
72261603032	2007	5	7	12	0	0.01
72261603032	2007	5	7	13	0	0.017
72261603032	2007	5	7	19	0	0.01
72261603032	2007	5	7	20	0	0.02
72261603032	2007	5	8	1	0	0.02
72261603032	2007	5	9	1	0	0.01
72261603032	2007	5	9	9	0	0.06
72261603032	2007	5	9	10	0	0.04
72261603032	2007	5	9	11	0	0.03
72261603032	2007	5	9	14	0	0.089
72261603032	2007	5	9	19	0	0.15
72261603032	2007	5	17	7	0	0.02
72261603032	2007	5	17	8	0	0.04
72261603032	2007	5	17	9	0	0.02
72261603032	2007	5	17	10	0	0.04
72261603032	2007	5	21	5	0	0.01
72261603032	2007	5	21	6	0	0.04
72261603032	2007	5	21	7	0	0.01
72261603032	2007	5	22	0	0	0.38
72261603032	2007	5	22	1	0	0.04
72261603032	2007	5	25	4	0	0.09
72261603032	2007	5	25	6	0	0.13
72261603032	2007	5	25	7	0	0.04
72261603032	2007	5	26	23	0	0.03
72261603032	2007	5	27	0	0	1.01
72261603032	2007	5	27	1	0	0.1
72261603032	2007	5	28	4	0	0.02
72261603032	2007	5	28	5	0	0.01
72261603032	2007	6	4	2	0	0.02
72261603032	2007	6	4	3	0	0.1
72261603032	2007	6	5	7	0	0.43
72261603032	2007	6	5	8	0	0.01
72261603032	2007	6	10	14	0	0.15
72261603032	2007	6	10	15	0	0.04
72261603032	2007	6	12	2	0	0.008
72261603032	2007	6	12	3	0	0.01
72261603032	2007	6	12	8	0	0.01
72261603032	2007	6	12	10	0	0.01
72261603032	2007	6	12	11	0	0.01
72261603032	2007	6	16	0	0	0.02
72261603032	2007	6	20	13	0	0.15
72261603032	2007	6	20	14	0	0.16
72261603032	2007	6	20	15	0	0.03
72261603032	2007	6	23	10	0	0.01
72261603032	2007	6	23	11	0	0.004
72261603032	2007	6	23	12	0	0.003
72261603032	2007	6	23	15	0	0.002
72261603032	2007	6	27	8	0	0.033
72261603032	2007	6	27	9	0	0.04
72261603032	2007	7	20	23	0	0.02
72261603032	2007	7	21	14	0	0.01
72261603032	2007	7	21	17	0	0.01
72261603032	2007	7	21	18	0	0.79
72261603032	2007	7	21	19	0	0.15
72261603032	2007	7	21	20	0	0.12
72261603032	2007	7	21	21	0	0.01
72261603032	2007	7	22	9	0	0.01
72261603032	2007	7	22	10	0	0.12
72261603032	2007	7	22	11	0	0.01
72261603032	2007	7	26	13	0	0.01
72261603032	2007	7	26	15	0	0.01
72261603032	2007	7	28	22	0	0.45
72261603032	2007	7	28	23	0	0.21
72261603032	2007	7	30	17	0	0.03
72261603032	2007	7	30	18	0	0.02
72261603032	2007	7	30	19	0	0.01
72261603032	2007	8	2	14	0	0.02
72261603032	2007	8	3	18	0	0.22
72261603032	2007	8	17	19	0	0.03
72261603032	2007	8	17	20	0	0.01
72261603032	2007	8	31	20	0	0.002
72261603032	2007	8	31	21	0	0.27
72261603032	2007	9	4	7	0	0.01
72261603032	2007	9	4	8	0	0.01
72261603032	2007	9	4	9	0	0.04
72261603032	2007	9	4	10	0	0.01
72261603032	2007	9	4	11	0	0.01
72261603032	2007	9	4	12	0	0.01
72261603032	2007	9	4	13	0	0.01
72261603032	2007	9	11	13	0	0.31
72261603032	2007	9	11	14	0	0.43
72261603032	2007	9	11	15	0	0.19
72261603032	2007	9	11	16	0	0.17
72261603032	2007	9	11	17	0	0.06
72261603032	2007	9	11	18	0	0.01
72261603032	2007	9	18	0	0	0.01
72261603032	2007	9	24	2	0	0.005
72261603032	2007	9	24	3	0	0.03
72261603032	2007	9	24	4	0	0.02
72261603032	2007	10	10	3	0	0.01
72261603032	2007	10	10	4	0	0.12
72261603032	2007	11	24	19	0	0.02
72261603032	2007	11	24	20	0	0.04
72261603032	2007	11	24	21	0	0.04
72261603032	2007	11	27	15	0	0.001
72261603032	2007	11	27	17	0	0.01
72261603032	2007	12	11	8	0	0.01
72261603032	2008	1	15	8	0	0.002
72261603032	2008	1	15	10	0	0.02
72261603032	2008	1	15	11	0	0.04
72261603032	2008	1	15	12	0	0.026
72261603032	2008	1	15	13	0	0.019
72261603032	2008	1	24	16	0	0.02
72261603032	2008	1	24	17	0	0.02
72261603032	2008	1	24	18	0	0.01
72261603032	2008	1	24	19	0	0.01
72261603032	2008	1	24	20	0	0.01
72261603032	2008	1	24	21	0	0.01
72261603032	2008	3	18	8	0	0.01
72261603032	2008	3	18	20	0	0.01
72261603032	2008	3	18	22	0	0.08
72261603032	2008	3	18	23	0	0.01
72261603032	2008	4	27	18	0	0.029
72261603032	2008	4	27	23	0	0.001
72261603032	2008	5	7	1	0	0.06
72261603032	2008	5	13	2	0	0.03
72261603032	2008	5	16	1	0	0.18
72261603032	2008	5	16	2	0	0.15
72261603032	2008	5	16	3	0	0.04
72261603032	2008	5	16	23	0	0.01
72261603032	2008	5	17	0	0	0.01
72261603032	2008	5	17	6	0	0.01
72261603032	2008	5	17	11	0	0.01
72261603032	2008	5	17	16	0	0.01
72261603032	2008	5	18	0	0	0.04
72261603032	2008	5	18	1	0	0.02
72261603032	2008	5	22	18	0	0.01
72261603032	2008	5	26	6	0	0.005
72261603032	2008	6	18	12	0	0.01
72261603032	2008	6	29	11	0	0.01
72261603032	2008	6	29	14	0	0.066
72261603032	2008	6	29	15	0	0.27
72261603032	2008	6	29	16	0	0.17
72261603032	2008	6	29	17	0	0.01
72261603032	2008	6	30	14	0	0.03
72261603032	2008	6	30	21	0	0.02
72261603032	2008	6	30	22	0	0.02
72261603032	2008	7	1	2	0	0.01
72261603032	2008	7	1	3	0	0.54
72261603032	2008	7	1	4	0	0.2
72261603032	2008	7	1	5	0	0.24
72261603032	2008	7	1	6	0	0.02
72261603032	2008	7	1	7	0	0.01
72261603032	2008	7	1	8	0	0.02
72261603032	2008	7	1	11	0	0.01
72261603032	2008	7	1	12	0	0.01
72261603032	2008	7	1	13	0	0.01
72261603032	2008	7	8	17	0	0.01
72261603032	2008	7	14	13	0	0.714
72261603032	2008	7	25	4	0	0.01
72261603032	2008	7	25	5	0	0.02
72261603032	2008	7	25	6	0	0.02
72261603032	2008	7	25	7	0	0.64
72261603032	2008	7	25	8	0	0.09
72261603032	2008	7	25	9	0	0.18
72261603032	2008	7	25	10	0	0.58
72261603032	2008	7	25	11	0	0.13
72261603032	2008	7	25	12	0	0.12
72261603032	2008	7	25	13	0	0.11
72261603032	2008	7	25	14	0	0.12
72261603032	2008	7	25	15	0	0.03
72261603032	2008	7	25	16	0	0.06
72261603032	2008	8	11	7	0	0.01
72261603032	2008	8	12	4	0	0.01
72261603032	2008	8	17	11	0	0.01
72261603032	2008	8	18	4	0	0.01
72261603032	2008	8	21	23	0	0.01
72261603032	2008	8	23	13	0	0.02
72261603032	2008	8	23	14	0	0.01
72261603032	2008	8	28	16	0	0.03
72261603032	2008	8	28	21	0	0.07
72261603032	2008	8	28	22	0	0.01
72261603032	2008	8	28	23	0	0.2
72261603032	2008	8	29	0	0	0.03
72261603032	2008	8	29	3	0	0.34
72261603032	2008	8	29	4	0	0.08
72261603032	2008	8	29	5	0	0.01
72261603032	2008	8	29	15	0	0.07
72261603032	2008	8	29	16	0	0.08
72261603032	2008	8	29	17	0	0.08
72261603032	2008	8	29	18	0	0.03
72261603032	2008	8	29	19	0	0.06
72261603032	2008	8	30	3	0	0.01
72261603032	2008	8	30	4	0	0.08
72261603032	2008	9	3	5	0	0.01
72261603032	2008	9	9	20	0	0.001
72261603032	2008	9	9	21	0	0.04
72261603032	2008	9	9	23	0	0.04
72261603032	2008	9	10	0	0	0.15
72261603032	2008	9	10	1	0	0.13
72261603032	2008	9	10	2	0	0.02
72261603032	2008	9	10	3	0	0.06
72261603032	2008	9	10	4	0	0.06
72261603032	2008	9	10	5	0	0.06
72261603032	2008	9	10	6	0	0.02
72261603032	2008	9	10	7	0	0.01
72261603032	2008	9	10	8	0	0.05
72261603032	2008	9	10	9	0	0.01
72261603032	2008	9	10	11	0	0.01
72261603032	2008	9	10	12	0	0.01
72261603032	2008	9	10	14	0	0.01
72261603032	2008	9	10	17	0	0.03
72261603032	2008	9	10	18	0	0.07
72261603032	2008	9	10	20	0	0.01
72261603032	2008	9	10	21	0	0.01
72261603032	2008	9	11	2	0	0.01
72261603032	2008	9	11	11	0	0.004
72261603032	2008	9	12	9	0	0.28
72261603032	2008	9	12	10	0	0.01
72261603032	2008	9	13	23	0	0.006
72261603032	2008	9	14	13	0	0.12
72261603032	2008	9	14	14	0	0.04
72261603032	2008	9	14	15	0	0.09
72261603032	2008	9	14	16	0	0.01
72261603032	2008	9	16	0	0	0.01
72261603032	2008	9	16	1	0	0.01
72261603032	2008	9	16	2	0	0.01
72261603032	2008	9	18	1	0	0.01
72261603032	2008	10	6	3	0	0.06
72261603032	2008	10	6	6	0	0.01
72261603032	2008	10	14	22	0	0.02
72261603032	2008	10	14	23	0	0.04
72261603032	2008	10	15	0	0	0.1
72261603032	2008	10	15	7	0	0.07
72261603032	2008	10	15	8	0	0.02
72261603032	2008	11	12	3	0	0.01
72261603032	2008	12	9	20	0	0.01
72261603032	2008	12	9	21	0	0.03
72261603032	2008	12	9	22	0	0.03
72261603032	2008	12	9	23	0	0.04
72261603032	2009	3	11	3	0	0.31
72261603032	2009	3	11	4	0	0.16
72261603032	2009	3	11	13	0	0.05
72261603032	2009	3	11	14	0	0.17
72261603032	2009	3	11	15	0	0.1
72261603032	2009	3	11	16	0	0.23
72261603032	2009	3	11	17	0	0.25
72261603032	2009	3	11	18	0	0.1
72261603032	2009	3	12	0	0	0.12
72261603032	2009	3	12	1	0	0.12
72261603032	2009	3	12	5	0	0.08
72261603032	2009	3	13	7	0	0.01
72261603032	2009	3	13	10	0	0.01
72261603032	2009	3	13	14	0	0.01
72261603032	2009	3	15	8	0	0.01
72261603032	2009	3	15	9	0	0.02
72261603032	2009	4	12	5	0	0.11
72261603032	2009	4	30	0	0	0.044
72261603032	2009	5	16	0	0	0.05
72261603032	2009	5	16	1	0	0.03
72261603032	2009	5	16	2	0	0.01
72261603032	2009	5	22	1	0	0.01
72261603032	2009	5	22	23	0	0.01
72261603032	2009	5	23	6	0	0.12
72261603032	2009	5	23	7	0	0.03
72261603032	2009	5	26	1	0	0.02
72261603032	2009	5	26	2	0	0.05
72261603032	2009	5	26	10	0	0.01
72261603032	2009	5	27	4	0	0.04
72261603032	2009	5	27	15	0	0.07
72261603032	2009	5	28	4	0	0.01
72261603032	2009	5	30	0	0	0.09
72261603032	2009	6	1	12	0	0.02
72261603032	2009	6	2	22	0	0.29
72261603032	2009	6	2	23	0	0.01
72261603032	2009	6	3	0	0	0.01
72261603032	2009	6	6	6	0	0.01
72261603032	2009	6	6	7	0	0.02
72261603032	2009	6	7	2	0	0.05
72261603032	2009	6	7	3	0	0.03
72261603032	2009	6	15	5	0	0.01
72261603032	2009	6	18	23	0	0.01
72261603032	2009	6	19	0	0	0.28
72261603032	2009	6	19	2	0	0.01
72261603032	2009	6	19	3	0	0.01
72261603032	2009	6	19	5	0	0.06
72261603032	2009	6	19	6	0	0.12
72261603032	2009	6	19	7	0	0.146
72261603032	2009	6	19	8	0	0.097
72261603032	2009	6	19	9	0	0.059
72261603032	2009	6	19	10	0	0.036
72261603032	2009	6	19	11	0	0.057
72261603032	2009	6	19	12	0	0.04
72261603032	2009	6	19	13	0	0.004
72261603032	2009	6	19	23	0	0.04
72261603032	2009	6	20	0	0	0.02
72261603032	2009	6	20	1	0	0.01
72261603032	2009	6	20	6	0	0.05
72261603032	2009	6	20	7	0	0.047
72261603032	2009	6	20	8	0	0.08
72261603032	2009	6	20	9	0	0.02
72261603032	2009	6	20	10	0	0.136
72261603032	2009	6	20	11	0	0.189
72261603032	2009	6	20	12	0	0.21
72261603032	2009	6	20	13	0	0.26
72261603032	2009	6	20	14	0	0.11
72261603032	2009	7	1	2	0	0.02
72261603032	2009	7	1	3	0	0.01
72261603032	2009	7	6	9	0	0.06
72261603032	2009	7	6	10	0	0.03
72261603032	2009	7	29	11	0	0.02
72261603032	2009	8	1	22	0	0.01
72261603032	2009	8	1	23	0	0.01
72261603032	2009	8	2	6	0	0.01
72261603032	2009	8	2	12	0	0.01
72261603032	2009	8	15	22	0	0.14
72261603032	2009	8	28	4	0	0.19
72261603032	2009	9	3	22	0	0.03
72261603032	2009	9	10	3	0	0.02
72261603032	2009	9	10	19	0	0.02
72261603032	2009	9	10	20	0	0.08
72261603032	2009	9	20	23	0	0.21
72261603032	2009	9	23	10	0	0.01
72261603032	2009	10	3	15	0	0.04
72261603032	2009	10	3	16	0	0.06
72261603032	2009	10	4	23	0	0.03
72261603032	2009	10	5	6	0	0.03
72261603032	2009	10	5	7	0	0.14
72261603032	2009	10	7	0	0	0.19
72261603032	2009	10	8	2	0	0.023
72261603032	2009	10	8	4	0	0.01
72261603032	2009	10	8	5	0	0.01
72261603032	2009	10	11	13	0	0.01
72261603032	2009	10	11	15	0	0.01
72261603032	2009	10	13	2	0	0.06
72261603032	2009	10	13	8	0	0.006
72261603032	2009	10	13	9	0	0.12
72261603032	2009	10	13	10	0	0.07
72261603032	2009	10	13	11	0	0.01
72261603032	2009	10	22	0	0	0.04
72261603032	2009	10	22	1	0	0.041
72261603032	2009	10	22	2	0	0.01
72261603032	2009	10	22	3	0	0.019
72261603032	2009	10	26	13	0	0.03
72261603032	2009	11	30	0	0	0.01
72261603032	2009	11	30	1	0	0.01
72261603032	2009	11	30	6	0	0.001
72261603032	2009	11	30	7	0	0.002
72261603032	2009	11	30	8	0	0.04
72261603032	2009	11	30	9	0	0.05
72261603032	2009	11	30	10	0	0.02
72261603032	2009	11	30	11	0	0.03
72261603032	2009	11	30	12	0	0.022
72261603032	2009	11	30	15	0	0.001
72261603032	2009	11	30	18	0	0.01
72261603032	2009	12	1	0	0	0.02
72261603032	2009	12	1	9	0	0.08
72261603032	2009	12	1	10	0	0.03
72261603032	2009	12	1	11	0	0.03
72261603032	2009	12	1	12	0	0.02
72261603032	2009	12	1	13	0	0.02
72261603032	2009	12	1	14	0	0.01
72261603032	2009	12	4	14	0	0.03
72261603032	2009	12	8	3	0	0.01
72261603032	2009	12	8	4	0	0.01
72261603032	2009	12	23	23	0	0.02
72261603032	2009	12	24	0	0	0.03
72261603032	2009	12	24	1	0	0.04
72261603032	2009	12	24	2	0	0.08
72261603032	2009	12	29	10	0	0.01
72261603032	2009	12	29	11	0	0.01
72261603032	2010	1	15	9	0	0.14
72261603032	2010	1	15	12	0	0.05
72261603032	2010	1	15	13	0	0.03
72261603032	2010	1	15	14	0	0.03
72261603032	2010	1	15	16	0	0.01
72261603032	2010	1	15	17	0	0.03
72261603032	2010	1	15	18	0	0.02
72261603032	2010	1	15	19	0	0.01
72261603032	2010	1	15	21	0	0.01
72261603032	2010	1	15	22	0	0.01
72261603032	2010	1	16	4	0	0.01
72261603032	2010	1	23	15	0	0.03
72261603032	2010	1	23	16	0	0.05
72261603032	2010	1	23	19	0	0.01
72261603032	2010	1	28	13	0	0.13
72261603032	2010	1	28	14	0	0.16
72261603032	2010	1	28	15	0	0.12
72261603032	2010	1	28	23	0	0.04
72261603032	2010	1	29	0	0	0.09
72261603032	2010	1	29	1	0	0.07
72261603032	2010	1	29	2	0	0.08
72261603032	2010	1	29	3	0	0.12
72261603032	2010	1	29	4	0	0.11
72261603032	2010	1	29	5	0	0.12
72261603032	2010	1	29	6	0	0.02
72261603032	2010	1	29	7	0	0.04
72261603032	2010	2	3	6	0	0.04
72261603032	2010	2	3	7	0	0.1
72261603032	2010	2	3	8	0	0.09
72261603032	2010	2	3	9	0	0.04
72261603032	2010	2	3	10	0	0.03
72261603032	2010	2	3	11	0	0.12
72261603032	2010	2	3	12	0	0.18
72261603032	2010	2	3	13	0	0.09
72261603032	2010	2	3	14	0	0.02
72261603032	2010	2	3	15	0	0.17
72261603032	2010	2	3	16	0	0.02
72261603032	2010	2	3	22	0	0.01
72261603032	2010	2	4	0	0	0.05
72261603032	2010	2	4	4	0	0.01
72261603032	2010	2	4	10	0	0.01
72261603032	2010	2	4	22	0	0.03
72261603032	2010	2	7	11	0	0.01
72261603032	2010	2	7	12	0	0.01
72261603032	2010	2	7	13	0	0.02
72261603032	2010	2	7	14	0	0.01
72261603032	2010	2	7	15	0	0.01
72261603032	2010	2	8	0	0	0.01
72261603032	2010	2	8	2	0	0.01
72261603032	2010	2	8	7	0	0.01
72261603032	2010	2	8	21	0	0.01
72261603032	2010	2	11	15	0	0.05
72261603032	2010	2	23	13	0	0.01
72261603032	2010	2	23	15	0	0.04
72261603032	2010	2	23	16	0	0.01
72261603032	2010	3	1	0	0	0.03
72261603032	2010	3	1	1	0	0.01
72261603032	2010	3	6	11	0	0.01
72261603032	2010	3	6	12	0	0.01
72261603032	2010	3	6	13	0	0.01
72261603032	2010	3	6	14	0	0.01
72261603032	2010	4	12	2	0	0.01
72261603032	2010	4	12	5	0	0.01
72261603032	2010	4	12	7	0	0.01
72261603032	2010	4	13	8	0	0.01
72261603032	2010	4	14	8	0	0.01
72261603032	2010	4	14	9	0	0.02
72261603032	2010	4	14	17	0	0.04
72261603032	2010	4	15	0	0	0.02
72261603032	2010	4	15	1	0	0.07
72261603032	2010	4	15	2	0	0.01
72261603032	2010	4	15	3	0	0.27
72261603032	2010	4	15	4	0	0.21
72261603032	2010	4	15	5	0	0.07
72261603032	2010	4	15	6	0	0.01
72261603032	2010	4	15	7	0	0.01
72261603032	2010	4	15	8	0	0.02
72261603032	2010	4	15	14	0	0.02
72261603032	2010	5	16	8	0	0.01
72261603032	2010	5	16	9	0	0.03
72261603032	2010	5	16	10	0	0.002
72261603032	2010	5	16	11	0	0.61
72261603032	2010	5	18	2	0	0.01
72261603032	2010	5	25	2	0	0.171
72261603032	2010	5	25	3	0	0.01
72261603032	2010	6	12	18	0	0.01
72261603032	2010	6	15	6	0	0.04
72261603032	2010	6	16	18	0	0.01
72261603032	2010	6	20	18	0	0.01
72261603032	2010	6	30	6	0	0.01
72261603032	2010	6	30	11	0	0.01
72261603032	2010	6	30	15	0	0.07
72261603032	2010	6	30	22	0	0.02
72261603032	2010	6	30	23	0	0.01
72261603032	2010	7	1	4	0	0.01
72261603032	2010	7	1	14	0	0.01
72261603032	2010	7	1	17	0	0.07
72261603032	2010	7	1	18	0	0.41
72261603032	2010	7	1	19	0	0.03
72261603032	2010	7	1	21	0	0.08
72261603032	2010	7	1	22	0	0.1
72261603032	2010	7	1	23	0	0.02
72261603032	2010	7	2	0	0	0.02
72261603032	2010	7	2	3	0	0.03
72261603032	2010	7	2	4	0	0.1
72261603032	2010	7	2	5	0	0.01
72261603032	2010	7	2	6	0	0.09
72261603032	2010	7	2	7	0	0.16
72261603032	2010	7	2	8	0	0.2
72261603032	2010	7	2	9	0	0.03
72261603032	2010	7	2	10	0	0.04
72261603032	2010	7	2	11	0	0.04
72261603032	2010	7	2	12	0	0.03
72261603032	2010	7	2	13	0	0.04
72261603032	2010	7	2	14	0	0.25
72261603032	2010	7	2	15	0	0.22
72261603032	2010	7	2	16	0	0.06
72261603032	2010	7	2	17	0	0.04
72261603032	2010	7	2	18	0	0.03
72261603032	2010	7	2	19	0	0.02
72261603032	2010	7	2	20	0	0.02
72261603032	2010	7	3	0	0	0.04
72261603032	2010	7	3	1	0	0.1
72261603032	2010	7	3	2	0	0.41
72261603032	2010	7	3	3	0	0.19
72261603032	2010	7	3	4	0	0.25
72261603032	2010	7	3	5	0	0.59
72261603032	2010	7	3	6	0	0.18
72261603032	2010	7	3	7	0	0.15
72261603032	2010	7	3	8	0	0.2
72261603032	2010	7	3	9	0	0.36
72261603032	2010	7	3	10	0	0.12
72261603032	2010	7	3	11	0	0.08
72261603032	2010	7	3	12	0	0.09
72261603032	2010	7	3	13	0	0.1
72261603032	2010	7	3	14	0	0.03
72261603032	2010	7	3	16	0	0.06
72261603032	2010	7	3	17	0	0.01
72261603032	2010	7	4	1	0	0.02
72261603032	2010	7	4	2	0	0.01
72261603032	2010	7	4	9	0	0.25
72261603032	2010	7	4	10	0	0.07
72261603032	2010	7	4	11	0	0.05
72261603032	2010	7	4	12	0	0.02
72261603032	2010	7	4	13	0	0.01
72261603032	2010	7	4	18	0	0.01
72261603032	2010	7	4	19	0	0.01
72261603032	2010	7	5	7	0	0.01
72261603032	2010	7	5	15	0	0.01
72261603032	2010	7	5	16	0	0.02
72261603032	2010	7	5	17	0	0.02
72261603032	2010	7	5	18	0	0.02
72261603032	2010	7	5	19	0	0.07
72261603032	2010	7	5	20	0	0.01
72261603032	2010	7	8	13	0	0.01
72261603032	2010	7	8	21	0	0.12
72261603032	2010	7	8	22	0	0.19
72261603032	2010	7	9	1	0	0.16
72261603032	2010	7	9	2	0	0.28
72261603032	2010	7	9	3	0	0.2
72261603032	2010	7	9	9	0	0.01
72261603032	2010	7	9	12	0	0.01
72261603032	2010	7	9	13	0	0.01
72261603032	2010	7	9	17	0	0.07
72261603032	2010	7	9	18	0	0.07
72261603032	2010	7	9	20	0	0.09
72261603032	2010	7	9	21	0	0.02
72261603032	2010	7	9	22	0	0.01
72261603032	2010	7	9	23	0	0.03
72261603032	2010	7	10	1	0	0.03
72261603032	2010	7	10	5	0	0.29
72261603032	2010	7	10	6	0	0.06
72261603032	2010	7	10	7	0	0.12
72261603032	2010	7	10	8	0	0.04
72261603032	2010	7	10	9	0	0.04
72261603032	2010	8	25	3	0	0.02
72261603032	2010	8	25	4	0	0.03
72261603032	2010	9	3	9	0	0.05
72261603032	2010	9	3	10	0	0.01
72261603032	2010	9	3	11	0	0.02
72261603032	2010	9	7	14	0	0.01
72261603032	2010	9	7	15	0	0.06
72261603032	2010	9	7	20	0	0.004
72261603032	2010	9	7	21	0	0.01
72261603032	2010	9	10	2	0	0.01
72261603032	2010	9	19	9	0	0.01
72261603032	2010	9	19	12	0	0.02
72261603032	2010	9	19	17	0	0.01
72261603032	2010	9	20	13	0	0.02
72261603032	2010	9	20	14	0	0.08
72261603032	2010	9	20	15	0	0.01
72261603032	2010	9	20	16	0	0.06
72261603032	2010	9	20	17	0	0.14
72261603032	2010	9	20	19	0	0.01
72261603032	2010	11	17	16	0	0.09
72261603032	2010	12	23	15	0	0.01
72261603032	2011	1	9	4	0	0.16
72261603032	2011	1	9	5	0	0.18
72261603032	2011	1	9	6	0	0.123
72261603032	2011	2	19	1	0	0.01
72261603032	2011	2	19	3	0	0.01
72261603032	2011	2	19	9	0	0.01
72261603032	2011	2	19	11	0	0.01
72261603032	2011	2	19	12	0	0.01
72261603032	2011	2	19	13	0	0.01
72261603032	2011	2	19	15	0	0.01
72261603032	2011	4	22	0	0	0.18
72261603032	2011	4	22	1	0	0.17
72261603032	2011	5	7	0	0	0.01
72261603032	2011	6	20	1	0	0.002
72261603032	2011	6	20	2	0	0.044
72261603032	2011	6	20	4	0	0.015
72261603032	2011	7	12	0	0	0.01
72261603032	2011	8	12	8	0	0.01
72261603032	2011	8	26	0	0	0.02
72261603032	2011	8	26	1	0	0.025
72261603032	2011	8	26	2	0	0.049
72261603032	2011	8	26	3	0	0.001
72261603032	2011	9	15	14	0	0.01
72261603032	2011	9	15	15	0	0.03
72261603032	2011	9	15	16	0	0.03
72261603032	2011	9	15	17	0	0.02
72261603032	2011	9	15	18	0	0.04
72261603032	2011	9	17	9	0	0.01
72261603032	2011	9	17	10	0	0.07
72261603032	2011	9	17	11	0	0.01
72261603032	2011	9	30	7	0	0.07
72261603032	2011	9	30	8	0	0.06
72261603032	2011	9	30	9	0	0.06
72261603032	2011	10	5	13	0	0.01
72261603032	2011	10	8	18	0	0.08
72261603032	2011	10	8	19	0	0.49
72261603032	2011	10	8	20	0	0.16
72261603032	2011	10	9	6	0	0.5
72261603032	2011	10	9	7	0	0.3
72261603032	2011	10	9	8	0	0.02
72261603032	2011	10	9	9	0	0.05
72261603032	2011	10	9	10	0	0.01
72261603032	2011	11	25	21	0	0.01
72261603032	2011	12	5	5	0	0.1
72261603032	2011	12	5	6	0	0.03
72261603032	2011	12	5	7	0	0.02
72261603032	2011	12	10	21	0	0.02
72261603032	2011	12	10	23	0	0.01
72261603032	2011	12	11	1	0	0.01
72261603032	2011	12	11	5	0	0.01
72261603032	2011	12	12	12	0	0.01
72261603032	2011	12	12	15	0	0.01
72261603032	2011	12	13	4	0	0.01
72261603032	2011	12	13	5	0	0.01
72261603032	2011	12	13	17	0	0.01
72261603032	2011	12	24	6	0	0.01
72261603032	2012	1	26	1	0	0.02
72261603032	2012	2	2	13	0	0.01
72261603032	2012	2	12	13	0	0.004
72261603032	2012	2	12	15	0	0.13
72261603032	2012	2	12	16	0	0.08
72261603032	2012	2	12	17	0	0.047
72261603032	2012	2	12	18	0	0.01
72261603032	2012	2	12	19	0	0.009
72261603032	2012	2	13	4	0	0.02
72261603032	2012	2	13	5	0	0.09
72261603032	2012	2	13	6	0	0.01
72261603032	2012	2	17	1	0	0.02
72261603032	2012	2	17	2	0	0.07
72261603032	2012	2	17	3	0	0.07
72261603032	2012	2	17	4	0	0.02
72261603032	2012	2	17	6	0	0.15
72261603032	2012	2	17	7	0	0.01
72261603032	2012	2	18	1	0	0.01
72261603032	2012	2	18	6	0	0.02
72261603032	2012	2	18	7	0	0.02
72261603032	2012	2	18	9	0	0.02
72261603032	2012	3	16	4	0	0.04
72261603032	2012	3	16	5	0	0.02
72261603032	2012	3	16	6	0	0.09
72261603032	2012	3	28	0	0	0.92
72261603032	2012	3	28	1	0	0.26
72261603032	2012	3	28	2	0	0.21
72261603032	2012	3	28	3	0	0.01
72261603032	2012	4	10	8	0	0.006
72261603032	2012	4	10	9	0	0.15
72261603032	2012	4	10	10	0	0.1
72261603032	2012	4	10	11	0	0.01
72261603032	2012	4	11	14	0	0.03
72261603032	2012	4	30	23	0	0.06
72261603032	2012	5	1	0	0	0.34
72261603032	2012	5	1	1	0	0.01
72261603032	2012	5	3	23	0	0.28
72261603032	2012	5	4	0	0	0.09
72261603032	2012	5	7	22	0	0.08
72261603032	2012	5	8	9	0	0.39
72261603032	2012	5	8	15	0	0.01
72261603032	2012	5	8	16	0	0.01
72261603032	2012	5	8	23	0	0.002
72261603032	2012	5	9	0	0	0.47
72261603032	2012	5	9	1	0	0.02
72261603032	2012	5	9	2	0	0.43
72261603032	2012	5	9	3	0	0.2
72261603032	2012	5	9	4	0	0.44
72261603032	2012	5	10	6	0	0.01
72261603032	2012	5	10	7	0	0.08
72261603032	2012	5	10	8	0	0.01
72261603032	2012	5	10	9	0	0.03
72261603032	2012	5	10	10	0	0.01
72261603032	2012	5	10	14	0	0.003
72261603032	2012	5	10	15	0	0.25
72261603032	2012	5	10	22	0	1.08
72261603032	2012	5	10	23	0	0.1
72261603032	2012	5	11	0	0	0.03
72261603032	2012	5	14	7	0	0.68
72261603032	2012	5	14	8	0	0.07
72261603032	2012	5	14	13	0	0.02
72261603032	2012	5	14	14	0	0.01
72261603032	2012	5	14	22	0	0.06
72261603032	2012	5	14	23	0	0.02
72261603032	2012	5	15	0	0	0.01
72261603032	2012	5	27	6	0	0.02
72261603032	2012	6	13	13	0	0.02
72261603032	2012	6	15	4	0	0.18
72261603032	2012	7	4	0	0	0.02
72261603032	2012	7	5	19	0	0.47
72261603032	2012	7	5	20	0	0.28
72261603032	2012	7	5	21	0	0.01
72261603032	2012	7	5	22	0	0.01
72261603032	2012	7	10	17	0	0.03
72261603032	2012	7	11	15	0	0.02
72261603032	2012	7	11	16	0	0.006
72261603032	2012	7	11	18	0	0.001
72261603032	2012	7	11	20	0	0.003
72261603032	2012	7	27	4	0	0.04
72261603032	2012	7	27	5	0	0.5
72261603032	2012	7	27	6	0	0.02
72261603032	2012	7	27	7	0	0.08
72261603032	2012	7	27	8	0	0.02
72261603032	2012	7	27	9	0	0.01
72261603032	2012	8	18	10	0	0.06
72261603032	2012	8	18	11	0	0.13
72261603032	2012	8	18	12	0	0.1
72261603032	2012	8	20	0	0	0.41
72261603032	2012	8	20	1	0	0.08
72261603032	2012	8	25	8	0	0.02
72261603032	2012	8	25	9	0	0.05
72261603032	2012	8	25	10	0	0.05
72261603032	2012	8	29	17	0	0.21
72261603032	2012	9	13	22	0	0.43
72261603032	2012	9	13	23	0	0.07
72261603032	2012	9	15	19	0	0.03
72261603032	2012	9	15	20	0	0.07
72261603032	2012	9	15	21	0	0.04
72261603032	2012	9	15	22	0	0.03
72261603032	2012	9	15	23	0	0.01
72261603032	2012	9	28	6	0	0.03
72261603032	2012	9	28	15	0	0.02
72261603032	2012	9	28	21	0	0.04
72261603032	2012	9	28	22	0	0.06
72261603032	2012	9	28	23	0	0.02
72261603032	2012	9	29	0	0	0.03
72261603032	2012	9	29	1	0	0.16
72261603032	2012	9	29	2	0	0.4
72261603032	2012	9	29	3	0	0.03
72261603032	2012	9	29	4	0	0.01
72261603032	2012	9	29	6	0	0.05
72261603032	2012	10	1	7	0	0.02
72261603032	2012	10	7	10	0	0.01
72261603032	2012	10	13	1	0	0.01
72261603032	2012	10	13	2	0	0.19
72261603032	2012	10	13	3	0	0.14
72261603032	2012	10	13	4	0	0.03
72261603032	2012	10	13	5	0	0.03
72261603032	2012	10	13	6	0	0.01
72261603032	2012	11	4	1	0	0.06
72261603032	2012	11	4	2	0	0.01
72261603032	2012	11	18	13	0	0.01
72261603032	2012	11	22	1	0	0.011
72261603032	2012	11	22	2	0	0.001
72261603032	2012	11	22	5	0	0.019
72261603032	2012	12	2	15	0	0.01
72261603032	2012	12	31	1	0	0.01
72261603032	2012	12	31	2	0	0.01
72261603032	2012	12	31	5	0	0.01
72261603032	2013	1	4	0	0	0.01
72261603032	2013	1	4	3	0	0.03
72261603032	2013	1	4	4	0	0.07
72261603032	2013	1	4	5	0	0.09
72261603032	2013	1	4	6	0	0.09
72261603032	2013	1	4	7	0	0.03
72261603032	2013	1	4	8	0	0.06
72261603032	2013	1	4	9	0	0.01
72261603032	2013	1	4	20	0	0.01
72261603032	2013	1	8	21	0	0.01
72261603032	2013	1	9	2	0	0.013
72261603032	2013	1	9	3	0	0.12
72261603032	2013	1	9	4	0	0.05
72261603032	2013	1	9	7	0	0.17
72261603032	2013	1	9	8	0	0.09
72261603032	2013	1	9	9	0	0.08
72261603032	2013	1	9	10	0	0.25
72261603032	2013	1	9	11	0	0.18
72261603032	2013	1	9	12	0	0.24
72261603032	2013	1	9	13	0	0.24
72261603032	2013	1	9	14	0	0.28
72261603032	2013	1	9	15	0	0.21
72261603032	2013	1	9	16	0	0.21
72261603032	2013	1	9	17	0	0.11
72261603032	2013	1	9	18	0	0.1
72261603032	2013	1	9	19	0	0.15
72261603032	2013	1	9	20	0	0.31
72261603032	2013	1	9	21	0	0.14
72261603032	2013	1	9	22	0	0.02
72261603032	2013	1	10	3	0	0.06
72261603032	2013	1	10	4	0	0.06
72261603032	2013	1	10	5	0	0.01
72261603032	2013	4	2	22	0	0.39
72261603032	2013	5	10	5	0	0.03
72261603032	2013	5	15	1	0	0.02
72261603032	2013	5	15	2	0	0.11
72261603032	2013	5	24	8	0	0.03
72261603032	2013	5	24	9	0	0.015
72261603032	2013	5	24	13	0	0.07
72261603032	2013	5	26	9	0	0.97
72261603032	2013	5	29	0	0	0.12
72261603032	2013	6	2	1	0	0.56
72261603032	2013	6	2	2	0	0.32
72261603032	2013	6	4	23	0	0.126
72261603032	2013	6	5	0	0	0.126
72261603032	2013	6	14	0	0	0.09
72261603032	2013	6	14	1	0	0.03
72261603032	2013	6	14	2	0	0.01
72261603032	2013	6	14	4	0	0.01
72261603032	2013	6	14	12	0	0.04
72261603032	2013	6	14	13	0	0.01
72261603032	2013	6	14	18	0	0.02
72261603032	2013	6	14	19	0	0.01
72261603032	2013	7	4	17	0	0.04
72261603032	2013	7	15	15	0	0.06
72261603032	2013	7	15	16	0	0.02
72261603032	2013	7	15	20	0	0.02
72261603032	2013	7	16	5	0	0.003
72261603032	2013	7	16	6	0	0.01
72261603032	2013	7	16	7	0	0.01
72261603032	2013	7	16	11	0	0.17
72261603032	2013	7	16	12	0	0.15
72261603032	2013	7	17	4	0	0.01
72261603032	2013	7	17	5	0	0.04
72261603032	2013	7	17	6	0	0.15
72261603032	2013	7	17	7	0	0.06
72261603032	2013	7	17	14	0	0.01
72261603032	2013	7	17	21	0	0.02
72261603032	2013	7	20	22	0	0.07
72261603032	2013	7	20	23	0	0.03
72261603032	2013	7	26	21	0	0.01
72261603032	2013	7	26	22	0	0.48
72261603032	2013	7	30	11	0	0.01
72261603032	2013	8	6	23	0	0.04
72261603032	2013	8	7	2	0	0.04
72261603032	2013	8	8	21	0	0.03
72261603032	2013	8	8	22	0	0.001
72261603032	2013	8	8	23	0	0.006
72261603032	2013	9	4	23	0	0.17
72261603032	2013	9	9	2	0	0.01
72261603032	2013	9	17	7	0	0.02
72261603032	2013	9	17	9	0	0.01
72261603032	2013	9	17	10	0	0.01
72261603032	2013	9	17	11	0	0.02
72261603032	2013	9	17	12	0	0.02
72261603032	2013	9	17	13	0	0.01
72261603032	2013	9	17	15	0	0.01
72261603032	2013	9	18	1	0	0.06
72261603032	2013	9	18	2	0	0.02
72261603032	2013	9	18	7	0	0.01
72261603032	2013	9	18	8	0	0.01
72261603032	2013	9	19	0	0	0.01
72261603032	2013	9	19	1	0	0.03
72261603032	2013	9	19	3	0	0.01
72261603032	2013	9	19	5	0	0.01
72261603032	2013	9	19	6	0	0.11
72261603032	2013	9	19	7	0	0.03
72261603032	2013	9	19	8	0	0.05
72261603032	2013	9	19	9	0	0.18
72261603032	2013	9	19	10	0	0.12
72261603032	2013	9	19	11	0	0.04
72261603032	2013	9	19	12	0	0.04
72261603032	2013	9	19	13	0	0.01
72261603032	2013	9	19	14	0	0.01
72261603032	2013	9	19	16	0	0.06
72261603032	2013	9	19	17	0	0.36
72261603032	2013	9	19	18	0	0.49
72261603032	2013	9	19	19	0	0.78
72261603032	2013	9	19	20	0	0.68
72261603032	2013	9	19	21	0	0.18
72261603032	2013	9	19	22	0	0.07
72261603032	2013	9	20	0	0	0.01
72261603032	2013	9	20	3	0	0.07
72261603032	2013	9	20	4	0	0.11
72261603032	2013	9	20	5	0	0.21
72261603032	2013	9	20	6	0	0.12
72261603032	2013	9	20	7	0	0.1
72261603032	2013	9	20	8	0	0.06
72261603032	2013	9	20	9	0	0.01
72261603032	2013	9	20	10	0	0.021
72261603032	2013	9	20	11	0	0.006
72261603032	2013	9	20	12	0	0.06
72261603032	2013	9	20	13	0	0.043
72261603032	2013	9	20	14	0	0.016
72261603032	2013	9	28	14	0	0.28
72261603032	2013	10	13	23	0	0.01
72261603032	2013	10	14	3	0	0.01
72261603032	2013	10	15	1	0	0.01
72261603032	2013	10	15	2	0	0.01
72261603032	2013	10	15	10	0	0.01
72261603032	2013	10	15	11	0	0.002
72261603032	2013	10	15	12	0	0.001
72261603032	2013	10	15	13	0	0.014
72261603032	2013	10	16	3	0	0.44
72261603032	2013	10	16	4	0	0.02
72261603032	2013	10	30	15	0	0.01
72261603032	2013	10	30	20	0	0.01
72261603032	2013	11	3	17	0	0.007
72261603032	2013	11	3	18	0	0.02
72261603032	2013	11	3	19	0	0.03
72261603032	2013	11	3	20	0	0.03
72261603032	2013	11	3	21	0	0.02
72261603032	2013	11	3	22	0	0.01
72261603032	2013	11	3	23	0	0.03
72261603032	2013	11	8	14	0	0.017
72261603032	2013	11	8	15	0	0.07
72261603032	2013	11	8	16	0	0.03
72261603032	2013	11	8	17	0	0.04
72261603032	2013	11	8	18	0	0.03
72261603032	2013	11	8	19	0	0.03
72261603032	2013	11	8	20	0	0.03
72261603032	2013	11	8	21	0	0.01
72261603032	2013	11	11	10	0	0.01
72261603032	2013	11	12	9	0	0.01
72261603032	2013	11	12	13	0	0.07
72261603032	2013	11	12	14	0	0.13
72261603032	2013	11	12	15	0	0.01
72261603032	2013	11	12	17	0	0.01
72261603032	2013	11	12	18	0	0.03
72261603032	2013	11	12	19	0	0.01
72261603032	2013	11	24	1	0	0.01
72261603032	2013	11	24	3	0	0.01
72261603032	2013	11	24	5	0	0.003
72261603032	2013	11	24	6	0	0.22
72261603032	2013	11	24	7	0	0.145
72261603032	2013	11	24	8	0	0.007
72261603032	2013	11	24	9	0	0.006
72261603032	2013	11	24	14	0	0.002
72261603032	2013	11	24	16	0	0.015
72261603032	2013	11	24	17	0	0.006
72261603032	2013	11	24	18	0	0.002
72261603032	2013	11	25	2	0	0.003
72261603032	2013	11	25	3	0	0.005
72261603032	2013	11	25	4	0	0.002
72261603032	2013	12	20	14	0	0.01
72261603032	2013	12	20	15	0	0.01
72261603032	2013	12	21	6	0	0.02
72261603032	2013	12	21	7	0	0.01
72261603032	2013	12	21	8	0	0.12
72261603032	2013	12	21	9	0	0.02
72261603032	2013	12	28	4	0	0.01
72261603032	2014	2	26	13	0	0.01
72261603032	2014	2	26	14	0	0.01
72261603032	2014	4	18	15	0	0.01
72261603032	2014	4	18	16	0	0.02
72261603032	2014	4	20	5	0	0.04
72261603032	2014	4	20	10	0	0.01
72261603032	2014	4	20	11	0	0.01
72261603032	2014	4	21	0	0	0.25
72261603032	2014	5	7	23	0	0.02
72261603032	2014	5	8	1	0	0.01
72261603032	2014	5	24	21	0	0.005
72261603032	2014	5	25	19	0	0.004
72261603032	2014	5	25	20	0	0.005
72261603032	2014	5	25	21	0	0.004
72261603032	2014	5	26	8	0	0.001
72261603032	2014	5	26	9	0	0.01
72261603032	2014	5	27	6	0	0.01
72261603032	2014	5	27	7	0	0.01
72261603032	2014	6	6	18	0	0.01
72261603032	2014	6	8	23	0	0.01
72261603032	2014	6	9	0	0	0.19
72261603032	2014	6	15	1	0	0.02
72261603032	2014	6	15	2	0	0.01
72261603032	2014	6	20	7	0	0.01
72261603032	2014	6	20	8	0	0.03
72261603032	2014	6	20	12	0	0.15
72261603032	2014	6	20	13	0	0.07
72261603032	2014	6	20	14	0	0.1
72261603032	2014	6	20	15	0	0.01
72261603032	2014	6	20	16	0	0.01
72261603032	2014	6	20	19	0	0.07
72261603032	2014	6	20	20	0	0.01
72261603032	2014	6	20	21	0	0.04
72261603032	2014	6	20	22	0	0.03
72261603032	2014	6	24	10	0	0.82
72261603032	2014	6	24	11	0	0.01
72261603032	2014	6	28	6	0	0.01
72261603032	2014	6	28	9	0	0.03
72261603032	2014	7	16	13	0	0.01
72261603032	2014	7	16	14	0	0.006
72261603032	2014	7	16	15	0	0.002
72261603032	2014	7	17	0	0	0.027
72261603032	2014	7	17	1	0	0.01
72261603032	2014	7	17	8	0	0.09
72261603032	2014	7	17	9	0	0.051
72261603032	2014	7	17	16	0	0.002
72261603032	2014	7	17	20	0	0.06
72261603032	2014	7	18	2	0	0.01
72261603032	2014	8	1	16	0	0.01
72261603032	2014	8	12	21	0	0.01
72261603032	2014	8	12	22	0	0.09
72261603032	2014	8	12	23	0	0.27
72261603032	2014	8	13	0	0	0.08
72261603032	2014	8	13	1	0	0.07
72261603032	2014	8	13	2	0	0.03
72261603032	2014	8	16	13	0	0.01
72261603032	2014	8	17	14	0	0.06
72261603032	2014	8	17	16	0	0.05
72261603032	2014	8	21	21	0	0.01
72261603032	2014	8	21	22	0	0.01
72261603032	2014	9	5	11	0	0.01
72261603032	2014	9	7	14	0	0.06
72261603032	2014	9	7	15	0	0.04
72261603032	2014	9	13	3	0	0.21
72261603032	2014	9	13	4	0	0.22
72261603032	2014	9	13	5	0	0.24
72261603032	2014	9	13	6	0	0.36
72261603032	2014	9	13	9	0	0.01
72261603032	2014	9	13	13	0	0.01
72261603032	2014	9	13	14	0	0.01
72261603032	2014	9	13	17	0	0.01
72261603032	2014	9	13	21	0	0.01
72261603032	2014	9	14	9	0	0.02
72261603032	2014	9	14	10	0	0.02
72261603032	2014	9	14	11	0	0.02
72261603032	2014	9	14	12	0	0.02
72261603032	2014	9	14	17	0	0.01
72261603032	2014	9	14	19	0	0.03
72261603032	2014	9	14	20	0	0.01
72261603032	2014	9	21	0	0	0.01
72261603032	2014	9	26	17	0	0.01
72261603032	2014	9	26	21	0	0.02
72261603032	2014	9	27	5	0	0.04
72261603032	2014	9	27	7	0	0.28
72261603032	2014	9	27	8	0	0.06
72261603032	2014	10	11	2	0	0.55
72261603032	2014	10	21	17	0	0.04
72261603032	2014	10	21	21	0	0.01
72261603032	2014	10	21	22	0	0.02
72261603032	2014	10	21	23	0	0.04
72261603032	2014	10	22	0	0	0.01
72261603032	2014	10	22	4	0	0.02
72261603032	2014	11	4	12	0	0.07
72261603032	2014	11	4	13	0	0.01
72261603032	2014	11	4	14	0	0.03
72261603032	2014	11	4	15	0	0.02
72261603032	2014	11	4	16	0	0.01
72261603032	2014	11	4	17	0	0.03
72261603032	2014	11	4	18	0	0.05
72261603032	2014	11	4	19	0	0.03
72261603032	2014	11	4	20	0	0.04
72261603032	2014	11	4	21	0	0.21
72261603032	2014	11	4	22	0	0.02
72261603032	2014	11	4	23	0	0.02
72261603032	2014	11	5	0	0	0.05
72261603032	2014	11	5	1	0	0.15
72261603032	2014	11	5	2	0	0.098
72261603032	2014	11	5	3	0	0.054
72261603032	2014	11	5	4	0	0.031
72261603032	2014	11	5	5	0	0.08
72261603032	2014	11	5	6	0	0.12
72261603032	2014	11	5	7	0	0.13
72261603032	2014	11	5	8	0	0.09
72261603032	2014	11	5	9	0	0.08
72261603032	2014	11	5	10	0	0.05
72261603032	2014	11	5	11	0	0.06
72261603032	2014	11	5	12	0	0.04
72261603032	2014	11	5	13	0	0.05
72261603032	2014	11	5	14	0	0.07
72261603032	2014	11	5	15	0	0.1
72261603032	2014	11	5	16	0	0.07
72261603032	2014	11	5	17	0	0.059
72261603032	2014	11	5	18	0	0.033
72261603032	2014	11	5	19	0	0.01
72261603032	2014	11	5	20	0	0.05
72261603032	2014	11	5	21	0	0.01
72261603032	2014	11	5	23	0	0.01
72261603032	2014	11	6	4	0	0.01
72261603032	2014	11	6	5	0	0.03
72261603032	2014	11	7	9	0	0.01
72261603032	2014	11	7	10	0	0.02
72261603032	2014	11	7	11	0	0.01
72261603032	2014	11	7	12	0	0.02
72261603032	2014	12	4	8	0	0.01
72261603032	2014	12	4	13	0	0.01
72261603032	2014	12	10	11	0	0.03
72261603032	2014	12	10	13	0	0.01
72261603032	2015	1	2	3	0	0.02
72261603032	2015	1	2	22	0	0.02
72261603032	2015	1	2	23	0	0.02
72261603032	2015	1	3	0	0	0.18
72261603032	2015	1	3	1	0	0.16
72261603032	2015	1	3	2	0	0.05
72261603032	2015	1	10	9	0	0.01
72261603032	2015	1	13	7	0	0.08
72261603032	2015	1	13	8	0	0.01
72261603032	2015	1	21	17	0	0.03
72261603032	2015	1	21	18	0	0.01
72261603032	2015	1	22	21	0	0.03
72261603032	2015	1	22	22	0	0.04
72261603032	2015	1	22	23	0	0.03
72261603032	2015	1	23	3	0	0.02
72261603032	2015	1	23	4	0	0.05
72261603032	2015	1	23	5	0	0.01
72261603032	2015	1	23	10	0	0.01
72261603032	2015	1	23	11	0	0.01
72261603032	2015	1	31	6	0	0.06
72261603032	2015	1	31	7	0	0.05
72261603032	2015	1	31	8	0	0.09
72261603032	2015	1	31	9	0	0.09
72261603032	2015	1	31	10	0	0.07
72261603032	2015	1	31	11	0	0.15
72261603032	2015	1	31	12	0	0.06
72261603032	2015	1	31	13	0	0.01
72261603032	2015	2	1	4	0	0.09
72261603032	2015	2	5	17	0	0.97
72261603032	2015	2	12	9	0	0.01
72261603032	2015	2	12	12	0	0.04
72261603032	2015	2	12	13	0	0.01
72261603032	2015	2	12	16	0	0.01
72261603032	2015	2	12	17	0	0.1
72261603032	2015	2	12	18	0	0.09
72261603032	2015	2	12	19	0	0.01
72261603032	2015	2	17	11	0	0.02
72261603032	2015	2	28	6	0	0.01
72261603032	2015	2	28	7	0	0.01
72261603032	2015	2	28	8	0	0.01
72261603032	2015	3	5	0	0	0.03
72261603032	2015	3	5	1	0	0.03
72261603032	2015	3	5	3	0	0.01
72261603032	2015	3	9	19	0	0.14
72261603032	2015	3	17	19	0	0.04
72261603032	2015	3	18	13	0	0.03
72261603032	2015	3	20	9	0	0.01
72261603032	2015	3	20	10	0	0.49
72261603032	2015	3	20	11	0	0.04
72261603032	2015	3	20	12	0	0.39
72261603032	2015	3	21	4	0	0.04
72261603032	2015	3	21	5	0	0.11
72261603032	2015	3	21	6	0	0.12
72261603032	2015	3	21	7	0	0.05
72261603032	2015	3	21	8	0	0.02
72261603032	2015	3	21	9	0	0.02
72261603032	2015	3	21	10	0	0.05
72261603032	2015	3	21	11	0	0.08
72261603032	2015	3	21	12	0	0.17
72261603032	2015	3	21	13	0	0.23
72261603032	2015	3	21	14	0	0.19
72261603032	2015	3	21	15	0	0.16
72261603032	2015	3	21	16	0	0.12
72261603032	2015	4	1	7	0	0.01
72261603032	2015	4	6	4	0	0.08
72261603032	2015	4	6	5	0	0.5
72261603032	2015	4	6	6	0	0.02
72261603032	2015	4	9	1	0	0.06
72261603032	2015	4	11	6	0	0.02
72261603032	2015	4	12	22	0	0.8
72261603032	2015	4	12	23	0	0.04
72261603032	2015	4	16	0	0	0.05
72261603032	2015	4	16	1	0	0.01
72261603032	2015	4	16	3	0	0.07
72261603032	2015	4	16	4	0	0.03
72261603032	2015	4	16	5	0	0.04
72261603032	2015	4	24	6	0	0.01
72261603032	2015	5	11	12	0	0.34
72261603032	2015	5	11	13	0	0.04
72261603032	2015	5	13	2	0	0.01
72261603032	2015	5	13	4	0	0.06
72261603032	2015	5	13	5	0	0.07
72261603032	2015	5	13	6	0	0.01
72261603032	2015	5	13	7	0	0.02
72261603032	2015	5	13	8	0	0.01
72261603032	2015	5	13	9	0	0.02
72261603032	2015	5	15	12	0	0.01
72261603032	2015	5	15	13	0	0.01
72261603032	2015	5	19	22	0	0.26
72261603032	2015	5	21	0	0	0.01
72261603032	2015	5	22	3	0	0.02
72261603032	2015	5	28	17	0	0.002
72261603032	2015	5	28	18	0	0.001
72261603032	2015	5	28	20	0	0.001
72261603032	2015	5	29	0	0	0.003
72261603032	2015	5	29	2	0	0.77
72261603032	2015	5	29	3	0	0.734
72261603032	2015	5	29	4	0	0.015
72261603032	2015	5	29	5	0	0.003
72261603032	2015	5	30	14	0	0.18
72261603032	2015	5	30	15	0	0.07
72261603032	2015	6	12	23	0	0.42
72261603032	2015	6	13	16	0	0.001
72261603032	2015	6	14	2	0	1.36
72261603032	2015	6	14	3	0	0.1
72261603032	2015	6	14	4	0	0.18
72261603032	2015	6	14	5	0	0.193
72261603032	2015	6	14	6	0	0.043
72261603032	2015	6	14	7	0	0.012
72261603032	2015	6	14	9	0	0.018
72261603032	2015	6	14	12	0	0.004
72261603032	2015	6	16	15	0	0.02
72261603032	2015	6	16	23	0	0.03
72261603032	2015	6	23	10	0	0.01
72261603032	2015	6	23	12	0	0.3
72261603032	2015	6	23	13	0	0.01
72261603032	2015	6	23	14	0	0.01
72261603032	2015	6	23	15	0	0.11
72261603032	2015	6	23	16	0	0.01
72261603032	2015	6	23	17	0	0.01
72261603032	2015	6	23	23	0	0.06
72261603032	2015	6	24	0	0	0.07
72261603032	2015	7	7	9	0	0.12
72261603032	2015	7	7	10	0	0.51
72261603032	2015	7	7	11	0	0.01
72261603032	2015	7	7	12	0	0.01
72261603032	2015	7	7	13	0	0.21
72261603032	2015	7	7	14	0	0.06
72261603032	2015	7	8	0	0	0.64
72261603032	2015	7	8	1	0	0.02
72261603032	2015	8	13	0	0	0.05
72261603032	2015	8	13	1	0	0.045
72261603032	2015	8	13	2	0	0.002
72261603032	2015	8	20	2	0	0.18
72261603032	2015	10	5	17	0	0.02
72261603032	2015	10	8	4	0	0.01
72261603032	2015	10	8	5	0	0.03
72261603032	2015	10	8	6	0	0.04
72261603032	2015	10	8	7	0	0.03
72261603032	2015	10	8	17	0	0.01
72261603032	2015	10	8	19	0	0.05
72261603032	2015	10	8	20	0	0.02
72261603032	2015	10	8	21	0	0.01
72261603032	2015	10	8	22	0	0.02
72261603032	2015	10	8	23	0	0.17
72261603032	2015	10	9	1	0	0.01
72261603032	2015	10	9	3	0	0.24
72261603032	2015	10	9	4	0	0.23
72261603032	2015	10	9	5	0	0.01
72261603032	2015	10	22	8	0	0.01
72261603032	2015	10	22	22	0	0.78
72261603032	2015	10	24	10	0	0.1
72261603032	2015	10	24	11	0	0.25
72261603032	2015	10	24	12	0	0.13
72261603032	2015	10	24	18	0	0.02
72261603032	2015	10	30	3	0	0.02
72261603032	2015	10	30	7	0	0.01
72261603032	2015	10	30	8	0	0.01
72261603032	2015	10	31	2	0	0.15
72261603032	2015	11	14	7	0	0.02
72261603032	2015	11	14	8	0	0.02
72261603032	2015	11	14	12	0	0.08
72261603032	2015	11	14	14	0	0.02
72261603032	2015	11	14	15	0	0.02
72261603032	2015	11	14	17	0	0.1
72261603032	2015	11	14	18	0	0.05
72261603032	2015	11	14	20	0	0.01
72261603032	2015	11	16	6	0	0.01
72261603032	2015	11	26	19	0	0.01
72261603032	2015	11	27	10	0	0.02
72261603032	2015	11	27	11	0	0.05
72261603032	2015	11	27	12	0	0.06
72261603032	2015	12	13	1	0	0.1
72261603032	2015	12	13	2	0	0.31
72261603032	2015	12	13	3	0	0.02
72261603032	2015	12	13	4	0	0.02
72261603032	2015	12	27	13	0	0.01
72261603032	2015	12	27	14	0	0.04
72261603032	2015	12	27	15	0	0.02
72261603032	2016	1	2	17	0	0.01
72261603032	2016	1	2	18	0	0.04
72261603032	2016	1	2	20	0	0.02
72261603032	2016	1	2	21	0	0.01
72261603032	2016	1	26	14	0	0.01
72261603032	2016	1	26	20	0	0.03
72261603032	2016	1	26	21	0	0.05
72261603032	2016	1	26	22	0	0.02
72261603032	2016	1	27	0	0	0.02
72261603032	2016	1	27	1	0	0.02
72261603032	2016	1	27	2	0	0.01
72261603032	2016	2	21	19	0	0.02
72261603032	2016	2	21	20	0	0.02
72261603032	2016	2	21	21	0	0.03
72261603032	2016	2	22	4	0	0.01
72261603032	2016	2	22	5	0	0.01
72261603032	2016	2	22	6	0	0.01
72261603032	2016	2	23	2	0	0.42
72261603032	2016	3	9	3	0	0.03
72261603032	2016	3	9	4	0	0.03
72261603032	2016	3	9	5	0	0.03
72261603032	2016	3	9	6	0	0.07
72261603032	2016	3	9	7	0	0.06
72261603032	2016	3	9	8	0	0.05
72261603032	2016	3	9	9	0	0.03
72261603032	2016	3	9	10	0	0.04
72261603032	2016	3	9	13	0	0.05
72261603032	2016	3	9	14	0	0.05
72261603032	2016	3	9	15	0	0.05
72261603032	2016	3	9	16	0	0.05
72261603032	2016	3	9	17	0	0.09
72261603032	2016	3	11	8	0	0.03
72261603032	2016	3	11	16	0	0.06
72261603032	2016	3	11	17	0	0.16
72261603032	2016	3	11	18	0	0.02
72261603032	2016	3	14	17	0	0.97
72261603032	2016	4	9	3	0	0.02
72261603032	2016	4	17	7	0	0.06
72261603032	2016	4	18	9	0	0.09
72261603032	2016	4	19	6	0	0.01
72261603032	2016	4	19	7	0	0.01
72261603032	2016	4	19	8	0	0.01
72261603032	2016	4	19	10	0	0.01
72261603032	2016	4	20	1	0	0.05
72261603032	2016	4	20	2	0	0.01
72261603032	2016	4	23	20	0	0.04
72261603032	2016	4	23	21	0	0.02
72261603032	2016	5	12	16	0	0.01
72261603032	2016	5	14	3	0	0.01
72261603032	2016	5	16	2	0	0.011
72261603032	2016	5	16	3	0	0.02
72261603032	2016	5	17	15	0	0.16
72261603032	2016	5	18	10	0	0.04
72261603032	2016	5	18	13	0	0.02
72261603032	2016	5	19	0	0	0.01
72261603032	2016	5	19	2	0	0.02
72261603032	2016	5	19	3	0	0.04
72261603032	2016	5	19	4	0	0.07
72261603032	2016	5	19	5	0	0.08
72261603032	2016	5	19	6	0	0.06
72261603032	2016	5	19	7	0	0.49
72261603032	2016	5	19	8	0	0.02
72261603032	2016	5	19	9	0	0.93
72261603032	2016	5	19	10	0	0.04
72261603032	2016	5	19	12	0	0.04
72261603032	2016	5	19	13	0	0.01
72261603032	2016	5	31	8	0	0.01
72261603032	2016	5	31	15	0	0.02
72261603032	2016	5	31	16	0	0.04
72261603032	2016	6	2	0	0	0.08
72261603032	2016	6	2	1	0	0.02
72261603032	2016	6	2	5	0	0.09
72261603032	2016	6	2	6	0	0.11
72261603032	2016	6	19	20	0	0.003
72261603032	2016	6	19	21	0	0.06
72261603032	2016	6	27	19	0	0.16
72261603032	2016	7	9	12	0	0.01
72261603032	2016	7	9	13	0	0.02
72261603032	2016	7	26	22	0	0.44
72261603032	2016	7	26	23	0	0.75
72261603032	2016	7	27	0	0	0.447
72261603032	2016	7	27	1	0	0.007
72261603032	2016	8	13	6	0	0.001
72261603032	2016	8	13	10	0	0.012
72261603032	2016	8	13	11	0	0.02
72261603032	2016	8	13	12	0	0.012
72261603032	2016	8	13	13	0	0.001
72261603032	2016	8	13	14	0	0.002
72261603032	2016	8	13	18	0	0.029
72261603032	2016	8	13	19	0	0.01
72261603032	2016	8	13	20	0	0.035
72261603032	2016	8	13	21	0	0.63
72261603032	2016	8	13	22	0	0.05
72261603032	2016	8	13	23	0	0.03
72261603032	2016	8	15	6	0	0.01
72261603032	2016	8	15	8	0	0.02
72261603032	2016	8	17	12	0	0.01
72261603032	2016	8	17	13	0	0.01
72261603032	2016	8	18	21	0	0.01
72261603032	2016	8	18	22	0	0.04
72261603032	2016	8	18	23	0	0.01
72261603032	2016	8	19	0	0	0.01
72261603032	2016	8	19	15	0	0.01
72261603032	2016	8	19	22	0	0.01
72261603032	2016	8	19	23	0	0.07
72261603032	2016	8	20	0	0	0.08
72261603032	2016	8	20	1	0	0.01
72261603032	2016	8	22	14	0	0.08
72261603032	2016	8	26	23	0	0.009
72261603032	2016	8	27	0	0	1.02
72261603032	2016	8	27	1	0	0.02
72261603032	2016	8	27	2	0	0.01
72261603032	2016	8	27	3	0	0.02
72261603032	2016	8	29	2	0	0.07
72261603032	2016	8	29	18	0	0.19
72261603032	2016	8	29	19	0	0.07
72261603032	2016	8	29	20	0	0.01
72261603032	2016	8	29	23	0	0.2
72261603032	2016	8	30	0	0	0.01
72261603032	2016	8	30	5	0	0.06
72261603032	2016	8	30	6	0	0.06
72261603032	2016	8	30	10	0	0.13
72261603032	2016	8	31	2	0	0.02
72261603032	2016	9	3	0	0	0.01
72261603032	2016	9	10	1	0	0.1
72261603032	2016	9	10	2	0	0.01
72261603032	2016	9	10	14	0	0.29
72261603032	2016	9	10	15	0	0.31
72261603032	2016	9	10	16	0	0.02
72261603032	2016	9	10	17	0	0.05
72261603032	2016	9	10	18	0	0.05
72261603032	2016	9	10	19	0	0.065
72261603032	2016	9	10	20	0	0.03
72261603032	2016	9	12	23	0	0.001
72261603032	2016	9	13	0	0	0.443
72261603032	2016	9	13	1	0	0.619
72261603032	2016	9	13	2	0	0.068
72261603032	2016	9	13	3	0	0.057
72261603032	2016	9	13	4	0	0.01
72261603032	2016	9	13	5	0	0.003
72261603032	2016	9	24	22	0	0.03
72261603032	2016	9	25	5	0	0.02
72261603032	2016	9	25	6	0	0.01
72261603032	2016	9	25	7	0	0.18
72261603032	2016	9	25	16	0	0.01
72261603032	2016	9	25	17	0	0.01
72261603032	2016	9	25	23	0	0.01
72261603032	2016	9	26	1	0	0.02
72261603032	2016	9	26	6	0	0.01
72261603032	2016	9	26	7	0	0.06
72261603032	2016	9	26	8	0	0.048
72261603032	2016	9	26	9	0	0.01
72261603032	2016	9	26	10	0	0.009
72261603032	2016	9	26	12	0	0.01
72261603032	2016	9	26	13	0	0.06
72261603032	2016	9	26	14	0	0.05
72261603032	2016	9	26	15	0	0.06
72261603032	2016	9	26	16	0	0.02
72261603032	2016	9	26	17	0	0.02
72261603032	2016	9	26	18	0	0.03
72261603032	2016	9	26	19	0	0.04
72261603032	2016	9	26	20	0	0.038
72261603032	2016	9	27	0	0	0.01
72261603032	2016	10	8	13	0	0.01
72261603032	2016	10	8	14	0	0.01
72261603032	2016	10	8	15	0	0.02
72261603032	2016	10	8	18	0	0.01
72261603032	2016	11	5	3	0	0.01
72261603032	2016	11	5	4	0	0.01
72261603032	2016	11	5	23	0	0.002
72261603032	2016	11	6	0	0	0.14
72261603032	2016	11	6	1	0	0.036
72261603032	2016	11	7	1	0	0.14
72261603032	2016	11	7	2	0	0.22
72261603032	2016	11	10	13	0	0.01
72261603032	2016	11	10	17	0	0.03
72261603032	2016	11	11	17	0	0.06
72261603032	2016	11	25	14	0	0.01
72261603032	2016	11	25	16	0	0.04
72261603032	2016	11	27	0	0	0.01
72261603032	2016	11	27	1	0	0.01
72261603032	2016	12	3	1	0	0.02
72261603032	2016	12	3	2	0	0.02
72261603032	2016	12	3	3	0	0.01
72261603032	2016	12	3	7	0	0.02
72261603032	2016	12	3	8	0	0.023
72261603032	2016	12	3	11	0	0.005
72261603032	2016	12	4	0	0	0.01
72261603032	2016	12	4	1	0	0.005
72261603032	2016	12	4	2	0	0.07
72261603032	2016	12	4	21	0	0.02
72261603032	2016	12	4	22	0	0.01
72261603032	2016	12	4	23	0	0.07
72261603032	2016	12	5	0	0	0.08
72261603032	2016	12	5	1	0	0.05
72261603032	2016	12	5	2	0	0.02
72261603032	2016	12	5	3	0	0.06
72261603032	2016	12	5	4	0	0.01
72261603032	2016	12	5	5	0	0.09
72261603032	2016	12	5	6	0	0.02
72261603032	2016	12	5	7	0	0.06
72261603032	2016	12	5	8	0	0.09
72261603032	2016	12	5	9	0	0.009
72261603032	2016	12	5	10	0	0.002
72261603032	2016	12	5	11	0	0.03
72261603032	2016	12	5	12	0	0.05
72261603032	2016	12	5	13	0	0.03
72261603032	2016	12	5	14	0	0.02
72261603032	2016	12	5	15	0	0.01
72261603032	2016	12	8	8	0	0.01
72261603032	2016	12	15	14	0	0.01
72261603032	2016	12	24	0	0	0.02
72261603032	2017	1	14	16	0	0.01
72261603032	2017	1	15	9	0	0.11
72261603032	2017	1	15	10	0	0.13
72261603032	2017	1	15	20	0	0.22
72261603032	2017	1	28	2	0	0.01
72261603032	2017	1	28	3	0	0.01
72261603032	2017	2	4	7	0	0.01
72261603032	2017	2	14	3	0	0.07
72261603032	2017	2	14	4	0	0.52
72261603032	2017	2	14	5	0	0.2
72261603032	2017	2	14	6	0	0.13
72261603032	2017	2	20	0	0	0.01
72261603032	2017	2	20	3	0	0.02
72261603032	2017	3	4	18	0	0.01
72261603032	2017	3	5	4	0	0.01
72261603032	2017	3	5	9	0	0.01
72261603032	2017	3	12	6	0	0.01
72261603032	2017	3	12	7	0	0.01
72261603032	2017	3	12	14	0	0.01
72261603032	2017	3	29	2	0	0.01
72261603032	2017	4	2	4	0	0.03
72261603032	2017	4	2	5	0	0.06
72261603032	2017	4	2	7	0	0.07
72261603032	2017	4	2	8	0	0.17
72261603032	2017	4	2	9	0	0.05
72261603032	2017	4	2	21	0	0.03
72261603032	2017	4	12	12	0	0.01
72261603032	2017	4	12	13	0	0.01
72261603032	2017	4	13	9	0	0.19
72261603032	2017	4	13	10	0	0.11
72261603032	2017	4	13	11	0	0.04
72261603032	2017	4	17	0	0	0.1
72261603032	2017	4	17	1	0	0.05
72261603032	2017	4	17	2	0	0.04
72261603032	2017	4	17	3	0	0.01
72261603032	2017	5	11	7	0	0.02
72261603032	2017	5	21	12	0	0.001
72261603032	2017	5	21	14	0	0.002
72261603032	2017	5	21	15	0	0.05
72261603032	2017	5	21	16	0	1.23
72261603032	2017	5	21	17	0	0.808
72261603032	2017	5	21	18	0	0.192
72261603032	2017	5	21	19	0	0.032
72261603032	2017	5	21	20	0	0.007
72261603032	2017	5	21	21	0	0.03
72261603032	2017	5	21	22	0	0.041
72261603032	2017	5	22	12	0	0.01
72261603032	2017	5	31	11	0	0.1
72261603032	2017	6	2	3	0	0.05
72261603032	2017	6	2	4	0	0.08
72261603032	2017	6	3	4	0	0.89
72261603032	2017	6	3	5	0	0.13
72261603032	2017	6	4	3	0	0.27
72261603032	2017	7	6	17	0	0.05
72261603032	2017	7	13	12	0	0.03
72261603032	2017	7	13	13	0	0.02
72261603032	2017	7	13	15	0	0.01
72261603032	2017	7	13	17	0	0.01
72261603032	2017	7	13	21	0	0.17
72261603032	2017	7	13	22	0	0.48
72261603032	2017	7	13	23	0	0.02
72261603032	2017	7	14	9	0	0.11
72261603032	2017	7	14	10	0	0.54
72261603032	2017	7	14	11	0	0.99
72261603032	2017	7	14	12	0	0.69
72261603032	2017	7	14	13	0	0.03
72261603032	2017	7	14	14	0	0.11
72261603032	2017	7	14	15	0	0.01
72261603032	2017	8	1	13	0	0.02
72261603032	2017	8	2	3	0	0.03
72261603032	2017	8	2	8	0	0.01
72261603032	2017	8	2	9	0	0.01
72261603032	2017	8	2	13	0	0.11
72261603032	2017	8	2	14	0	0.3
72261603032	2017	8	6	2	0	0.05
72261603032	2017	8	6	4	0	0.01
72261603032	2017	8	8	20	0	0.01
72261603032	2017	8	13	23	0	0.212
72261603032	2017	8	14	0	0	0.05
72261603032	2017	8	14	1	0	0.03
72261603032	2017	8	15	23	0	0.002
72261603032	2017	8	16	0	0	0.17
72261603032	2017	8	16	1	0	0.01
72261603032	2017	8	16	2	0	0.02
72261603032	2017	8	16	3	0	0.02
72261603032	2017	8	16	10	0	0.01
72261603032	2017	8	23	15	0	0.01
72261603032	2017	8	24	9	0	0.14
72261603032	2017	8	26	1	0	0.1
72261603032	2017	8	26	2	0	0.01
72261603032	2017	9	24	5	0	0.02
72261603032	2017	9	24	13	0	0.01
72261603032	2017	9	24	14	0	0.04
72261603032	2017	9	25	3	0	0.01
72261603032	2017	9	25	4	0	0.02
72261603032	2017	9	26	10	0	0.02
72261603032	2017	9	26	11	0	0.03
72261603032	2017	9	26	12	0	0.01
72261603032	2017	9	27	4	0	0.01
72261603032	2017	9	27	5	0	0.02
72261603032	2017	9	27	6	0	0.01
72261603032	2017	9	27	7	0	0.06
72261603032	2017	9	27	8	0	0.02
72261603032	2017	9	27	9	0	0.04
72261603032	2017	9	27	10	0	0.04
72261603032	2017	9	27	11	0	0.02
72261603032	2017	9	27	12	0	0.01
72261603032	2017	9	27	13	0	0.01
72261603032	2017	9	27	14	0	0.02
72261603032	2017	9	27	15	0	0.02
72261603032	2017	9	27	16	0	0.05
72261603032	2017	9	27	17	0	0.03
72261603032	2017	9	27	18	0	0.01
72261603032	2017	9	28	1	0	0.02
72261603032	2017	9	28	2	0	0.05
72261603032	2017	9	28	3	0	0.01
72261603032	2017	9	28	5	0	0.01
72261603032	2017	9	28	6	0	0.01
72261603032	2017	9	28	8	0	0.02
72261603032	2017	9	28	9	0	0.14
72261603032	2017	9	28	10	0	0.05
72261603032	2017	9	28	11	0	0.07
72261603032	2017	9	28	12	0	0.1
72261603032	2017	9	28	13	0	0.06
72261603032	2017	9	28	14	0	0.03
72261603032	2017	9	28	15	0	0.06
72261603032	2017	9	28	16	0	0.02
72261603032	2017	9	28	18	0	0.05
72261603032	2017	9	28	19	0	0.02
72261603032	2017	9	28	20	0	0.07
72261603032	2017	9	28	21	0	0.37
72261603032	2017	9	28	22	0	0.05
72261603032	2017	9	28	23	0	0.02
72261603032	2017	9	29	0	0	0.03
72261603032	2017	9	29	1	0	0.01
72261603032	2017	9	29	9	0	0.04
72261603032	2017	9	29	10	0	0.06
72261603032	2017	9	29	11	0	0.01
72261603032	2017	9	29	13	0	0.01
72261603032	2017	9	29	14	0	0.01
72261603032	2017	9	29	19	0	0.01
72261603032	2017	9	30	6	0	0.04
72261603032	2017	9	30	7	0	0.15
72261603032	2017	9	30	8	0	0.15
72261603032	2017	9	30	9	0	0.16
72261603032	2017	9	30	10	0	0.02
72261603032	2017	9	30	11	0	0.02
72261603032	2017	9	30	12	0	0.15
72261603032	2017	9	30	13	0	0.26
72261603032	2017	9	30	14	0	0.03
72261603032	2017	9	30	16	0	0.01
72261603032	2017	10	4	7	0	0.107
72261603032	2017	10	4	19	0	0.01
72261603032	2017	10	15	16	0	0.01
72261603032	2017	10	31	12	0	0.01
72261603032	2017	10	31	14	0	0.12
72261603032	2017	11	8	18	0	0.01
72261603032	2017	11	8	20	0	0.01
72261603032	2017	11	8	22	0	0.01
72261603032	2017	12	6	12	0	0.01
72261603032	2017	12	6	13	0	0.04
72261603032	2017	12	6	14	0	0.08
72261603032	2017	12	6	15	0	0.07
72261603032	2017	12	6	16	0	0.06
72261603032	2017	12	6	17	0	0.01
72261603032	2017	12	6	18	0	0.01
72261603032	2017	12	6	19	0	0.01
72261603032	2017	12	6	20	0	0.02
72261603032	2017	12	6	21	0	0.03
72261603032	2017	12	6	22	0	0.02
72261603032	2017	12	6	23	0	0.03
72261603032	2017	12	7	0	0	0.06
72261603032	2017	12	7	1	0	0.07
72261603032	2017	12	7	2	0	0.04
72261603032	2017	12	7	3	0	0.09
72261603032	2017	12	7	4	0	0.05
72261603032	2017	12	7	5	0	0.04
72261603032	2017	12	7	6	0	0.05
72261603032	2017	12	7	7	0	0.05
72261603032	2017	12	7	8	0	0.04
72261603032	2017	12	7	9	0	0.04
72261603032	2017	12	7	10	0	0.02
72261603032	2017	12	7	11	0	0.04
72261603032	2017	12	7	12	0	0.03
72261603032	2017	12	7	13	0	0.04
72261603032	2017	12	7	14	0	0.04
72261603032	2017	12	7	15	0	0.03
72261603032	2017	12	7	16	0	0.01
72261603032	2017	12	7	17	0	0.02
72261603032	2017	12	7	18	0	0.02
72261603032	2017	12	7	19	0	0.02
72261603032	2017	12	7	23	0	0.01
72261603032	2017	12	16	16	0	0.01
72261603032	2017	12	16	17	0	0.02
72261603032	2017	12	19	6	0	0.08
72261603032	2017	12	19	8	0	0.04
72261603032	2018	2	6	13	0	0.01
72261603032	2018	2	21	11	0	0.01
72261603032	2018	3	27	6	0	0.02
72261603032	2018	3	27	7	0	0.46
72261603032	2018	3	27	14	0	0.4
72261603032	2018	3	27	15	0	0.3
72261603032	2018	3	27	17	0	0.02
72261603032	2018	3	27	19	0	0.2
72261603032	2018	5	3	3	0	0.001
72261603032	2018	5	4	7	0	0.03
72261603032	2018	5	4	8	0	0.085
72261603032	2018	5	4	9	0	0.07
72261603032	2018	5	4	10	0	0.12
72261603032	2018	5	4	11	0	0.05
72261603032	2018	5	4	12	0	0.01
72261603032	2018	5	4	13	0	0.057
72261603032	2018	5	14	23	0	0.008
72261603032	2018	5	17	22	0	0.21
72261603032	2018	5	17	23	0	0.29
72261603032	2018	5	18	0	0	0.16
72261603032	2018	5	18	21	0	0.02
72261603032	2018	5	20	15	0	0.06
72261603032	2018	5	20	16	0	0.01
72261603032	2018	6	10	22	0	0.001
72261603032	2018	6	10	23	0	0.01
72261603032	2018	6	11	0	0	0.09
72261603032	2018	6	11	1	0	0.031
72261603032	2018	6	17	10	0	0.01
72261603032	2018	6	17	11	0	0.008
72261603032	2018	6	17	13	0	0.06
72261603032	2018	6	17	14	0	0.04
72261603032	2018	6	30	1	0	0.02
72261603032	2018	6	30	2	0	0.01
72261603032	2018	6	30	5	0	0.01
72261603032	2018	6	30	13	0	0.01
72261603032	2018	6	30	14	0	0.02
72261603032	2018	6	30	15	0	0.01
72261603032	2018	7	5	14	0	0.01
72261603032	2018	7	5	15	0	0.14
72261603032	2018	7	5	16	0	0.31
72261603032	2018	7	5	17	0	0.02
72261603032	2018	7	5	19	0	0.02
72261603032	2018	7	5	20	0	0.02
72261603032	2018	7	7	19	0	0.01
72261603032	2018	7	7	20	0	0.01
72261603032	2018	7	9	23	0	0.01
72261603032	2018	7	31	14	0	0.003
72261603032	2018	7	31	15	0	0.02
72261603032	2018	8	10	19	0	0.48
72261603032	2018	8	10	20	0	0.08
72261603032	2018	8	10	21	0	1.06
72261603032	2018	8	10	22	0	0.47
72261603032	2018	8	10	23	0	0.06
72261603032	2018	8	11	0	0	0.09
72261603032	2018	8	11	1	0	0.02
72261603032	2018	8	11	13	0	0.01
72261603032	2018	8	11	14	0	0.03
72261603032	2018	8	11	15	0	0.01
72261603032	2018	8	11	16	0	0.02
72261603032	2018	8	11	17	0	0.02
72261603032	2018	8	11	18	0	0.02
72261603032	2018	8	11	19	0	0.06
72261603032	2018	8	11	20	0	0.01
72261603032	2018	8	11	21	0	0.01
72261603032	2018	8	12	5	0	0.02
72261603032	2018	8	12	7	0	0.004
72261603032	2018	8	12	8	0	0.04
72261603032	2018	8	12	10	0	0.1
72261603032	2018	8	12	11	0	0.03
72261603032	2018	8	12	12	0	0.02
72261603032	2018	8	12	13	0	0.01
72261603032	2018	8	12	14	0	0.013
72261603032	2018	8	12	15	0	0.004
72261603032	2018	8	12	17	0	0.01
72261603032	2018	8	13	23	0	0.08
72261603032	2018	8	14	0	0	0.01
72261603032	2018	9	2	6	0	0.31
72261603032	2018	9	2	7	0	0.53
72261603032	2018	9	2	8	0	0.89
72261603032	2018	9	2	9	0	0.07
72261603032	2018	9	2	10	0	0.08
72261603032	2018	9	3	22	0	0.01
72261603032	2018	9	3	23	0	0.01
72261603032	2018	9	4	14	0	0.01
72261603032	2018	9	4	15	0	0.02
72261603032	2018	9	6	6	0	0.01
72261603032	2018	9	6	8	0	0.001
72261603032	2018	9	6	14	0	0.01
72261603032	2018	9	6	19	0	0.03
72261603032	2018	9	6	20	0	0.04
72261603032	2018	9	7	1	0	0.62
72261603032	2018	9	7	2	0	0.43
72261603032	2018	9	7	3	0	0.15
72261603032	2018	9	7	4	0	0.05
72261603032	2018	9	7	5	0	0.08
72261603032	2018	9	7	6	0	0.02
72261603032	2018	9	7	7	0	0.01
72261603032	2018	9	7	8	0	0.011
72261603032	2018	9	7	9	0	0.91
72261603032	2018	9	7	10	0	0.18
72261603032	2018	9	7	11	0	0.01
72261603032	2018	9	7	15	0	0.01
72261603032	2018	9	7	16	0	0.01
72261603032	2018	9	7	23	0	0.002
72261603032	2018	9	8	0	0	0.01
72261603032	2018	9	8	1	0	0.11
72261603032	2018	9	8	2	0	0.12
72261603032	2018	9	8	3	0	0.06
72261603032	2018	9	8	4	0	0.03
72261603032	2018	9	8	5	0	0.02
72261603032	2018	9	8	6	0	0.01
72261603032	2018	9	8	7	0	0.02
72261603032	2018	9	8	15	0	0.24
72261603032	2018	9	8	16	0	0.01
72261603032	2018	9	15	14	0	0.011
72261603032	2018	9	15	19	0	0.011
72261603032	2018	9	15	20	0	0.01
72261603032	2018	9	15	21	0	0.011
72261603032	2018	9	15	22	0	0.009
72261603032	2018	9	16	4	0	0.011
72261603032	2018	9	16	5	0	0.018
72261603032	2018	9	16	8	0	0.023
72261603032	2018	9	16	9	0	0.037
72261603032	2018	9	16	10	0	0.18
72261603032	2018	9	16	11	0	0.025
72261603032	2018	9	16	12	0	0.025
72261603032	2018	9	16	14	0	0.001
72261603032	2018	9	16	15	0	0.026
72261603032	2018	9	16	16	0	0.047
72261603032	2018	9	16	17	0	0.122
72261603032	2018	9	16	18	0	0.028
72261603032	2018	9	16	19	0	0.012
72261603032	2018	9	16	21	0	0.024
72261603032	2018	9	16	22	0	0.18
72261603032	2018	9	16	23	0	0.201
72261603032	2018	9	17	0	0	0.078
72261603032	2018	9	17	1	0	0.062
72261603032	2018	9	17	2	0	0.002
72261603032	2018	9	17	3	0	0.11
72261603032	2018	9	17	4	0	0.108
72261603032	2018	9	17	5	0	0.024
72261603032	2018	9	17	6	0	0.004
72261603032	2018	9	17	8	0	0.041
72261603032	2018	9	17	9	0	0.001
72261603032	2018	9	17	11	0	0.001
72261603032	2018	9	18	20	0	0.008
72261603032	2018	9	19	20	0	0.005
72261603032	2018	9	19	21	0	0.036
72261603032	2018	9	19	22	0	0.109
72261603032	2018	9	19	23	0	0.079
72261603032	2018	9	20	0	0	0.094
72261603032	2018	9	20	1	0	0.148
72261603032	2018	9	20	2	0	0.013
72261603032	2018	9	20	3	0	0.003
72261603032	2018	9	20	18	0	0.001
72261603032	2018	9	20	19	0	0.005
72261603032	2018	9	25	15	0	0.07
72261603032	2018	10	6	19	0	0.002
72261603032	2018	10	6	20	0	0.02
72261603032	2018	10	6	21	0	0.005
72261603032	2018	10	8	20	0	0.14
72261603032	2018	10	9	7	0	0.04
72261603032	2018	10	10	8	0	0.01
72261603032	2018	10	12	13	0	0.02
72261603032	2018	10	12	14	0	0.02
72261603032	2018	10	12	15	0	0.01
72261603032	2018	10	12	16	0	0.01
72261603032	2018	10	15	6	0	0.01
72261603032	2018	10	16	14	0	0.002
72261603032	2018	10	16	15	0	0.013
72261603032	2018	10	16	16	0	0.001
72261603032	2018	10	16	17	0	0.004
72261603032	2018	10	16	19	0	0.001
72261603032	2018	10	17	0	0	0.001
72261603032	2018	10	17	6	0	0.001
72261603032	2018	10	17	7	0	0.001
72261603032	2018	10	17	9	0	0.001
72261603032	2018	10	17	10	0	0.001
72261603032	2018	10	17	11	0	0.001
72261603032	2018	10	17	12	0	0.001
72261603032	2018	10	17	13	0	0.016
72261603032	2018	10	17	14	0	0.029
72261603032	2018	10	17	15	0	0.045
72261603032	2018	10	17	16	0	0.006
72261603032	2018	10	17	18	0	0.01
72261603032	2018	10	17	19	0	0.04
72261603032	2018	10	17	20	0	0.15
72261603032	2018	10	17	21	0	0.08
72261603032	2018	10	17	22	0	0.03
72261603032	2018	10	17	23	0	0.01
72261603032	2018	10	18	0	0	0.03
72261603032	2018	10	18	1	0	0.04
72261603032	2018	10	18	2	0	0.11
72261603032	2018	10	18	3	0	0.04
72261603032	2018	10	18	6	0	0.01
72261603032	2018	10	18	23	0	0.03
72261603032	2018	10	19	0	0	0.02
72261603032	2018	10	19	7	0	0.01
72261603032	2018	10	19	13	0	0.01
72261603032	2018	10	19	19	0	0.01
72261603032	2018	10	20	7	0	0.04
72261603032	2018	10	20	8	0	0.16
72261603032	2018	10	20	9	0	0.01
72261603032	2018	10	20	11	0	0.01
72261603032	2018	10	20	15	0	0.01
72261603032	2018	10	20	16	0	0.03
72261603032	2018	10	20	18	0	0.08
72261603032	2018	10	20	19	0	0.09
72261603032	2018	10	20	20	0	0.01
72261603032	2018	10	22	0	0	0.01
72261603032	2018	10	22	16	0	0.02
72261603032	2018	10	22	17	0	0.01
72261603032	2018	10	22	18	0	0.01
72261603032	2018	10	22	19	0	0.01
72261603032	2018	10	23	11	0	0.01
72261603032	2018	10	23	12	0	0.01
72261603032	2018	10	23	14	0	0.01
72261603032	2018	10	23	18	0	0.01
72261603032	2018	10	23	20	0	0.01
72261603032	2018	10	23	21	0	0.03
72261603032	2018	10	23	22	0	0.05
72261603032	2018	10	23	23	0	0.05
72261603032	2018	10	24	0	0	0.06
72261603032	2018	10	24	1	0	0.07
72261603032	2018	10	24	2	0	0.06
72261603032	2018	10	24	3	0	0.03
72261603032	2018	10	24	4	0	0.03
72261603032	2018	10	24	5	0	0.11
72261603032	2018	10	24	6	0	0.18
72261603032	2018	10	24	7	0	0.13
72261603032	2018	10	24	8	0	0.05
72261603032	2018	10	24	9	0	0.03
72261603032	2018	10	24	10	0	0.01
72261603032	2018	10	24	12	0	0.11
72261603032	2018	10	24	13	0	0.22
72261603032	2018	10	24	14	0	0.05
72261603032	2018	10	31	19	0	0.017
72261603032	2018	10	31	23	0	0.013
72261603032	2018	11	1	0	0	0.161
72261603032	2018	12	7	9	0	0.01
72261603032	2018	12	7	10	0	0.05
72261603032	2018	12	7	11	0	0.17
72261603032	2018	12	7	12	0	0.08
72261603032	2018	12	7	13	0	0.1
72261603032	2018	12	7	14	0	0.11
72261603032	2018	12	7	15	0	0.1
72261603032	2018	12	7	16	0	0.04
72261603032	2018	12	7	17	0	0.07
72261603032	2018	12	7	18	0	0.03
72261603032	2018	12	7	19	0	0.05
72261603032	2018	12	7	20	0	0.08
72261603032	2018	12	7	21	0	0.05
72261603032	2018	12	7	22	0	0.08
72261603032	2018	12	7	23	0	0.05
72261603032	2018	12	8	0	0	0.01
72261603032	2018	12	8	9	0	0.01
72261603032	2018	12	8	10	0	0.01
72261603032	2018	12	8	13	0	0.02
72261603032	2018	12	26	20	0	0.01
72261603032	2018	12	31	1	0	0.1
72261603032	2019	1	10	12	0	0.01
72261603032	2019	1	10	13	0	0.011
72261603032	2019	1	10	15	0	0.002
72261603032	2019	1	11	10	0	0.03
72261603032	2019	1	11	12	0	0.01
72261603032	2019	1	11	13	0	0.08
72261603032	2019	1	11	14	0	0.02
72261603032	2019	1	11	15	0	0.04
72261603032	2019	1	11	16	0	0.01
72261603032	2019	1	11	17	0	0.09
72261603032	2019	1	11	18	0	0.02
72261603032	2019	1	15	14	0	0.02
72261603032	2019	1	15	15	0	0.03
72261603032	2019	1	15	16	0	0.03
72261603032	2019	1	15	17	0	0.03
72261603032	2019	2	6	14	0	0.01
72261603032	2019	3	12	5	0	0.02
72261603032	2019	3	12	6	0	0.02
72261603032	2019	3	12	7	0	0.01
72261603032	2019	3	12	8	0	0.01
72261603032	2019	3	12	10	0	0.01
72261603032	2019	3	12	12	0	0.01
72261603032	2019	3	12	14	0	0.02
72261603032	2019	3	13	4	0	0.05
72261603032	2019	3	13	5	0	0.03
72261603032	2019	4	6	2	0	0.001
72261603032	2019	4	13	10	0	0.001
72261603032	2019	4	13	11	0	0.01
72261603032	2019	4	13	12	0	0.001
72261603032	2019	4	24	3	0	0.01
72261603032	2019	4	24	4	0	0.01
72261603032	2019	4	24	5	0	0.023
72261603032	2019	4	24	6	0	0.26
72261603032	2019	4	24	10	0	0.28
72261603032	2019	4	24	11	0	0.2
72261603032	2019	4	24	12	0	0.03
72261603032	2019	4	24	13	0	0.15
72261603032	2019	4	24	14	0	0.08
72261603032	2019	4	24	15	0	0.02
72261603032	2019	4	24	23	0	0.02
72261603032	2019	5	2	10	0	0.01
72261603032	2019	5	3	3	0	0.23
72261603032	2019	5	6	0	0	0.01
72261603032	2019	5	6	2	0	0.012
72261603032	2019	5	6	3	0	0.01
72261603032	2019	5	8	2	0	0.01
72261603032	2019	5	10	10	0	0.01
72261603032	2019	5	11	7	0	0.01
72261603032	2019	5	13	20	0	0.14
72261603032	2019	5	13	22	0	0.02
72261603032	2019	5	26	0	0	0.03
72261603032	2019	6	3	3	0	0.02
72261603032	2019	6	3	4	0	0.3
72261603032	2019	6	3	5	0	0.48
72261603032	2019	6	3	6	0	0.02
72261603032	2019	6	5	4	0	0.221
72261603032	2019	6	5	5	0	0.01
72261603032	2019	6	5	6	0	0.021
72261603032	2019	6	10	8	0	0.004
72261603032	2019	6	10	9	0	0.05
72261603032	2019	6	10	10	0	0.44
72261603032	2019	6	10	11	0	0.21
72261603032	2019	6	10	12	0	0.01
72261603032	2019	6	10	13	0	0.08
72261603032	2019	6	10	14	0	0.01
72261603032	2019	6	11	11	0	0.07
72261603032	2019	6	18	2	0	0.01
72261603032	2019	6	18	3	0	0.04
72261603032	2019	6	19	0	0	0.32
72261603032	2019	8	23	9	0	0.01
72261603032	2019	8	23	10	0	0.01
72261603032	2019	8	23	21	0	0.05
72261603032	2019	8	23	22	0	0.02
72261603032	2019	8	23	23	0	0.027
72261603032	2019	9	1	21	0	0.09
72261603032	2019	9	1	22	0	0.03
72261603032	2019	9	10	0	0	0.05
72261603032	2019	9	10	4	0	0.46
72261603032	2019	9	10	5	0	0.01
72261603032	2019	9	21	23	0	0.01
72261603032	2019	9	24	0	0	0.43
72261603032	2019	9	24	1	0	0.11
72261603032	2019	9	24	2	0	0.09
72261603032	2019	9	24	3	0	0.04
72261603032	2019	10	15	5	0	0.01
72261603032	2019	10	15	11	0	0.05
72261603032	2019	10	15	12	0	0.01
72261603032	2019	10	15	14	0	0.01
72261603032	2019	10	15	15	0	0.05
72261603032	2019	10	15	16	0	0.17
72261603032	2019	10	15	20	0	0.02
72261603032	2019	10	30	6	0	0.01
72261603032	2019	11	7	6	0	0.21
72261603032	2019	11	7	7	0	0.02
72261603032	2019	11	7	8	0	0.022
72261603032	2019	11	7	9	0	0.004
72261603032	2019	11	7	18	0	0.01
72261603032	2019	11	7	19	0	0.024
72261603032	2019	11	8	1	0	0.01
72261603032	2019	11	8	2	0	0.015
72261603032	2019	11	8	4	0	0.002
72261603032	2019	11	8	5	0	0.04
72261603032	2019	11	8	6	0	0.01
72261603032	2019	11	8	7	0	0.015
72261603032	2019	11	8	8	0	0.005
72261603032	2019	11	8	9	0	0.009
72261603032	2019	11	8	12	0	0.01
72261603032	2019	11	8	13	0	0.009
72261603032	2019	11	8	14	0	0.001
72261603032	2019	11	11	13	0	0.011
72261603032	2019	11	11	15	0	0.01
72261603032	2019	11	11	16	0	0.09
72261603032	2019	11	11	17	0	0.03
72261603032	2019	11	11	18	0	0.026
72261603032	2019	11	11	19	0	0.06
72261603032	2019	11	11	20	0	0.054
72261603032	2019	11	11	21	0	0.01
72261603032	2019	11	11	22	0	0.008
72261603032	2019	11	12	5	0	0.003
72261603032	2019	11	12	8	0	0.001
72261603032	2019	11	12	9	0	0.01
72261603032	2019	11	12	11	0	0.01
72261603032	2019	11	12	13	0	0.001
72261603032	2019	11	20	23	0	0.01
72261603032	2019	11	27	15	0	0.01
72261603032	2019	11	28	6	0	0.01
72261603032	2019	11	28	7	0	0.01
72261603032	2019	11	28	8	0	0.03
72261603032	2019	12	10	4	0	0.01
72261603032	2019	12	10	6	0	0.11
72261603032	2019	12	10	7	0	0.12
72261603032	2019	12	10	8	0	0.08
72261603032	2019	12	10	9	0	0.12
72261603032	2019	12	10	10	0	0.07
72261603032	2019	12	10	11	0	0.03
72261603032	2019	12	10	17	0	0.01
72261603032	2019	12	10	19	0	0.005
