72272093026	2007	1	11	2	0	0.01
72272093026	2007	1	11	3	0	0.04
72272093026	2007	1	11	4	0	0.02
72272093026	2007	1	11	5	0	0.02
72272093026	2007	1	11	7	0	0.01
72272093026	2007	1	11	15	0	0.01
72272093026	2007	1	12	18	0	0.02
72272093026	2007	1	12	19	0	0.01
72272093026	2007	1	12	20	0	0.01
72272093026	2007	1	19	4	0	0.1
72272093026	2007	1	19	5	0	0.04
72272093026	2007	1	19	6	0	0.03
72272093026	2007	1	19	7	0	0.05
72272093026	2007	1	19	8	0	0.03
72272093026	2007	1	19	9	0	0.05
72272093026	2007	1	19	11	0	0.05
72272093026	2007	1	19	12	0	0.15
72272093026	2007	1	19	13	0	0.04
72272093026	2007	1	19	14	0	0.02
72272093026	2007	1	19	15	0	0.03
72272093026	2007	1	19	16	0	0.02
72272093026	2007	1	19	17	0	0.02
72272093026	2007	1	19	18	0	0.02
72272093026	2007	1	19	19	0	0.01
72272093026	2007	1	20	0	0	0.08
72272093026	2007	1	22	4	0	0.01
72272093026	2007	1	22	17	0	0.07
72272093026	2007	1	22	18	0	0.09
72272093026	2007	1	22	19	0	0.03
72272093026	2007	1	30	22	0	0.01
72272093026	2007	1	31	17	0	0.02
72272093026	2007	2	20	5	0	0.01
72272093026	2007	2	20	15	0	0.01
72272093026	2007	2	24	3	0	0.01
72272093026	2007	3	22	9	0	0.01
72272093026	2007	3	22	10	0	0.01
72272093026	2007	3	22	12	0	0.01
72272093026	2007	3	22	13	0	0.01
72272093026	2007	3	22	14	0	0.02
72272093026	2007	3	22	15	0	0.05
72272093026	2007	3	22	16	0	0.03
72272093026	2007	3	22	18	0	0.01
72272093026	2007	3	22	22	0	0.06
72272093026	2007	3	23	0	0	0.13
72272093026	2007	3	23	3	0	0.02
72272093026	2007	3	23	4	0	0.07
72272093026	2007	3	23	5	0	0.01
72272093026	2007	3	23	6	0	0.01
72272093026	2007	3	23	10	0	0.01
72272093026	2007	3	23	14	0	0.12
72272093026	2007	3	23	17	0	0.3
72272093026	2007	3	23	19	0	0.07
72272093026	2007	3	23	21	0	0.1
72272093026	2007	3	23	22	0	0.01
72272093026	2007	4	13	8	0	0.02
72272093026	2007	4	17	6	0	0.01
72272093026	2007	4	28	22	0	0.02
72272093026	2007	5	8	17	0	0.05
72272093026	2007	5	17	3	0	0.06
72272093026	2007	5	17	4	0	0.01
72272093026	2007	6	11	13	0	0.01
72272093026	2007	6	11	15	0	0.03
72272093026	2007	6	11	16	0	0.18
72272093026	2007	6	11	17	0	0.2
72272093026	2007	6	11	18	0	0.02
72272093026	2007	6	12	0	0	0.02
72272093026	2007	6	12	1	0	0.13
72272093026	2007	6	12	2	0	0.02
72272093026	2007	6	12	3	0	0.016
72272093026	2007	6	12	11	0	0.004
72272093026	2007	7	5	1	0	0.001
72272093026	2007	7	5	2	0	0.012
72272093026	2007	7	5	3	0	0.016
72272093026	2007	7	5	4	0	0.004
72272093026	2007	7	7	20	0	0.017
72272093026	2007	7	7	21	0	0.002
72272093026	2007	7	8	1	0	0.001
72272093026	2007	7	8	2	0	0.019
72272093026	2007	7	8	3	0	0.005
72272093026	2007	7	8	4	0	0.001
72272093026	2007	7	9	2	0	0.007
72272093026	2007	7	9	3	0	0.179
72272093026	2007	7	9	4	0	0.004
72272093026	2007	7	9	5	0	0.001
72272093026	2007	7	9	6	0	0.014
72272093026	2007	7	9	7	0	0.001
72272093026	2007	7	12	8	0	0.083
72272093026	2007	7	12	21	0	0.03
72272093026	2007	7	12	23	0	0.022
72272093026	2007	7	13	0	0	0.016
72272093026	2007	7	13	1	0	0.025
72272093026	2007	7	14	1	0	0.05
72272093026	2007	7	18	21	0	1.07
72272093026	2007	7	19	22	0	0.01
72272093026	2007	7	21	0	0	0.41
72272093026	2007	7	21	1	0	0.03
72272093026	2007	7	21	2	0	0.04
72272093026	2007	7	21	3	0	0.03
72272093026	2007	7	21	5	0	0.05
72272093026	2007	7	21	6	0	0.031
72272093026	2007	7	21	7	0	0.008
72272093026	2007	7	21	8	0	0.006
72272093026	2007	7	21	9	0	0.002
72272093026	2007	7	22	3	0	0.16
72272093026	2007	7	22	4	0	0.05
72272093026	2007	7	22	5	0	0.19
72272093026	2007	7	22	6	0	0.07
72272093026	2007	7	23	6	0	0.01
72272093026	2007	7	23	20	0	0.021
72272093026	2007	7	23	21	0	0.01
72272093026	2007	7	27	22	0	0.01
72272093026	2007	7	28	0	0	0.01
72272093026	2007	7	28	2	0	0.01
72272093026	2007	7	28	3	0	0.01
72272093026	2007	7	28	10	0	0.01
72272093026	2007	7	28	11	0	0.15
72272093026	2007	7	30	23	0	0.06
72272093026	2007	7	31	3	0	0.34
72272093026	2007	7	31	4	0	0.05
72272093026	2007	7	31	21	0	0.05
72272093026	2007	7	31	22	0	0.01
72272093026	2007	8	1	3	0	0.01
72272093026	2007	8	2	0	0	0.97
72272093026	2007	8	2	1	0	0.19
72272093026	2007	8	2	2	0	0.14
72272093026	2007	8	2	3	0	0.1
72272093026	2007	8	2	4	0	0.06
72272093026	2007	8	2	5	0	0.05
72272093026	2007	8	4	11	0	0.05
72272093026	2007	8	4	17	0	0.01
72272093026	2007	8	4	18	0	0.04
72272093026	2007	8	4	19	0	0.01
72272093026	2007	8	5	1	0	0.03
72272093026	2007	8	5	2	0	0.02
72272093026	2007	8	5	4	0	0.1
72272093026	2007	8	5	5	0	0.45
72272093026	2007	8	5	13	0	0.01
72272093026	2007	8	6	1	0	0.09
72272093026	2007	8	9	23	0	0.01
72272093026	2007	8	10	0	0	0.06
72272093026	2007	8	10	1	0	0.03
72272093026	2007	8	10	8	0	0.08
72272093026	2007	8	17	1	0	0.01
72272093026	2007	8	19	0	0	0.62
72272093026	2007	8	19	1	0	0.13
72272093026	2007	8	19	12	0	0.01
72272093026	2007	8	19	13	0	0.03
72272093026	2007	8	23	7	0	0.01
72272093026	2007	8	25	14	0	0.01
72272093026	2007	8	28	21	0	0.05
72272093026	2007	9	6	7	0	0.02
72272093026	2007	9	6	8	0	0.06
72272093026	2007	9	6	9	0	0.05
72272093026	2007	9	6	10	0	0.12
72272093026	2007	9	6	11	0	0.28
72272093026	2007	9	6	12	0	0.04
72272093026	2007	9	6	13	0	0.06
72272093026	2007	9	6	14	0	0.03
72272093026	2007	9	6	19	0	0.01
72272093026	2007	9	7	2	0	0.01
72272093026	2007	9	7	3	0	0.02
72272093026	2007	9	9	21	0	0.01
72272093026	2007	9	10	1	0	0.01
72272093026	2007	9	17	0	0	0.02
72272093026	2007	9	17	5	0	0.01
72272093026	2007	10	1	4	0	0.01
72272093026	2007	10	1	5	0	0.01
72272093026	2007	10	1	6	0	0.01
72272093026	2007	10	3	22	0	0.23
72272093026	2007	10	3	23	0	0.06
72272093026	2007	11	16	14	0	0.01
72272093026	2007	11	24	3	0	0.03
72272093026	2007	11	24	4	0	0.06
72272093026	2007	11	24	9	0	0.01
72272093026	2007	11	24	11	0	0.01
72272093026	2007	11	24	12	0	0.04
72272093026	2007	11	24	13	0	0.02
72272093026	2007	11	24	15	0	0.07
72272093026	2007	11	24	16	0	0.03
72272093026	2007	11	30	0	0	0.01
72272093026	2007	11	30	1	0	0.04
72272093026	2007	11	30	2	0	0.07
72272093026	2007	11	30	3	0	0.02
72272093026	2007	11	30	13	0	0.01
72272093026	2007	11	30	21	0	0.02
72272093026	2007	11	30	22	0	0.03
72272093026	2007	11	30	23	0	0.01
72272093026	2007	12	1	0	0	0.02
72272093026	2007	12	1	1	0	0.01
72272093026	2007	12	1	2	0	0.01
72272093026	2007	12	1	4	0	0.01
72272093026	2007	12	1	6	0	0.01
72272093026	2007	12	1	9	0	0.01
72272093026	2007	12	1	11	0	0.01
72272093026	2007	12	1	13	0	0.01
72272093026	2007	12	1	15	0	0.01
72272093026	2007	12	1	18	0	0.01
72272093026	2007	12	1	21	0	0.01
72272093026	2007	12	4	16	0	0.147
72272093026	2007	12	10	5	0	0.01
72272093026	2007	12	10	11	0	0.01
72272093026	2007	12	10	13	0	0.01
72272093026	2007	12	10	14	0	0.05
72272093026	2007	12	10	16	0	0.07
72272093026	2007	12	10	17	0	0.1
72272093026	2007	12	11	0	0	0.11
72272093026	2007	12	21	22	0	0.01
72272093026	2007	12	26	6	0	0.004
72272093026	2007	12	26	7	0	0.003
72272093026	2007	12	26	8	0	0.001
72272093026	2008	1	4	20	0	0.03
72272093026	2008	1	27	11	0	0.01
72272093026	2008	1	28	6	0	0.01
72272093026	2008	1	28	7	0	0.01
72272093026	2008	1	28	10	0	0.01
72272093026	2008	1	28	13	0	0.01
72272093026	2008	2	4	20	0	0.02
72272093026	2008	2	4	21	0	0.04
72272093026	2008	2	15	18	0	0.04
72272093026	2008	2	15	19	0	0.07
72272093026	2008	2	16	15	0	0.04
72272093026	2008	2	16	16	0	0.01
72272093026	2008	5	16	1	0	0.02
72272093026	2008	5	16	2	0	0.02
72272093026	2008	5	16	3	0	0.01
72272093026	2008	5	23	10	0	0.01
72272093026	2008	6	21	20	0	0.01
72272093026	2008	6	21	21	0	0.005
72272093026	2008	6	22	23	0	0.027
72272093026	2008	6	25	2	0	0.01
72272093026	2008	6	27	1	0	0.07
72272093026	2008	7	1	20	0	0.11
72272093026	2008	7	7	0	0	0.01
72272093026	2008	7	7	10	0	0.04
72272093026	2008	7	7	11	0	0.01
72272093026	2008	7	7	14	0	0.01
72272093026	2008	7	9	14	0	0.008
72272093026	2008	7	9	19	0	0.001
72272093026	2008	7	9	20	0	0.008
72272093026	2008	7	9	21	0	0.005
72272093026	2008	7	9	22	0	0.008
72272093026	2008	7	10	1	0	0.55
72272093026	2008	7	10	2	0	0.59
72272093026	2008	7	10	3	0	0.01
72272093026	2008	7	10	4	0	0.05
72272093026	2008	7	10	12	0	0.01
72272093026	2008	7	10	18	0	0.04
72272093026	2008	7	10	22	0	0.01
72272093026	2008	7	10	23	0	0.01
72272093026	2008	7	11	0	0	0.03
72272093026	2008	7	11	5	0	0.01
72272093026	2008	7	11	21	0	0.02
72272093026	2008	7	11	22	0	0.04
72272093026	2008	7	11	23	0	0.04
72272093026	2008	7	12	2	0	0.06
72272093026	2008	7	12	23	0	0.04
72272093026	2008	7	13	0	0	0.01
72272093026	2008	7	13	1	0	0.04
72272093026	2008	7	14	1	0	0.65
72272093026	2008	7	14	2	0	0.01
72272093026	2008	7	14	3	0	0.03
72272093026	2008	7	14	4	0	0.01
72272093026	2008	7	14	22	0	0.02
72272093026	2008	7	14	23	0	0.01
72272093026	2008	7	19	3	0	0.15
72272093026	2008	7	19	4	0	0.01
72272093026	2008	7	20	3	0	0.82
72272093026	2008	7	20	4	0	0.09
72272093026	2008	7	20	5	0	0.12
72272093026	2008	7	20	6	0	0.06
72272093026	2008	7	20	7	0	0.037
72272093026	2008	7	20	8	0	0.01
72272093026	2008	7	20	9	0	0.001
72272093026	2008	7	20	18	0	0.01
72272093026	2008	7	21	3	0	0.01
72272093026	2008	7	22	22	0	0.08
72272093026	2008	7	23	1	0	0.03
72272093026	2008	7	23	2	0	0.04
72272093026	2008	7	23	3	0	0.03
72272093026	2008	7	24	1	0	0.05
72272093026	2008	7	24	2	0	0.2
72272093026	2008	7	26	20	0	0.05
72272093026	2008	7	26	22	0	0.02
72272093026	2008	7	27	18	0	0.01
72272093026	2008	7	27	19	0	0.29
72272093026	2008	7	28	6	0	0.01
72272093026	2008	8	4	0	0	0.44
72272093026	2008	8	4	1	0	0.09
72272093026	2008	8	4	2	0	0.12
72272093026	2008	8	4	3	0	0.09
72272093026	2008	8	4	4	0	0.05
72272093026	2008	8	4	5	0	0.01
72272093026	2008	8	4	6	0	0.02
72272093026	2008	8	7	21	0	0.002
72272093026	2008	8	7	22	0	0.008
72272093026	2008	8	7	23	0	0.019
72272093026	2008	8	8	4	0	0.003
72272093026	2008	8	9	6	0	0.04
72272093026	2008	8	9	7	0	0.09
72272093026	2008	8	9	8	0	0.02
72272093026	2008	8	9	9	0	0.09
72272093026	2008	8	9	10	0	0.86
72272093026	2008	8	9	11	0	0.04
72272093026	2008	8	9	12	0	0.04
72272093026	2008	8	9	13	0	0.01
72272093026	2008	8	11	2	0	0.14
72272093026	2008	8	11	3	0	0.04
72272093026	2008	8	11	4	0	0.02
72272093026	2008	8	13	11	0	0.01
72272093026	2008	8	14	1	0	0.1
72272093026	2008	8	14	2	0	0.01
72272093026	2008	8	14	10	0	0.01
72272093026	2008	8	17	4	0	0.03
72272093026	2008	8	17	22	0	0.01
72272093026	2008	8	18	22	0	0.02
72272093026	2008	8	19	3	0	0.07
72272093026	2008	8	19	10	0	0.01
72272093026	2008	8	23	21	0	0.02
72272093026	2008	8	26	19	0	0.01
72272093026	2008	8	26	20	0	0.16
72272093026	2008	8	26	21	0	0.03
72272093026	2008	8	26	23	0	0.06
72272093026	2008	8	27	0	0	0.1
72272093026	2008	8	27	1	0	0.02
72272093026	2008	8	27	10	0	0.002
72272093026	2008	8	28	19	0	0.02
72272093026	2008	8	29	2	0	0.01
72272093026	2008	8	29	5	0	0.002
72272093026	2008	8	29	6	0	0.25
72272093026	2008	8	29	7	0	0.01
72272093026	2008	8	29	19	0	0.01
72272093026	2008	8	30	0	0	0.2
72272093026	2008	8	31	19	0	0.11
72272093026	2008	8	31	21	0	0.03
72272093026	2008	9	1	0	0	0.01
72272093026	2008	9	4	0	0	0.02
72272093026	2008	9	9	23	0	0.01
72272093026	2008	9	10	0	0	0.03
72272093026	2008	9	10	1	0	0.01
72272093026	2008	9	10	2	0	0.04
72272093026	2008	9	10	3	0	0.19
72272093026	2008	9	10	23	0	0.13
72272093026	2008	9	11	4	0	0.01
72272093026	2008	9	11	8	0	0.01
72272093026	2008	9	11	22	0	0.04
72272093026	2008	9	11	23	0	0.15
72272093026	2008	10	9	3	0	0.07
72272093026	2008	10	10	21	0	0.06
72272093026	2008	10	11	13	0	0.01
72272093026	2008	10	11	19	0	0.05
72272093026	2008	11	26	15	0	0.01
72272093026	2008	11	27	4	0	0.05
72272093026	2008	11	27	5	0	0.25
72272093026	2008	11	27	6	0	0.11
72272093026	2008	11	27	7	0	0.07
72272093026	2008	11	27	8	0	0.04
72272093026	2008	11	27	9	0	0.05
72272093026	2008	11	27	13	0	0.12
72272093026	2008	11	27	15	0	0.02
72272093026	2008	11	27	16	0	0.01
72272093026	2008	11	28	6	0	0.01
72272093026	2008	11	28	7	0	0.02
72272093026	2008	12	17	7	0	0.04
72272093026	2008	12	17	8	0	0.09
72272093026	2008	12	17	9	0	0.02
72272093026	2008	12	27	0	0	0.01
72272093026	2008	12	27	18	0	0.003
72272093026	2009	1	5	6	0	0.01
72272093026	2009	1	5	10	0	0.06
72272093026	2009	1	5	13	0	0.01
72272093026	2009	1	22	13	0	0.01
72272093026	2009	1	22	15	0	0.02
72272093026	2009	1	22	22	0	0.03
72272093026	2009	1	22	23	0	0.02
72272093026	2009	1	23	6	0	0.006
72272093026	2009	1	23	11	0	0.01
72272093026	2009	1	23	17	0	0.01
72272093026	2009	1	23	18	0	0.01
72272093026	2009	1	23	23	0	0.01
72272093026	2009	1	24	3	0	0.03
72272093026	2009	1	24	4	0	0.03
72272093026	2009	2	8	13	0	0.09
72272093026	2009	2	8	14	0	0.06
72272093026	2009	2	8	15	0	0.01
72272093026	2009	2	9	5	0	0.01
72272093026	2009	3	9	0	0	0.01
72272093026	2009	3	9	1	0	0.05
72272093026	2009	3	9	2	0	0.05
72272093026	2009	3	9	3	0	0.04
72272093026	2009	3	9	4	0	0.03
72272093026	2009	3	9	5	0	0.04
72272093026	2009	3	9	6	0	0.04
72272093026	2009	3	9	8	0	0.01
72272093026	2009	3	9	9	0	0.02
72272093026	2009	3	9	10	0	0.06
72272093026	2009	3	9	11	0	0.02
72272093026	2009	3	9	12	0	0.02
72272093026	2009	3	9	13	0	0.01
72272093026	2009	3	9	14	0	0.03
72272093026	2009	3	9	15	0	0.01
72272093026	2009	5	20	9	0	0.02
72272093026	2009	5	20	13	0	0.01
72272093026	2009	5	21	5	0	0.01
72272093026	2009	5	21	6	0	0.05
72272093026	2009	5	21	7	0	0.01
72272093026	2009	5	21	19	0	0.01
72272093026	2009	5	28	22	0	0.11
72272093026	2009	6	9	12	0	0.01
72272093026	2009	6	9	13	0	0.01
72272093026	2009	6	14	11	0	0.01
72272093026	2009	6	19	13	0	0.01
72272093026	2009	6	19	14	0	0.01
72272093026	2009	6	24	4	0	0.13
72272093026	2009	6	24	5	0	0.01
72272093026	2009	6	25	21	0	0.01
72272093026	2009	6	25	22	0	0.01
72272093026	2009	6	26	21	0	0.03
72272093026	2009	6	27	6	0	0.002
72272093026	2009	6	28	6	0	0.03
72272093026	2009	6	28	7	0	0.01
72272093026	2009	6	28	11	0	0.01
72272093026	2009	6	29	0	0	0.01
72272093026	2009	6	29	1	0	0.07
72272093026	2009	6	29	2	0	0.01
72272093026	2009	6	29	3	0	0.05
72272093026	2009	6	29	4	0	0.01
72272093026	2009	6	29	5	0	0.01
72272093026	2009	6	29	12	0	0.01
72272093026	2009	6	30	23	0	0.02
72272093026	2009	7	2	20	0	0.04
72272093026	2009	7	2	21	0	0.01
72272093026	2009	7	3	0	0	0.03
72272093026	2009	7	3	1	0	0.12
72272093026	2009	7	3	2	0	0.03
72272093026	2009	7	3	3	0	0.01
72272093026	2009	7	3	6	0	0.01
72272093026	2009	7	3	7	0	0.01
72272093026	2009	7	3	8	0	0.01
72272093026	2009	7	3	16	0	0.01
72272093026	2009	7	4	9	0	0.01
72272093026	2009	7	5	4	0	0.01
72272093026	2009	7	5	23	0	0.01
72272093026	2009	7	7	20	0	0.01
72272093026	2009	7	15	6	0	0.01
72272093026	2009	7	15	7	0	0.004
72272093026	2009	7	15	10	0	0.001
72272093026	2009	7	20	23	0	0.01
72272093026	2009	7	24	2	0	0.002
72272093026	2009	7	24	3	0	0.01
72272093026	2009	7	25	21	0	0.07
72272093026	2009	7	25	22	0	0.24
72272093026	2009	7	28	21	0	0.14
72272093026	2009	7	29	0	0	0.14
72272093026	2009	7	29	22	0	0.01
72272093026	2009	7	30	2	0	0.01
72272093026	2009	8	2	20	0	0.01
72272093026	2009	8	5	3	0	0.01
72272093026	2009	8	12	20	0	0.02
72272093026	2009	8	12	21	0	0.01
72272093026	2009	8	13	5	0	0.004
72272093026	2009	8	13	6	0	0.02
72272093026	2009	8	13	7	0	0.01
72272093026	2009	8	13	8	0	0.01
72272093026	2009	8	13	10	0	0.01
72272093026	2009	8	13	12	0	0.09
72272093026	2009	8	13	13	0	0.11
72272093026	2009	8	13	14	0	0.12
72272093026	2009	8	13	15	0	0.12
72272093026	2009	8	13	16	0	0.01
72272093026	2009	8	13	21	0	0.12
72272093026	2009	8	13	22	0	0.49
72272093026	2009	8	14	0	0	0.09
72272093026	2009	8	22	1	0	0.02
72272093026	2009	8	22	7	0	0.01
72272093026	2009	8	22	8	0	0.04
72272093026	2009	8	22	9	0	0.01
72272093026	2009	8	22	10	0	0.02
72272093026	2009	8	22	12	0	0.01
72272093026	2009	8	22	14	0	0.04
72272093026	2009	8	22	15	0	0.02
72272093026	2009	8	22	16	0	0.01
72272093026	2009	8	24	3	0	0.11
72272093026	2009	8	24	4	0	0.12
72272093026	2009	8	24	6	0	0.03
72272093026	2009	9	3	22	0	0.02
72272093026	2009	9	7	0	0	0.002
72272093026	2009	9	7	1	0	0.03
72272093026	2009	9	7	2	0	0.02
72272093026	2009	9	7	3	0	0.02
72272093026	2009	9	20	1	0	0.08
72272093026	2009	10	3	12	0	0.01
72272093026	2009	10	3	14	0	0.02
72272093026	2009	10	3	15	0	0.14
72272093026	2009	10	3	16	0	0.11
72272093026	2009	10	3	17	0	0.02
72272093026	2009	10	3	19	0	0.01
72272093026	2009	10	3	20	0	0.01
72272093026	2009	10	4	4	0	0.01
72272093026	2009	10	18	23	0	0.01
72272093026	2009	10	19	0	0	0.04
72272093026	2009	10	20	4	0	0.07
72272093026	2009	11	29	13	0	0.11
72272093026	2009	11	29	14	0	0.03
72272093026	2009	11	29	15	0	0.01
72272093026	2009	11	29	17	0	0.12
72272093026	2009	11	29	18	0	0.04
72272093026	2009	11	30	5	0	0.02
72272093026	2009	11	30	6	0	0.03
72272093026	2009	11	30	7	0	0.01
72272093026	2009	11	30	8	0	0.01
72272093026	2009	11	30	9	0	0.07
72272093026	2009	11	30	17	0	0.01
72272093026	2009	12	23	9	0	0.01
72272093026	2009	12	23	10	0	0.05
72272093026	2009	12	23	15	0	0.02
72272093026	2009	12	23	16	0	0.08
72272093026	2009	12	23	17	0	0.07
72272093026	2009	12	29	10	0	0.05
72272093026	2009	12	29	11	0	0.07
72272093026	2009	12	29	12	0	0.02
72272093026	2009	12	29	13	0	0.01
72272093026	2010	1	20	14	0	0.01
72272093026	2010	1	21	16	0	0.01
72272093026	2010	1	22	8	0	0.03
72272093026	2010	1	22	9	0	0.1
72272093026	2010	1	22	10	0	0.12
72272093026	2010	1	22	11	0	0.1
72272093026	2010	1	22	12	0	0.04
72272093026	2010	1	22	13	0	0.03
72272093026	2010	1	22	14	0	0.02
72272093026	2010	1	22	15	0	0.01
72272093026	2010	1	22	16	0	0.03
72272093026	2010	1	22	17	0	0.05
72272093026	2010	1	22	18	0	0.02
72272093026	2010	1	23	3	0	0.03
72272093026	2010	1	23	5	0	0.01
72272093026	2010	1	23	6	0	0.01
72272093026	2010	1	23	7	0	0.04
72272093026	2010	1	23	8	0	0.04
72272093026	2010	1	23	12	0	0.05
72272093026	2010	1	27	21	0	0.01
72272093026	2010	1	27	22	0	0.12
72272093026	2010	1	28	3	0	0.06
72272093026	2010	1	28	4	0	0.2
72272093026	2010	1	28	5	0	0.14
72272093026	2010	1	28	8	0	0.01
72272093026	2010	1	28	10	0	0.01
72272093026	2010	1	28	11	0	0.01
72272093026	2010	1	28	13	0	0.01
72272093026	2010	1	28	14	0	0.01
72272093026	2010	1	28	15	0	0.05
72272093026	2010	1	28	16	0	0.03
72272093026	2010	1	28	17	0	0.02
72272093026	2010	1	28	18	0	0.02
72272093026	2010	1	28	19	0	0.01
72272093026	2010	2	3	7	0	0.01
72272093026	2010	2	3	8	0	0.02
72272093026	2010	2	3	9	0	0.02
72272093026	2010	2	3	10	0	0.04
72272093026	2010	2	3	11	0	0.02
72272093026	2010	2	3	12	0	0.05
72272093026	2010	2	3	13	0	0.1
72272093026	2010	2	3	14	0	0.05
72272093026	2010	2	3	15	0	0.06
72272093026	2010	2	3	16	0	0.06
72272093026	2010	2	3	17	0	0.05
72272093026	2010	2	3	18	0	0.02
72272093026	2010	2	3	21	0	0.01
72272093026	2010	2	3	23	0	0.01
72272093026	2010	2	4	0	0	0.01
72272093026	2010	2	4	1	0	0.04
72272093026	2010	2	4	2	0	0.02
72272093026	2010	2	4	3	0	0.01
72272093026	2010	2	10	23	0	0.01
72272093026	2010	2	11	3	0	0.01
72272093026	2010	2	11	4	0	0.02
72272093026	2010	2	11	5	0	0.01
72272093026	2010	2	11	7	0	0.04
72272093026	2010	2	11	8	0	0.09
72272093026	2010	2	11	9	0	0.03
72272093026	2010	2	11	10	0	0.01
72272093026	2010	2	11	11	0	0.02
72272093026	2010	2	11	18	0	0.01
72272093026	2010	2	20	22	0	0.06
72272093026	2010	2	21	9	0	0.01
72272093026	2010	2	23	0	0	0.01
72272093026	2010	2	23	1	0	0.01
72272093026	2010	2	28	12	0	0.07
72272093026	2010	2	28	13	0	0.02
72272093026	2010	2	28	21	0	0.01
72272093026	2010	2	28	23	0	0.01
72272093026	2010	3	1	0	0	0.01
72272093026	2010	3	7	6	0	0.01
72272093026	2010	3	7	8	0	0.01
72272093026	2010	3	8	2	0	0.017
72272093026	2010	3	8	6	0	0.02
72272093026	2010	3	8	9	0	0.03
72272093026	2010	3	8	10	0	0.01
72272093026	2010	3	9	16	0	0.001
72272093026	2010	3	24	0	0	0.02
72272093026	2010	3	24	3	0	0.04
72272093026	2010	3	24	10	0	0.01
72272093026	2010	4	19	18	0	0.01
72272093026	2010	4	19	19	0	0.002
72272093026	2010	4	22	11	0	0.05
72272093026	2010	4	22	12	0	0.04
72272093026	2010	4	22	17	0	0.01
72272093026	2010	4	23	12	0	0.02
72272093026	2010	4	23	13	0	0.04
72272093026	2010	4	23	14	0	0.02
72272093026	2010	4	23	15	0	0.01
72272093026	2010	4	23	17	0	0.01
72272093026	2010	7	1	21	0	0.23
72272093026	2010	7	2	22	0	0.15
72272093026	2010	7	2	23	0	0.03
72272093026	2010	7	10	23	0	0.002
72272093026	2010	7	11	0	0	0.007
72272093026	2010	7	11	1	0	0.017
72272093026	2010	7	11	2	0	0.01
72272093026	2010	7	11	3	0	0.1
72272093026	2010	7	11	4	0	0.01
72272093026	2010	7	11	7	0	0.01
72272093026	2010	7	12	0	0	0.01
72272093026	2010	7	12	1	0	0.04
72272093026	2010	7	13	3	0	0.005
72272093026	2010	7	14	0	0	0.08
72272093026	2010	7	14	1	0	0.11
72272093026	2010	7	14	5	0	0.01
72272093026	2010	7	14	6	0	0.03
72272093026	2010	7	14	7	0	0.02
72272093026	2010	7	14	8	0	0.01
72272093026	2010	7	14	9	0	0.01
72272093026	2010	7	16	7	0	0.05
72272093026	2010	7	16	8	0	0.04
72272093026	2010	7	17	23	0	0.01
72272093026	2010	7	20	0	0	0.62
72272093026	2010	7	20	1	0	1.24
72272093026	2010	7	20	4	0	0.07
72272093026	2010	7	20	5	0	0.03
72272093026	2010	7	20	6	0	0.02
72272093026	2010	7	21	2	0	0.017
72272093026	2010	7	21	3	0	0.03
72272093026	2010	7	21	22	0	0.01
72272093026	2010	7	21	23	0	0.02
72272093026	2010	7	22	0	0	0.01
72272093026	2010	7	25	21	0	0.043
72272093026	2010	7	26	22	0	0.06
72272093026	2010	7	27	0	0	0.01
72272093026	2010	7	27	1	0	0.06
72272093026	2010	7	27	17	0	0.06
72272093026	2010	7	27	19	0	0.81
72272093026	2010	7	27	20	0	0.17
72272093026	2010	7	27	21	0	0.01
72272093026	2010	7	27	22	0	0.01
72272093026	2010	7	30	1	0	0.01
72272093026	2010	7	30	2	0	0.009
72272093026	2010	7	30	3	0	0.24
72272093026	2010	7	30	4	0	0.06
72272093026	2010	7	30	23	0	0.3
72272093026	2010	7	31	0	0	0.01
72272093026	2010	7	31	1	0	0.011
72272093026	2010	7	31	6	0	0.01
72272093026	2010	7	31	7	0	0.27
72272093026	2010	7	31	8	0	0.03
72272093026	2010	7	31	9	0	0.03
72272093026	2010	8	6	1	0	0.02
72272093026	2010	8	7	3	0	0.06
72272093026	2010	8	7	7	0	0.01
72272093026	2010	8	7	8	0	0.02
72272093026	2010	8	7	9	0	0.01
72272093026	2010	8	7	12	0	0.01
72272093026	2010	8	8	9	0	0.14
72272093026	2010	8	9	0	0	0.01
72272093026	2010	8	12	23	0	0.01
72272093026	2010	8	15	3	0	0.01
72272093026	2010	8	15	6	0	0.01
72272093026	2010	8	16	5	0	0.078
72272093026	2010	8	16	6	0	0.01
72272093026	2010	8	16	9	0	0.05
72272093026	2010	8	16	10	0	0.12
72272093026	2010	8	22	0	0	0.02
72272093026	2010	8	25	4	0	0.05
72272093026	2010	8	25	7	0	0.09
72272093026	2010	8	25	8	0	0.05
72272093026	2010	8	25	9	0	0.01
72272093026	2010	8	28	2	0	0.01
72272093026	2010	8	29	19	0	0.01
72272093026	2010	8	29	20	0	0.64
72272093026	2010	8	29	21	0	0.51
72272093026	2010	8	29	22	0	0.01
72272093026	2010	8	30	0	0	0.01
72272093026	2010	8	30	1	0	0.05
72272093026	2010	8	30	2	0	0.01
72272093026	2010	9	21	23	0	0.01
72272093026	2010	9	22	0	0	0.02
72272093026	2010	9	22	1	0	0.02
72272093026	2010	9	22	6	0	0.01
72272093026	2010	9	22	9	0	0.02
72272093026	2010	9	22	10	0	0.02
72272093026	2010	9	22	11	0	0.11
72272093026	2010	9	22	12	0	0.09
72272093026	2010	9	22	13	0	0.06
72272093026	2010	9	22	14	0	0.06
72272093026	2010	9	22	15	0	0.01
72272093026	2010	9	22	23	0	0.01
72272093026	2010	9	23	2	0	0.06
72272093026	2010	9	23	7	0	0.01
72272093026	2010	10	3	9	0	0.02
72272093026	2010	10	5	6	0	0.05
72272093026	2010	10	5	7	0	0.01
72272093026	2010	10	16	0	0	0.01
72272093026	2010	10	16	1	0	0.01
72272093026	2010	12	23	15	0	0.005
72272093026	2010	12	23	16	0	0.03
72272093026	2010	12	30	19	0	0.02
72272093026	2011	2	1	0	0	0.01
72272093026	2011	2	27	13	0	0.04
72272093026	2011	2	27	17	0	0.01
72272093026	2011	6	29	23	0	0.01
72272093026	2011	6	30	0	0	0.01
72272093026	2011	7	6	23	0	0.3
72272093026	2011	7	7	22	0	0.05
72272093026	2011	7	8	22	0	0.03
72272093026	2011	7	8	23	0	0.14
72272093026	2011	7	9	23	0	0.004
72272093026	2011	7	10	0	0	0.02
72272093026	2011	7	10	1	0	0.02
72272093026	2011	7	11	7	0	0.001
72272093026	2011	7	12	2	0	0.29
72272093026	2011	7	12	3	0	0.313
72272093026	2011	7	17	3	0	0.01
72272093026	2011	7	17	6	0	0.01
72272093026	2011	7	18	3	0	0.05
72272093026	2011	7	19	5	0	0.01
72272093026	2011	7	19	13	0	0.01
72272093026	2011	7	23	0	0	0.75
72272093026	2011	7	23	1	0	0.15
72272093026	2011	7	23	2	0	0.03
72272093026	2011	7	23	3	0	0.005
72272093026	2011	7	23	4	0	0.002
72272093026	2011	7	23	5	0	0.001
72272093026	2011	7	24	3	0	0.07
72272093026	2011	7	24	6	0	0.03
72272093026	2011	7	24	14	0	0.01
72272093026	2011	7	25	2	0	0.01
72272093026	2011	7	25	23	0	0.03
72272093026	2011	7	26	1	0	0.02
72272093026	2011	7	26	2	0	0.02
72272093026	2011	7	26	20	0	0.004
72272093026	2011	7	26	21	0	0.01
72272093026	2011	7	29	2	0	0.017
72272093026	2011	7	29	3	0	0.11
72272093026	2011	7	29	4	0	0.05
72272093026	2011	7	29	5	0	0.04
72272093026	2011	7	30	1	0	0.04
72272093026	2011	7	30	2	0	0.61
72272093026	2011	7	31	0	0	0.16
72272093026	2011	7	31	1	0	0.01
72272093026	2011	7	31	22	0	0.02
72272093026	2011	8	1	1	0	0.05
72272093026	2011	8	1	2	0	0.04
72272093026	2011	8	1	5	0	0.01
72272093026	2011	8	1	6	0	0.05
72272093026	2011	8	1	7	0	0.07
72272093026	2011	8	11	1	0	0.02
72272093026	2011	8	11	2	0	0.01
72272093026	2011	8	13	23	0	0.11
72272093026	2011	8	16	1	0	0.01
72272093026	2011	8	16	2	0	0.02
72272093026	2011	8	17	18	0	0.04
72272093026	2011	8	18	21	0	0.68
72272093026	2011	8	18	23	0	0.02
72272093026	2011	8	19	3	0	0.01
72272093026	2011	8	23	2	0	0.04
72272093026	2011	8	24	5	0	0.01
72272093026	2011	8	24	6	0	0.01
72272093026	2011	8	24	12	0	0.01
72272093026	2011	8	25	1	0	0.12
72272093026	2011	8	25	3	0	0.39
72272093026	2011	8	31	0	0	0.68
72272093026	2011	8	31	1	0	0.01
72272093026	2011	9	4	23	0	0.07
72272093026	2011	9	7	0	0	0.01
72272093026	2011	9	8	23	0	0.001
72272093026	2011	9	9	3	0	0.01
72272093026	2011	9	9	6	0	0.01
72272093026	2011	9	9	21	0	0.01
72272093026	2011	9	9	22	0	0.039
72272093026	2011	9	10	0	0	0.1
72272093026	2011	9	10	1	0	0.063
72272093026	2011	9	10	2	0	0.07
72272093026	2011	9	10	3	0	0.05
72272093026	2011	9	10	4	0	0.08
72272093026	2011	9	10	5	0	0.14
72272093026	2011	9	10	6	0	0.08
72272093026	2011	9	10	7	0	0.05
72272093026	2011	9	12	14	0	0.03
72272093026	2011	9	12	15	0	0.01
72272093026	2011	9	12	21	0	0.01
72272093026	2011	9	13	11	0	0.01
72272093026	2011	9	14	22	0	0.03
72272093026	2011	9	15	22	0	0.09
72272093026	2011	9	15	23	0	0.02
72272093026	2011	9	16	0	0	0.08
72272093026	2011	9	22	21	0	0.01
72272093026	2011	9	27	22	0	0.07
72272093026	2011	9	28	0	0	0.03
72272093026	2011	10	2	3	0	0.01
72272093026	2011	10	2	4	0	0.01
72272093026	2011	10	2	5	0	0.03
72272093026	2011	10	2	6	0	0.04
72272093026	2011	10	2	7	0	0.03
72272093026	2011	10	2	8	0	0.01
72272093026	2011	10	4	20	0	0.01
72272093026	2011	10	4	21	0	0.01
72272093026	2011	11	5	14	0	0.01
72272093026	2011	11	5	15	0	0.05
72272093026	2011	11	13	1	0	0.02
72272093026	2011	11	13	2	0	0.02
72272093026	2011	11	13	18	0	0.02
72272093026	2011	11	13	19	0	0.01
72272093026	2011	11	21	14	0	0.01
72272093026	2011	11	24	21	0	0.01
72272093026	2011	11	24	22	0	0.06
72272093026	2011	11	24	23	0	0.07
72272093026	2011	11	25	0	0	0.01
72272093026	2011	11	25	1	0	0.03
72272093026	2011	11	25	2	0	0.04
72272093026	2011	11	25	3	0	0.14
72272093026	2011	11	25	4	0	0.13
72272093026	2011	11	25	5	0	0.02
72272093026	2011	11	25	6	0	0.03
72272093026	2011	11	25	9	0	0.04
72272093026	2011	11	25	10	0	0.11
72272093026	2011	11	25	11	0	0.066
72272093026	2011	11	29	15	0	0.002
72272093026	2011	11	29	16	0	0.001
72272093026	2011	12	12	18	0	0.01
72272093026	2011	12	12	20	0	0.05
72272093026	2011	12	12	21	0	0.04
72272093026	2011	12	12	22	0	0.2
72272093026	2011	12	12	23	0	0.13
72272093026	2011	12	13	0	0	0.09
72272093026	2011	12	13	1	0	0.01
72272093026	2011	12	13	14	0	0.01
72272093026	2011	12	13	21	0	0.03
72272093026	2011	12	13	22	0	0.03
72272093026	2011	12	14	3	0	0.01
72272093026	2011	12	14	4	0	0.06
72272093026	2011	12	14	5	0	0.01
72272093026	2011	12	19	3	0	0.01
72272093026	2011	12	19	6	0	0.01
72272093026	2011	12	19	9	0	0.03
72272093026	2011	12	19	10	0	0.01
72272093026	2012	1	16	12	0	0.02
72272093026	2012	1	16	14	0	0.01
72272093026	2012	2	17	5	0	0.01
72272093026	2012	2	17	6	0	0.04
72272093026	2012	2	17	8	0	0.01
72272093026	2012	2	17	9	0	0.01
72272093026	2012	2	17	10	0	0.01
72272093026	2012	2	17	12	0	0.02
72272093026	2012	2	17	13	0	0.03
72272093026	2012	2	17	14	0	0.01
72272093026	2012	2	17	22	0	0.01
72272093026	2012	2	18	15	0	0.01
72272093026	2012	3	19	19	0	0.01
72272093026	2012	5	9	21	0	0.24
72272093026	2012	5	9	22	0	0.01
72272093026	2012	5	9	23	0	0.08
72272093026	2012	7	2	1	0	0.01
72272093026	2012	7	3	2	0	0.002
72272093026	2012	7	3	3	0	0.08
72272093026	2012	7	3	16	0	0.01
72272093026	2012	7	4	0	0	0.01
72272093026	2012	7	4	5	0	0.04
72272093026	2012	7	4	6	0	0.01
72272093026	2012	7	8	0	0	0.07
72272093026	2012	7	8	1	0	0.12
72272093026	2012	7	8	2	0	0.01
72272093026	2012	7	8	3	0	0.04
72272093026	2012	7	8	9	0	0.01
72272093026	2012	7	9	2	0	0.01
72272093026	2012	7	10	21	0	0.02
72272093026	2012	7	15	22	0	0.01
72272093026	2012	7	15	23	0	0.16
72272093026	2012	7	16	0	0	0.03
72272093026	2012	7	16	1	0	0.03
72272093026	2012	7	16	3	0	0.01
72272093026	2012	7	16	4	0	0.01
72272093026	2012	7	16	5	0	0.01
72272093026	2012	7	16	20	0	0.02
72272093026	2012	7	21	7	0	0.01
72272093026	2012	7	22	8	0	0.02
72272093026	2012	7	22	9	0	0.03
72272093026	2012	7	22	14	0	0.01
72272093026	2012	7	22	23	0	0.02
72272093026	2012	7	24	1	0	0.07
72272093026	2012	7	24	2	0	0.03
72272093026	2012	7	24	3	0	0.03
72272093026	2012	7	24	19	0	0.03
72272093026	2012	7	24	20	0	0.01
72272093026	2012	7	27	20	0	0.02
72272093026	2012	7	28	0	0	0.14
72272093026	2012	7	28	1	0	0.05
72272093026	2012	7	28	22	0	0.01
72272093026	2012	7	29	1	0	0.05
72272093026	2012	7	29	2	0	0.01
72272093026	2012	7	31	3	0	0.18
72272093026	2012	7	31	4	0	0.08
72272093026	2012	8	5	0	0	0.15
72272093026	2012	8	7	22	0	0.02
72272093026	2012	8	8	22	0	0.14
72272093026	2012	8	8	23	0	0.01
72272093026	2012	8	9	2	0	0.15
72272093026	2012	8	9	3	0	0.12
72272093026	2012	8	14	5	0	0.01
72272093026	2012	8	14	22	0	0.33
72272093026	2012	8	15	7	0	0.01
72272093026	2012	8	16	3	0	0.01
72272093026	2012	8	16	4	0	0.11
72272093026	2012	8	16	5	0	0.1
72272093026	2012	8	16	6	0	0.11
72272093026	2012	8	16	7	0	0.06
72272093026	2012	8	16	8	0	0.02
72272093026	2012	8	16	9	0	0.02
72272093026	2012	8	18	2	0	0.01
72272093026	2012	8	19	4	0	0.32
72272093026	2012	8	19	5	0	0.02
72272093026	2012	8	19	6	0	0.01
72272093026	2012	8	19	16	0	0.01
72272093026	2012	8	19	23	0	0.04
72272093026	2012	8	20	0	0	1.07
72272093026	2012	8	24	0	0	0.13
72272093026	2012	8	24	1	0	0.18
72272093026	2012	8	24	6	0	0.01
72272093026	2012	8	28	0	0	0.14
72272093026	2012	8	28	1	0	0.01
72272093026	2012	9	3	23	0	0.62
72272093026	2012	9	4	0	0	0.05
72272093026	2012	9	4	3	0	0.07
72272093026	2012	9	4	4	0	0.05
72272093026	2012	9	5	4	0	0.13
72272093026	2012	9	5	5	0	0.02
72272093026	2012	9	5	6	0	0.02
72272093026	2012	9	5	7	0	0.1
72272093026	2012	9	7	2	0	0.36
72272093026	2012	9	7	3	0	0.02
72272093026	2012	9	8	0	0	0.013
72272093026	2012	9	8	1	0	0.041
72272093026	2012	9	8	2	0	0.01
72272093026	2012	9	12	1	0	0.03
72272093026	2012	9	12	2	0	0.01
72272093026	2012	9	12	6	0	0.02
72272093026	2012	11	18	11	0	0.02
72272093026	2012	11	18	12	0	0.02
72272093026	2012	11	18	14	0	0.01
72272093026	2012	12	14	3	0	0.02
72272093026	2012	12	14	4	0	0.09
72272093026	2012	12	14	6	0	0.02
72272093026	2012	12	14	7	0	0.02
72272093026	2012	12	14	8	0	0.06
72272093026	2012	12	14	11	0	0.03
72272093026	2012	12	14	12	0	0.03
72272093026	2012	12	14	15	0	0.01
72272093026	2012	12	31	9	0	0.02
72272093026	2012	12	31	10	0	0.01
72272093026	2012	12	31	15	0	0.01
72272093026	2012	12	31	16	0	0.05
72272093026	2012	12	31	17	0	0.1
72272093026	2012	12	31	18	0	0.08
72272093026	2013	1	26	4	0	0.05
72272093026	2013	1	26	5	0	0.05
72272093026	2013	1	26	11	0	0.03
72272093026	2013	1	26	12	0	0.08
72272093026	2013	1	26	13	0	0.06
72272093026	2013	1	26	14	0	0.1
72272093026	2013	1	26	15	0	0.05
72272093026	2013	1	26	17	0	0.01
72272093026	2013	1	26	18	0	0.04
72272093026	2013	1	26	22	0	0.01
72272093026	2013	1	28	20	0	0.01
72272093026	2013	1	28	22	0	0.01
72272093026	2013	1	28	23	0	0.01
72272093026	2013	1	29	4	0	0.01
72272093026	2013	1	29	8	0	0.01
72272093026	2013	1	29	16	0	0.02
72272093026	2013	1	29	17	0	0.11
72272093026	2013	2	9	19	0	0.02
72272093026	2013	2	12	1	0	0.01
72272093026	2013	2	12	2	0	0.01
72272093026	2013	2	12	3	0	0.03
72272093026	2013	2	12	4	0	0.004
72272093026	2013	2	20	21	0	0.01
72272093026	2013	2	20	22	0	0.01
72272093026	2013	2	20	23	0	0.019
72272093026	2013	2	21	0	0	0.03
72272093026	2013	2	21	4	0	0.011
72272093026	2013	2	21	6	0	0.011
72272093026	2013	3	8	17	0	0.02
72272093026	2013	4	9	21	0	0.01
72272093026	2013	6	15	13	0	0.1
72272093026	2013	7	1	0	0	0.005
72272093026	2013	7	1	1	0	0.002
72272093026	2013	7	1	2	0	0.011
72272093026	2013	7	1	8	0	0.01
72272093026	2013	7	1	10	0	0.01
72272093026	2013	7	2	6	0	0.06
72272093026	2013	7	2	7	0	0.01
72272093026	2013	7	3	4	0	0.41
72272093026	2013	7	3	5	0	0.03
72272093026	2013	7	3	6	0	0.03
72272093026	2013	7	3	7	0	0.03
72272093026	2013	7	4	10	0	0.12
72272093026	2013	7	4	11	0	0.01
72272093026	2013	7	5	21	0	0.37
72272093026	2013	7	5	22	0	0.53
72272093026	2013	7	5	23	0	0.67
72272093026	2013	7	7	2	0	0.18
72272093026	2013	7	8	7	0	0.003
72272093026	2013	7	8	21	0	0.45
72272093026	2013	7	8	22	0	0.31
72272093026	2013	7	8	23	0	0.16
72272093026	2013	7	9	5	0	0.003
72272093026	2013	7	9	6	0	0.32
72272093026	2013	7	9	7	0	0.1
72272093026	2013	7	10	2	0	0.079
72272093026	2013	7	10	3	0	0.84
72272093026	2013	7	10	4	0	0.09
72272093026	2013	7	10	5	0	0.02
72272093026	2013	7	11	2	0	0.04
72272093026	2013	7	11	3	0	0.04
72272093026	2013	7	11	5	0	0.01
72272093026	2013	7	11	6	0	0.27
72272093026	2013	7	11	7	0	0.01
72272093026	2013	7	11	9	0	0.01
72272093026	2013	7	12	7	0	0.15
72272093026	2013	7	12	8	0	0.68
72272093026	2013	7	12	9	0	0.22
72272093026	2013	7	12	10	0	0.09
72272093026	2013	7	14	0	0	0.12
72272093026	2013	7	14	1	0	0.38
72272093026	2013	7	14	2	0	0.08
72272093026	2013	7	16	2	0	0.007
72272093026	2013	7	16	3	0	0.28
72272093026	2013	7	16	4	0	0.27
72272093026	2013	7	16	5	0	0.15
72272093026	2013	7	16	6	0	0.12
72272093026	2013	7	16	21	0	0.11
72272093026	2013	7	16	22	0	0.13
72272093026	2013	7	16	23	0	0.12
72272093026	2013	7	17	0	0	0.19
72272093026	2013	7	17	1	0	0.01
72272093026	2013	7	19	5	0	0.02
72272093026	2013	7	19	6	0	0.01
72272093026	2013	7	19	21	0	0.01
72272093026	2013	7	20	12	0	0.01
72272093026	2013	7	24	0	0	0.03
72272093026	2013	7	24	1	0	0.39
72272093026	2013	7	24	2	0	0.02
72272093026	2013	7	24	3	0	0.02
72272093026	2013	7	24	4	0	0.01
72272093026	2013	7	24	5	0	0.06
72272093026	2013	7	24	6	0	0.03
72272093026	2013	7	24	11	0	0.01
72272093026	2013	7	25	0	0	0.59
72272093026	2013	7	25	1	0	0.04
72272093026	2013	7	28	21	0	0.33
72272093026	2013	7	28	22	0	0.06
72272093026	2013	7	28	23	0	0.05
72272093026	2013	7	29	1	0	0.01
72272093026	2013	8	1	17	0	0.122
72272093026	2013	8	1	18	0	0.03
72272093026	2013	8	1	19	0	0.04
72272093026	2013	8	1	20	0	0.01
72272093026	2013	8	2	22	0	0.2
72272093026	2013	8	2	23	0	0.04
72272093026	2013	8	3	0	0	0.01
72272093026	2013	8	4	13	0	0.01
72272093026	2013	8	5	8	0	0.01
72272093026	2013	8	5	9	0	0.21
72272093026	2013	8	5	10	0	0.11
72272093026	2013	8	5	11	0	0.1
72272093026	2013	8	5	12	0	0.17
72272093026	2013	8	5	13	0	0.01
72272093026	2013	8	6	1	0	0.19
72272093026	2013	8	6	2	0	0.01
72272093026	2013	8	6	18	0	0.12
72272093026	2013	8	6	19	0	0.14
72272093026	2013	8	6	20	0	0.65
72272093026	2013	8	6	21	0	0.02
72272093026	2013	8	10	23	0	0.001
72272093026	2013	8	11	1	0	0.1
72272093026	2013	8	11	2	0	0.03
72272093026	2013	8	12	1	0	0.01
72272093026	2013	8	12	2	0	0.06
72272093026	2013	8	13	4	0	0.003
72272093026	2013	8	19	1	0	0.07
72272093026	2013	8	21	2	0	0.01
72272093026	2013	8	24	3	0	0.05
72272093026	2013	8	24	4	0	0.01
72272093026	2013	8	24	13	0	0.1
72272093026	2013	8	24	15	0	0.01
72272093026	2013	8	29	21	0	0.08
72272093026	2013	8	29	22	0	0.19
72272093026	2013	8	29	23	0	0.14
72272093026	2013	8	30	0	0	0.09
72272093026	2013	8	30	1	0	0.03
72272093026	2013	8	30	2	0	0.02
72272093026	2013	8	30	3	0	0.01
72272093026	2013	8	30	5	0	0.01
72272093026	2013	8	30	7	0	0.01
72272093026	2013	8	30	10	0	0.01
72272093026	2013	8	30	16	0	0.01
72272093026	2013	9	2	22	0	0.02
72272093026	2013	9	3	19	0	0.03
72272093026	2013	9	4	1	0	0.1
72272093026	2013	9	4	2	0	0.01
72272093026	2013	9	6	20	0	0.01
72272093026	2013	9	8	0	0	0.1
72272093026	2013	9	8	22	0	1.02
72272093026	2013	9	8	23	0	0.06
72272093026	2013	9	9	0	0	0.01
72272093026	2013	9	9	4	0	0.01
72272093026	2013	9	9	15	0	0.01
72272093026	2013	9	9	18	0	0.07
72272093026	2013	9	9	21	0	0.01
72272093026	2013	9	9	22	0	0.03
72272093026	2013	9	10	8	0	0.01
72272093026	2013	9	10	9	0	0.01
72272093026	2013	9	10	10	0	0.01
72272093026	2013	9	11	2	0	0.01
72272093026	2013	9	11	3	0	0.49
72272093026	2013	11	22	10	0	0.01
72272093026	2013	11	22	11	0	0.06
72272093026	2013	11	22	20	0	0.01
72272093026	2013	11	22	22	0	0.01
72272093026	2013	11	23	6	0	0.01
72272093026	2013	11	23	11	0	0.02
72272093026	2013	11	23	13	0	0.01
72272093026	2013	11	23	14	0	0.07
72272093026	2013	11	23	15	0	0.02
72272093026	2013	11	23	16	0	0.01
72272093026	2013	11	23	17	0	0.02
72272093026	2013	11	23	19	0	0.07
72272093026	2013	11	23	20	0	0.04
72272093026	2013	11	23	21	0	0.03
72272093026	2013	11	23	23	0	0.04
72272093026	2013	11	24	0	0	0.05
72272093026	2013	11	24	1	0	0.01
72272093026	2013	11	24	3	0	0.02
72272093026	2013	11	24	6	0	0.01
72272093026	2013	12	5	14	0	0.01
72272093026	2013	12	5	16	0	0.07
72272093026	2013	12	5	17	0	0.01
72272093026	2013	12	6	4	0	0.01
72272093026	2013	12	12	12	0	0.06
72272093026	2013	12	12	13	0	0.08
72272093026	2013	12	12	14	0	0.01
72272093026	2013	12	20	16	0	0.01
72272093026	2013	12	20	17	0	0.01
72272093026	2013	12	20	20	0	0.02
72272093026	2013	12	20	21	0	0.01
72272093026	2014	3	2	1	0	0.01
72272093026	2014	3	2	2	0	0.02
72272093026	2014	3	2	3	0	0.02
72272093026	2014	3	2	4	0	0.14
72272093026	2014	3	2	5	0	0.14
72272093026	2014	3	2	6	0	0.01
72272093026	2014	3	2	11	0	0.08
72272093026	2014	3	2	13	0	0.01
72272093026	2014	3	9	1	0	0.01
72272093026	2014	4	18	23	0	0.03
72272093026	2014	4	19	0	0	0.02
72272093026	2014	4	19	1	0	0.006
72272093026	2014	4	19	2	0	0.004
72272093026	2014	4	19	19	0	0.05
72272093026	2014	4	19	20	0	0.02
72272093026	2014	4	19	21	0	0.06
72272093026	2014	6	13	23	0	0.005
72272093026	2014	6	14	0	0	0.02
72272093026	2014	6	14	1	0	0.01
72272093026	2014	7	3	20	0	0.02
72272093026	2014	7	3	21	0	0.16
72272093026	2014	7	4	1	0	0.03
72272093026	2014	7	4	4	0	0.02
72272093026	2014	7	4	23	0	0.45
72272093026	2014	7	5	0	0	0.03
72272093026	2014	7	5	1	0	0.03
72272093026	2014	7	6	22	0	0.02
72272093026	2014	7	6	23	0	0.02
72272093026	2014	7	7	9	0	0.01
72272093026	2014	7	7	10	0	0.03
72272093026	2014	7	8	22	0	0.21
72272093026	2014	7	9	21	0	0.26
72272093026	2014	7	9	22	0	0.11
72272093026	2014	7	9	23	0	0.04
72272093026	2014	7	11	6	0	0.14
72272093026	2014	7	11	7	0	0.32
72272093026	2014	7	12	1	0	0.01
72272093026	2014	7	12	2	0	0.01
72272093026	2014	7	12	3	0	0.01
72272093026	2014	7	13	0	0	0.17
72272093026	2014	7	13	1	0	0.14
72272093026	2014	7	13	2	0	0.01
72272093026	2014	7	13	3	0	0.12
72272093026	2014	7	13	4	0	0.01
72272093026	2014	7	13	22	0	0.01
72272093026	2014	7	14	0	0	0.05
72272093026	2014	7	15	0	0	0.02
72272093026	2014	7	15	1	0	0.04
72272093026	2014	7	15	4	0	0.04
72272093026	2014	7	15	5	0	0.05
72272093026	2014	7	15	6	0	0.02
72272093026	2014	7	15	8	0	0.02
72272093026	2014	7	16	23	0	0.11
72272093026	2014	7	17	0	0	0.1
72272093026	2014	7	17	1	0	0.01
72272093026	2014	7	25	22	0	0.01
72272093026	2014	7	27	0	0	0.01
72272093026	2014	7	28	1	0	0.32
72272093026	2014	7	28	2	0	1.21
72272093026	2014	7	28	3	0	0.05
72272093026	2014	7	28	4	0	0.04
72272093026	2014	7	28	5	0	0.04
72272093026	2014	7	28	6	0	0.06
72272093026	2014	7	28	7	0	0.01
72272093026	2014	7	30	12	0	0.141
72272093026	2014	7	31	0	0	0.03
72272093026	2014	7	31	1	0	0.2
72272093026	2014	7	31	2	0	0.574
72272093026	2014	7	31	3	0	0.046
72272093026	2014	7	31	4	0	0.001
72272093026	2014	7	31	11	0	0.003
72272093026	2014	7	31	15	0	0.001
72272093026	2014	7	31	16	0	0.007
72272093026	2014	7	31	17	0	0.003
72272093026	2014	7	31	22	0	0.001
72272093026	2014	8	1	6	0	0.01
72272093026	2014	8	1	7	0	0.03
72272093026	2014	8	1	8	0	0.01
72272093026	2014	8	1	9	0	0.1
72272093026	2014	8	1	10	0	0.13
72272093026	2014	8	1	11	0	0.06
72272093026	2014	8	1	12	0	0.01
72272093026	2014	8	1	13	0	0.01
72272093026	2014	8	1	14	0	0.025
72272093026	2014	8	2	8	0	0.04
72272093026	2014	8	3	4	0	0.16
72272093026	2014	8	3	5	0	0.08
72272093026	2014	8	3	6	0	0.02
72272093026	2014	8	3	7	0	0.01
72272093026	2014	8	4	23	0	0.09
72272093026	2014	8	5	0	0	0.1
72272093026	2014	8	5	1	0	0.01
72272093026	2014	8	10	0	0	0.1
72272093026	2014	8	10	1	0	0.16
72272093026	2014	8	10	2	0	0.01
72272093026	2014	8	10	5	0	0.12
72272093026	2014	8	10	6	0	0.03
72272093026	2014	8	10	7	0	0.02
72272093026	2014	8	10	21	0	0.14
72272093026	2014	8	12	23	0	0.58
72272093026	2014	8	13	0	0	0.08
72272093026	2014	8	13	2	0	0.05
72272093026	2014	8	13	3	0	0.05
72272093026	2014	8	13	4	0	0.03
72272093026	2014	8	15	13	0	0.03
72272093026	2014	8	16	0	0	0.01
72272093026	2014	8	18	2	0	0.002
72272093026	2014	8	18	3	0	0.04
72272093026	2014	8	18	4	0	0.02
72272093026	2014	8	19	4	0	0.01
72272093026	2014	8	19	5	0	0.07
72272093026	2014	8	19	6	0	0.03
72272093026	2014	8	19	18	0	0.09
72272093026	2014	8	19	19	0	0.09
72272093026	2014	8	19	20	0	0.02
72272093026	2014	8	19	23	0	0.12
72272093026	2014	8	20	0	0	0.03
72272093026	2014	8	20	1	0	0.1
72272093026	2014	8	22	0	0	0.02
72272093026	2014	8	22	1	0	0.02
72272093026	2014	8	22	20	0	0.03
72272093026	2014	8	23	0	0	0.02
72272093026	2014	8	26	9	0	0.04
72272093026	2014	8	27	0	0	0.02
72272093026	2014	9	4	3	0	0.03
72272093026	2014	9	6	21	0	0.05
72272093026	2014	9	6	22	0	0.04
72272093026	2014	9	8	21	0	0.04
72272093026	2014	9	8	22	0	0.03
72272093026	2014	9	8	23	0	0.02
72272093026	2014	9	16	0	0	0.004
72272093026	2014	9	16	6	0	0.001
72272093026	2014	9	16	7	0	0.02
72272093026	2014	9	16	8	0	0.03
72272093026	2014	9	16	9	0	0.01
72272093026	2014	9	16	11	0	0.01
72272093026	2014	9	16	12	0	0.01
72272093026	2014	9	16	14	0	0.02
72272093026	2014	9	16	22	0	0.01
72272093026	2014	9	17	2	0	0.02
72272093026	2014	9	17	3	0	0.1
72272093026	2014	9	17	19	0	0.03
72272093026	2014	9	17	20	0	0.04
72272093026	2014	9	17	21	0	0.11
72272093026	2014	9	17	22	0	0.08
72272093026	2014	9	17	23	0	0.2
72272093026	2014	9	18	0	0	0.21
72272093026	2014	9	18	1	0	0.24
72272093026	2014	9	18	2	0	0.2
72272093026	2014	9	18	3	0	0.03
72272093026	2014	9	18	5	0	0.01
72272093026	2014	9	18	6	0	0.12
72272093026	2014	9	18	7	0	0.44
72272093026	2014	9	18	8	0	0.18
72272093026	2014	9	18	9	0	0.4
72272093026	2014	9	18	10	0	0.09
72272093026	2014	9	18	11	0	0.26
72272093026	2014	9	18	12	0	0.07
72272093026	2014	9	18	13	0	0.05
72272093026	2014	9	18	14	0	0.01
72272093026	2014	9	18	15	0	0.01
72272093026	2014	9	18	16	0	0.03
72272093026	2014	9	18	17	0	0.01
72272093026	2014	9	18	18	0	0.01
72272093026	2014	9	18	21	0	0.04
72272093026	2014	9	18	22	0	0.02
72272093026	2014	9	18	23	0	0.01
72272093026	2014	9	22	3	0	0.01
72272093026	2014	9	22	4	0	0.1
72272093026	2014	9	22	5	0	0.05
72272093026	2014	9	23	2	0	0.62
72272093026	2014	9	23	3	0	0.01
72272093026	2014	10	7	23	0	0.02
72272093026	2014	10	8	1	0	0.2
72272093026	2014	10	8	2	0	0.02
72272093026	2014	10	8	5	0	0.01
72272093026	2014	10	8	6	0	0.07
72272093026	2014	10	8	7	0	0.04
72272093026	2014	10	9	0	0	0.23
72272093026	2014	10	9	1	0	0.34
72272093026	2014	10	9	2	0	0.04
72272093026	2014	10	9	3	0	0.22
72272093026	2014	10	9	4	0	0.1
72272093026	2014	10	9	5	0	0.01
72272093026	2014	10	9	6	0	0.05
72272093026	2014	10	9	8	0	0.01
72272093026	2014	11	3	0	0	0.01
72272093026	2014	12	4	13	0	0.03
72272093026	2014	12	4	14	0	0.05
72272093026	2014	12	4	15	0	0.01
72272093026	2014	12	4	16	0	0.02
72272093026	2014	12	4	19	0	0.01
72272093026	2014	12	4	20	0	0.11
72272093026	2014	12	4	21	0	0.02
72272093026	2014	12	4	22	0	0.01
72272093026	2014	12	17	17	0	0.01
72272093026	2014	12	17	18	0	0.02
72272093026	2014	12	17	19	0	0.01
72272093026	2014	12	18	6	0	0.02
72272093026	2014	12	18	7	0	0.02
72272093026	2014	12	18	9	0	0.01
72272093026	2014	12	26	6	0	0.06
72272093026	2014	12	26	8	0	0.08
72272093026	2014	12	26	9	0	0.07
72272093026	2014	12	26	10	0	0.01
72272093026	2014	12	26	12	0	0.02
72272093026	2014	12	26	13	0	0.01
72272093026	2015	1	1	8	0	0.01
72272093026	2015	1	8	10	0	0.02
72272093026	2015	1	8	15	0	0.01
72272093026	2015	1	8	18	0	0.02
72272093026	2015	1	8	19	0	0.04
72272093026	2015	1	30	5	0	0.07
72272093026	2015	1	30	6	0	0.01
72272093026	2015	1	30	7	0	0.01
72272093026	2015	1	30	8	0	0.03
72272093026	2015	1	30	9	0	0.04
72272093026	2015	1	30	10	0	0.02
72272093026	2015	1	30	11	0	0.04
72272093026	2015	1	30	12	0	0.16
72272093026	2015	1	30	13	0	0.02
72272093026	2015	1	30	14	0	0.08
72272093026	2015	1	30	15	0	0.04
72272093026	2015	1	30	16	0	0.01
72272093026	2015	1	30	17	0	0.01
72272093026	2015	1	30	18	0	0.03
72272093026	2015	1	30	19	0	0.06
72272093026	2015	1	30	20	0	0.04
72272093026	2015	1	30	21	0	0.05
72272093026	2015	1	30	22	0	0.037
72272093026	2015	1	30	23	0	0.007
72272093026	2015	1	31	0	0	0.02
72272093026	2015	1	31	1	0	0.009
72272093026	2015	1	31	2	0	0.05
72272093026	2015	1	31	3	0	0.049
72272093026	2015	1	31	4	0	0.025
72272093026	2015	1	31	5	0	0.154
72272093026	2015	1	31	6	0	0.039
72272093026	2015	1	31	7	0	0.034
72272093026	2015	1	31	9	0	0.02
72272093026	2015	1	31	10	0	0.05
72272093026	2015	1	31	11	0	0.03
72272093026	2015	1	31	12	0	0.03
72272093026	2015	1	31	13	0	0.01
72272093026	2015	1	31	14	0	0.01
72272093026	2015	1	31	20	0	0.01
72272093026	2015	1	31	21	0	0.01
72272093026	2015	2	1	1	0	0.05
72272093026	2015	2	1	2	0	0.03
72272093026	2015	2	16	0	0	0.16
72272093026	2015	2	16	1	0	0.02
72272093026	2015	2	24	20	0	0.01
72272093026	2015	3	3	7	0	0.09
72272093026	2015	3	3	8	0	0.06
72272093026	2015	3	3	9	0	0.03
72272093026	2015	3	3	10	0	0.1
72272093026	2015	3	3	11	0	0.02
72272093026	2015	3	3	13	0	0.05
72272093026	2015	3	3	14	0	0.03
72272093026	2015	3	3	16	0	0.01
72272093026	2015	3	18	14	0	0.01
72272093026	2015	3	18	18	0	0.05
72272093026	2015	3	18	20	0	0.04
72272093026	2015	3	18	23	0	0.02
72272093026	2015	3	19	0	0	0.08
72272093026	2015	3	19	1	0	0.02
72272093026	2015	3	19	2	0	0.01
72272093026	2015	3	19	3	0	0.13
72272093026	2015	3	19	4	0	0.03
72272093026	2015	3	19	5	0	0.04
72272093026	2015	3	19	6	0	0.04
72272093026	2015	4	12	15	0	0.04
72272093026	2015	4	12	16	0	0.03
72272093026	2015	4	12	17	0	0.1
72272093026	2015	4	12	18	0	0.12
72272093026	2015	4	12	19	0	0.03
72272093026	2015	4	12	20	0	0.02
72272093026	2015	4	12	23	0	0.01
72272093026	2015	4	24	5	0	0.01
72272093026	2015	4	26	12	0	0.01
72272093026	2015	4	26	13	0	0.03
72272093026	2015	6	9	1	0	0.02
72272093026	2015	6	9	2	0	0.05
72272093026	2015	6	9	5	0	0.03
72272093026	2015	6	17	1	0	0.08
72272093026	2015	6	23	1	0	0.05
72272093026	2015	6	23	2	0	0.41
72272093026	2015	6	24	19	0	0.47
72272093026	2015	6	25	3	0	0.01
72272093026	2015	6	26	21	0	0.06
72272093026	2015	6	27	5	0	0.01
72272093026	2015	7	3	2	0	0.01
72272093026	2015	7	3	3	0	0.01
72272093026	2015	7	3	7	0	0.02
72272093026	2015	7	3	9	0	0.01
72272093026	2015	7	4	9	0	0.01
72272093026	2015	7	4	10	0	0.05
72272093026	2015	7	4	11	0	0.03
72272093026	2015	7	4	12	0	0.03
72272093026	2015	7	4	13	0	0.01
72272093026	2015	7	5	4	0	0.12
72272093026	2015	7	5	6	0	0.01
72272093026	2015	7	5	7	0	0.08
72272093026	2015	7	5	8	0	0.3
72272093026	2015	7	5	9	0	0.11
72272093026	2015	7	5	10	0	0.02
72272093026	2015	7	5	11	0	0.05
72272093026	2015	7	5	12	0	0.03
72272093026	2015	7	5	13	0	0.04
72272093026	2015	7	5	14	0	0.01
72272093026	2015	7	6	23	0	0.001
72272093026	2015	7	7	0	0	0.05
72272093026	2015	7	8	16	0	0.03
72272093026	2015	7	13	1	0	0.04
72272093026	2015	7	13	2	0	0.05
72272093026	2015	7	13	3	0	0.02
72272093026	2015	7	14	1	0	0.2
72272093026	2015	7	14	2	0	0.22
72272093026	2015	7	14	3	0	0.21
72272093026	2015	7	14	4	0	0.21
72272093026	2015	7	14	5	0	0.08
72272093026	2015	7	14	7	0	0.02
72272093026	2015	7	15	5	0	0.01
72272093026	2015	7	15	6	0	0.01
72272093026	2015	7	18	22	0	0.01
72272093026	2015	7	19	6	0	0.01
72272093026	2015	7	19	12	0	0.01
72272093026	2015	7	19	23	0	0.01
72272093026	2015	7	23	2	0	0.02
72272093026	2015	7	23	22	0	1.47
72272093026	2015	7	23	23	0	0.48
72272093026	2015	7	24	0	0	0.07
72272093026	2015	7	25	2	0	0.01
72272093026	2015	7	27	2	0	0.02
72272093026	2015	7	27	3	0	0.01
72272093026	2015	8	7	3	0	0.03
72272093026	2015	8	8	7	0	0.01
72272093026	2015	8	8	23	0	0.01
72272093026	2015	8	9	23	0	0.028
72272093026	2015	8	10	0	0	0.16
72272093026	2015	8	10	1	0	0.02
72272093026	2015	8	10	2	0	0.02
72272093026	2015	8	11	12	0	0.1
72272093026	2015	8	16	6	0	0.09
72272093026	2015	8	17	6	0	0.14
72272093026	2015	8	17	7	0	0.1
72272093026	2015	8	17	12	0	0.01
72272093026	2015	8	21	21	0	0.16
72272093026	2015	8	24	5	0	0.29
72272093026	2015	8	24	6	0	0.08
72272093026	2015	8	24	7	0	0.11
72272093026	2015	8	25	23	0	0.19
72272093026	2015	8	27	21	0	0.32
72272093026	2015	8	29	21	0	0.65
72272093026	2015	9	19	22	0	0.005
72272093026	2015	9	19	23	0	0.01
72272093026	2015	9	20	0	0	0.005
72272093026	2015	9	20	1	0	0.003
72272093026	2015	9	20	2	0	0.001
72272093026	2015	9	21	12	0	0.013
72272093026	2015	9	21	13	0	0.064
72272093026	2015	9	21	14	0	0.131
72272093026	2015	9	21	15	0	0.139
72272093026	2015	9	21	16	0	0.131
72272093026	2015	9	21	17	0	0.13
72272093026	2015	9	21	18	0	0.045
72272093026	2015	9	21	19	0	0.028
72272093026	2015	9	22	8	0	0.01
72272093026	2015	9	22	15	0	0.002
72272093026	2015	9	22	16	0	0.001
72272093026	2015	10	8	5	0	0.02
72272093026	2015	10	8	6	0	0.04
72272093026	2015	10	15	22	0	0.01
72272093026	2015	10	15	23	0	0.08
72272093026	2015	10	16	0	0	0.03
72272093026	2015	10	16	4	0	0.01
72272093026	2015	10	17	4	0	0.02
72272093026	2015	10	17	5	0	0.02
72272093026	2015	10	17	12	0	0.02
72272093026	2015	10	17	14	0	0.03
72272093026	2015	10	17	16	0	0.01
72272093026	2015	10	18	7	0	0.01
72272093026	2015	10	18	8	0	0.01
72272093026	2015	10	29	16	0	0.03
72272093026	2015	10	29	18	0	0.02
72272093026	2015	10	29	19	0	0.02
72272093026	2015	10	30	2	0	0.07
72272093026	2015	10	30	12	0	0.01
72272093026	2015	10	30	15	0	0.01
72272093026	2015	10	30	18	0	0.03
72272093026	2015	10	31	2	0	0.04
72272093026	2015	11	15	14	0	0.04
72272093026	2015	11	15	21	0	0.01
72272093026	2015	11	15	22	0	0.01
72272093026	2015	11	16	18	0	0.05
72272093026	2015	11	26	13	0	0.19
72272093026	2015	11	26	14	0	0.01
72272093026	2015	12	12	10	0	0.1
72272093026	2015	12	12	11	0	0.02
72272093026	2015	12	12	12	0	0.08
72272093026	2015	12	12	22	0	0.01
72272093026	2015	12	12	23	0	0.01
72272093026	2015	12	15	0	0	0.02
72272093026	2016	1	5	0	0	0.29
72272093026	2016	1	5	1	0	0.21
72272093026	2016	1	5	2	0	0.02
72272093026	2016	1	5	3	0	0.01
72272093026	2016	1	5	5	0	0.02
72272093026	2016	1	5	6	0	0.01
72272093026	2016	1	5	18	0	0.02
72272093026	2016	1	6	0	0	0.01
72272093026	2016	1	6	1	0	0.01
72272093026	2016	1	8	1	0	0.08
72272093026	2016	1	8	2	0	0.18
72272093026	2016	1	8	3	0	0.16
72272093026	2016	1	8	4	0	0.03
72272093026	2016	1	8	5	0	0.01
72272093026	2016	1	8	6	0	0.04
72272093026	2016	1	8	7	0	0.02
72272093026	2016	1	8	8	0	0.02
72272093026	2016	1	8	23	0	0.01
72272093026	2016	1	9	0	0	0.01
72272093026	2016	2	1	11	0	0.07
72272093026	2016	2	1	13	0	0.01
72272093026	2016	3	8	11	0	0.07
72272093026	2016	3	8	12	0	0.05
72272093026	2016	3	8	13	0	0.02
72272093026	2016	3	8	14	0	0.01
72272093026	2016	3	8	18	0	0.01
72272093026	2016	3	8	19	0	0.03
72272093026	2016	4	10	23	0	0.02
72272093026	2016	4	11	3	0	0.01
72272093026	2016	4	11	4	0	0.01
72272093026	2016	6	10	4	0	0.15
72272093026	2016	6	10	5	0	0.05
72272093026	2016	6	10	6	0	0.03
72272093026	2016	6	10	7	0	0.01
72272093026	2016	6	11	1	0	0.01
72272093026	2016	6	11	19	0	0.02
72272093026	2016	6	25	0	0	0.01
72272093026	2016	6	25	23	0	0.04
72272093026	2016	6	26	0	0	0.08
72272093026	2016	6	26	13	0	0.01
72272093026	2016	6	27	4	0	0.06
72272093026	2016	6	27	20	0	0.13
72272093026	2016	6	29	9	0	0.01
72272093026	2016	6	29	23	0	0.2
72272093026	2016	6	30	0	0	0.38
72272093026	2016	6	30	1	0	0.01
72272093026	2016	6	30	2	0	0.01
72272093026	2016	6	30	3	0	0.05
72272093026	2016	6	30	4	0	0.02
72272093026	2016	6	30	23	0	0.001
72272093026	2016	7	1	0	0	0.026
72272093026	2016	7	1	1	0	0.08
72272093026	2016	7	1	2	0	0.07
72272093026	2016	7	1	3	0	0.05
72272093026	2016	7	1	4	0	0.19
72272093026	2016	7	1	5	0	0.09
72272093026	2016	7	1	6	0	0.074
72272093026	2016	7	1	7	0	0.01
72272093026	2016	7	1	9	0	0.01
72272093026	2016	7	1	10	0	0.02
72272093026	2016	7	1	18	0	0.03
72272093026	2016	7	1	19	0	0.01
72272093026	2016	7	1	20	0	0.01
72272093026	2016	7	1	21	0	0.01
72272093026	2016	7	1	23	0	0.14
72272093026	2016	7	6	0	0	0.27
72272093026	2016	7	7	21	0	0.02
72272093026	2016	7	18	3	0	0.1
72272093026	2016	7	18	4	0	0.13
72272093026	2016	7	18	5	0	0.87
72272093026	2016	7	18	6	0	0.65
72272093026	2016	7	18	7	0	0.03
72272093026	2016	7	18	8	0	0.02
72272093026	2016	7	19	0	0	0.05
72272093026	2016	7	19	1	0	0.39
72272093026	2016	7	19	4	0	0.13
72272093026	2016	7	19	5	0	0.04
72272093026	2016	7	19	9	0	0.01
72272093026	2016	7	19	23	0	0.24
72272093026	2016	7	22	6	0	0.03
72272093026	2016	7	22	7	0	0.06
72272093026	2016	7	22	8	0	0.03
72272093026	2016	7	25	3	0	0.14
72272093026	2016	7	27	18	0	0.005
72272093026	2016	7	28	1	0	0.04
72272093026	2016	7	28	2	0	0.01
72272093026	2016	7	31	1	0	0.08
72272093026	2016	7	31	12	0	0.02
72272093026	2016	8	1	1	0	0.5
72272093026	2016	8	1	2	0	0.06
72272093026	2016	8	1	3	0	0.06
72272093026	2016	8	1	4	0	0.04
72272093026	2016	8	1	5	0	0.03
72272093026	2016	8	1	13	0	0.03
72272093026	2016	8	1	14	0	0.01
72272093026	2016	8	1	15	0	0.03
72272093026	2016	8	2	0	0	0.03
72272093026	2016	8	2	20	0	0.001
72272093026	2016	8	2	21	0	0.11
72272093026	2016	8	2	22	0	0.06
72272093026	2016	8	2	23	0	0.02
72272093026	2016	8	3	0	0	0.02
72272093026	2016	8	4	21	0	0.14
72272093026	2016	8	4	22	0	0.01
72272093026	2016	8	6	16	0	0.01
72272093026	2016	8	6	23	0	0.03
72272093026	2016	8	7	0	0	0.02
72272093026	2016	8	12	1	0	0.04
72272093026	2016	8	13	22	0	1.26
72272093026	2016	8	13	23	0	0.11
72272093026	2016	8	19	21	0	0.03
72272093026	2016	8	20	3	0	0.03
72272093026	2016	8	20	4	0	0.01
72272093026	2016	8	21	0	0	0.01
72272093026	2016	8	25	1	0	0.07
72272093026	2016	8	25	2	0	0.03
72272093026	2016	8	31	21	0	0.04
72272093026	2016	9	7	3	0	0.01
72272093026	2016	9	7	4	0	0.01
72272093026	2016	9	7	5	0	0.02
72272093026	2016	9	7	7	0	0.02
72272093026	2016	9	7	8	0	0.04
72272093026	2016	9	7	9	0	0.04
72272093026	2016	9	7	11	0	0.03
72272093026	2016	9	7	12	0	0.05
72272093026	2016	9	7	13	0	0.17
72272093026	2016	9	7	14	0	0.09
72272093026	2016	9	7	15	0	0.03
72272093026	2016	9	7	16	0	0.01
72272093026	2016	9	8	0	0	0.01
72272093026	2016	9	8	5	0	0.02
72272093026	2016	9	8	8	0	0.01
72272093026	2016	9	8	9	0	0.01
72272093026	2016	9	8	10	0	0.03
72272093026	2016	9	8	13	0	0.02
72272093026	2016	9	12	21	0	0.13
72272093026	2016	9	12	22	0	0.21
72272093026	2016	9	12	23	0	0.02
72272093026	2016	9	13	1	0	0.2
72272093026	2016	9	13	2	0	0.03
72272093026	2016	9	13	6	0	0.02
72272093026	2016	9	26	8	0	0.01
72272093026	2016	9	26	13	0	0.01
72272093026	2016	9	26	14	0	0.05
72272093026	2016	9	26	15	0	0.1
72272093026	2016	9	26	16	0	0.1
72272093026	2016	9	26	17	0	0.09
72272093026	2016	9	26	18	0	0.03
72272093026	2016	9	28	9	0	0.01
72272093026	2016	9	30	1	0	0.13
72272093026	2016	9	30	5	0	0.01
72272093026	2016	9	30	8	0	0.14
72272093026	2016	9	30	9	0	0.01
72272093026	2016	9	30	11	0	0.01
72272093026	2016	9	30	12	0	0.01
72272093026	2016	11	3	1	0	0.01
72272093026	2016	11	3	2	0	0.01
72272093026	2016	11	3	3	0	0.06
72272093026	2016	11	3	5	0	0.1
72272093026	2016	11	3	6	0	0.01
72272093026	2016	11	3	8	0	0.01
72272093026	2016	11	28	8	0	0.01
72272093026	2016	11	29	6	0	0.01
72272093026	2016	11	29	7	0	0.02
72272093026	2016	11	29	10	0	0.02
72272093026	2016	12	3	1	0	0.01
72272093026	2016	12	3	3	0	0.07
72272093026	2016	12	3	4	0	0.01
72272093026	2016	12	3	5	0	0.04
72272093026	2016	12	3	6	0	0.01
72272093026	2016	12	3	7	0	0.01
72272093026	2016	12	3	11	0	0.01
72272093026	2016	12	17	14	0	0.03
72272093026	2016	12	17	15	0	0.01
72272093026	2016	12	21	14	0	0.01
72272093026	2016	12	22	4	0	0.08
72272093026	2016	12	22	5	0	0.09
72272093026	2016	12	22	6	0	0.06
72272093026	2016	12	22	7	0	0.02
72272093026	2016	12	22	8	0	0.01
72272093026	2016	12	22	15	0	0.1
72272093026	2016	12	22	16	0	0.13
72272093026	2016	12	22	17	0	0.03
72272093026	2016	12	22	18	0	0.09
72272093026	2016	12	22	19	0	0.03
72272093026	2016	12	22	20	0	0.05
72272093026	2016	12	22	21	0	0.01
72272093026	2016	12	25	3	0	0.03
72272093026	2016	12	25	4	0	0.07
72272093026	2016	12	25	5	0	0.01
72272093026	2016	12	29	20	0	0.02
72272093026	2016	12	31	10	0	0.01
72272093026	2016	12	31	11	0	0.01
72272093026	2016	12	31	12	0	0.02
72272093026	2016	12	31	16	0	0.01
72272093026	2017	1	1	16	0	0.01
72272093026	2017	1	1	17	0	0.01
72272093026	2017	1	1	20	0	0.01
72272093026	2017	1	14	22	0	0.02
72272093026	2017	1	14	23	0	0.01
72272093026	2017	1	15	5	0	0.06
72272093026	2017	1	15	6	0	0.03
72272093026	2017	1	15	7	0	0.01
72272093026	2017	1	15	8	0	0.09
72272093026	2017	1	15	9	0	0.07
72272093026	2017	1	15	10	0	0.06
72272093026	2017	1	15	11	0	0.08
72272093026	2017	1	15	12	0	0.05
72272093026	2017	1	15	13	0	0.05
72272093026	2017	1	15	14	0	0.02
72272093026	2017	1	15	15	0	0.01
72272093026	2017	1	15	16	0	0.01
72272093026	2017	1	18	1	0	0.01
72272093026	2017	1	21	0	0	0.02
72272093026	2017	1	21	1	0	0.06
72272093026	2017	1	21	2	0	0.04
72272093026	2017	1	21	3	0	0.01
72272093026	2017	1	21	5	0	0.01
72272093026	2017	1	21	7	0	0.07
72272093026	2017	1	21	8	0	0.08
72272093026	2017	1	21	9	0	0.21
72272093026	2017	1	21	10	0	0.08
72272093026	2017	1	21	12	0	0.02
72272093026	2017	1	21	13	0	0.01
72272093026	2017	2	12	17	0	0.02
72272093026	2017	2	13	0	0	0.01
72272093026	2017	2	13	5	0	0.01
72272093026	2017	2	13	11	0	0.02
72272093026	2017	2	13	13	0	0.14
72272093026	2017	2	13	14	0	0.02
72272093026	2017	2	13	15	0	0.01
72272093026	2017	2	18	23	0	0.02
72272093026	2017	2	19	0	0	0.03
72272093026	2017	2	19	19	0	0.01
72272093026	2017	2	19	21	0	0.09
72272093026	2017	3	28	13	0	0.08
72272093026	2017	5	9	21	0	0.01
72272093026	2017	5	9	23	0	0.01
72272093026	2017	5	10	0	0	0.05
72272093026	2017	6	25	5	0	0.03
72272093026	2017	6	26	5	0	0.01
72272093026	2017	7	3	23	0	0.02
72272093026	2017	7	4	23	0	0.01
72272093026	2017	7	9	1	0	0.07
72272093026	2017	7	10	23	0	0.02
72272093026	2017	7	11	0	0	0.01
72272093026	2017	7	11	6	0	0.08
72272093026	2017	7	11	7	0	0.11
72272093026	2017	7	11	8	0	0.03
72272093026	2017	7	11	9	0	0.01
72272093026	2017	7	12	9	0	0.12
72272093026	2017	7	12	10	0	0.3
72272093026	2017	7	14	2	0	0.01
72272093026	2017	7	14	3	0	0.01
72272093026	2017	7	15	21	0	0.14
72272093026	2017	7	16	19	0	0.07
72272093026	2017	7	16	20	0	0.79
72272093026	2017	7	19	0	0	0.01
72272093026	2017	7	19	3	0	0.09
72272093026	2017	7	19	4	0	0.01
72272093026	2017	7	20	0	0	0.04
72272093026	2017	7	21	20	0	0.047
72272093026	2017	7	21	21	0	0.03
72272093026	2017	7	23	4	0	0.05
72272093026	2017	7	23	5	0	0.04
72272093026	2017	7	24	0	0	0.01
72272093026	2017	7	24	1	0	0.03
72272093026	2017	7	24	2	0	0.03
72272093026	2017	7	24	21	0	0.14
72272093026	2017	7	26	21	0	0.01
72272093026	2017	7	28	0	0	0.01
72272093026	2017	7	28	2	0	0.01
72272093026	2017	7	28	3	0	0.02
72272093026	2017	7	28	5	0	0.01
72272093026	2017	7	28	23	0	0.01
72272093026	2017	7	29	22	0	0.87
72272093026	2017	7	29	23	0	0.24
72272093026	2017	7	30	0	0	0.04
72272093026	2017	7	30	9	0	0.05
72272093026	2017	7	30	10	0	0.03
72272093026	2017	7	31	23	0	0.02
72272093026	2017	8	1	6	0	0.04
72272093026	2017	8	1	8	0	0.01
72272093026	2017	8	1	9	0	0.01
72272093026	2017	8	1	10	0	0.03
72272093026	2017	8	1	11	0	0.03
72272093026	2017	8	1	13	0	0.01
72272093026	2017	8	3	0	0	0.04
72272093026	2017	8	3	1	0	0.01
72272093026	2017	8	3	11	0	0.01
72272093026	2017	8	9	21	0	0.05
72272093026	2017	8	9	22	0	0.03
72272093026	2017	8	10	22	0	0.01
72272093026	2017	8	11	0	0	0.03
72272093026	2017	8	11	1	0	0.1
72272093026	2017	8	11	2	0	0.01
72272093026	2017	8	13	0	0	0.21
72272093026	2017	8	13	1	0	0.26
72272093026	2017	8	13	2	0	0.17
72272093026	2017	8	13	3	0	0.09
72272093026	2017	8	13	4	0	0.08
72272093026	2017	8	13	5	0	0.13
72272093026	2017	8	13	6	0	0.1
72272093026	2017	8	13	7	0	0.03
72272093026	2017	8	14	22	0	0.01
72272093026	2017	8	19	22	0	0.11
72272093026	2017	8	20	0	0	0.01
72272093026	2017	8	20	3	0	0.01
72272093026	2017	8	20	9	0	0.01
72272093026	2017	8	20	10	0	0.01
72272093026	2017	8	20	11	0	0.02
72272093026	2017	8	20	12	0	0.01
72272093026	2017	8	23	22	0	0.01
72272093026	2017	8	23	23	0	0.04
72272093026	2017	8	24	0	0	0.12
72272093026	2017	8	24	1	0	0.06
72272093026	2017	8	24	3	0	0.04
72272093026	2017	8	24	4	0	0.05
72272093026	2017	8	24	5	0	0.03
72272093026	2017	10	31	6	0	0.02
72272093026	2017	10	31	7	0	0.1
72272093026	2017	11	4	18	0	0.01
72272093026	2017	11	8	6	0	0.01
72272093026	2017	11	8	7	0	0.05
72272093026	2017	11	8	8	0	0.04
72272093026	2017	12	7	15	0	0.02
72272093026	2017	12	7	16	0	0.01
72272093026	2017	12	17	10	0	0.02
72272093026	2017	12	17	11	0	0.2
72272093026	2017	12	17	12	0	0.02
72272093026	2017	12	17	13	0	0.01
72272093026	2017	12	17	16	0	0.02
72272093026	2017	12	17	17	0	0.08
72272093026	2017	12	17	18	0	0.02
72272093026	2017	12	18	3	0	0.01
72272093026	2017	12	18	4	0	0.05
72272093026	2017	12	18	5	0	0.04
72272093026	2017	12	18	6	0	0.04
72272093026	2017	12	18	7	0	0.03
72272093026	2017	12	18	8	0	0.03
72272093026	2018	1	10	13	0	0.01
72272093026	2018	2	14	18	0	0.01
72272093026	2018	2	15	8	0	0.01
72272093026	2018	2	15	11	0	0.02
72272093026	2018	2	15	12	0	0.02
72272093026	2018	2	15	13	0	0.01
72272093026	2018	2	15	14	0	0.05
72272093026	2018	2	15	15	0	0.04
72272093026	2018	2	15	16	0	0.05
72272093026	2018	2	15	17	0	0.01
72272093026	2018	2	15	22	0	0.03
72272093026	2018	2	15	23	0	0.04
72272093026	2018	2	16	0	0	0.04
72272093026	2018	2	16	1	0	0.01
72272093026	2018	2	16	2	0	0.03
72272093026	2018	2	16	3	0	0.04
72272093026	2018	2	16	4	0	0.02
72272093026	2018	2	16	5	0	0.02
72272093026	2018	2	16	6	0	0.04
72272093026	2018	2	16	7	0	0.02
72272093026	2018	2	16	8	0	0.01
72272093026	2018	2	16	11	0	0.01
72272093026	2018	2	16	12	0	0.01
72272093026	2018	2	16	14	0	0.02
72272093026	2018	2	16	15	0	0.04
72272093026	2018	2	16	19	0	0.08
72272093026	2018	2	16	20	0	0.05
72272093026	2018	2	16	21	0	0.06
72272093026	2018	2	16	22	0	0.04
72272093026	2018	2	16	23	0	0.01
72272093026	2018	2	17	1	0	0.01
72272093026	2018	2	17	5	0	0.03
72272093026	2018	2	17	7	0	0.02
72272093026	2018	2	19	2	0	0.01
72272093026	2018	2	19	6	0	0.01
72272093026	2018	2	20	12	0	0.01
72272093026	2018	2	20	14	0	0.01
72272093026	2018	2	28	15	0	0.03
72272093026	2018	2	28	16	0	0.02
72272093026	2018	6	8	0	0	0.01
72272093026	2018	6	9	0	0	0.1
72272093026	2018	6	9	1	0	0.02
72272093026	2018	6	15	0	0	0.01
72272093026	2018	6	15	22	0	0.17
72272093026	2018	6	15	23	0	0.01
72272093026	2018	6	16	0	0	0.01
72272093026	2018	6	16	1	0	0.02
72272093026	2018	6	16	2	0	0.01
72272093026	2018	6	16	3	0	0.03
72272093026	2018	6	16	4	0	0.05
72272093026	2018	6	16	5	0	0.05
72272093026	2018	6	16	6	0	0.02
72272093026	2018	6	16	7	0	0.03
72272093026	2018	6	16	9	0	0.05
72272093026	2018	6	16	12	0	0.02
72272093026	2018	6	16	15	0	0.06
72272093026	2018	6	16	16	0	0.2
72272093026	2018	6	16	17	0	0.03
72272093026	2018	6	28	23	0	0.05
72272093026	2018	6	29	23	0	0.01
72272093026	2018	7	8	2	0	0.01
72272093026	2018	7	11	4	0	0.52
72272093026	2018	7	11	5	0	0.17
72272093026	2018	7	11	6	0	0.13
72272093026	2018	7	11	7	0	0.08
72272093026	2018	7	11	8	0	0.01
72272093026	2018	7	11	9	0	0.01
72272093026	2018	7	21	4	0	0.06
72272093026	2018	7	21	7	0	0.01
72272093026	2018	7	24	2	0	0.01
72272093026	2018	7	25	3	0	0.13
72272093026	2018	7	25	4	0	0.01
72272093026	2018	7	25	5	0	0.01
72272093026	2018	7	27	1	0	0.06
72272093026	2018	7	27	2	0	0.53
72272093026	2018	7	27	3	0	0.06
72272093026	2018	7	27	4	0	0.02
72272093026	2018	7	27	22	0	0.01
72272093026	2018	7	31	0	0	0.04
72272093026	2018	7	31	1	0	0.98
72272093026	2018	7	31	3	0	0.03
72272093026	2018	7	31	4	0	0.01
72272093026	2018	8	2	0	0	0.05
72272093026	2018	8	3	3	0	0.05
72272093026	2018	8	3	22	0	0.03
72272093026	2018	8	4	0	0	0.04
72272093026	2018	8	4	1	0	0.01
72272093026	2018	8	4	2	0	0.13
72272093026	2018	8	6	2	0	0.01
72272093026	2018	8	6	6	0	0.01
72272093026	2018	8	6	22	0	0.17
72272093026	2018	8	7	22	0	0.31
72272093026	2018	8	8	5	0	0.005
72272093026	2018	8	8	6	0	0.11
72272093026	2018	8	9	8	0	0.002
72272093026	2018	8	9	9	0	0.08
72272093026	2018	8	9	16	0	0.01
72272093026	2018	8	10	6	0	0.09
72272093026	2018	8	10	7	0	0.01
72272093026	2018	8	10	10	0	0.01
72272093026	2018	8	11	19	0	0.1
72272093026	2018	8	12	8	0	0.045
72272093026	2018	8	15	0	0	0.01
72272093026	2018	8	15	1	0	0.05
72272093026	2018	8	15	23	0	0.01
72272093026	2018	8	16	2	0	0.01
72272093026	2018	8	20	22	0	0.01
72272093026	2018	8	20	23	0	0.01
72272093026	2018	8	21	2	0	0.05
72272093026	2018	8	21	3	0	0.01
72272093026	2018	8	23	8	0	0.03
72272093026	2018	8	23	12	0	0.02
72272093026	2018	8	23	13	0	0.01
72272093026	2018	8	23	21	0	0.67
72272093026	2018	8	23	22	0	0.14
72272093026	2018	8	23	23	0	0.1
72272093026	2018	8	24	0	0	0.01
72272093026	2018	8	24	2	0	0.01
72272093026	2018	8	24	3	0	0.01
72272093026	2018	8	26	19	0	0.01
72272093026	2018	8	26	20	0	0.07
72272093026	2018	9	1	21	0	0.02
72272093026	2018	9	2	0	0	0.08
72272093026	2018	9	2	1	0	0.27
72272093026	2018	9	2	2	0	0.02
72272093026	2018	9	2	3	0	0.15
72272093026	2018	9	3	7	0	0.01
72272093026	2018	9	3	8	0	0.02
72272093026	2018	9	5	22	0	0.02
72272093026	2018	9	8	21	0	0.06
72272093026	2018	9	8	22	0	0.17
72272093026	2018	9	18	23	0	0.001
72272093026	2018	9	19	0	0	0.05
72272093026	2018	9	19	5	0	0.01
72272093026	2018	9	19	14	0	0.02
72272093026	2018	9	19	16	0	0.08
72272093026	2018	9	19	17	0	0.05
72272093026	2018	9	19	21	0	0.01
72272093026	2018	9	20	0	0	0.01
72272093026	2018	9	20	1	0	0.08
72272093026	2018	9	20	2	0	0.01
72272093026	2018	9	20	3	0	0.43
72272093026	2018	9	20	4	0	0.03
72272093026	2018	9	20	5	0	0.24
72272093026	2018	9	20	6	0	0.02
72272093026	2018	9	20	7	0	0.01
72272093026	2018	9	20	8	0	0.02
72272093026	2018	9	20	9	0	0.03
72272093026	2018	9	20	10	0	0.03
72272093026	2018	9	20	12	0	0.01
72272093026	2018	10	1	3	0	0.07
72272093026	2018	10	1	4	0	0.09
72272093026	2018	10	1	5	0	0.36
72272093026	2018	10	1	18	0	0.19
72272093026	2018	10	1	22	0	0.05
72272093026	2018	10	8	4	0	0.03
72272093026	2018	10	8	5	0	0.04
72272093026	2018	10	8	6	0	0.01
72272093026	2018	10	8	7	0	0.01
72272093026	2018	10	12	6	0	0.03
72272093026	2018	10	12	7	0	0.05
72272093026	2018	10	12	9	0	0.02
72272093026	2018	10	12	10	0	0.05
72272093026	2018	10	12	11	0	0.03
72272093026	2018	10	12	12	0	0.07
72272093026	2018	10	12	13	0	0.02
72272093026	2018	10	12	14	0	0.11
72272093026	2018	10	12	15	0	0.03
72272093026	2018	10	12	16	0	0.02
72272093026	2018	10	12	19	0	0.04
72272093026	2018	10	12	20	0	0.08
72272093026	2018	10	12	21	0	0.07
72272093026	2018	10	12	22	0	0.04
72272093026	2018	10	12	23	0	0.01
72272093026	2018	10	13	0	0	0.01
72272093026	2018	10	13	12	0	0.01
72272093026	2018	10	13	14	0	0.01
72272093026	2018	10	13	16	0	0.01
72272093026	2018	10	13	17	0	0.02
72272093026	2018	10	13	22	0	0.02
72272093026	2018	10	13	23	0	0.03
72272093026	2018	10	15	23	0	0.2
72272093026	2018	10	16	11	0	0.07
72272093026	2018	10	16	12	0	0.01
72272093026	2018	10	16	13	0	0.06
72272093026	2018	10	16	14	0	0.01
72272093026	2018	10	22	0	0	0.11
72272093026	2018	10	22	1	0	0.08
72272093026	2018	10	22	2	0	0.13
72272093026	2018	10	22	3	0	0.04
72272093026	2018	10	23	15	0	0.35
72272093026	2018	10	23	16	0	0.03
72272093026	2018	10	23	17	0	0.06
72272093026	2018	10	23	18	0	0.03
72272093026	2018	10	23	19	0	0.03
72272093026	2018	10	23	21	0	0.07
72272093026	2018	10	23	22	0	0.21
72272093026	2018	10	23	23	0	0.15
72272093026	2018	10	24	0	0	0.15
72272093026	2018	10	24	1	0	0.07
72272093026	2018	10	24	2	0	0.01
72272093026	2018	12	7	12	0	0.01
72272093026	2018	12	7	13	0	0.01
72272093026	2018	12	7	21	0	0.16
72272093026	2018	12	7	22	0	0.12
72272093026	2018	12	7	23	0	0.01
72272093026	2018	12	18	3	0	0.01
72272093026	2018	12	18	4	0	0.08
72272093026	2018	12	26	6	0	0.01
72272093026	2018	12	26	11	0	0.02
72272093026	2018	12	26	15	0	0.02
72272093026	2018	12	26	20	0	0.01
72272093026	2018	12	26	21	0	0.02
72272093026	2018	12	26	22	0	0.14
72272093026	2018	12	28	9	0	0.01
72272093026	2018	12	28	11	0	0.05
72272093026	2018	12	28	12	0	0.06
72272093026	2018	12	28	13	0	0.02
72272093026	2018	12	28	14	0	0.02
72272093026	2018	12	29	16	0	0.01
72272093026	2019	1	2	17	0	0.01
72272093026	2019	1	2	18	0	0.07
72272093026	2019	1	2	19	0	0.06
72272093026	2019	1	6	11	0	0.01
72272093026	2019	1	6	12	0	0.02
72272093026	2019	1	6	13	0	0.06
72272093026	2019	1	6	14	0	0.04
72272093026	2019	1	6	15	0	0.01
72272093026	2019	1	6	16	0	0.07
72272093026	2019	1	6	17	0	0.02
72272093026	2019	1	6	18	0	0.03
72272093026	2019	1	6	19	0	0.04
72272093026	2019	1	10	18	0	0.02
72272093026	2019	1	10	19	0	0.07
72272093026	2019	1	10	20	0	0.03
72272093026	2019	1	10	21	0	0.01
72272093026	2019	1	10	22	0	0.01
72272093026	2019	1	11	0	0	0.01
72272093026	2019	2	5	1	0	0.03
72272093026	2019	2	5	7	0	0.04
72272093026	2019	2	10	21	0	0.04
72272093026	2019	2	10	22	0	0.01
72272093026	2019	2	15	6	0	0.01
72272093026	2019	2	15	7	0	0.01
72272093026	2019	2	22	13	0	0.03
72272093026	2019	2	22	16	0	0.03
72272093026	2019	2	22	17	0	0.01
72272093026	2019	2	22	18	0	0.14
72272093026	2019	2	22	19	0	0.04
72272093026	2019	2	22	20	0	0.03
72272093026	2019	2	22	21	0	0.03
72272093026	2019	2	22	22	0	0.01
72272093026	2019	2	22	23	0	0.04
72272093026	2019	2	23	0	0	0.01
72272093026	2019	3	9	0	0	0.01
72272093026	2019	3	12	0	0	0.03
72272093026	2019	3	12	1	0	0.04
72272093026	2019	3	12	2	0	0.02
72272093026	2019	3	12	3	0	0.01
72272093026	2019	3	12	8	0	0.01
72272093026	2019	3	12	9	0	0.03
72272093026	2019	3	12	10	0	0.01
72272093026	2019	3	12	11	0	0.05
72272093026	2019	3	12	12	0	0.11
72272093026	2019	3	12	13	0	0.21
72272093026	2019	3	12	14	0	0.14
72272093026	2019	3	12	15	0	0.03
72272093026	2019	3	12	16	0	0.15
72272093026	2019	3	12	17	0	0.06
72272093026	2019	3	12	18	0	0.13
72272093026	2019	3	12	19	0	0.02
72272093026	2019	3	12	23	0	0.02
72272093026	2019	3	13	0	0	0.01
72272093026	2019	3	13	1	0	0.02
72272093026	2019	3	13	2	0	0.05
72272093026	2019	3	13	3	0	0.01
72272093026	2019	3	16	10	0	0.01
72272093026	2019	3	16	11	0	0.03
72272093026	2019	3	16	13	0	0.02
72272093026	2019	3	16	14	0	0.01
72272093026	2019	4	17	0	0	0.02
72272093026	2019	4	17	1	0	0.01
72272093026	2019	4	17	3	0	0.61
72272093026	2019	4	22	22	0	0.01
72272093026	2019	5	10	23	0	0.01
72272093026	2019	5	11	0	0	0.04
72272093026	2019	5	11	1	0	0.05
72272093026	2019	5	12	11	0	0.01
72272093026	2019	5	12	13	0	0.03
72272093026	2019	5	12	18	0	0.11
72272093026	2019	5	12	20	0	0.02
72272093026	2019	5	12	21	0	0.01
72272093026	2019	6	10	17	0	0.01
72272093026	2019	7	5	23	0	0.02
72272093026	2019	7	6	0	0	0.16
72272093026	2019	7	6	1	0	0.18
72272093026	2019	7	6	2	0	0.14
72272093026	2019	7	6	3	0	0.12
72272093026	2019	7	6	4	0	0.03
72272093026	2019	7	11	22	0	0.05
72272093026	2019	7	15	6	0	0.01
72272093026	2019	7	19	4	0	0.01
72272093026	2019	7	19	5	0	0.03
72272093026	2019	7	19	6	0	0.01
72272093026	2019	7	23	8	0	0.02
72272093026	2019	7	23	10	0	0.36
72272093026	2019	7	23	11	0	0.03
72272093026	2019	7	24	2	0	0.01
72272093026	2019	7	27	0	0	0.081
72272093026	2019	7	27	1	0	0.212
72272093026	2019	7	27	2	0	0.005
72272093026	2019	7	27	3	0	0.039
72272093026	2019	7	27	4	0	0.008
72272093026	2019	7	27	5	0	0.001
72272093026	2019	7	27	21	0	0.02
72272093026	2019	7	28	4	0	0.03
72272093026	2019	7	30	3	0	0.27
72272093026	2019	7	30	6	0	0.07
72272093026	2019	7	30	8	0	0.03
72272093026	2019	7	30	22	0	0.01
72272093026	2019	7	31	7	0	0.01
72272093026	2019	7	31	19	0	0.12
72272093026	2019	7	31	20	0	0.045
72272093026	2019	8	1	0	0	0.01
72272093026	2019	8	1	1	0	0.01
72272093026	2019	8	5	20	0	0.01
72272093026	2019	8	5	21	0	0.001
72272093026	2019	8	6	9	0	0.02
72272093026	2019	8	6	10	0	0.02
72272093026	2019	8	8	1	0	0.07
72272093026	2019	8	9	4	0	0.19
72272093026	2019	8	10	6	0	0.01
72272093026	2019	8	10	7	0	0.02
72272093026	2019	8	10	11	0	0.01
72272093026	2019	8	11	0	0	0.6
72272093026	2019	8	11	1	0	0.25
72272093026	2019	8	11	2	0	0.03
72272093026	2019	8	23	23	0	0.54
72272093026	2019	8	24	0	0	0.084
72272093026	2019	8	24	2	0	0.03
72272093026	2019	8	24	3	0	0.01
72272093026	2019	8	29	0	0	0.06
72272093026	2019	8	29	1	0	0.01
72272093026	2019	8	29	6	0	0.04
72272093026	2019	8	30	3	0	0.01
72272093026	2019	8	31	2	0	0.01
72272093026	2019	8	31	4	0	0.07
72272093026	2019	8	31	7	0	0.01
72272093026	2019	8	31	8	0	0.04
72272093026	2019	9	7	20	0	0.001
72272093026	2019	9	7	23	0	0.001
72272093026	2019	9	9	1	0	0.1
72272093026	2019	9	10	23	0	0.16
72272093026	2019	9	14	17	0	0.05
72272093026	2019	9	14	18	0	0.04
72272093026	2019	9	14	19	0	0.03
72272093026	2019	9	14	20	0	0.01
72272093026	2019	9	15	20	0	0.069
72272093026	2019	9	15	21	0	0.01
72272093026	2019	9	24	6	0	0.02
72272093026	2019	9	24	8	0	0.01
72272093026	2019	9	24	12	0	0.09
72272093026	2019	9	24	13	0	0.05
72272093026	2019	9	24	14	0	0.12
72272093026	2019	9	24	15	0	0.05
72272093026	2019	9	24	16	0	0.02
72272093026	2019	9	24	17	0	0.29
72272093026	2019	9	24	18	0	0.13
72272093026	2019	9	24	19	0	0.02
72272093026	2019	9	24	20	0	0.42
72272093026	2019	9	24	21	0	0.17
72272093026	2019	9	24	22	0	0.1
72272093026	2019	9	24	23	0	0.05
72272093026	2019	9	25	22	0	0.01
72272093026	2019	9	26	0	0	0.02
72272093026	2019	9	26	1	0	0.04
72272093026	2019	10	4	14	0	0.05
72272093026	2019	11	11	23	0	0.08
72272093026	2019	11	12	0	0	0.07
72272093026	2019	11	12	3	0	0.05
72272093026	2019	11	12	6	0	0.01
72272093026	2019	11	19	20	0	0.001
72272093026	2019	11	19	21	0	0.18
72272093026	2019	11	19	22	0	0.03
72272093026	2019	11	19	23	0	0.02
72272093026	2019	11	20	0	0	0.04
72272093026	2019	11	20	1	0	0.03
72272093026	2019	11	20	3	0	0.01
72272093026	2019	11	20	6	0	0.02
72272093026	2019	11	20	9	0	0.01
72272093026	2019	11	20	12	0	0.01
72272093026	2019	11	20	13	0	0.01
72272093026	2019	11	20	17	0	0.01
72272093026	2019	11	20	18	0	0.01
72272093026	2019	11	20	21	0	0.01
72272093026	2019	11	21	9	0	0.01
72272093026	2019	11	21	10	0	0.12
72272093026	2019	11	21	11	0	0.03
72272093026	2019	11	21	12	0	0.028
72272093026	2019	11	21	13	0	0.007
72272093026	2019	11	21	14	0	0.005
72272093026	2019	11	21	15	0	0.01
72272093026	2019	11	21	16	0	0.15
72272093026	2019	11	21	17	0	0.07
72272093026	2019	11	21	18	0	0.04
72272093026	2019	11	21	19	0	0.02
72272093026	2019	11	21	20	0	0.017
72272093026	2019	11	21	21	0	0.01
72272093026	2019	11	21	22	0	0.009
72272093026	2019	11	22	0	0	0.014
72272093026	2019	11	22	2	0	0.003
72272093026	2019	11	22	3	0	0.02
72272093026	2019	11	22	4	0	0.013
72272093026	2019	11	22	5	0	0.002
72272093026	2019	11	27	17	0	0.01
72272093026	2019	11	27	18	0	0.16
72272093026	2019	11	27	19	0	0.12
72272093026	2019	11	27	20	0	0.04
72272093026	2019	11	27	21	0	0.01
72272093026	2019	11	27	22	0	0.1
72272093026	2019	11	27	23	0	0.11
72272093026	2019	11	28	0	0	0.19
72272093026	2019	11	28	1	0	0.47
72272093026	2019	11	28	2	0	0.31
72272093026	2019	11	28	3	0	0.21
72272093026	2019	11	28	4	0	0.1
72272093026	2019	11	28	5	0	0.13
72272093026	2019	11	28	6	0	0.23
72272093026	2019	11	28	7	0	0.03
72272093026	2019	11	28	8	0	0.08
72272093026	2019	11	28	9	0	0.08
72272093026	2019	11	28	10	0	0.04
72272093026	2019	11	28	11	0	0.07
72272093026	2019	11	28	12	0	0.16
72272093026	2019	11	28	13	0	0.07
72272093026	2019	11	28	14	0	0.06
72272093026	2019	11	28	15	0	0.03
72272093026	2019	11	28	16	0	0.02
72272093026	2019	11	28	17	0	0.03
72272093026	2019	11	29	11	0	0.01
72272093026	2019	11	29	17	0	0.27
72272093026	2019	11	29	18	0	0.05
72272093026	2019	11	29	19	0	0.01
72272093026	2019	11	29	20	0	0.01
72272093026	2019	12	4	16	0	0.01
72272093026	2019	12	5	1	0	0.04
72272093026	2019	12	8	20	0	0.01
72272093026	2019	12	8	21	0	0.02
72272093026	2019	12	8	22	0	0.03
72272093026	2019	12	9	0	0	0.01
72272093026	2019	12	9	5	0	0.08
72272093026	2019	12	9	6	0	0.02
72272093026	2019	12	9	8	0	0.02
72272093026	2019	12	9	9	0	0.13
72272093026	2019	12	9	10	0	0.03
72272093026	2019	12	9	11	0	0.05
72272093026	2019	12	9	13	0	0.01
72272093026	2019	12	9	20	0	0.06
72272093026	2019	12	9	22	0	0.04
72272093026	2019	12	9	23	0	0.02
72272093026	2019	12	10	0	0	0.03
72272093026	2019	12	10	1	0	0.01
72272093026	2019	12	24	16	0	0.01
72272093026	2019	12	24	17	0	0.02
72272093026	2019	12	24	18	0	0.06
72272093026	2019	12	24	19	0	0.13
72272093026	2019	12	24	20	0	0.05
72272093026	2019	12	24	22	0	0.01
72272093026	2019	12	25	2	0	0.01
72272093026	2019	12	25	3	0	0.01
72272093026	2019	12	25	13	0	0.04
72272093026	2019	12	25	15	0	0.01
72272093026	2019	12	27	13	0	0.04
72272093026	2019	12	27	14	0	0.06
72272093026	2019	12	27	16	0	0.01
72272093026	2019	12	27	17	0	0.06
72272093026	2019	12	27	18	0	0.01
72272093026	2019	12	27	19	0	0.03
72272093026	2020	1	2	11	0	0.04
72272093026	2020	1	16	17	0	0.03
72272093026	2020	1	16	19	0	0.01
72272093026	2020	1	16	20	0	0.02
72272093026	2020	1	21	15	0	0.03
72272093026	2020	1	21	16	0	0.09
72272093026	2020	1	21	17	0	0.09
72272093026	2020	1	21	18	0	0.02
72272093026	2020	2	10	23	0	0.007
72272093026	2020	2	11	0	0	0.023
72272093026	2020	2	11	1	0	0.01
72272093026	2020	2	11	2	0	0.01
72272093026	2020	2	11	4	0	0.011
72272093026	2020	2	11	5	0	0.03
72272093026	2020	2	11	6	0	0.07
72272093026	2020	2	11	7	0	0.05
72272093026	2020	2	11	8	0	0.017
72272093026	2020	2	11	9	0	0.05
72272093026	2020	2	11	10	0	0.021
72272093026	2020	2	11	11	0	0.01
72272093026	2020	2	11	12	0	0.008
72272093026	2020	2	11	13	0	0.01
72272093026	2020	2	11	17	0	0.06
72272093026	2020	2	11	18	0	0.004
72272093026	2020	2	11	19	0	0.02
72272093026	2020	2	11	20	0	0.002
72272093026	2020	2	12	0	0	0.013
72272093026	2020	2	12	3	0	0.009
72272093026	2020	2	12	4	0	0.009
72272093026	2020	2	12	5	0	0.008
72272093026	2020	2	12	6	0	0.008
72272093026	2020	2	12	9	0	0.003
72272093026	2020	2	12	10	0	0.001
72272093026	2020	2	22	1	0	0.01
72272093026	2020	2	22	4	0	0.01
72272093026	2020	2	22	22	0	0.02
72272093026	2020	2	23	3	0	0.01
72272093026	2020	2	23	4	0	0.01
72272093026	2020	3	3	6	0	0.05
72272093026	2020	3	3	7	0	0.15
72272093026	2020	3	3	8	0	0.05
72272093026	2020	3	3	9	0	0.02
72272093026	2020	3	3	14	0	0.01
72272093026	2020	3	3	15	0	0.12
72272093026	2020	3	3	16	0	0.14
72272093026	2020	3	3	17	0	0.01
72272093026	2020	3	3	22	0	0.01
72272093026	2020	3	3	23	0	0.03
72272093026	2020	3	4	0	0	0.01
72272093026	2020	3	4	5	0	0.01
72272093026	2020	3	8	11	0	0.03
72272093026	2020	3	8	12	0	0.12
72272093026	2020	3	8	13	0	0.11
72272093026	2020	3	8	14	0	0.13
72272093026	2020	3	8	15	0	0.13
72272093026	2020	3	8	16	0	0.05
72272093026	2020	3	8	17	0	0.06
72272093026	2020	3	8	18	0	0.03
72272093026	2020	3	8	19	0	0.02
72272093026	2020	3	11	7	0	0.02
72272093026	2020	3	12	18	0	0.02
72272093026	2020	3	12	20	0	0.01
72272093026	2020	3	12	21	0	0.08
72272093026	2020	3	12	22	0	0.1
72272093026	2020	3	12	23	0	0.07
72272093026	2020	3	13	1	0	0.01
72272093026	2020	3	13	2	0	0.02
72272093026	2020	3	13	3	0	0.01
72272093026	2020	3	13	4	0	0.01
72272093026	2020	3	13	5	0	0.02
72272093026	2020	3	13	6	0	0.01
72272093026	2020	3	18	19	0	0.01
72272093026	2020	3	18	20	0	0.01
72272093026	2020	3	18	21	0	0.01
72272093026	2020	3	18	22	0	0.03
72272093026	2020	3	19	0	0	0.02
72272093026	2020	3	19	1	0	0.16
72272093026	2020	3	19	2	0	0.01
72272093026	2020	4	11	21	0	0.01
