72271093045	2005	1	2	14	0	0.002
72271093045	2005	1	2	18	0	0.04
72271093045	2005	1	2	19	0	0.05
72271093045	2005	1	2	20	0	0.05
72271093045	2005	1	2	21	0	0.02
72271093045	2005	1	2	22	0	0.018
72271093045	2005	1	2	23	0	0.001
72271093045	2005	1	3	0	0	0.001
72271093045	2005	1	3	1	0	0.001
72271093045	2005	1	3	2	0	0.001
72271093045	2005	1	3	11	0	0.001
72271093045	2005	1	3	20	0	0.005
72271093045	2005	1	3	21	0	0.005
72271093045	2005	1	3	23	0	0.001
72271093045	2005	1	4	0	0	0.006
72271093045	2005	1	4	1	0	0.012
72271093045	2005	1	4	2	0	0.019
72271093045	2005	1	4	3	0	0.026
72271093045	2005	1	4	4	0	0.029
72271093045	2005	1	4	5	0	0.015
72271093045	2005	1	4	6	0	0.001
72271093045	2005	1	4	10	0	0.008
72271093045	2005	1	4	11	0	0.001
72271093045	2005	1	4	14	0	0.004
72271093045	2005	1	4	16	0	0.004
72271093045	2005	1	4	17	0	0.004
72271093045	2005	1	4	18	0	0.004
72271093045	2005	1	4	19	0	0.011
72271093045	2005	1	4	20	0	0.127
72271093045	2005	1	4	21	0	0.059
72271093045	2005	1	4	22	0	0.016
72271093045	2005	1	5	5	0	0.001
72271093045	2005	1	5	10	0	0.004
72271093045	2005	1	5	17	0	0.004
72271093045	2005	1	5	19	0	0.008
72271093045	2005	1	5	22	0	0.004
72271093045	2005	1	26	19	0	0.02
72271093045	2005	1	26	20	0	0.03
72271093045	2005	1	26	21	0	0.01
72271093045	2005	1	27	3	0	0.02
72271093045	2005	1	27	5	0	0.01
72271093045	2005	1	27	6	0	0.02
72271093045	2005	1	27	7	0	0.02
72271093045	2005	1	27	8	0	0.03
72271093045	2005	1	27	9	0	0.01
72271093045	2005	1	27	14	0	0.01
72271093045	2005	1	27	15	0	0.02
72271093045	2005	1	27	17	0	0.02
72271093045	2005	2	5	3	0	0.03
72271093045	2005	2	6	4	0	0.01
72271093045	2005	2	6	6	0	0.02
72271093045	2005	2	10	20	0	0.01
72271093045	2005	2	10	21	0	0.01
72271093045	2005	2	10	22	0	0.01
72271093045	2005	2	11	7	0	0.02
72271093045	2005	2	11	8	0	0.03
72271093045	2005	2	11	9	0	0.01
72271093045	2005	2	11	10	0	0.01
72271093045	2005	2	11	11	0	0.01
72271093045	2005	2	11	12	0	0.01
72271093045	2005	2	11	13	0	0.01
72271093045	2005	2	11	14	0	0.04
72271093045	2005	2	11	15	0	0.029
72271093045	2005	2	11	16	0	0.03
72271093045	2005	2	11	17	0	0.035
72271093045	2005	2	11	19	0	0.02
72271093045	2005	2	11	20	0	0.02
72271093045	2005	2	11	21	0	0.05
72271093045	2005	2	11	22	0	0.07
72271093045	2005	2	11	23	0	0.03
72271093045	2005	2	12	0	0	0.038
72271093045	2005	2	12	1	0	0.04
72271093045	2005	2	12	4	0	0.01
72271093045	2005	2	12	5	0	0.02
72271093045	2005	2	12	6	0	0.02
72271093045	2005	2	12	7	0	0.05
72271093045	2005	2	12	8	0	0.02
72271093045	2005	2	12	11	0	0.03
72271093045	2005	2	12	12	0	0.001
72271093045	2005	2	17	21	0	0.01
72271093045	2005	2	18	12	0	0.01
72271093045	2005	2	23	5	0	0.03
72271093045	2005	2	24	15	0	0.02
72271093045	2005	2	24	16	0	0.11
72271093045	2005	2	24	17	0	0.03
72271093045	2005	2	24	18	0	0.03
72271093045	2005	2	24	20	0	0.01
72271093045	2005	2	24	21	0	0.01
72271093045	2005	2	25	6	0	0.02
72271093045	2005	2	27	2	0	0.03
72271093045	2005	3	6	5	0	0.02
72271093045	2005	3	6	7	0	0.03
72271093045	2005	3	6	8	0	0.01
72271093045	2005	3	6	11	0	0.01
72271093045	2005	3	6	13	0	0.01
72271093045	2005	3	6	14	0	0.046
72271093045	2005	3	6	15	0	0.07
72271093045	2005	3	6	21	0	0.019
72271093045	2005	3	6	22	0	0.08
72271093045	2005	3	15	10	0	0.03
72271093045	2005	3	19	11	0	0.02
72271093045	2005	3	26	23	0	0.03
72271093045	2005	4	17	1	0	0.01
72271093045	2005	4	17	2	0	0.11
72271093045	2005	4	17	3	0	0.01
72271093045	2005	4	24	12	0	0.03
72271093045	2005	4	24	13	0	0.01
72271093045	2005	5	15	21	0	0.01
72271093045	2005	7	20	0	0	0.23
72271093045	2005	7	20	1	0	0.02
72271093045	2005	7	24	7	0	0.01
72271093045	2005	7	24	8	0	0.02
72271093045	2005	7	26	22	0	0.01
72271093045	2005	7	27	4	0	0.2
72271093045	2005	8	9	21	0	0.29
72271093045	2005	8	9	22	0	0.04
72271093045	2005	8	12	21	0	0.44
72271093045	2005	8	12	22	0	0.15
72271093045	2005	8	12	23	0	0.12
72271093045	2005	8	13	0	0	0.04
72271093045	2005	8	13	5	0	0.01
72271093045	2005	8	14	1	0	0.06
72271093045	2005	8	14	23	0	0.002
72271093045	2005	8	15	0	0	0.18
72271093045	2005	8	15	1	0	0.01
72271093045	2005	8	15	12	0	0.03
72271093045	2005	8	18	5	0	0.01
72271093045	2005	8	22	5	0	0.002
72271093045	2005	8	22	6	0	0.31
72271093045	2005	8	23	15	0	0.01
72271093045	2005	9	2	1	0	0.04
72271093045	2005	9	2	4	0	0.04
72271093045	2005	9	2	5	0	0.04
72271093045	2005	9	2	11	0	0.01
72271093045	2005	9	2	12	0	0.01
72271093045	2005	9	2	13	0	0.01
72271093045	2005	9	5	3	0	0.08
72271093045	2005	9	5	4	0	0.1
72271093045	2005	9	5	5	0	0.01
72271093045	2005	9	5	6	0	0.05
72271093045	2005	9	5	8	0	0.01
72271093045	2005	9	5	12	0	0.04
72271093045	2005	9	6	21	0	0.06
72271093045	2005	9	22	22	0	0.03
72271093045	2005	9	29	6	0	0.01
72271093045	2005	9	29	12	0	0.01
72271093045	2005	9	29	13	0	0.01
72271093045	2005	9	29	14	0	0.01
72271093045	2005	10	4	6	0	0.01
72271093045	2005	10	6	7	0	0.01
72271093045	2005	10	6	11	0	0.01
72271093045	2005	10	6	12	0	0.06
72271093045	2005	10	6	13	0	0.04
72271093045	2005	10	9	0	0	0.06
72271093045	2005	10	9	1	0	0.03
72271093045	2005	10	9	7	0	0.07
72271093045	2005	10	9	8	0	0.18
72271093045	2005	10	9	9	0	0.03
72271093045	2005	10	9	12	0	0.02
72271093045	2005	10	9	21	0	0.34
72271093045	2005	10	10	12	0	0.01
72271093045	2005	10	15	14	0	0.21
72271093045	2005	10	15	15	0	0.01
72271093045	2005	10	15	22	0	0.09
72271093045	2005	10	18	21	0	0.01
72271093045	2006	1	17	17	0	0.61
72271093045	2006	1	17	18	0	0.36
72271093045	2006	1	25	12	0	0.04
72271093045	2006	1	25	13	0	0.02
72271093045	2006	2	25	0	0	0.02
72271093045	2006	4	11	3	0	0.03
72271093045	2006	4	28	22	0	0.02
72271093045	2006	5	15	23	0	0.02
72271093045	2006	5	16	0	0	0.06
72271093045	2006	5	16	2	0	0.01
72271093045	2006	5	16	3	0	0.07
72271093045	2006	5	16	4	0	0.02
72271093045	2006	6	2	2	0	0.01
72271093045	2006	6	9	8	0	0.01
72271093045	2006	6	9	22	0	0.08
72271093045	2006	6	25	23	0	0.07
72271093045	2006	6	27	2	0	0.01
72271093045	2006	6	28	21	0	0.01
72271093045	2006	7	5	9	0	0.02
72271093045	2006	7	5	10	0	0.03
72271093045	2006	7	5	13	0	0.11
72271093045	2006	7	5	14	0	0.08
72271093045	2006	7	5	15	0	0.02
72271093045	2006	7	5	16	0	0.01
72271093045	2006	7	7	1	0	0.02
72271093045	2006	7	7	2	0	0.08
72271093045	2006	7	7	3	0	0.03
72271093045	2006	7	7	12	0	0.01
72271093045	2006	7	7	13	0	0.06
72271093045	2006	7	7	14	0	0.02
72271093045	2006	7	9	2	0	0.07
72271093045	2006	7	19	4	0	0.03
72271093045	2006	7	19	5	0	0.07
72271093045	2006	7	19	6	0	0.04
72271093045	2006	7	19	7	0	0.04
72271093045	2006	7	19	8	0	0.12
72271093045	2006	7	19	9	0	0.02
72271093045	2006	7	22	3	0	0.01
72271093045	2006	7	23	11	0	0.01
72271093045	2006	7	23	12	0	0.04
72271093045	2006	7	28	19	0	0.1
72271093045	2006	7	28	20	0	0.01
72271093045	2006	7	28	22	0	0.05
72271093045	2006	7	29	7	0	0.07
72271093045	2006	7	29	8	0	0.01
72271093045	2006	7	29	11	0	0.01
72271093045	2006	7	29	12	0	0.01
72271093045	2006	7	30	21	0	0.12
72271093045	2006	7	30	22	0	0.03
72271093045	2006	7	31	10	0	0.32
72271093045	2006	7	31	11	0	0.01
72271093045	2006	7	31	12	0	0.01
72271093045	2006	8	1	5	0	0.001
72271093045	2006	8	1	20	0	0.036
72271093045	2006	8	1	21	0	0.06
72271093045	2006	8	1	22	0	0.05
72271093045	2006	8	1	23	0	0.04
72271093045	2006	8	3	20	0	0.04
72271093045	2006	8	4	5	0	0.08
72271093045	2006	8	4	6	0	0.24
72271093045	2006	8	4	17	0	0.01
72271093045	2006	8	5	6	0	0.04
72271093045	2006	8	6	22	0	0.23
72271093045	2006	8	11	23	0	0.02
72271093045	2006	8	13	23	0	0.05
72271093045	2006	8	14	1	0	0.03
72271093045	2006	8	14	2	0	0.02
72271093045	2006	8	15	1	0	0.02
72271093045	2006	8	15	2	0	0.04
72271093045	2006	8	16	21	0	0.01
72271093045	2006	8	19	2	0	0.01
72271093045	2006	8	19	3	0	0.01
72271093045	2006	8	19	4	0	0.01
72271093045	2006	8	19	5	0	0.01
72271093045	2006	8	19	6	0	0.01
72271093045	2006	8	20	0	0	0.44
72271093045	2006	8	20	1	0	0.11
72271093045	2006	8	20	2	0	0.14
72271093045	2006	8	21	3	0	0.44
72271093045	2006	8	21	4	0	0.02
72271093045	2006	8	21	5	0	0.01
72271093045	2006	8	21	22	0	0.18
72271093045	2006	8	21	23	0	0.86
72271093045	2006	8	22	0	0	0.05
72271093045	2006	8	22	1	0	0.01
72271093045	2006	8	22	2	0	0.29
72271093045	2006	8	22	3	0	0.17
72271093045	2006	8	22	4	0	0.01
72271093045	2006	8	22	9	0	0.07
72271093045	2006	8	22	10	0	0.03
72271093045	2006	8	22	11	0	0.01
72271093045	2006	8	22	12	0	0.02
72271093045	2006	8	22	13	0	0.03
72271093045	2006	8	22	14	0	0.05
72271093045	2006	8	22	15	0	0.04
72271093045	2006	8	22	16	0	0.01
72271093045	2006	8	25	22	0	0.01
72271093045	2006	8	25	23	0	0.06
72271093045	2006	8	26	2	0	0.04
72271093045	2006	9	3	3	0	0.01
72271093045	2006	9	3	7	0	0.02
72271093045	2006	9	3	12	0	0.01
72271093045	2006	9	3	13	0	0.09
72271093045	2006	9	3	14	0	0.13
72271093045	2006	9	3	15	0	0.12
72271093045	2006	9	3	16	0	0.11
72271093045	2006	9	3	17	0	0.09
72271093045	2006	9	3	18	0	0.05
72271093045	2006	9	3	19	0	0.03
72271093045	2006	9	3	20	0	0.05
72271093045	2006	9	3	21	0	0.03
72271093045	2006	9	3	22	0	0.01
72271093045	2006	9	4	0	0	0.01
72271093045	2006	9	4	1	0	0.01
72271093045	2006	9	4	9	0	0.02
72271093045	2006	9	4	12	0	0.02
72271093045	2006	9	4	13	0	0.01
72271093045	2006	9	4	14	0	0.01
72271093045	2006	9	4	15	0	0.02
72271093045	2006	9	8	12	0	0.13
72271093045	2006	9	8	13	0	0.11
72271093045	2006	9	8	21	0	0.03
72271093045	2006	9	8	22	0	0.01
72271093045	2006	9	13	15	0	0.06
72271093045	2006	9	13	16	0	0.01
72271093045	2006	9	13	18	0	0.01
72271093045	2006	9	13	19	0	0.03
72271093045	2006	9	14	4	0	0.04
72271093045	2006	10	4	23	0	0.01
72271093045	2006	10	7	21	0	0.18
72271093045	2006	10	7	22	0	0.05
72271093045	2006	10	7	23	0	0.01
72271093045	2006	10	8	9	0	0.02
72271093045	2006	10	8	10	0	0.02
72271093045	2006	10	8	11	0	0.01
72271093045	2006	10	9	7	0	0.46
72271093045	2006	10	9	8	0	0.03
72271093045	2006	10	9	9	0	0.1
72271093045	2006	10	9	10	0	0.15
72271093045	2006	10	9	11	0	0.03
72271093045	2006	10	9	12	0	0.02
72271093045	2006	10	9	13	0	0.05
72271093045	2006	10	9	14	0	0.04
72271093045	2006	10	9	22	0	0.32
72271093045	2006	10	9	23	0	0.16
72271093045	2006	10	10	1	0	0.05
72271093045	2006	10	10	2	0	0.06
72271093045	2006	10	10	3	0	0.01
72271093045	2006	10	14	15	0	0.05
72271093045	2006	10	14	16	0	0.07
72271093045	2006	10	14	18	0	0.02
72271093045	2006	10	14	19	0	0.02
72271093045	2006	10	15	18	0	0.01
72271093045	2006	10	18	19	0	0.01
72271093045	2006	10	18	20	0	0.01
72271093045	2006	10	19	0	0	0.07
72271093045	2006	10	24	14	0	0.015
72271093045	2006	10	24	15	0	0.02
72271093045	2006	10	30	4	0	0.02
72271093045	2006	10	30	7	0	0.01
72271093045	2006	10	30	8	0	0.01
72271093045	2006	12	19	4	0	0.02
72271093045	2006	12	19	14	0	0.001
72271093045	2006	12	19	15	0	0.09
72271093045	2006	12	19	16	0	0.01
72271093045	2006	12	19	17	0	0.05
72271093045	2006	12	19	18	0	0.02
72271093045	2006	12	19	19	0	0.04
72271093045	2006	12	19	20	0	0.01
72271093045	2006	12	19	21	0	0.04
72271093045	2007	1	6	10	0	0.01
72271093045	2007	1	12	21	0	0.01
72271093045	2007	1	19	12	0	0.01
72271093045	2007	1	19	13	0	0.03
72271093045	2007	1	19	14	0	0.04
72271093045	2007	1	19	15	0	0.04
72271093045	2007	1	19	16	0	0.02
72271093045	2007	1	19	20	0	0.02
72271093045	2007	1	19	21	0	0.02
72271093045	2007	1	19	22	0	0.06
72271093045	2007	1	19	23	0	0.01
72271093045	2007	1	20	0	0	0.01
72271093045	2007	1	20	2	0	0.02
72271093045	2007	1	20	3	0	0.04
72271093045	2007	1	20	5	0	0.01
72271093045	2007	1	20	6	0	0.01
72271093045	2007	1	20	10	0	0.01
72271093045	2007	1	20	13	0	0.01
72271093045	2007	1	22	6	0	0.09
72271093045	2007	1	22	7	0	0.04
72271093045	2007	1	22	8	0	0.04
72271093045	2007	1	22	9	0	0.06
72271093045	2007	1	22	10	0	0.03
72271093045	2007	1	22	11	0	0.03
72271093045	2007	1	22	12	0	0.01
72271093045	2007	1	22	13	0	0.01
72271093045	2007	1	22	14	0	0.04
72271093045	2007	1	22	15	0	0.01
72271093045	2007	1	26	9	0	0.08
72271093045	2007	1	26	11	0	0.02
72271093045	2007	1	26	22	0	0.02
72271093045	2007	1	30	19	0	0.01
72271093045	2007	1	30	22	0	0.02
72271093045	2007	1	30	23	0	0.01
72271093045	2007	2	1	19	0	0.01
72271093045	2007	2	1	20	0	0.01
72271093045	2007	2	13	18	0	0.08
72271093045	2007	2	13	19	0	0.01
72271093045	2007	2	13	20	0	0.02
72271093045	2007	2	13	21	0	0.01
72271093045	2007	2	14	2	0	0.02
72271093045	2007	3	23	5	0	0.01
72271093045	2007	3	23	6	0	0.01
72271093045	2007	3	23	7	0	0.01
72271093045	2007	3	23	8	0	0.01
72271093045	2007	3	23	10	0	0.01
72271093045	2007	3	23	18	0	0.01
72271093045	2007	3	23	19	0	0.07
72271093045	2007	3	23	20	0	0.02
72271093045	2007	3	24	3	0	0.03
72271093045	2007	3	24	4	0	0.03
72271093045	2007	4	13	16	0	0.02
72271093045	2007	4	13	17	0	0.01
72271093045	2007	4	13	22	0	0.08
72271093045	2007	4	13	23	0	0.06
72271093045	2007	4	28	19	0	0.09
72271093045	2007	4	28	20	0	0.05
72271093045	2007	4	29	3	0	0.04
72271093045	2007	4	29	5	0	0.05
72271093045	2007	4	29	6	0	0.12
72271093045	2007	4	29	7	0	0.12
72271093045	2007	4	29	18	0	0.01
72271093045	2007	5	2	17	0	0.003
72271093045	2007	5	9	3	0	0.08
72271093045	2007	5	15	0	0	0.01
72271093045	2007	5	15	22	0	0.09
72271093045	2007	5	15	23	0	0.06
72271093045	2007	5	16	0	0	0.04
72271093045	2007	5	16	1	0	0.06
72271093045	2007	5	16	2	0	0.14
72271093045	2007	5	16	3	0	0.15
72271093045	2007	5	17	8	0	0.004
72271093045	2007	5	17	9	0	0.24
72271093045	2007	5	17	10	0	0.05
72271093045	2007	5	17	11	0	0.01
72271093045	2007	5	17	14	0	0.03
72271093045	2007	5	17	15	0	0.02
72271093045	2007	5	20	5	0	0.003
72271093045	2007	5	26	0	0	0.21
72271093045	2007	5	26	2	0	0.01
72271093045	2007	5	26	3	0	0.05
72271093045	2007	6	3	20	0	0.06
72271093045	2007	6	4	21	0	0.01
72271093045	2007	6	10	5	0	0.01
72271093045	2007	6	11	22	0	0.02
72271093045	2007	6	11	23	0	0.06
72271093045	2007	6	30	4	0	0.01
72271093045	2007	7	9	6	0	0.02
72271093045	2007	7	9	7	0	0.01
72271093045	2007	7	10	22	0	0.1
72271093045	2007	7	11	8	0	0.06
72271093045	2007	7	11	9	0	0.01
72271093045	2007	7	11	11	0	0.01
72271093045	2007	7	11	13	0	0.01
72271093045	2007	7	22	10	0	0.05
72271093045	2007	7	22	11	0	0.05
72271093045	2007	7	24	22	0	0.01
72271093045	2007	7	25	1	0	0.03
72271093045	2007	7	25	2	0	0.01
72271093045	2007	7	27	10	0	0.01
72271093045	2007	7	30	4	0	0.31
72271093045	2007	7	30	20	0	0.02
72271093045	2007	7	31	0	0	0.06
72271093045	2007	8	2	21	0	1.66
72271093045	2007	8	6	23	0	0.01
72271093045	2007	8	9	23	0	0.02
72271093045	2007	8	10	0	0	0.02
72271093045	2007	8	27	1	0	0.02
72271093045	2007	8	28	5	0	0.01
72271093045	2007	8	28	22	0	0.01
72271093045	2007	8	30	7	0	0.02
72271093045	2007	8	30	8	0	0.09
72271093045	2007	8	30	9	0	0.01
72271093045	2007	9	1	11	0	0.01
72271093045	2007	9	1	23	0	0.31
72271093045	2007	9	2	0	0	0.21
72271093045	2007	9	6	12	0	0.01
72271093045	2007	9	6	13	0	0.01
72271093045	2007	9	6	14	0	0.03
72271093045	2007	9	6	15	0	0.1
72271093045	2007	9	6	16	0	0.02
72271093045	2007	9	6	17	0	0.17
72271093045	2007	9	6	18	0	0.18
72271093045	2007	9	6	19	0	0.05
72271093045	2007	9	11	2	0	0.03
72271093045	2007	9	11	3	0	0.1
72271093045	2007	9	11	4	0	0.06
72271093045	2007	9	11	5	0	0.05
72271093045	2007	9	11	6	0	0.03
72271093045	2007	9	20	7	0	0.02
72271093045	2007	9	20	14	0	0.003
72271093045	2007	9	20	15	0	0.02
72271093045	2007	9	20	20	0	0.045
72271093045	2007	11	22	12	0	0.04
72271093045	2007	11	22	13	0	0.02
72271093045	2007	11	22	16	0	0.01
72271093045	2007	11	24	5	0	0.005
72271093045	2007	11	24	6	0	0.01
72271093045	2007	11	24	7	0	0.02
72271093045	2007	12	1	0	0	0.07
72271093045	2007	12	1	1	0	0.06
72271093045	2007	12	1	2	0	0.03
72271093045	2007	12	1	3	0	0.05
72271093045	2007	12	1	4	0	0.1
72271093045	2007	12	1	5	0	0.03
72271093045	2007	12	4	15	0	0.212
72271093045	2007	12	10	12	0	0.01
72271093045	2007	12	10	13	0	0.03
72271093045	2007	12	10	14	0	0.03
72271093045	2007	12	10	15	0	0.05
72271093045	2007	12	10	16	0	0.05
72271093045	2007	12	10	17	0	0.02
72271093045	2007	12	10	18	0	0.03
72271093045	2007	12	10	19	0	0.09
72271093045	2007	12	10	20	0	0.12
72271093045	2007	12	10	21	0	0.05
72271093045	2007	12	10	22	0	0.01
72271093045	2007	12	11	1	0	0.01
72271093045	2007	12	11	2	0	0.03
72271093045	2007	12	11	3	0	0.01
72271093045	2007	12	11	4	0	0.01
72271093045	2007	12	11	5	0	0.04
72271093045	2007	12	11	6	0	0.04
72271093045	2007	12	11	20	0	0.04
72271093045	2008	1	24	14	0	0.02
72271093045	2008	1	24	16	0	0.02
72271093045	2008	1	24	17	0	0.02
72271093045	2008	1	24	18	0	0.03
72271093045	2008	2	16	3	0	0.03
72271093045	2008	2	16	4	0	0.04
72271093045	2008	2	16	5	0	0.02
72271093045	2008	2	16	6	0	0.01
72271093045	2008	2	16	7	0	0.01
72271093045	2008	5	15	12	0	0.02
72271093045	2008	5	15	14	0	0.03
72271093045	2008	5	15	15	0	0.01
72271093045	2008	5	15	23	0	0.001
72271093045	2008	5	16	0	0	0.05
72271093045	2008	5	16	9	0	0.01
72271093045	2008	5	16	10	0	0.03
72271093045	2008	5	16	11	0	0.1
72271093045	2008	5	16	12	0	0.09
72271093045	2008	5	16	13	0	0.18
72271093045	2008	5	16	14	0	0.12
72271093045	2008	5	16	15	0	0.01
72271093045	2008	6	5	19	0	0.01
72271093045	2008	6	23	21	0	0.1
72271093045	2008	6	23	22	0	0.01
72271093045	2008	7	7	10	0	0.02
72271093045	2008	7	8	22	0	0.33
72271093045	2008	7	8	23	0	0.2
72271093045	2008	7	9	0	0	0.08
72271093045	2008	7	9	1	0	0.02
72271093045	2008	7	10	0	0	0.19
72271093045	2008	7	10	1	0	0.08
72271093045	2008	7	10	2	0	0.12
72271093045	2008	7	10	3	0	0.13
72271093045	2008	7	10	4	0	0.38
72271093045	2008	7	10	5	0	0.1
72271093045	2008	7	10	6	0	0.01
72271093045	2008	7	10	7	0	0.06
72271093045	2008	7	10	8	0	0.07
72271093045	2008	7	10	9	0	0.01
72271093045	2008	7	10	10	0	0.01
72271093045	2008	7	10	14	0	0.01
72271093045	2008	7	10	15	0	0.23
72271093045	2008	7	10	16	0	0.12
72271093045	2008	7	10	17	0	0.1
72271093045	2008	7	10	18	0	0.03
72271093045	2008	7	10	19	0	0.05
72271093045	2008	7	10	20	0	0.06
72271093045	2008	7	10	21	0	0.06
72271093045	2008	7	10	22	0	0.03
72271093045	2008	7	11	11	0	0.023
72271093045	2008	7	11	12	0	0.07
72271093045	2008	7	11	14	0	0.01
72271093045	2008	7	11	20	0	0.1
72271093045	2008	7	13	23	0	0.227
72271093045	2008	7	14	0	0	0.01
72271093045	2008	7	14	1	0	0.01
72271093045	2008	7	14	8	0	0.32
72271093045	2008	7	14	9	0	0.16
72271093045	2008	7	15	21	0	0.002
72271093045	2008	7	15	22	0	0.001
72271093045	2008	7	17	23	0	0.36
72271093045	2008	7	20	0	0	0.1
72271093045	2008	7	23	0	0	0.41
72271093045	2008	7	26	5	0	0.02
72271093045	2008	7	26	6	0	0.04
72271093045	2008	7	26	10	0	0.01
72271093045	2008	7	26	11	0	0.03
72271093045	2008	7	26	12	0	0.03
72271093045	2008	7	26	18	0	0.03
72271093045	2008	7	26	19	0	0.02
72271093045	2008	7	27	3	0	0.03
72271093045	2008	7	27	4	0	0.02
72271093045	2008	7	27	5	0	0.01
72271093045	2008	7	27	19	0	0.04
72271093045	2008	7	27	20	0	0.07
72271093045	2008	7	28	0	0	0.01
72271093045	2008	7	28	1	0	0.01
72271093045	2008	7	28	2	0	0.02
72271093045	2008	7	28	3	0	0.03
72271093045	2008	8	1	0	0	0.32
72271093045	2008	8	1	1	0	0.01
72271093045	2008	8	7	22	0	0.01
72271093045	2008	8	9	22	0	0.36
72271093045	2008	8	12	23	0	0.05
72271093045	2008	8	16	0	0	0.01
72271093045	2008	8	17	3	0	0.01
72271093045	2008	8	17	22	0	0.02
72271093045	2008	8	20	1	0	0.01
72271093045	2008	8	23	22	0	0.03
72271093045	2008	8	27	13	0	0.01
72271093045	2008	8	27	14	0	0.02
72271093045	2008	8	27	15	0	0.07
72271093045	2008	8	27	16	0	0.09
72271093045	2008	8	27	17	0	0.04
72271093045	2008	8	28	5	0	0.01
72271093045	2008	8	28	6	0	0.01
72271093045	2008	8	29	2	0	0.04
72271093045	2008	8	30	0	0	0.12
72271093045	2008	8	30	1	0	0.28
72271093045	2008	8	30	2	0	0.01
72271093045	2008	8	31	1	0	0.01
72271093045	2008	8	31	10	0	0.01
72271093045	2008	8	31	12	0	0.22
72271093045	2008	8	31	14	0	0.01
72271093045	2008	8	31	19	0	0.36
72271093045	2008	9	1	0	0	0.01
72271093045	2008	9	1	1	0	0.24
72271093045	2008	9	1	3	0	0.03
72271093045	2008	9	2	0	0	0.01
72271093045	2008	9	9	5	0	0.7
72271093045	2008	9	9	6	0	0.59
72271093045	2008	9	9	7	0	0.06
72271093045	2008	9	9	8	0	0.01
72271093045	2008	9	9	9	0	0.14
72271093045	2008	9	9	10	0	0.16
72271093045	2008	9	10	6	0	0.3
72271093045	2008	9	10	7	0	0.23
72271093045	2008	9	10	8	0	0.03
72271093045	2008	9	10	9	0	0.01
72271093045	2008	9	11	7	0	0.02
72271093045	2008	9	11	8	0	0.02
72271093045	2008	9	11	16	0	0.02
72271093045	2008	9	11	17	0	0.01
72271093045	2008	9	11	18	0	0.01
72271093045	2008	9	11	19	0	0.05
72271093045	2008	9	11	20	0	0.01
72271093045	2008	9	13	0	0	0.09
72271093045	2008	9	20	1	0	0.02
72271093045	2008	9	20	2	0	0.01
72271093045	2008	9	20	3	0	0.05
72271093045	2008	10	5	13	0	0.01
72271093045	2008	10	5	14	0	0.18
72271093045	2008	10	5	16	0	0.05
72271093045	2008	10	5	17	0	0.02
72271093045	2008	10	14	12	0	0.01
72271093045	2008	10	14	13	0	0.01
72271093045	2008	10	14	14	0	0.02
72271093045	2008	10	14	15	0	0.07
72271093045	2008	11	27	11	0	0.003
72271093045	2008	11	27	12	0	0.09
72271093045	2008	11	27	13	0	0.07
72271093045	2008	11	27	14	0	0.01
72271093045	2008	11	27	17	0	0.02
72271093045	2008	11	27	18	0	0.01
72271093045	2008	11	27	20	0	0.01
72271093045	2008	12	8	18	0	0.01
72271093045	2008	12	9	9	0	0.01
72271093045	2009	3	13	4	0	0.02
72271093045	2009	3	13	6	0	0.05
72271093045	2009	3	13	19	0	0.04
72271093045	2009	3	15	0	0	0.09
72271093045	2009	4	11	4	0	0.03
72271093045	2009	4	11	5	0	0.01
72271093045	2009	4	11	7	0	0.07
72271093045	2009	4	11	13	0	0.01
72271093045	2009	5	22	0	0	0.02
72271093045	2009	5	22	2	0	0.08
72271093045	2009	5	22	3	0	0.01
72271093045	2009	5	22	4	0	0.06
72271093045	2009	5	22	8	0	0.02
72271093045	2009	5	22	10	0	0.01
72271093045	2009	5	22	11	0	0.03
72271093045	2009	5	22	12	0	0.12
72271093045	2009	5	22	13	0	0.12
72271093045	2009	5	22	14	0	0.03
72271093045	2009	5	22	16	0	0.02
72271093045	2009	5	22	17	0	0.02
72271093045	2009	5	22	18	0	0.02
72271093045	2009	5	22	19	0	0.01
72271093045	2009	5	23	20	0	0.05
72271093045	2009	5	24	22	0	0.39
72271093045	2009	5	24	23	0	0.01
72271093045	2009	5	25	21	0	0.04
72271093045	2009	5	25	23	0	0.02
72271093045	2009	5	26	0	0	0.02
72271093045	2009	6	10	12	0	0.08
72271093045	2009	6	14	13	0	0.05
72271093045	2009	6	14	14	0	0.01
72271093045	2009	6	14	18	0	0.01
72271093045	2009	6	14	19	0	0.04
72271093045	2009	6	14	23	0	0.02
72271093045	2009	6	26	22	0	0.06
72271093045	2009	6	26	23	0	0.07
72271093045	2009	6	27	1	0	0.01
72271093045	2009	6	27	3	0	0.01
72271093045	2009	6	27	15	0	0.01
72271093045	2009	6	28	20	0	0.17
72271093045	2009	6	28	22	0	0.09
72271093045	2009	6	28	23	0	0.08
72271093045	2009	6	29	0	0	0.04
72271093045	2009	6	29	1	0	0.01
72271093045	2009	7	3	9	0	0.01
72271093045	2009	7	3	10	0	0.2
72271093045	2009	7	3	11	0	0.08
72271093045	2009	7	4	1	0	0.01
72271093045	2009	7	4	2	0	0.04
72271093045	2009	7	10	4	0	0.09
72271093045	2009	7	10	7	0	0.012
72271093045	2009	7	18	2	0	0.01
72271093045	2009	7	18	9	0	0.02
72271093045	2009	7	20	23	0	0.01
72271093045	2009	7	23	7	0	0.09
72271093045	2009	7	23	8	0	0.91
72271093045	2009	7	26	22	0	0.52
72271093045	2009	7	26	23	0	0.01
72271093045	2009	7	27	3	0	0.02
72271093045	2009	7	27	6	0	0.02
72271093045	2009	7	27	7	0	0.02
72271093045	2009	7	29	21	0	0.001
72271093045	2009	8	5	5	0	0.03
72271093045	2009	8	13	20	0	0.01
72271093045	2009	8	13	22	0	0.09
72271093045	2009	8	14	4	0	0.01
72271093045	2009	8	14	5	0	0.1
72271093045	2009	8	14	6	0	0.17
72271093045	2009	8	14	7	0	0.08
72271093045	2009	8	21	22	0	0.04
72271093045	2009	8	23	23	0	0.01
72271093045	2009	8	24	6	0	0.05
72271093045	2009	8	24	7	0	0.03
72271093045	2009	8	24	15	0	0.01
72271093045	2009	8	25	5	0	0.01
72271093045	2009	8	25	12	0	0.03
72271093045	2009	8	25	13	0	0.02
72271093045	2009	8	25	14	0	0.05
72271093045	2009	8	25	15	0	0.02
72271093045	2009	8	25	16	0	0.01
72271093045	2009	8	25	17	0	0.02
72271093045	2009	8	25	18	0	0.03
72271093045	2009	9	4	4	0	0.2
72271093045	2009	9	4	5	0	0.03
72271093045	2009	9	4	6	0	0.01
72271093045	2009	9	4	7	0	0.01
72271093045	2009	9	5	22	0	0.04
72271093045	2009	9	5	23	0	0.09
72271093045	2009	9	6	15	0	0.01
72271093045	2009	9	10	5	0	0.01
72271093045	2009	9	11	21	0	0.1
72271093045	2009	9	11	22	0	0.07
72271093045	2009	9	17	6	0	0.2
72271093045	2009	9	17	7	0	0.09
72271093045	2009	9	17	8	0	0.02
72271093045	2009	9	18	18	0	0.01
72271093045	2009	9	19	1	0	0.02
72271093045	2009	9	19	2	0	0.17
72271093045	2009	9	19	3	0	0.01
72271093045	2009	9	19	21	0	0.02
72271093045	2009	9	20	22	0	0.1
72271093045	2009	9	21	19	0	0.01
72271093045	2009	10	3	10	0	0.01
72271093045	2009	10	3	12	0	0.01
72271093045	2009	10	20	22	0	0.03
72271093045	2009	10	20	23	0	0.07
72271093045	2009	10	21	0	0	0.03
72271093045	2009	10	21	1	0	0.05
72271093045	2009	10	21	2	0	0.02
72271093045	2009	10	21	3	0	0.03
72271093045	2009	10	21	4	0	0.02
72271093045	2009	11	29	6	0	0.02
72271093045	2009	11	29	7	0	0.06
72271093045	2009	11	29	9	0	0.03
72271093045	2009	11	29	10	0	0.1
72271093045	2009	11	29	17	0	0.004
72271093045	2009	11	29	18	0	0.1
72271093045	2009	11	29	19	0	0.02
72271093045	2009	11	29	23	0	0.02
72271093045	2009	11	30	0	0	0.03
72271093045	2009	11	30	9	0	0.02
72271093045	2009	11	30	11	0	0.04
72271093045	2009	11	30	12	0	0.01
72271093045	2009	11	30	20	0	0.01
72271093045	2009	11	30	21	0	0.01
72271093045	2009	12	1	4	0	0.02
72271093045	2009	12	1	5	0	0.01
72271093045	2009	12	3	23	0	0.01
72271093045	2009	12	4	0	0	0.03
72271093045	2009	12	8	12	0	0.01
72271093045	2009	12	8	13	0	0.03
72271093045	2009	12	14	21	0	0.02
72271093045	2009	12	23	3	0	0.01
72271093045	2009	12	23	8	0	0.01
72271093045	2009	12	29	12	0	0.01
72271093045	2009	12	29	13	0	0.03
72271093045	2009	12	29	14	0	0.04
72271093045	2009	12	29	15	0	0.02
72271093045	2010	1	21	14	0	0.02
72271093045	2010	1	21	15	0	0.01
72271093045	2010	1	22	10	0	0.01
72271093045	2010	1	22	11	0	0.05
72271093045	2010	1	22	13	0	0.09
72271093045	2010	1	22	14	0	0.01
72271093045	2010	1	22	15	0	0.02
72271093045	2010	1	22	16	0	0.01
72271093045	2010	1	22	20	0	0.07
72271093045	2010	1	28	8	0	0.018
72271093045	2010	1	28	9	0	0.11
72271093045	2010	1	28	10	0	0.08
72271093045	2010	1	28	11	0	0.07
72271093045	2010	1	28	12	0	0.03
72271093045	2010	2	3	9	0	0.02
72271093045	2010	2	3	10	0	0.05
72271093045	2010	2	3	11	0	0.01
72271093045	2010	2	3	12	0	0.04
72271093045	2010	2	3	13	0	0.09
72271093045	2010	2	3	14	0	0.09
72271093045	2010	2	3	15	0	0.09
72271093045	2010	2	3	16	0	0.03
72271093045	2010	2	3	17	0	0.04
72271093045	2010	2	3	18	0	0.02
72271093045	2010	2	3	20	0	0.04
72271093045	2010	2	3	21	0	0.03
72271093045	2010	2	3	22	0	0.02
72271093045	2010	2	3	23	0	0.04
72271093045	2010	2	4	0	0	0.01
72271093045	2010	2	4	1	0	0.01
72271093045	2010	2	4	2	0	0.04
72271093045	2010	2	4	3	0	0.02
72271093045	2010	2	4	4	0	0.02
72271093045	2010	2	4	5	0	0.02
72271093045	2010	2	4	6	0	0.01
72271093045	2010	2	23	5	0	0.01
72271093045	2010	2	28	21	0	0.01
72271093045	2010	2	28	22	0	0.01
72271093045	2010	3	7	18	0	0.01
72271093045	2010	3	7	19	0	0.02
72271093045	2010	3	8	15	0	0.01
72271093045	2010	3	15	12	0	0.01
72271093045	2010	3	24	4	0	0.01
72271093045	2010	4	17	2	0	0.05
72271093045	2010	4	17	3	0	0.02
72271093045	2010	4	17	4	0	0.28
72271093045	2010	4	17	5	0	0.29
72271093045	2010	4	17	6	0	0.3
72271093045	2010	4	17	7	0	0.04
72271093045	2010	4	17	9	0	0.01
72271093045	2010	4	17	10	0	0.05
72271093045	2010	4	17	11	0	0.02
72271093045	2010	4	17	13	0	0.06
72271093045	2010	4	17	14	0	0.01
72271093045	2010	4	18	22	0	0.02
72271093045	2010	4	20	1	0	0.06
72271093045	2010	4	20	3	0	0.01
72271093045	2010	4	20	4	0	0.04
72271093045	2010	4	20	5	0	0.02
72271093045	2010	4	22	15	0	0.01
72271093045	2010	4	22	16	0	0.01
72271093045	2010	5	1	23	0	0.01
72271093045	2010	5	28	0	0	0.01
72271093045	2010	5	28	3	0	0.01
72271093045	2010	5	28	4	0	0.01
72271093045	2010	6	24	23	0	0.002
72271093045	2010	6	25	0	0	0.14
72271093045	2010	6	25	1	0	0.06
72271093045	2010	6	25	2	0	0.1
72271093045	2010	6	25	3	0	0.09
72271093045	2010	6	25	4	0	0.05
72271093045	2010	6	29	2	0	0.03
72271093045	2010	7	3	1	0	0.02
72271093045	2010	7	7	22	0	0.15
72271093045	2010	7	7	23	0	0.03
72271093045	2010	7	8	0	0	0.08
72271093045	2010	7	8	1	0	0.09
72271093045	2010	7	8	2	0	0.07
72271093045	2010	7	9	6	0	0.04
72271093045	2010	7	11	9	0	0.01
72271093045	2010	7	11	20	0	0.01
72271093045	2010	7	11	21	0	0.03
72271093045	2010	7	11	22	0	0.06
72271093045	2010	7	11	23	0	0.01
72271093045	2010	7	14	22	0	0.03
72271093045	2010	7	15	0	0	0.01
72271093045	2010	7	23	3	0	0.02
72271093045	2010	7	23	4	0	0.07
72271093045	2010	7	23	5	0	0.02
72271093045	2010	7	23	21	0	0.02
72271093045	2010	7	24	3	0	0.62
72271093045	2010	7	24	4	0	0.36
72271093045	2010	7	24	5	0	0.18
72271093045	2010	7	24	6	0	0.05
72271093045	2010	7	25	10	0	0.01
72271093045	2010	7	26	7	0	0.21
72271093045	2010	7	26	8	0	0.09
72271093045	2010	7	26	9	0	0.01
72271093045	2010	7	26	10	0	0.02
72271093045	2010	7	26	11	0	0.02
72271093045	2010	7	26	12	0	0.23
72271093045	2010	7	26	13	0	0.14
72271093045	2010	7	26	14	0	0.03
72271093045	2010	7	26	20	0	0.011
72271093045	2010	7	26	21	0	0.01
72271093045	2010	7	29	0	0	0.01
72271093045	2010	7	31	19	0	0.29
72271093045	2010	7	31	20	0	0.01
72271093045	2010	8	1	0	0	0.03
72271093045	2010	8	16	13	0	0.25
72271093045	2010	8	16	14	0	0.09
72271093045	2010	8	23	0	0	0.02
72271093045	2010	8	23	1	0	0.15
72271093045	2010	8	31	22	0	0.29
72271093045	2010	9	8	23	0	0.08
72271093045	2010	9	14	1	0	0.3
72271093045	2010	9	14	2	0	0.02
72271093045	2010	9	21	0	0	0.02
72271093045	2010	9	22	18	0	0.01
72271093045	2010	10	5	1	0	0.08
72271093045	2010	10	5	2	0	0.09
72271093045	2010	12	30	18	0	0.05
72271093045	2011	2	2	1	0	0.01
72271093045	2011	2	2	7	0	0.01
72271093045	2011	2	2	8	0	0.01
72271093045	2011	2	2	11	0	0.01
72271093045	2011	2	2	12	0	0.01
72271093045	2011	2	2	13	0	0.01
72271093045	2011	7	4	3	0	0.14
72271093045	2011	7	4	4	0	0.03
72271093045	2011	7	4	5	0	0.08
72271093045	2011	7	11	23	0	0.01
72271093045	2011	7	12	0	0	0.01
72271093045	2011	7	23	7	0	0.02
72271093045	2011	7	28	7	0	0.007
72271093045	2011	7	28	10	0	0.025
72271093045	2011	7	28	11	0	0.031
72271093045	2011	7	28	12	0	0.004
72271093045	2011	7	28	22	0	0.32
72271093045	2011	7	29	7	0	0.03
72271093045	2011	7	29	8	0	0.01
72271093045	2011	7	30	11	0	0.01
72271093045	2011	8	4	1	0	0.05
72271093045	2011	8	13	2	0	0.048
72271093045	2011	8	13	3	0	0.35
72271093045	2011	8	15	19	0	0.02
72271093045	2011	8	15	21	0	0.11
72271093045	2011	8	15	22	0	0.04
72271093045	2011	8	16	0	0	0.08
72271093045	2011	8	16	1	0	0.08
72271093045	2011	8	16	2	0	0.05
72271093045	2011	8	16	3	0	0.03
72271093045	2011	8	18	4	0	0.11
72271093045	2011	8	21	0	0	0.13
72271093045	2011	8	21	21	0	0.06
72271093045	2011	8	22	22	0	0.01
72271093045	2011	8	25	2	0	0.04
72271093045	2011	8	25	3	0	0.43
72271093045	2011	8	25	4	0	0.02
72271093045	2011	8	31	23	0	0.05
72271093045	2011	9	1	0	0	0.01
72271093045	2011	9	1	3	0	0.01
72271093045	2011	9	5	0	0	0.39
72271093045	2011	9	5	1	0	0.1
72271093045	2011	9	10	22	0	0.05
72271093045	2011	9	11	2	0	0.001
72271093045	2011	9	11	3	0	0.02
72271093045	2011	9	11	10	0	0.01
72271093045	2011	9	13	9	0	0.01
72271093045	2011	9	14	18	0	0.04
72271093045	2011	9	14	20	0	0.01
72271093045	2011	9	15	19	0	0.03
72271093045	2011	9	15	20	0	0.046
72271093045	2011	9	15	22	0	0.19
72271093045	2011	9	15	23	0	0.02
72271093045	2011	9	16	20	0	0.001
72271093045	2011	10	3	1	0	0.03
72271093045	2011	10	3	2	0	0.05
72271093045	2011	10	3	5	0	0.09
72271093045	2011	10	3	6	0	0.01
72271093045	2011	10	3	7	0	0.01
72271093045	2011	10	4	8	0	0.01
72271093045	2011	10	4	9	0	0.01
72271093045	2011	10	4	12	0	0.08
72271093045	2011	10	4	14	0	0.03
72271093045	2011	10	5	2	0	0.1
72271093045	2011	10	5	3	0	0.02
72271093045	2011	10	5	5	0	0.04
72271093045	2011	10	5	6	0	0.02
72271093045	2011	10	7	23	0	0.04
72271093045	2011	10	8	0	0	0.08
72271093045	2011	11	21	17	0	0.014
72271093045	2011	11	21	18	0	0.02
72271093045	2011	11	25	2	0	0.01
72271093045	2011	11	25	3	0	0.01
72271093045	2011	11	25	4	0	0.01
72271093045	2011	11	25	6	0	0.02
72271093045	2011	11	25	7	0	0.04
72271093045	2011	11	25	8	0	0.08
72271093045	2011	11	25	9	0	0.01
72271093045	2011	11	25	15	0	0.16
72271093045	2011	11	25	16	0	0.08
72271093045	2011	12	2	20	0	0.01
72271093045	2011	12	2	21	0	0.04
72271093045	2011	12	2	22	0	0.05
72271093045	2011	12	2	23	0	0.07
72271093045	2011	12	3	0	0	0.09
72271093045	2011	12	3	1	0	0.15
72271093045	2011	12	3	2	0	0.03
72271093045	2011	12	3	3	0	0.01
72271093045	2011	12	3	4	0	0.02
72271093045	2011	12	3	5	0	0.01
72271093045	2011	12	5	16	0	0.01
72271093045	2011	12	5	17	0	0.01
72271093045	2011	12	12	23	0	0.02
72271093045	2011	12	13	0	0	0.11
72271093045	2011	12	13	1	0	0.09
72271093045	2011	12	13	2	0	0.14
72271093045	2011	12	13	3	0	0.12
72271093045	2011	12	13	4	0	0.08
72271093045	2011	12	13	5	0	0.07
72271093045	2011	12	13	6	0	0.07
72271093045	2011	12	13	7	0	0.06
72271093045	2011	12	13	8	0	0.03
72271093045	2011	12	13	9	0	0.01
72271093045	2011	12	13	10	0	0.01
72271093045	2011	12	13	11	0	0.04
72271093045	2011	12	13	12	0	0.04
72271093045	2011	12	13	13	0	0.05
72271093045	2011	12	13	14	0	0.09
72271093045	2011	12	13	17	0	0.02
72271093045	2011	12	13	18	0	0.01
72271093045	2011	12	13	22	0	0.01
72271093045	2011	12	14	1	0	0.01
72271093045	2011	12	19	3	0	0.02
72271093045	2011	12	19	4	0	0.04
72271093045	2011	12	19	5	0	0.11
72271093045	2011	12	19	6	0	0.17
72271093045	2011	12	19	7	0	0.16
72271093045	2011	12	19	8	0	0.04
72271093045	2011	12	19	9	0	0.01
72271093045	2011	12	19	11	0	0.01
72271093045	2011	12	19	12	0	0.02
72271093045	2011	12	19	16	0	0.02
72271093045	2011	12	19	17	0	0.03
72271093045	2011	12	19	18	0	0.04
72271093045	2011	12	20	3	0	0.01
72271093045	2011	12	20	6	0	0.01
72271093045	2011	12	23	3	0	0.02
72271093045	2011	12	23	4	0	0.07
72271093045	2011	12	23	5	0	0.08
72271093045	2011	12	23	6	0	0.01
72271093045	2011	12	23	7	0	0.04
72271093045	2011	12	23	8	0	0.05
72271093045	2011	12	23	9	0	0.04
72271093045	2011	12	23	10	0	0.04
72271093045	2011	12	23	11	0	0.03
72271093045	2011	12	23	12	0	0.01
72271093045	2011	12	23	13	0	0.01
72271093045	2011	12	23	15	0	0.04
72271093045	2011	12	24	6	0	0.03
72271093045	2011	12	24	7	0	0.04
72271093045	2011	12	24	8	0	0.04
72271093045	2011	12	24	9	0	0.03
72271093045	2012	1	24	22	0	0.05
72271093045	2012	2	12	17	0	0.03
72271093045	2012	2	12	21	0	0.01
72271093045	2012	2	17	7	0	0.02
72271093045	2012	2	17	9	0	0.01
72271093045	2012	2	17	13	0	0.01
72271093045	2012	2	17	14	0	0.01
72271093045	2012	2	17	22	0	0.01
72271093045	2012	2	17	23	0	0.02
72271093045	2012	3	10	17	0	0.01
72271093045	2012	3	10	18	0	0.02
72271093045	2012	3	10	19	0	0.06
72271093045	2012	3	10	20	0	0.05
72271093045	2012	3	10	21	0	0.03
72271093045	2012	3	10	22	0	0.01
72271093045	2012	3	19	21	0	0.02
72271093045	2012	4	2	22	0	0.01
72271093045	2012	5	8	20	0	0.03
72271093045	2012	5	10	1	0	0.23
72271093045	2012	5	10	12	0	0.004
72271093045	2012	5	10	13	0	0.014
72271093045	2012	5	10	14	0	0.014
72271093045	2012	5	10	15	0	0.002
72271093045	2012	5	12	22	0	0.15
72271093045	2012	6	16	23	0	0.11
72271093045	2012	7	2	3	0	0.02
72271093045	2012	7	2	4	0	0.01
72271093045	2012	7	5	3	0	0.01
72271093045	2012	7	6	5	0	0.001
72271093045	2012	7	6	6	0	0.03
72271093045	2012	7	7	0	0	0.02
72271093045	2012	7	7	3	0	0.01
72271093045	2012	7	7	4	0	0.01
72271093045	2012	7	10	8	0	0.01
72271093045	2012	7	16	22	0	0.01
72271093045	2012	7	19	6	0	0.09
72271093045	2012	7	19	7	0	0.02
72271093045	2012	7	23	21	0	0.24
72271093045	2012	7	23	23	0	0.01
72271093045	2012	7	25	20	0	0.01
72271093045	2012	7	27	22	0	0.02
72271093045	2012	7	27	23	0	0.03
72271093045	2012	7	29	2	0	0.01
72271093045	2012	8	8	0	0	0.004
72271093045	2012	8	8	1	0	0.001
72271093045	2012	8	8	2	0	0.001
72271093045	2012	8	8	11	0	0.016
72271093045	2012	8	8	23	0	0.003
72271093045	2012	8	9	3	0	0.005
72271093045	2012	8	9	4	0	0.01
72271093045	2012	8	17	4	0	0.06
72271093045	2012	8	17	5	0	0.04
72271093045	2012	8	17	6	0	0.02
72271093045	2012	8	17	7	0	0.05
72271093045	2012	8	17	8	0	0.03
72271093045	2012	8	17	9	0	0.05
72271093045	2012	8	17	10	0	0.02
72271093045	2012	8	17	11	0	0.01
72271093045	2012	8	19	23	0	0.03
72271093045	2012	8	23	1	0	0.111
72271093045	2012	8	23	2	0	0.008
72271093045	2012	8	23	20	0	0.134
72271093045	2012	8	23	21	0	0.034
72271093045	2012	8	23	22	0	0.12
72271093045	2012	8	24	5	0	0.006
72271093045	2012	8	24	6	0	0.002
72271093045	2012	8	26	1	0	0.002
72271093045	2012	8	26	2	0	0.018
72271093045	2012	8	26	3	0	0.002
72271093045	2012	8	26	4	0	0.001
72271093045	2012	9	8	3	0	0.03
72271093045	2012	9	8	4	0	0.01
72271093045	2012	9	8	6	0	0.01
72271093045	2012	9	8	7	0	0.05
72271093045	2012	9	8	17	0	0.03
72271093045	2012	9	8	18	0	0.03
72271093045	2012	9	9	16	0	0.01
72271093045	2012	9	12	21	0	0.1
72271093045	2012	9	12	23	0	0.04
72271093045	2012	9	13	2	0	0.01
72271093045	2012	9	13	19	0	0.01
72271093045	2012	9	28	15	0	0.01
72271093045	2012	10	12	10	0	0.02
72271093045	2012	11	18	15	0	0.01
72271093045	2012	12	14	9	0	0.07
72271093045	2012	12	14	10	0	0.1
72271093045	2012	12	14	11	0	0.02
72271093045	2012	12	14	12	0	0.12
72271093045	2012	12	14	13	0	0.04
72271093045	2012	12	14	14	0	0.04
72271093045	2012	12	14	15	0	0.12
72271093045	2012	12	25	2	0	0.01
72271093045	2012	12	25	3	0	0.02
72271093045	2012	12	31	6	0	0.01
72271093045	2013	1	26	9	0	0.03
72271093045	2013	1	26	10	0	0.01
72271093045	2013	1	26	16	0	0.02
72271093045	2013	1	26	17	0	0.01
72271093045	2013	2	12	9	0	0.01
72271093045	2013	3	8	20	0	0.006
72271093045	2013	3	8	21	0	0.02
72271093045	2013	5	10	21	0	0.06
72271093045	2013	5	10	22	0	0.08
72271093045	2013	7	1	3	0	0.03
72271093045	2013	7	1	4	0	0.03
72271093045	2013	7	1	5	0	0.01
72271093045	2013	7	2	1	0	0.22
72271093045	2013	7	2	2	0	0.03
72271093045	2013	7	3	4	0	0.01
72271093045	2013	7	4	7	0	0.02
72271093045	2013	7	7	6	0	0.12
72271093045	2013	7	8	22	0	0.25
72271093045	2013	7	9	0	0	0.02
72271093045	2013	7	10	4	0	0.04
72271093045	2013	7	10	5	0	0.09
72271093045	2013	7	11	8	0	0.03
72271093045	2013	7	11	9	0	0.04
72271093045	2013	7	11	10	0	0.03
72271093045	2013	7	11	11	0	0.04
72271093045	2013	7	12	8	0	0.001
72271093045	2013	7	12	9	0	0.01
72271093045	2013	7	12	11	0	0.027
72271093045	2013	7	12	12	0	0.01
72271093045	2013	7	15	4	0	0.02
72271093045	2013	7	17	6	0	0.03
72271093045	2013	7	17	10	0	0.01
72271093045	2013	7	17	11	0	0.02
72271093045	2013	7	17	22	0	0.14
72271093045	2013	7	21	0	0	0.01
72271093045	2013	7	21	1	0	0.05
72271093045	2013	7	25	1	0	0.01
72271093045	2013	7	25	6	0	0.34
72271093045	2013	7	25	7	0	0.21
72271093045	2013	7	25	8	0	0.06
72271093045	2013	7	27	3	0	0.2
72271093045	2013	7	27	4	0	0.93
72271093045	2013	7	27	5	0	0.28
72271093045	2013	7	27	6	0	0.18
72271093045	2013	7	27	7	0	0.02
72271093045	2013	7	27	9	0	0.02
72271093045	2013	7	27	10	0	0.02
72271093045	2013	8	8	0	0	0.01
72271093045	2013	8	11	6	0	0.22
72271093045	2013	8	11	7	0	0.04
72271093045	2013	8	11	8	0	0.04
72271093045	2013	8	11	9	0	0.05
72271093045	2013	8	11	10	0	0.08
72271093045	2013	8	11	11	0	0.11
72271093045	2013	8	11	12	0	0.03
72271093045	2013	8	11	13	0	0.02
72271093045	2013	8	12	8	0	0.01
72271093045	2013	8	12	9	0	0.01
72271093045	2013	8	12	10	0	0.14
72271093045	2013	8	19	22	0	0.02
72271093045	2013	8	21	0	0	0.05
72271093045	2013	8	21	1	0	0.04
72271093045	2013	8	24	3	0	0.02
72271093045	2013	8	24	4	0	0.03
72271093045	2013	8	24	21	0	0.02
72271093045	2013	8	25	4	0	0.01
72271093045	2013	8	25	7	0	0.07
72271093045	2013	9	10	2	0	0.02
72271093045	2013	9	10	3	0	0.01
72271093045	2013	9	10	7	0	0.01
72271093045	2013	9	10	8	0	0.02
72271093045	2013	9	10	9	0	0.04
72271093045	2013	9	10	10	0	0.04
72271093045	2013	9	10	11	0	0.02
72271093045	2013	9	10	12	0	0.1
72271093045	2013	9	10	14	0	0.07
72271093045	2013	9	10	15	0	0.07
72271093045	2013	9	10	16	0	0.02
72271093045	2013	9	10	18	0	0.1
72271093045	2013	9	10	19	0	0.17
72271093045	2013	9	10	20	0	0.11
72271093045	2013	9	10	21	0	0.11
72271093045	2013	9	10	22	0	0.07
72271093045	2013	9	10	23	0	0.03
72271093045	2013	9	11	3	0	0.02
72271093045	2013	9	12	8	0	0.003
72271093045	2013	9	12	9	0	0.07
72271093045	2013	9	12	10	0	0.3
72271093045	2013	9	12	11	0	0.15
72271093045	2013	9	12	12	0	0.08
72271093045	2013	9	12	13	0	0.04
72271093045	2013	9	12	14	0	0.01
72271093045	2013	9	12	19	0	0.04
72271093045	2013	9	12	21	0	0.26
72271093045	2013	9	12	22	0	0.12
72271093045	2013	9	13	6	0	0.01
72271093045	2013	9	13	7	0	0.01
72271093045	2013	9	13	9	0	0.02
72271093045	2013	9	13	10	0	0.11
72271093045	2013	9	13	11	0	0.85
72271093045	2013	9	13	12	0	1.03
72271093045	2013	9	13	13	0	0.46
72271093045	2013	9	13	14	0	0.3
72271093045	2013	9	13	15	0	0.1
72271093045	2013	9	13	16	0	0.06
72271093045	2013	9	13	20	0	0.054
72271093045	2013	9	14	6	0	0.13
72271093045	2013	9	14	7	0	0.09
72271093045	2013	9	14	8	0	0.06
72271093045	2013	9	14	13	0	0.01
72271093045	2013	9	16	4	0	0.02
72271093045	2013	9	16	5	0	0.06
72271093045	2013	9	16	6	0	0.08
72271093045	2013	9	16	7	0	0.13
72271093045	2013	9	16	8	0	0.05
72271093045	2013	9	16	18	0	0.04
72271093045	2013	9	16	19	0	0.05
72271093045	2013	9	22	23	0	0.04
72271093045	2013	10	25	7	0	0.13
72271093045	2013	11	5	3	0	0.03
72271093045	2013	11	15	20	0	0.01
72271093045	2013	11	15	21	0	0.01
72271093045	2013	11	16	6	0	0.01
72271093045	2013	11	22	1	0	0.01
72271093045	2013	11	23	15	0	0.01
72271093045	2013	11	23	17	0	0.02
72271093045	2013	11	23	19	0	0.01
72271093045	2013	11	23	21	0	0.01
72271093045	2013	11	23	22	0	0.02
72271093045	2013	11	23	23	0	0.03
72271093045	2013	11	24	0	0	0.01
72271093045	2013	11	24	2	0	0.01
72271093045	2013	11	24	3	0	0.02
72271093045	2013	11	24	4	0	0.02
72271093045	2013	11	24	5	0	0.01
72271093045	2013	11	24	7	0	0.01
72271093045	2013	11	24	8	0	0.02
72271093045	2013	11	24	9	0	0.01
72271093045	2013	11	24	10	0	0.02
72271093045	2013	11	24	11	0	0.09
72271093045	2013	11	24	12	0	0.02
72271093045	2013	11	24	13	0	0.03
72271093045	2013	11	24	14	0	0.01
72271093045	2013	12	12	16	0	0.02
72271093045	2013	12	12	17	0	0.08
72271093045	2013	12	12	18	0	0.12
72271093045	2013	12	12	19	0	0.03
72271093045	2013	12	12	21	0	0.01
72271093045	2013	12	12	23	0	0.01
72271093045	2013	12	13	1	0	0.01
72271093045	2013	12	20	20	0	0.004
72271093045	2013	12	21	5	0	0.01
72271093045	2013	12	21	8	0	0.01
72271093045	2013	12	21	9	0	0.09
72271093045	2013	12	21	10	0	0.01
72271093045	2014	3	2	4	0	0.01
72271093045	2014	3	2	6	0	0.03
72271093045	2014	3	2	7	0	0.03
72271093045	2014	3	2	8	0	0.01
72271093045	2014	3	26	3	0	0.01
72271093045	2014	4	19	12	0	0.08
72271093045	2014	4	19	15	0	0.1
72271093045	2014	4	19	16	0	0.02
72271093045	2014	4	19	17	0	0.01
72271093045	2014	4	20	0	0	0.04
72271093045	2014	4	20	1	0	0.02
72271093045	2014	5	22	16	0	0.001
72271093045	2014	5	23	5	0	0.01
72271093045	2014	5	23	6	0	0.02
72271093045	2014	5	26	9	0	0.01
72271093045	2014	5	26	10	0	0.01
72271093045	2014	5	26	17	0	0.01
72271093045	2014	6	13	22	0	0.02
72271093045	2014	7	5	0	0	0.01
72271093045	2014	7	5	1	0	0.02
72271093045	2014	7	9	1	0	0.07
72271093045	2014	7	9	2	0	0.03
72271093045	2014	7	10	22	0	0.01
72271093045	2014	7	11	21	0	0.01
72271093045	2014	7	11	23	0	0.14
72271093045	2014	7	12	1	0	0.09
72271093045	2014	7	12	5	0	0.01
72271093045	2014	7	15	9	0	0.01
72271093045	2014	7	16	0	0	0.04
72271093045	2014	7	16	4	0	0.01
72271093045	2014	7	16	9	0	0.01
72271093045	2014	7	16	10	0	0.01
72271093045	2014	7	16	23	0	0.22
72271093045	2014	7	23	22	0	0.03
72271093045	2014	7	27	5	0	0.05
72271093045	2014	7	27	6	0	0.06
72271093045	2014	7	28	7	0	0.02
72271093045	2014	7	28	13	0	0.01
72271093045	2014	7	29	20	0	0.82
72271093045	2014	7	31	3	0	0.05
72271093045	2014	8	1	3	0	0.01
72271093045	2014	8	1	4	0	0.16
72271093045	2014	8	1	5	0	0.02
72271093045	2014	8	3	8	0	0.02
72271093045	2014	8	7	14	0	0.01
72271093045	2014	8	10	2	0	0.34
72271093045	2014	8	10	4	0	0.07
72271093045	2014	8	13	23	0	0.06
72271093045	2014	8	14	6	0	0.02
72271093045	2014	8	14	7	0	0.05
72271093045	2014	8	14	8	0	0.07
72271093045	2014	8	14	9	0	0.01
72271093045	2014	8	15	2	0	0.139
72271093045	2014	8	15	3	0	0.09
72271093045	2014	8	22	8	0	0.01
72271093045	2014	8	22	10	0	0.01
72271093045	2014	8	22	11	0	0.02
72271093045	2014	8	22	12	0	0.04
72271093045	2014	8	22	13	0	0.02
72271093045	2014	8	22	14	0	0.02
72271093045	2014	8	27	7	0	0.04
72271093045	2014	8	27	8	0	0.35
72271093045	2014	8	27	9	0	0.04
72271093045	2014	9	4	22	0	0.03
72271093045	2014	9	16	7	0	0.01
72271093045	2014	9	16	8	0	0.01
72271093045	2014	9	16	12	0	0.02
72271093045	2014	9	16	13	0	0.04
72271093045	2014	9	16	14	0	0.04
72271093045	2014	9	16	15	0	0.01
72271093045	2014	9	16	17	0	0.01
72271093045	2014	9	16	18	0	0.01
72271093045	2014	9	16	21	0	0.01
72271093045	2014	9	16	22	0	0.01
72271093045	2014	9	16	23	0	0.14
72271093045	2014	9	17	8	0	0.002
72271093045	2014	9	17	9	0	0.29
72271093045	2014	9	17	10	0	0.13
72271093045	2014	9	17	11	0	0.03
72271093045	2014	9	17	12	0	0.03
72271093045	2014	9	17	15	0	0.02
72271093045	2014	9	17	16	0	0.08
72271093045	2014	9	18	3	0	0.02
72271093045	2014	9	18	5	0	0.04
72271093045	2014	9	18	6	0	0.05
72271093045	2014	9	18	7	0	0.04
72271093045	2014	9	18	8	0	0.02
72271093045	2014	9	18	9	0	0.02
72271093045	2014	9	18	14	0	0.01
72271093045	2014	9	18	20	0	0.01
72271093045	2014	9	21	7	0	0.06
72271093045	2014	9	21	8	0	0.2
72271093045	2014	9	22	18	0	0.04
72271093045	2014	9	23	5	0	0.02
72271093045	2014	9	23	6	0	1.91
72271093045	2014	9	23	7	0	0.23
72271093045	2014	9	23	8	0	0.15
72271093045	2014	9	23	9	0	0.02
72271093045	2014	9	25	5	0	0.07
72271093045	2014	10	8	14	0	0.01
72271093045	2014	10	9	3	0	0.05
72271093045	2014	10	9	4	0	0.07
72271093045	2014	10	19	16	0	0.01
72271093045	2014	10	19	19	0	0.01
72271093045	2014	10	20	3	0	0.01
72271093045	2014	10	20	4	0	0.03
72271093045	2014	10	20	5	0	0.01
72271093045	2014	10	20	6	0	0.01
72271093045	2014	10	20	7	0	0.01
72271093045	2014	10	20	8	0	0.01
72271093045	2014	10	21	0	0	0.21
72271093045	2014	10	21	2	0	0.01
72271093045	2014	10	21	4	0	0.08
72271093045	2014	11	2	21	0	0.05
72271093045	2014	11	3	0	0	0.12
72271093045	2014	11	3	2	0	0.05
72271093045	2014	11	3	3	0	0.01
72271093045	2014	11	16	15	0	0.04
72271093045	2014	12	4	17	0	0.02
72271093045	2014	12	7	2	0	0.03
72271093045	2014	12	14	4	0	0.03
72271093045	2014	12	18	21	0	0.01
72271093045	2014	12	19	0	0	0.01
72271093045	2014	12	19	1	0	0.01
72271093045	2014	12	19	2	0	0.01
72271093045	2015	1	1	10	0	0.01
72271093045	2015	1	1	11	0	0.02
72271093045	2015	1	2	9	0	0.01
72271093045	2015	1	2	10	0	0.01
72271093045	2015	1	2	11	0	0.02
72271093045	2015	1	2	12	0	0.08
72271093045	2015	1	2	13	0	0.05
72271093045	2015	1	2	14	0	0.04
72271093045	2015	1	2	15	0	0.02
72271093045	2015	1	2	20	0	0.008
72271093045	2015	1	2	21	0	0.02
72271093045	2015	1	2	22	0	0.01
72271093045	2015	1	12	15	0	0.04
72271093045	2015	1	12	16	0	0.12
72271093045	2015	1	12	17	0	0.02
72271093045	2015	1	12	18	0	0.01
72271093045	2015	1	14	6	0	0.01
72271093045	2015	1	14	8	0	0.01
72271093045	2015	1	14	9	0	0.06
72271093045	2015	1	14	10	0	0.03
72271093045	2015	1	14	11	0	0.01
72271093045	2015	1	30	5	0	0.01
72271093045	2015	1	30	10	0	0.01
72271093045	2015	1	30	11	0	0.04
72271093045	2015	1	30	12	0	0.07
72271093045	2015	1	30	13	0	0.02
72271093045	2015	1	30	14	0	0.03
72271093045	2015	1	30	15	0	0.01
72271093045	2015	1	30	18	0	0.01
72271093045	2015	1	30	20	0	0.01
72271093045	2015	1	30	22	0	0.01
72271093045	2015	1	31	0	0	0.03
72271093045	2015	1	31	1	0	0.01
72271093045	2015	1	31	2	0	0.01
72271093045	2015	1	31	3	0	0.01
72271093045	2015	1	31	5	0	0.02
72271093045	2015	1	31	6	0	0.04
72271093045	2015	1	31	7	0	0.03
72271093045	2015	1	31	8	0	0.01
72271093045	2015	1	31	9	0	0.04
72271093045	2015	1	31	10	0	0.01
72271093045	2015	1	31	11	0	0.02
72271093045	2015	2	16	1	0	0.02
72271093045	2015	2	23	9	0	0.02
72271093045	2015	2	23	10	0	0.05
72271093045	2015	2	23	11	0	0.11
72271093045	2015	2	23	12	0	0.15
72271093045	2015	2	23	13	0	0.03
72271093045	2015	2	23	17	0	0.01
72271093045	2015	2	24	22	0	0.09
72271093045	2015	2	24	23	0	0.04
72271093045	2015	2	27	2	0	0.02
72271093045	2015	2	27	3	0	0.03
72271093045	2015	3	3	13	0	0.02
72271093045	2015	3	3	14	0	0.04
72271093045	2015	3	18	5	0	0.01
72271093045	2015	3	18	6	0	0.06
72271093045	2015	3	18	7	0	0.03
72271093045	2015	3	18	9	0	0.02
72271093045	2015	3	18	10	0	0.04
72271093045	2015	3	18	22	0	0.07
72271093045	2015	3	19	10	0	0.02
72271093045	2015	3	19	12	0	0.01
72271093045	2015	3	19	13	0	0.02
72271093045	2015	3	20	3	0	0.02
72271093045	2015	3	20	23	0	0.01
72271093045	2015	4	26	22	0	0.04
72271093045	2015	4	27	8	0	0.01
72271093045	2015	5	4	23	0	0.08
72271093045	2015	5	13	5	0	0.01
72271093045	2015	5	13	6	0	0.14
72271093045	2015	5	13	7	0	0.04
72271093045	2015	5	13	8	0	0.05
72271093045	2015	5	13	9	0	0.05
72271093045	2015	5	13	10	0	0.01
72271093045	2015	5	15	3	0	0.21
72271093045	2015	5	15	9	0	0.01
72271093045	2015	5	21	22	0	0.02
72271093045	2015	5	22	0	0	0.29
72271093045	2015	6	9	4	0	0.02
72271093045	2015	6	9	5	0	0.061
72271093045	2015	6	9	6	0	0.14
72271093045	2015	6	9	7	0	0.01
72271093045	2015	6	9	14	0	0.01
72271093045	2015	6	10	3	0	0.32
72271093045	2015	6	10	4	0	0.02
72271093045	2015	6	14	22	0	0.01
72271093045	2015	6	18	4	0	0.01
72271093045	2015	6	18	5	0	0.01
72271093045	2015	6	27	10	0	0.04
72271093045	2015	6	27	11	0	0.08
72271093045	2015	6	27	12	0	0.1
72271093045	2015	6	30	8	0	0.02
72271093045	2015	7	3	7	0	0.03
72271093045	2015	7	3	8	0	0.05
72271093045	2015	7	5	3	0	0.03
72271093045	2015	7	5	4	0	0.01
72271093045	2015	7	5	23	0	0.01
72271093045	2015	7	7	13	0	0.01
72271093045	2015	7	9	4	0	0.01
72271093045	2015	7	11	1	0	0.01
72271093045	2015	7	13	8	0	0.001
72271093045	2015	7	13	9	0	0.003
72271093045	2015	7	28	23	0	0.053
72271093045	2015	7	29	0	0	0.01
72271093045	2015	7	29	5	0	0.01
72271093045	2015	7	30	2	0	0.01
72271093045	2015	7	30	3	0	0.24
72271093045	2015	7	30	4	0	0.01
72271093045	2015	7	30	5	0	0.02
72271093045	2015	7	30	6	0	0.13
72271093045	2015	7	30	7	0	0.1
72271093045	2015	7	30	8	0	0.04
72271093045	2015	7	31	10	0	0.07
72271093045	2015	7	31	11	0	0.01
72271093045	2015	8	1	6	0	0.12
72271093045	2015	8	6	22	0	0.02
72271093045	2015	8	9	0	0	0.02
72271093045	2015	8	11	7	0	0.18
72271093045	2015	8	11	8	0	0.02
72271093045	2015	8	23	9	0	0.02
72271093045	2015	8	25	20	0	0.31
72271093045	2015	8	26	7	0	0.03
72271093045	2015	8	29	6	0	0.16
72271093045	2015	9	3	0	0	0.01
72271093045	2015	9	3	1	0	0.19
72271093045	2015	9	3	3	0	0.02
72271093045	2015	9	3	4	0	0.01
72271093045	2015	9	4	0	0	0.03
72271093045	2015	9	4	18	0	0.02
72271093045	2015	9	5	5	0	0.01
72271093045	2015	9	8	1	0	0.1
72271093045	2015	9	8	4	0	0.2
72271093045	2015	9	8	5	0	0.01
72271093045	2015	9	21	20	0	0.01
72271093045	2015	9	21	21	0	0.01
72271093045	2015	9	21	22	0	0.06
72271093045	2015	9	22	0	0	0.03
72271093045	2015	9	22	1	0	0.04
72271093045	2015	9	22	2	0	0.05
72271093045	2015	9	22	3	0	0.06
72271093045	2015	9	22	4	0	0.03
72271093045	2015	9	22	8	0	0.02
72271093045	2015	10	4	17	0	0.01
72271093045	2015	10	4	18	0	0.05
72271093045	2015	10	4	20	0	0.01
72271093045	2015	10	4	21	0	0.01
72271093045	2015	10	6	1	0	0.14
72271093045	2015	10	6	4	0	0.35
72271093045	2015	10	7	1	0	0.01
72271093045	2015	10	7	2	0	0.04
72271093045	2015	10	7	17	0	0.01
72271093045	2015	10	9	1	0	0.02
72271093045	2015	10	17	21	0	0.05
72271093045	2015	10	17	22	0	0.03
72271093045	2015	10	20	17	0	0.02
72271093045	2015	10	20	23	0	0.03
72271093045	2015	10	21	0	0	0.01
72271093045	2015	10	21	6	0	0.01
72271093045	2015	10	21	8	0	0.02
72271093045	2015	10	21	11	0	0.009
72271093045	2015	10	21	12	0	0.02
72271093045	2015	10	21	16	0	0.02
72271093045	2015	10	22	9	0	0.02
72271093045	2015	10	22	21	0	0.04
72271093045	2015	10	30	4	0	0.01
72271093045	2015	10	30	5	0	0.04
72271093045	2015	10	30	6	0	0.03
72271093045	2015	10	30	7	0	0.07
72271093045	2015	10	30	8	0	0.05
72271093045	2015	10	30	9	0	0.06
72271093045	2015	10	30	10	0	0.02
72271093045	2015	10	30	11	0	0.01
72271093045	2015	10	30	20	0	0.03
72271093045	2015	11	16	13	0	0.01
72271093045	2015	11	16	14	0	0.01
72271093045	2015	11	26	11	0	0.01
72271093045	2015	11	26	12	0	0.01
72271093045	2015	11	26	13	0	0.01
72271093045	2015	11	27	21	0	0.03
72271093045	2015	11	29	5	0	0.01
72271093045	2015	11	29	6	0	0.01
72271093045	2015	11	29	9	0	0.01
72271093045	2015	12	12	15	0	0.06
72271093045	2015	12	26	20	0	0.01
72271093045	2015	12	26	21	0	0.02
72271093045	2015	12	26	22	0	0.01
72271093045	2015	12	26	23	0	0.02
72271093045	2015	12	27	0	0	0.01
72271093045	2015	12	27	3	0	0.01
72271093045	2015	12	27	4	0	0.01
72271093045	2015	12	27	9	0	0.03
72271093045	2015	12	27	10	0	0.04
72271093045	2015	12	27	11	0	0.03
72271093045	2015	12	27	12	0	0.01
72271093045	2016	1	5	5	0	0.021
72271093045	2016	1	5	6	0	0.02
72271093045	2016	1	5	8	0	0.02
72271093045	2016	1	5	9	0	0.01
72271093045	2016	1	8	2	0	0.01
72271093045	2016	1	8	3	0	0.04
72271093045	2016	2	1	13	0	0.01
72271093045	2016	4	8	11	0	0.01
72271093045	2016	4	8	12	0	0.01
72271093045	2016	4	9	0	0	0.03
72271093045	2016	4	9	1	0	0.05
72271093045	2016	4	9	2	0	0.03
72271093045	2016	4	9	3	0	0.04
72271093045	2016	4	12	13	0	0.06
72271093045	2016	4	12	14	0	0.09
72271093045	2016	4	12	15	0	0.07
72271093045	2016	4	12	16	0	0.29
72271093045	2016	4	12	17	0	0.13
72271093045	2016	4	12	18	0	0.01
72271093045	2016	4	23	0	0	0.01
72271093045	2016	4	23	1	0	0.09
72271093045	2016	4	23	2	0	0.03
72271093045	2016	5	14	23	0	0.02
72271093045	2016	5	17	20	0	0.003
72271093045	2016	5	17	21	0	0.17
72271093045	2016	5	18	4	0	0.02
72271093045	2016	5	18	6	0	0.04
72271093045	2016	5	18	7	0	0.01
72271093045	2016	5	18	10	0	0.15
72271093045	2016	5	18	14	0	0.02
72271093045	2016	5	18	15	0	0.01
72271093045	2016	5	18	17	0	0.04
72271093045	2016	5	18	21	0	0.05
72271093045	2016	5	19	0	0	0.03
72271093045	2016	5	19	1	0	0.01
72271093045	2016	5	31	2	0	0.08
72271093045	2016	6	1	3	0	0.01
72271093045	2016	6	5	23	0	0.2
72271093045	2016	6	7	7	0	0.03
72271093045	2016	6	12	1	0	0.01
72271093045	2016	6	28	22	0	0.01
72271093045	2016	6	28	23	0	0.02
72271093045	2016	7	1	16	0	0.03
72271093045	2016	7	1	18	0	0.08
72271093045	2016	7	1	19	0	0.03
72271093045	2016	7	17	0	0	0.13
72271093045	2016	7	17	22	0	0.01
72271093045	2016	7	19	23	0	0.01
72271093045	2016	7	20	0	0	0.12
72271093045	2016	7	20	3	0	0.01
72271093045	2016	7	20	4	0	0.5
72271093045	2016	7	22	6	0	0.02
72271093045	2016	7	26	4	0	0.03
72271093045	2016	7	26	5	0	0.01
72271093045	2016	7	28	4	0	0.09
72271093045	2016	7	28	5	0	0.1
72271093045	2016	7	28	6	0	0.011
72271093045	2016	7	31	6	0	0.33
72271093045	2016	7	31	7	0	0.26
72271093045	2016	8	2	4	0	0.12
72271093045	2016	8	5	23	0	0.006
72271093045	2016	8	6	0	0	0.01
72271093045	2016	8	6	1	0	0.48
72271093045	2016	8	6	2	0	0.286
72271093045	2016	8	6	3	0	0.001
72271093045	2016	8	6	5	0	0.004
72271093045	2016	8	6	23	0	0.01
72271093045	2016	8	7	0	0	0.01
72271093045	2016	8	7	1	0	0.01
72271093045	2016	8	7	2	0	0.03
72271093045	2016	8	11	4	0	0.03
72271093045	2016	8	11	5	0	0.09
72271093045	2016	8	11	6	0	0.05
72271093045	2016	8	13	7	0	0.08
72271093045	2016	8	13	8	0	0.04
72271093045	2016	8	13	10	0	0.08
72271093045	2016	8	13	11	0	0.02
72271093045	2016	8	21	2	0	0.01
72271093045	2016	8	22	2	0	0.012
72271093045	2016	8	22	3	0	0.33
72271093045	2016	8	22	5	0	0.07
72271093045	2016	8	22	6	0	0.04
72271093045	2016	8	22	20	0	0.001
72271093045	2016	8	22	21	0	0.02
72271093045	2016	8	30	1	0	0.01
72271093045	2016	9	6	19	0	0.02
72271093045	2016	9	6	22	0	0.02
72271093045	2016	9	7	5	0	0.01
72271093045	2016	9	7	6	0	0.01
72271093045	2016	9	7	10	0	0.01
72271093045	2016	9	7	19	0	0.16
72271093045	2016	9	7	20	0	0.32
72271093045	2016	9	8	0	0	0.04
72271093045	2016	9	8	1	0	0.01
72271093045	2016	9	8	7	0	0.04
72271093045	2016	9	8	8	0	0.01
72271093045	2016	9	8	9	0	0.01
72271093045	2016	9	8	10	0	0.01
72271093045	2016	9	8	13	0	0.04
72271093045	2016	9	12	21	0	0.08
72271093045	2016	9	13	1	0	0.02
72271093045	2016	9	13	2	0	0.03
72271093045	2016	9	14	22	0	0.02
72271093045	2016	9	27	4	0	0.1
72271093045	2016	9	27	5	0	0.04
72271093045	2016	9	27	6	0	0.01
72271093045	2016	9	30	5	0	0.008
72271093045	2016	9	30	6	0	0.07
72271093045	2016	9	30	7	0	0.14
72271093045	2016	9	30	8	0	0.03
72271093045	2016	9	30	9	0	0.04
72271093045	2016	10	9	8	0	0.12
72271093045	2016	11	3	4	0	0.01
72271093045	2016	11	3	5	0	0.02
72271093045	2016	11	3	6	0	0.01
72271093045	2016	11	4	6	0	0.28
72271093045	2016	11	4	7	0	0.03
72271093045	2016	11	4	8	0	0.01
72271093045	2016	11	4	9	0	0.11
72271093045	2016	11	4	10	0	0.05
72271093045	2016	11	4	11	0	0.03
72271093045	2016	11	4	12	0	0.28
72271093045	2016	11	4	13	0	0.05
72271093045	2016	11	4	15	0	0.35
72271093045	2016	11	4	16	0	0.39
72271093045	2016	11	4	17	0	0.02
72271093045	2016	11	4	21	0	0.11
72271093045	2016	11	5	0	0	0.1
72271093045	2016	11	5	1	0	0.01
72271093045	2016	11	5	2	0	0.05
72271093045	2016	11	5	3	0	0.1
72271093045	2016	11	5	4	0	0.01
72271093045	2016	11	8	0	0	0.008
72271093045	2016	12	3	10	0	0.01
72271093045	2016	12	22	7	0	0.08
72271093045	2016	12	22	8	0	0.11
72271093045	2016	12	22	9	0	0.05
72271093045	2016	12	22	10	0	0.04
72271093045	2016	12	22	11	0	0.05
72271093045	2016	12	22	12	0	0.02
72271093045	2016	12	22	13	0	0.01
72271093045	2016	12	22	15	0	0.01
72271093045	2016	12	22	17	0	0.02
72271093045	2016	12	22	18	0	0.06
72271093045	2016	12	22	19	0	0.15
72271093045	2016	12	22	20	0	0.06
72271093045	2016	12	22	21	0	0.03
72271093045	2016	12	22	22	0	0.07
72271093045	2016	12	22	23	0	0.07
72271093045	2016	12	31	8	0	0.01
72271093045	2016	12	31	12	0	0.01
72271093045	2016	12	31	14	0	0.01
72271093045	2017	1	1	22	0	0.01
72271093045	2017	1	14	23	0	0.15
72271093045	2017	1	15	0	0	0.03
72271093045	2017	1	15	1	0	0.11
72271093045	2017	1	15	4	0	0.15
72271093045	2017	1	15	5	0	0.08
72271093045	2017	1	15	6	0	0.02
72271093045	2017	1	15	7	0	0.02
72271093045	2017	1	15	8	0	0.02
72271093045	2017	1	15	9	0	0.01
72271093045	2017	1	15	10	0	0.02
72271093045	2017	1	15	11	0	0.28
72271093045	2017	1	15	12	0	0.18
72271093045	2017	1	15	13	0	0.06
72271093045	2017	1	15	14	0	0.26
72271093045	2017	1	15	15	0	0.2
72271093045	2017	1	15	16	0	0.02
72271093045	2017	1	15	17	0	0.03
72271093045	2017	1	15	18	0	0.03
72271093045	2017	1	15	19	0	0.01
72271093045	2017	1	17	1	0	0.03
72271093045	2017	1	17	2	0	0.1
72271093045	2017	1	21	10	0	0.04
72271093045	2017	1	21	11	0	0.03
72271093045	2017	1	21	12	0	0.03
72271093045	2017	2	13	3	0	0.09
72271093045	2017	2	13	4	0	0.06
72271093045	2017	2	13	5	0	0.08
72271093045	2017	2	13	6	0	0.03
72271093045	2017	2	13	12	0	0.07
72271093045	2017	2	13	15	0	0.04
72271093045	2017	2	13	16	0	0.05
72271093045	2017	2	13	17	0	0.12
72271093045	2017	2	13	18	0	0.07
72271093045	2017	2	14	3	0	0.01
72271093045	2017	2	14	4	0	0.02
72271093045	2017	2	14	7	0	0.01
72271093045	2017	2	19	7	0	0.01
72271093045	2017	2	19	8	0	0.01
72271093045	2017	3	28	16	0	0.05
72271093045	2017	3	28	18	0	0.06
72271093045	2017	3	28	19	0	0.03
72271093045	2017	3	29	0	0	0.03
72271093045	2017	3	29	11	0	0.03
72271093045	2017	3	30	0	0	0.01
72271093045	2017	4	29	3	0	0.02
72271093045	2017	4	29	8	0	0.01
72271093045	2017	5	10	16	0	0.01
72271093045	2017	5	10	22	0	0.02
72271093045	2017	5	26	18	0	0.01
72271093045	2017	6	1	2	0	0.004
72271093045	2017	6	1	3	0	0.01
72271093045	2017	6	1	23	0	0.04
72271093045	2017	6	2	0	0	0.1
72271093045	2017	6	2	2	0	0.01
72271093045	2017	6	2	3	0	0.07
72271093045	2017	6	24	23	0	0.012
72271093045	2017	6	25	0	0	0.04
72271093045	2017	6	26	4	0	0.01
72271093045	2017	6	26	23	0	0.13
72271093045	2017	6	27	0	0	0.02
72271093045	2017	6	27	21	0	0.1
72271093045	2017	7	2	23	0	0.03
72271093045	2017	7	13	4	0	0.04
72271093045	2017	7	13	5	0	0.04
72271093045	2017	7	20	1	0	0.1
72271093045	2017	7	20	2	0	0.01
72271093045	2017	7	21	2	0	0.002
72271093045	2017	7	21	3	0	0.01
72271093045	2017	7	21	4	0	0.03
72271093045	2017	7	21	5	0	0.01
72271093045	2017	7	25	0	0	0.02
72271093045	2017	7	25	1	0	0.08
72271093045	2017	7	25	2	0	0.01
72271093045	2017	7	28	5	0	0.01
72271093045	2017	7	28	6	0	0.04
72271093045	2017	7	29	22	0	0.02
72271093045	2017	7	29	23	0	0.32
72271093045	2017	8	1	0	0	0.15
72271093045	2017	8	1	1	0	0.03
72271093045	2017	8	1	2	0	0.03
72271093045	2017	8	1	3	0	0.01
72271093045	2017	8	1	23	0	0.02
72271093045	2017	8	2	0	0	0.46
72271093045	2017	8	2	1	0	0.02
72271093045	2017	8	2	2	0	0.04
72271093045	2017	8	6	1	0	0.01
72271093045	2017	8	10	23	0	0.02
72271093045	2017	8	11	22	0	0.02
72271093045	2017	8	11	23	0	0.01
72271093045	2017	8	12	7	0	0.16
72271093045	2017	8	12	8	0	0.08
72271093045	2017	8	12	9	0	0.01
72271093045	2017	8	12	11	0	0.01
72271093045	2017	8	13	0	0	0.01
72271093045	2017	8	13	6	0	0.01
72271093045	2017	8	13	7	0	0.01
72271093045	2017	8	13	21	0	0.07
72271093045	2017	8	13	22	0	0.01
72271093045	2017	8	21	21	0	0.01
72271093045	2017	8	24	3	0	0.01
72271093045	2017	8	24	4	0	0.05
72271093045	2017	8	24	5	0	0.04
72271093045	2017	8	24	6	0	0.04
72271093045	2017	8	24	7	0	0.03
72271093045	2017	8	29	1	0	0.07
72271093045	2017	8	29	2	0	0.11
72271093045	2017	9	26	22	0	0.01
72271093045	2017	9	27	0	0	0.02
72271093045	2017	9	27	1	0	0.3
72271093045	2017	9	27	2	0	1.49
72271093045	2017	9	27	3	0	0.05
72271093045	2017	9	27	13	0	0.01
72271093045	2017	9	27	22	0	0.02
72271093045	2017	9	27	23	0	0.02
72271093045	2017	9	28	3	0	0.02
72271093045	2017	9	28	4	0	0.05
72271093045	2017	9	28	5	0	0.03
72271093045	2017	9	28	6	0	0.05
72271093045	2017	9	28	7	0	0.07
72271093045	2017	9	28	8	0	0.02
72271093045	2017	9	28	10	0	0.03
72271093045	2017	9	28	18	0	0.01
72271093045	2017	9	30	9	0	0.01
72271093045	2017	9	30	10	0	0.05
72271093045	2017	9	30	11	0	0.04
72271093045	2017	10	19	21	0	0.01
72271093045	2017	10	19	23	0	0.05
72271093045	2017	10	20	0	0	0.01
72271093045	2017	10	20	1	0	0.05
72271093045	2017	10	20	2	0	0.01
72271093045	2017	11	8	11	0	0.02
72271093045	2017	11	8	13	0	0.01
72271093045	2017	11	8	14	0	0.01
72271093045	2017	11	8	15	0	0.01
72271093045	2017	12	6	9	0	0.01
72271093045	2017	12	17	18	0	0.02
72271093045	2017	12	18	12	0	0.01
72271093045	2017	12	18	14	0	0.01
72271093045	2017	12	31	17	0	0.001
72271093045	2017	12	31	18	0	0.001
72271093045	2018	1	1	4	0	0.001
72271093045	2018	1	1	7	0	0.001
72271093045	2018	1	10	15	0	0.02
72271093045	2018	2	15	16	0	0.01
72271093045	2018	2	15	17	0	0.02
72271093045	2018	2	15	18	0	0.25
72271093045	2018	2	15	19	0	0.01
72271093045	2018	2	16	7	0	0.02
72271093045	2018	2	16	17	0	0.03
72271093045	2018	2	16	18	0	0.05
72271093045	2018	2	16	19	0	0.03
72271093045	2018	2	16	20	0	0.05
72271093045	2018	2	16	21	0	0.08
72271093045	2018	2	16	22	0	0.07
72271093045	2018	2	16	23	0	0.11
72271093045	2018	2	17	0	0	0.06
72271093045	2018	2	17	1	0	0.06
72271093045	2018	2	17	2	0	0.01
72271093045	2018	2	17	3	0	0.01
72271093045	2018	3	11	10	0	0.01
72271093045	2018	3	11	12	0	0.01
72271093045	2018	3	11	13	0	0.01
72271093045	2018	3	11	14	0	0.02
72271093045	2018	3	11	17	0	0.02
72271093045	2018	3	11	18	0	0.01
72271093045	2018	3	11	20	0	0.03
72271093045	2018	3	11	21	0	0.01
72271093045	2018	3	11	23	0	0.01
72271093045	2018	3	12	1	0	0.01
72271093045	2018	3	12	3	0	0.01
72271093045	2018	6	13	22	0	0.17
72271093045	2018	6	15	23	0	0.27
72271093045	2018	6	16	3	0	0.03
72271093045	2018	6	16	6	0	0.02
72271093045	2018	6	16	7	0	0.03
72271093045	2018	6	16	8	0	0.06
72271093045	2018	6	16	9	0	0.08
72271093045	2018	6	16	10	0	0.11
72271093045	2018	6	16	11	0	0.1
72271093045	2018	6	16	12	0	0.04
72271093045	2018	6	16	13	0	0.02
72271093045	2018	6	25	17	0	0.003
72271093045	2018	6	25	18	0	0.002
72271093045	2018	6	29	17	0	0.003
72271093045	2018	6	29	22	0	0.016
72271093045	2018	6	29	23	0	0.001
72271093045	2018	6	30	5	0	0.002
72271093045	2018	6	30	6	0	0.005
72271093045	2018	6	30	7	0	0.011
72271093045	2018	6	30	8	0	0.005
72271093045	2018	6	30	9	0	0.023
72271093045	2018	6	30	10	0	0.012
72271093045	2018	6	30	11	0	0.014
72271093045	2018	6	30	12	0	0.01
72271093045	2018	6	30	13	0	0.01
72271093045	2018	6	30	14	0	0.03
72271093045	2018	6	30	16	0	0.005
72271093045	2018	7	3	3	0	0.005
72271093045	2018	7	4	18	0	0.215
72271093045	2018	7	6	3	0	0.05
72271093045	2018	7	6	5	0	0.09
72271093045	2018	7	7	12	0	0.057
72271093045	2018	7	7	23	0	0.023
72271093045	2018	7	8	0	0	0.014
72271093045	2018	7	8	23	0	0.001
72271093045	2018	7	9	0	0	0.002
72271093045	2018	7	9	1	0	0.001
72271093045	2018	7	9	9	0	0.003
72271093045	2018	7	9	10	0	0.05
72271093045	2018	7	9	11	0	0.017
72271093045	2018	7	9	18	0	0.07
72271093045	2018	7	9	19	0	0.01
72271093045	2018	7	9	20	0	0.046
72271093045	2018	7	9	21	0	0.005
72271093045	2018	7	9	22	0	0.001
72271093045	2018	7	10	0	0	0.01
72271093045	2018	7	10	3	0	0.005
72271093045	2018	7	10	4	0	0.002
72271093045	2018	7	10	6	0	0.002
72271093045	2018	7	10	7	0	0.001
72271093045	2018	7	10	8	0	0.002
72271093045	2018	7	10	10	0	0.002
72271093045	2018	7	10	11	0	0.001
72271093045	2018	7	11	1	0	0.023
72271093045	2018	7	11	2	0	0.01
72271093045	2018	7	11	3	0	0.003
72271093045	2018	7	12	22	0	0.01
72271093045	2018	7	12	23	0	0.02
72271093045	2018	7	15	20	0	0.003
72271093045	2018	7	15	21	0	0.15
72271093045	2018	7	17	0	0	0.08
72271093045	2018	7	25	1	0	0.05
72271093045	2018	7	25	21	0	0.02
72271093045	2018	7	26	5	0	0.08
72271093045	2018	7	26	22	0	0.01
72271093045	2018	7	27	0	0	0.53
72271093045	2018	7	27	1	0	0.01
72271093045	2018	7	28	5	0	0.001
72271093045	2018	7	28	6	0	0.08
72271093045	2018	7	29	23	0	0.07
72271093045	2018	7	30	0	0	0.01
72271093045	2018	8	22	7	0	0.01
72271093045	2018	8	22	23	0	0.03
72271093045	2018	8	23	0	0	0.25
72271093045	2018	8	23	1	0	0.07
72271093045	2018	8	23	2	0	0.09
72271093045	2018	8	23	3	0	0.01
72271093045	2018	8	23	4	0	0.06
72271093045	2018	8	24	0	0	0.03
72271093045	2018	8	24	1	0	0.04
72271093045	2018	8	24	2	0	0.02
72271093045	2018	9	1	14	0	0.01
72271093045	2018	9	1	15	0	0.03
72271093045	2018	9	1	16	0	0.14
72271093045	2018	9	2	0	0	0.02
72271093045	2018	9	6	4	0	0.01
72271093045	2018	9	6	5	0	0.04
72271093045	2018	9	6	9	0	0.01
72271093045	2018	9	6	10	0	0.01
72271093045	2018	9	6	11	0	0.03
72271093045	2018	9	6	13	0	0.02
72271093045	2018	9	6	14	0	0.02
72271093045	2018	9	8	3	0	0.1
72271093045	2018	9	10	2	0	0.1
72271093045	2018	9	19	21	0	0.14
72271093045	2018	9	19	22	0	0.18
72271093045	2018	9	19	23	0	0.66
72271093045	2018	9	20	0	0	0.38
72271093045	2018	9	20	6	0	0.18
72271093045	2018	9	20	7	0	0.56
72271093045	2018	9	20	8	0	0.08
72271093045	2018	9	20	12	0	0.07
72271093045	2018	9	20	13	0	0.09
72271093045	2018	9	20	14	0	0.04
72271093045	2018	9	20	15	0	0.01
72271093045	2018	9	20	16	0	0.05
72271093045	2018	9	20	17	0	0.08
72271093045	2018	9	26	0	0	0.03
72271093045	2018	10	7	21	0	0.01
72271093045	2018	10	8	4	0	0.01
72271093045	2018	10	8	5	0	0.01
72271093045	2018	10	8	7	0	0.01
72271093045	2018	10	8	8	0	0.02
72271093045	2018	10	12	16	0	0.01
72271093045	2018	10	12	17	0	0.01
72271093045	2018	10	12	18	0	0.04
72271093045	2018	10	12	20	0	0.01
72271093045	2018	10	12	21	0	0.01
72271093045	2018	10	12	23	0	0.03
72271093045	2018	10	13	0	0	0.02
72271093045	2018	10	13	1	0	0.02
72271093045	2018	10	13	2	0	0.01
72271093045	2018	10	16	20	0	0.01
72271093045	2018	10	16	22	0	0.01
72271093045	2018	10	22	7	0	0.14
72271093045	2018	10	22	8	0	0.05
72271093045	2018	10	23	16	0	0.01
72271093045	2018	10	23	18	0	0.12
72271093045	2018	10	23	19	0	0.18
72271093045	2018	10	23	20	0	0.04
72271093045	2018	10	23	21	0	0.15
72271093045	2018	10	23	22	0	0.17
72271093045	2018	10	23	23	0	0.07
72271093045	2018	10	24	0	0	0.05
72271093045	2018	10	24	1	0	0.05
72271093045	2018	10	24	2	0	0.04
72271093045	2018	10	31	7	0	0.04
72271093045	2018	10	31	10	0	0.01
72271093045	2018	10	31	11	0	0.02
72271093045	2018	10	31	18	0	0.09
72271093045	2018	12	8	3	0	0.03
72271093045	2018	12	8	4	0	0.1
72271093045	2018	12	8	5	0	0.04
72271093045	2018	12	8	6	0	0.03
72271093045	2018	12	8	9	0	0.01
72271093045	2018	12	17	7	0	0.02
72271093045	2018	12	17	13	0	0.01
72271093045	2018	12	17	19	0	0.01
72271093045	2018	12	18	7	0	0.05
72271093045	2018	12	18	8	0	0.22
72271093045	2018	12	18	9	0	0.01
72271093045	2018	12	18	10	0	0.01
72271093045	2018	12	18	11	0	0.01
72271093045	2018	12	18	12	0	0.04
72271093045	2018	12	26	12	0	0.02
72271093045	2018	12	26	19	0	0.02
72271093045	2018	12	28	6	0	0.01
72271093045	2018	12	28	7	0	0.08
72271093045	2018	12	28	8	0	0.01
72271093045	2018	12	28	10	0	0.05
72271093045	2019	1	10	15	0	0.03
72271093045	2019	1	10	16	0	0.02
72271093045	2019	1	10	21	0	0.05
72271093045	2019	1	10	22	0	0.05
72271093045	2019	1	10	23	0	0.02
72271093045	2019	1	11	4	0	0.01
72271093045	2019	1	11	5	0	0.01
72271093045	2019	1	11	6	0	0.01
72271093045	2019	2	22	21	0	0.04
72271093045	2019	3	11	1	0	0.01
72271093045	2019	3	11	23	0	0.05
72271093045	2019	3	12	0	0	0.05
72271093045	2019	3	12	9	0	0.01
72271093045	2019	3	12	10	0	0.01
72271093045	2019	3	12	22	0	0.01
72271093045	2019	3	12	23	0	0.02
72271093045	2019	3	13	0	0	0.01
72271093045	2019	4	1	1	0	0.01
72271093045	2019	4	17	8	0	0.003
72271093045	2019	4	17	14	0	0.01
72271093045	2019	4	17	15	0	0.01
72271093045	2019	4	17	18	0	0.04
72271093045	2019	4	17	19	0	0.01
72271093045	2019	4	23	23	0	0.016
72271093045	2019	4	24	0	0	0.12
72271093045	2019	5	10	10	0	0.01
72271093045	2019	5	10	22	0	0.09
72271093045	2019	5	11	0	0	0.01
72271093045	2019	5	11	19	0	0.04
72271093045	2019	5	11	20	0	0.03
72271093045	2019	6	5	22	0	0.05
72271093045	2019	6	5	23	0	0.02
72271093045	2019	6	13	20	0	0.01
72271093045	2019	6	13	21	0	0.01
72271093045	2019	6	28	3	0	0.01
72271093045	2019	6	28	4	0	0.01
72271093045	2019	7	7	0	0	0.39
72271093045	2019	7	7	1	0	0.16
72271093045	2019	7	8	1	0	0.15
72271093045	2019	7	8	2	0	0.03
72271093045	2019	7	12	0	0	0.02
72271093045	2019	7	12	1	0	0.08
72271093045	2019	7	12	3	0	0.01
72271093045	2019	7	16	20	0	0.02
72271093045	2019	7	18	5	0	0.01
72271093045	2019	7	22	23	0	0.01
72271093045	2019	7	23	7	0	0.01
72271093045	2019	7	30	0	0	0.14
72271093045	2019	7	31	21	0	0.03
72271093045	2019	8	4	6	0	0.05
72271093045	2019	8	8	3	0	0.03
72271093045	2019	8	10	1	0	0.01
72271093045	2019	8	10	10	0	0.14
72271093045	2019	8	10	11	0	0.78
72271093045	2019	8	10	12	0	0.13
72271093045	2019	8	14	22	0	0.02
72271093045	2019	8	14	23	0	0.01
72271093045	2019	8	21	22	0	0.02
72271093045	2019	8	28	8	0	0.01
72271093045	2019	8	31	6	0	0.75
72271093045	2019	8	31	7	0	0.14
72271093045	2019	8	31	8	0	0.01
72271093045	2019	9	8	22	0	0.04
72271093045	2019	9	10	22	0	0.01
72271093045	2019	9	14	21	0	0.01
72271093045	2019	9	15	2	0	0.01
72271093045	2019	9	15	3	0	0.11
72271093045	2019	9	15	5	0	0.01
72271093045	2019	9	15	6	0	0.13
72271093045	2019	9	15	7	0	0.12
72271093045	2019	9	15	8	0	0.03
72271093045	2019	9	15	12	0	0.01
72271093045	2019	9	15	13	0	0.01
72271093045	2019	9	15	15	0	0.04
72271093045	2019	9	19	22	0	0.01
72271093045	2019	9	20	0	0	0.02
72271093045	2019	9	20	1	0	0.014
72271093045	2019	9	24	11	0	0.01
72271093045	2019	10	3	4	0	0.07
72271093045	2019	10	3	5	0	0.01
72271093045	2019	10	4	5	0	0.04
72271093045	2019	10	4	6	0	0.03
72271093045	2019	10	4	7	0	0.09
72271093045	2019	10	4	8	0	0.16
72271093045	2019	10	4	9	0	0.06
72271093045	2019	10	4	10	0	0.04
72271093045	2019	10	4	11	0	0.01
72271093045	2019	10	4	12	0	0.03
72271093045	2019	11	5	23	0	0.003
72271093045	2019	11	6	0	0	0.01
72271093045	2019	11	6	19	0	0.01
72271093045	2019	11	6	20	0	0.02
72271093045	2019	11	7	1	0	0.01
72271093045	2019	11	7	2	0	0.05
72271093045	2019	11	7	3	0	0.08
72271093045	2019	11	7	12	0	0.03
72271093045	2019	11	20	2	0	0.013
72271093045	2019	11	20	8	0	0.08
72271093045	2019	11	20	9	0	0.07
72271093045	2019	11	20	10	0	0.22
72271093045	2019	11	20	11	0	0.05
72271093045	2019	11	21	16	0	0.09
72271093045	2019	11	21	17	0	0.08
72271093045	2019	11	21	18	0	0.01
72271093045	2019	11	21	19	0	0.03
72271093045	2019	11	21	21	0	0.03
72271093045	2019	11	27	22	0	0.003
72271093045	2019	11	27	23	0	0.025
72271093045	2019	11	28	0	0	0.017
72271093045	2019	11	28	1	0	0.058
72271093045	2019	11	28	2	0	0.088
72271093045	2019	11	28	3	0	0.064
72271093045	2019	11	28	4	0	0.145
72271093045	2019	11	28	5	0	0.142
72271093045	2019	11	28	6	0	0.105
72271093045	2019	11	28	7	0	0.021
72271093045	2019	11	28	8	0	0.105
72271093045	2019	11	28	9	0	0.078
72271093045	2019	11	28	10	0	0.095
72271093045	2019	11	28	11	0	0.069
72271093045	2019	11	28	12	0	0.007
72271093045	2019	11	28	13	0	0.011
72271093045	2019	11	28	14	0	0.049
72271093045	2019	11	28	15	0	0.085
72271093045	2019	11	28	16	0	0.122
72271093045	2019	11	28	17	0	0.08
72271093045	2019	11	28	18	0	0.01
72271093045	2019	11	28	22	0	0.01
72271093045	2019	11	29	0	0	0.02
72271093045	2019	11	29	3	0	0.04
72271093045	2019	11	29	4	0	0.13
72271093045	2019	11	29	5	0	0.08
72271093045	2019	11	29	6	0	0.02
72271093045	2019	11	29	8	0	0.001
72271093045	2019	11	29	9	0	0.06
72271093045	2019	11	29	11	0	0.03
72271093045	2019	11	29	13	0	0.13
72271093045	2019	11	29	14	0	0.01
72271093045	2019	11	29	19	0	0.07
72271093045	2019	12	24	20	0	0.01
72271093045	2019	12	24	21	0	0.03
72271093045	2019	12	24	22	0	0.13
72271093045	2020	1	2	12	0	0.01
72271093045	2020	1	10	12	0	0.02
72271093045	2020	1	10	13	0	0.01
72271093045	2020	1	16	16	0	0.01
72271093045	2020	1	16	18	0	0.01
72271093045	2020	1	16	20	0	0.01
72271093045	2020	1	21	16	0	0.01
72271093045	2020	1	21	17	0	0.01
72271093045	2020	1	21	18	0	0.01
72271093045	2020	2	10	11	0	0.01
72271093045	2020	2	10	12	0	0.06
72271093045	2020	2	10	13	0	0.04
72271093045	2020	2	10	14	0	0.05
72271093045	2020	2	10	15	0	0.02
72271093045	2020	2	11	3	0	0.27
72271093045	2020	2	11	5	0	0.03
72271093045	2020	2	11	6	0	0.07
72271093045	2020	2	11	12	0	0.01
72271093045	2020	2	11	16	0	0.01
72271093045	2020	2	11	17	0	0.08
72271093045	2020	2	11	18	0	0.04
72271093045	2020	2	11	19	0	0.06
72271093045	2020	2	11	20	0	0.07
72271093045	2020	2	11	21	0	0.03
72271093045	2020	2	11	22	0	0.03
72271093045	2020	2	11	23	0	0.03
72271093045	2020	2	12	0	0	0.03
72271093045	2020	2	12	2	0	0.01
72271093045	2020	2	22	11	0	0.01
72271093045	2020	3	8	16	0	0.01
72271093045	2020	3	8	17	0	0.01
72271093045	2020	3	8	18	0	0.07
72271093045	2020	3	8	19	0	0.02
72271093045	2020	3	8	20	0	0.03
72271093045	2020	3	8	21	0	0.04
72271093045	2020	3	8	23	0	0.02
72271093045	2020	3	11	9	0	0.01
72271093045	2020	3	11	10	0	0.01
72271093045	2020	3	13	6	0	0.01
72271093045	2020	3	13	10	0	0.02
72271093045	2020	3	13	11	0	0.02
72271093045	2020	3	13	19	0	0.01
72271093045	2020	3	18	19	0	0.01
72271093045	2020	3	18	20	0	0.01
72271093045	2020	3	18	22	0	0.01
72271093045	2020	3	18	23	0	0.03
72271093045	2020	3	19	0	0	0.04
72271093045	2020	3	19	1	0	0.02
72271093045	2020	3	19	3	0	0.03
72271093045	2020	3	19	4	0	0.15
72271093045	2020	5	11	21	0	0.01
72271093045	2020	5	12	0	0	0.02
72271093045	2020	6	6	4	0	0.15
72271093045	2020	6	6	13	0	0.01
72271093045	2020	6	11	22	0	0.25
72271093045	2020	6	11	23	0	0.04
72271093045	2020	6	12	0	0	0.03
72271093045	2020	6	12	1	0	0.04
72271093045	2020	6	24	0	0	0.02
72271093045	2020	7	4	22	0	0.03
72271093045	2020	7	17	8	0	0.01
72271093045	2020	7	18	5	0	0.02
72271093045	2020	7	22	22	0	0.01
72271093045	2020	7	23	3	0	0.06
72271093045	2020	7	23	4	0	0.03
72271093045	2020	7	23	9	0	0.02
72271093045	2020	7	24	9	0	0.07
72271093045	2020	7	24	10	0	0.01
72271093045	2020	7	24	11	0	0.01
72271093045	2020	7	25	0	0	0.19
72271093045	2020	7	25	1	0	0.01
72271093045	2020	7	25	2	0	0.03
72271093045	2020	7	25	3	0	0.06
72271093045	2020	7	25	4	0	0.01
72271093045	2020	7	26	23	0	0.008
72271093045	2020	7	27	0	0	1.12
72271093045	2020	7	27	1	0	0.2
72271093045	2020	7	27	2	0	0.26
72271093045	2020	7	27	3	0	0.12
72271093045	2020	8	3	0	0	0.01
72271093045	2020	8	17	3	0	0.01
72271093045	2020	8	17	23	0	0.01
72271093045	2020	8	23	5	0	0.01
72271093045	2020	8	23	6	0	0.12
72271093045	2020	8	24	1	0	0.3
72271093045	2020	8	25	2	0	0.1
72271093045	2020	8	25	4	0	0.02
72271093045	2020	8	25	5	0	0.01
72271093045	2020	9	1	0	0	0.23
72271093045	2020	9	9	6	0	0.01
72271093045	2020	9	9	7	0	0.05
72271093045	2020	9	9	8	0	0.31
72271093045	2020	9	9	9	0	0.01
72271093045	2020	9	9	17	0	0.01
72271093045	2020	9	9	21	0	0.01
72271093045	2020	9	10	2	0	0.05
72271093045	2020	9	10	3	0	0.05
72271093045	2020	10	27	1	0	0.03
72271093045	2020	10	27	2	0	0.02
72271093045	2020	10	27	3	0	0.01
72271093045	2020	10	27	5	0	0.03
72271093045	2020	10	27	6	0	0.01
72271093045	2020	10	27	7	0	0.02
72271093045	2020	10	27	9	0	0.03
72271093045	2020	10	27	10	0	0.01
72271093045	2020	10	27	11	0	0.04
72271093045	2020	10	27	12	0	0.01
72271093045	2020	10	27	13	0	0.01
72271093045	2020	10	28	1	0	0.01
72271093045	2020	10	28	3	0	0.03
72271093045	2020	10	28	4	0	0.01
72271093045	2020	10	28	5	0	0.01
72271093045	2020	11	8	7	0	0.15
72271093045	2020	11	8	8	0	0.01
72271093045	2020	11	8	9	0	0.01
72271093045	2020	12	10	8	0	0.02
72271093045	2020	12	10	11	0	0.02
72271093045	2020	12	10	12	0	0.04
72271093045	2020	12	10	13	0	0.07
72271093045	2020	12	10	14	0	0.1
72271093045	2020	12	10	15	0	0.1
72271093045	2020	12	10	16	0	0.03
72271093045	2021	1	24	22	0	0.01
72271093045	2021	1	26	17	0	0.01
72271093045	2021	2	14	13	0	0.01
72271093045	2021	2	14	14	0	0.03
72271093045	2021	2	14	16	0	0.02
72271093045	2021	2	14	17	0	0.03
72271093045	2021	2	14	20	0	0.01
72271093045	2021	2	16	17	0	0.03
72271093045	2021	2	16	21	0	0.01
72271093045	2021	3	24	20	0	0.01
72271093045	2021	3	24	21	0	0.05
72271093045	2021	4	18	1	0	0.01
72271093045	2021	4	28	12	0	0.01
72271093045	2021	4	28	17	0	0.01
72271093045	2021	4	29	10	0	0.01
72271093045	2021	4	29	11	0	0.003
72271093045	2021	4	29	12	0	0.07
72271093045	2021	4	29	13	0	0.01
72271093045	2021	4	29	14	0	0.1
72271093045	2021	4	29	15	0	0.03
72271093045	2021	5	19	11	0	0.01
72271093045	2021	5	20	1	0	0.07
72271093045	2021	6	6	0	0	0.01
72271093045	2021	6	27	21	0	0.52
72271093045	2021	6	28	11	0	0.02
72271093045	2021	6	28	13	0	0.02
72271093045	2021	6	28	14	0	0.04
72271093045	2021	6	28	15	0	0.01
72271093045	2021	6	28	17	0	0.06
72271093045	2021	6	28	18	0	0.08
72271093045	2021	6	28	19	0	0.03
72271093045	2021	6	28	20	0	0.03
72271093045	2021	6	29	3	0	0.01
72271093045	2021	6	29	15	0	0.01
72271093045	2021	6	29	21	0	0.18
72271093045	2021	6	29	22	0	0.31
72271093045	2021	6	30	9	0	0.01
72271093045	2021	6	30	10	0	0.03
72271093045	2021	6	30	11	0	0.2
72271093045	2021	6	30	12	0	0.07
72271093045	2021	6	30	13	0	0.06
72271093045	2021	6	30	14	0	0.08
72271093045	2021	7	6	8	0	0.02
72271093045	2021	7	6	9	0	0.023
72271093045	2021	7	7	5	0	0.01
72271093045	2021	7	7	6	0	0.11
72271093045	2021	7	7	7	0	0.21
72271093045	2021	7	7	8	0	0.18
72271093045	2021	7	7	9	0	0.02
72271093045	2021	7	7	10	0	0.01
72271093045	2021	7	12	3	0	0.05
72271093045	2021	7	15	23	0	0.001
72271093045	2021	7	16	0	0	0.02
72271093045	2021	7	16	1	0	0.016
72271093045	2021	7	16	2	0	0.006
72271093045	2021	7	16	3	0	0.001
72271093045	2021	7	16	10	0	0.003
72271093045	2021	7	17	9	0	0.009
72271093045	2021	7	18	0	0	0.001
72271093045	2021	7	18	1	0	0.001
72271093045	2021	7	18	10	0	0.24
72271093045	2021	7	19	0	0	0.03
72271093045	2021	7	24	1	0	0.05
72271093045	2021	7	24	2	0	0.03
72271093045	2021	8	4	3	0	0.95
72271093045	2021	8	4	4	0	0.25
72271093045	2021	8	5	4	0	0.44
72271093045	2021	8	5	5	0	0.01
72271093045	2021	8	7	20	0	0.03
72271093045	2021	8	7	21	0	0.02
72271093045	2021	8	13	6	0	0.01
72271093045	2021	8	13	7	0	0.06
72271093045	2021	8	13	22	0	0.07
72271093045	2021	8	14	4	0	0.23
72271093045	2021	8	14	7	0	0.1
72271093045	2021	8	14	8	0	0.02
72271093045	2021	8	14	9	0	0.02
72271093045	2021	8	14	10	0	0.13
72271093045	2021	8	14	11	0	0.06
72271093045	2021	8	14	14	0	0.02
72271093045	2021	8	14	16	0	0.02
72271093045	2021	8	14	17	0	0.04
72271093045	2021	8	15	2	0	0.01
72271093045	2021	8	23	4	0	0.11
72271093045	2021	9	1	22	0	0.02
72271093045	2021	9	4	13	0	0.02
72271093045	2021	9	4	14	0	0.11
72271093045	2021	9	4	15	0	0.05
72271093045	2021	9	14	23	0	0.07
72271093045	2021	9	24	8	0	0.003
72271093045	2021	9	24	9	0	0.02
72271093045	2021	9	25	18	0	0.04
72271093045	2021	9	25	19	0	0.02
72271093045	2021	9	25	22	0	0.11
72271093045	2021	9	25	23	0	0.03
72271093045	2021	9	26	1	0	0.01
72271093045	2021	9	26	2	0	0.05
72271093045	2021	9	26	4	0	0.01
72271093045	2021	9	27	0	0	0.1
72271093045	2021	9	27	20	0	0.07
72271093045	2021	9	28	12	0	0.03
72271093045	2021	9	30	21	0	0.017
72271093045	2021	9	30	22	0	0.019
72271093045	2021	10	6	10	0	0.008
72271093045	2021	10	6	15	0	0.016
72271093045	2021	12	31	15	0	0.02
