72272523078	2006	1	25	6	0	0.03
72272523078	2006	1	25	7	0	0.06
72272523078	2006	1	25	8	0	0.01
72272523078	2006	1	25	10	0	0.12
72272523078	2006	1	25	11	0	0.06
72272523078	2006	1	25	14	0	0.01
72272523078	2006	2	23	23	0	0.01
72272523078	2006	2	24	1	0	0.01
72272523078	2006	2	24	2	0	0.01
72272523078	2006	2	25	0	0	0.06
72272523078	2006	5	16	5	0	0.01
72272523078	2006	5	16	17	0	0.001
72272523078	2006	6	2	3	0	0.13
72272523078	2006	6	2	4	0	0.05
72272523078	2006	6	2	6	0	0.03
72272523078	2006	6	9	0	0	0.02
72272523078	2006	6	10	2	0	0.01
72272523078	2006	6	10	3	0	0.03
72272523078	2006	6	22	1	0	0.01
72272523078	2006	6	24	0	0	0.15
72272523078	2006	6	24	1	0	0.09
72272523078	2006	6	24	2	0	0.03
72272523078	2006	6	26	0	0	0.05
72272523078	2006	6	26	1	0	0.03
72272523078	2006	6	26	2	0	0.01
72272523078	2006	7	5	2	0	0.12
72272523078	2006	7	5	3	0	0.02
72272523078	2006	7	5	4	0	0.11
72272523078	2006	7	5	5	0	0.05
72272523078	2006	7	7	1	0	0.02
72272523078	2006	7	7	2	0	0.04
72272523078	2006	7	7	10	0	0.01
72272523078	2006	7	7	12	0	0.01
72272523078	2006	7	7	13	0	0.03
72272523078	2006	7	7	14	0	0.01
72272523078	2006	7	9	1	0	0.19
72272523078	2006	7	9	2	0	0.8
72272523078	2006	7	9	3	0	0.05
72272523078	2006	7	9	5	0	0.01
72272523078	2006	7	19	5	0	0.06
72272523078	2006	7	19	7	0	0.02
72272523078	2006	7	19	8	0	0.01
72272523078	2006	7	19	9	0	0.02
72272523078	2006	7	23	23	0	0.11
72272523078	2006	7	28	22	0	0.02
72272523078	2006	7	28	23	0	0.08
72272523078	2006	7	29	9	0	0.21
72272523078	2006	7	29	10	0	0.13
72272523078	2006	7	29	11	0	0.01
72272523078	2006	7	29	19	0	0.01
72272523078	2006	7	29	22	0	0.01
72272523078	2006	7	30	14	0	0.02
72272523078	2006	7	30	17	0	0.01
72272523078	2006	7	31	0	0	0.02
72272523078	2006	7	31	8	0	0.01
72272523078	2006	7	31	14	0	0.001
72272523078	2006	7	31	15	0	0.04
72272523078	2006	7	31	19	0	0.01
72272523078	2006	8	1	4	0	0.01
72272523078	2006	8	1	19	0	0.1
72272523078	2006	8	1	23	0	0.01
72272523078	2006	8	2	0	0	0.22
72272523078	2006	8	2	1	0	0.02
72272523078	2006	8	3	21	0	0.01
72272523078	2006	8	3	22	0	0.05
72272523078	2006	8	4	11	0	0.02
72272523078	2006	8	4	12	0	0.01
72272523078	2006	8	4	15	0	0.81
72272523078	2006	8	4	16	0	0.07
72272523078	2006	8	4	17	0	0.01
72272523078	2006	8	4	18	0	0.01
72272523078	2006	8	4	19	0	0.01
72272523078	2006	8	4	20	0	0.13
72272523078	2006	8	4	21	0	0.12
72272523078	2006	8	4	22	0	0.05
72272523078	2006	8	5	9	0	0.01
72272523078	2006	8	6	0	0	0.33
72272523078	2006	8	6	23	0	0.01
72272523078	2006	8	15	2	0	0.22
72272523078	2006	8	15	3	0	0.02
72272523078	2006	8	15	4	0	0.04
72272523078	2006	8	15	19	0	0.42
72272523078	2006	8	15	20	0	0.02
72272523078	2006	8	15	21	0	0.06
72272523078	2006	8	16	19	0	0.21
72272523078	2006	8	16	20	0	0.04
72272523078	2006	8	17	0	0	0.26
72272523078	2006	8	17	1	0	0.12
72272523078	2006	8	17	2	0	0.02
72272523078	2006	8	21	22	0	0.2
72272523078	2006	8	21	23	0	0.34
72272523078	2006	8	22	7	0	0.03
72272523078	2006	8	29	5	0	0.01
72272523078	2006	8	29	6	0	0.02
72272523078	2006	8	29	9	0	0.01
72272523078	2006	8	31	11	0	0.01
72272523078	2006	8	31	12	0	0.02
72272523078	2006	9	2	0	0	0.14
72272523078	2006	9	2	1	0	0.13
72272523078	2006	9	2	2	0	0.06
72272523078	2006	9	2	19	0	0.01
72272523078	2006	9	3	3	0	0.03
72272523078	2006	9	3	4	0	0.03
72272523078	2006	9	3	5	0	0.01
72272523078	2006	9	3	7	0	0.01
72272523078	2006	9	3	8	0	0.01
72272523078	2006	9	3	9	0	0.01
72272523078	2006	9	3	10	0	0.07
72272523078	2006	9	3	11	0	0.11
72272523078	2006	9	3	12	0	0.07
72272523078	2006	9	3	13	0	0.11
72272523078	2006	9	3	14	0	0.21
72272523078	2006	9	3	15	0	0.1
72272523078	2006	9	3	16	0	0.14
72272523078	2006	9	3	17	0	0.1
72272523078	2006	9	3	18	0	0.04
72272523078	2006	9	3	19	0	0.01
72272523078	2006	9	3	22	0	0.01
72272523078	2006	9	4	1	0	0.01
72272523078	2006	9	4	2	0	0.01
72272523078	2006	9	4	3	0	0.02
72272523078	2006	9	4	4	0	0.07
72272523078	2006	9	4	5	0	0.05
72272523078	2006	9	4	6	0	0.05
72272523078	2006	9	4	7	0	0.03
72272523078	2006	9	4	8	0	0.01
72272523078	2006	9	4	9	0	0.04
72272523078	2006	9	4	10	0	0.01
72272523078	2006	9	4	13	0	0.06
72272523078	2006	9	4	14	0	0.01
72272523078	2006	9	6	10	0	0.01
72272523078	2006	9	13	2	0	0.3
72272523078	2006	9	13	3	0	0.14
72272523078	2006	9	13	4	0	0.01
72272523078	2006	9	13	9	0	0.07
72272523078	2006	9	13	10	0	0.02
72272523078	2006	9	13	20	0	0.08
72272523078	2006	9	13	21	0	0.03
72272523078	2006	9	14	2	0	0.003
72272523078	2006	9	14	3	0	0.12
72272523078	2006	9	14	4	0	0.01
72272523078	2006	9	14	10	0	0.01
72272523078	2006	9	24	4	0	0.19
72272523078	2006	9	24	9	0	0.01
72272523078	2006	10	7	4	0	0.09
72272523078	2006	10	7	5	0	0.03
72272523078	2006	10	7	6	0	0.01
72272523078	2006	10	7	11	0	0.01
72272523078	2006	10	7	20	0	0.003
72272523078	2006	10	7	21	0	0.04
72272523078	2006	10	7	22	0	0.01
72272523078	2006	10	8	7	0	0.01
72272523078	2006	10	9	12	0	0.08
72272523078	2006	10	9	14	0	0.03
72272523078	2006	10	9	23	0	0.51
72272523078	2006	10	10	0	0	0.03
72272523078	2006	10	10	2	0	0.06
72272523078	2006	10	10	3	0	0.03
72272523078	2006	10	10	5	0	0.01
72272523078	2006	10	14	11	0	0.01
72272523078	2006	10	14	12	0	0.03
72272523078	2006	10	14	13	0	0.03
72272523078	2006	10	14	14	0	0.03
72272523078	2006	10	14	15	0	0.03
72272523078	2006	10	14	16	0	0.04
72272523078	2006	10	14	17	0	0.02
72272523078	2006	10	14	22	0	0.01
72272523078	2006	10	15	9	0	0.14
72272523078	2006	10	15	12	0	0.01
72272523078	2006	10	18	17	0	0.01
72272523078	2006	10	18	19	0	0.02
72272523078	2006	10	18	20	0	0.02
72272523078	2006	10	18	21	0	0.02
72272523078	2006	10	24	12	0	0.1
72272523078	2006	10	24	13	0	0.04
72272523078	2006	10	24	14	0	0.02
72272523078	2006	10	25	10	0	0.01
72272523078	2006	11	27	18	0	0.02
72272523078	2006	11	27	19	0	0.03
72272523078	2006	11	27	20	0	0.01
72272523078	2006	12	19	13	0	0.01
72272523078	2006	12	19	16	0	0.01
72272523078	2006	12	19	17	0	0.02
72272523078	2006	12	19	20	0	0.03
72272523078	2006	12	30	2	0	0.01
72272523078	2007	1	4	17	0	0.01
72272523078	2007	1	11	4	0	0.04
72272523078	2007	1	11	5	0	0.04
72272523078	2007	1	11	8	0	0.01
72272523078	2007	1	12	16	0	0.01
72272523078	2007	1	12	19	0	0.06
72272523078	2007	1	12	20	0	0.01
72272523078	2007	1	12	22	0	0.01
72272523078	2007	1	19	6	0	0.01
72272523078	2007	1	19	7	0	0.03
72272523078	2007	1	19	8	0	0.01
72272523078	2007	1	19	9	0	0.01
72272523078	2007	1	19	10	0	0.01
72272523078	2007	1	19	11	0	0.01
72272523078	2007	1	19	13	0	0.05
72272523078	2007	1	19	14	0	0.03
72272523078	2007	1	19	17	0	0.01
72272523078	2007	1	19	18	0	0.01
72272523078	2007	1	19	19	0	0.03
72272523078	2007	1	19	20	0	0.04
72272523078	2007	1	22	11	0	0.01
72272523078	2007	1	22	14	0	0.01
72272523078	2007	1	26	2	0	0.01
72272523078	2007	1	26	5	0	0.03
72272523078	2007	1	26	6	0	0.06
72272523078	2007	1	26	7	0	0.01
72272523078	2007	1	26	8	0	0.03
72272523078	2007	1	26	9	0	0.02
72272523078	2007	1	30	15	0	0.004
72272523078	2007	1	30	16	0	0.001
72272523078	2007	1	30	20	0	0.01
72272523078	2007	1	31	0	0	0.02
72272523078	2007	1	31	1	0	0.01
72272523078	2007	1	31	2	0	0.05
72272523078	2007	1	31	3	0	0.05
72272523078	2007	1	31	4	0	0.01
72272523078	2007	2	1	1	0	0.01
72272523078	2007	2	1	23	0	0.01
72272523078	2007	2	2	5	0	0.01
72272523078	2007	2	14	0	0	0.01
72272523078	2007	2	14	19	0	0.01
72272523078	2007	3	21	22	0	0.02
72272523078	2007	4	13	11	0	0.03
72272523078	2007	4	29	1	0	0.13
72272523078	2007	4	29	2	0	0.1
72272523078	2007	4	29	3	0	0.17
72272523078	2007	4	29	4	0	0.19
72272523078	2007	4	30	7	0	0.01
72272523078	2007	5	9	0	0	0.14
72272523078	2007	5	9	20	0	0.02
72272523078	2007	5	9	21	0	0.03
72272523078	2007	5	16	1	0	0.02
72272523078	2007	5	16	3	0	0.12
72272523078	2007	5	16	4	0	0.02
72272523078	2007	5	16	5	0	0.01
72272523078	2007	5	17	7	0	0.01
72272523078	2007	5	19	1	0	0.01
72272523078	2007	5	26	2	0	0.04
72272523078	2007	5	26	3	0	0.05
72272523078	2007	5	26	4	0	0.01
72272523078	2007	6	11	3	0	0.06
72272523078	2007	6	11	4	0	0.01
72272523078	2007	6	11	5	0	0.01
72272523078	2007	6	11	17	0	0.01
72272523078	2007	6	11	20	0	0.01
72272523078	2007	6	11	21	0	0.03
72272523078	2007	6	11	22	0	0.01
72272523078	2007	6	27	23	0	0.05
72272523078	2007	6	28	1	0	0.01
72272523078	2007	6	30	6	0	0.02
72272523078	2007	7	11	0	0	0.32
72272523078	2007	7	11	1	0	0.02
72272523078	2007	7	11	2	0	0.04
72272523078	2007	7	11	3	0	0.11
72272523078	2007	7	11	4	0	0.07
72272523078	2007	7	11	5	0	0.01
72272523078	2007	7	11	6	0	0.02
72272523078	2007	7	14	8	0	0.01
72272523078	2007	7	14	9	0	0.01
72272523078	2007	7	21	20	0	0.003
72272523078	2007	7	21	21	0	0.09
72272523078	2007	7	22	9	0	0.03
72272523078	2007	7	30	4	0	0.12
72272523078	2007	8	1	6	0	0.02
72272523078	2007	8	1	22	0	0.01
72272523078	2007	8	1	23	0	0.01
72272523078	2007	8	2	1	0	0.02
72272523078	2007	8	3	7	0	0.02
72272523078	2007	8	3	8	0	0.01
72272523078	2007	8	4	2	0	0.13
72272523078	2007	8	4	3	0	0.04
72272523078	2007	8	4	4	0	0.12
72272523078	2007	8	5	23	0	0.21
72272523078	2007	8	20	23	0	0.04
72272523078	2007	8	22	4	0	0.07
72272523078	2007	8	23	1	0	0.03
72272523078	2007	8	23	4	0	0.04
72272523078	2007	8	23	5	0	0.02
72272523078	2007	8	25	17	0	0.01
72272523078	2007	8	29	23	0	0.07
72272523078	2007	8	30	0	0	0.15
72272523078	2007	9	2	1	0	0.01
72272523078	2007	9	6	9	0	0.03
72272523078	2007	9	6	10	0	0.02
72272523078	2007	9	6	11	0	0.04
72272523078	2007	9	6	12	0	0.06
72272523078	2007	9	6	13	0	0.1
72272523078	2007	9	6	14	0	0.02
72272523078	2007	9	6	16	0	0.01
72272523078	2007	9	6	17	0	0.03
72272523078	2007	9	7	7	0	0.01
72272523078	2007	9	9	21	0	0.03
72272523078	2007	9	9	22	0	0.01
72272523078	2007	9	10	0	0	0.11
72272523078	2007	9	10	1	0	0.2
72272523078	2007	9	10	2	0	0.04
72272523078	2007	9	10	3	0	0.01
72272523078	2007	9	12	23	0	0.01
72272523078	2007	9	13	0	0	0.01
72272523078	2007	9	20	10	0	0.01
72272523078	2007	9	20	11	0	0.01
72272523078	2007	9	20	12	0	0.01
72272523078	2007	9	20	13	0	0.03
72272523078	2007	9	20	18	0	0.14
72272523078	2007	9	23	3	0	0.02
72272523078	2007	10	1	16	0	0.01
72272523078	2007	10	1	22	0	0.02
72272523078	2007	10	2	3	0	0.01
72272523078	2007	10	11	2	0	0.03
72272523078	2007	11	16	16	0	0.01
72272523078	2007	11	24	2	0	0.02
72272523078	2007	11	24	3	0	0.01
72272523078	2007	11	24	4	0	0.02
72272523078	2007	11	24	5	0	0.02
72272523078	2007	11	24	10	0	0.03
72272523078	2007	11	24	14	0	0.01
72272523078	2007	12	1	0	0	0.05
72272523078	2007	12	1	1	0	0.01
72272523078	2007	12	1	2	0	0.02
72272523078	2007	12	1	3	0	0.01
72272523078	2007	12	1	6	0	0.01
72272523078	2007	12	1	11	0	0.08
72272523078	2007	12	10	12	0	0.02
72272523078	2007	12	10	13	0	0.02
72272523078	2007	12	10	14	0	0.02
72272523078	2007	12	10	15	0	0.04
72272523078	2007	12	10	18	0	0.09
72272523078	2007	12	10	19	0	0.13
72272523078	2007	12	10	20	0	0.05
72272523078	2007	12	11	0	0	0.01
72272523078	2007	12	12	1	0	0.02
72272523078	2007	12	12	2	0	0.01
72272523078	2007	12	12	7	0	0.02
72272523078	2007	12	12	14	0	0.01
72272523078	2008	1	24	21	0	0.02
72272523078	2008	1	27	13	0	0.01
72272523078	2008	1	28	2	0	0.01
72272523078	2008	1	28	11	0	0.01
72272523078	2008	1	28	14	0	0.01
72272523078	2008	2	15	23	0	0.04
72272523078	2008	2	16	0	0	0.13
72272523078	2008	2	16	1	0	0.02
72272523078	2008	5	15	21	0	0.01
72272523078	2008	5	15	23	0	0.01
72272523078	2008	6	21	23	0	0.011
72272523078	2008	6	22	0	0	0.01
72272523078	2008	6	22	2	0	0.01
72272523078	2008	6	28	0	0	0.04
72272523078	2008	6	28	1	0	0.02
72272523078	2008	7	3	1	0	0.03
72272523078	2008	7	4	7	0	0.01
72272523078	2008	7	7	8	0	0.02
72272523078	2008	7	7	21	0	0.17
72272523078	2008	7	7	23	0	0.01
72272523078	2008	7	8	0	0	0.17
72272523078	2008	7	8	1	0	0.01
72272523078	2008	7	8	3	0	0.01
72272523078	2008	7	8	12	0	0.02
72272523078	2008	7	8	13	0	0.01
72272523078	2008	7	8	20	0	0.007
72272523078	2008	7	8	21	0	0.1
72272523078	2008	7	8	22	0	0.04
72272523078	2008	7	9	2	0	0.042
72272523078	2008	7	9	3	0	0.02
72272523078	2008	7	9	9	0	0.01
72272523078	2008	7	9	10	0	0.01
72272523078	2008	7	9	22	0	0.04
72272523078	2008	7	10	3	0	0.18
72272523078	2008	7	10	4	0	0.02
72272523078	2008	7	10	9	0	0.02
72272523078	2008	7	10	10	0	0.01
72272523078	2008	7	10	11	0	0.21
72272523078	2008	7	10	12	0	0.25
72272523078	2008	7	10	13	0	0.08
72272523078	2008	7	10	14	0	0.11
72272523078	2008	7	10	15	0	0.14
72272523078	2008	7	10	16	0	0.02
72272523078	2008	7	10	17	0	0.22
72272523078	2008	7	10	18	0	0.1
72272523078	2008	7	10	19	0	0.07
72272523078	2008	7	11	8	0	0.002
72272523078	2008	7	11	9	0	0.43
72272523078	2008	7	11	10	0	0.05
72272523078	2008	7	11	11	0	0.05
72272523078	2008	7	12	0	0	0.01
72272523078	2008	7	12	1	0	0.04
72272523078	2008	7	12	3	0	0.01
72272523078	2008	7	12	4	0	0.01
72272523078	2008	7	13	0	0	0.16
72272523078	2008	7	13	1	0	0.5
72272523078	2008	7	13	2	0	0.04
72272523078	2008	7	14	6	0	0.04
72272523078	2008	7	14	7	0	0.11
72272523078	2008	7	14	8	0	0.02
72272523078	2008	7	14	9	0	0.02
72272523078	2008	7	14	10	0	0.01
72272523078	2008	7	18	22	0	1.15
72272523078	2008	7	18	23	0	0.54
72272523078	2008	7	19	0	0	0.05
72272523078	2008	7	19	1	0	0.05
72272523078	2008	7	19	2	0	0.01
72272523078	2008	7	20	0	0	0.13
72272523078	2008	7	23	7	0	0.05
72272523078	2008	7	26	18	0	0.03
72272523078	2008	7	27	4	0	0.1
72272523078	2008	7	27	5	0	0.06
72272523078	2008	7	27	6	0	0.05
72272523078	2008	7	27	7	0	0.04
72272523078	2008	7	27	8	0	0.01
72272523078	2008	7	27	10	0	0.01
72272523078	2008	7	28	0	0	0.04
72272523078	2008	7	28	1	0	0.1
72272523078	2008	7	28	2	0	0.05
72272523078	2008	7	28	3	0	0.05
72272523078	2008	7	28	4	0	0.03
72272523078	2008	7	28	12	0	0.02
72272523078	2008	7	28	13	0	0.06
72272523078	2008	7	28	14	0	0.05
72272523078	2008	7	28	15	0	0.03
72272523078	2008	8	1	2	0	0.004
72272523078	2008	8	1	3	0	0.05
72272523078	2008	8	8	10	0	0.01
72272523078	2008	8	10	21	0	0.46
72272523078	2008	8	16	4	0	0.02
72272523078	2008	8	16	5	0	0.01
72272523078	2008	8	17	11	0	0.1
72272523078	2008	8	17	12	0	0.01
72272523078	2008	8	19	1	0	0.09
72272523078	2008	8	20	0	0	0.01
72272523078	2008	8	20	7	0	0.01
72272523078	2008	8	20	22	0	0.41
72272523078	2008	8	20	23	0	0.16
72272523078	2008	8	21	0	0	0.01
72272523078	2008	8	26	22	0	0.28
72272523078	2008	8	26	23	0	0.22
72272523078	2008	8	27	0	0	0.01
72272523078	2008	8	27	1	0	0.03
72272523078	2008	8	27	2	0	0.01
72272523078	2008	8	27	3	0	0.09
72272523078	2008	8	27	4	0	0.03
72272523078	2008	8	27	5	0	0.01
72272523078	2008	8	27	10	0	0.01
72272523078	2008	8	28	7	0	0.01
72272523078	2008	8	30	10	0	0.02
72272523078	2008	8	30	14	0	0.05
72272523078	2008	8	30	15	0	0.03
72272523078	2008	8	30	17	0	0.01
72272523078	2008	8	30	18	0	0.04
72272523078	2008	8	30	19	0	0.08
72272523078	2008	8	31	6	0	0.01
72272523078	2008	8	31	7	0	0.01
72272523078	2008	8	31	13	0	0.03
72272523078	2008	9	1	0	0	0.04
72272523078	2008	9	1	1	0	0.02
72272523078	2008	9	1	11	0	0.01
72272523078	2008	9	2	23	0	0.063
72272523078	2008	9	3	0	0	0.08
72272523078	2008	9	4	0	0	0.1
72272523078	2008	9	4	1	0	0.02
72272523078	2008	9	4	5	0	0.01
72272523078	2008	9	5	13	0	0.01
72272523078	2008	9	8	3	0	0.02
72272523078	2008	9	8	4	0	0.01
72272523078	2008	9	9	20	0	0.01
72272523078	2008	9	10	4	0	0.01
72272523078	2008	9	10	5	0	0.062
72272523078	2008	9	10	6	0	0.29
72272523078	2008	9	10	7	0	0.01
72272523078	2008	9	11	15	0	0.01
72272523078	2008	9	11	17	0	0.03
72272523078	2008	9	11	18	0	0.03
72272523078	2008	9	12	7	0	0.01
72272523078	2008	10	5	14	0	0.11
72272523078	2008	10	5	15	0	0.09
72272523078	2008	10	5	16	0	0.01
72272523078	2008	10	5	23	0	0.002
72272523078	2008	10	11	0	0	0.01
72272523078	2008	10	11	3	0	0.02
72272523078	2008	10	11	7	0	0.01
72272523078	2008	10	11	18	0	0.01
72272523078	2008	11	27	9	0	0.11
72272523078	2008	11	27	10	0	0.09
72272523078	2008	11	27	11	0	0.06
72272523078	2008	11	27	12	0	0.04
72272523078	2008	11	27	18	0	0.01
72272523078	2008	12	8	17	0	0.08
72272523078	2008	12	9	7	0	0.01
72272523078	2008	12	9	12	0	0.01
72272523078	2008	12	9	13	0	0.1
72272523078	2008	12	9	14	0	0.03
72272523078	2008	12	9	15	0	0.03
72272523078	2008	12	17	9	0	0.03
72272523078	2008	12	17	11	0	0.01
72272523078	2009	1	5	10	0	0.01
72272523078	2009	1	5	14	0	0.01
72272523078	2009	1	22	17	0	0.01
72272523078	2009	1	22	18	0	0.02
72272523078	2009	2	9	11	0	0.01
72272523078	2009	3	9	2	0	0.004
72272523078	2009	3	9	3	0	0.01
72272523078	2009	3	9	4	0	0.02
72272523078	2009	3	9	5	0	0.03
72272523078	2009	3	9	6	0	0.01
72272523078	2009	3	9	7	0	0.02
72272523078	2009	3	9	8	0	0.01
72272523078	2009	3	9	9	0	0.01
72272523078	2009	3	9	15	0	0.01
72272523078	2009	3	9	16	0	0.01
72272523078	2009	3	9	20	0	0.01
72272523078	2009	3	11	16	0	0.01
72272523078	2009	3	11	17	0	0.01
72272523078	2009	5	20	23	0	0.01
72272523078	2009	5	21	0	0	0.01
72272523078	2009	5	21	2	0	0.01
72272523078	2009	5	21	13	0	0.01
72272523078	2009	5	21	14	0	0.03
72272523078	2009	5	21	21	0	0.01
72272523078	2009	5	21	22	0	0.69
72272523078	2009	5	21	23	0	0.02
72272523078	2009	5	22	0	0	0.01
72272523078	2009	5	22	17	0	0.08
72272523078	2009	5	22	18	0	0.01
72272523078	2009	5	22	20	0	0.023
72272523078	2009	5	22	21	0	0.01
72272523078	2009	5	22	22	0	0.01
72272523078	2009	5	23	8	0	0.01
72272523078	2009	5	24	19	0	0.04
72272523078	2009	5	28	21	0	0.05
72272523078	2009	5	30	1	0	0.1
72272523078	2009	5	30	2	0	0.08
72272523078	2009	6	10	12	0	0.01
72272523078	2009	6	14	21	0	0.03
72272523078	2009	6	23	4	0	0.01
72272523078	2009	6	23	5	0	0.01
72272523078	2009	6	23	12	0	0.01
72272523078	2009	7	1	4	0	0.01
72272523078	2009	7	1	5	0	0.05
72272523078	2009	7	3	2	0	0.01
72272523078	2009	7	3	3	0	0.01
72272523078	2009	7	3	14	0	0.01
72272523078	2009	7	4	2	0	0.033
72272523078	2009	7	4	3	0	0.4
72272523078	2009	7	19	9	0	0.01
72272523078	2009	7	19	10	0	0.01
72272523078	2009	7	22	16	0	0.05
72272523078	2009	7	23	0	0	0.07
72272523078	2009	7	23	1	0	0.02
72272523078	2009	7	27	1	0	0.02
72272523078	2009	7	27	2	0	0.14
72272523078	2009	7	27	3	0	0.01
72272523078	2009	7	27	7	0	0.03
72272523078	2009	7	27	8	0	0.04
72272523078	2009	7	27	23	0	0.01
72272523078	2009	7	28	0	0	0.02
72272523078	2009	8	13	2	0	0.33
72272523078	2009	8	13	3	0	0.048
72272523078	2009	8	23	1	0	0.09
72272523078	2009	8	23	23	0	0.1
72272523078	2009	8	24	0	0	0.2
72272523078	2009	8	24	2	0	0.01
72272523078	2009	8	24	3	0	0.01
72272523078	2009	8	25	10	0	0.01
72272523078	2009	8	25	11	0	0.01
72272523078	2009	8	25	14	0	0.03
72272523078	2009	9	7	2	0	0.02
72272523078	2009	9	10	9	0	0.01
72272523078	2009	9	11	1	0	0.09
72272523078	2009	9	13	3	0	0.53
72272523078	2009	9	13	4	0	0.01
72272523078	2009	9	18	0	0	0.01
72272523078	2009	9	18	5	0	0.032
72272523078	2009	9	18	6	0	0.08
72272523078	2009	9	19	23	0	0.022
72272523078	2009	9	20	0	0	0.16
72272523078	2009	9	20	1	0	0.06
72272523078	2009	9	20	9	0	0.01
72272523078	2009	10	3	13	0	0.09
72272523078	2009	10	3	14	0	0.14
72272523078	2009	10	3	15	0	0.11
72272523078	2009	10	3	16	0	0.14
72272523078	2009	10	3	17	0	0.07
72272523078	2009	10	3	18	0	0.03
72272523078	2009	10	3	19	0	0.04
72272523078	2009	10	3	20	0	0.01
72272523078	2009	10	3	21	0	0.02
72272523078	2009	10	8	13	0	0.01
72272523078	2009	10	20	22	0	0.01
72272523078	2009	10	20	23	0	0.02
72272523078	2009	10	21	0	0	0.07
72272523078	2009	10	21	1	0	0.03
72272523078	2009	10	21	5	0	0.01
72272523078	2009	10	28	13	0	0.01
72272523078	2009	10	28	16	0	0.04
72272523078	2009	10	28	17	0	0.01
72272523078	2009	10	28	18	0	0.01
72272523078	2009	11	29	4	0	0.03
72272523078	2009	11	29	5	0	0.02
72272523078	2009	11	29	10	0	0.01
72272523078	2009	11	29	15	0	0.02
72272523078	2009	11	29	17	0	0.01
72272523078	2009	11	29	19	0	0.04
72272523078	2009	11	29	20	0	0.01
72272523078	2009	11	29	21	0	0.09
72272523078	2009	11	29	22	0	0.05
72272523078	2009	11	30	3	0	0.02
72272523078	2009	11	30	4	0	0.04
72272523078	2009	11	30	5	0	0.01
72272523078	2009	11	30	6	0	0.01
72272523078	2009	11	30	9	0	0.02
72272523078	2009	11	30	12	0	0.04
72272523078	2009	11	30	15	0	0.02
72272523078	2009	11	30	17	0	0.02
72272523078	2009	11	30	18	0	0.01
72272523078	2009	11	30	19	0	0.01
72272523078	2009	11	30	20	0	0.06
72272523078	2009	11	30	21	0	0.06
72272523078	2009	11	30	22	0	0.01
72272523078	2009	11	30	23	0	0.01
72272523078	2009	12	1	10	0	0.02
72272523078	2009	12	1	14	0	0.01
72272523078	2009	12	8	7	0	0.01
72272523078	2009	12	8	15	0	0.07
72272523078	2009	12	8	16	0	0.02
72272523078	2009	12	8	17	0	0.01
72272523078	2009	12	23	9	0	0.03
72272523078	2009	12	23	10	0	0.03
72272523078	2009	12	23	11	0	0.04
72272523078	2009	12	23	13	0	0.02
72272523078	2009	12	23	14	0	0.01
72272523078	2009	12	23	15	0	0.02
72272523078	2009	12	29	9	0	0.03
72272523078	2009	12	29	10	0	0.05
72272523078	2009	12	29	11	0	0.01
72272523078	2009	12	29	13	0	0.03
72272523078	2009	12	29	15	0	0.01
72272523078	2010	1	20	12	0	0.01
72272523078	2010	1	20	13	0	0.03
72272523078	2010	1	22	11	0	0.06
72272523078	2010	1	22	12	0	0.08
72272523078	2010	1	22	13	0	0.19
72272523078	2010	1	22	14	0	0.08
72272523078	2010	1	22	15	0	0.05
72272523078	2010	1	22	16	0	0.05
72272523078	2010	1	22	17	0	0.04
72272523078	2010	1	22	18	0	0.01
72272523078	2010	1	22	19	0	0.04
72272523078	2010	1	22	20	0	0.06
72272523078	2010	1	22	21	0	0.01
72272523078	2010	1	23	3	0	0.01
72272523078	2010	1	23	6	0	0.09
72272523078	2010	1	23	7	0	0.09
72272523078	2010	1	23	9	0	0.01
72272523078	2010	1	23	10	0	0.01
72272523078	2010	1	23	13	0	0.02
72272523078	2010	1	28	2	0	0.01
72272523078	2010	1	28	3	0	0.01
72272523078	2010	1	28	4	0	0.03
72272523078	2010	1	28	5	0	0.1
72272523078	2010	1	28	6	0	0.14
72272523078	2010	1	28	7	0	0.08
72272523078	2010	1	28	8	0	0.11
72272523078	2010	1	28	9	0	0.02
72272523078	2010	1	28	13	0	0.14
72272523078	2010	1	28	14	0	0.05
72272523078	2010	1	28	16	0	0.11
72272523078	2010	1	28	17	0	0.09
72272523078	2010	1	28	18	0	0.1
72272523078	2010	1	28	19	0	0.12
72272523078	2010	1	28	20	0	0.03
72272523078	2010	2	3	7	0	0.01
72272523078	2010	2	3	8	0	0.03
72272523078	2010	2	3	9	0	0.01
72272523078	2010	2	3	10	0	0.05
72272523078	2010	2	3	11	0	0.08
72272523078	2010	2	3	12	0	0.1
72272523078	2010	2	3	13	0	0.2
72272523078	2010	2	3	14	0	0.16
72272523078	2010	2	3	15	0	0.1
72272523078	2010	2	3	16	0	0.02
72272523078	2010	2	3	17	0	0.01
72272523078	2010	2	3	18	0	0.01
72272523078	2010	2	3	20	0	0.01
72272523078	2010	2	3	21	0	0.03
72272523078	2010	2	3	22	0	0.03
72272523078	2010	2	3	23	0	0.02
72272523078	2010	2	4	2	0	0.01
72272523078	2010	2	4	3	0	0.02
72272523078	2010	2	4	5	0	0.01
72272523078	2010	2	10	22	0	0.03
72272523078	2010	2	10	23	0	0.05
72272523078	2010	2	11	0	0	0.01
72272523078	2010	2	11	1	0	0.01
72272523078	2010	2	11	5	0	0.04
72272523078	2010	2	11	6	0	0.01
72272523078	2010	2	21	0	0	0.03
72272523078	2010	2	22	22	0	0.02
72272523078	2010	2	23	8	0	0.01
72272523078	2010	2	28	15	0	0.01
72272523078	2010	2	28	18	0	0.01
72272523078	2010	2	28	19	0	0.01
72272523078	2010	2	28	20	0	0.01
72272523078	2010	3	7	10	0	0.01
72272523078	2010	3	7	13	0	0.01
72272523078	2010	3	7	17	0	0.01
72272523078	2010	3	15	15	0	0.02
72272523078	2010	3	15	16	0	0.02
72272523078	2010	3	15	17	0	0.11
72272523078	2010	3	15	18	0	0.12
72272523078	2010	4	22	15	0	0.02
72272523078	2010	4	22	20	0	0.001
72272523078	2010	4	22	22	0	0.01
72272523078	2010	4	23	19	0	0.03
72272523078	2010	5	3	1	0	0.01
72272523078	2010	6	28	23	0	0.15
72272523078	2010	6	29	0	0	0.06
72272523078	2010	6	29	1	0	0.17
72272523078	2010	6	30	6	0	0.001
72272523078	2010	7	11	6	0	0.08
72272523078	2010	7	11	7	0	0.15
72272523078	2010	7	11	9	0	0.01
72272523078	2010	7	11	11	0	0.07
72272523078	2010	7	11	12	0	0.01
72272523078	2010	7	11	21	0	0.01
72272523078	2010	7	11	22	0	0.12
72272523078	2010	7	11	23	0	0.07
72272523078	2010	7	12	0	0	0.04
72272523078	2010	7	12	23	0	0.01
72272523078	2010	7	13	0	0	0.01
72272523078	2010	7	21	1	0	0.18
72272523078	2010	7	21	21	0	0.14
72272523078	2010	7	22	0	0	0.08
72272523078	2010	7	22	1	0	0.06
72272523078	2010	7	22	2	0	0.05
72272523078	2010	7	22	3	0	0.19
72272523078	2010	7	22	4	0	0.05
72272523078	2010	7	22	7	0	0.04
72272523078	2010	7	22	8	0	0.06
72272523078	2010	7	24	1	0	0.03
72272523078	2010	7	24	2	0	0.01
72272523078	2010	7	24	3	0	0.01
72272523078	2010	7	24	5	0	0.108
72272523078	2010	7	24	6	0	0.23
72272523078	2010	7	24	7	0	0.1
72272523078	2010	7	24	12	0	0.01
72272523078	2010	7	25	3	0	0.01
72272523078	2010	7	25	4	0	0.08
72272523078	2010	7	26	2	0	0.01
72272523078	2010	7	26	9	0	0.36
72272523078	2010	7	26	10	0	0.01
72272523078	2010	7	26	17	0	0.15
72272523078	2010	7	26	18	0	0.26
72272523078	2010	7	26	19	0	0.1
72272523078	2010	7	27	10	0	0.01
72272523078	2010	7	28	12	0	0.01
72272523078	2010	7	29	23	0	0.04
72272523078	2010	7	30	0	0	0.03
72272523078	2010	7	30	1	0	0.03
72272523078	2010	7	30	2	0	0.04
72272523078	2010	7	30	3	0	0.02
72272523078	2010	7	31	21	0	0.11
72272523078	2010	7	31	22	0	0.14
72272523078	2010	7	31	23	0	0.03
72272523078	2010	8	6	3	0	0.05
72272523078	2010	8	12	22	0	0.05
72272523078	2010	8	12	23	0	0.01
72272523078	2010	8	14	3	0	0.07
72272523078	2010	8	14	4	0	0.02
72272523078	2010	8	14	6	0	0.01
72272523078	2010	8	16	9	0	0.01
72272523078	2010	8	16	10	0	0.02
72272523078	2010	8	16	14	0	0.05
72272523078	2010	8	16	15	0	0.07
72272523078	2010	8	16	16	0	0.07
72272523078	2010	8	16	17	0	0.01
72272523078	2010	8	16	18	0	0.05
72272523078	2010	8	22	2	0	0.15
72272523078	2010	8	22	3	0	0.01
72272523078	2010	8	22	4	0	0.01
72272523078	2010	8	24	7	0	0.05
72272523078	2010	8	24	8	0	0.13
72272523078	2010	8	24	22	0	0.01
72272523078	2010	8	25	0	0	0.02
72272523078	2010	8	28	1	0	0.01
72272523078	2010	8	28	12	0	0.01
72272523078	2010	8	28	13	0	0.01
72272523078	2010	9	8	21	0	0.01
72272523078	2010	9	22	4	0	0.01
72272523078	2010	9	22	5	0	0.01
72272523078	2010	9	22	6	0	0.01
72272523078	2010	9	22	16	0	0.01
72272523078	2010	9	22	17	0	0.01
72272523078	2010	9	22	21	0	0.01
72272523078	2010	9	23	4	0	0.02
72272523078	2010	9	23	5	0	0.11
72272523078	2010	9	23	6	0	0.02
72272523078	2010	9	23	8	0	0.01
72272523078	2010	10	5	0	0	0.27
72272523078	2010	12	30	19	0	0.03
72272523078	2010	12	30	20	0	0.04
72272523078	2010	12	30	21	0	0.04
72272523078	2011	2	27	15	0	0.01
72272523078	2011	2	27	16	0	0.01
72272523078	2011	6	3	22	0	0.01
72272523078	2011	7	12	1	0	0.15
72272523078	2011	7	12	2	0	0.01
72272523078	2011	7	12	8	0	0.01
72272523078	2011	7	12	9	0	0.01
72272523078	2011	7	12	11	0	0.01
72272523078	2011	7	24	1	0	0.004
72272523078	2011	7	24	2	0	0.001
72272523078	2011	7	24	3	0	0.001
72272523078	2011	7	24	7	0	0.001
72272523078	2011	7	24	18	0	0.003
72272523078	2011	7	24	23	0	0.03
72272523078	2011	7	25	0	0	0.02
72272523078	2011	7	25	11	0	0.01
72272523078	2011	7	28	1	0	0.01
72272523078	2011	7	28	2	0	0.04
72272523078	2011	7	29	1	0	0.01
72272523078	2011	7	29	6	0	0.12
72272523078	2011	7	29	7	0	0.4
72272523078	2011	7	29	8	0	0.14
72272523078	2011	8	1	1	0	0.03
72272523078	2011	8	1	13	0	0.01
72272523078	2011	8	6	1	0	0.03
72272523078	2011	8	6	2	0	0.01
72272523078	2011	8	6	3	0	0.01
72272523078	2011	8	10	2	0	0.005
72272523078	2011	8	10	3	0	0.02
72272523078	2011	8	10	4	0	0.02
72272523078	2011	8	10	10	0	0.01
72272523078	2011	8	12	7	0	0.01
72272523078	2011	8	12	14	0	0.01
72272523078	2011	8	13	23	0	0.007
72272523078	2011	8	14	0	0	0.03
72272523078	2011	8	14	1	0	0.03
72272523078	2011	8	14	20	0	0.02
72272523078	2011	8	16	3	0	0.02
72272523078	2011	8	19	3	0	0.2
72272523078	2011	8	19	4	0	0.08
72272523078	2011	8	19	5	0	0.03
72272523078	2011	9	11	5	0	0.009
72272523078	2011	9	11	6	0	0.01
72272523078	2011	9	15	2	0	0.05
72272523078	2011	9	15	3	0	0.06
72272523078	2011	9	15	4	0	0.01
72272523078	2011	9	15	6	0	0.01
72272523078	2011	9	15	7	0	0.06
72272523078	2011	9	15	13	0	0.01
72272523078	2011	9	15	15	0	0.03
72272523078	2011	9	15	23	0	0.04
72272523078	2011	10	3	1	0	0.16
72272523078	2011	10	3	2	0	0.16
72272523078	2011	10	3	3	0	0.02
72272523078	2011	10	3	4	0	0.03
72272523078	2011	10	3	5	0	0.01
72272523078	2011	10	4	7	0	0.01
72272523078	2011	10	4	12	0	0.01
72272523078	2011	10	5	1	0	0.07
72272523078	2011	10	5	5	0	0.06
72272523078	2011	10	5	13	0	0.01
72272523078	2011	10	8	0	0	0.02
72272523078	2011	10	25	1	0	0.02
72272523078	2011	10	25	2	0	0.01
72272523078	2011	10	26	21	0	0.02
72272523078	2011	10	26	23	0	0.02
72272523078	2011	10	27	1	0	0.02
72272523078	2011	10	27	2	0	0.04
72272523078	2011	10	27	3	0	0.01
72272523078	2011	10	27	4	0	0.01
72272523078	2011	11	13	22	0	0.01
72272523078	2011	11	14	2	0	0.01
72272523078	2011	11	21	15	0	0.03
72272523078	2011	11	21	16	0	0.05
72272523078	2011	11	21	19	0	0.01
72272523078	2011	11	21	22	0	0.02
72272523078	2011	11	25	0	0	0.01
72272523078	2011	11	25	1	0	0.13
72272523078	2011	11	25	2	0	0.32
72272523078	2011	11	25	3	0	0.23
72272523078	2011	11	25	4	0	0.1
72272523078	2011	11	25	5	0	0.1
72272523078	2011	11	25	6	0	0.05
72272523078	2011	11	25	7	0	0.1
72272523078	2011	11	25	8	0	0.19
72272523078	2011	11	25	9	0	0.07
72272523078	2011	11	25	10	0	0.01
72272523078	2011	11	25	15	0	0.1
72272523078	2011	11	25	16	0	0.01
72272523078	2011	12	2	22	0	0.01
72272523078	2011	12	2	23	0	0.02
72272523078	2011	12	3	0	0	0.04
72272523078	2011	12	3	1	0	0.03
72272523078	2011	12	3	2	0	0.07
72272523078	2011	12	3	3	0	0.07
72272523078	2011	12	3	4	0	0.03
72272523078	2011	12	5	22	0	0.02
72272523078	2011	12	12	23	0	0.01
72272523078	2011	12	13	0	0	0.01
72272523078	2011	12	13	1	0	0.02
72272523078	2011	12	13	3	0	0.06
72272523078	2011	12	13	4	0	0.13
72272523078	2011	12	13	5	0	0.07
72272523078	2011	12	13	6	0	0.08
72272523078	2011	12	13	7	0	0.06
72272523078	2011	12	13	8	0	0.06
72272523078	2011	12	13	9	0	0.12
72272523078	2011	12	13	10	0	0.03
72272523078	2011	12	13	11	0	0.1
72272523078	2011	12	13	12	0	0.04
72272523078	2011	12	13	13	0	0.08
72272523078	2011	12	13	15	0	0.01
72272523078	2011	12	13	16	0	0.03
72272523078	2011	12	13	17	0	0.03
72272523078	2011	12	13	19	0	0.02
72272523078	2011	12	14	7	0	0.02
72272523078	2011	12	19	2	0	0.02
72272523078	2011	12	19	3	0	0.08
72272523078	2011	12	19	4	0	0.03
72272523078	2011	12	19	5	0	0.01
72272523078	2011	12	19	16	0	0.01
72272523078	2011	12	23	4	0	0.02
72272523078	2011	12	23	5	0	0.07
72272523078	2011	12	23	6	0	0.12
72272523078	2011	12	23	7	0	0.11
72272523078	2011	12	23	8	0	0.05
72272523078	2011	12	23	9	0	0.01
72272523078	2011	12	23	10	0	0.01
72272523078	2011	12	24	8	0	0.01
72272523078	2011	12	24	10	0	0.01
72272523078	2011	12	24	11	0	0.02
72272523078	2011	12	24	12	0	0.01
72272523078	2011	12	24	13	0	0.01
72272523078	2012	1	16	13	0	0.04
72272523078	2012	1	16	14	0	0.01
72272523078	2012	1	24	19	0	0.01
72272523078	2012	1	24	20	0	0.02
72272523078	2012	1	24	21	0	0.04
72272523078	2012	2	15	0	0	0.01
72272523078	2012	2	17	4	0	0.04
72272523078	2012	2	17	6	0	0.03
72272523078	2012	2	17	7	0	0.01
72272523078	2012	2	17	9	0	0.13
72272523078	2012	2	17	10	0	0.1
72272523078	2012	2	17	11	0	0.01
72272523078	2012	2	17	15	0	0.01
72272523078	2012	2	17	16	0	0.08
72272523078	2012	2	17	17	0	0.04
72272523078	2012	2	17	18	0	0.01
72272523078	2012	2	18	1	0	0.01
72272523078	2012	3	10	16	0	0.01
72272523078	2012	3	10	18	0	0.01
72272523078	2012	3	10	19	0	0.01
72272523078	2012	3	19	18	0	0.01
72272523078	2012	5	10	1	0	0.01
72272523078	2012	5	10	5	0	0.02
72272523078	2012	5	10	6	0	0.01
72272523078	2012	5	10	11	0	0.03
72272523078	2012	5	10	12	0	0.05
72272523078	2012	5	10	13	0	0.01
72272523078	2012	5	10	14	0	0.01
72272523078	2012	5	10	15	0	0.01
72272523078	2012	5	10	16	0	0.02
72272523078	2012	6	17	1	0	0.12
72272523078	2012	6	17	2	0	0.01
72272523078	2012	7	3	22	0	0.02
72272523078	2012	7	4	7	0	0.01
72272523078	2012	7	4	8	0	0.01
72272523078	2012	7	4	9	0	0.01
72272523078	2012	7	4	10	0	0.04
72272523078	2012	7	4	11	0	0.1
72272523078	2012	7	4	12	0	0.058
72272523078	2012	7	4	14	0	0.011
72272523078	2012	7	4	15	0	0.009
72272523078	2012	7	4	16	0	0.001
72272523078	2012	7	7	4	0	0.04
72272523078	2012	7	7	5	0	0.03
72272523078	2012	7	8	0	0	0.08
72272523078	2012	7	10	3	0	0.17
72272523078	2012	7	10	4	0	0.12
72272523078	2012	7	10	5	0	0.03
72272523078	2012	7	10	6	0	0.06
72272523078	2012	7	10	13	0	0.01
72272523078	2012	7	10	14	0	0.01
72272523078	2012	7	17	7	0	0.07
72272523078	2012	7	19	0	0	0.01
72272523078	2012	7	19	6	0	0.01
72272523078	2012	7	21	1	0	0.02
72272523078	2012	7	21	19	0	0.09
72272523078	2012	7	26	21	0	0.12
72272523078	2012	7	26	22	0	0.01
72272523078	2012	7	27	7	0	0.05
72272523078	2012	7	27	8	0	0.01
72272523078	2012	8	13	8	0	0.01
72272523078	2012	8	17	1	0	0.01
72272523078	2012	8	17	2	0	0.02
72272523078	2012	8	17	3	0	0.05
72272523078	2012	8	17	6	0	0.01
72272523078	2012	8	18	22	0	0.01
72272523078	2012	8	23	21	0	0.13
72272523078	2012	8	26	0	0	0.12
72272523078	2012	8	26	22	0	0.42
72272523078	2012	8	26	23	0	0.28
72272523078	2012	9	8	13	0	0.01
72272523078	2012	9	8	14	0	0.01
72272523078	2012	9	8	15	0	0.01
72272523078	2012	9	8	16	0	0.02
72272523078	2012	9	8	17	0	0.01
72272523078	2012	9	8	18	0	0.05
72272523078	2012	9	8	19	0	0.12
72272523078	2012	9	8	20	0	0.05
72272523078	2012	9	8	21	0	0.01
72272523078	2012	9	12	11	0	0.09
72272523078	2012	9	27	3	0	0.05
72272523078	2012	9	28	15	0	0.01
72272523078	2012	9	28	16	0	0.07
72272523078	2012	9	28	17	0	0.05
72272523078	2012	9	28	18	0	0.04
72272523078	2012	9	28	22	0	0.01
72272523078	2012	9	28	23	0	0.02
72272523078	2012	9	29	0	0	0.07
72272523078	2012	9	29	1	0	0.04
72272523078	2012	9	29	10	0	0.01
72272523078	2012	10	11	17	0	0.03
72272523078	2012	10	11	18	0	0.01
72272523078	2012	11	18	12	0	0.02
72272523078	2012	11	18	14	0	0.01
72272523078	2012	11	18	15	0	0.02
72272523078	2012	12	14	9	0	0.09
72272523078	2012	12	14	10	0	0.03
72272523078	2012	12	14	11	0	0.01
72272523078	2012	12	14	12	0	0.05
72272523078	2012	12	14	13	0	0.09
72272523078	2012	12	14	14	0	0.1
72272523078	2012	12	14	15	0	0.01
72272523078	2012	12	14	16	0	0.04
72272523078	2012	12	14	17	0	0.03
72272523078	2012	12	14	18	0	0.01
72272523078	2012	12	31	6	0	0.01
72272523078	2012	12	31	7	0	0.01
72272523078	2013	1	8	9	0	0.01
72272523078	2013	1	26	6	0	0.01
72272523078	2013	1	26	7	0	0.03
72272523078	2013	1	26	10	0	0.02
72272523078	2013	1	26	19	0	0.01
72272523078	2013	1	26	21	0	0.1
72272523078	2013	1	26	22	0	0.01
72272523078	2013	1	26	23	0	0.07
72272523078	2013	2	12	4	0	0.02
72272523078	2013	2	12	5	0	0.01
72272523078	2013	3	8	18	0	0.02
72272523078	2013	3	8	21	0	0.01
72272523078	2013	3	8	22	0	0.15
72272523078	2013	3	8	23	0	0.01
72272523078	2013	5	10	20	0	0.03
72272523078	2013	7	2	4	0	0.17
72272523078	2013	7	7	3	0	0.06
72272523078	2013	7	7	5	0	0.02
72272523078	2013	7	7	6	0	0.01
72272523078	2013	7	7	8	0	0.01
72272523078	2013	7	12	1	0	0.18
72272523078	2013	7	13	3	0	0.1
72272523078	2013	7	13	4	0	0.07
72272523078	2013	7	13	5	0	0.01
72272523078	2013	7	15	21	0	0.01
72272523078	2013	7	15	23	0	0.01
72272523078	2013	7	16	1	0	0.05
72272523078	2013	7	16	2	0	0.05
72272523078	2013	7	16	4	0	0.01
72272523078	2013	7	16	5	0	0.01
72272523078	2013	7	17	21	0	0.06
72272523078	2013	7	18	12	0	0.02
72272523078	2013	7	18	13	0	0.01
72272523078	2013	7	18	14	0	0.03
72272523078	2013	7	18	15	0	0.01
72272523078	2013	7	18	16	0	0.04
72272523078	2013	7	18	18	0	0.01
72272523078	2013	7	19	9	0	0.01
72272523078	2013	7	19	10	0	0.01
72272523078	2013	7	21	22	0	0.16
72272523078	2013	7	22	21	0	0.05
72272523078	2013	7	24	2	0	0.03
72272523078	2013	7	24	3	0	0.04
72272523078	2013	7	24	4	0	0.02
72272523078	2013	7	24	5	0	0.01
72272523078	2013	7	25	3	0	0.07
72272523078	2013	7	25	4	0	0.35
72272523078	2013	7	25	5	0	0.79
72272523078	2013	7	25	6	0	0.06
72272523078	2013	7	25	7	0	0.07
72272523078	2013	7	25	8	0	0.01
72272523078	2013	7	26	23	0	0.081
72272523078	2013	7	27	1	0	0.03
72272523078	2013	7	27	2	0	0.04
72272523078	2013	7	28	2	0	0.03
72272523078	2013	8	1	5	0	0.072
72272523078	2013	8	1	6	0	0.05
72272523078	2013	8	1	7	0	0.02
72272523078	2013	8	11	5	0	0.111
72272523078	2013	8	11	6	0	0.17
72272523078	2013	8	11	7	0	0.49
72272523078	2013	8	11	8	0	0.18
72272523078	2013	8	11	9	0	0.01
72272523078	2013	8	13	1	0	0.024
72272523078	2013	8	13	2	0	0.048
72272523078	2013	8	13	10	0	0.09
72272523078	2013	8	15	2	0	0.17
72272523078	2013	8	15	4	0	0.01
72272523078	2013	8	15	5	0	0.01
72272523078	2013	8	18	8	0	0.02
72272523078	2013	8	19	22	0	0.04
72272523078	2013	8	19	23	0	0.12
72272523078	2013	8	20	23	0	0.12
72272523078	2013	8	21	1	0	0.01
72272523078	2013	8	24	1	0	0.04
72272523078	2013	8	24	3	0	0.03
72272523078	2013	8	25	3	0	0.01
72272523078	2013	8	27	23	0	0.03
72272523078	2013	8	28	17	0	0.01
72272523078	2013	8	28	21	0	0.2
72272523078	2013	8	28	22	0	0.08
72272523078	2013	8	29	1	0	0.02
72272523078	2013	8	29	14	0	0.01
72272523078	2013	8	29	15	0	0.02
72272523078	2013	8	29	22	0	0.18
72272523078	2013	8	30	10	0	0.01
72272523078	2013	9	8	5	0	0.02
72272523078	2013	9	8	18	0	0.02
72272523078	2013	9	9	20	0	0.01
72272523078	2013	9	9	22	0	0.01
72272523078	2013	9	10	0	0	0.04
72272523078	2013	9	10	1	0	0.22
72272523078	2013	9	10	3	0	0.07
72272523078	2013	9	10	4	0	0.11
72272523078	2013	9	10	6	0	0.12
72272523078	2013	9	10	7	0	0.02
72272523078	2013	9	10	13	0	0.02
72272523078	2013	9	10	14	0	0.07
72272523078	2013	9	10	16	0	0.02
72272523078	2013	9	10	17	0	0.04
72272523078	2013	9	10	19	0	0.02
72272523078	2013	9	10	20	0	0.44
72272523078	2013	9	10	21	0	0.14
72272523078	2013	9	10	22	0	0.02
72272523078	2013	9	11	1	0	0.01
72272523078	2013	9	11	2	0	0.01
72272523078	2013	9	11	11	0	0.01
72272523078	2013	9	12	9	0	0.01
72272523078	2013	9	12	10	0	0.32
72272523078	2013	9	12	12	0	0.01
72272523078	2013	9	12	13	0	0.02
72272523078	2013	9	12	14	0	0.02
72272523078	2013	9	12	15	0	0.17
72272523078	2013	9	12	16	0	0.01
72272523078	2013	9	12	18	0	0.07
72272523078	2013	9	12	23	0	0.01
72272523078	2013	9	13	5	0	0.01
72272523078	2013	9	13	7	0	0.12
72272523078	2013	9	13	8	0	0.02
72272523078	2013	9	13	9	0	0.22
72272523078	2013	9	13	16	0	0.05
72272523078	2013	9	16	7	0	0.01
72272523078	2013	9	16	8	0	0.025
72272523078	2013	9	16	9	0	0.11
72272523078	2013	9	21	1	0	0.01
72272523078	2013	10	23	17	0	0.01
72272523078	2013	10	25	5	0	0.01
72272523078	2013	10	25	6	0	0.04
72272523078	2013	11	5	1	0	0.01
72272523078	2013	11	5	2	0	0.01
72272523078	2013	11	23	20	0	0.02
72272523078	2013	11	23	23	0	0.02
72272523078	2013	11	24	0	0	0.01
72272523078	2013	11	24	2	0	0.01
72272523078	2013	11	24	3	0	0.02
72272523078	2013	11	24	4	0	0.01
72272523078	2013	11	24	5	0	0.01
72272523078	2013	11	24	6	0	0.02
72272523078	2013	11	24	7	0	0.02
72272523078	2013	11	24	8	0	0.03
72272523078	2013	11	24	9	0	0.05
72272523078	2013	11	24	10	0	0.02
72272523078	2013	11	24	11	0	0.01
72272523078	2013	11	24	12	0	0.01
72272523078	2013	12	12	12	0	0.02
72272523078	2013	12	12	13	0	0.07
72272523078	2013	12	12	14	0	0.03
72272523078	2013	12	12	15	0	0.02
72272523078	2013	12	12	16	0	0.07
72272523078	2013	12	12	17	0	0.05
72272523078	2013	12	12	18	0	0.07
72272523078	2013	12	13	1	0	0.01
72272523078	2013	12	21	2	0	0.01
72272523078	2013	12	21	9	0	0.01
72272523078	2013	12	21	10	0	0.01
72272523078	2014	3	2	6	0	0.06
72272523078	2014	3	2	7	0	0.07
72272523078	2014	3	2	8	0	0.05
72272523078	2014	3	2	9	0	0.15
72272523078	2014	3	2	10	0	0.01
72272523078	2014	4	19	10	0	0.01
72272523078	2014	4	19	13	0	0.09
72272523078	2014	4	19	14	0	0.05
72272523078	2014	4	19	15	0	0.02
72272523078	2014	4	19	22	0	0.02
72272523078	2014	4	20	1	0	0.01
72272523078	2014	6	14	3	0	0.03
72272523078	2014	7	3	2	0	0.01
72272523078	2014	7	7	6	0	0.01
72272523078	2014	7	8	23	0	0.05
72272523078	2014	7	9	0	0	0.16
72272523078	2014	7	9	1	0	0.01
72272523078	2014	7	11	2	0	0.02
72272523078	2014	7	11	3	0	0.01
72272523078	2014	7	11	21	0	0.21
72272523078	2014	7	11	23	0	0.07
72272523078	2014	7	12	0	0	0.04
72272523078	2014	7	14	23	0	0.03
72272523078	2014	7	15	0	0	0.04
72272523078	2014	7	15	5	0	0.01
72272523078	2014	7	15	11	0	0.03
72272523078	2014	7	15	12	0	0.01
72272523078	2014	7	23	0	0	0.43
72272523078	2014	7	23	1	0	0.09
72272523078	2014	7	23	2	0	0.05
72272523078	2014	7	23	3	0	0.08
72272523078	2014	7	23	4	0	0.03
72272523078	2014	7	28	12	0	0.01
72272523078	2014	7	30	0	0	0.09
72272523078	2014	7	31	2	0	0.11
72272523078	2014	7	31	5	0	0.03
72272523078	2014	7	31	11	0	0.05
72272523078	2014	8	1	3	0	0.05
72272523078	2014	8	1	4	0	0.17
72272523078	2014	8	1	5	0	0.05
72272523078	2014	8	1	6	0	0.02
72272523078	2014	8	1	8	0	0.02
72272523078	2014	8	1	10	0	0.02
72272523078	2014	8	1	11	0	0.01
72272523078	2014	8	3	8	0	0.01
72272523078	2014	8	3	9	0	0.02
72272523078	2014	8	3	21	0	0.03
72272523078	2014	8	4	22	0	0.01
72272523078	2014	8	4	23	0	0.02
72272523078	2014	8	5	0	0	0.03
72272523078	2014	8	5	1	0	0.05
72272523078	2014	8	7	9	0	0.03
72272523078	2014	8	10	4	0	0.02
72272523078	2014	8	10	20	0	0.001
72272523078	2014	8	10	21	0	0.01
72272523078	2014	8	12	9	0	0.01
72272523078	2014	8	14	5	0	0.05
72272523078	2014	8	14	6	0	0.25
72272523078	2014	8	14	7	0	0.08
72272523078	2014	8	23	0	0	0.3
72272523078	2014	8	23	1	0	0.01
72272523078	2014	8	26	16	0	0.02
72272523078	2014	9	5	2	0	0.007
72272523078	2014	9	5	3	0	0.05
72272523078	2014	9	5	4	0	0.02
72272523078	2014	9	16	6	0	0.01
72272523078	2014	9	16	7	0	0.01
72272523078	2014	9	16	8	0	0.02
72272523078	2014	9	16	9	0	0.03
72272523078	2014	9	16	10	0	0.08
72272523078	2014	9	16	11	0	0.02
72272523078	2014	9	16	12	0	0.04
72272523078	2014	9	16	13	0	0.02
72272523078	2014	9	16	15	0	0.01
72272523078	2014	9	16	16	0	0.07
72272523078	2014	9	16	17	0	0.01
72272523078	2014	9	16	18	0	0.13
72272523078	2014	9	16	19	0	0.03
72272523078	2014	9	16	20	0	0.03
72272523078	2014	9	16	21	0	0.29
72272523078	2014	9	16	22	0	0.04
72272523078	2014	9	17	0	0	0.05
72272523078	2014	9	17	5	0	0.51
72272523078	2014	9	17	6	0	0.15
72272523078	2014	9	17	7	0	0.19
72272523078	2014	9	17	8	0	0.09
72272523078	2014	9	17	9	0	0.03
72272523078	2014	9	17	11	0	0.1
72272523078	2014	9	17	12	0	0.01
72272523078	2014	9	18	0	0	0.1
72272523078	2014	9	18	1	0	0.01
72272523078	2014	9	18	3	0	0.02
72272523078	2014	9	18	5	0	0.01
72272523078	2014	9	18	6	0	0.06
72272523078	2014	9	18	7	0	0.02
72272523078	2014	9	18	8	0	0.02
72272523078	2014	9	18	9	0	0.03
72272523078	2014	9	18	10	0	0.04
72272523078	2014	9	18	11	0	0.07
72272523078	2014	9	18	12	0	0.08
72272523078	2014	9	18	13	0	0.08
72272523078	2014	9	18	14	0	0.19
72272523078	2014	9	18	15	0	0.09
72272523078	2014	9	18	16	0	0.1
72272523078	2014	9	18	17	0	0.09
72272523078	2014	9	18	18	0	0.07
72272523078	2014	9	18	19	0	0.26
72272523078	2014	9	18	20	0	0.28
72272523078	2014	9	18	21	0	0.43
72272523078	2014	9	18	22	0	0.24
72272523078	2014	9	22	3	0	0.04
72272523078	2014	9	22	4	0	0.12
72272523078	2014	9	22	5	0	0.01
72272523078	2014	9	22	6	0	0.07
72272523078	2014	9	22	7	0	0.02
72272523078	2014	9	29	21	0	0.08
72272523078	2014	10	9	7	0	0.02
72272523078	2014	10	9	8	0	0.02
72272523078	2014	10	10	22	0	0.01
72272523078	2014	10	19	17	0	0.01
72272523078	2014	10	20	0	0	0.06
72272523078	2014	10	20	1	0	0.06
72272523078	2014	10	20	5	0	0.04
72272523078	2014	10	20	6	0	0.01
72272523078	2014	10	21	0	0	0.05
72272523078	2014	10	21	2	0	0.02
72272523078	2014	10	21	3	0	0.01
72272523078	2014	10	21	7	0	0.02
72272523078	2014	10	21	8	0	0.02
72272523078	2014	11	2	19	0	0.04
72272523078	2014	11	3	1	0	0.03
72272523078	2014	11	3	2	0	0.07
72272523078	2014	11	3	3	0	0.11
72272523078	2014	11	3	4	0	0.08
72272523078	2014	11	3	5	0	0.07
72272523078	2014	11	3	6	0	0.01
72272523078	2014	11	3	7	0	0.02
72272523078	2014	11	3	8	0	0.01
72272523078	2014	11	3	9	0	0.01
72272523078	2014	11	3	13	0	0.02
72272523078	2014	11	3	14	0	0.01
72272523078	2014	11	3	18	0	0.01
72272523078	2014	11	3	19	0	0.01
72272523078	2014	11	4	5	0	0.01
72272523078	2014	12	4	16	0	0.02
72272523078	2014	12	4	19	0	0.01
72272523078	2014	12	4	23	0	0.05
72272523078	2014	12	9	23	0	0.001
72272523078	2014	12	10	0	0	0.02
72272523078	2014	12	10	1	0	0.11
72272523078	2014	12	10	2	0	0.01
72272523078	2014	12	10	5	0	0.01
72272523078	2014	12	14	3	0	0.02
72272523078	2014	12	17	19	0	0.02
72272523078	2014	12	17	22	0	0.03
72272523078	2014	12	18	10	0	0.01
72272523078	2014	12	18	21	0	0.01
72272523078	2014	12	18	22	0	0.02
72272523078	2014	12	19	1	0	0.01
72272523078	2014	12	26	8	0	0.06
72272523078	2014	12	26	9	0	0.02
72272523078	2014	12	26	10	0	0.05
72272523078	2015	1	1	16	0	0.01
72272523078	2015	1	2	22	0	0.01
72272523078	2015	1	12	16	0	0.01
72272523078	2015	1	12	17	0	0.01
72272523078	2015	1	14	14	0	0.04
72272523078	2015	1	14	15	0	0.01
72272523078	2015	1	14	16	0	0.14
72272523078	2015	1	14	17	0	0.09
72272523078	2015	1	14	18	0	0.02
72272523078	2015	1	14	19	0	0.06
72272523078	2015	1	14	20	0	0.07
72272523078	2015	1	14	22	0	0.03
72272523078	2015	1	14	23	0	0.13
72272523078	2015	1	15	0	0	0.03
72272523078	2015	1	22	9	0	0.01
72272523078	2015	1	22	10	0	0.03
72272523078	2015	1	22	12	0	0.01
72272523078	2015	1	30	2	0	0.008
72272523078	2015	1	30	3	0	0.07
72272523078	2015	1	30	4	0	0.03
72272523078	2015	1	30	6	0	0.01
72272523078	2015	1	30	7	0	0.01
72272523078	2015	1	30	8	0	0.02
72272523078	2015	1	30	9	0	0.05
72272523078	2015	1	30	10	0	0.07
72272523078	2015	1	30	11	0	0.05
72272523078	2015	1	30	13	0	0.01
72272523078	2015	1	30	22	0	0.01
72272523078	2015	1	30	23	0	0.02
72272523078	2015	1	31	0	0	0.01
72272523078	2015	1	31	1	0	0.02
72272523078	2015	1	31	2	0	0.01
72272523078	2015	1	31	3	0	0.02
72272523078	2015	1	31	4	0	0.04
72272523078	2015	1	31	5	0	0.03
72272523078	2015	1	31	6	0	0.01
72272523078	2015	1	31	7	0	0.03
72272523078	2015	1	31	8	0	0.09
72272523078	2015	1	31	10	0	0.02
72272523078	2015	1	31	14	0	0.02
72272523078	2015	1	31	15	0	0.03
72272523078	2015	1	31	16	0	0.01
72272523078	2015	1	31	21	0	0.04
72272523078	2015	3	2	23	0	0.003
72272523078	2015	3	3	0	0	0.07
72272523078	2015	3	3	10	0	0.02
72272523078	2015	3	3	12	0	0.04
72272523078	2015	3	3	13	0	0.03
72272523078	2015	3	3	14	0	0.04
72272523078	2015	3	3	15	0	0.02
72272523078	2015	3	17	21	0	0.1
72272523078	2015	3	18	3	0	0.01
72272523078	2015	3	18	9	0	0.03
72272523078	2015	3	19	6	0	0.02
72272523078	2015	3	19	7	0	0.01
72272523078	2015	3	19	10	0	0.03
72272523078	2015	3	19	11	0	0.01
72272523078	2015	3	20	0	0	0.01
72272523078	2015	4	12	21	0	0.08
72272523078	2015	4	24	10	0	0.01
72272523078	2015	4	26	15	0	0.01
72272523078	2015	4	26	16	0	0.02
72272523078	2015	5	4	22	0	0.01
72272523078	2015	5	12	21	0	0.01
72272523078	2015	5	13	1	0	0.01
72272523078	2015	5	13	2	0	0.006
72272523078	2015	5	13	3	0	0.09
72272523078	2015	5	13	4	0	0.01
72272523078	2015	5	13	5	0	0.01
72272523078	2015	5	13	7	0	0.01
72272523078	2015	5	15	8	0	0.01
72272523078	2015	5	15	21	0	0.01
72272523078	2015	6	9	9	0	0.01
72272523078	2015	6	9	10	0	0.18
72272523078	2015	6	25	23	0	0.26
72272523078	2015	7	4	4	0	0.04
72272523078	2015	7	4	5	0	0.04
72272523078	2015	7	4	6	0	0.02
72272523078	2015	7	4	7	0	0.03
72272523078	2015	7	4	8	0	0.01
72272523078	2015	7	5	3	0	0.18
72272523078	2015	7	5	4	0	1.18
72272523078	2015	7	5	5	0	0.07
72272523078	2015	7	5	6	0	0.05
72272523078	2015	7	5	7	0	0.03
72272523078	2015	7	5	8	0	0.05
72272523078	2015	7	5	9	0	0.01
72272523078	2015	7	9	4	0	0.27
72272523078	2015	7	9	5	0	0.14
72272523078	2015	7	9	7	0	0.02
72272523078	2015	7	10	0	0	0.08
72272523078	2015	7	10	1	0	0.01
72272523078	2015	7	10	19	0	0.7
72272523078	2015	7	10	22	0	0.01
72272523078	2015	7	11	1	0	0.22
72272523078	2015	7	11	4	0	0.01
72272523078	2015	7	11	6	0	0.01
72272523078	2015	7	14	11	0	0.01
72272523078	2015	7	26	3	0	0.03
72272523078	2015	7	30	1	0	0.02
72272523078	2015	7	30	2	0	0.31
72272523078	2015	7	30	3	0	0.07
72272523078	2015	7	30	10	0	0.01
72272523078	2015	7	31	10	0	0.04
72272523078	2015	7	31	11	0	0.04
72272523078	2015	7	31	12	0	0.01
72272523078	2015	8	3	2	0	0.03
72272523078	2015	8	3	3	0	0.01
72272523078	2015	8	3	6	0	0.02
72272523078	2015	8	7	1	0	0.01
72272523078	2015	8	7	2	0	0.06
72272523078	2015	8	11	8	0	0.17
72272523078	2015	8	16	5	0	0.02
72272523078	2015	8	17	1	0	0.001
72272523078	2015	8	17	3	0	0.33
72272523078	2015	8	17	4	0	0.304
72272523078	2015	8	17	5	0	0.001
72272523078	2015	8	21	20	0	0.16
72272523078	2015	8	21	21	0	0.01
72272523078	2015	8	24	1	0	0.1
72272523078	2015	8	24	2	0	0.11
72272523078	2015	8	24	3	0	0.06
72272523078	2015	8	24	4	0	0.14
72272523078	2015	8	24	5	0	0.16
72272523078	2015	8	24	6	0	0.07
72272523078	2015	8	24	7	0	0.13
72272523078	2015	8	24	8	0	0.03
72272523078	2015	8	24	9	0	0.01
72272523078	2015	8	24	10	0	0.01
72272523078	2015	8	24	11	0	0.03
72272523078	2015	8	24	12	0	0.02
72272523078	2015	8	24	13	0	0.01
72272523078	2015	9	5	3	0	0.05
72272523078	2015	9	10	5	0	0.008
72272523078	2015	9	10	6	0	0.03
72272523078	2015	9	10	7	0	0.01
72272523078	2015	9	20	0	0	0.01
72272523078	2015	9	20	1	0	0.01
72272523078	2015	9	21	17	0	0.003
72272523078	2015	9	21	18	0	0.08
72272523078	2015	9	21	19	0	0.02
72272523078	2015	9	21	20	0	0.03
72272523078	2015	9	21	21	0	0.06
72272523078	2015	9	21	22	0	0.01
72272523078	2015	9	22	0	0	0.01
72272523078	2015	9	22	1	0	0.03
72272523078	2015	9	22	2	0	0.01
72272523078	2015	10	3	18	0	0.02
72272523078	2015	10	3	21	0	0.01
72272523078	2015	10	3	22	0	0.03
72272523078	2015	10	4	8	0	0.08
72272523078	2015	10	4	9	0	0.01
72272523078	2015	10	4	10	0	0.04
72272523078	2015	10	4	11	0	0.48
72272523078	2015	10	4	13	0	0.02
72272523078	2015	10	4	14	0	0.01
72272523078	2015	10	5	22	0	0.09
72272523078	2015	10	5	23	0	0.01
72272523078	2015	10	6	23	0	0.14
72272523078	2015	10	7	11	0	0.14
72272523078	2015	10	7	12	0	0.02
72272523078	2015	10	7	13	0	0.03
72272523078	2015	10	17	19	0	0.01
72272523078	2015	10	19	21	0	0.14
72272523078	2015	10	20	19	0	0.01
72272523078	2015	10	20	20	0	0.19
72272523078	2015	10	21	0	0	0.01
72272523078	2015	10	21	1	0	0.02
72272523078	2015	10	21	2	0	0.01
72272523078	2015	10	21	5	0	0.01
72272523078	2015	10	21	10	0	0.3
72272523078	2015	10	21	21	0	0.03
72272523078	2015	10	22	3	0	0.06
72272523078	2015	10	22	6	0	0.06
72272523078	2015	10	29	15	0	0.06
72272523078	2015	10	29	20	0	0.12
72272523078	2015	10	30	1	0	0.02
72272523078	2015	10	30	2	0	0.03
72272523078	2015	10	30	3	0	0.04
72272523078	2015	10	30	5	0	0.01
72272523078	2015	10	30	6	0	0.03
72272523078	2015	10	30	7	0	0.01
72272523078	2015	10	30	8	0	0.04
72272523078	2015	10	30	23	0	0.01
72272523078	2015	10	31	0	0	0.02
72272523078	2015	11	4	18	0	0.2
72272523078	2015	11	4	19	0	0.01
72272523078	2015	11	15	23	0	0.02
72272523078	2015	11	16	21	0	0.02
72272523078	2015	11	26	13	0	0.06
72272523078	2015	11	26	14	0	0.01
72272523078	2015	11	26	15	0	0.09
72272523078	2015	11	26	16	0	0.01
72272523078	2015	11	26	19	0	0.02
72272523078	2015	11	26	20	0	0.04
72272523078	2015	11	27	3	0	0.01
72272523078	2015	11	27	4	0	0.02
72272523078	2015	11	27	6	0	0.08
72272523078	2015	11	27	20	0	0.01
72272523078	2015	12	12	13	0	0.02
72272523078	2015	12	12	14	0	0.04
72272523078	2015	12	12	15	0	0.02
72272523078	2015	12	12	16	0	0.01
72272523078	2015	12	12	22	0	0.01
72272523078	2015	12	26	19	0	0.02
72272523078	2015	12	27	0	0	0.04
72272523078	2015	12	27	1	0	0.05
72272523078	2015	12	27	2	0	0.11
72272523078	2015	12	27	3	0	0.04
72272523078	2016	1	5	4	0	0.04
72272523078	2016	1	5	6	0	0.02
72272523078	2016	1	5	7	0	0.09
72272523078	2016	1	6	1	0	0.02
72272523078	2016	1	6	2	0	0.02
72272523078	2016	1	6	6	0	0.01
72272523078	2016	1	6	13	0	0.01
72272523078	2016	1	6	14	0	0.01
72272523078	2016	1	6	16	0	0.04
72272523078	2016	1	8	0	0	0.02
72272523078	2016	1	8	1	0	0.02
72272523078	2016	1	8	2	0	0.07
72272523078	2016	1	8	6	0	0.01
72272523078	2016	1	8	9	0	0.01
72272523078	2016	1	8	13	0	0.01
72272523078	2016	1	8	17	0	0.01
72272523078	2016	1	9	1	0	0.01
72272523078	2016	2	1	12	0	0.02
72272523078	2016	2	1	13	0	0.07
72272523078	2016	2	1	14	0	0.02
72272523078	2016	2	1	15	0	0.01
72272523078	2016	4	8	9	0	0.01
72272523078	2016	4	8	23	0	0.01
72272523078	2016	4	11	4	0	0.07
72272523078	2016	4	12	13	0	0.09
72272523078	2016	4	12	14	0	0.02
72272523078	2016	4	12	17	0	0.01
72272523078	2016	4	12	18	0	0.01
72272523078	2016	4	12	20	0	0.1
72272523078	2016	4	12	21	0	0.06
72272523078	2016	5	17	20	0	0.03
72272523078	2016	5	18	22	0	0.07
72272523078	2016	5	30	20	0	0.13
72272523078	2016	5	31	5	0	0.04
72272523078	2016	6	1	10	0	0.02
72272523078	2016	6	1	15	0	0.05
72272523078	2016	6	2	23	0	0.02
72272523078	2016	6	9	20	0	0.001
72272523078	2016	6	9	21	0	0.01
72272523078	2016	6	25	3	0	0.02
72272523078	2016	6	25	7	0	0.02
72272523078	2016	6	26	22	0	0.04
72272523078	2016	6	27	0	0	0.01
72272523078	2016	7	1	13	0	0.02
72272523078	2016	7	1	16	0	0.02
72272523078	2016	7	1	17	0	0.04
72272523078	2016	7	2	0	0	0.03
72272523078	2016	7	8	7	0	0.01
72272523078	2016	7	17	22	0	0.01
72272523078	2016	7	17	23	0	0.02
72272523078	2016	7	19	4	0	0.03
72272523078	2016	7	19	10	0	0.01
72272523078	2016	7	22	5	0	0.03
72272523078	2016	7	27	4	0	0.02
72272523078	2016	7	27	5	0	0.03
72272523078	2016	7	27	6	0	0.01
72272523078	2016	7	27	20	0	0.02
72272523078	2016	8	1	2	0	0.05
72272523078	2016	8	2	2	0	0.006
72272523078	2016	8	2	3	0	0.06
72272523078	2016	8	2	4	0	0.03
72272523078	2016	8	2	5	0	0.02
72272523078	2016	8	2	23	0	0.05
72272523078	2016	8	3	0	0	0.01
72272523078	2016	8	5	1	0	0.01
72272523078	2016	8	7	23	0	0.07
72272523078	2016	8	11	2	0	0.002
72272523078	2016	8	11	4	0	0.17
72272523078	2016	8	11	23	0	0.03
72272523078	2016	8	12	0	0	0.85
72272523078	2016	8	14	1	0	0.09
72272523078	2016	8	14	2	0	0.15
72272523078	2016	8	14	3	0	0.04
72272523078	2016	8	14	4	0	0.01
72272523078	2016	8	21	3	0	0.14
72272523078	2016	8	21	4	0	0.01
72272523078	2016	8	21	5	0	0.01
72272523078	2016	8	22	3	0	0.26
72272523078	2016	8	22	4	0	0.25
72272523078	2016	8	22	5	0	0.06
72272523078	2016	8	31	14	0	0.02
72272523078	2016	8	31	15	0	0.04
72272523078	2016	9	1	20	0	0.01
72272523078	2016	9	3	0	0	0.02
72272523078	2016	9	6	3	0	0.02
72272523078	2016	9	6	4	0	0.04
72272523078	2016	9	6	20	0	0.01
72272523078	2016	9	6	22	0	0.02
72272523078	2016	9	7	5	0	0.01
72272523078	2016	9	7	8	0	0.01
72272523078	2016	9	7	12	0	0.01
72272523078	2016	9	7	13	0	0.01
72272523078	2016	9	7	16	0	0.03
72272523078	2016	9	7	17	0	0.21
72272523078	2016	9	7	18	0	0.01
72272523078	2016	9	7	21	0	0.01
72272523078	2016	9	14	22	0	0.1
72272523078	2016	9	22	0	0	0.05
72272523078	2016	9	22	2	0	0.01
72272523078	2016	9	22	23	0	0.05
72272523078	2016	9	27	0	0	0.01
72272523078	2016	9	27	1	0	0.02
72272523078	2016	9	30	11	0	0.01
72272523078	2016	10	3	7	0	0.01
72272523078	2016	11	3	2	0	0.02
72272523078	2016	11	3	3	0	0.02
72272523078	2016	11	3	20	0	0.01
72272523078	2016	11	4	4	0	0.01
72272523078	2016	11	4	22	0	0.01
72272523078	2016	11	21	19	0	0.01
72272523078	2016	11	28	9	0	0.01
72272523078	2016	12	3	2	0	0.02
72272523078	2016	12	3	4	0	0.02
72272523078	2016	12	3	7	0	0.03
72272523078	2016	12	3	10	0	0.01
72272523078	2016	12	3	12	0	0.05
72272523078	2016	12	3	13	0	0.08
72272523078	2016	12	3	14	0	0.05
72272523078	2016	12	17	15	0	0.02
72272523078	2016	12	17	16	0	0.01
72272523078	2016	12	22	5	0	0.04
72272523078	2016	12	22	6	0	0.18
72272523078	2016	12	22	7	0	0.12
72272523078	2016	12	22	8	0	0.07
72272523078	2016	12	22	9	0	0.07
72272523078	2016	12	22	10	0	0.05
72272523078	2016	12	22	11	0	0.01
72272523078	2016	12	22	16	0	0.02
72272523078	2016	12	22	17	0	0.04
72272523078	2016	12	22	18	0	0.16
72272523078	2016	12	22	19	0	0.05
72272523078	2016	12	22	20	0	0.06
72272523078	2016	12	22	21	0	0.13
72272523078	2016	12	22	22	0	0.1
72272523078	2016	12	22	23	0	0.01
72272523078	2016	12	23	0	0	0.02
72272523078	2016	12	25	7	0	0.01
72272523078	2016	12	30	0	0	0.03
72272523078	2016	12	30	1	0	0.01
72272523078	2016	12	31	13	0	0.02
72272523078	2016	12	31	14	0	0.14
72272523078	2016	12	31	15	0	0.1
72272523078	2016	12	31	16	0	0.01
72272523078	2016	12	31	17	0	0.01
72272523078	2016	12	31	19	0	0.01
72272523078	2016	12	31	20	0	0.02
72272523078	2016	12	31	21	0	0.01
72272523078	2017	1	1	15	0	0.01
72272523078	2017	1	1	16	0	0.08
72272523078	2017	1	1	19	0	0.11
72272523078	2017	1	1	20	0	0.03
72272523078	2017	1	1	21	0	0.11
72272523078	2017	1	1	22	0	0.04
72272523078	2017	1	14	21	0	0.1
72272523078	2017	1	14	23	0	0.04
72272523078	2017	1	15	0	0	0.1
72272523078	2017	1	15	1	0	0.01
72272523078	2017	1	15	2	0	0.01
72272523078	2017	1	15	3	0	0.15
72272523078	2017	1	15	6	0	0.01
72272523078	2017	1	15	8	0	0.02
72272523078	2017	1	15	9	0	0.18
72272523078	2017	1	15	10	0	0.26
72272523078	2017	1	15	11	0	0.13
72272523078	2017	1	15	12	0	0.34
72272523078	2017	1	15	13	0	0.06
72272523078	2017	1	15	14	0	0.03
72272523078	2017	1	15	15	0	0.05
72272523078	2017	1	15	16	0	0.05
72272523078	2017	1	15	17	0	0.04
72272523078	2017	1	15	18	0	0.01
72272523078	2017	1	15	19	0	0.02
72272523078	2017	1	17	22	0	0.02
72272523078	2017	1	21	3	0	0.01
72272523078	2017	1	21	4	0	0.02
72272523078	2017	1	21	5	0	0.04
72272523078	2017	1	21	6	0	0.01
72272523078	2017	1	21	7	0	0.05
72272523078	2017	1	21	9	0	0.07
72272523078	2017	1	21	10	0	0.05
72272523078	2017	1	21	11	0	0.14
72272523078	2017	1	21	12	0	0.04
72272523078	2017	1	21	19	0	0.01
72272523078	2017	2	12	23	0	0.003
72272523078	2017	2	13	0	0	0.09
72272523078	2017	2	13	1	0	0.02
72272523078	2017	2	13	2	0	0.01
72272523078	2017	2	13	3	0	0.04
72272523078	2017	2	13	4	0	0.07
72272523078	2017	2	13	5	0	0.01
72272523078	2017	2	13	8	0	0.01
72272523078	2017	2	13	10	0	0.08
72272523078	2017	2	13	14	0	0.01
72272523078	2017	2	13	16	0	0.01
72272523078	2017	2	19	3	0	0.01
72272523078	2017	2	19	4	0	0.01
72272523078	2017	2	19	5	0	0.03
72272523078	2017	4	29	5	0	0.01
72272523078	2017	5	16	17	0	0.01
72272523078	2017	5	16	21	0	0.01
72272523078	2017	5	31	2	0	0.031
72272523078	2017	5	31	3	0	0.05
72272523078	2017	5	31	4	0	0.01
72272523078	2017	6	2	3	0	0.01
72272523078	2017	6	6	22	0	0.02
72272523078	2017	6	8	1	0	0.1
72272523078	2017	6	8	2	0	0.11
72272523078	2017	6	8	23	0	0.06
72272523078	2017	6	20	0	0	0.17
72272523078	2017	6	20	1	0	0.04
72272523078	2017	6	25	2	0	0.01
72272523078	2017	6	25	3	0	0.01
72272523078	2017	6	26	6	0	0.01
72272523078	2017	6	26	7	0	0.02
72272523078	2017	7	10	9	0	0.02
72272523078	2017	7	14	0	0	0.09
72272523078	2017	7	14	1	0	0.03
72272523078	2017	7	14	5	0	0.01
72272523078	2017	7	17	19	0	0.09
72272523078	2017	7	17	22	0	0.06
72272523078	2017	7	20	0	0	0.02
72272523078	2017	7	20	1	0	0.01
72272523078	2017	7	21	0	0	0.31
72272523078	2017	7	21	2	0	0.03
72272523078	2017	7	21	3	0	0.06
72272523078	2017	7	21	4	0	0.03
72272523078	2017	7	22	22	0	0.47
72272523078	2017	7	23	2	0	0.001
72272523078	2017	7	23	3	0	0.03
72272523078	2017	7	23	22	0	0.16
72272523078	2017	7	23	23	0	0.03
72272523078	2017	7	27	10	0	0.03
72272523078	2017	7	29	1	0	0.1
72272523078	2017	7	29	2	0	0.04
72272523078	2017	7	30	23	0	0.42
72272523078	2017	7	31	22	0	0.33
72272523078	2017	7	31	23	0	0.51
72272523078	2017	8	1	1	0	0.01
72272523078	2017	8	1	2	0	0.08
72272523078	2017	8	1	3	0	0.05
72272523078	2017	8	1	4	0	0.01
72272523078	2017	8	1	7	0	0.01
72272523078	2017	8	2	9	0	0.76
72272523078	2017	8	2	10	0	0.16
72272523078	2017	8	2	11	0	0.08
72272523078	2017	8	2	12	0	0.01
72272523078	2017	8	11	8	0	0.13
72272523078	2017	8	12	9	0	0.11
72272523078	2017	8	12	10	0	0.04
72272523078	2017	8	13	3	0	0.06
72272523078	2017	8	20	6	0	0.01
72272523078	2017	8	20	7	0	0.01
72272523078	2017	8	20	10	0	0.01
72272523078	2017	8	20	11	0	0.06
72272523078	2017	8	20	12	0	0.06
72272523078	2017	8	20	13	0	0.02
72272523078	2017	8	20	14	0	0.01
72272523078	2017	8	20	15	0	0.08
72272523078	2017	8	20	16	0	0.07
72272523078	2017	8	20	17	0	0.01
72272523078	2017	8	24	1	0	0.01
72272523078	2017	8	24	2	0	0.11
72272523078	2017	8	24	4	0	0.04
72272523078	2017	8	24	5	0	0.01
72272523078	2017	9	9	22	0	0.23
72272523078	2017	9	9	23	0	0.14
72272523078	2017	9	17	21	0	0.13
72272523078	2017	9	17	22	0	0.08
72272523078	2017	9	28	3	0	0.01
72272523078	2017	9	28	5	0	0.02
72272523078	2017	9	28	6	0	0.01
72272523078	2017	9	29	4	0	0.03
72272523078	2017	10	18	19	0	0.01
72272523078	2017	10	20	0	0	0.04
72272523078	2017	10	31	9	0	0.05
72272523078	2017	10	31	10	0	0.09
72272523078	2017	11	8	7	0	0.01
72272523078	2017	11	8	8	0	0.01
72272523078	2017	11	8	9	0	0.02
72272523078	2017	11	8	10	0	0.05
72272523078	2017	11	8	11	0	0.01
72272523078	2017	12	17	15	0	0.06
72272523078	2017	12	17	16	0	0.08
72272523078	2017	12	17	18	0	0.01
72272523078	2017	12	17	19	0	0.01
72272523078	2017	12	17	20	0	0.02
72272523078	2017	12	18	10	0	0.01
72272523078	2017	12	18	11	0	0.07
72272523078	2018	1	10	15	0	0.03
72272523078	2018	1	10	16	0	0.01
72272523078	2018	2	15	10	0	0.02
72272523078	2018	2	15	12	0	0.02
72272523078	2018	2	15	13	0	0.01
72272523078	2018	2	15	14	0	0.03
72272523078	2018	2	15	15	0	0.03
72272523078	2018	2	15	16	0	0.07
72272523078	2018	2	15	17	0	0.12
72272523078	2018	2	15	18	0	0.11
72272523078	2018	2	15	19	0	0.17
72272523078	2018	2	15	20	0	0.04
72272523078	2018	2	15	21	0	0.04
72272523078	2018	2	15	22	0	0.01
72272523078	2018	2	15	23	0	0.01
72272523078	2018	2	16	1	0	0.01
72272523078	2018	2	16	3	0	0.01
72272523078	2018	2	16	4	0	0.01
72272523078	2018	2	16	5	0	0.01
72272523078	2018	2	16	7	0	0.01
72272523078	2018	2	16	8	0	0.01
72272523078	2018	2	16	11	0	0.01
72272523078	2018	2	16	12	0	0.05
72272523078	2018	2	16	13	0	0.01
72272523078	2018	2	16	16	0	0.01
72272523078	2018	2	16	18	0	0.03
72272523078	2018	2	16	20	0	0.01
72272523078	2018	2	16	22	0	0.03
72272523078	2018	2	16	23	0	0.38
72272523078	2018	2	17	0	0	0.11
72272523078	2018	2	17	1	0	0.03
72272523078	2018	2	17	3	0	0.01
72272523078	2018	2	17	6	0	0.01
72272523078	2018	2	17	7	0	0.02
72272523078	2018	2	19	4	0	0.01
72272523078	2018	2	19	5	0	0.02
72272523078	2018	2	25	20	0	0.001
72272523078	2018	2	28	18	0	0.03
72272523078	2018	6	16	3	0	0.01
72272523078	2018	6	16	5	0	0.02
72272523078	2018	6	16	6	0	0.13
72272523078	2018	6	16	7	0	0.08
72272523078	2018	6	16	8	0	0.18
72272523078	2018	6	16	9	0	0.16
72272523078	2018	6	16	10	0	0.13
72272523078	2018	6	29	22	0	0.28
72272523078	2018	6	29	23	0	0.24
72272523078	2018	6	30	0	0	0.28
72272523078	2018	6	30	1	0	0.03
72272523078	2018	6	30	2	0	0.06
72272523078	2018	6	30	3	0	0.03
72272523078	2018	7	8	1	0	0.07
72272523078	2018	7	8	2	0	0.03
72272523078	2018	7	9	15	0	0.01
72272523078	2018	7	10	0	0	0.02
72272523078	2018	7	10	4	0	0.01
72272523078	2018	7	10	5	0	0.15
72272523078	2018	7	10	6	0	0.07
72272523078	2018	7	10	7	0	0.12
72272523078	2018	7	10	8	0	0.01
72272523078	2018	7	12	1	0	0.02
72272523078	2018	7	12	3	0	0.07
72272523078	2018	7	12	4	0	0.31
72272523078	2018	7	12	5	0	0.09
72272523078	2018	7	13	21	0	0.08
72272523078	2018	7	13	22	0	0.01
72272523078	2018	7	16	21	0	0.09
72272523078	2018	7	16	22	0	0.33
72272523078	2018	7	16	23	0	0.03
72272523078	2018	7	20	14	0	0.02
72272523078	2018	7	27	2	0	0.007
72272523078	2018	7	27	3	0	0.05
72272523078	2018	7	27	4	0	0.05
72272523078	2018	8	3	22	0	0.08
72272523078	2018	8	9	4	0	0.04
72272523078	2018	8	9	5	0	0.01
72272523078	2018	8	10	4	0	0.01
72272523078	2018	8	10	10	0	0.01
72272523078	2018	8	12	3	0	0.43
72272523078	2018	8	12	4	0	0.15
72272523078	2018	8	22	5	0	0.02
72272523078	2018	8	22	6	0	0.01
72272523078	2018	8	23	3	0	0.09
72272523078	2018	8	23	4	0	0.09
72272523078	2018	8	23	5	0	0.2
72272523078	2018	8	23	6	0	0.06
72272523078	2018	8	24	2	0	0.02
72272523078	2018	8	24	3	0	0.01
72272523078	2018	9	2	0	0	0.05
72272523078	2018	9	2	15	0	0.03
72272523078	2018	9	2	16	0	0.19
72272523078	2018	9	3	13	0	0.01
72272523078	2018	9	3	14	0	0.06
72272523078	2018	9	6	4	0	0.07
72272523078	2018	9	6	5	0	0.01
72272523078	2018	9	6	8	0	0.01
72272523078	2018	9	7	8	0	0.001
72272523078	2018	9	7	9	0	0.05
72272523078	2018	9	20	4	0	0.08
72272523078	2018	9	20	7	0	0.04
72272523078	2018	9	20	8	0	0.18
72272523078	2018	9	20	9	0	0.04
72272523078	2018	9	20	10	0	0.01
72272523078	2018	9	20	11	0	0.11
72272523078	2018	9	20	12	0	0.01
72272523078	2018	9	20	14	0	0.01
72272523078	2018	9	20	15	0	0.04
72272523078	2018	9	20	16	0	0.15
72272523078	2018	9	20	17	0	0.15
72272523078	2018	9	20	18	0	0.02
72272523078	2018	9	20	22	0	0.01
72272523078	2018	10	7	18	0	0.02
72272523078	2018	10	7	19	0	0.03
72272523078	2018	10	7	21	0	0.01
72272523078	2018	10	7	23	0	0.04
72272523078	2018	10	8	0	0	0.07
72272523078	2018	10	8	4	0	0.02
72272523078	2018	10	8	5	0	0.01
72272523078	2018	10	8	6	0	0.02
72272523078	2018	10	8	8	0	0.01
72272523078	2018	10	12	9	0	0.01
72272523078	2018	10	12	10	0	0.01
72272523078	2018	10	12	11	0	0.03
72272523078	2018	10	12	12	0	0.02
72272523078	2018	10	12	13	0	0.01
72272523078	2018	10	12	14	0	0.09
72272523078	2018	10	12	15	0	0.05
72272523078	2018	10	12	16	0	0.06
72272523078	2018	10	12	17	0	0.02
72272523078	2018	10	12	20	0	0.04
72272523078	2018	10	12	22	0	0.01
72272523078	2018	10	12	23	0	0.04
72272523078	2018	10	13	0	0	0.14
72272523078	2018	10	13	1	0	0.12
72272523078	2018	10	13	2	0	0.01
72272523078	2018	10	13	6	0	0.01
72272523078	2018	10	13	20	0	0.01
72272523078	2018	10	14	0	0	0.03
72272523078	2018	10	16	18	0	0.01
72272523078	2018	10	16	19	0	0.02
72272523078	2018	10	18	19	0	0.01
72272523078	2018	10	22	6	0	0.13
72272523078	2018	10	22	7	0	0.01
72272523078	2018	10	22	8	0	0.01
72272523078	2018	10	23	11	0	0.01
72272523078	2018	10	23	13	0	0.01
72272523078	2018	10	23	15	0	0.03
72272523078	2018	10	23	16	0	0.02
72272523078	2018	10	23	17	0	0.01
72272523078	2018	10	23	20	0	0.01
72272523078	2018	10	23	22	0	0.02
72272523078	2018	10	23	23	0	0.023
72272523078	2018	10	24	0	0	0.2
72272523078	2018	10	24	1	0	0.01
72272523078	2018	10	24	2	0	0.05
72272523078	2018	10	24	3	0	0.02
72272523078	2018	10	24	4	0	0.03
72272523078	2018	11	30	15	0	0.03
72272523078	2018	12	7	6	0	0.01
72272523078	2018	12	7	7	0	0.05
72272523078	2018	12	8	0	0	0.01
72272523078	2018	12	8	1	0	0.04
72272523078	2018	12	8	5	0	0.01
72272523078	2018	12	8	6	0	0.01
72272523078	2018	12	8	12	0	0.01
72272523078	2018	12	17	2	0	0.01
72272523078	2018	12	17	3	0	0.03
72272523078	2018	12	17	5	0	0.01
72272523078	2018	12	17	6	0	0.01
72272523078	2018	12	17	7	0	0.01
72272523078	2018	12	17	9	0	0.02
72272523078	2018	12	17	10	0	0.01
72272523078	2018	12	17	11	0	0.01
72272523078	2018	12	26	11	0	0.08
72272523078	2018	12	28	10	0	0.02
72272523078	2018	12	28	11	0	0.02
72272523078	2018	12	28	12	0	0.03
72272523078	2018	12	28	14	0	0.01
72272523078	2019	1	6	19	0	0.03
72272523078	2019	1	6	20	0	0.01
72272523078	2019	1	10	21	0	0.01
72272523078	2019	1	10	22	0	0.03
72272523078	2019	2	5	9	0	0.01
72272523078	2019	2	5	10	0	0.03
72272523078	2019	2	5	11	0	0.06
72272523078	2019	2	10	22	0	0.01
72272523078	2019	2	10	23	0	0.03
72272523078	2019	2	11	0	0	0.01
72272523078	2019	2	22	22	0	0.02
72272523078	2019	2	22	23	0	0.03
72272523078	2019	2	23	0	0	0.01
72272523078	2019	2	23	1	0	0.01
72272523078	2019	3	9	3	0	0.01
72272523078	2019	3	12	19	0	0.02
72272523078	2019	3	12	20	0	0.07
72272523078	2019	3	12	21	0	0.05
72272523078	2019	3	12	22	0	0.03
72272523078	2019	3	12	23	0	0.01
72272523078	2019	3	16	14	0	0.01
72272523078	2019	3	16	15	0	0.02
72272523078	2019	3	16	16	0	0.05
72272523078	2019	3	16	17	0	0.05
72272523078	2019	3	16	18	0	0.02
72272523078	2019	3	16	19	0	0.02
72272523078	2019	3	16	20	0	0.01
72272523078	2019	4	17	6	0	0.03
72272523078	2019	4	17	7	0	0.07
72272523078	2019	4	17	10	0	0.04
72272523078	2019	4	17	11	0	0.05
72272523078	2019	4	17	12	0	0.08
72272523078	2019	4	17	13	0	0.05
72272523078	2019	4	23	10	0	0.01
72272523078	2019	4	23	21	0	0.01
72272523078	2019	5	10	21	0	0.02
72272523078	2019	5	12	20	0	0.01
72272523078	2019	5	12	21	0	0.06
72272523078	2019	5	12	22	0	0.04
72272523078	2019	5	12	23	0	0.01
72272523078	2019	5	13	0	0	0.09
72272523078	2019	6	10	12	0	0.1
72272523078	2019	6	10	13	0	0.24
72272523078	2019	6	10	14	0	0.03
72272523078	2019	6	10	15	0	0.01
72272523078	2019	6	10	16	0	0.01
72272523078	2019	6	10	17	0	0.06
72272523078	2019	6	10	18	0	0.1
72272523078	2019	6	10	19	0	0.19
72272523078	2019	6	10	20	0	0.17
72272523078	2019	6	10	21	0	0.16
72272523078	2019	6	10	22	0	0.04
72272523078	2019	6	28	5	0	0.04
72272523078	2019	6	28	6	0	0.03
72272523078	2019	6	29	4	0	0.03
72272523078	2019	6	29	5	0	0.02
72272523078	2019	7	7	4	0	0.04
72272523078	2019	7	7	23	0	0.01
72272523078	2019	7	23	7	0	0.03
72272523078	2019	7	23	8	0	0.01
72272523078	2019	7	23	12	0	0.01
72272523078	2019	7	23	13	0	0.06
72272523078	2019	7	23	14	0	0.06
72272523078	2019	7	23	15	0	0.05
72272523078	2019	7	24	4	0	0.02
72272523078	2019	7	24	5	0	0.03
72272523078	2019	7	27	5	0	0.02
72272523078	2019	7	31	7	0	0.01
72272523078	2019	8	4	6	0	0.01
72272523078	2019	8	10	9	0	0.59
72272523078	2019	8	10	10	0	0.42
72272523078	2019	8	10	11	0	0.2
72272523078	2019	8	10	12	0	0.01
72272523078	2019	8	13	0	0	0.001
72272523078	2019	8	15	0	0	0.09
72272523078	2019	8	15	3	0	0.04
72272523078	2019	8	15	4	0	0.05
72272523078	2019	8	20	23	0	0.67
72272523078	2019	9	9	5	0	0.01
72272523078	2019	9	9	6	0	0.04
72272523078	2019	9	14	16	0	0.3
72272523078	2019	9	14	17	0	0.04
72272523078	2019	9	15	2	0	0.04
72272523078	2019	9	15	3	0	0.12
72272523078	2019	9	15	4	0	0.18
72272523078	2019	9	15	5	0	0.15
72272523078	2019	9	15	6	0	0.01
72272523078	2019	9	15	7	0	0.07
72272523078	2019	9	15	8	0	0.02
72272523078	2019	9	15	9	0	0.02
72272523078	2019	9	15	10	0	0.09
72272523078	2019	9	15	11	0	0.01
72272523078	2019	9	16	1	0	0.55
72272523078	2019	9	16	2	0	0.06
72272523078	2019	9	16	3	0	0.01
72272523078	2019	9	16	4	0	0.03
72272523078	2019	9	16	5	0	0.01
72272523078	2019	9	19	23	0	0.11
72272523078	2019	9	24	4	0	0.04
72272523078	2019	9	24	17	0	0.01
72272523078	2019	9	24	19	0	0.06
72272523078	2019	9	25	0	0	0.01
72272523078	2019	9	27	22	0	0.11
72272523078	2019	10	2	15	0	0.01
72272523078	2019	10	2	20	0	0.01
72272523078	2019	10	4	6	0	0.11
72272523078	2019	10	4	7	0	0.07
72272523078	2019	10	4	8	0	0.02
72272523078	2019	10	4	10	0	0.01
72272523078	2019	11	6	17	0	0.01
72272523078	2019	11	6	18	0	0.067
72272523078	2019	11	7	2	0	0.016
72272523078	2019	11	7	3	0	0.034
72272523078	2019	11	21	16	0	0.02
72272523078	2019	11	21	17	0	0.06
72272523078	2019	11	21	18	0	0.09
72272523078	2019	11	21	19	0	0.06
72272523078	2019	11	27	19	0	0.05
72272523078	2019	11	27	20	0	0.09
72272523078	2019	11	27	21	0	0.12
72272523078	2019	11	27	22	0	0.07
72272523078	2019	11	27	23	0	0.03
72272523078	2019	11	28	0	0	0.01
72272523078	2019	11	28	1	0	0.03
72272523078	2019	11	28	2	0	0.07
72272523078	2019	11	28	3	0	0.12
72272523078	2019	11	28	4	0	0.13
72272523078	2019	11	28	5	0	0.09
72272523078	2019	11	28	6	0	0.08
72272523078	2019	11	28	7	0	0.09
72272523078	2019	11	28	8	0	0.06
72272523078	2019	11	28	9	0	0.07
72272523078	2019	11	28	10	0	0.02
72272523078	2019	11	28	12	0	0.02
72272523078	2019	11	28	13	0	0.04
72272523078	2019	11	28	14	0	0.12
72272523078	2019	11	28	15	0	0.1
72272523078	2019	11	28	16	0	0.15
72272523078	2019	11	28	17	0	0.11
72272523078	2019	11	28	18	0	0.03
72272523078	2019	11	28	19	0	0.01
72272523078	2019	11	28	20	0	0.04
72272523078	2019	11	28	21	0	0.02
72272523078	2019	11	28	22	0	0.01
72272523078	2019	11	29	1	0	0.04
72272523078	2019	11	29	2	0	0.13
72272523078	2019	11	29	3	0	0.01
72272523078	2019	11	29	12	0	0.04
72272523078	2019	11	29	18	0	0.01
72272523078	2019	11	29	19	0	0.07
72272523078	2019	11	29	20	0	0.01
72272523078	2019	12	4	17	0	0.01
72272523078	2019	12	4	18	0	0.01
72272523078	2019	12	9	10	0	0.04
72272523078	2019	12	9	11	0	0.04
72272523078	2019	12	9	12	0	0.05
72272523078	2019	12	9	13	0	0.05
72272523078	2019	12	9	14	0	0.04
72272523078	2019	12	9	15	0	0.06
72272523078	2019	12	9	16	0	0.04
72272523078	2019	12	9	17	0	0.02
72272523078	2019	12	9	18	0	0.01
72272523078	2019	12	24	21	0	0.13
72272523078	2019	12	25	8	0	0.01
72272523078	2019	12	25	14	0	0.03
72272523078	2019	12	25	15	0	0.05
72272523078	2019	12	25	16	0	0.02
72272523078	2019	12	27	20	0	0.01
72272523078	2019	12	28	20	0	0.01
72272523078	2020	1	16	13	0	0.03
72272523078	2020	1	16	14	0	0.01
72272523078	2020	1	21	18	0	0.02
72272523078	2020	1	21	19	0	0.03
72272523078	2020	1	22	10	0	0.01
72272523078	2020	2	10	9	0	0.08
72272523078	2020	2	10	10	0	0.2
72272523078	2020	2	10	11	0	0.22
72272523078	2020	2	10	12	0	0.06
72272523078	2020	2	10	13	0	0.07
72272523078	2020	2	10	14	0	0.01
72272523078	2020	2	11	5	0	0.01
72272523078	2020	2	11	14	0	0.01
72272523078	2020	2	11	15	0	0.02
72272523078	2020	2	11	16	0	0.09
72272523078	2020	2	11	17	0	0.08
72272523078	2020	2	11	18	0	0.15
72272523078	2020	2	11	19	0	0.1
72272523078	2020	2	11	20	0	0.07
72272523078	2020	2	11	21	0	0.02
72272523078	2020	2	11	22	0	0.01
72272523078	2020	2	11	23	0	0.01
72272523078	2020	2	12	0	0	0.04
72272523078	2020	2	12	2	0	0.02
72272523078	2020	2	12	11	0	0.02
72272523078	2020	2	23	4	0	0.02
72272523078	2020	3	3	20	0	0.09
72272523078	2020	3	3	21	0	0.06
72272523078	2020	3	3	22	0	0.03
72272523078	2020	3	4	1	0	0.03
72272523078	2020	3	8	13	0	0.02
72272523078	2020	3	8	14	0	0.06
72272523078	2020	3	8	15	0	0.03
72272523078	2020	3	8	16	0	0.02
72272523078	2020	3	8	17	0	0.04
72272523078	2020	3	8	18	0	0.05
72272523078	2020	3	8	19	0	0.04
72272523078	2020	3	8	20	0	0.06
72272523078	2020	3	8	21	0	0.03
72272523078	2020	3	13	0	0	0.03
72272523078	2020	3	13	1	0	0.02
72272523078	2020	3	13	2	0	0.01
72272523078	2020	3	13	4	0	0.02
72272523078	2020	3	13	5	0	0.01
72272523078	2020	3	13	7	0	0.01
72272523078	2020	3	13	9	0	0.04
72272523078	2020	3	13	10	0	0.01
72272523078	2020	3	13	11	0	0.01
72272523078	2020	3	13	19	0	0.01
72272523078	2020	3	17	23	0	0.03
72272523078	2020	3	18	16	0	0.02
72272523078	2020	3	18	17	0	0.04
72272523078	2020	3	18	18	0	0.08
72272523078	2020	3	18	19	0	0.11
72272523078	2020	3	18	20	0	0.03
72272523078	2020	3	18	21	0	0.02
72272523078	2020	3	18	23	0	0.1
72272523078	2020	3	19	0	0	0.01
72272523078	2020	3	19	3	0	0.08
72272523078	2020	3	19	4	0	0.04
72272523078	2020	5	10	22	0	0.01
72272523078	2020	6	13	1	0	0.05
72272523078	2020	6	13	2	0	0.02
72272523078	2020	6	16	3	0	0.01
72272523078	2020	7	14	2	0	0.01
72272523078	2020	7	14	5	0	0.02
72272523078	2020	7	22	1	0	0.01
72272523078	2020	7	22	2	0	0.02
72272523078	2020	7	22	22	0	0.13
72272523078	2020	7	23	3	0	0.02
72272523078	2020	7	24	2	0	0.01
72272523078	2020	7	24	3	0	0.01
72272523078	2020	7	24	8	0	0.01
72272523078	2020	7	26	2	0	0.04
72272523078	2020	7	26	21	0	0.02
72272523078	2020	7	26	22	0	0.12
72272523078	2020	7	26	23	0	0.01
72272523078	2020	7	27	0	0	0.02
72272523078	2020	7	27	1	0	0.02
72272523078	2020	8	17	5	0	0.02
72272523078	2020	9	9	9	0	0.15
72272523078	2020	9	9	10	0	0.56
72272523078	2020	9	9	23	0	0.009
72272523078	2020	9	10	0	0	0.02
72272523078	2020	9	10	2	0	0.04
72272523078	2020	10	27	6	0	0.01
72272523078	2020	10	27	7	0	0.02
72272523078	2020	10	27	8	0	0.01
72272523078	2020	10	27	17	0	0.01
72272523078	2020	10	27	20	0	0.01
72272523078	2020	10	27	21	0	0.02
72272523078	2020	10	27	22	0	0.02
72272523078	2020	11	8	10	0	0.01
72272523078	2020	11	8	11	0	0.05
72272523078	2020	11	8	12	0	0.01
72272523078	2020	12	10	10	0	0.03
72272523078	2020	12	10	11	0	0.05
72272523078	2020	12	10	12	0	0.12
72272523078	2020	12	10	13	0	0.07
72272523078	2020	12	10	14	0	0.12
72272523078	2020	12	10	15	0	0.03
72272523078	2021	1	20	11	0	0.01
72272523078	2021	1	20	12	0	0.03
72272523078	2021	1	21	11	0	0.01
72272523078	2021	1	21	12	0	0.01
72272523078	2021	1	21	17	0	0.01
72272523078	2021	1	25	2	0	0.02
72272523078	2021	1	26	5	0	0.04
72272523078	2021	1	26	6	0	0.06
72272523078	2021	1	26	7	0	0.05
72272523078	2021	1	26	8	0	0.01
72272523078	2021	1	26	21	0	0.01
72272523078	2021	2	14	9	0	0.01
72272523078	2021	2	14	12	0	0.04
72272523078	2021	2	14	16	0	0.01
72272523078	2021	2	14	17	0	0.11
72272523078	2021	2	14	19	0	0.01
72272523078	2021	2	14	21	0	0.005
72272523078	2021	2	16	20	0	0.02
72272523078	2021	3	24	7	0	0.07
72272523078	2021	3	24	8	0	0.01
72272523078	2021	3	24	21	0	0.06
72272523078	2021	4	28	16	0	0.01
72272523078	2021	4	28	18	0	0.03
72272523078	2021	4	28	19	0	0.06
72272523078	2021	6	4	1	0	0.01
72272523078	2021	6	20	21	0	0.01
72272523078	2021	6	20	22	0	0.11
72272523078	2021	6	24	4	0	0.04
72272523078	2021	6	27	21	0	0.3
72272523078	2021	6	27	22	0	0.01
72272523078	2021	6	28	15	0	0.04
72272523078	2021	6	28	19	0	0.01
72272523078	2021	6	29	1	0	0.01
72272523078	2021	6	29	2	0	0.01
72272523078	2021	6	29	3	0	0.01
72272523078	2021	6	29	4	0	0.01
72272523078	2021	6	29	5	0	0.01
72272523078	2021	6	30	9	0	0.01
72272523078	2021	6	30	11	0	0.01
72272523078	2021	6	30	12	0	0.06
72272523078	2021	6	30	16	0	0.01
72272523078	2021	7	1	15	0	0.05
72272523078	2021	7	1	16	0	0.03
72272523078	2021	7	3	7	0	0.02
72272523078	2021	7	3	16	0	0.01
72272523078	2021	7	7	9	0	0.28
72272523078	2021	7	12	4	0	0.03
72272523078	2021	7	16	3	0	0.01
72272523078	2021	7	19	0	0	0.01
72272523078	2021	7	27	3	0	0.01
72272523078	2021	7	31	22	0	0.01
72272523078	2021	8	4	7	0	0.01
72272523078	2021	8	5	7	0	0.09
72272523078	2021	8	7	21	0	0.02
72272523078	2021	8	7	22	0	0.05
72272523078	2021	8	10	11	0	0.03
72272523078	2021	8	10	12	0	0.03
72272523078	2021	8	10	13	0	0.03
72272523078	2021	8	13	5	0	0.01
72272523078	2021	8	14	3	0	0.07
72272523078	2021	8	14	4	0	0.02
72272523078	2021	8	14	5	0	0.01
72272523078	2021	8	14	15	0	0.06
72272523078	2021	8	14	16	0	0.04
72272523078	2021	8	14	19	0	0.02
72272523078	2021	8	15	2	0	0.01
72272523078	2021	8	15	9	0	0.04
72272523078	2021	8	15	10	0	0.01
72272523078	2021	8	15	15	0	0.17
72272523078	2021	8	23	21	0	0.16
72272523078	2021	8	23	22	0	0.05
72272523078	2021	8	24	4	0	0.01
72272523078	2021	8	24	5	0	0.08
72272523078	2021	8	24	6	0	0.02
72272523078	2021	8	24	7	0	0.04
72272523078	2021	8	27	23	0	0.14
72272523078	2021	8	28	0	0	0.08
72272523078	2021	8	28	3	0	0.03
72272523078	2021	8	28	21	0	0.01
72272523078	2021	8	29	0	0	0.51
72272523078	2021	9	1	2	0	0.03
72272523078	2021	9	1	3	0	0.06
72272523078	2021	9	1	4	0	0.01
72272523078	2021	9	1	5	0	0.16
72272523078	2021	9	1	6	0	0.01
72272523078	2021	9	1	8	0	0.11
72272523078	2021	9	1	9	0	0.01
72272523078	2021	9	1	12	0	0.03
72272523078	2021	9	1	19	0	0.41
72272523078	2021	9	1	21	0	0.01
72272523078	2021	9	8	0	0	0.11
72272523078	2021	9	24	2	0	0.01
72272523078	2021	9	24	10	0	0.02
72272523078	2021	9	25	17	0	0.01
72272523078	2021	9	25	19	0	0.04
72272523078	2021	9	26	2	0	0.013
72272523078	2021	9	26	20	0	0.02
72272523078	2021	9	26	22	0	0.01
72272523078	2021	9	26	23	0	0.04
72272523078	2021	9	28	14	0	0.01
72272523078	2021	9	28	23	0	0.01
72272523078	2021	9	30	13	0	0.01
72272523078	2021	9	30	14	0	0.13
72272523078	2021	9	30	15	0	0.13
72272523078	2021	9	30	18	0	0.05
72272523078	2021	9	30	19	0	0.03
72272523078	2021	10	1	5	0	0.01
72272523078	2021	11	24	18	0	0.02
72272523078	2021	11	24	23	0	0.01
72272523078	2021	11	25	15	0	0.01
72272523078	2021	11	27	5	0	0.01
72272523078	2021	12	31	7	0	0.01
72272523078	2021	12	31	10	0	0.01
72272523078	2021	12	31	11	0	0.03
72272523078	2021	12	31	12	0	0.08
72272523078	2021	12	31	13	0	0.13
72272523078	2021	12	31	14	0	0.09
72272523078	2021	12	31	15	0	0.02
72272523078	2021	12	31	16	0	0.04
