72274793084	2006	1	25	13	0	0.03
72274793084	2006	1	25	14	0	0.05
72274793084	2006	1	25	15	0	0.01
72274793084	2006	1	25	16	0	0.01
72274793084	2006	1	25	17	0	0.04
72274793084	2006	1	25	18	0	0.01
72274793084	2006	1	25	23	0	0.1
72274793084	2006	3	12	2	0	0.01
72274793084	2006	3	12	3	0	0.02
72274793084	2006	3	12	4	0	0.01
72274793084	2006	3	12	5	0	0.01
72274793084	2006	3	12	6	0	0.06
72274793084	2006	3	12	7	0	0.04
72274793084	2006	3	12	8	0	0.05
72274793084	2006	3	12	9	0	0.05
72274793084	2006	3	12	10	0	0.06
72274793084	2006	3	12	12	0	0.01
72274793084	2006	3	12	13	0	0.01
72274793084	2006	4	5	18	0	0.01
72274793084	2006	4	28	10	0	0.02
72274793084	2006	5	12	19	0	0.01
72274793084	2006	5	19	19	0	0.01
72274793084	2006	5	23	18	0	0.01
72274793084	2006	5	25	19	0	0.01
72274793084	2006	5	27	18	0	0.01
72274793084	2006	5	29	19	0	0.01
72274793084	2006	6	3	18	0	0.01
72274793084	2006	6	6	18	0	0.01
72274793084	2006	6	9	18	0	0.01
72274793084	2006	6	11	18	0	0.01
72274793084	2006	6	14	18	0	0.01
72274793084	2006	6	16	18	0	0.01
72274793084	2006	6	18	18	0	0.01
72274793084	2006	6	20	19	0	0.01
72274793084	2006	6	26	23	0	0.34
72274793084	2006	6	30	18	0	0.01
72274793084	2006	7	4	19	0	0.01
72274793084	2006	7	4	20	0	0.011
72274793084	2006	7	5	2	0	0.025
72274793084	2006	7	5	9	0	0.01
72274793084	2006	7	7	6	0	0.03
72274793084	2006	7	7	7	0	0.14
72274793084	2006	7	7	8	0	0.06
72274793084	2006	7	8	0	0	0.01
72274793084	2006	7	12	19	0	0.01
72274793084	2006	7	15	19	0	0.01
72274793084	2006	7	19	2	0	0.01
72274793084	2006	7	19	4	0	0.4
72274793084	2006	7	19	6	0	0.05
72274793084	2006	7	20	10	0	0.01
72274793084	2006	7	20	12	0	0.02
72274793084	2006	7	26	5	0	0.09
72274793084	2006	7	27	6	0	0.05
72274793084	2006	7	27	7	0	0.06
72274793084	2006	7	27	8	0	0.06
72274793084	2006	7	28	3	0	0.57
72274793084	2006	7	28	4	0	0.01
72274793084	2006	7	28	17	0	0.006
72274793084	2006	7	28	18	0	0.05
72274793084	2006	7	29	10	0	0.01
72274793084	2006	7	29	11	0	0.08
72274793084	2006	7	29	12	0	0.23
72274793084	2006	7	29	13	0	0.17
72274793084	2006	7	29	14	0	0.08
72274793084	2006	7	29	15	0	0.01
72274793084	2006	7	30	11	0	0.017
72274793084	2006	7	30	12	0	0.24
72274793084	2006	7	30	13	0	0.05
72274793084	2006	7	31	10	0	0.01
72274793084	2006	7	31	15	0	0.02
72274793084	2006	7	31	16	0	0.02
72274793084	2006	7	31	17	0	0.04
72274793084	2006	7	31	18	0	0.02
72274793084	2006	7	31	20	0	0.02
72274793084	2006	7	31	21	0	0.03
72274793084	2006	8	1	14	0	0.071
72274793084	2006	8	1	15	0	0.03
72274793084	2006	8	3	23	0	0.03
72274793084	2006	8	4	1	0	0.05
72274793084	2006	8	4	12	0	0.04
72274793084	2006	8	4	13	0	0.01
72274793084	2006	8	4	14	0	0.01
72274793084	2006	8	4	15	0	0.05
72274793084	2006	8	4	16	0	0.02
72274793084	2006	8	5	3	0	0.03
72274793084	2006	8	9	6	0	0.03
72274793084	2006	8	9	7	0	0.03
72274793084	2006	8	9	8	0	0.02
72274793084	2006	8	9	9	0	0.03
72274793084	2006	8	15	5	0	0.013
72274793084	2006	8	15	6	0	0.09
72274793084	2006	8	15	7	0	0.02
72274793084	2006	8	15	8	0	0.014
72274793084	2006	8	15	9	0	0.007
72274793084	2006	8	18	3	0	0.12
72274793084	2006	8	18	4	0	0.02
72274793084	2006	8	22	0	0	0.01
72274793084	2006	8	22	6	0	0.02
72274793084	2006	8	22	7	0	0.04
72274793084	2006	8	22	8	0	0.01
72274793084	2006	8	22	16	0	0.03
72274793084	2006	9	3	22	0	0.03
72274793084	2006	9	5	13	0	0.04
72274793084	2006	9	8	5	0	0.01
72274793084	2006	9	12	22	0	0.02
72274793084	2006	9	12	23	0	0.07
72274793084	2006	9	13	20	0	0.241
72274793084	2006	9	13	21	0	0.01
72274793084	2006	10	6	11	0	0.016
72274793084	2006	10	6	19	0	0.03
72274793084	2006	10	9	3	0	0.07
72274793084	2006	10	9	4	0	0.01
72274793084	2006	10	9	5	0	0.1
72274793084	2006	10	9	6	0	0.02
72274793084	2006	10	9	14	0	0.42
72274793084	2006	10	9	15	0	0.04
72274793084	2006	10	9	18	0	0.03
72274793084	2006	10	9	20	0	0.13
72274793084	2006	10	9	21	0	0.07
72274793084	2006	10	9	22	0	0.14
72274793084	2006	10	14	22	0	0.07
72274793084	2006	10	25	4	0	0.01
72274793084	2006	10	30	6	0	0.02
72274793084	2006	12	28	8	0	0.01
72274793084	2006	12	28	16	0	0.02
72274793084	2007	1	13	0	0	0.09
72274793084	2007	1	13	1	0	0.04
72274793084	2007	1	13	2	0	0.02
72274793084	2007	1	13	3	0	0.05
72274793084	2007	1	13	6	0	0.03
72274793084	2007	1	19	7	0	0.01
72274793084	2007	1	19	8	0	0.03
72274793084	2007	1	19	9	0	0.12
72274793084	2007	1	19	10	0	0.06
72274793084	2007	1	19	11	0	0.08
72274793084	2007	1	19	12	0	0.04
72274793084	2007	1	19	13	0	0.04
72274793084	2007	1	19	14	0	0.1
72274793084	2007	1	19	15	0	0.11
72274793084	2007	1	19	16	0	0.02
72274793084	2007	1	19	21	0	0.05
72274793084	2007	1	20	2	0	0.03
72274793084	2007	1	20	5	0	0.02
72274793084	2007	1	22	2	0	0.003
72274793084	2007	1	22	3	0	0.04
72274793084	2007	1	22	4	0	0.02
72274793084	2007	1	22	5	0	0.03
72274793084	2007	1	22	6	0	0.09
72274793084	2007	1	22	7	0	0.11
72274793084	2007	1	22	8	0	0.06
72274793084	2007	1	22	9	0	0.02
72274793084	2007	1	22	10	0	0.02
72274793084	2007	1	22	11	0	0.06
72274793084	2007	1	22	12	0	0.07
72274793084	2007	1	22	13	0	0.09
72274793084	2007	1	22	14	0	0.09
72274793084	2007	1	22	15	0	0.04
72274793084	2007	1	22	16	0	0.03
72274793084	2007	1	22	17	0	0.05
72274793084	2007	1	22	18	0	0.01
72274793084	2007	1	22	19	0	0.01
72274793084	2007	1	30	14	0	0.02
72274793084	2007	1	30	15	0	0.01
72274793084	2007	1	30	22	0	0.02
72274793084	2007	1	31	0	0	0.01
72274793084	2007	1	31	3	0	0.02
72274793084	2007	2	1	23	0	0.01
72274793084	2007	2	12	2	0	0.021
72274793084	2007	2	12	3	0	0.04
72274793084	2007	2	12	4	0	0.01
72274793084	2007	2	12	5	0	0.05
72274793084	2007	2	12	6	0	0.04
72274793084	2007	2	12	7	0	0.1
72274793084	2007	2	12	9	0	0.01
72274793084	2007	2	13	15	0	0.03
72274793084	2007	2	13	18	0	0.01
72274793084	2007	2	14	1	0	0.01
72274793084	2007	2	14	3	0	0.01
72274793084	2007	2	14	5	0	0.01
72274793084	2007	2	14	9	0	0.02
72274793084	2007	2	14	11	0	0.11
72274793084	2007	2	14	12	0	0.02
72274793084	2007	2	15	0	0	0.01
72274793084	2007	2	19	16	0	0.04
72274793084	2007	3	22	5	0	0.01
72274793084	2007	3	22	6	0	0.01
72274793084	2007	3	22	7	0	0.05
72274793084	2007	3	22	8	0	0.02
72274793084	2007	3	22	11	0	0.01
72274793084	2007	3	22	14	0	0.01
72274793084	2007	3	23	1	0	0.06
72274793084	2007	3	23	2	0	0.3
72274793084	2007	3	23	3	0	0.07
72274793084	2007	3	23	6	0	0.1
72274793084	2007	3	23	7	0	0.01
72274793084	2007	3	23	9	0	0.02
72274793084	2007	3	23	13	0	0.05
72274793084	2007	3	23	16	0	0.01
72274793084	2007	3	24	6	0	0.02
72274793084	2007	3	24	7	0	0.11
72274793084	2007	3	24	8	0	0.02
72274793084	2007	3	24	9	0	0.02
72274793084	2007	4	13	8	0	0.009
72274793084	2007	4	13	9	0	0.05
72274793084	2007	4	28	20	0	0.028
72274793084	2007	5	6	19	0	0.01
72274793084	2007	5	14	19	0	0.01
72274793084	2007	5	17	2	0	0.03
72274793084	2007	5	18	23	0	0.001
72274793084	2007	5	19	19	0	0.01
72274793084	2007	5	24	18	0	0.01
72274793084	2007	5	28	18	0	0.01
72274793084	2007	5	30	19	0	0.01
72274793084	2007	6	1	19	0	0.01
72274793084	2007	6	5	19	0	0.01
72274793084	2007	6	7	19	0	0.01
72274793084	2007	6	9	19	0	0.01
72274793084	2007	6	11	16	0	0.03
72274793084	2007	6	11	17	0	0.05
72274793084	2007	6	11	18	0	0.13
72274793084	2007	6	11	19	0	0.11
72274793084	2007	6	12	1	0	0.05
72274793084	2007	6	12	2	0	0.09
72274793084	2007	6	16	19	0	0.01
72274793084	2007	6	18	19	0	0.01
72274793084	2007	6	21	18	0	0.01
72274793084	2007	6	24	18	0	0.01
72274793084	2007	6	26	18	0	0.01
72274793084	2007	6	27	19	0	0.01
72274793084	2007	6	30	19	0	0.01
72274793084	2007	7	4	18	0	0.01
72274793084	2007	7	5	0	0	0.002
72274793084	2007	7	8	19	0	0.01
72274793084	2007	7	11	1	0	0.18
72274793084	2007	7	11	4	0	0.01
72274793084	2007	7	11	5	0	0.01
72274793084	2007	7	12	6	0	0.16
72274793084	2007	7	12	7	0	0.07
72274793084	2007	7	12	8	0	0.05
72274793084	2007	7	13	7	0	0.14
72274793084	2007	7	13	8	0	0.04
72274793084	2007	7	13	9	0	0.01
72274793084	2007	7	14	13	0	0.007
72274793084	2007	7	14	14	0	0.007
72274793084	2007	7	14	15	0	0.007
72274793084	2007	7	14	16	0	0.007
72274793084	2007	7	14	17	0	0.007
72274793084	2007	7	14	18	0	0.007
72274793084	2007	7	14	19	0	0.007
72274793084	2007	7	14	20	0	0.007
72274793084	2007	7	14	21	0	0.007
72274793084	2007	7	14	22	0	0.007
72274793084	2007	7	14	23	0	0.007
72274793084	2007	7	15	0	0	0.007
72274793084	2007	7	15	1	0	0.007
72274793084	2007	7	15	2	0	0.007
72274793084	2007	7	15	3	0	0.016
72274793084	2007	7	15	5	0	0.01
72274793084	2007	7	15	7	0	0.01
72274793084	2007	7	15	8	0	0.01
72274793084	2007	7	17	19	0	0.01
72274793084	2007	7	20	0	0	0.08
72274793084	2007	7	21	1	0	0.01
72274793084	2007	7	21	23	0	0.23
72274793084	2007	7	22	0	0	0.12
72274793084	2007	7	22	1	0	0.01
72274793084	2007	7	23	20	0	0.01
72274793084	2007	7	25	4	0	0.43
72274793084	2007	7	25	5	0	0.05
72274793084	2007	7	25	6	0	0.02
72274793084	2007	7	28	3	0	0.29
72274793084	2007	7	28	4	0	0.01
72274793084	2007	7	28	5	0	0.01
72274793084	2007	7	31	23	0	0.03
72274793084	2007	8	1	7	0	0.001
72274793084	2007	8	1	8	0	0.001
72274793084	2007	8	1	9	0	0.001
72274793084	2007	8	1	10	0	0.001
72274793084	2007	8	1	11	0	0.001
72274793084	2007	8	1	12	0	0.001
72274793084	2007	8	1	13	0	0.007
72274793084	2007	8	1	14	0	0.007
72274793084	2007	8	1	15	0	0.007
72274793084	2007	8	1	16	0	0.007
72274793084	2007	8	1	17	0	0.007
72274793084	2007	8	1	18	0	0.007
72274793084	2007	8	1	19	0	0.007
72274793084	2007	8	1	20	0	0.01
72274793084	2007	8	1	21	0	0.017
72274793084	2007	8	1	22	0	0.008
72274793084	2007	8	1	23	0	0.007
72274793084	2007	8	2	0	0	0.013
72274793084	2007	8	2	1	0	0.09
72274793084	2007	8	2	2	0	0.051
72274793084	2007	8	2	3	0	0.025
72274793084	2007	8	2	4	0	0.009
72274793084	2007	8	2	5	0	0.011
72274793084	2007	8	2	6	0	0.03
72274793084	2007	8	2	7	0	0.02
72274793084	2007	8	4	2	0	0.001
72274793084	2007	8	4	3	0	0.04
72274793084	2007	8	4	4	0	0.01
72274793084	2007	8	4	23	0	0.136
72274793084	2007	8	6	16	0	0.01
72274793084	2007	8	6	19	0	0.02
72274793084	2007	8	7	1	0	0.01
72274793084	2007	8	25	15	0	0.45
72274793084	2007	8	25	16	0	0.04
72274793084	2007	8	25	17	0	0.09
72274793084	2007	8	27	2	0	0.03
72274793084	2007	8	27	3	0	0.02
72274793084	2007	9	1	23	0	0.013
72274793084	2007	9	2	0	0	0.018
72274793084	2007	9	2	1	0	0.007
72274793084	2007	9	2	4	0	0.007
72274793084	2007	9	2	6	0	0.007
72274793084	2007	9	2	9	0	0.007
72274793084	2007	9	2	11	0	0.007
72274793084	2007	9	9	13	0	0.002
72274793084	2007	9	20	10	0	0.01
72274793084	2007	9	23	4	0	0.04
72274793084	2007	9	23	5	0	0.03
72274793084	2007	9	29	20	0	0.02
72274793084	2007	10	10	3	0	0.01
72274793084	2007	11	29	13	0	0.01
72274793084	2007	11	30	7	0	0.04
72274793084	2007	11	30	8	0	0.12
72274793084	2007	11	30	9	0	0.01
72274793084	2007	11	30	22	0	0.02
72274793084	2007	11	30	23	0	0.05
72274793084	2007	12	1	0	0	0.02
72274793084	2007	12	1	2	0	0.01
72274793084	2007	12	1	3	0	0.01
72274793084	2007	12	1	4	0	0.02
72274793084	2007	12	1	5	0	0.01
72274793084	2007	12	1	6	0	0.02
72274793084	2007	12	8	13	0	0.01
72274793084	2007	12	8	14	0	0.01
72274793084	2007	12	8	18	0	0.06
72274793084	2007	12	8	19	0	0.01
72274793084	2007	12	8	20	0	0.02
72274793084	2007	12	8	21	0	0.03
72274793084	2007	12	9	22	0	0.01
72274793084	2007	12	10	0	0	0.01
72274793084	2007	12	10	1	0	0.01
72274793084	2007	12	10	3	0	0.01
72274793084	2007	12	10	4	0	0.01
72274793084	2007	12	10	5	0	0.01
72274793084	2007	12	10	6	0	0.03
72274793084	2007	12	10	7	0	0.01
72274793084	2007	12	10	8	0	0.01
72274793084	2007	12	11	7	0	0.01
72274793084	2007	12	11	21	0	0.01
72274793084	2007	12	11	22	0	0.05
72274793084	2007	12	11	23	0	0.01
72274793084	2007	12	21	17	0	0.01
72274793084	2007	12	21	18	0	0.01
72274793084	2007	12	21	19	0	0.01
72274793084	2007	12	21	20	0	0.02
72274793084	2008	1	7	23	0	0.02
72274793084	2008	1	28	0	0	0.01
72274793084	2008	1	28	2	0	0.02
72274793084	2008	1	28	3	0	0.02
72274793084	2008	1	28	6	0	0.01
72274793084	2008	1	28	7	0	0.02
72274793084	2008	1	28	10	0	0.04
72274793084	2008	1	28	11	0	0.01
72274793084	2008	2	4	19	0	0.02
72274793084	2008	2	4	20	0	0.01
72274793084	2008	2	15	17	0	0.01
72274793084	2008	2	15	19	0	0.03
72274793084	2008	2	15	20	0	0.01
72274793084	2008	2	15	21	0	0.01
72274793084	2008	2	15	22	0	0.01
72274793084	2008	2	16	1	0	0.02
72274793084	2008	2	16	2	0	0.09
72274793084	2008	2	16	3	0	0.06
72274793084	2008	2	21	10	0	0.01
72274793084	2008	2	21	11	0	0.04
72274793084	2008	5	14	0	0	0.04
72274793084	2008	5	14	1	0	0.01
72274793084	2008	5	20	19	0	0.01
72274793084	2008	5	23	8	0	0.01
72274793084	2008	5	23	9	0	0.02
72274793084	2008	5	23	10	0	0.05
72274793084	2008	5	23	11	0	0.07
72274793084	2008	5	23	12	0	0.1
72274793084	2008	5	23	13	0	0.06
72274793084	2008	5	23	14	0	0.02
72274793084	2008	5	23	16	0	0.02
72274793084	2008	5	27	18	0	0.01
72274793084	2008	5	29	19	0	0.01
72274793084	2008	5	31	19	0	0.01
72274793084	2008	6	2	18	0	0.01
72274793084	2008	6	4	18	0	0.01
72274793084	2008	6	6	18	0	0.01
72274793084	2008	6	7	19	0	0.01
72274793084	2008	6	10	18	0	0.01
72274793084	2008	6	12	18	0	0.01
72274793084	2008	6	13	19	0	0.01
72274793084	2008	6	16	18	0	0.01
72274793084	2008	6	18	18	0	0.01
72274793084	2008	6	20	19	0	0.01
72274793084	2008	6	21	22	0	0.001
72274793084	2008	6	21	23	0	0.002
72274793084	2008	6	24	18	0	0.01
72274793084	2008	6	27	19	0	0.01
72274793084	2008	6	30	19	0	0.01
72274793084	2008	7	3	1	0	0.001
72274793084	2008	7	3	2	0	0.022
72274793084	2008	7	3	3	0	0.004
72274793084	2008	7	7	4	0	0.04
72274793084	2008	7	7	5	0	0.01
72274793084	2008	7	7	12	0	0.03
72274793084	2008	7	7	13	0	0.02
72274793084	2008	7	9	0	0	0.01
72274793084	2008	7	10	12	0	0.03
72274793084	2008	7	11	14	0	0.027
72274793084	2008	7	11	15	0	0.07
72274793084	2008	7	11	16	0	0.02
72274793084	2008	7	14	5	0	0.01
72274793084	2008	7	14	6	0	0.04
72274793084	2008	7	14	7	0	0.08
72274793084	2008	7	14	8	0	0.03
72274793084	2008	7	16	18	0	0.01
72274793084	2008	7	20	2	0	0.06
72274793084	2008	7	20	3	0	0.05
72274793084	2008	7	20	4	0	0.02
72274793084	2008	7	23	19	0	0.01
72274793084	2008	7	25	1	0	0.07
72274793084	2008	7	27	5	0	0.14
72274793084	2008	8	4	1	0	0.01
72274793084	2008	8	8	9	0	0.01
72274793084	2008	8	25	23	0	0.07
72274793084	2008	8	26	3	0	0.02
72274793084	2008	8	26	8	0	0.07
72274793084	2008	8	26	14	0	0.01
72274793084	2008	8	28	0	0	0.01
72274793084	2008	8	28	1	0	0.04
72274793084	2008	8	28	2	0	0.01
72274793084	2008	8	28	7	0	0.001
72274793084	2008	8	28	8	0	0.001
72274793084	2008	8	28	9	0	0.001
72274793084	2008	8	28	13	0	0.001
72274793084	2008	8	28	14	0	0.001
72274793084	2008	8	28	15	0	0.001
72274793084	2008	8	28	22	0	0.002
72274793084	2008	8	28	23	0	0.002
72274793084	2008	8	29	0	0	0.002
72274793084	2008	8	30	16	0	0.01
72274793084	2008	8	30	23	0	0.003
72274793084	2008	8	31	0	0	0.01
72274793084	2008	8	31	10	0	0.01
72274793084	2008	8	31	17	0	0.057
72274793084	2008	8	31	18	0	0.03
72274793084	2008	8	31	19	0	0.01
72274793084	2008	9	1	5	0	0.03
72274793084	2008	9	3	0	0	0.12
72274793084	2008	9	3	1	0	0.22
72274793084	2008	9	3	2	0	0.03
72274793084	2008	9	9	22	0	0.02
72274793084	2008	9	10	23	0	0.001
72274793084	2008	9	11	0	0	0.004
72274793084	2008	9	11	1	0	0.008
72274793084	2008	9	12	6	0	0.1
72274793084	2008	9	12	7	0	0.43
72274793084	2008	9	12	8	0	0.1
72274793084	2008	9	12	9	0	0.01
72274793084	2008	9	15	1	0	0.02
72274793084	2008	10	5	3	0	0.03
72274793084	2008	10	5	5	0	0.01
72274793084	2008	10	5	11	0	0.03
72274793084	2008	10	11	8	0	0.03
72274793084	2008	10	11	15	0	0.03
72274793084	2008	10	11	16	0	0.11
72274793084	2008	10	11	22	0	0.03
72274793084	2008	10	11	23	0	0.01
72274793084	2008	11	27	7	0	0.01
72274793084	2008	11	27	8	0	0.05
72274793084	2008	11	27	9	0	0.027
72274793084	2008	11	27	10	0	0.05
72274793084	2008	11	27	11	0	0.005
72274793084	2008	11	27	12	0	0.04
72274793084	2008	11	27	13	0	0.2
72274793084	2008	11	27	14	0	0.02
72274793084	2008	11	27	15	0	0.015
72274793084	2008	11	27	16	0	0.001
72274793084	2008	11	27	19	0	0.01
72274793084	2008	11	28	6	0	0.01
72274793084	2008	11	28	16	0	0.01
72274793084	2008	12	8	13	0	0.01
72274793084	2008	12	8	14	0	0.057
72274793084	2008	12	8	15	0	0.05
72274793084	2008	12	9	5	0	0.01
72274793084	2008	12	9	9	0	0.13
72274793084	2008	12	9	10	0	0.06
72274793084	2008	12	9	12	0	0.11
72274793084	2008	12	9	13	0	0.01
72274793084	2008	12	25	15	0	0.03
72274793084	2008	12	26	15	0	0.01
72274793084	2009	1	5	10	0	0.01
72274793084	2009	1	5	13	0	0.07
72274793084	2009	1	5	14	0	0.01
72274793084	2009	1	5	15	0	0.03
72274793084	2009	1	6	8	0	0.01
72274793084	2009	1	22	13	0	0.04
72274793084	2009	1	22	14	0	0.02
72274793084	2009	1	22	18	0	0.01
72274793084	2009	1	23	3	0	0.01
72274793084	2009	1	23	4	0	0.02
72274793084	2009	1	23	5	0	0.02
72274793084	2009	1	23	7	0	0.01
72274793084	2009	1	23	10	0	0.03
72274793084	2009	1	23	11	0	0.01
72274793084	2009	1	23	16	0	0.01
72274793084	2009	1	23	21	0	0.04
72274793084	2009	2	8	14	0	0.02
72274793084	2009	2	8	15	0	0.01
72274793084	2009	2	10	9	0	0.14
72274793084	2009	2	10	10	0	0.03
72274793084	2009	3	9	7	0	0.01
72274793084	2009	3	9	8	0	0.05
72274793084	2009	3	9	9	0	0.06
72274793084	2009	3	9	10	0	0.02
72274793084	2009	3	9	11	0	0.04
72274793084	2009	3	9	12	0	0.01
72274793084	2009	3	11	12	0	0.01
72274793084	2009	3	13	1	0	0.03
72274793084	2009	4	11	11	0	0.01
72274793084	2009	4	11	12	0	0.01
72274793084	2009	4	11	14	0	0.01
72274793084	2009	5	6	19	0	0.01
72274793084	2009	5	12	18	0	0.01
72274793084	2009	5	16	19	0	0.01
72274793084	2009	5	20	14	0	0.01
72274793084	2009	5	21	14	0	0.012
72274793084	2009	5	21	15	0	0.02
72274793084	2009	5	21	16	0	0.02
72274793084	2009	5	21	17	0	0.05
72274793084	2009	5	21	18	0	0.01
72274793084	2009	5	22	7	0	0.01
72274793084	2009	5	27	19	0	0.01
72274793084	2009	5	28	19	0	0.01
72274793084	2009	5	30	22	0	0.01
72274793084	2009	5	31	19	0	0.01
72274793084	2009	6	2	19	0	0.01
72274793084	2009	6	7	18	0	0.01
72274793084	2009	6	8	19	0	0.01
72274793084	2009	6	10	5	0	0.01
72274793084	2009	6	10	6	0	0.06
72274793084	2009	6	10	7	0	0.01
72274793084	2009	6	10	8	0	0.01
72274793084	2009	6	14	6	0	0.01
72274793084	2009	6	15	18	0	0.01
72274793084	2009	6	16	18	0	0.01
72274793084	2009	6	18	19	0	0.01
72274793084	2009	6	19	14	0	0.01
72274793084	2009	6	20	0	0	0.01
72274793084	2009	6	20	13	0	0.01
72274793084	2009	6	20	14	0	0.01
72274793084	2009	6	20	15	0	0.01
72274793084	2009	6	20	18	0	0.01
72274793084	2009	6	21	4	0	0.01
72274793084	2009	6	21	13	0	0.01
72274793084	2009	6	21	18	0	0.01
72274793084	2009	6	21	19	0	0.01
72274793084	2009	6	22	15	0	0.01
72274793084	2009	6	22	16	0	0.02
72274793084	2009	6	23	13	0	0.01
72274793084	2009	6	23	17	0	0.01
72274793084	2009	6	23	18	0	0.01
72274793084	2009	6	25	15	0	0.01
72274793084	2009	6	25	17	0	0.01
72274793084	2009	6	25	18	0	0.01
72274793084	2009	6	25	19	0	0.01
72274793084	2009	6	25	22	0	0.01
72274793084	2009	6	26	4	0	0.01
72274793084	2009	6	26	14	0	0.01
72274793084	2009	6	26	15	0	0.01
72274793084	2009	6	26	16	0	0.01
72274793084	2009	6	26	17	0	0.01
72274793084	2009	6	26	18	0	0.02
72274793084	2009	6	26	19	0	0.01
72274793084	2009	6	26	23	0	0.01
72274793084	2009	6	27	15	0	0.01
72274793084	2009	6	27	16	0	0.01
72274793084	2009	6	27	17	0	0.02
72274793084	2009	6	27	18	0	0.01
72274793084	2009	6	27	19	0	0.01
72274793084	2009	6	28	12	0	0.01
72274793084	2009	6	28	15	0	0.01
72274793084	2009	6	28	16	0	0.01
72274793084	2009	6	28	21	0	0.02
72274793084	2009	6	28	22	0	0.01
72274793084	2009	6	28	23	0	0.01
72274793084	2009	6	29	13	0	0.01
72274793084	2009	6	29	15	0	0.01
72274793084	2009	6	29	16	0	0.01
72274793084	2009	6	29	17	0	0.01
72274793084	2009	6	29	18	0	0.01
72274793084	2009	6	29	19	0	0.01
72274793084	2009	6	29	20	0	0.01
72274793084	2009	6	30	13	0	0.01
72274793084	2009	6	30	14	0	0.01
72274793084	2009	6	30	15	0	0.01
72274793084	2009	6	30	16	0	0.01
72274793084	2009	6	30	17	0	0.01
72274793084	2009	6	30	18	0	0.01
72274793084	2009	6	30	19	0	0.01
72274793084	2009	6	30	21	0	0.01
72274793084	2009	7	1	8	0	0.08
72274793084	2009	7	1	9	0	0.06
72274793084	2009	7	1	14	0	0.01
72274793084	2009	7	1	15	0	0.01
72274793084	2009	7	1	16	0	0.01
72274793084	2009	7	1	17	0	0.01
72274793084	2009	7	2	13	0	0.02
72274793084	2009	7	2	14	0	0.02
72274793084	2009	7	2	15	0	0.01
72274793084	2009	7	2	17	0	0.01
72274793084	2009	7	2	19	0	0.01
72274793084	2009	7	2	20	0	0.01
72274793084	2009	7	3	4	0	0.01
72274793084	2009	7	3	16	0	0.01
72274793084	2009	7	3	17	0	0.02
72274793084	2009	7	3	18	0	0.01
72274793084	2009	7	3	19	0	0.02
72274793084	2009	7	3	22	0	0.01
72274793084	2009	7	4	6	0	0.01
72274793084	2009	7	4	14	0	0.02
72274793084	2009	7	4	15	0	0.01
72274793084	2009	7	4	17	0	0.02
72274793084	2009	7	4	18	0	0.01
72274793084	2009	7	4	19	0	0.01
72274793084	2009	7	4	23	0	0.01
72274793084	2009	7	5	13	0	0.01
72274793084	2009	7	5	15	0	0.02
72274793084	2009	7	5	16	0	0.02
72274793084	2009	7	5	17	0	0.01
72274793084	2009	7	5	18	0	0.01
72274793084	2009	7	5	19	0	0.01
72274793084	2009	7	5	20	0	0.01
72274793084	2009	7	6	14	0	0.01
72274793084	2009	7	6	15	0	0.01
72274793084	2009	7	6	16	0	0.02
72274793084	2009	7	6	17	0	0.01
72274793084	2009	7	6	18	0	0.02
72274793084	2009	7	6	19	0	0.01
72274793084	2009	7	6	20	0	0.01
72274793084	2009	7	7	15	0	0.01
72274793084	2009	7	7	16	0	0.01
72274793084	2009	7	7	17	0	0.01
72274793084	2009	7	7	18	0	0.01
72274793084	2009	7	7	19	0	0.01
72274793084	2009	7	7	20	0	0.01
72274793084	2009	7	8	13	0	0.01
72274793084	2009	7	8	14	0	0.01
72274793084	2009	7	8	15	0	0.01
72274793084	2009	7	8	16	0	0.01
72274793084	2009	7	8	18	0	0.01
72274793084	2009	7	8	19	0	0.01
72274793084	2009	7	9	2	0	0.01
72274793084	2009	7	9	3	0	0.01
72274793084	2009	7	9	13	0	0.01
72274793084	2009	7	9	14	0	0.01
72274793084	2009	7	9	15	0	0.02
72274793084	2009	7	9	16	0	0.02
72274793084	2009	7	9	17	0	0.01
72274793084	2009	7	9	18	0	0.01
72274793084	2009	7	9	19	0	0.01
72274793084	2009	7	10	4	0	0.01
72274793084	2009	7	10	5	0	0.01
72274793084	2009	7	10	13	0	0.01
72274793084	2009	7	10	14	0	0.02
72274793084	2009	7	10	15	0	0.02
72274793084	2009	7	10	16	0	0.01
72274793084	2009	7	10	18	0	0.01
72274793084	2009	7	10	19	0	0.01
72274793084	2009	7	10	20	0	0.01
72274793084	2009	7	11	13	0	0.01
72274793084	2009	7	11	14	0	0.02
72274793084	2009	7	11	15	0	0.01
72274793084	2009	7	11	16	0	0.01
72274793084	2009	7	11	17	0	0.01
72274793084	2009	7	11	18	0	0.01
72274793084	2009	7	11	20	0	0.01
72274793084	2009	7	12	14	0	0.01
72274793084	2009	7	12	15	0	0.01
72274793084	2009	7	12	17	0	0.01
72274793084	2009	7	12	19	0	0.01
72274793084	2009	7	12	21	0	0.01
72274793084	2009	7	13	14	0	0.01
72274793084	2009	7	13	15	0	0.01
72274793084	2009	7	13	16	0	0.01
72274793084	2009	7	13	18	0	0.01
72274793084	2009	7	13	19	0	0.02
72274793084	2009	7	14	15	0	0.01
72274793084	2009	7	14	16	0	0.02
72274793084	2009	7	14	17	0	0.01
72274793084	2009	7	14	19	0	0.01
72274793084	2009	7	14	22	0	0.01
72274793084	2009	7	15	4	0	0.05
72274793084	2009	7	15	5	0	0.03
72274793084	2009	7	15	7	0	0.01
72274793084	2009	7	15	12	0	0.01
72274793084	2009	7	15	14	0	0.01
72274793084	2009	7	16	14	0	0.01
72274793084	2009	7	16	15	0	0.01
72274793084	2009	7	16	16	0	0.01
72274793084	2009	7	16	17	0	0.01
72274793084	2009	7	16	18	0	0.02
72274793084	2009	7	17	14	0	0.01
72274793084	2009	7	17	15	0	0.01
72274793084	2009	7	17	18	0	0.01
72274793084	2009	7	17	19	0	0.01
72274793084	2009	7	17	20	0	0.01
72274793084	2009	9	24	17	0	0.01
72274793084	2009	9	24	19	0	0.01
72274793084	2009	9	24	20	0	0.01
72274793084	2009	9	24	22	0	0.01
72274793084	2009	9	25	15	0	0.01
72274793084	2009	9	25	17	0	0.01
72274793084	2009	9	25	19	0	0.01
72274793084	2009	9	25	20	0	0.01
72274793084	2009	12	8	1	0	0.047
72274793084	2009	12	14	17	0	0.003
72274793084	2009	12	14	18	0	0.011
72274793084	2009	12	14	19	0	0.014
72274793084	2009	12	14	20	0	0.02
72274793084	2009	12	14	21	0	0.006
72274793084	2009	12	14	22	0	0.022
72274793084	2010	1	20	15	0	0.01
72274793084	2010	1	20	17	0	0.01
72274793084	2010	1	20	19	0	0.01
72274793084	2010	1	20	20	0	0.01
72274793084	2010	1	21	9	0	0.01
72274793084	2010	1	21	10	0	0.01
72274793084	2010	1	21	12	0	0.01
72274793084	2010	1	21	13	0	0.03
72274793084	2010	1	21	15	0	0.01
72274793084	2010	1	21	16	0	0.01
72274793084	2010	1	21	21	0	0.01
72274793084	2010	1	22	2	0	0.075
72274793084	2010	1	22	4	0	0.01
72274793084	2010	1	22	5	0	0.02
72274793084	2010	1	22	6	0	0.04
72274793084	2010	1	22	7	0	0.08
72274793084	2010	1	22	8	0	0.24
72274793084	2010	1	22	9	0	0.09
72274793084	2010	1	22	10	0	0.07
72274793084	2010	1	22	11	0	0.05
72274793084	2010	1	22	12	0	0.03
72274793084	2010	1	22	13	0	0.03
72274793084	2010	1	22	14	0	0.03
72274793084	2010	1	22	15	0	0.02
72274793084	2010	1	22	16	0	0.01
72274793084	2010	1	22	19	0	0.01
72274793084	2010	1	22	20	0	0.01
72274793084	2010	1	23	4	0	0.04
72274793084	2010	1	23	5	0	0.03
72274793084	2010	1	23	6	0	0.04
72274793084	2010	1	23	7	0	0.01
72274793084	2010	1	23	8	0	0.01
72274793084	2010	1	23	9	0	0.1
72274793084	2010	1	23	10	0	0.06
72274793084	2010	1	23	11	0	0.02
72274793084	2010	1	23	17	0	0.01
72274793084	2010	1	23	19	0	0.01
72274793084	2010	1	23	20	0	0.02
72274793084	2010	1	24	15	0	0.01
72274793084	2010	1	24	16	0	0.01
72274793084	2010	1	24	17	0	0.01
72274793084	2010	1	24	18	0	0.01
72274793084	2010	1	24	20	0	0.01
72274793084	2010	1	25	15	0	0.01
72274793084	2010	1	25	16	0	0.02
72274793084	2010	1	25	17	0	0.01
72274793084	2010	1	25	18	0	0.02
72274793084	2010	1	25	20	0	0.01
72274793084	2010	7	22	7	0	0.026
72274793084	2010	7	22	8	0	0.011
72274793084	2010	7	22	19	0	0.12
72274793084	2010	7	25	18	0	0.07
72274793084	2010	7	26	22	0	0.61
72274793084	2010	7	27	20	0	0.03
72274793084	2010	7	27	21	0	0.04
72274793084	2010	7	27	22	0	0.15
72274793084	2010	7	27	23	0	0.01
72274793084	2010	7	29	4	0	0.12
72274793084	2010	7	29	5	0	0.11
72274793084	2010	7	29	6	0	0.18
72274793084	2010	7	29	7	0	0.07
72274793084	2010	7	31	12	0	0.02
72274793084	2010	7	31	13	0	0.03
72274793084	2010	8	5	23	0	0.02
72274793084	2010	8	6	0	0	0.02
72274793084	2010	8	6	1	0	0.31
72274793084	2010	8	6	2	0	0.11
72274793084	2010	8	7	6	0	0.1
72274793084	2010	8	7	7	0	0.02
72274793084	2010	8	17	23	0	0.046
72274793084	2010	8	18	0	0	0.02
72274793084	2010	8	18	2	0	0.01
72274793084	2010	8	21	22	0	0.001
72274793084	2010	8	22	4	0	0.07
72274793084	2010	8	22	5	0	0.059
72274793084	2010	8	22	6	0	0.06
72274793084	2010	8	22	7	0	0.17
72274793084	2010	8	22	8	0	0.04
72274793084	2010	8	22	9	0	0.01
72274793084	2010	8	24	23	0	0.026
72274793084	2010	8	25	0	0	0.32
72274793084	2010	8	25	1	0	0.05
72274793084	2010	8	25	3	0	0.03
72274793084	2010	8	27	10	0	0.01
72274793084	2010	8	27	11	0	0.01
72274793084	2010	9	8	2	0	0.01
72274793084	2010	9	8	4	0	0.01
72274793084	2010	9	8	6	0	0.01
72274793084	2010	9	8	11	0	0.01
72274793084	2010	9	8	17	0	0.01
72274793084	2010	9	8	22	0	0.01
72274793084	2010	9	23	0	0	0.01
72274793084	2010	9	23	18	0	0.06
72274793084	2010	10	4	0	0	0.05
72274793084	2010	10	5	16	0	0.01
72274793084	2010	10	5	17	0	0.1
72274793084	2010	10	6	4	0	0.04
72274793084	2010	10	21	21	0	0.05
72274793084	2010	12	17	2	0	0.01
72274793084	2010	12	17	3	0	0.02
72274793084	2010	12	17	7	0	0.01
72274793084	2010	12	23	1	0	0.01
72274793084	2010	12	23	11	0	0.01
72274793084	2010	12	23	12	0	0.1
72274793084	2010	12	30	1	0	0.01
72274793084	2010	12	30	2	0	0.02
72274793084	2010	12	30	3	0	0.01
72274793084	2010	12	30	4	0	0.01
72274793084	2010	12	30	12	0	0.01
72274793084	2010	12	30	14	0	0.052
72274793084	2010	12	30	15	0	0.05
72274793084	2010	12	30	19	0	0.01
72274793084	2011	1	31	21	0	0.03
72274793084	2011	2	1	0	0	0.01
72274793084	2011	2	19	22	0	0.01
72274793084	2011	2	27	12	0	0.04
72274793084	2011	2	27	19	0	0.01
72274793084	2011	3	22	5	0	0.01
72274793084	2011	3	22	6	0	0.03
72274793084	2011	4	7	1	0	0.01
72274793084	2011	6	29	23	0	0.06
72274793084	2011	6	30	0	0	0.03
72274793084	2011	6	30	1	0	0.08
72274793084	2011	6	30	3	0	0.02
72274793084	2011	7	4	23	0	0.01
72274793084	2011	7	7	0	0	0.05
72274793084	2011	7	10	0	0	0.01
72274793084	2011	7	11	6	0	0.5
72274793084	2011	7	11	7	0	0.62
72274793084	2011	7	11	8	0	0.03
72274793084	2011	7	11	9	0	0.01
72274793084	2011	7	20	7	0	0.01
72274793084	2011	7	20	8	0	0.01
72274793084	2011	7	26	0	0	0.02
72274793084	2011	7	29	9	0	0.01
72274793084	2011	8	1	7	0	0.02
72274793084	2011	8	1	8	0	0.02
72274793084	2011	8	1	9	0	0.01
72274793084	2011	8	3	23	0	0.031
72274793084	2011	8	4	0	0	0.05
72274793084	2011	8	6	2	0	0.001
72274793084	2011	8	6	3	0	0.06
72274793084	2011	8	11	2	0	0.01
72274793084	2011	8	11	3	0	0.06
72274793084	2011	8	12	1	0	0.01
72274793084	2011	8	12	3	0	0.03
72274793084	2011	8	13	1	0	0.54
72274793084	2011	8	13	2	0	0.01
72274793084	2011	8	13	4	0	0.02
72274793084	2011	8	13	5	0	0.04
72274793084	2011	8	14	7	0	0.03
72274793084	2011	8	16	0	0	0.04
72274793084	2011	8	16	1	0	0.1
72274793084	2011	8	16	2	0	0.06
72274793084	2011	8	16	3	0	0.05
72274793084	2011	8	16	4	0	0.01
72274793084	2011	8	19	1	0	0.07
72274793084	2011	8	19	2	0	0.02
72274793084	2011	9	3	3	0	0.06
72274793084	2011	9	3	4	0	0.01
72274793084	2011	9	10	1	0	0.03
72274793084	2011	9	11	2	0	0.02
72274793084	2011	9	11	3	0	0.05
72274793084	2011	9	11	4	0	0.05
72274793084	2011	9	11	5	0	0.02
72274793084	2011	9	11	6	0	0.03
72274793084	2011	9	12	7	0	0.02
72274793084	2011	9	12	11	0	0.06
72274793084	2011	9	13	5	0	0.01
72274793084	2011	9	14	3	0	0.09
72274793084	2011	9	14	4	0	0.07
72274793084	2011	9	14	5	0	0.02
72274793084	2011	9	14	6	0	0.01
72274793084	2011	9	14	16	0	0.07
72274793084	2011	9	14	21	0	0.19
72274793084	2011	9	14	22	0	0.06
72274793084	2011	9	15	4	0	0.02
72274793084	2011	9	15	5	0	0.01
72274793084	2011	9	15	6	0	0.01
72274793084	2011	9	15	7	0	0.01
72274793084	2011	9	15	11	0	0.1
72274793084	2011	9	15	17	0	0.04
72274793084	2011	9	15	21	0	0.47
72274793084	2011	9	15	22	0	0.01
72274793084	2011	10	3	2	0	0.03
72274793084	2011	10	3	3	0	0.03
72274793084	2011	10	4	0	0	0.01
72274793084	2011	10	4	14	0	0.01
72274793084	2011	10	4	20	0	0.01
72274793084	2011	10	4	21	0	0.01
72274793084	2011	11	5	11	0	0.02
72274793084	2011	11	5	12	0	0.01
72274793084	2011	11	5	13	0	0.01
72274793084	2011	11	7	18	0	0.02
72274793084	2011	11	13	22	0	0.01
72274793084	2011	11	21	15	0	0.04
72274793084	2011	11	25	10	0	0.02
72274793084	2011	11	25	13	0	0.01
72274793084	2011	12	2	11	0	0.02
72274793084	2011	12	2	13	0	0.01
72274793084	2011	12	2	14	0	0.05
72274793084	2011	12	2	15	0	0.02
72274793084	2011	12	2	16	0	0.01
72274793084	2011	12	3	4	0	0.01
72274793084	2011	12	3	5	0	0.01
72274793084	2011	12	4	2	0	0.006
72274793084	2011	12	4	4	0	0.01
72274793084	2011	12	4	5	0	0.06
72274793084	2011	12	4	6	0	0.08
72274793084	2011	12	12	16	0	0.05
72274793084	2011	12	12	18	0	0.01
72274793084	2011	12	12	19	0	0.11
72274793084	2011	12	12	20	0	0.05
72274793084	2011	12	12	21	0	0.07
72274793084	2011	12	12	22	0	0.06
72274793084	2011	12	13	20	0	0.012
72274793084	2011	12	13	21	0	0.15
72274793084	2011	12	13	22	0	0.02
72274793084	2011	12	14	2	0	0.01
72274793084	2011	12	14	3	0	0.12
72274793084	2011	12	14	4	0	0.04
72274793084	2011	12	18	21	0	0.04
72274793084	2011	12	18	22	0	0.06
72274793084	2011	12	19	1	0	0.14
72274793084	2011	12	19	2	0	0.12
72274793084	2011	12	19	4	0	0.02
72274793084	2011	12	23	4	0	0.03
72274793084	2012	1	16	6	0	0.02
72274793084	2012	1	16	7	0	0.01
72274793084	2012	1	16	8	0	0.02
72274793084	2012	1	16	9	0	0.01
72274793084	2012	1	16	11	0	0.01
72274793084	2012	1	16	13	0	0.01
72274793084	2012	1	16	14	0	0.05
72274793084	2012	1	16	18	0	0.01
72274793084	2012	1	24	7	0	0.02
72274793084	2012	2	14	21	0	0.05
72274793084	2012	2	14	22	0	0.06
72274793084	2012	2	15	3	0	0.02
72274793084	2012	2	15	4	0	0.08
72274793084	2012	2	15	5	0	0.06
72274793084	2012	2	16	21	0	0.01
72274793084	2012	2	16	22	0	0.09
72274793084	2012	2	16	23	0	0.02
72274793084	2012	2	17	0	0	0.05
72274793084	2012	2	17	5	0	0.03
72274793084	2012	2	17	6	0	0.19
72274793084	2012	2	17	7	0	0.07
72274793084	2012	2	17	8	0	0.07
72274793084	2012	2	17	9	0	0.01
72274793084	2012	2	17	14	0	0.02
72274793084	2012	2	17	15	0	0.03
72274793084	2012	2	17	16	0	0.01
72274793084	2012	3	18	17	0	0.014
72274793084	2012	3	18	18	0	0.02
72274793084	2012	3	19	16	0	0.04
72274793084	2012	3	19	17	0	0.03
72274793084	2012	3	19	22	0	0.01
72274793084	2012	4	14	15	0	0.03
72274793084	2012	4	14	16	0	0.03
72274793084	2012	4	14	17	0	0.01
72274793084	2012	5	9	22	0	0.02
72274793084	2012	5	9	23	0	0.02
72274793084	2012	5	10	0	0	0.03
72274793084	2012	7	3	23	0	0.034
72274793084	2012	7	4	0	0	0.58
72274793084	2012	7	4	1	0	0.04
72274793084	2012	7	5	0	0	0.01
72274793084	2012	7	8	0	0	0.01
72274793084	2012	7	8	22	0	0.11
72274793084	2012	7	10	4	0	0.01
72274793084	2012	7	16	2	0	0.058
72274793084	2012	7	16	3	0	0.02
72274793084	2012	7	20	1	0	0.01
72274793084	2012	7	20	3	0	0.02
72274793084	2012	7	21	2	0	0.07
72274793084	2012	7	21	3	0	0.01
72274793084	2012	7	21	4	0	0.01
72274793084	2012	7	21	20	0	0.01
72274793084	2012	7	28	1	0	0.04
72274793084	2012	7	28	5	0	0.19
72274793084	2012	7	28	7	0	0.17
72274793084	2012	7	28	8	0	0.03
72274793084	2012	7	28	12	0	0.01
72274793084	2012	7	28	13	0	0.01
72274793084	2012	7	29	3	0	0.5
72274793084	2012	7	29	4	0	0.06
72274793084	2012	7	31	5	0	0.15
72274793084	2012	8	17	2	0	0.02
72274793084	2012	8	17	5	0	0.1
72274793084	2012	8	17	6	0	0.01
72274793084	2012	8	17	7	0	0.18
72274793084	2012	8	17	8	0	0.12
72274793084	2012	8	19	4	0	0.46
72274793084	2012	8	23	16	0	0.05
72274793084	2012	8	23	17	0	0.15
72274793084	2012	8	23	18	0	0.01
72274793084	2012	8	24	13	0	0.03
72274793084	2012	8	24	14	0	0.04
72274793084	2012	8	24	18	0	0.01
72274793084	2012	8	26	4	0	0.02
72274793084	2012	8	26	5	0	0.03
72274793084	2012	8	27	2	0	0.01
72274793084	2012	9	4	1	0	0.2
72274793084	2012	9	4	2	0	0.19
72274793084	2012	9	4	3	0	0.01
72274793084	2012	9	6	3	0	0.3
72274793084	2012	9	7	5	0	0.01
72274793084	2012	9	7	6	0	0.03
72274793084	2012	9	7	7	0	0.01
72274793084	2012	9	8	0	0	0.41
72274793084	2012	9	8	1	0	0.01
72274793084	2012	9	8	10	0	0.01
72274793084	2012	9	8	12	0	0.07
72274793084	2012	9	11	23	0	0.008
72274793084	2012	9	12	0	0	0.02
72274793084	2012	11	9	12	0	0.07
72274793084	2012	11	9	14	0	0.03
72274793084	2012	11	10	12	0	0.01
72274793084	2012	11	10	13	0	0.01
72274793084	2012	11	10	14	0	0.01
72274793084	2012	12	14	4	0	0.03
72274793084	2012	12	14	5	0	0.1
72274793084	2012	12	14	6	0	0.02
72274793084	2012	12	14	7	0	0.01
72274793084	2012	12	14	8	0	0.19
72274793084	2012	12	14	9	0	0.07
72274793084	2012	12	14	11	0	0.03
72274793084	2012	12	14	12	0	0.02
72274793084	2012	12	14	16	0	0.01
72274793084	2012	12	14	17	0	0.01
72274793084	2012	12	16	8	0	0.003
72274793084	2012	12	16	9	0	0.02
72274793084	2012	12	16	14	0	0.01
72274793084	2012	12	16	15	0	0.01
72274793084	2012	12	19	10	0	0.01
72274793084	2012	12	19	11	0	0.03
72274793084	2012	12	28	0	0	0.05
72274793084	2013	1	14	13	0	0.01
72274793084	2013	1	26	15	0	0.08
72274793084	2013	1	26	20	0	0.03
72274793084	2013	1	26	22	0	0.01
72274793084	2013	1	28	18	0	0.01
72274793084	2013	2	4	10	0	0.01
72274793084	2013	2	12	1	0	0.01
72274793084	2013	2	20	21	0	0.07
72274793084	2013	2	21	5	0	0.01
72274793084	2013	2	24	15	0	0.01
72274793084	2013	3	8	19	0	0.01
72274793084	2013	3	8	20	0	0.01
72274793084	2013	3	9	2	0	0.01
72274793084	2013	3	9	12	0	0.01
72274793084	2013	3	9	13	0	0.01
72274793084	2013	4	9	8	0	0.02
72274793084	2013	5	6	9	0	0.03
72274793084	2013	7	2	2	0	0.07
72274793084	2013	7	3	1	0	0.35
72274793084	2013	7	3	2	0	0.06
72274793084	2013	7	3	3	0	0.02
72274793084	2013	7	3	4	0	0.09
72274793084	2013	7	5	2	0	0.01
72274793084	2013	7	7	23	0	0.016
72274793084	2013	7	8	0	0	0.222
72274793084	2013	7	8	1	0	0.04
72274793084	2013	7	8	2	0	1.12
72274793084	2013	7	8	3	0	0.054
72274793084	2013	7	8	4	0	0.009
72274793084	2013	7	10	4	0	0.06
72274793084	2013	7	11	5	0	0.02
72274793084	2013	7	11	6	0	0.01
72274793084	2013	7	16	4	0	0.12
72274793084	2013	7	16	5	0	0.07
72274793084	2013	7	16	6	0	0.01
72274793084	2013	7	16	7	0	0.14
72274793084	2013	7	16	8	0	0.08
72274793084	2013	7	16	9	0	0.03
72274793084	2013	7	16	10	0	0.03
72274793084	2013	7	17	23	0	0.02
72274793084	2013	7	20	6	0	0.07
72274793084	2013	7	24	1	0	0.11
72274793084	2013	7	24	3	0	0.02
72274793084	2013	7	31	21	0	0.08
72274793084	2013	7	31	22	0	0.01
72274793084	2013	8	1	1	0	0.01
72274793084	2013	8	2	18	0	0.004
72274793084	2013	8	6	23	0	0.02
72274793084	2013	8	10	23	0	0.006
72274793084	2013	8	11	0	0	0.29
72274793084	2013	8	12	2	0	0.03
72274793084	2013	8	22	2	0	0.18
72274793084	2013	8	22	3	0	0.04
72274793084	2013	8	24	2	0	0.017
72274793084	2013	8	24	3	0	0.1
72274793084	2013	8	24	4	0	0.01
72274793084	2013	8	24	5	0	0.04
72274793084	2013	8	24	7	0	0.01
72274793084	2013	8	25	2	0	0.05
72274793084	2013	8	25	3	0	0.01
72274793084	2013	8	25	4	0	0.04
72274793084	2013	8	26	3	0	0.01
72274793084	2013	8	28	21	0	0.13
72274793084	2013	8	30	1	0	0.01
72274793084	2013	9	6	21	0	1.34
72274793084	2013	9	7	9	0	0.01
72274793084	2013	9	8	2	0	0.01
72274793084	2013	9	8	3	0	0.08
72274793084	2013	9	8	4	0	0.08
72274793084	2013	9	8	5	0	0.01
72274793084	2013	9	9	0	0	0.02
72274793084	2013	9	9	1	0	0.12
72274793084	2013	9	9	2	0	0.09
72274793084	2013	9	9	3	0	0.03
72274793084	2013	9	9	12	0	0.01
72274793084	2013	9	9	13	0	0.01
72274793084	2013	9	9	16	0	0.01
72274793084	2013	9	9	18	0	0.03
72274793084	2013	9	15	14	0	0.005
72274793084	2013	9	15	15	0	0.02
72274793084	2013	9	16	7	0	0.35
72274793084	2013	9	16	8	0	0.04
72274793084	2013	9	16	23	0	0.04
72274793084	2013	11	3	10	0	0.1
72274793084	2013	11	16	9	0	0.01
72274793084	2013	11	22	3	0	0.02
72274793084	2013	11	22	7	0	0.02
72274793084	2013	11	22	12	0	0.08
72274793084	2013	11	22	13	0	0.15
72274793084	2013	11	22	14	0	0.09
72274793084	2013	11	22	21	0	0.01
72274793084	2013	11	22	22	0	0.01
72274793084	2013	11	23	3	0	0.01
72274793084	2013	11	23	5	0	0.02
72274793084	2013	11	23	6	0	0.01
72274793084	2013	11	23	7	0	0.01
72274793084	2013	11	23	9	0	0.01
72274793084	2013	11	23	14	0	0.03
72274793084	2013	11	23	16	0	0.01
72274793084	2013	11	23	17	0	0.07
72274793084	2013	11	23	18	0	0.01
72274793084	2013	11	23	19	0	0.03
72274793084	2013	11	23	20	0	0.06
72274793084	2013	11	23	21	0	0.03
72274793084	2013	11	23	22	0	0.01
72274793084	2013	11	23	23	0	0.03
72274793084	2013	11	24	0	0	0.03
72274793084	2013	11	24	1	0	0.01
72274793084	2013	11	24	2	0	0.01
72274793084	2013	11	24	3	0	0.03
72274793084	2013	11	24	4	0	0.1
72274793084	2013	11	24	5	0	0.03
72274793084	2013	11	24	6	0	0.02
72274793084	2013	11	24	7	0	0.05
72274793084	2013	11	24	8	0	0.07
72274793084	2013	11	24	9	0	0.04
72274793084	2013	11	24	10	0	0.01
72274793084	2013	11	24	11	0	0.01
72274793084	2013	11	24	13	0	0.03
72274793084	2013	11	24	14	0	0.01
72274793084	2013	11	24	15	0	0.01
72274793084	2013	12	5	10	0	0.01
72274793084	2013	12	5	13	0	0.01
72274793084	2013	12	5	14	0	0.02
72274793084	2013	12	20	14	0	0.02
72274793084	2013	12	20	15	0	0.02
72274793084	2013	12	21	4	0	0.02
72274793084	2013	12	21	5	0	0.01
72274793084	2013	12	21	6	0	0.02
72274793084	2013	12	21	7	0	0.01
72274793084	2013	12	21	8	0	0.02
72274793084	2013	12	21	9	0	0.01
72274793084	2013	12	21	12	0	0.03
72274793084	2013	12	21	13	0	0.04
72274793084	2013	12	21	14	0	0.03
72274793084	2014	3	1	20	0	0.003
72274793084	2014	3	1	21	0	0.01
72274793084	2014	3	1	22	0	0.01
72274793084	2014	3	1	23	0	0.02
72274793084	2014	3	2	0	0	0.07
72274793084	2014	3	2	1	0	0.01
72274793084	2014	3	2	3	0	0.02
72274793084	2014	3	2	9	0	0.11
72274793084	2014	6	13	21	0	0.01
72274793084	2014	7	5	0	0	0.06
72274793084	2014	7	5	15	0	0.02
72274793084	2014	7	6	4	0	0.11
72274793084	2014	7	6	5	0	0.37
72274793084	2014	7	6	7	0	0.04
72274793084	2014	7	6	8	0	0.02
72274793084	2014	7	6	9	0	0.03
72274793084	2014	7	8	0	0	0.5
72274793084	2014	7	8	1	0	0.07
72274793084	2014	7	8	2	0	0.06
72274793084	2014	7	9	5	0	0.041
72274793084	2014	7	9	6	0	0.11
72274793084	2014	7	14	3	0	0.04
72274793084	2014	7	19	12	0	0.01
72274793084	2014	7	27	1	0	0.24
72274793084	2014	7	28	1	0	0.21
72274793084	2014	7	28	2	0	0.17
72274793084	2014	7	28	3	0	0.06
72274793084	2014	7	28	5	0	0.01
72274793084	2014	8	1	5	0	0.01
72274793084	2014	8	1	9	0	0.01
72274793084	2014	8	2	6	0	0.01
72274793084	2014	8	2	7	0	0.01
72274793084	2014	8	2	23	0	0.005
72274793084	2014	8	3	6	0	0.19
72274793084	2014	8	3	7	0	0.13
72274793084	2014	8	5	1	0	0.07
72274793084	2014	8	11	2	0	0.01
72274793084	2014	8	11	13	0	0.01
72274793084	2014	8	11	14	0	0.08
72274793084	2014	8	12	13	0	0.01
72274793084	2014	8	13	5	0	0.01
72274793084	2014	8	19	5	0	0.008
72274793084	2014	8	19	6	0	0.05
72274793084	2014	8	19	7	0	0.01
72274793084	2014	8	19	8	0	0.01
72274793084	2014	8	19	9	0	0.01
72274793084	2014	8	19	19	0	0.03
72274793084	2014	8	19	22	0	0.07
72274793084	2014	8	19	23	0	0.05
72274793084	2014	8	20	0	0	0.02
72274793084	2014	8	26	8	0	0.031
72274793084	2014	8	26	9	0	0.18
72274793084	2014	8	26	10	0	0.02
72274793084	2014	8	26	12	0	0.01
72274793084	2014	9	6	21	0	0.06
72274793084	2014	9	6	22	0	0.16
72274793084	2014	9	7	4	0	0.26
72274793084	2014	9	13	0	0	0.22
72274793084	2014	9	13	1	0	0.04
72274793084	2014	9	16	14	0	0.05
72274793084	2014	9	16	17	0	0.04
72274793084	2014	9	16	18	0	0.01
72274793084	2014	9	16	19	0	0.03
72274793084	2014	9	16	20	0	0.064
72274793084	2014	9	16	21	0	0.04
72274793084	2014	9	17	9	0	0.03
72274793084	2014	9	17	22	0	0.46
72274793084	2014	9	17	23	0	0.47
72274793084	2014	9	18	0	0	0.07
72274793084	2014	9	18	7	0	0.01
72274793084	2014	9	18	8	0	0.04
72274793084	2014	9	18	9	0	0.01
72274793084	2014	9	18	11	0	0.01
72274793084	2014	9	21	22	0	0.04
72274793084	2014	9	21	23	0	0.03
72274793084	2014	9	22	9	0	0.01
72274793084	2014	9	26	14	0	0.01
72274793084	2014	10	8	9	0	0.01
72274793084	2014	10	8	10	0	0.02
72274793084	2014	10	8	11	0	0.07
72274793084	2014	10	8	12	0	0.08
72274793084	2014	10	8	13	0	0.02
72274793084	2014	10	8	21	0	0.15
72274793084	2014	10	8	22	0	0.22
72274793084	2014	10	8	23	0	0.01
72274793084	2014	10	9	0	0	0.01
72274793084	2014	10	9	14	0	0.07
72274793084	2014	10	9	15	0	0.2
72274793084	2014	10	9	16	0	0.23
72274793084	2014	10	19	16	0	0.01
72274793084	2014	10	19	22	0	0.25
72274793084	2014	10	19	23	0	0.88
72274793084	2014	11	2	14	0	0.04
72274793084	2014	11	2	17	0	0.01
72274793084	2014	11	2	18	0	0.02
72274793084	2014	11	2	19	0	0.1
72274793084	2014	11	2	20	0	0.04
72274793084	2014	11	2	21	0	0.04
72274793084	2014	11	16	16	0	0.03
72274793084	2014	12	4	14	0	0.03
72274793084	2014	12	4	15	0	0.03
72274793084	2014	12	4	16	0	0.11
72274793084	2014	12	4	17	0	0.1
72274793084	2014	12	4	18	0	0.03
72274793084	2014	12	4	19	0	0.07
72274793084	2014	12	4	20	0	0.08
72274793084	2014	12	4	21	0	0.08
72274793084	2014	12	13	21	0	0.03
72274793084	2014	12	13	22	0	0.06
72274793084	2014	12	13	23	0	0.01
72274793084	2014	12	17	16	0	0.01
72274793084	2014	12	17	22	0	0.06
72274793084	2014	12	17	23	0	0.04
72274793084	2014	12	18	0	0	0.04
72274793084	2014	12	18	2	0	0.01
72274793084	2014	12	18	3	0	0.01
72274793084	2014	12	18	4	0	0.02
72274793084	2014	12	18	5	0	0.01
72274793084	2014	12	18	21	0	0.06
72274793084	2014	12	26	3	0	0.07
72274793084	2015	1	1	6	0	0.03
72274793084	2015	1	1	7	0	0.08
72274793084	2015	1	1	8	0	0.04
72274793084	2015	1	2	17	0	0.01
72274793084	2015	1	14	2	0	0.02
72274793084	2015	1	14	3	0	0.01
72274793084	2015	1	14	4	0	0.11
72274793084	2015	1	14	5	0	0.08
72274793084	2015	1	14	6	0	0.07
72274793084	2015	1	14	16	0	0.03
72274793084	2015	1	14	17	0	0.01
72274793084	2015	1	29	21	0	0.01
72274793084	2015	1	30	4	0	0.01
72274793084	2015	1	30	5	0	0.01
72274793084	2015	1	30	6	0	0.01
72274793084	2015	1	30	7	0	0.03
72274793084	2015	1	30	8	0	0.01
72274793084	2015	1	30	9	0	0.01
72274793084	2015	1	30	10	0	0.06
72274793084	2015	1	30	11	0	0.05
72274793084	2015	1	30	12	0	0.05
72274793084	2015	1	30	13	0	0.12
72274793084	2015	1	30	14	0	0.07
72274793084	2015	1	30	15	0	0.12
72274793084	2015	1	30	16	0	0.11
72274793084	2015	1	30	17	0	0.08
72274793084	2015	1	30	18	0	0.03
72274793084	2015	1	30	19	0	0.06
72274793084	2015	1	30	20	0	0.05
72274793084	2015	1	30	21	0	0.07
72274793084	2015	1	30	22	0	0.07
72274793084	2015	1	30	23	0	0.02
72274793084	2015	1	31	0	0	0.01
72274793084	2015	1	31	1	0	0.02
72274793084	2015	1	31	2	0	0.053
72274793084	2015	1	31	3	0	0.13
72274793084	2015	1	31	4	0	0.05
72274793084	2015	1	31	5	0	0.05
72274793084	2015	1	31	6	0	0.03
72274793084	2015	1	31	7	0	0.05
72274793084	2015	1	31	8	0	0.05
72274793084	2015	1	31	9	0	0.03
72274793084	2015	1	31	10	0	0.02
72274793084	2015	1	31	15	0	0.02
72274793084	2015	1	31	16	0	0.01
72274793084	2015	1	31	17	0	0.01
72274793084	2015	1	31	18	0	0.01
72274793084	2015	1	31	20	0	0.01
72274793084	2015	1	31	23	0	0.02
72274793084	2015	2	1	4	0	0.01
72274793084	2015	2	1	7	0	0.01
72274793084	2015	2	17	7	0	0.01
72274793084	2015	2	24	17	0	0.015
72274793084	2015	2	24	18	0	0.02
72274793084	2015	2	24	19	0	0.04
72274793084	2015	2	24	23	0	0.06
72274793084	2015	3	3	1	0	0.02
72274793084	2015	3	3	2	0	0.02
72274793084	2015	3	13	21	0	0.01
72274793084	2015	3	13	22	0	0.01
72274793084	2015	3	18	2	0	0.03
72274793084	2015	3	18	4	0	0.01
72274793084	2015	3	18	6	0	0.03
72274793084	2015	3	18	11	0	0.01
72274793084	2015	3	19	5	0	0.04
72274793084	2015	3	19	6	0	0.06
72274793084	2015	3	19	7	0	0.01
72274793084	2015	3	19	12	0	0.01
72274793084	2015	4	26	9	0	0.05
72274793084	2015	4	26	10	0	0.11
72274793084	2015	4	26	11	0	0.01
72274793084	2015	4	26	12	0	0.05
72274793084	2015	4	26	13	0	0.03
72274793084	2015	4	26	17	0	0.01
72274793084	2015	4	27	1	0	0.01
72274793084	2015	5	5	6	0	0.02
72274793084	2015	5	15	5	0	0.03
72274793084	2015	5	16	9	0	0.02
72274793084	2015	5	16	10	0	0.04
72274793084	2015	5	16	11	0	0.01
72274793084	2015	6	9	3	0	0.02
72274793084	2015	6	9	4	0	0.012
72274793084	2015	6	9	6	0	0.004
72274793084	2015	6	9	7	0	0.03
72274793084	2015	6	9	8	0	0.01
72274793084	2015	6	9	10	0	0.05
72274793084	2015	6	9	22	0	0.11
72274793084	2015	6	24	23	0	0.08
72274793084	2015	6	25	0	0	0.111
72274793084	2015	6	25	1	0	0.013
72274793084	2015	6	26	5	0	0.05
72274793084	2015	6	27	22	0	0.21
72274793084	2015	6	28	23	0	0.11
72274793084	2015	6	29	0	0	0.01
72274793084	2015	6	29	1	0	0.02
72274793084	2015	7	3	9	0	0.17
72274793084	2015	7	3	10	0	0.05
72274793084	2015	7	3	12	0	0.02
72274793084	2015	7	3	13	0	0.01
72274793084	2015	7	6	1	0	0.2
72274793084	2015	7	6	2	0	0.02
72274793084	2015	7	6	3	0	0.02
72274793084	2015	7	9	19	0	0.01
72274793084	2015	7	10	17	0	0.025
72274793084	2015	7	10	18	0	0.16
72274793084	2015	7	11	3	0	0.13
72274793084	2015	7	11	7	0	0.01
72274793084	2015	7	16	5	0	0.229
72274793084	2015	7	16	6	0	0.01
72274793084	2015	7	19	8	0	0.03
72274793084	2015	7	29	22	0	0.04
72274793084	2015	8	1	7	0	0.04
72274793084	2015	8	3	2	0	0.01
72274793084	2015	8	8	7	0	0.21
72274793084	2015	8	8	8	0	0.16
72274793084	2015	8	8	9	0	0.06
72274793084	2015	8	8	10	0	0.1
72274793084	2015	8	8	11	0	0.07
72274793084	2015	8	8	12	0	0.01
72274793084	2015	8	10	3	0	0.01
72274793084	2015	8	12	0	0	0.02
72274793084	2015	8	12	1	0	0.023
72274793084	2015	8	12	2	0	0.038
72274793084	2015	8	12	3	0	0.003
72274793084	2015	8	12	4	0	0.021
72274793084	2015	8	12	5	0	0.06
72274793084	2015	8	24	9	0	0.001
72274793084	2015	8	25	1	0	0.007
72274793084	2015	8	25	2	0	0.02
72274793084	2015	8	25	3	0	0.2
72274793084	2015	8	25	4	0	0.09
72274793084	2015	8	25	5	0	0.14
72274793084	2015	8	25	6	0	0.069
72274793084	2015	8	25	7	0	0.04
72274793084	2015	8	25	8	0	0.03
72274793084	2015	8	25	9	0	0.01
72274793084	2015	8	25	10	0	0.01
72274793084	2015	8	26	2	0	0.01
72274793084	2015	8	27	13	0	0.04
72274793084	2015	8	27	14	0	0.11
72274793084	2015	8	28	1	0	0.01
72274793084	2015	8	28	2	0	0.01
72274793084	2015	8	31	17	0	0.004
72274793084	2015	8	31	19	0	0.004
72274793084	2015	9	1	0	0	0.13
72274793084	2015	9	1	1	0	0.081
72274793084	2015	9	1	2	0	0.06
72274793084	2015	9	1	3	0	0.01
72274793084	2015	9	1	4	0	0.02
72274793084	2015	9	1	5	0	0.045
72274793084	2015	9	1	6	0	0.069
72274793084	2015	9	1	7	0	0.02
72274793084	2015	9	1	8	0	0.01
72274793084	2015	9	5	14	0	0.01
72274793084	2015	9	21	16	0	0.01
72274793084	2015	9	21	17	0	0.08
72274793084	2015	9	21	18	0	0.11
72274793084	2015	9	21	19	0	0.03
72274793084	2015	9	21	20	0	0.1
72274793084	2015	9	21	21	0	0.22
72274793084	2015	9	21	22	0	0.25
72274793084	2015	9	21	23	0	0.09
72274793084	2015	9	22	0	0	0.04
72274793084	2015	9	22	1	0	0.21
72274793084	2015	9	22	2	0	0.06
72274793084	2015	9	22	3	0	0.08
72274793084	2015	9	22	6	0	0.01
72274793084	2015	9	22	7	0	0.01
72274793084	2015	9	22	21	0	0.24
72274793084	2015	10	5	0	0	0.01
72274793084	2015	10	5	12	0	0.03
72274793084	2015	10	5	18	0	0.11
72274793084	2015	10	6	21	0	0.02
72274793084	2015	10	7	6	0	0.01
72274793084	2015	10	7	11	0	0.01
72274793084	2015	10	7	16	0	0.01
72274793084	2015	10	17	6	0	0.01
72274793084	2015	10	17	7	0	0.07
72274793084	2015	10	17	8	0	0.04
72274793084	2015	10	19	1	0	0.06
72274793084	2015	10	19	2	0	0.04
72274793084	2015	10	19	7	0	0.03
72274793084	2015	10	20	16	0	0.03
72274793084	2015	10	21	5	0	0.01
72274793084	2015	10	21	6	0	0.01
72274793084	2015	10	21	7	0	0.005
72274793084	2015	10	21	8	0	0.01
72274793084	2015	10	21	9	0	0.2
72274793084	2015	10	21	10	0	0.026
72274793084	2015	10	21	13	0	0.07
72274793084	2015	10	21	14	0	0.023
72274793084	2015	10	21	15	0	0.07
72274793084	2015	10	21	16	0	0.015
72274793084	2015	10	21	17	0	0.011
72274793084	2015	10	22	11	0	0.001
72274793084	2015	10	22	22	0	0.001
72274793084	2015	10	29	20	0	0.06
72274793084	2015	10	29	21	0	0.05
72274793084	2015	10	29	22	0	0.04
72274793084	2015	10	29	23	0	0.02
72274793084	2015	10	30	2	0	0.012
72274793084	2015	10	30	3	0	0.02
72274793084	2015	10	30	5	0	0.01
72274793084	2015	11	15	23	0	0.01
72274793084	2015	11	16	1	0	0.01
72274793084	2015	11	16	14	0	0.02
72274793084	2015	11	16	15	0	0.05
72274793084	2015	11	16	16	0	0.01
72274793084	2015	11	16	17	0	0.032
72274793084	2015	11	16	18	0	0.01
72274793084	2015	11	26	1	0	0.01
72274793084	2015	11	26	2	0	0.02
72274793084	2015	11	26	3	0	0.01
72274793084	2015	12	12	9	0	0.1
72274793084	2015	12	12	10	0	0.15
72274793084	2015	12	12	11	0	0.01
72274793084	2015	12	12	12	0	0.02
72274793084	2015	12	23	11	0	0.005
72274793084	2015	12	23	12	0	0.01
72274793084	2015	12	23	13	0	0.01
72274793084	2015	12	23	14	0	0.02
72274793084	2015	12	23	15	0	0.01
72274793084	2015	12	24	9	0	0.02
72274793084	2015	12	24	14	0	0.01
72274793084	2016	1	4	22	0	0.02
72274793084	2016	1	4	23	0	0.07
72274793084	2016	1	5	0	0	0.15
72274793084	2016	1	5	1	0	0.08
72274793084	2016	1	5	2	0	0.03
72274793084	2016	1	5	3	0	0.04
72274793084	2016	1	5	4	0	0.03
72274793084	2016	1	5	5	0	0.04
72274793084	2016	1	5	6	0	0.01
72274793084	2016	1	6	7	0	0.05
72274793084	2016	1	6	9	0	0.01
72274793084	2016	1	6	12	0	0.01
72274793084	2016	1	6	13	0	0.02
72274793084	2016	1	7	22	0	0.04
72274793084	2016	1	7	23	0	0.09
72274793084	2016	1	8	0	0	0.08
72274793084	2016	1	8	6	0	0.04
72274793084	2016	1	8	7	0	0.01
72274793084	2016	1	8	8	0	0.04
72274793084	2016	1	8	9	0	0.02
72274793084	2016	1	8	13	0	0.01
72274793084	2016	1	8	15	0	0.04
72274793084	2016	1	8	16	0	0.03
72274793084	2016	1	8	17	0	0.01
72274793084	2016	1	8	19	0	0.01
72274793084	2016	1	8	21	0	0.03
72274793084	2016	1	16	0	0	0.01
72274793084	2016	1	16	1	0	0.02
72274793084	2016	2	1	6	0	0.01
72274793084	2016	2	1	7	0	0.01
72274793084	2016	2	1	9	0	0.06
72274793084	2016	2	1	10	0	0.06
72274793084	2016	3	8	6	0	0.01
72274793084	2016	4	8	23	0	0.01
72274793084	2016	4	10	22	0	0.02
72274793084	2016	4	11	0	0	0.01
72274793084	2016	4	11	1	0	0.25
72274793084	2016	4	11	2	0	0.16
72274793084	2016	4	11	3	0	0.03
72274793084	2016	4	12	15	0	0.02
72274793084	2016	5	18	0	0	0.02
72274793084	2016	5	18	6	0	0.01
72274793084	2016	5	18	20	0	0.35
72274793084	2016	6	11	0	0	0.52
72274793084	2016	6	11	1	0	0.01
72274793084	2016	6	27	23	0	0.04
72274793084	2016	6	29	6	0	0.04
72274793084	2016	6	29	7	0	0.11
72274793084	2016	6	30	3	0	0.06
72274793084	2016	7	1	13	0	0.09
72274793084	2016	7	1	14	0	0.27
72274793084	2016	7	1	15	0	0.02
72274793084	2016	7	1	17	0	0.03
72274793084	2016	7	1	20	0	0.003
72274793084	2016	7	1	21	0	0.01
72274793084	2016	7	20	3	0	0.57
72274793084	2016	7	20	4	0	0.21
72274793084	2016	7	20	5	0	0.524
72274793084	2016	7	22	6	0	0.01
72274793084	2016	7	22	8	0	0.01
72274793084	2016	7	27	21	0	0.02
72274793084	2016	8	2	9	0	0.01
72274793084	2016	8	3	13	0	0.02
72274793084	2016	8	4	2	0	0.02
72274793084	2016	8	4	3	0	0.01
72274793084	2016	8	20	22	0	0.02
72274793084	2016	8	20	23	0	0.02
72274793084	2016	8	21	0	0	0.02
72274793084	2016	8	24	22	0	0.01
72274793084	2016	8	26	2	0	0.19
72274793084	2016	8	26	4	0	0.01
72274793084	2016	8	26	11	0	0.01
72274793084	2016	8	26	23	0	0.114
72274793084	2016	9	7	7	0	0.01
72274793084	2016	9	7	11	0	0.02
72274793084	2016	9	7	14	0	0.03
72274793084	2016	9	7	15	0	0.1
72274793084	2016	9	7	16	0	0.14
72274793084	2016	9	7	17	0	0.08
72274793084	2016	9	7	18	0	0.16
72274793084	2016	9	7	19	0	0.23
72274793084	2016	9	7	20	0	0.16
72274793084	2016	9	7	21	0	0.23
72274793084	2016	9	7	22	0	0.05
72274793084	2016	9	7	23	0	0.02
72274793084	2016	9	8	0	0	0.02
72274793084	2016	9	8	1	0	0.19
72274793084	2016	9	8	2	0	0.51
72274793084	2016	9	8	3	0	0.03
72274793084	2016	9	8	4	0	0.04
72274793084	2016	9	8	5	0	0.04
72274793084	2016	9	8	6	0	0.01
72274793084	2016	9	8	7	0	0.03
72274793084	2016	9	8	8	0	0.01
72274793084	2016	9	12	22	0	0.03
72274793084	2016	9	13	2	0	0.01
72274793084	2016	9	14	0	0	0.05
72274793084	2016	9	14	1	0	0.16
72274793084	2016	9	26	16	0	0.01
72274793084	2016	9	28	9	0	0.01
72274793084	2016	9	28	10	0	0.03
72274793084	2016	9	28	12	0	0.02
72274793084	2016	9	30	0	0	0.02
72274793084	2016	9	30	1	0	0.06
72274793084	2016	9	30	2	0	0.07
72274793084	2016	10	9	3	0	1.02
72274793084	2016	10	9	4	0	0.15
72274793084	2016	10	9	5	0	0.09
72274793084	2016	10	9	6	0	0.27
72274793084	2016	10	9	7	0	0.37
72274793084	2016	10	9	8	0	0.42
72274793084	2016	10	25	4	0	0.01
72274793084	2016	11	3	3	0	0.01
72274793084	2016	11	3	4	0	0.02
72274793084	2016	11	4	0	0	0.34
72274793084	2016	11	4	2	0	0.2
72274793084	2016	11	4	3	0	0.16
72274793084	2016	11	4	18	0	0.13
72274793084	2016	11	4	19	0	0.3
72274793084	2016	11	19	4	0	0.01
72274793084	2016	11	21	10	0	0.01
72274793084	2016	11	21	18	0	0.06
72274793084	2016	11	21	19	0	0.01
72274793084	2016	11	22	3	0	0.01
72274793084	2016	11	23	10	0	0.01
72274793084	2016	11	27	6	0	0.07
72274793084	2016	11	27	7	0	0.03
72274793084	2016	11	28	6	0	0.04
72274793084	2016	11	28	7	0	0.02
72274793084	2016	11	29	7	0	0.01
72274793084	2016	12	3	11	0	0.01
72274793084	2016	12	10	3	0	0.01
72274793084	2016	12	16	13	0	0.02
72274793084	2016	12	16	14	0	0.01
72274793084	2016	12	17	11	0	0.02
72274793084	2016	12	17	12	0	0.09
72274793084	2016	12	17	13	0	0.01
72274793084	2016	12	17	14	0	0.02
72274793084	2016	12	19	4	0	0.01
72274793084	2016	12	19	5	0	0.01
72274793084	2016	12	20	5	0	0.01
72274793084	2016	12	21	14	0	0.01
72274793084	2016	12	21	16	0	0.01
72274793084	2016	12	21	17	0	0.02
72274793084	2016	12	21	23	0	0.01
72274793084	2016	12	22	1	0	0.01
72274793084	2016	12	22	8	0	0.022
72274793084	2016	12	22	10	0	0.01
72274793084	2016	12	22	13	0	0.02
72274793084	2016	12	22	14	0	0.01
72274793084	2016	12	22	17	0	0.11
72274793084	2016	12	22	18	0	0.05
72274793084	2016	12	22	20	0	0.01
72274793084	2016	12	22	23	0	0.22
72274793084	2016	12	23	0	0	0.11
72274793084	2016	12	23	2	0	0.01
72274793084	2016	12	23	3	0	0.01
72274793084	2016	12	23	6	0	0.01
72274793084	2016	12	25	3	0	0.02
72274793084	2016	12	25	4	0	0.03
72274793084	2016	12	25	12	0	0.02
72274793084	2016	12	27	5	0	0.01
72274793084	2016	12	27	6	0	0.01
72274793084	2016	12	27	7	0	0.01
72274793084	2016	12	27	10	0	0.01
72274793084	2016	12	27	11	0	0.01
72274793084	2016	12	27	12	0	0.01
72274793084	2016	12	30	2	0	0.03
72274793084	2016	12	31	6	0	0.01
72274793084	2016	12	31	8	0	0.05
72274793084	2016	12	31	9	0	0.08
72274793084	2016	12	31	10	0	0.04
72274793084	2016	12	31	11	0	0.08
72274793084	2016	12	31	12	0	0.03
72274793084	2016	12	31	14	0	0.04
72274793084	2016	12	31	19	0	0.01
72274793084	2016	12	31	20	0	0.01
72274793084	2016	12	31	21	0	0.03
72274793084	2017	1	1	2	0	0.01
72274793084	2017	1	1	3	0	0.01
72274793084	2017	1	1	17	0	0.01
72274793084	2017	1	1	18	0	0.02
72274793084	2017	1	1	19	0	0.02
72274793084	2017	1	1	20	0	0.04
72274793084	2017	1	4	11	0	0.01
72274793084	2017	1	6	12	0	0.02
72274793084	2017	1	12	3	0	0.01
72274793084	2017	1	14	9	0	0.01
72274793084	2017	1	14	10	0	0.01
72274793084	2017	1	15	0	0	0.01
72274793084	2017	1	15	4	0	0.02
72274793084	2017	1	15	15	0	0.01
72274793084	2017	1	15	18	0	0.02
72274793084	2017	1	15	19	0	0.04
72274793084	2017	1	16	2	0	0.01
72274793084	2017	1	21	4	0	0.01
72274793084	2017	1	21	5	0	0.01
72274793084	2017	1	21	6	0	0.02
72274793084	2017	1	21	7	0	0.05
72274793084	2017	1	21	8	0	0.09
72274793084	2017	1	21	9	0	0.28
72274793084	2017	1	21	12	0	0.03
72274793084	2017	1	24	8	0	0.01
72274793084	2017	2	12	19	0	0.01
72274793084	2017	2	12	22	0	0.08
72274793084	2017	2	13	12	0	0.01
72274793084	2017	2	13	13	0	0.03
72274793084	2017	2	13	14	0	0.01
72274793084	2017	2	13	16	0	0.01
72274793084	2017	2	28	20	0	0.001
72274793084	2017	2	28	22	0	0.001
72274793084	2017	3	1	0	0	0.002
72274793084	2017	3	1	2	0	0.005
72274793084	2017	3	23	15	0	0.01
72274793084	2017	3	23	16	0	0.06
72274793084	2017	3	23	21	0	0.02
72274793084	2017	5	9	1	0	0.01
72274793084	2017	5	9	9	0	0.01
72274793084	2017	5	10	8	0	0.003
72274793084	2017	5	10	9	0	0.01
72274793084	2017	6	8	1	0	0.1
72274793084	2017	6	26	3	0	0.05
72274793084	2017	7	10	5	0	0.01
72274793084	2017	7	13	4	0	0.01
72274793084	2017	7	14	23	0	0.93
72274793084	2017	7	15	0	0	0.01
72274793084	2017	7	17	4	0	0.02
72274793084	2017	7	17	22	0	0.33
72274793084	2017	7	19	6	0	0.25
72274793084	2017	7	19	7	0	0.01
72274793084	2017	7	20	3	0	0.63
72274793084	2017	7	20	4	0	0.01
72274793084	2017	7	20	5	0	0.04
72274793084	2017	7	20	6	0	0.04
72274793084	2017	7	21	22	0	0.13
72274793084	2017	7	21	23	0	0.02
72274793084	2017	7	23	23	0	0.008
72274793084	2017	7	24	20	0	0.105
72274793084	2017	7	24	21	0	0.33
72274793084	2017	7	24	22	0	0.01
72274793084	2017	7	28	0	0	0.04
72274793084	2017	7	28	1	0	0.08
72274793084	2017	7	28	2	0	0.01
72274793084	2017	7	28	3	0	0.06
72274793084	2017	7	28	4	0	0.01
72274793084	2017	7	29	3	0	0.21
72274793084	2017	8	1	3	0	1.01
72274793084	2017	8	1	4	0	0.22
72274793084	2017	8	1	5	0	0.09
72274793084	2017	8	1	6	0	0.04
72274793084	2017	8	1	7	0	0.01
72274793084	2017	8	12	6	0	0.14
72274793084	2017	8	12	7	0	0.09
72274793084	2017	8	12	8	0	0.13
72274793084	2017	8	12	9	0	0.01
72274793084	2017	8	24	2	0	0.03
72274793084	2017	8	26	23	0	0.03
72274793084	2017	9	8	21	0	0.08
72274793084	2017	9	9	8	0	0.01
72274793084	2017	9	14	22	0	0.01
72274793084	2017	12	6	9	0	0.01
72274793084	2017	12	17	13	0	0.18
72274793084	2017	12	17	14	0	0.1
72274793084	2017	12	17	19	0	0.02
72274793084	2017	12	18	16	0	0.01
72274793084	2018	1	4	12	0	0.01
72274793084	2018	1	10	9	0	0.02
72274793084	2018	1	10	10	0	0.08
72274793084	2018	1	10	11	0	0.01
72274793084	2018	1	10	14	0	0.004
72274793084	2018	1	21	1	0	0.01
72274793084	2018	2	14	22	0	0.01
72274793084	2018	2	14	23	0	0.02
72274793084	2018	2	15	0	0	0.05
72274793084	2018	2	15	1	0	0.07
72274793084	2018	2	15	2	0	0.04
72274793084	2018	2	15	3	0	0.01
72274793084	2018	2	15	4	0	0.04
72274793084	2018	2	15	5	0	0.05
72274793084	2018	2	15	6	0	0.07
72274793084	2018	2	15	7	0	0.05
72274793084	2018	2	15	8	0	0.08
72274793084	2018	2	15	9	0	0.08
72274793084	2018	2	15	10	0	0.12
72274793084	2018	2	15	11	0	0.08
72274793084	2018	2	15	12	0	0.06
72274793084	2018	2	15	13	0	0.08
72274793084	2018	2	15	14	0	0.06
72274793084	2018	2	15	15	0	0.07
72274793084	2018	2	15	16	0	0.07
72274793084	2018	2	15	17	0	0.04
72274793084	2018	2	15	18	0	0.01
72274793084	2018	2	15	19	0	0.01
72274793084	2018	2	16	3	0	0.01
72274793084	2018	2	16	4	0	0.03
72274793084	2018	2	16	5	0	0.02
72274793084	2018	2	16	8	0	0.01
72274793084	2018	2	16	9	0	0.01
72274793084	2018	2	16	20	0	0.01
72274793084	2018	2	16	21	0	0.01
72274793084	2018	2	16	22	0	0.02
72274793084	2018	2	16	23	0	0.01
72274793084	2018	2	17	0	0	0.01
72274793084	2018	2	17	4	0	0.02
72274793084	2018	2	19	3	0	0.02
72274793084	2018	2	19	6	0	0.01
72274793084	2018	2	19	9	0	0.01
72274793084	2018	2	19	11	0	0.01
72274793084	2018	2	19	12	0	0.01
72274793084	2018	2	19	15	0	0.03
72274793084	2018	2	19	16	0	0.01
72274793084	2018	2	28	12	0	0.01
72274793084	2018	2	28	13	0	0.03
72274793084	2018	2	28	14	0	0.01
72274793084	2018	2	28	20	0	0.03
72274793084	2018	3	11	16	0	0.01
72274793084	2018	3	27	7	0	0.02
72274793084	2018	6	16	1	0	0.02
72274793084	2018	6	16	2	0	0.02
72274793084	2018	6	16	3	0	0.01
72274793084	2018	6	16	4	0	0.03
72274793084	2018	6	16	5	0	0.04
72274793084	2018	6	16	6	0	0.02
72274793084	2018	6	16	7	0	0.04
72274793084	2018	6	16	8	0	0.01
72274793084	2018	6	16	17	0	0.069
72274793084	2018	6	16	18	0	0.05
72274793084	2018	6	16	19	0	0.02
72274793084	2018	6	16	23	0	0.01
72274793084	2018	7	8	5	0	0.01
72274793084	2018	7	9	0	0	0.01
72274793084	2018	7	11	9	0	0.01
72274793084	2018	7	11	10	0	0.01
72274793084	2018	7	11	21	0	0.42
72274793084	2018	7	12	3	0	0.02
72274793084	2018	7	13	1	0	0.07
72274793084	2018	7	13	2	0	0.03
72274793084	2018	7	13	3	0	0.03
72274793084	2018	7	14	15	0	0.03
72274793084	2018	7	17	5	0	0.022
72274793084	2018	7	17	6	0	0.11
72274793084	2018	7	28	8	0	0.04
72274793084	2018	7	28	9	0	0.01
72274793084	2018	8	2	1	0	0.01
72274793084	2018	8	15	1	0	1.06
72274793084	2018	8	15	4	0	0.01
72274793084	2018	8	16	4	0	0.09
72274793084	2018	8	21	10	0	0.17
72274793084	2018	8	24	9	0	0.02
72274793084	2018	9	2	5	0	0.02
72274793084	2018	9	2	6	0	0.01
72274793084	2018	9	2	7	0	0.01
72274793084	2018	9	2	10	0	0.09
72274793084	2018	9	2	11	0	0.03
72274793084	2018	9	2	12	0	0.09
72274793084	2018	9	2	13	0	0.01
72274793084	2018	9	2	14	0	0.02
72274793084	2018	9	2	15	0	0.01
72274793084	2018	9	19	20	0	0.02
72274793084	2018	9	19	23	0	0.13
72274793084	2018	9	20	1	0	1.05
72274793084	2018	9	20	2	0	0.3
72274793084	2018	9	20	3	0	0.14
72274793084	2018	9	20	4	0	0.07
72274793084	2018	10	1	22	0	0.01
72274793084	2018	10	1	23	0	0.03
72274793084	2018	10	7	17	0	0.02
72274793084	2018	10	8	0	0	0.05
72274793084	2018	10	8	1	0	0.1
72274793084	2018	10	12	13	0	0.06
72274793084	2018	10	12	14	0	0.04
72274793084	2018	10	12	15	0	0.05
72274793084	2018	10	12	16	0	0.08
72274793084	2018	10	12	17	0	0.07
72274793084	2018	10	12	18	0	0.11
72274793084	2018	10	12	19	0	0.05
72274793084	2018	10	12	20	0	0.02
72274793084	2018	10	13	19	0	0.01
72274793084	2018	10	13	20	0	0.01
72274793084	2018	10	13	21	0	0.03
72274793084	2018	10	13	22	0	0.04
72274793084	2018	10	13	23	0	0.04
72274793084	2018	10	14	5	0	0.04
72274793084	2018	10	14	7	0	0.01
72274793084	2018	10	14	8	0	0.03
72274793084	2018	10	14	9	0	0.02
72274793084	2018	10	15	16	0	0.02
72274793084	2018	10	15	17	0	0.07
72274793084	2018	10	16	2	0	0.02
72274793084	2018	10	16	3	0	0.04
72274793084	2018	10	16	4	0	0.03
72274793084	2018	10	16	5	0	0.01
72274793084	2018	10	16	6	0	0.03
72274793084	2018	10	16	7	0	0.03
72274793084	2018	10	16	8	0	0.01
72274793084	2018	10	16	9	0	0.01
72274793084	2018	10	16	10	0	0.03
72274793084	2018	10	16	11	0	0.07
72274793084	2018	10	16	12	0	0.07
72274793084	2018	10	16	13	0	0.12
72274793084	2018	10	16	14	0	0.07
72274793084	2018	10	16	15	0	0.1
72274793084	2018	10	16	16	0	0.01
72274793084	2018	10	16	17	0	0.01
72274793084	2018	10	22	0	0	0.02
72274793084	2018	10	22	1	0	0.05
72274793084	2018	10	22	2	0	0.07
72274793084	2018	10	31	4	0	0.12
72274793084	2018	11	30	12	0	0.11
72274793084	2018	11	30	21	0	0.01
72274793084	2018	11	30	23	0	0.01
72274793084	2018	12	2	9	0	0.01
72274793084	2018	12	8	5	0	0.01
72274793084	2018	12	18	4	0	0.01
72274793084	2018	12	18	6	0	0.01
72274793084	2018	12	26	7	0	0.07
72274793084	2018	12	26	10	0	0.07
72274793084	2018	12	26	11	0	0.01
72274793084	2018	12	26	13	0	0.01
72274793084	2018	12	26	15	0	0.02
72274793084	2018	12	26	16	0	0.03
72274793084	2018	12	28	3	0	0.02
72274793084	2018	12	28	4	0	0.02
72274793084	2018	12	28	5	0	0.05
72274793084	2018	12	28	6	0	0.03
72274793084	2018	12	28	7	0	0.01
72274793084	2018	12	28	10	0	0.05
72274793084	2018	12	28	11	0	0.04
72274793084	2019	1	1	6	0	0.01
72274793084	2019	1	1	7	0	0.02
72274793084	2019	1	1	8	0	0.01
72274793084	2019	1	1	9	0	0.02
72274793084	2019	1	1	10	0	0.02
72274793084	2019	1	1	11	0	0.01
72274793084	2019	1	1	12	0	0.01
72274793084	2019	1	1	13	0	0.01
72274793084	2019	1	2	13	0	0.01
72274793084	2019	1	2	14	0	0.03
72274793084	2019	1	2	15	0	0.06
72274793084	2019	1	2	16	0	0.06
72274793084	2019	1	2	17	0	0.01
72274793084	2019	1	2	18	0	0.01
72274793084	2019	1	2	19	0	0.01
72274793084	2019	1	6	13	0	0.02
72274793084	2019	1	6	14	0	0.04
72274793084	2019	1	6	15	0	0.04
72274793084	2019	1	6	16	0	0.01
72274793084	2019	1	6	17	0	0.01
72274793084	2019	1	10	3	0	0.06
72274793084	2019	1	10	4	0	0.01
72274793084	2019	1	10	17	0	0.01
72274793084	2019	1	10	18	0	0.02
72274793084	2019	1	10	19	0	0.02
72274793084	2019	2	3	14	0	0.01
72274793084	2019	2	3	16	0	0.05
72274793084	2019	2	3	17	0	0.15
72274793084	2019	2	3	18	0	0.05
72274793084	2019	2	3	19	0	0.02
72274793084	2019	2	3	22	0	0.01
72274793084	2019	2	4	11	0	0.01
72274793084	2019	2	15	2	0	0.032
72274793084	2019	2	15	3	0	0.02
72274793084	2019	2	15	4	0	0.01
72274793084	2019	2	15	5	0	0.03
72274793084	2019	2	15	6	0	0.01
72274793084	2019	2	15	7	0	0.06
72274793084	2019	2	15	8	0	0.03
72274793084	2019	2	15	10	0	0.01
72274793084	2019	2	19	3	0	0.01
72274793084	2019	2	22	11	0	0.01
72274793084	2019	2	22	12	0	0.01
72274793084	2019	2	22	13	0	0.03
72274793084	2019	2	22	14	0	0.01
72274793084	2019	2	22	15	0	0.02
72274793084	2019	2	22	16	0	0.15
72274793084	2019	2	22	17	0	0.02
72274793084	2019	2	22	18	0	0.02
72274793084	2019	2	22	19	0	0.01
72274793084	2019	3	11	14	0	0.01
72274793084	2019	3	12	3	0	0.03
72274793084	2019	3	12	4	0	0.02
72274793084	2019	3	12	7	0	0.01
72274793084	2019	3	12	13	0	0.02
72274793084	2019	3	12	14	0	0.018
72274793084	2019	3	12	15	0	0.24
72274793084	2019	3	12	16	0	0.06
72274793084	2019	3	12	17	0	0.07
72274793084	2019	3	12	18	0	0.04
72274793084	2019	3	12	19	0	0.01
72274793084	2019	3	12	23	0	0.01
72274793084	2019	3	13	1	0	0.02
72274793084	2019	3	13	12	0	0.01
72274793084	2019	4	17	4	0	0.03
72274793084	2019	4	17	14	0	0.02
72274793084	2019	5	12	18	0	0.01
72274793084	2019	5	23	12	0	0.01
72274793084	2019	7	7	7	0	0.02
72274793084	2019	7	7	8	0	0.02
72274793084	2019	7	13	1	0	0.06
72274793084	2019	7	23	6	0	0.03
72274793084	2019	7	29	23	0	0.62
72274793084	2019	7	30	0	0	0.5
72274793084	2019	7	30	1	0	0.02
72274793084	2019	7	30	2	0	0.092
72274793084	2019	7	30	3	0	0.005
72274793084	2019	7	31	23	0	0.01
72274793084	2019	8	11	2	0	0.248
72274793084	2019	8	11	3	0	0.05
72274793084	2019	8	11	4	0	0.17
72274793084	2019	8	11	5	0	0.03
72274793084	2019	8	29	3	0	0.03
72274793084	2019	8	29	12	0	0.003
72274793084	2019	8	30	1	0	0.1
72274793084	2019	8	30	2	0	0.032
72274793084	2019	8	30	3	0	0.091
72274793084	2019	8	30	4	0	0.075
72274793084	2019	8	30	7	0	0.003
72274793084	2019	8	31	9	0	0.009
72274793084	2019	8	31	10	0	0.058
72274793084	2019	9	3	6	0	0.02
72274793084	2019	9	8	0	0	0.3
72274793084	2019	9	8	1	0	0.24
72274793084	2019	9	8	2	0	0.04
72274793084	2019	9	8	3	0	0.01
72274793084	2019	9	10	17	0	0.01
72274793084	2019	9	14	23	0	0.01
72274793084	2019	9	15	0	0	0.02
72274793084	2019	9	15	1	0	0.03
72274793084	2019	9	15	2	0	0.01
72274793084	2019	9	15	8	0	0.007
72274793084	2019	9	15	9	0	0.03
72274793084	2019	9	17	3	0	0.01
72274793084	2019	9	24	16	0	0.03
72274793084	2019	9	24	17	0	0.1
72274793084	2019	9	24	18	0	0.05
72274793084	2019	9	24	19	0	0.01
72274793084	2019	9	24	20	0	0.01
72274793084	2019	10	4	14	0	0.01
72274793084	2019	10	4	17	0	0.011
72274793084	2019	10	4	18	0	0.001
72274793084	2019	10	18	16	0	0.01
72274793084	2019	10	18	18	0	0.06
72274793084	2019	11	5	23	0	0.002
72274793084	2019	11	6	3	0	0.001
72274793084	2019	11	6	4	0	0.01
72274793084	2019	11	6	5	0	0.004
72274793084	2019	11	6	21	0	0.02
72274793084	2019	11	19	23	0	0.06
72274793084	2019	11	20	0	0	0.01
72274793084	2019	11	20	2	0	0.07
72274793084	2019	11	20	3	0	0.1
72274793084	2019	11	20	4	0	0.04
72274793084	2019	11	20	5	0	0.08
72274793084	2019	11	20	6	0	0.08
72274793084	2019	11	20	7	0	0.07
72274793084	2019	11	20	12	0	0.02
72274793084	2019	11	20	13	0	0.03
72274793084	2019	11	20	14	0	0.02
72274793084	2019	11	21	7	0	0.04
72274793084	2019	11	21	8	0	0.05
72274793084	2019	11	21	9	0	0.14
72274793084	2019	11	21	10	0	0.09
72274793084	2019	11	21	11	0	0.02
72274793084	2019	11	21	14	0	0.006
72274793084	2019	11	21	15	0	0.12
72274793084	2019	11	27	21	0	0.03
72274793084	2019	11	27	22	0	0.06
72274793084	2019	11	27	23	0	0.16
72274793084	2019	11	28	0	0	0.11
72274793084	2019	11	28	1	0	0.04
72274793084	2019	11	28	2	0	0.03
72274793084	2019	11	28	3	0	0.08
72274793084	2019	11	28	4	0	0.13
72274793084	2019	11	28	5	0	0.17
72274793084	2019	11	28	6	0	0.11
72274793084	2019	11	28	7	0	0.03
72274793084	2019	11	28	15	0	0.03
72274793084	2019	11	29	14	0	0.05
72274793084	2019	11	29	15	0	0.13
72274793084	2019	11	29	16	0	0.28
72274793084	2019	11	29	17	0	0.04
72274793084	2019	11	30	14	0	0.01
72274793084	2019	12	4	13	0	0.003
72274793084	2019	12	4	14	0	0.013
72274793084	2019	12	4	15	0	0.014
72274793084	2019	12	4	16	0	0.001
72274793084	2019	12	8	8	0	0.01
72274793084	2019	12	8	15	0	0.01
72274793084	2019	12	9	7	0	0.01
72274793084	2019	12	9	8	0	0.05
72274793084	2019	12	9	9	0	0.04
72274793084	2019	12	9	10	0	0.06
72274793084	2019	12	9	11	0	0.03
72274793084	2019	12	9	12	0	0.01
72274793084	2019	12	9	13	0	0.02
72274793084	2019	12	9	14	0	0.02
72274793084	2019	12	9	15	0	0.01
72274793084	2019	12	9	19	0	0.02
72274793084	2019	12	9	20	0	0.016
72274793084	2019	12	9	21	0	0.22
72274793084	2019	12	9	22	0	0.12
72274793084	2019	12	9	23	0	0.01
72274793084	2019	12	24	18	0	0.02
72274793084	2019	12	24	19	0	0.01
72274793084	2019	12	27	12	0	0.04
72274793084	2019	12	27	13	0	0.06
72274793084	2019	12	27	14	0	0.01
72274793084	2019	12	28	10	0	0.01
72274793084	2019	12	28	15	0	0.03
72274793084	2019	12	29	3	0	0.01
72274793084	2020	1	2	9	0	0.01
72274793084	2020	1	2	10	0	0.01
72274793084	2020	1	16	21	0	0.03
72274793084	2020	1	16	22	0	0.03
72274793084	2020	1	16	23	0	0.02
72274793084	2020	1	17	0	0	0.02
72274793084	2020	1	17	1	0	0.03
72274793084	2020	1	17	2	0	0.02
72274793084	2020	1	17	3	0	0.04
72274793084	2020	1	17	4	0	0.01
72274793084	2020	1	17	5	0	0.02
72274793084	2020	1	17	6	0	0.03
72274793084	2020	1	21	15	0	0.05
72274793084	2020	1	21	16	0	0.06
72274793084	2020	1	21	17	0	0.02
72274793084	2020	1	21	18	0	0.01
72274793084	2020	1	22	7	0	0.01
72274793084	2020	2	10	23	0	0.01
72274793084	2020	2	11	1	0	0.1
72274793084	2020	2	11	2	0	0.13
72274793084	2020	2	11	3	0	0.01
72274793084	2020	2	11	6	0	0.15
72274793084	2020	2	11	7	0	0.05
72274793084	2020	2	11	8	0	0.03
72274793084	2020	2	11	9	0	0.01
72274793084	2020	2	11	10	0	0.01
72274793084	2020	2	12	1	0	0.02
72274793084	2020	2	12	2	0	0.02
72274793084	2020	2	22	10	0	0.02
72274793084	2020	2	22	11	0	0.02
72274793084	2020	2	22	12	0	0.02
72274793084	2020	2	22	13	0	0.03
72274793084	2020	2	22	14	0	0.03
72274793084	2020	2	22	15	0	0.02
72274793084	2020	2	22	16	0	0.04
72274793084	2020	2	22	17	0	0.01
72274793084	2020	2	22	18	0	0.03
72274793084	2020	2	22	22	0	0.01
72274793084	2020	2	23	0	0	0.03
72274793084	2020	2	23	1	0	0.12
72274793084	2020	2	23	2	0	0.02
72274793084	2020	3	8	18	0	0.07
72274793084	2020	3	8	19	0	0.01
72274793084	2020	3	11	5	0	0.01
72274793084	2020	3	11	6	0	0.01
72274793084	2020	3	11	7	0	0.06
72274793084	2020	3	13	4	0	0.01
72274793084	2020	3	18	22	0	0.01
72274793084	2020	3	18	23	0	0.025
72274793084	2020	3	19	0	0	0.2
72274793084	2020	3	19	1	0	0.25
72274793084	2020	3	19	2	0	0.06
72274793084	2020	7	23	7	0	0.011
72274793084	2020	7	23	8	0	0.021
72274793084	2020	7	23	9	0	0.18
72274793084	2020	7	23	10	0	0.02
72274793084	2020	7	23	11	0	0.03
72274793084	2020	7	23	12	0	0.029
72274793084	2020	7	23	13	0	0.02
72274793084	2020	7	23	14	0	0.043
72274793084	2020	7	23	15	0	0.01
72274793084	2020	7	23	16	0	0.01
72274793084	2020	7	23	17	0	0.02
72274793084	2020	7	24	12	0	0.49
72274793084	2020	8	2	1	0	0.01
72274793084	2020	8	2	2	0	0.11
72274793084	2020	8	30	3	0	0.06
72274793084	2020	8	30	4	0	0.16
72274793084	2020	8	30	5	0	0.13
72274793084	2020	8	30	6	0	0.09
72274793084	2020	10	27	9	0	0.02
72274793084	2020	10	27	10	0	0.01
72274793084	2020	10	27	11	0	0.04
72274793084	2020	10	27	12	0	0.09
72274793084	2020	10	27	13	0	0.08
72274793084	2020	10	27	14	0	0.02
72274793084	2020	10	27	15	0	0.02
72274793084	2020	10	27	16	0	0.03
72274793084	2020	10	27	17	0	0.01
72274793084	2020	12	10	10	0	0.05
72274793084	2020	12	10	11	0	0.04
72274793084	2020	12	10	12	0	0.18
72274793084	2020	12	10	13	0	0.1
72274793084	2020	12	10	19	0	0.17
72274793084	2020	12	10	21	0	0.02
72274793084	2021	1	21	8	0	0.02
72274793084	2021	1	21	9	0	0.01
72274793084	2021	1	21	10	0	0.02
72274793084	2021	1	25	16	0	0.01
72274793084	2021	1	26	0	0	0.12
72274793084	2021	1	26	1	0	0.04
72274793084	2021	1	26	2	0	0.02
72274793084	2021	1	26	5	0	0.02
72274793084	2021	1	26	12	0	0.02
72274793084	2021	1	26	13	0	0.04
72274793084	2021	1	30	3	0	0.03
72274793084	2021	1	30	4	0	0.13
72274793084	2021	1	30	5	0	0.01
72274793084	2021	2	14	9	0	0.02
72274793084	2021	2	14	13	0	0.16
72274793084	2021	2	14	14	0	0.02
72274793084	2021	2	14	15	0	0.03
72274793084	2021	2	14	16	0	0.02
72274793084	2021	2	16	15	0	0.05
72274793084	2021	3	13	11	0	0.01
72274793084	2021	3	13	13	0	0.04
72274793084	2021	3	13	14	0	0.06
72274793084	2021	3	13	15	0	0.03
72274793084	2021	3	13	16	0	0.03
72274793084	2021	3	14	7	0	0.01
72274793084	2021	3	24	2	0	0.02
72274793084	2021	3	24	13	0	0.08
72274793084	2021	3	24	15	0	0.01
72274793084	2021	3	24	16	0	0.01
72274793084	2021	3	24	22	0	0.01
72274793084	2021	7	4	5	0	0.01
72274793084	2021	7	4	6	0	0.01
72274793084	2021	7	13	2	0	0.05
72274793084	2021	7	15	22	0	0.16
72274793084	2021	7	15	23	0	0.54
72274793084	2021	7	16	0	0	0.04
72274793084	2021	7	16	1	0	0.02
72274793084	2021	7	16	2	0	0.06
72274793084	2021	7	16	3	0	0.01
72274793084	2021	7	16	4	0	0.01
72274793084	2021	7	18	23	0	0.01
72274793084	2021	7	19	0	0	0.18
72274793084	2021	7	19	1	0	0.03
72274793084	2021	7	19	2	0	0.1
72274793084	2021	7	19	3	0	0.06
72274793084	2021	7	19	4	0	0.03
72274793084	2021	7	19	5	0	0.02
72274793084	2021	7	23	2	0	0.07
72274793084	2021	7	23	3	0	0.08
72274793084	2021	7	23	4	0	0.02
72274793084	2021	7	23	5	0	0.01
72274793084	2021	7	23	9	0	0.05
72274793084	2021	7	23	10	0	0.16
72274793084	2021	7	23	11	0	0.17
72274793084	2021	7	24	12	0	0.29
72274793084	2021	7	24	13	0	0.01
72274793084	2021	7	24	15	0	0.08
72274793084	2021	7	24	16	0	0.01
72274793084	2021	7	24	17	0	0.12
72274793084	2021	7	24	18	0	0.08
72274793084	2021	7	24	19	0	0.06
72274793084	2021	7	24	20	0	0.09
72274793084	2021	7	24	21	0	0.03
72274793084	2021	7	24	22	0	0.02
72274793084	2021	7	24	23	0	0.12
72274793084	2021	7	25	1	0	0.02
72274793084	2021	7	25	2	0	0.01
72274793084	2021	7	25	8	0	0.005
72274793084	2021	7	25	13	0	0.02
72274793084	2021	7	25	14	0	0.03
72274793084	2021	7	25	15	0	0.03
72274793084	2021	7	25	16	0	0.01
72274793084	2021	7	28	1	0	0.04
72274793084	2021	7	28	2	0	0.18
72274793084	2021	7	28	6	0	0.01
72274793084	2021	7	29	21	0	0.01
72274793084	2021	7	30	4	0	0.01
72274793084	2021	7	31	1	0	0.03
72274793084	2021	8	1	0	0	0.001
72274793084	2021	8	10	14	0	0.004
72274793084	2021	8	10	15	0	0.03
72274793084	2021	8	14	14	0	0.029
72274793084	2021	8	14	15	0	0.06
72274793084	2021	8	14	23	0	0.04
72274793084	2021	8	15	0	0	0.01
72274793084	2021	8	17	0	0	0.07
72274793084	2021	8	17	3	0	0.01
72274793084	2021	8	17	4	0	0.01
72274793084	2021	8	18	11	0	0.001
72274793084	2021	8	18	18	0	0.002
72274793084	2021	8	18	19	0	0.04
72274793084	2021	8	18	20	0	0.029
72274793084	2021	8	19	0	0	0.004
72274793084	2021	8	19	1	0	0.007
72274793084	2021	8	19	2	0	0.03
72274793084	2021	8	24	0	0	0.03
72274793084	2021	8	30	5	0	0.09
72274793084	2021	8	30	6	0	0.03
72274793084	2021	8	30	7	0	0.01
72274793084	2021	8	31	0	0	0.05
72274793084	2021	8	31	6	0	0.02
72274793084	2021	9	1	2	0	0.014
72274793084	2021	9	1	3	0	0.12
72274793084	2021	9	1	4	0	0.01
72274793084	2021	9	1	6	0	0.12
72274793084	2021	9	1	7	0	0.02
72274793084	2021	9	1	8	0	0.03
72274793084	2021	9	1	9	0	0.15
72274793084	2021	9	1	10	0	0.5
72274793084	2021	9	1	11	0	0.01
72274793084	2021	9	1	12	0	0.02
72274793084	2021	9	1	13	0	0.01
72274793084	2021	9	1	16	0	0.36
72274793084	2021	9	1	17	0	0.02
72274793084	2021	9	5	22	0	0.26
72274793084	2021	9	5	23	0	0.05
72274793084	2021	9	9	3	0	0.02
72274793084	2021	9	26	2	0	0.024
72274793084	2021	9	26	3	0	0.08
72274793084	2021	9	26	4	0	0.02
72274793084	2021	9	26	7	0	0.01
72274793084	2021	9	26	8	0	0.01
72274793084	2021	9	28	6	0	0.01
72274793084	2021	9	28	9	0	0.05
72274793084	2021	9	28	10	0	0.01
72274793084	2021	9	30	5	0	0.36
72274793084	2021	9	30	10	0	0.01
72274793084	2021	9	30	11	0	0.03
72274793084	2021	9	30	12	0	0.03
72274793084	2021	9	30	13	0	0.05
72274793084	2021	9	30	14	0	0.01
72274793084	2021	10	4	23	0	0.002
72274793084	2021	10	6	1	0	0.06
72274793084	2021	10	6	3	0	0.01
72274793084	2021	11	24	11	0	0.01
72274793084	2021	12	10	12	0	0.02
72274793084	2021	12	10	16	0	0.01
72274793084	2021	12	24	15	0	0.03
72274793084	2021	12	24	16	0	0.07
72274793084	2021	12	24	17	0	0.09
72274793084	2021	12	24	18	0	0.06
72274793084	2021	12	24	19	0	0.04
72274793084	2021	12	31	12	0	0.06
72274793084	2021	12	31	13	0	0.05
72274793084	2021	12	31	14	0	0.01
72274793084	2021	12	31	22	0	0.07
72274793084	2021	12	31	23	0	0.06
