72278903192	2006	3	8	23	0	0.01
72278903192	2006	3	11	10	0	0.04
72278903192	2006	3	11	11	0	0.11
72278903192	2006	3	11	12	0	0.1
72278903192	2006	3	11	13	0	0.07
72278903192	2006	3	11	14	0	0.15
72278903192	2006	3	11	15	0	0.06
72278903192	2006	3	11	16	0	0.13
72278903192	2006	3	11	17	0	0.03
72278903192	2006	3	11	18	0	0.01
72278903192	2006	3	11	20	0	0.04
72278903192	2006	3	11	21	0	0.05
72278903192	2006	3	11	22	0	0.04
72278903192	2006	3	11	23	0	0.05
72278903192	2006	3	12	0	0	0.09
72278903192	2006	3	12	1	0	0.07
72278903192	2006	3	12	2	0	0.12
72278903192	2006	3	12	3	0	0.14
72278903192	2006	3	12	4	0	0.12
72278903192	2006	3	12	5	0	0.01
72278903192	2006	3	12	6	0	0.06
72278903192	2006	3	12	7	0	0.03
72278903192	2006	3	19	15	0	0.04
72278903192	2006	3	19	16	0	0.12
72278903192	2006	3	19	17	0	0.01
72278903192	2006	3	19	23	0	0.01
72278903192	2006	3	20	6	0	0.01
72278903192	2006	3	21	21	0	0.01
72278903192	2006	3	21	23	0	0.01
72278903192	2006	4	5	15	0	0.01
72278903192	2006	4	6	3	0	0.01
72278903192	2006	7	23	7	0	0.004
72278903192	2006	7	23	8	0	0.004
72278903192	2006	7	23	9	0	0.004
72278903192	2006	7	23	10	0	0.003
72278903192	2006	7	23	11	0	0.004
72278903192	2006	7	23	12	0	0.006
72278903192	2006	7	23	13	0	0.001
72278903192	2006	7	24	6	0	0.06
72278903192	2006	7	26	6	0	0.63
72278903192	2006	7	26	7	0	0.12
72278903192	2006	7	26	8	0	0.06
72278903192	2006	7	26	9	0	0.06
72278903192	2006	7	26	10	0	0.01
72278903192	2006	7	30	8	0	0.04
72278903192	2006	7	30	9	0	0.04
72278903192	2006	7	30	10	0	0.01
72278903192	2006	8	8	13	0	0.004
72278903192	2006	8	12	7	0	0.01
72278903192	2006	8	12	8	0	0.14
72278903192	2006	8	12	9	0	0.08
72278903192	2006	8	12	10	0	0.01
72278903192	2006	8	12	11	0	0.01
72278903192	2006	8	24	16	0	0.19
72278903192	2006	8	24	17	0	0.94
72278903192	2006	8	24	18	0	0.02
72278903192	2006	9	3	2	0	0.09
72278903192	2006	9	3	3	0	0.16
72278903192	2006	9	3	4	0	0.02
72278903192	2006	9	3	5	0	0.03
72278903192	2006	9	3	6	0	0.03
72278903192	2006	9	3	7	0	0.01
72278903192	2006	9	5	3	0	0.056
72278903192	2006	9	5	4	0	0.005
72278903192	2006	9	5	5	0	0.005
72278903192	2006	9	5	6	0	0.004
72278903192	2006	9	5	7	0	0.003
72278903192	2006	9	5	8	0	0.003
72278903192	2006	9	5	9	0	0.003
72278903192	2006	9	5	10	0	0.003
72278903192	2006	9	5	11	0	0.003
72278903192	2006	9	5	12	0	0.006
72278903192	2006	9	7	6	0	0.41
72278903192	2006	9	7	7	0	0.51
72278903192	2006	9	7	9	0	0.06
72278903192	2006	9	7	11	0	0.02
72278903192	2006	9	8	4	0	0.01
72278903192	2006	9	9	16	0	0.06
72278903192	2006	9	9	17	0	0.12
72278903192	2006	9	15	2	0	0.08
72278903192	2006	10	6	6	0	0.01
72278903192	2006	10	6	14	0	0.021
72278903192	2006	10	9	2	0	0.02
72278903192	2006	10	9	4	0	0.02
72278903192	2006	10	14	6	0	0.01
72278903192	2006	10	14	7	0	0.1
72278903192	2006	10	14	8	0	0.02
72278903192	2006	10	14	15	0	0.01
72278903192	2006	10	14	16	0	0.11
72278903192	2006	10	14	17	0	0.03
72278903192	2006	12	22	19	0	0.02
72278903192	2006	12	22	20	0	0.03
72278903192	2006	12	22	21	0	0.09
72278903192	2006	12	22	22	0	0.05
72278903192	2006	12	22	23	0	0.02
72278903192	2006	12	23	0	0	0.01
72278903192	2006	12	28	1	0	0.02
72278903192	2006	12	28	2	0	0.02
72278903192	2006	12	28	7	0	0.01
72278903192	2006	12	28	8	0	0.02
72278903192	2006	12	28	9	0	0.01
72278903192	2006	12	29	2	0	0.01
72278903192	2006	12	29	3	0	0.02
72278903192	2006	12	29	4	0	0.02
72278903192	2006	12	29	5	0	0.01
72278903192	2006	12	29	6	0	0.01
72278903192	2006	12	29	7	0	0.01
72278903192	2006	12	29	9	0	0.01
72278903192	2007	1	5	13	0	0.01
72278903192	2007	1	19	15	0	0.02
72278903192	2007	1	19	16	0	0.03
72278903192	2007	1	19	17	0	0.05
72278903192	2007	1	19	18	0	0.02
72278903192	2007	1	19	20	0	0.01
72278903192	2007	1	19	21	0	0.02
72278903192	2007	1	19	22	0	0.03
72278903192	2007	1	19	23	0	0.02
72278903192	2007	1	20	0	0	0.12
72278903192	2007	1	20	1	0	0.04
72278903192	2007	1	20	15	0	0.01
72278903192	2007	1	21	16	0	0.12
72278903192	2007	1	21	17	0	0.01
72278903192	2007	1	21	18	0	0.09
72278903192	2007	1	22	0	0	0.05
72278903192	2007	1	22	1	0	0.04
72278903192	2007	1	30	20	0	0.02
72278903192	2007	1	30	21	0	0.03
72278903192	2007	1	30	22	0	0.01
72278903192	2007	1	31	9	0	0.02
72278903192	2007	1	31	13	0	0.01
72278903192	2007	1	31	14	0	0.02
72278903192	2007	1	31	15	0	0.01
72278903192	2007	1	31	18	0	0.07
72278903192	2007	1	31	20	0	0.05
72278903192	2007	1	31	21	0	0.03
72278903192	2007	2	1	7	0	0.01
72278903192	2007	2	11	22	0	0.04
72278903192	2007	2	12	8	0	0.01
72278903192	2007	2	13	12	0	0.01
72278903192	2007	2	13	16	0	0.01
72278903192	2007	2	19	21	0	0.05
72278903192	2007	2	19	22	0	0.01
72278903192	2007	2	19	23	0	0.01
72278903192	2007	2	20	1	0	0.01
72278903192	2007	2	20	2	0	0.022
72278903192	2007	2	20	3	0	0.03
72278903192	2007	2	20	4	0	0.08
72278903192	2007	2	20	8	0	0.01
72278903192	2007	2	20	9	0	0.01
72278903192	2007	2	20	10	0	0.02
72278903192	2007	2	20	11	0	0.01
72278903192	2007	3	22	15	0	0.09
72278903192	2007	3	22	21	0	0.03
72278903192	2007	3	22	22	0	0.17
72278903192	2007	3	22	23	0	0.02
72278903192	2007	3	23	0	0	0.01
72278903192	2007	3	23	2	0	0.06
72278903192	2007	3	23	3	0	0.02
72278903192	2007	3	23	4	0	0.26
72278903192	2007	3	23	5	0	0.08
72278903192	2007	3	23	6	0	0.04
72278903192	2007	3	23	9	0	0.02
72278903192	2007	3	24	11	0	0.03
72278903192	2007	4	13	2	0	0.001
72278903192	2007	4	13	3	0	0.03
72278903192	2007	4	13	6	0	0.01
72278903192	2007	4	13	7	0	0.06
72278903192	2007	4	13	8	0	0.03
72278903192	2007	4	21	11	0	0.001
72278903192	2007	4	21	12	0	0.1
72278903192	2007	5	2	4	0	0.01
72278903192	2007	7	17	6	0	0.01
72278903192	2007	7	24	15	0	0.004
72278903192	2007	7	24	16	0	0.004
72278903192	2007	7	24	17	0	0.002
72278903192	2007	7	30	23	0	0.13
72278903192	2007	7	31	1	0	0.08
72278903192	2007	8	1	2	0	0.56
72278903192	2007	8	1	4	0	0.01
72278903192	2007	8	5	12	0	0.01
72278903192	2007	8	5	13	0	0.01
72278903192	2007	8	7	1	0	0.01
72278903192	2007	8	14	10	0	0.01
72278903192	2007	9	8	7	0	0.001
72278903192	2007	9	8	8	0	0.002
72278903192	2007	9	8	9	0	0.002
72278903192	2007	9	8	10	0	0.001
72278903192	2007	9	8	11	0	0.001
72278903192	2007	9	8	12	0	0.002
72278903192	2007	9	8	13	0	0.001
72278903192	2007	9	16	21	0	0.02
72278903192	2007	9	21	0	0	0.11
72278903192	2007	9	22	20	0	0.02
72278903192	2007	9	22	22	0	0.07
72278903192	2007	9	23	11	0	0.01
72278903192	2007	10	5	0	0	0.09
72278903192	2007	10	5	1	0	0.21
72278903192	2007	11	30	19	0	0.11
72278903192	2007	11	30	20	0	0.15
72278903192	2007	11	30	21	0	0.08
72278903192	2007	11	30	22	0	0.24
72278903192	2007	11	30	23	0	0.21
72278903192	2007	12	1	0	0	0.1
72278903192	2007	12	1	1	0	0.29
72278903192	2007	12	1	2	0	0.11
72278903192	2007	12	1	3	0	0.05
72278903192	2007	12	1	4	0	0.12
72278903192	2007	12	1	5	0	0.2
72278903192	2007	12	1	6	0	0.3
72278903192	2007	12	1	11	0	0.02
72278903192	2007	12	1	19	0	0.04
72278903192	2007	12	1	20	0	0.48
72278903192	2007	12	1	22	0	0.01
72278903192	2007	12	7	19	0	0.01
72278903192	2007	12	7	22	0	0.1
72278903192	2007	12	7	23	0	0.12
72278903192	2007	12	8	0	0	0.11
72278903192	2007	12	8	1	0	0.04
72278903192	2007	12	8	2	0	0.02
72278903192	2007	12	8	3	0	0.01
72278903192	2007	12	8	6	0	0.05
72278903192	2007	12	8	7	0	0.14
72278903192	2007	12	8	8	0	0.01
72278903192	2007	12	8	9	0	0.24
72278903192	2007	12	8	10	0	0.01
72278903192	2007	12	8	12	0	0.03
72278903192	2007	12	8	13	0	0.01
72278903192	2007	12	9	20	0	0.01
72278903192	2007	12	10	9	0	0.01
72278903192	2007	12	10	10	0	0.01
72278903192	2007	12	10	21	0	0.06
72278903192	2007	12	11	3	0	0.06
72278903192	2007	12	11	4	0	0.01
72278903192	2007	12	11	5	0	0.03
72278903192	2007	12	11	22	0	0.02
72278903192	2007	12	11	23	0	0.19
72278903192	2007	12	12	0	0	0.03
72278903192	2007	12	21	14	0	0.01
72278903192	2008	1	6	0	0	0.03
72278903192	2008	1	6	3	0	0.06
72278903192	2008	1	6	4	0	0.03
72278903192	2008	1	6	13	0	0.04
72278903192	2008	1	7	8	0	0.01
72278903192	2008	1	7	9	0	0.03
72278903192	2008	1	7	10	0	0.02
72278903192	2008	1	7	13	0	0.04
72278903192	2008	1	7	14	0	0.03
72278903192	2008	1	7	15	0	0.15
72278903192	2008	1	7	16	0	0.08
72278903192	2008	1	7	17	0	0.04
72278903192	2008	1	7	18	0	0.08
72278903192	2008	1	7	19	0	0.15
72278903192	2008	1	24	7	0	0.01
72278903192	2008	1	25	1	0	0.01
72278903192	2008	1	25	2	0	0.03
72278903192	2008	1	25	3	0	0.02
72278903192	2008	1	27	11	0	0.005
72278903192	2008	1	27	12	0	0.04
72278903192	2008	1	27	13	0	0.03
72278903192	2008	1	27	14	0	0.01
72278903192	2008	1	27	15	0	0.02
72278903192	2008	1	27	16	0	0.02
72278903192	2008	1	27	17	0	0.11
72278903192	2008	1	27	18	0	0.07
72278903192	2008	1	27	19	0	0.12
72278903192	2008	1	27	20	0	0.13
72278903192	2008	1	27	21	0	0.03
72278903192	2008	1	27	22	0	0.11
72278903192	2008	1	27	23	0	0.04
72278903192	2008	1	28	0	0	0.17
72278903192	2008	1	28	1	0	0.12
72278903192	2008	1	28	2	0	0.1
72278903192	2008	1	28	3	0	0.01
72278903192	2008	1	28	4	0	0.11
72278903192	2008	1	28	5	0	0.27
72278903192	2008	1	28	6	0	0.11
72278903192	2008	1	28	7	0	0.04
72278903192	2008	1	28	8	0	0.07
72278903192	2008	1	28	9	0	0.07
72278903192	2008	1	28	10	0	0.14
72278903192	2008	1	28	11	0	0.16
72278903192	2008	1	28	12	0	0.01
72278903192	2008	2	4	20	0	0.001
72278903192	2008	2	4	21	0	0.08
72278903192	2008	2	4	23	0	0.03
72278903192	2008	2	15	11	0	0.01
72278903192	2008	2	15	12	0	0.02
72278903192	2008	2	15	14	0	0.01
72278903192	2008	2	15	22	0	0.02
72278903192	2008	2	15	23	0	0.01
72278903192	2008	2	16	0	0	0.05
72278903192	2008	2	16	1	0	0.01
72278903192	2008	2	21	4	0	0.09
72278903192	2008	2	21	5	0	0.06
72278903192	2008	2	21	6	0	0.02
72278903192	2008	2	22	21	0	0.02
72278903192	2008	2	22	22	0	0.01
72278903192	2008	2	22	23	0	0.01
72278903192	2008	2	23	5	0	0.01
72278903192	2008	2	23	10	0	0.01
72278903192	2008	5	23	4	0	0.03
72278903192	2008	5	23	5	0	0.03
72278903192	2008	5	23	6	0	0.03
72278903192	2008	5	23	7	0	0.04
72278903192	2008	5	23	8	0	0.01
72278903192	2008	5	23	9	0	0.01
72278903192	2008	5	23	19	0	0.01
72278903192	2008	5	23	21	0	0.01
72278903192	2008	5	23	23	0	0.04
72278903192	2008	5	24	12	0	0.02
72278903192	2008	5	24	17	0	0.02
72278903192	2008	7	4	4	0	0.17
72278903192	2008	7	11	3	0	0.31
72278903192	2008	7	11	4	0	0.03
72278903192	2008	7	11	6	0	0.02
72278903192	2008	7	11	7	0	0.03
72278903192	2008	7	11	8	0	0.03
72278903192	2008	7	11	9	0	0.07
72278903192	2008	7	11	10	0	0.02
72278903192	2008	7	11	12	0	0.02
72278903192	2008	7	13	22	0	0.01
72278903192	2008	7	13	23	0	0.07
72278903192	2008	7	14	1	0	0.02
72278903192	2008	7	14	2	0	0.02
72278903192	2008	7	14	21	0	0.1
72278903192	2008	7	20	9	0	0.08
72278903192	2008	7	20	10	0	0.02
72278903192	2008	8	6	6	0	0.01
72278903192	2008	8	6	7	0	0.02
72278903192	2008	8	8	3	0	0.02
72278903192	2008	8	8	4	0	0.04
72278903192	2008	8	8	5	0	0.09
72278903192	2008	8	8	6	0	0.11
72278903192	2008	8	8	7	0	0.02
72278903192	2008	8	15	2	0	0.04
72278903192	2008	8	26	3	0	0.07
72278903192	2008	8	26	4	0	0.09
72278903192	2008	8	26	5	0	0.15
72278903192	2008	8	26	6	0	0.28
72278903192	2008	8	26	7	0	0.16
72278903192	2008	8	26	8	0	0.08
72278903192	2008	8	26	11	0	0.01
72278903192	2008	8	29	4	0	0.15
72278903192	2008	8	29	5	0	0.02
72278903192	2008	8	29	6	0	0.49
72278903192	2008	8	29	7	0	0.02
72278903192	2008	8	29	8	0	0.035
72278903192	2008	8	30	3	0	0.01
72278903192	2008	8	30	5	0	0.01
72278903192	2008	9	11	3	0	0.03
72278903192	2008	9	11	4	0	0.08
72278903192	2008	11	26	13	0	0.02
72278903192	2008	11	26	14	0	0.03
72278903192	2008	11	26	15	0	0.05
72278903192	2008	11	26	16	0	0.02
72278903192	2008	11	26	17	0	0.02
72278903192	2008	11	26	18	0	0.01
72278903192	2008	11	27	0	0	0.01
72278903192	2008	11	27	5	0	0.05
72278903192	2008	11	27	9	0	0.03
72278903192	2008	11	27	10	0	0.01
72278903192	2008	11	27	12	0	0.27
72278903192	2008	11	27	13	0	0.19
72278903192	2008	11	27	17	0	0.01
72278903192	2008	11	29	14	0	0.01
72278903192	2008	12	15	22	0	0.02
72278903192	2008	12	15	23	0	0.02
72278903192	2008	12	16	0	0	0.01
72278903192	2008	12	16	2	0	0.01
72278903192	2008	12	16	13	0	0.03
72278903192	2008	12	16	14	0	0.04
72278903192	2008	12	16	15	0	0.01
72278903192	2008	12	16	16	0	0.06
72278903192	2008	12	16	17	0	0.05
72278903192	2008	12	16	18	0	0.01
72278903192	2008	12	16	19	0	0.03
72278903192	2008	12	16	20	0	0.04
72278903192	2008	12	16	21	0	0.03
72278903192	2008	12	16	22	0	0.02
72278903192	2008	12	17	1	0	0.01
72278903192	2008	12	17	2	0	0.01
72278903192	2008	12	17	3	0	0.01
72278903192	2008	12	17	7	0	0.01
72278903192	2008	12	17	12	0	0.01
72278903192	2008	12	18	9	0	0.01
72278903192	2008	12	18	10	0	0.08
72278903192	2008	12	18	11	0	0.09
72278903192	2008	12	22	22	0	0.01
72278903192	2008	12	23	0	0	0.03
72278903192	2008	12	23	1	0	0.09
72278903192	2008	12	23	2	0	0.04
72278903192	2008	12	23	3	0	0.01
72278903192	2008	12	23	7	0	0.01
72278903192	2008	12	23	8	0	0.02
72278903192	2008	12	23	9	0	0.06
72278903192	2008	12	25	14	0	0.01
72278903192	2008	12	25	19	0	0.02
72278903192	2008	12	25	20	0	0.009
72278903192	2008	12	25	21	0	0.09
72278903192	2008	12	25	23	0	0.01
72278903192	2008	12	26	5	0	0.01
72278903192	2008	12	26	6	0	0.02
72278903192	2008	12	26	7	0	0.02
72278903192	2008	12	26	8	0	0.02
72278903192	2008	12	26	9	0	0.18
72278903192	2008	12	26	10	0	0.04
72278903192	2008	12	26	11	0	0.02
72278903192	2009	1	4	8	0	0.006
72278903192	2009	1	4	22	0	0.01
72278903192	2009	1	5	3	0	0.01
72278903192	2009	1	5	5	0	0.21
72278903192	2009	1	5	6	0	0.03
72278903192	2009	1	22	7	0	0.02
72278903192	2009	1	22	8	0	0.06
72278903192	2009	1	22	9	0	0.03
72278903192	2009	1	22	10	0	0.03
72278903192	2009	1	24	5	0	0.01
72278903192	2009	2	8	5	0	0.01
72278903192	2009	2	8	6	0	0.04
72278903192	2009	2	8	7	0	0.16
72278903192	2009	2	8	8	0	0.01
72278903192	2009	2	8	9	0	0.01
72278903192	2009	2	8	10	0	0.01
72278903192	2009	2	8	11	0	0.03
72278903192	2009	2	8	12	0	0.01
72278903192	2009	2	8	13	0	0.09
72278903192	2009	2	8	15	0	0.01
72278903192	2009	2	8	16	0	0.09
72278903192	2009	2	8	17	0	0.02
72278903192	2009	2	8	21	0	0.01
72278903192	2009	2	9	7	0	0.02
72278903192	2009	2	9	15	0	0.01
72278903192	2009	2	9	22	0	0.09
72278903192	2009	2	10	0	0	0.01
72278903192	2009	2	10	1	0	0.02
72278903192	2009	2	10	2	0	0.06
72278903192	2009	2	10	3	0	0.3
72278903192	2009	2	10	4	0	0.17
72278903192	2009	2	10	5	0	0.02
72278903192	2009	2	17	11	0	0.001
72278903192	2009	2	17	12	0	0.02
72278903192	2009	3	9	10	0	0.01
72278903192	2009	4	11	6	0	0.01
72278903192	2009	4	11	7	0	0.01
72278903192	2009	4	11	8	0	0.042
72278903192	2009	4	11	9	0	0.01
72278903192	2009	4	11	14	0	0.024
72278903192	2009	4	11	15	0	0.04
72278903192	2009	4	11	16	0	0.05
72278903192	2009	4	11	17	0	0.01
72278903192	2009	4	11	23	0	0.002
72278903192	2009	4	12	6	0	0.01
72278903192	2009	4	12	7	0	0.01
72278903192	2009	5	22	0	0	0.01
72278903192	2009	5	22	1	0	0.09
72278903192	2009	5	22	2	0	0.03
72278903192	2009	5	22	3	0	0.04
72278903192	2009	5	22	4	0	0.01
72278903192	2009	5	22	5	0	0.01
72278903192	2009	5	22	6	0	0.01
72278903192	2009	5	22	8	0	0.06
72278903192	2009	5	22	9	0	0.02
72278903192	2009	5	22	10	0	0.11
72278903192	2009	5	22	11	0	0.02
72278903192	2009	5	22	12	0	0.01
72278903192	2009	5	22	13	0	0.03
72278903192	2009	5	22	14	0	0.08
72278903192	2009	5	23	7	0	0.002
72278903192	2009	5	23	8	0	0.003
72278903192	2009	7	21	3	0	0.04
72278903192	2009	7	21	14	0	0.01
72278903192	2009	7	23	7	0	0.001
72278903192	2009	7	24	7	0	0.22
72278903192	2009	8	13	10	0	0.02
72278903192	2009	8	13	11	0	0.19
72278903192	2009	8	13	12	0	0.03
72278903192	2009	8	22	3	0	0.09
72278903192	2009	9	1	3	0	0.01
72278903192	2009	9	1	4	0	0.04
72278903192	2009	9	4	3	0	0.05
72278903192	2009	9	5	15	0	0.17
72278903192	2009	9	5	16	0	0.01
72278903192	2009	10	7	13	0	0.01
72278903192	2009	11	29	0	0	0.02
72278903192	2009	11	29	5	0	0.02
72278903192	2009	12	7	17	0	0.01
72278903192	2009	12	7	19	0	0.1
72278903192	2009	12	7	20	0	0.12
72278903192	2009	12	7	21	0	0.08
72278903192	2009	12	7	22	0	0.06
72278903192	2009	12	7	23	0	0.02
72278903192	2009	12	8	0	0	0.01
72278903192	2009	12	8	1	0	0.04
72278903192	2009	12	8	3	0	0.01
72278903192	2009	12	8	5	0	0.01
72278903192	2009	12	8	6	0	0.07
72278903192	2009	12	8	8	0	0.01
72278903192	2009	12	22	21	0	0.06
72278903192	2009	12	22	22	0	0.04
72278903192	2009	12	23	3	0	0.02
72278903192	2010	1	14	4	0	0.01
72278903192	2010	1	18	15	0	0.04
72278903192	2010	1	18	16	0	0.03
72278903192	2010	1	18	20	0	0.01
72278903192	2010	1	18	21	0	0.01
72278903192	2010	1	19	2	0	0.01
72278903192	2010	1	19	9	0	0.01
72278903192	2010	1	19	10	0	0.01
72278903192	2010	1	19	11	0	0.01
72278903192	2010	1	19	23	0	0.01
72278903192	2010	1	20	0	0	0.09
72278903192	2010	1	20	1	0	0.22
72278903192	2010	1	20	2	0	0.28
72278903192	2010	1	20	3	0	0.12
72278903192	2010	1	20	4	0	0.11
72278903192	2010	1	20	5	0	0.2
72278903192	2010	1	21	8	0	0.02
72278903192	2010	1	21	9	0	0.01
72278903192	2010	1	21	10	0	0.05
72278903192	2010	1	21	11	0	0.22
72278903192	2010	1	21	13	0	0.02
72278903192	2010	1	21	14	0	0.04
72278903192	2010	1	21	15	0	0.05
72278903192	2010	1	21	16	0	0.09
72278903192	2010	1	21	17	0	0.11
72278903192	2010	1	21	18	0	0.05
72278903192	2010	1	21	19	0	0.16
72278903192	2010	1	21	20	0	0.06
72278903192	2010	1	21	21	0	0.04
72278903192	2010	1	21	22	0	0.02
72278903192	2010	1	21	23	0	0.02
72278903192	2010	1	22	1	0	0.02
72278903192	2010	1	22	2	0	0.04
72278903192	2010	1	22	3	0	0.31
72278903192	2010	1	22	4	0	0.12
72278903192	2010	1	22	5	0	0.09
72278903192	2010	1	22	6	0	0.01
72278903192	2010	1	22	12	0	0.13
72278903192	2010	1	22	14	0	0.2
72278903192	2010	1	23	1	0	0.03
72278903192	2010	1	23	5	0	0.04
72278903192	2010	1	23	6	0	0.01
72278903192	2010	1	23	8	0	0.04
72278903192	2010	1	27	16	0	0.09
72278903192	2010	2	7	10	0	0.09
72278903192	2010	2	7	11	0	0.1
72278903192	2010	2	7	13	0	0.01
72278903192	2010	2	20	17	0	0.02
72278903192	2010	2	20	18	0	0.02
72278903192	2010	2	20	19	0	0.01
72278903192	2010	2	20	22	0	0.03
72278903192	2010	2	21	0	0	0.02
72278903192	2010	2	21	7	0	0.06
72278903192	2010	2	21	9	0	0.02
72278903192	2010	2	21	10	0	0.03
72278903192	2010	2	21	11	0	0.01
72278903192	2010	2	21	12	0	0.16
72278903192	2010	2	21	13	0	0.07
72278903192	2010	2	22	14	0	0.02
72278903192	2010	2	22	17	0	0.01
72278903192	2010	2	22	18	0	0.1
72278903192	2010	2	22	19	0	0.03
72278903192	2010	2	22	23	0	0.04
72278903192	2010	2	28	6	0	0.04
72278903192	2010	2	28	7	0	0.32
72278903192	2010	2	28	8	0	0.1
72278903192	2010	2	28	10	0	0.01
72278903192	2010	2	28	11	0	0.02
72278903192	2010	2	28	12	0	0.04
72278903192	2010	2	28	13	0	0.11
72278903192	2010	2	28	15	0	0.04
72278903192	2010	2	28	16	0	0.08
72278903192	2010	2	28	19	0	0.01
72278903192	2010	3	1	2	0	0.04
72278903192	2010	3	1	3	0	0.01
72278903192	2010	3	7	4	0	0.01
72278903192	2010	3	7	5	0	0.01
72278903192	2010	3	7	6	0	0.09
72278903192	2010	3	7	17	0	0.01
72278903192	2010	3	7	18	0	0.08
72278903192	2010	3	7	19	0	0.1
72278903192	2010	3	7	20	0	0.17
72278903192	2010	3	8	0	0	0.02
72278903192	2010	3	8	1	0	0.01
72278903192	2010	3	8	2	0	0.03
72278903192	2010	3	8	3	0	0.12
72278903192	2010	3	8	5	0	0.01
72278903192	2010	3	8	6	0	0.02
72278903192	2010	3	8	8	0	0.01
72278903192	2010	3	8	9	0	0.01
72278903192	2010	3	8	10	0	0.01
72278903192	2010	3	8	12	0	0.01
72278903192	2010	3	8	14	0	0.01
72278903192	2010	3	9	18	0	0.02
72278903192	2010	3	9	19	0	0.11
72278903192	2010	3	9	20	0	0.01
72278903192	2010	3	23	10	0	0.11
72278903192	2010	3	23	11	0	0.01
72278903192	2010	3	23	12	0	0.01
72278903192	2010	3	23	13	0	0.01
72278903192	2010	4	23	3	0	0.02
72278903192	2010	7	10	9	0	0.032
72278903192	2010	7	10	11	0	0.001
72278903192	2010	7	10	12	0	0.001
72278903192	2010	7	31	11	0	0.01
72278903192	2010	7	31	12	0	0.42
72278903192	2010	8	18	1	0	0.04
72278903192	2010	8	18	2	0	0.01
72278903192	2010	8	18	3	0	0.01
72278903192	2010	8	18	4	0	0.08
72278903192	2010	8	18	5	0	0.09
72278903192	2010	8	18	6	0	0.01
72278903192	2010	8	22	5	0	0.004
72278903192	2010	8	22	6	0	0.09
72278903192	2010	8	22	7	0	0.08
72278903192	2010	8	22	8	0	0.02
72278903192	2010	8	25	0	0	0.26
72278903192	2010	9	8	15	0	0.02
72278903192	2010	9	22	8	0	0.02
72278903192	2010	9	22	21	0	0.01
72278903192	2010	10	3	7	0	0.03
72278903192	2010	10	4	22	0	0.01
72278903192	2010	10	5	17	0	0.03
72278903192	2010	10	5	18	0	0.01
72278903192	2010	10	5	20	0	0.03
72278903192	2010	10	5	22	0	0.29
72278903192	2010	10	5	23	0	0.08
72278903192	2010	10	6	0	0	0.06
72278903192	2010	10	6	6	0	0.01
72278903192	2010	10	20	17	0	0.02
72278903192	2010	10	21	8	0	0.01
72278903192	2010	10	21	9	0	0.01
72278903192	2010	10	21	11	0	0.04
72278903192	2010	10	21	12	0	0.16
72278903192	2010	10	21	13	0	0.15
72278903192	2010	11	21	20	0	0.02
72278903192	2010	11	21	21	0	0.01
72278903192	2010	11	22	1	0	0.03
72278903192	2010	12	16	18	0	0.03
72278903192	2010	12	16	19	0	0.02
72278903192	2010	12	16	20	0	0.02
72278903192	2010	12	16	21	0	0.05
72278903192	2010	12	16	22	0	0.08
72278903192	2010	12	16	23	0	0.05
72278903192	2010	12	17	12	0	0.01
72278903192	2010	12	22	1	0	0.01
72278903192	2010	12	22	2	0	0.01
72278903192	2010	12	23	1	0	0.01
72278903192	2010	12	23	2	0	0.023
72278903192	2010	12	23	3	0	0.03
72278903192	2010	12	23	4	0	0.01
72278903192	2010	12	23	6	0	0.16
72278903192	2010	12	23	7	0	0.03
72278903192	2010	12	23	16	0	0.01
72278903192	2010	12	29	18	0	0.01
72278903192	2010	12	29	19	0	0.07
72278903192	2010	12	29	20	0	0.05
72278903192	2010	12	29	21	0	0.07
72278903192	2010	12	29	22	0	0.1
72278903192	2010	12	29	23	0	0.1
72278903192	2010	12	30	0	0	0.12
72278903192	2010	12	30	1	0	0.09
72278903192	2010	12	30	2	0	0.09
72278903192	2010	12	30	3	0	0.04
72278903192	2010	12	30	4	0	0.01
72278903192	2010	12	30	5	0	0.02
72278903192	2010	12	30	6	0	0.02
72278903192	2010	12	30	7	0	0.03
72278903192	2010	12	30	8	0	0.05
72278903192	2010	12	30	9	0	0.08
72278903192	2010	12	30	10	0	0.02
72278903192	2011	1	3	21	0	0.01
72278903192	2011	1	31	21	0	0.04
72278903192	2011	2	19	20	0	0.01
72278903192	2011	2	19	21	0	0.15
72278903192	2011	2	19	22	0	0.08
72278903192	2011	2	20	3	0	0.01
72278903192	2011	2	20	5	0	0.02
72278903192	2011	2	20	6	0	0.07
72278903192	2011	2	20	17	0	0.01
72278903192	2011	2	20	18	0	0.05
72278903192	2011	2	27	6	0	0.06
72278903192	2011	2	27	7	0	0.07
72278903192	2011	2	27	8	0	0.15
72278903192	2011	2	27	9	0	0.04
72278903192	2011	2	27	10	0	0.04
72278903192	2011	2	27	11	0	0.01
72278903192	2011	2	27	12	0	0.08
72278903192	2011	3	21	19	0	0.02
72278903192	2011	3	21	20	0	0.01
72278903192	2011	3	21	21	0	0.1
72278903192	2011	3	21	22	0	0.03
72278903192	2011	3	21	23	0	0.01
72278903192	2011	4	9	9	0	0.03
72278903192	2011	4	9	10	0	0.04
72278903192	2011	4	9	11	0	0.07
72278903192	2011	4	9	12	0	0.04
72278903192	2011	4	9	13	0	0.03
72278903192	2011	4	9	14	0	0.04
72278903192	2011	4	9	15	0	0.02
72278903192	2011	4	9	16	0	0.01
72278903192	2011	4	9	18	0	0.01
72278903192	2011	4	10	0	0	0.01
72278903192	2011	4	10	1	0	0.02
72278903192	2011	4	10	2	0	0.02
72278903192	2011	5	18	23	0	0.02
72278903192	2011	5	19	0	0	0.02
72278903192	2011	5	19	1	0	0.02
72278903192	2011	7	4	3	0	0.01
72278903192	2011	7	5	5	0	0.46
72278903192	2011	7	11	10	0	0.08
72278903192	2011	7	11	11	0	0.07
72278903192	2011	7	11	12	0	0.08
72278903192	2011	7	25	4	0	0.12
72278903192	2011	7	25	5	0	0.01
72278903192	2011	7	25	6	0	0.05
72278903192	2011	7	25	7	0	0.03
72278903192	2011	7	31	3	0	0.04
72278903192	2011	8	1	4	0	0.14
72278903192	2011	8	1	5	0	0.01
72278903192	2011	8	1	6	0	0.24
72278903192	2011	8	4	3	0	0.04
72278903192	2011	8	4	4	0	0.22
72278903192	2011	8	4	5	0	0.03
72278903192	2011	8	13	10	0	0.01
72278903192	2011	8	13	11	0	0.02
72278903192	2011	9	14	1	0	0.04
72278903192	2011	10	5	1	0	0.02
72278903192	2011	10	5	2	0	0.03
72278903192	2011	10	26	1	0	0.01
72278903192	2011	10	26	2	0	0.01
72278903192	2011	11	5	3	0	0.01
72278903192	2011	11	5	4	0	0.03
72278903192	2011	11	5	6	0	0.18
72278903192	2011	11	5	7	0	0.26
72278903192	2011	11	5	8	0	0.09
72278903192	2011	11	5	10	0	0.01
72278903192	2011	11	7	11	0	0.007
72278903192	2011	11	7	12	0	0.14
72278903192	2011	11	7	13	0	0.06
72278903192	2011	11	7	19	0	0.02
72278903192	2011	11	13	6	0	0.05
72278903192	2011	11	13	7	0	0.07
72278903192	2011	11	13	8	0	0.08
72278903192	2011	11	13	9	0	0.01
72278903192	2011	11	13	10	0	0.05
72278903192	2011	11	13	15	0	0.02
72278903192	2011	11	14	11	0	0.01
72278903192	2011	11	21	9	0	0.05
72278903192	2011	12	3	17	0	0.01
72278903192	2011	12	3	18	0	0.01
72278903192	2011	12	3	23	0	0.07
72278903192	2011	12	4	0	0	0.03
72278903192	2011	12	4	2	0	0.04
72278903192	2011	12	12	14	0	0.006
72278903192	2011	12	12	15	0	0.07
72278903192	2011	12	12	16	0	0.05
72278903192	2011	12	12	19	0	0.03
72278903192	2011	12	12	23	0	0.01
72278903192	2011	12	13	0	0	0.06
72278903192	2011	12	13	1	0	0.12
72278903192	2011	12	13	4	0	0.04
72278903192	2011	12	13	5	0	0.01
72278903192	2011	12	13	6	0	0.02
72278903192	2011	12	13	7	0	0.02
72278903192	2011	12	13	8	0	0.02
72278903192	2011	12	13	9	0	0.04
72278903192	2011	12	13	10	0	0.01
72278903192	2011	12	13	11	0	0.06
72278903192	2011	12	13	12	0	0.08
72278903192	2011	12	13	13	0	0.02
72278903192	2011	12	13	16	0	0.06
72278903192	2011	12	13	21	0	0.06
72278903192	2011	12	13	22	0	0.08
72278903192	2011	12	13	23	0	0.06
72278903192	2011	12	14	2	0	0.01
72278903192	2011	12	14	3	0	0.02
72278903192	2011	12	14	4	0	0.04
72278903192	2011	12	14	9	0	0.02
72278903192	2011	12	14	13	0	0.01
72278903192	2011	12	18	9	0	0.01
72278903192	2011	12	18	10	0	0.04
72278903192	2011	12	18	14	0	0.01
72278903192	2011	12	18	20	0	0.01
72278903192	2011	12	18	21	0	0.05
72278903192	2011	12	20	9	0	0.01
72278903192	2012	1	16	9	0	0.01
72278903192	2012	1	16	10	0	0.02
72278903192	2012	1	16	13	0	0.01
72278903192	2012	3	18	10	0	0.11
72278903192	2012	3	18	11	0	0.11
72278903192	2012	3	18	12	0	0.09
72278903192	2012	3	18	17	0	0.03
72278903192	2012	3	19	1	0	0.03
72278903192	2012	3	19	2	0	0.01
72278903192	2012	3	19	3	0	0.01
72278903192	2012	4	14	7	0	0.02
72278903192	2012	4	14	8	0	0.03
72278903192	2012	4	26	15	0	0.01
72278903192	2012	4	26	17	0	0.03
72278903192	2012	5	9	23	0	0.01
72278903192	2012	7	12	8	0	0.214
72278903192	2012	7	12	9	0	0.046
72278903192	2012	7	12	10	0	0.011
72278903192	2012	7	12	11	0	0.001
72278903192	2012	7	14	9	0	0.02
72278903192	2012	7	22	2	0	0.05
72278903192	2012	7	29	1	0	0.29
72278903192	2012	7	29	2	0	0.06
72278903192	2012	7	29	3	0	0.05
72278903192	2012	7	29	4	0	0.01
72278903192	2012	7	30	2	0	0.02
72278903192	2012	7	30	3	0	0.04
72278903192	2012	7	30	4	0	0.02
72278903192	2012	8	1	0	0	0.1
72278903192	2012	8	6	5	0	0.01
72278903192	2012	8	17	4	0	0.02
72278903192	2012	8	17	5	0	0.01
72278903192	2012	8	17	12	0	0.01
72278903192	2012	8	17	13	0	0.01
72278903192	2012	8	22	4	0	0.02
72278903192	2012	8	22	5	0	0.14
72278903192	2012	8	22	6	0	0.09
72278903192	2012	8	22	7	0	0.04
72278903192	2012	8	23	9	0	0.43
72278903192	2012	8	23	11	0	0.06
72278903192	2012	8	24	23	0	0.03
72278903192	2012	9	7	16	0	0.32
72278903192	2012	9	7	17	0	0.06
72278903192	2012	9	7	21	0	0.01
72278903192	2012	9	11	13	0	0.04
72278903192	2012	9	11	14	0	0.01
72278903192	2012	10	11	14	0	0.02
72278903192	2012	10	12	6	0	0.04
72278903192	2012	10	12	10	0	0.02
72278903192	2012	11	9	2	0	0.01
72278903192	2012	11	10	2	0	0.01
72278903192	2012	11	10	3	0	0.05
72278903192	2012	11	10	4	0	0.04
72278903192	2012	12	14	3	0	0.02
72278903192	2012	12	14	4	0	0.05
72278903192	2012	12	14	5	0	0.17
72278903192	2012	12	14	8	0	0.27
72278903192	2012	12	14	9	0	0.01
72278903192	2012	12	14	10	0	0.07
72278903192	2012	12	14	11	0	0.26
72278903192	2012	12	15	3	0	0.01
72278903192	2012	12	15	4	0	0.01
72278903192	2012	12	15	5	0	0.02
72278903192	2012	12	15	6	0	0.01
72278903192	2012	12	15	7	0	0.11
72278903192	2012	12	15	8	0	0.05
72278903192	2012	12	15	18	0	0.02
72278903192	2012	12	15	19	0	0.06
72278903192	2012	12	15	20	0	0.01
72278903192	2012	12	15	21	0	0.05
72278903192	2012	12	15	22	0	0.17
72278903192	2012	12	15	23	0	0.09
72278903192	2012	12	16	0	0	0.01
72278903192	2012	12	16	1	0	0.02
72278903192	2012	12	19	6	0	0.07
72278903192	2012	12	30	23	0	0.01
72278903192	2012	12	31	1	0	0.02
72278903192	2012	12	31	7	0	0.01
72278903192	2013	1	24	16	0	0.01
72278903192	2013	1	24	18	0	0.01
72278903192	2013	1	26	6	0	0.01
72278903192	2013	1	26	9	0	0.01
72278903192	2013	1	26	12	0	0.05
72278903192	2013	1	26	13	0	0.17
72278903192	2013	1	26	14	0	0.31
72278903192	2013	1	26	15	0	0.17
72278903192	2013	1	26	16	0	0.14
72278903192	2013	1	26	17	0	0.06
72278903192	2013	1	26	18	0	0.18
72278903192	2013	1	26	19	0	0.07
72278903192	2013	1	26	20	0	0.1
72278903192	2013	1	26	21	0	0.05
72278903192	2013	1	26	22	0	0.01
72278903192	2013	1	26	23	0	0.01
72278903192	2013	1	27	1	0	0.06
72278903192	2013	1	27	2	0	0.06
72278903192	2013	1	27	3	0	0.02
72278903192	2013	1	27	10	0	0.01
72278903192	2013	1	27	17	0	0.01
72278903192	2013	1	27	20	0	0.01
72278903192	2013	1	28	3	0	0.04
72278903192	2013	1	28	4	0	0.07
72278903192	2013	1	28	13	0	0.01
72278903192	2013	1	28	14	0	0.03
72278903192	2013	1	28	23	0	0.01
72278903192	2013	2	11	19	0	0.01
72278903192	2013	2	20	9	0	0.01
72278903192	2013	2	20	10	0	0.14
72278903192	2013	2	20	15	0	0.18
72278903192	2013	2	20	16	0	0.07
72278903192	2013	2	20	17	0	0.01
72278903192	2013	2	20	21	0	0.12
72278903192	2013	2	20	22	0	0.14
72278903192	2013	2	21	0	0	0.08
72278903192	2013	3	8	10	0	0.05
72278903192	2013	3	8	11	0	0.26
72278903192	2013	3	8	12	0	0.05
72278903192	2013	3	8	13	0	0.06
72278903192	2013	3	8	14	0	0.09
72278903192	2013	3	8	18	0	0.07
72278903192	2013	3	8	19	0	0.04
72278903192	2013	3	8	21	0	0.06
72278903192	2013	3	8	22	0	0.13
72278903192	2013	3	8	23	0	0.01
72278903192	2013	3	9	3	0	0.18
72278903192	2013	3	9	4	0	0.05
72278903192	2013	3	9	5	0	0.01
72278903192	2013	3	9	7	0	0.04
72278903192	2013	4	9	0	0	0.05
72278903192	2013	4	9	1	0	0.02
72278903192	2013	4	9	2	0	0.02
72278903192	2013	4	9	3	0	0.01
72278903192	2013	7	2	1	0	0.04
72278903192	2013	7	11	12	0	0.03
72278903192	2013	7	17	1	0	0.04
72278903192	2013	7	19	8	0	0.01
72278903192	2013	7	20	5	0	0.54
72278903192	2013	7	21	6	0	0.02
72278903192	2013	7	21	17	0	0.001
72278903192	2013	7	21	18	0	1.22
72278903192	2013	7	21	21	0	0.02
72278903192	2013	7	21	22	0	0.01
72278903192	2013	7	25	1	0	0.01
72278903192	2013	7	25	2	0	0.11
72278903192	2013	7	25	13	0	0.01
72278903192	2013	7	25	14	0	0.03
72278903192	2013	7	26	13	0	0.01
72278903192	2013	8	6	17	0	0.03
72278903192	2013	8	6	18	0	0.03
72278903192	2013	8	6	19	0	0.01
72278903192	2013	8	18	5	0	0.02
72278903192	2013	8	26	4	0	0.06
72278903192	2013	8	26	12	0	0.01
72278903192	2013	8	29	4	0	0.3
72278903192	2013	8	29	5	0	0.02
72278903192	2013	8	31	13	0	0.01
72278903192	2013	9	8	15	0	0.02
72278903192	2013	9	8	16	0	0.11
72278903192	2013	9	8	17	0	0.11
72278903192	2013	9	8	18	0	0.03
72278903192	2013	9	9	13	0	0.01
72278903192	2013	9	9	14	0	0.01
72278903192	2013	9	9	16	0	0.03
72278903192	2013	9	9	17	0	0.04
72278903192	2013	9	9	18	0	0.14
72278903192	2013	9	9	19	0	0.22
72278903192	2013	9	9	20	0	0.01
72278903192	2013	9	10	20	0	0.003
72278903192	2013	9	10	21	0	0.04
72278903192	2013	10	10	13	0	0.01
72278903192	2013	10	10	14	0	0.01
72278903192	2013	11	22	4	0	0.02
72278903192	2013	11	22	5	0	0.24
72278903192	2013	11	22	6	0	0.11
72278903192	2013	11	22	7	0	0.03
72278903192	2013	11	22	8	0	0.03
72278903192	2013	11	22	9	0	0.09
72278903192	2013	11	22	10	0	0.22
72278903192	2013	11	22	11	0	0.17
72278903192	2013	11	22	12	0	0.12
72278903192	2013	11	22	13	0	0.16
72278903192	2013	11	22	14	0	0.19
72278903192	2013	11	22	15	0	0.05
72278903192	2013	11	22	18	0	0.05
72278903192	2013	11	22	19	0	0.05
72278903192	2013	11	22	20	0	0.03
72278903192	2013	11	22	21	0	0.03
72278903192	2013	11	23	0	0	0.04
72278903192	2013	11	23	1	0	0.02
72278903192	2013	11	23	2	0	0.03
72278903192	2013	11	23	3	0	0.04
72278903192	2013	11	23	4	0	0.05
72278903192	2013	11	23	5	0	0.08
72278903192	2013	11	23	6	0	0.18
72278903192	2013	11	23	7	0	0.14
72278903192	2013	11	23	8	0	0.11
72278903192	2013	11	23	9	0	0.02
72278903192	2013	11	23	10	0	0.03
72278903192	2013	11	23	11	0	0.02
72278903192	2013	11	23	12	0	0.01
72278903192	2013	11	23	15	0	0.01
72278903192	2013	11	24	2	0	0.04
72278903192	2013	11	24	3	0	0.03
72278903192	2013	11	24	13	0	0.01
72278903192	2013	12	20	1	0	0.07
72278903192	2013	12	20	4	0	0.12
72278903192	2013	12	20	8	0	0.01
72278903192	2013	12	20	9	0	0.14
72278903192	2013	12	20	10	0	0.04
72278903192	2013	12	20	11	0	0.06
72278903192	2013	12	20	12	0	0.07
72278903192	2013	12	20	13	0	0.1
72278903192	2014	3	1	10	0	0.02
72278903192	2014	3	1	13	0	0.11
72278903192	2014	3	1	14	0	0.11
72278903192	2014	3	1	19	0	0.07
72278903192	2014	3	1	23	0	0.03
72278903192	2014	3	2	1	0	0.05
72278903192	2014	3	2	2	0	0.01
72278903192	2014	3	2	3	0	0.09
72278903192	2014	3	2	4	0	0.15
72278903192	2014	3	2	5	0	0.05
72278903192	2014	3	2	6	0	0.02
72278903192	2014	3	2	9	0	0.03
72278903192	2014	4	2	23	0	0.01
72278903192	2014	7	9	6	0	0.06
72278903192	2014	7	15	22	0	0.22
72278903192	2014	7	15	23	0	0.01
72278903192	2014	7	24	5	0	0.002
72278903192	2014	7	24	6	0	0.001
72278903192	2014	7	24	7	0	0.001
72278903192	2014	7	24	9	0	0.001
72278903192	2014	7	24	10	0	0.002
72278903192	2014	7	24	11	0	0.003
72278903192	2014	7	24	12	0	0.002
72278903192	2014	7	27	6	0	0.02
72278903192	2014	7	27	7	0	0.01
72278903192	2014	8	3	2	0	0.049
72278903192	2014	8	3	3	0	0.002
72278903192	2014	8	3	4	0	0.002
72278903192	2014	8	3	5	0	0.002
72278903192	2014	8	3	6	0	0.007
72278903192	2014	8	3	12	0	0.001
72278903192	2014	8	4	1	0	0.22
72278903192	2014	8	13	1	0	0.01
72278903192	2014	8	13	3	0	0.03
72278903192	2014	8	13	6	0	0.01
72278903192	2014	8	13	13	0	0.02
72278903192	2014	8	13	14	0	0.13
72278903192	2014	8	18	3	0	0.01
72278903192	2014	8	18	10	0	0.01
72278903192	2014	8	18	11	0	0.05
72278903192	2014	8	19	12	0	0.02
72278903192	2014	8	19	13	0	0.2
72278903192	2014	8	19	14	0	0.06
72278903192	2014	8	19	19	0	1.54
72278903192	2014	8	20	4	0	0.01
72278903192	2014	8	22	4	0	0.08
72278903192	2014	8	22	5	0	0.07
72278903192	2014	9	7	2	0	0.21
72278903192	2014	9	8	8	0	0.01
72278903192	2014	9	8	9	0	0.71
72278903192	2014	9	8	10	0	0.57
72278903192	2014	9	8	11	0	0.25
72278903192	2014	9	8	12	0	0.27
72278903192	2014	9	8	13	0	0.23
72278903192	2014	9	8	14	0	0.29
72278903192	2014	9	8	15	0	0.15
72278903192	2014	9	8	16	0	0.01
72278903192	2014	9	17	20	0	0.03
72278903192	2014	9	27	11	0	0.02
72278903192	2014	9	27	21	0	0.7
72278903192	2014	9	27	22	0	0.24
72278903192	2014	9	27	23	0	0.12
72278903192	2014	9	28	3	0	0.01
72278903192	2014	10	8	19	0	0.04
72278903192	2014	10	8	20	0	0.01
72278903192	2014	10	9	1	0	0.01
72278903192	2014	10	9	12	0	0.02
72278903192	2014	12	4	9	0	0.01
72278903192	2014	12	4	10	0	0.01
72278903192	2014	12	4	11	0	0.03
72278903192	2014	12	4	12	0	0.01
72278903192	2014	12	4	13	0	0.04
72278903192	2014	12	4	14	0	0.26
72278903192	2014	12	4	15	0	0.16
72278903192	2014	12	4	16	0	0.1
72278903192	2014	12	4	17	0	0.07
72278903192	2014	12	5	13	0	0.01
72278903192	2014	12	13	9	0	0.03
72278903192	2014	12	13	10	0	0.02
72278903192	2014	12	13	11	0	0.05
72278903192	2014	12	13	12	0	0.04
72278903192	2014	12	13	13	0	0.03
72278903192	2014	12	13	23	0	0.11
72278903192	2014	12	17	8	0	0.01
72278903192	2014	12	17	10	0	0.01
72278903192	2014	12	17	11	0	0.01
72278903192	2014	12	17	12	0	0.01
72278903192	2014	12	17	21	0	0.05
72278903192	2014	12	18	8	0	0.01
72278903192	2014	12	31	12	0	0.02
72278903192	2014	12	31	13	0	0.05
72278903192	2014	12	31	14	0	0.02
72278903192	2014	12	31	15	0	0.04
72278903192	2014	12	31	17	0	0.08
72278903192	2014	12	31	18	0	0.01
72278903192	2015	1	1	2	0	0.01
72278903192	2015	1	1	6	0	0.005
72278903192	2015	1	10	21	0	0.01
72278903192	2015	1	12	1	0	0.01
72278903192	2015	1	12	3	0	0.03
72278903192	2015	1	12	10	0	0.02
72278903192	2015	1	12	11	0	0.01
72278903192	2015	1	12	12	0	0.01
72278903192	2015	1	13	18	0	0.03
72278903192	2015	1	27	4	0	0.01
72278903192	2015	1	27	5	0	0.03
72278903192	2015	1	27	6	0	0.01
72278903192	2015	1	27	16	0	0.03
72278903192	2015	1	30	0	0	0.02
72278903192	2015	1	30	1	0	0.03
72278903192	2015	1	30	2	0	0.03
72278903192	2015	1	30	3	0	0.01
72278903192	2015	1	30	5	0	0.01
72278903192	2015	1	30	6	0	0.06
72278903192	2015	1	30	7	0	0.03
72278903192	2015	1	30	8	0	0.02
72278903192	2015	1	30	9	0	0.03
72278903192	2015	1	30	10	0	0.05
72278903192	2015	1	30	11	0	0.01
72278903192	2015	1	30	12	0	0.03
72278903192	2015	1	30	14	0	0.01
72278903192	2015	1	30	16	0	0.02
72278903192	2015	1	30	17	0	0.01
72278903192	2015	1	30	18	0	0.01
72278903192	2015	1	30	19	0	0.03
72278903192	2015	1	30	20	0	0.06
72278903192	2015	1	30	21	0	0.04
72278903192	2015	1	30	22	0	0.08
72278903192	2015	1	30	23	0	0.01
72278903192	2015	1	31	1	0	0.01
72278903192	2015	1	31	11	0	0.01
72278903192	2015	2	1	6	0	0.01
72278903192	2015	2	23	21	0	0.01
72278903192	2015	2	23	22	0	0.02
72278903192	2015	3	2	15	0	0.03
72278903192	2015	3	2	16	0	0.03
72278903192	2015	3	2	17	0	0.05
72278903192	2015	3	2	18	0	0.08
72278903192	2015	3	2	19	0	0.09
72278903192	2015	3	2	20	0	0.08
72278903192	2015	3	2	21	0	0.03
72278903192	2015	3	2	22	0	0.01
72278903192	2015	3	3	6	0	0.01
72278903192	2015	3	3	9	0	0.03
72278903192	2015	3	3	10	0	0.04
72278903192	2015	3	18	23	0	0.02
72278903192	2015	3	19	4	0	0.01
72278903192	2015	3	19	5	0	0.01
72278903192	2015	3	19	7	0	0.01
72278903192	2015	3	19	8	0	0.005
72278903192	2015	3	19	9	0	0.13
72278903192	2015	3	19	10	0	0.11
72278903192	2015	3	19	11	0	0.14
72278903192	2015	3	19	12	0	0.08
72278903192	2015	3	19	13	0	0.01
72278903192	2015	3	19	14	0	0.01
72278903192	2015	3	19	15	0	0.01
72278903192	2015	3	21	3	0	0.03
72278903192	2015	3	21	4	0	0.04
72278903192	2015	4	24	18	0	0.01
72278903192	2015	4	26	6	0	0.04
72278903192	2015	4	26	7	0	0.07
72278903192	2015	4	26	11	0	0.11
72278903192	2015	4	26	12	0	0.02
72278903192	2015	4	26	20	0	0.04
72278903192	2015	4	26	22	0	0.01
72278903192	2015	4	26	23	0	0.01
72278903192	2015	5	4	8	0	0.005
72278903192	2015	5	4	9	0	0.13
72278903192	2015	5	4	10	0	0.03
72278903192	2015	5	4	11	0	0.07
72278903192	2015	5	4	12	0	0.09
72278903192	2015	5	15	20	0	0.01
72278903192	2015	5	15	22	0	0.22
72278903192	2015	5	15	23	0	0.44
72278903192	2015	5	16	0	0	0.01
72278903192	2015	5	16	4	0	0.15
72278903192	2015	5	16	5	0	0.23
72278903192	2015	5	16	6	0	0.25
72278903192	2015	5	16	12	0	0.01
72278903192	2015	5	16	14	0	0.01
72278903192	2015	6	5	12	0	0.01
72278903192	2015	6	5	13	0	0.05
72278903192	2015	6	5	17	0	0.01
72278903192	2015	6	5	19	0	0.01
72278903192	2015	6	5	22	0	0.01
72278903192	2015	6	6	0	0	0.03
72278903192	2015	6	6	2	0	0.01
72278903192	2015	6	6	4	0	0.01
72278903192	2015	6	6	6	0	0.16
72278903192	2015	6	6	7	0	0.01
72278903192	2015	6	6	11	0	0.02
72278903192	2015	6	6	12	0	0.01
72278903192	2015	6	30	6	0	0.041
72278903192	2015	6	30	7	0	0.008
72278903192	2015	6	30	11	0	0.001
72278903192	2015	6	30	12	0	0.001
72278903192	2015	7	3	12	0	0.01
72278903192	2015	7	19	5	0	0.061
72278903192	2015	7	31	22	0	0.03
72278903192	2015	8	8	0	0	0.01
72278903192	2015	8	11	17	0	0.02
72278903192	2015	8	11	18	0	0.02
72278903192	2015	8	12	4	0	0.02
72278903192	2015	8	12	5	0	0.05
72278903192	2015	8	12	6	0	0.01
72278903192	2015	8	25	9	0	0.01
72278903192	2015	8	25	10	0	0.04
72278903192	2015	8	27	23	0	0.03
72278903192	2015	8	30	3	0	0.07
72278903192	2015	9	1	4	0	0.3
72278903192	2015	9	14	3	0	0.01
72278903192	2015	9	14	5	0	0.12
72278903192	2015	9	14	6	0	0.07
72278903192	2015	9	14	8	0	0.02
72278903192	2015	9	14	9	0	0.01
72278903192	2015	9	15	3	0	0.04
72278903192	2015	9	23	0	0	1.05
72278903192	2015	9	23	1	0	0.4
72278903192	2015	10	4	15	0	0.04
72278903192	2015	10	4	16	0	0.01
72278903192	2015	10	5	14	0	0.03
72278903192	2015	10	6	7	0	0.02
72278903192	2015	10	6	8	0	0.01
72278903192	2015	10	6	10	0	0.02
72278903192	2015	10	6	19	0	0.04
72278903192	2015	10	6	20	0	0.03
72278903192	2015	10	6	21	0	0.02
72278903192	2015	10	7	0	0	0.01
72278903192	2015	10	7	2	0	0.07
72278903192	2015	10	16	21	0	0.01
72278903192	2015	10	16	22	0	0.02
72278903192	2015	10	16	23	0	0.01
72278903192	2015	10	17	0	0	0.01
72278903192	2015	10	17	1	0	0.01
72278903192	2015	10	17	22	0	0.01
72278903192	2015	10	19	1	0	0.21
72278903192	2015	10	19	2	0	0.02
72278903192	2015	10	20	10	0	0.33
72278903192	2015	10	20	19	0	0.01
72278903192	2015	10	20	20	0	0.02
72278903192	2015	10	29	7	0	0.03
72278903192	2015	10	29	10	0	0.04
72278903192	2015	10	30	9	0	0.01
72278903192	2015	11	4	12	0	0.02
72278903192	2015	11	4	13	0	0.05
72278903192	2015	11	4	16	0	0.02
72278903192	2015	11	5	0	0	0.02
72278903192	2015	11	5	3	0	0.03
72278903192	2015	11	5	4	0	0.02
72278903192	2015	11	5	5	0	0.02
72278903192	2015	11	5	11	0	0.01
72278903192	2015	11	15	19	0	0.01
72278903192	2015	11	15	20	0	0.01
72278903192	2015	11	15	21	0	0.1
72278903192	2015	11	15	22	0	0.03
72278903192	2015	11	16	1	0	0.03
72278903192	2015	11	16	2	0	0.04
72278903192	2015	11	16	5	0	0.06
72278903192	2015	11	16	7	0	0.01
72278903192	2015	12	12	6	0	0.02
72278903192	2015	12	12	7	0	0.04
72278903192	2015	12	14	15	0	0.06
72278903192	2015	12	14	16	0	0.05
72278903192	2016	1	4	14	0	0.01
72278903192	2016	1	4	18	0	0.01
72278903192	2016	1	4	19	0	0.11
72278903192	2016	1	4	20	0	0.01
72278903192	2016	1	4	21	0	0.01
72278903192	2016	1	5	1	0	0.05
72278903192	2016	1	5	2	0	0.18
72278903192	2016	1	5	3	0	0.06
72278903192	2016	1	5	4	0	0.01
72278903192	2016	1	5	19	0	0.02
72278903192	2016	1	5	20	0	0.02
72278903192	2016	1	5	21	0	0.02
72278903192	2016	1	6	0	0	0.01
72278903192	2016	1	6	1	0	0.01
72278903192	2016	1	6	4	0	0.01
72278903192	2016	1	6	5	0	0.03
72278903192	2016	1	6	6	0	0.06
72278903192	2016	1	6	7	0	0.02
72278903192	2016	1	6	8	0	0.07
72278903192	2016	1	6	9	0	0.03
72278903192	2016	1	6	10	0	0.2
72278903192	2016	1	6	11	0	0.03
72278903192	2016	1	6	12	0	0.02
72278903192	2016	1	6	13	0	0.08
72278903192	2016	1	6	14	0	0.02
72278903192	2016	1	7	5	0	0.03
72278903192	2016	1	7	6	0	0.02
72278903192	2016	1	7	10	0	0.02
72278903192	2016	1	7	11	0	0.01
72278903192	2016	1	7	13	0	0.06
72278903192	2016	1	7	14	0	0.08
72278903192	2016	1	7	15	0	0.13
72278903192	2016	1	7	16	0	0.1
72278903192	2016	1	7	17	0	0.08
72278903192	2016	1	7	18	0	0.07
72278903192	2016	1	7	19	0	0.01
72278903192	2016	1	7	23	0	0.04
72278903192	2016	1	8	0	0	0.07
72278903192	2016	1	8	13	0	0.01
72278903192	2016	1	9	1	0	0.02
72278903192	2016	2	1	5	0	0.003
72278903192	2016	2	1	6	0	0.14
72278903192	2016	4	8	7	0	0.05
72278903192	2016	4	8	8	0	0.12
72278903192	2016	4	8	9	0	0.09
72278903192	2016	4	8	10	0	0.01
72278903192	2016	4	10	15	0	0.02
72278903192	2016	4	10	16	0	0.01
72278903192	2016	4	10	18	0	0.02
72278903192	2016	4	10	20	0	0.15
72278903192	2016	4	30	22	0	0.05
72278903192	2016	4	30	23	0	0.02
72278903192	2016	6	11	5	0	0.01
72278903192	2016	6	12	0	0	0.18
72278903192	2016	6	28	5	0	0.06
72278903192	2016	6	30	5	0	0.004
72278903192	2016	6	30	6	0	0.07
72278903192	2016	6	30	7	0	0.01
72278903192	2016	7	1	11	0	0.01
72278903192	2016	7	1	12	0	0.01
72278903192	2016	7	1	13	0	0.01
72278903192	2016	7	18	10	0	0.01
72278903192	2016	7	18	11	0	0.04
72278903192	2016	7	30	3	0	0.14
72278903192	2016	7	30	4	0	0.01
72278903192	2016	8	3	0	0	0.01
72278903192	2016	8	3	2	0	0.02
72278903192	2016	8	3	3	0	0.03
72278903192	2016	8	5	15	0	0.03
72278903192	2016	8	5	16	0	1.29
72278903192	2016	8	10	13	0	0.01
72278903192	2016	8	11	12	0	0.01
72278903192	2016	8	11	15	0	0.27
72278903192	2016	8	11	16	0	0.04
72278903192	2016	8	11	17	0	0.01
72278903192	2016	8	11	18	0	0.16
72278903192	2016	8	19	8	0	0.01
72278903192	2016	8	21	1	0	0.13
72278903192	2016	8	23	9	0	0.02
72278903192	2016	8	23	10	0	0.01
72278903192	2016	8	23	12	0	0.23
72278903192	2016	8	23	16	0	0.02
72278903192	2016	8	26	10	0	0.07
72278903192	2016	8	26	13	0	0.01
72278903192	2016	9	7	12	0	0.03
72278903192	2016	9	7	13	0	0.1
72278903192	2016	9	21	5	0	0.02
72278903192	2016	9	22	22	0	0.17
72278903192	2016	10	2	15	0	0.03
72278903192	2016	10	2	16	0	0.01
72278903192	2016	10	2	17	0	0.03
72278903192	2016	10	2	18	0	0.12
72278903192	2016	10	2	20	0	0.04
72278903192	2016	10	8	14	0	0.01
72278903192	2016	11	4	0	0	0.1
72278903192	2016	11	4	1	0	0.07
72278903192	2016	11	4	2	0	0.01
72278903192	2016	11	21	3	0	0.01
72278903192	2016	11	21	6	0	0.01
72278903192	2016	11	21	10	0	0.01
72278903192	2016	11	21	18	0	0.13
72278903192	2016	11	21	20	0	0.04
72278903192	2016	11	28	1	0	0.13
72278903192	2016	11	28	2	0	0.22
72278903192	2016	11	28	3	0	0.01
72278903192	2016	12	16	5	0	0.02
72278903192	2016	12	16	6	0	0.01
72278903192	2016	12	16	7	0	0.02
72278903192	2016	12	16	14	0	0.01
72278903192	2016	12	16	15	0	0.01
72278903192	2016	12	22	1	0	0.02
72278903192	2016	12	22	5	0	0.01
72278903192	2016	12	22	6	0	0.01
72278903192	2016	12	22	7	0	0.01
72278903192	2016	12	22	8	0	0.07
72278903192	2016	12	22	9	0	0.1
72278903192	2016	12	22	10	0	0.4
72278903192	2016	12	22	11	0	0.1
72278903192	2016	12	22	13	0	0.02
72278903192	2016	12	22	14	0	0.01
72278903192	2016	12	22	17	0	0.05
72278903192	2016	12	23	7	0	0.02
72278903192	2016	12	23	8	0	0.02
72278903192	2016	12	23	10	0	0.02
72278903192	2016	12	23	11	0	0.01
72278903192	2016	12	24	20	0	0.006
72278903192	2016	12	24	21	0	0.14
72278903192	2016	12	24	22	0	0.12
72278903192	2016	12	25	6	0	0.01
72278903192	2016	12	31	1	0	0.02
72278903192	2016	12	31	2	0	0.05
72278903192	2016	12	31	3	0	0.04
72278903192	2016	12	31	4	0	0.06
72278903192	2016	12	31	12	0	0.13
72278903192	2017	1	1	8	0	0.02
72278903192	2017	1	1	9	0	0.01
72278903192	2017	1	1	10	0	0.09
72278903192	2017	1	1	13	0	0.02
72278903192	2017	1	1	14	0	0.06
72278903192	2017	1	1	15	0	0.07
72278903192	2017	1	1	16	0	0.07
72278903192	2017	1	1	21	0	0.02
72278903192	2017	1	14	21	0	0.01
72278903192	2017	1	14	22	0	0.05
72278903192	2017	1	20	3	0	0.01
72278903192	2017	1	20	4	0	0.01
72278903192	2017	1	20	19	0	0.02
72278903192	2017	1	20	21	0	0.05
72278903192	2017	1	20	22	0	0.05
72278903192	2017	1	20	23	0	0.1
72278903192	2017	1	21	0	0	0.04
72278903192	2017	1	21	1	0	0.03
72278903192	2017	1	21	2	0	0.13
72278903192	2017	1	21	3	0	0.19
72278903192	2017	1	21	4	0	0.16
72278903192	2017	1	21	5	0	0.01
72278903192	2017	1	21	6	0	0.01
72278903192	2017	1	21	7	0	0.02
72278903192	2017	1	23	22	0	0.02
72278903192	2017	1	23	23	0	0.05
72278903192	2017	1	24	2	0	0.003
72278903192	2017	1	24	3	0	0.04
72278903192	2017	1	24	4	0	0.01
72278903192	2017	2	18	10	0	0.01
72278903192	2017	2	18	11	0	0.04
72278903192	2017	2	18	13	0	0.01
72278903192	2017	2	18	14	0	0.01
72278903192	2017	2	18	16	0	0.1
72278903192	2017	2	18	17	0	0.07
72278903192	2017	2	18	18	0	0.02
72278903192	2017	2	18	21	0	0.01
72278903192	2017	2	18	22	0	0.04
72278903192	2017	2	18	23	0	0.05
72278903192	2017	2	19	0	0	0.06
72278903192	2017	2	19	1	0	0.01
72278903192	2017	2	19	2	0	0.07
72278903192	2017	2	19	3	0	0.07
72278903192	2017	2	19	4	0	0.03
72278903192	2017	2	19	5	0	0.03
72278903192	2017	2	19	6	0	0.04
72278903192	2017	2	19	7	0	0.03
72278903192	2017	2	19	8	0	0.04
72278903192	2017	2	19	9	0	0.03
72278903192	2017	2	19	10	0	0.09
72278903192	2017	2	19	11	0	0.05
72278903192	2017	2	19	13	0	0.06
72278903192	2017	2	19	14	0	0.01
72278903192	2017	2	19	16	0	0.02
72278903192	2017	2	19	17	0	0.04
72278903192	2017	2	19	21	0	0.01
72278903192	2017	2	19	23	0	0.03
72278903192	2017	2	27	23	0	0.01
72278903192	2017	2	28	0	0	0.01
72278903192	2017	2	28	1	0	0.01
72278903192	2017	2	28	2	0	0.07
72278903192	2017	2	28	3	0	0.12
72278903192	2017	2	28	4	0	0.15
72278903192	2017	2	28	13	0	0.03
72278903192	2017	2	28	14	0	0.24
72278903192	2017	2	28	17	0	0.01
72278903192	2017	3	23	10	0	0.04
72278903192	2017	3	23	23	0	0.01
72278903192	2017	5	9	7	0	0.07
72278903192	2017	5	9	9	0	0.01
72278903192	2017	5	9	10	0	0.03
72278903192	2017	5	9	11	0	0.01
72278903192	2017	7	11	7	0	0.004
72278903192	2017	7	11	8	0	0.004
72278903192	2017	7	13	2	0	0.001
72278903192	2017	7	13	4	0	0.001
72278903192	2017	7	13	5	0	0.001
72278903192	2017	7	17	4	0	0.32
72278903192	2017	7	17	5	0	0.6
72278903192	2017	7	17	6	0	0.05
72278903192	2017	7	17	7	0	0.02
72278903192	2017	7	19	0	0	0.01
72278903192	2017	7	19	1	0	0.01
72278903192	2017	7	21	2	0	0.09
72278903192	2017	7	22	1	0	0.16
72278903192	2017	7	24	5	0	0.01
72278903192	2017	7	24	9	0	0.01
72278903192	2017	7	24	13	0	0.01
72278903192	2017	7	24	14	0	0.04
72278903192	2017	7	24	15	0	0.03
72278903192	2017	7	24	16	0	0.01
72278903192	2017	7	24	17	0	0.14
72278903192	2017	7	24	18	0	0.03
72278903192	2017	7	25	9	0	0.01
72278903192	2017	7	30	5	0	0.03
72278903192	2017	7	30	11	0	0.02
72278903192	2017	8	3	23	0	0.03
72278903192	2017	8	4	0	0	0.07
72278903192	2017	8	11	4	0	0.03
72278903192	2017	8	13	10	0	0.1
72278903192	2017	8	13	11	0	0.01
72278903192	2017	8	13	12	0	0.02
72278903192	2017	8	13	13	0	0.02
72278903192	2017	8	24	5	0	0.23
72278903192	2017	12	17	11	0	0.004
72278903192	2017	12	17	12	0	0.2
72278903192	2017	12	17	13	0	0.05
72278903192	2018	1	10	4	0	0.13
72278903192	2018	1	10	5	0	0.14
72278903192	2018	1	10	9	0	0.04
72278903192	2018	1	10	10	0	0.01
72278903192	2018	1	10	11	0	0.01
72278903192	2018	1	10	12	0	0.01
72278903192	2018	1	10	18	0	0.01
72278903192	2018	1	21	2	0	0.01
72278903192	2018	2	14	19	0	0.02
72278903192	2018	2	14	20	0	0.01
72278903192	2018	2	14	21	0	0.04
72278903192	2018	2	14	22	0	0.06
72278903192	2018	2	14	23	0	0.06
72278903192	2018	2	15	0	0	0.04
72278903192	2018	2	15	1	0	0.03
72278903192	2018	2	15	3	0	0.02
72278903192	2018	2	15	4	0	0.01
72278903192	2018	2	15	5	0	0.01
72278903192	2018	2	15	7	0	0.01
72278903192	2018	2	15	11	0	0.01
72278903192	2018	2	28	0	0	0.02
72278903192	2018	2	28	1	0	0.02
72278903192	2018	2	28	2	0	0.05
72278903192	2018	2	28	4	0	0.01
72278903192	2018	2	28	5	0	0.08
72278903192	2018	2	28	6	0	0.04
72278903192	2018	3	11	13	0	0.01
72278903192	2018	3	11	14	0	0.01
72278903192	2018	5	2	2	0	0.01
72278903192	2018	5	2	3	0	0.03
72278903192	2018	5	2	16	0	0.02
72278903192	2018	6	16	11	0	0.01
72278903192	2018	6	16	14	0	0.02
72278903192	2018	6	16	16	0	0.12
72278903192	2018	6	16	21	0	0.03
72278903192	2018	7	10	0	0	0.02
72278903192	2018	7	11	23	0	0.45
72278903192	2018	7	12	2	0	0.018
72278903192	2018	7	12	3	0	0.03
72278903192	2018	7	12	4	0	0.19
72278903192	2018	7	12	5	0	0.34
72278903192	2018	7	12	6	0	0.01
72278903192	2018	7	12	7	0	0.01
72278903192	2018	7	21	12	0	0.02
72278903192	2018	7	31	3	0	0.05
72278903192	2018	7	31	4	0	0.02
72278903192	2018	7	31	5	0	0.02
72278903192	2018	7	31	6	0	0.01
72278903192	2018	8	9	3	0	0.02
72278903192	2018	8	9	4	0	0.01
72278903192	2018	8	11	5	0	0.001
72278903192	2018	8	11	6	0	0.19
72278903192	2018	8	11	7	0	0.01
72278903192	2018	8	11	10	0	0.05
72278903192	2018	8	24	1	0	0.08
72278903192	2018	9	19	19	0	0.01
72278903192	2018	9	19	20	0	0.04
72278903192	2018	9	19	21	0	0.06
72278903192	2018	10	1	2	0	0.02
72278903192	2018	10	1	3	0	0.01
72278903192	2018	10	1	4	0	0.01
72278903192	2018	10	1	6	0	0.01
72278903192	2018	10	1	7	0	0.01
72278903192	2018	10	1	9	0	0.05
72278903192	2018	10	1	10	0	0.03
72278903192	2018	10	1	11	0	0.06
72278903192	2018	10	1	12	0	0.05
72278903192	2018	10	1	13	0	0.02
72278903192	2018	10	1	19	0	0.01
72278903192	2018	10	2	5	0	0.01
72278903192	2018	10	2	7	0	0.01
72278903192	2018	10	2	8	0	0.09
72278903192	2018	10	2	9	0	0.07
72278903192	2018	10	2	10	0	0.05
72278903192	2018	10	2	11	0	0.02
72278903192	2018	10	2	12	0	0.06
72278903192	2018	10	2	13	0	0.15
72278903192	2018	10	2	14	0	0.25
72278903192	2018	10	2	15	0	0.37
72278903192	2018	10	2	16	0	0.66
72278903192	2018	10	2	17	0	0.24
72278903192	2018	10	2	18	0	0.04
72278903192	2018	10	2	20	0	0.01
72278903192	2018	10	2	23	0	0.02
72278903192	2018	10	3	0	0	0.27
72278903192	2018	10	3	1	0	0.05
72278903192	2018	10	3	3	0	0.03
72278903192	2018	10	3	4	0	0.92
72278903192	2018	10	3	10	0	0.01
72278903192	2018	10	7	10	0	0.26
72278903192	2018	10	7	11	0	0.27
72278903192	2018	10	7	12	0	0.08
72278903192	2018	10	8	0	0	0.05
72278903192	2018	10	13	11	0	0.03
72278903192	2018	10	13	16	0	0.12
72278903192	2018	10	13	17	0	0.31
72278903192	2018	10	13	18	0	0.11
72278903192	2018	10	13	19	0	0.03
72278903192	2018	10	13	20	0	0.17
72278903192	2018	10	13	21	0	0.1
72278903192	2018	10	13	22	0	0.04
72278903192	2018	10	22	10	0	0.04
72278903192	2018	10	24	1	0	0.02
72278903192	2018	11	30	5	0	0.01
72278903192	2018	11	30	7	0	0.149
72278903192	2018	11	30	8	0	0.072
72278903192	2018	11	30	9	0	0.003
72278903192	2018	11	30	15	0	0.001
72278903192	2018	11	30	16	0	0.003
72278903192	2018	12	6	18	0	0.01
72278903192	2018	12	6	21	0	0.01
72278903192	2018	12	7	7	0	0.03
72278903192	2018	12	7	12	0	0.02
72278903192	2018	12	31	21	0	0.02
72278903192	2018	12	31	22	0	0.01
72278903192	2018	12	31	23	0	0.02
72278903192	2019	1	1	0	0	0.03
72278903192	2019	1	1	1	0	0.03
72278903192	2019	1	1	2	0	0.01
72278903192	2019	1	6	5	0	0.01
72278903192	2019	1	6	6	0	0.05
72278903192	2019	1	6	7	0	0.08
72278903192	2019	1	6	8	0	0.08
72278903192	2019	1	6	9	0	0.12
72278903192	2019	1	6	10	0	0.07
72278903192	2019	1	6	11	0	0.08
72278903192	2019	1	6	12	0	0.07
72278903192	2019	1	6	13	0	0.01
72278903192	2019	1	6	19	0	0.02
72278903192	2019	1	13	7	0	0.01
72278903192	2019	1	13	8	0	0.02
72278903192	2019	1	13	9	0	0.01
72278903192	2019	1	15	5	0	0.01
72278903192	2019	1	15	6	0	0.02
72278903192	2019	1	16	0	0	0.04
72278903192	2019	1	16	1	0	0.01
72278903192	2019	1	16	2	0	0.01
72278903192	2019	2	3	9	0	0.02
72278903192	2019	2	3	10	0	0.01
72278903192	2019	2	3	11	0	0.12
72278903192	2019	2	3	12	0	0.02
72278903192	2019	2	3	13	0	0.02
72278903192	2019	2	3	14	0	0.03
72278903192	2019	2	3	15	0	0.01
72278903192	2019	2	3	17	0	0.01
72278903192	2019	2	3	20	0	0.01
72278903192	2019	2	3	21	0	0.04
72278903192	2019	2	3	22	0	0.04
72278903192	2019	2	3	23	0	0.04
72278903192	2019	2	5	22	0	0.01
72278903192	2019	2	6	6	0	0.03
72278903192	2019	2	6	7	0	0.02
72278903192	2019	2	14	19	0	0.04
72278903192	2019	2	14	20	0	0.01
72278903192	2019	2	14	21	0	0.02
72278903192	2019	2	14	22	0	0.02
72278903192	2019	2	14	23	0	0.02
72278903192	2019	2	15	0	0	0.01
72278903192	2019	2	15	1	0	0.02
72278903192	2019	2	15	3	0	0.01
72278903192	2019	2	15	4	0	0.05
72278903192	2019	2	18	8	0	0.01
72278903192	2019	2	18	10	0	0.02
72278903192	2019	2	18	11	0	0.05
72278903192	2019	2	18	12	0	0.01
72278903192	2019	2	18	19	0	0.02
72278903192	2019	2	21	13	0	0.03
72278903192	2019	2	21	14	0	0.05
72278903192	2019	2	21	15	0	0.07
72278903192	2019	2	21	16	0	0.04
72278903192	2019	2	21	17	0	0.01
72278903192	2019	2	21	20	0	0.05
72278903192	2019	2	21	21	0	0.04
72278903192	2019	2	21	22	0	0.03
72278903192	2019	2	21	23	0	0.07
72278903192	2019	2	22	0	0	0.09
72278903192	2019	2	22	1	0	0.05
72278903192	2019	2	22	2	0	0.06
72278903192	2019	2	22	3	0	0.08
72278903192	2019	2	22	4	0	0.04
72278903192	2019	2	22	5	0	0.11
72278903192	2019	2	22	6	0	0.13
72278903192	2019	2	22	7	0	0.04
72278903192	2019	2	22	8	0	0.02
72278903192	2019	2	22	9	0	0.03
72278903192	2019	2	22	10	0	0.05
72278903192	2019	2	22	11	0	0.02
72278903192	2019	2	22	12	0	0.01
72278903192	2019	2	22	17	0	0.01
72278903192	2019	2	22	18	0	0.04
72278903192	2019	2	22	21	0	0.02
72278903192	2019	2	23	0	0	0.1
72278903192	2019	3	11	22	0	0.02
72278903192	2019	3	11	23	0	0.01
72278903192	2019	3	12	0	0	0.03
72278903192	2019	3	12	5	0	0.01
72278903192	2019	3	12	6	0	0.02
72278903192	2019	3	12	7	0	0.03
72278903192	2019	3	12	8	0	0.04
72278903192	2019	3	12	9	0	0.06
72278903192	2019	3	12	10	0	0.06
72278903192	2019	3	12	11	0	0.04
72278903192	2019	3	12	12	0	0.01
72278903192	2019	3	12	15	0	0.01
72278903192	2019	3	12	19	0	0.34
72278903192	2019	3	12	20	0	0.02
72278903192	2019	3	13	0	0	0.01
72278903192	2019	3	13	3	0	0.07
72278903192	2019	3	13	4	0	0.01
72278903192	2019	3	13	6	0	0.01
72278903192	2019	3	13	7	0	0.01
72278903192	2019	3	13	8	0	0.03
72278903192	2019	3	13	9	0	0.01
72278903192	2019	3	13	10	0	0.01
72278903192	2019	3	21	12	0	0.02
72278903192	2019	4	30	4	0	0.01
72278903192	2019	4	30	5	0	0.03
72278903192	2019	5	7	15	0	0.02
72278903192	2019	5	7	16	0	0.02
72278903192	2019	5	8	23	0	0.08
72278903192	2019	5	9	0	0	0.02
72278903192	2019	5	9	1	0	0.01
72278903192	2019	5	23	10	0	0.02
72278903192	2019	5	23	11	0	0.03
72278903192	2019	7	23	4	0	0.07
72278903192	2019	7	24	12	0	0.03
72278903192	2019	7	31	0	0	0.03
72278903192	2019	7	31	1	0	0.01
72278903192	2019	7	31	4	0	0.02
72278903192	2019	7	31	5	0	0.03
72278903192	2019	7	31	6	0	0.1
72278903192	2019	7	31	7	0	0.07
72278903192	2019	8	1	8	0	0.001
72278903192	2019	8	4	3	0	0.16
72278903192	2019	8	4	4	0	0.14
72278903192	2019	8	4	5	0	0.01
72278903192	2019	8	29	4	0	0.42
72278903192	2019	8	29	5	0	0.01
72278903192	2019	9	15	1	0	0.18
72278903192	2019	9	15	2	0	0.03
72278903192	2019	9	23	21	0	0.01
72278903192	2019	9	24	0	0	0.02
72278903192	2019	9	24	1	0	0.35
72278903192	2019	9	24	2	0	0.25
72278903192	2019	9	24	3	0	0.01
72278903192	2019	9	24	7	0	0.01
72278903192	2019	9	27	0	0	0.02
72278903192	2019	11	6	13	0	0.01
72278903192	2019	11	19	21	0	0.01
72278903192	2019	11	19	22	0	0.01
72278903192	2019	11	19	23	0	0.1
72278903192	2019	11	20	0	0	0.01
72278903192	2019	11	20	1	0	0.04
72278903192	2019	11	20	2	0	0.02
72278903192	2019	11	20	9	0	0.01
72278903192	2019	11	20	13	0	0.05
72278903192	2019	11	20	14	0	0.17
72278903192	2019	11	20	15	0	0.19
72278903192	2019	11	20	16	0	0.21
72278903192	2019	11	20	18	0	0.06
72278903192	2019	11	20	19	0	0.01
72278903192	2019	11	20	21	0	0.02
72278903192	2019	11	20	22	0	0.01
72278903192	2019	11	20	23	0	0.02
72278903192	2019	11	21	0	0	0.08
72278903192	2019	11	21	4	0	0.02
72278903192	2019	11	21	5	0	0.03
72278903192	2019	11	21	6	0	0.02
72278903192	2019	11	21	9	0	0.01
72278903192	2019	11	21	12	0	0.02
72278903192	2019	11	21	13	0	0.09
72278903192	2019	11	21	17	0	0.04
72278903192	2019	11	21	18	0	0.07
72278903192	2019	11	21	23	0	0.04
72278903192	2019	11	22	0	0	0.03
72278903192	2019	11	28	7	0	0.01
72278903192	2019	11	28	15	0	0.02
72278903192	2019	11	29	2	0	0.01
72278903192	2019	11	29	9	0	0.04
72278903192	2019	11	29	10	0	0.04
72278903192	2019	11	29	11	0	0.34
72278903192	2019	11	29	12	0	0.19
72278903192	2019	11	29	13	0	0.08
72278903192	2019	11	29	14	0	0.04
72278903192	2019	11	29	15	0	0.01
72278903192	2019	12	4	14	0	0.01
72278903192	2019	12	8	1	0	0.01
72278903192	2019	12	8	2	0	0.01
72278903192	2019	12	8	3	0	0.01
72278903192	2019	12	8	4	0	0.07
72278903192	2019	12	8	5	0	0.02
72278903192	2019	12	8	6	0	0.11
72278903192	2019	12	8	19	0	0.03
72278903192	2019	12	8	21	0	0.01
72278903192	2019	12	9	21	0	0.001
72278903192	2019	12	24	3	0	0.01
72278903192	2019	12	24	4	0	0.02
72278903192	2019	12	24	5	0	0.02
72278903192	2019	12	24	10	0	0.01
72278903192	2019	12	24	12	0	0.01
72278903192	2019	12	24	13	0	0.06
72278903192	2019	12	24	14	0	0.06
72278903192	2019	12	24	15	0	0.02
72278903192	2019	12	24	19	0	0.01
72278903192	2019	12	24	20	0	0.01
72278903192	2019	12	24	21	0	0.01
72278903192	2019	12	24	23	0	0.03
72278903192	2019	12	25	0	0	0.32
72278903192	2019	12	25	3	0	0.03
72278903192	2019	12	25	13	0	0.03
72278903192	2019	12	25	14	0	0.11
72278903192	2019	12	25	15	0	0.02
72278903192	2019	12	25	16	0	0.09
72278903192	2019	12	25	17	0	0.02
72278903192	2019	12	25	18	0	0.02
72278903192	2019	12	25	19	0	0.006
72278903192	2019	12	26	23	0	0.03
72278903192	2019	12	27	2	0	0.03
72278903192	2019	12	27	3	0	0.06
72278903192	2019	12	27	4	0	0.03
72278903192	2019	12	27	5	0	0.02
72278903192	2019	12	27	17	0	0.01
72278903192	2019	12	27	18	0	0.05
72278903192	2019	12	27	19	0	0.02
72278903192	2019	12	27	21	0	0.01
72278903192	2019	12	28	1	0	0.09
72278903192	2019	12	28	9	0	0.02
72278903192	2020	1	21	11	0	0.02
72278903192	2020	1	21	12	0	0.02
72278903192	2020	1	21	13	0	0.01
72278903192	2020	1	21	16	0	0.01
72278903192	2020	1	21	21	0	0.01
72278903192	2020	1	21	22	0	0.01
72278903192	2020	2	11	3	0	0.03
72278903192	2020	2	11	4	0	0.22
72278903192	2020	2	11	5	0	0.05
72278903192	2020	2	11	6	0	0.17
72278903192	2020	2	11	7	0	0.08
72278903192	2020	2	11	8	0	0.11
72278903192	2020	2	11	9	0	0.12
72278903192	2020	2	11	10	0	0.03
72278903192	2020	2	11	11	0	0.01
72278903192	2020	2	11	12	0	0.06
72278903192	2020	2	11	13	0	0.13
72278903192	2020	2	11	14	0	0.03
72278903192	2020	2	22	8	0	0.01
72278903192	2020	2	22	11	0	0.01
72278903192	2020	2	22	12	0	0.08
72278903192	2020	2	22	13	0	0.14
72278903192	2020	2	22	14	0	0.15
72278903192	2020	2	22	15	0	0.13
72278903192	2020	2	22	16	0	0.12
72278903192	2020	2	22	17	0	0.15
72278903192	2020	2	22	18	0	0.07
72278903192	2020	2	22	19	0	0.03
72278903192	2020	2	22	20	0	0.02
72278903192	2020	2	23	5	0	0.01
72278903192	2020	3	2	22	0	0.09
72278903192	2020	3	10	11	0	0.01
72278903192	2020	3	11	1	0	0.01
72278903192	2020	3	11	2	0	0.02
72278903192	2020	3	11	3	0	0.04
72278903192	2020	3	11	4	0	0.07
72278903192	2020	3	11	5	0	0.02
72278903192	2020	3	11	6	0	0.03
72278903192	2020	3	11	10	0	0.01
72278903192	2020	3	11	11	0	0.01
72278903192	2020	3	11	12	0	0.01
72278903192	2020	3	11	13	0	0.05
72278903192	2020	3	11	14	0	0.01
72278903192	2020	3	11	15	0	0.15
72278903192	2020	3	11	16	0	0.08
72278903192	2020	3	11	17	0	0.18
72278903192	2020	3	11	18	0	0.06
72278903192	2020	3	11	19	0	0.01
72278903192	2020	3	11	20	0	0.15
72278903192	2020	3	11	21	0	0.03
72278903192	2020	3	11	22	0	0.01
72278903192	2020	3	12	13	0	0.01
72278903192	2020	3	12	14	0	0.09
72278903192	2020	3	12	15	0	0.088
72278903192	2020	3	12	20	0	0.01
72278903192	2020	3	12	22	0	0.01
72278903192	2020	3	13	3	0	0.04
72278903192	2020	3	13	4	0	0.01
72278903192	2020	3	13	5	0	0.03
72278903192	2020	3	13	6	0	0.07
72278903192	2020	3	13	7	0	0.22
72278903192	2020	3	13	8	0	0.1
72278903192	2020	3	13	21	0	0.12
72278903192	2020	3	13	22	0	0.15
72278903192	2020	3	13	23	0	0.1
72278903192	2020	3	14	0	0	0.01
72278903192	2020	3	18	16	0	0.01
72278903192	2020	3	18	20	0	0.01
72278903192	2020	3	18	21	0	0.04
72278903192	2020	3	18	22	0	0.02
72278903192	2020	3	18	23	0	0.01
72278903192	2020	3	19	0	0	0.17
72278903192	2020	3	19	2	0	0.14
72278903192	2020	4	11	23	0	0.05
72278903192	2020	4	14	1	0	0.08
72278903192	2020	7	25	1	0	0.3
72278903192	2020	8	21	2	0	0.072
72278903192	2020	8	21	3	0	0.06
72278903192	2020	11	9	8	0	0.01
72278903192	2020	12	10	7	0	0.02
72278903192	2020	12	10	12	0	0.01
72278903192	2020	12	10	13	0	0.03
72278903192	2020	12	10	14	0	0.26
72278903192	2020	12	10	15	0	0.13
72278903192	2020	12	10	18	0	0.01
72278903192	2020	12	10	19	0	0.02
72278903192	2021	1	19	13	0	0.02
72278903192	2021	1	24	1	0	0.08
72278903192	2021	1	24	10	0	0.01
72278903192	2021	1	24	13	0	0.07
72278903192	2021	1	24	14	0	0.13
72278903192	2021	1	24	15	0	0.02
72278903192	2021	1	24	16	0	0.03
72278903192	2021	1	24	22	0	0.03
72278903192	2021	1	25	8	0	0.02
72278903192	2021	1	25	14	0	0.01
72278903192	2021	1	25	15	0	0.01
72278903192	2021	1	25	16	0	0.01
72278903192	2021	1	25	19	0	0.02
72278903192	2021	1	25	20	0	0.11
72278903192	2021	1	25	21	0	0.32
72278903192	2021	1	26	1	0	0.01
72278903192	2021	1	26	2	0	0.06
72278903192	2021	1	26	3	0	0.03
72278903192	2021	1	26	4	0	0.04
72278903192	2021	1	26	8	0	0.02
72278903192	2021	1	26	13	0	0.01
72278903192	2021	1	26	14	0	0.01
72278903192	2021	1	26	15	0	0.01
72278903192	2021	1	26	18	0	0.02
72278903192	2021	1	29	23	0	0.002
72278903192	2021	1	30	0	0	0.06
72278903192	2021	3	12	9	0	0.02
72278903192	2021	3	12	10	0	0.05
72278903192	2021	3	12	11	0	0.11
72278903192	2021	3	12	12	0	0.05
72278903192	2021	3	12	22	0	0.02
72278903192	2021	3	13	5	0	0.02
72278903192	2021	3	13	9	0	0.01
72278903192	2021	3	13	10	0	0.02
72278903192	2021	3	14	1	0	0.02
72278903192	2021	6	23	21	0	0.039
72278903192	2021	6	23	22	0	0.002
72278903192	2021	6	24	1	0	0.008
72278903192	2021	7	2	6	0	0.02
72278903192	2021	7	2	7	0	0.02
72278903192	2021	7	4	1	0	0.11
72278903192	2021	7	4	2	0	0.11
72278903192	2021	7	4	3	0	0.05
72278903192	2021	7	4	4	0	0.07
72278903192	2021	7	4	5	0	0.02
72278903192	2021	7	11	3	0	0.03
72278903192	2021	7	14	12	0	0.01
72278903192	2021	7	14	13	0	0.1
72278903192	2021	7	14	14	0	0.07
72278903192	2021	7	16	16	0	0.06
72278903192	2021	7	16	17	0	0.1
72278903192	2021	7	17	3	0	0.04
72278903192	2021	7	22	6	0	0.1
72278903192	2021	7	22	7	0	0.01
72278903192	2021	7	23	4	0	0.05
72278903192	2021	7	23	5	0	0.02
72278903192	2021	7	23	9	0	0.17
72278903192	2021	7	23	10	0	0.01
72278903192	2021	7	23	11	0	0.11
72278903192	2021	7	23	12	0	0.04
72278903192	2021	7	23	13	0	0.02
72278903192	2021	7	23	14	0	0.03
72278903192	2021	7	23	15	0	0.15
72278903192	2021	7	23	16	0	0.63
72278903192	2021	7	23	17	0	0.08
72278903192	2021	7	23	18	0	0.22
72278903192	2021	7	23	19	0	0.06
72278903192	2021	7	23	20	0	0.07
72278903192	2021	7	23	21	0	0.05
72278903192	2021	7	23	22	0	0.11
72278903192	2021	7	23	23	0	0.1
72278903192	2021	7	24	0	0	0.02
72278903192	2021	7	24	9	0	0.1
72278903192	2021	7	24	10	0	0.04
72278903192	2021	7	24	12	0	0.01
72278903192	2021	7	24	14	0	0.04
72278903192	2021	7	24	15	0	0.05
72278903192	2021	7	25	6	0	0.01
72278903192	2021	7	25	7	0	0.09
72278903192	2021	7	25	21	0	0.06
72278903192	2021	7	25	22	0	0.17
72278903192	2021	7	31	6	0	0.01
72278903192	2021	7	31	8	0	0.01
72278903192	2021	7	31	9	0	0.01
72278903192	2021	8	10	7	0	0.01
72278903192	2021	8	10	10	0	0.03
72278903192	2021	8	10	11	0	0.01
72278903192	2021	8	11	13	0	0.12
72278903192	2021	8	11	14	0	0.6
72278903192	2021	8	12	8	0	0.002
72278903192	2021	8	12	9	0	0.2
72278903192	2021	8	12	10	0	0.01
72278903192	2021	8	14	4	0	0.04
72278903192	2021	8	14	5	0	0.16
72278903192	2021	8	14	6	0	0.06
72278903192	2021	8	14	7	0	0.08
72278903192	2021	8	14	8	0	0.1
72278903192	2021	8	14	9	0	0.12
72278903192	2021	8	14	10	0	0.04
72278903192	2021	8	14	11	0	0.02
72278903192	2021	8	14	12	0	0.02
72278903192	2021	8	17	6	0	0.14
72278903192	2021	8	17	11	0	0.41
72278903192	2021	8	17	12	0	0.69
72278903192	2021	8	17	13	0	0.26
72278903192	2021	8	18	20	0	0.04
72278903192	2021	8	18	21	0	0.02
72278903192	2021	8	18	22	0	0.36
72278903192	2021	8	19	0	0	0.22
72278903192	2021	9	1	0	0	0.01
72278903192	2021	9	1	3	0	0.01
72278903192	2021	9	1	4	0	0.09
72278903192	2021	9	1	5	0	0.23
72278903192	2021	9	1	6	0	0.01
72278903192	2021	9	18	22	0	0.01
72278903192	2021	9	18	23	0	0.02
72278903192	2021	9	26	15	0	0.01
72278903192	2021	9	26	16	0	0.04
72278903192	2021	9	26	17	0	0.06
72278903192	2021	9	26	18	0	0.09
72278903192	2021	9	26	19	0	0.12
72278903192	2021	9	26	20	0	0.14
72278903192	2021	9	26	21	0	0.04
72278903192	2021	9	26	23	0	0.01
72278903192	2021	10	5	7	0	0.03
72278903192	2021	10	5	12	0	0.01
72278903192	2021	10	5	19	0	0.02
72278903192	2021	10	6	3	0	0.01
72278903192	2021	10	6	4	0	0.01
72278903192	2021	12	10	2	0	0.003
72278903192	2021	12	10	3	0	0.03
72278903192	2021	12	10	4	0	0.17
72278903192	2021	12	10	5	0	0.2
72278903192	2021	12	10	6	0	0.07
72278903192	2021	12	10	7	0	0.01
72278903192	2021	12	15	6	0	0.07
72278903192	2021	12	15	7	0	0.06
72278903192	2021	12	15	8	0	0.03
72278903192	2021	12	24	8	0	0.01
72278903192	2021	12	24	9	0	0.02
72278903192	2021	12	24	10	0	0.04
72278903192	2021	12	24	11	0	0.17
72278903192	2021	12	24	12	0	0.05
72278903192	2021	12	24	13	0	0.06
72278903192	2021	12	24	14	0	0.03
72278903192	2021	12	24	15	0	0.14
72278903192	2021	12	24	16	0	0.13
72278903192	2021	12	24	17	0	0.17
72278903192	2021	12	24	18	0	0.16
72278903192	2021	12	24	19	0	0.11
72278903192	2021	12	24	23	0	0.14
72278903192	2021	12	25	0	0	0.01
72278903192	2021	12	25	1	0	0.01
72278903192	2021	12	25	4	0	0.01
72278903192	2021	12	25	5	0	0.02
72278903192	2021	12	25	6	0	0.01
72278903192	2021	12	28	16	0	0.01
72278903192	2021	12	28	19	0	0.01
72278903192	2021	12	29	1	0	0.02
72278903192	2021	12	29	2	0	0.03
72278903192	2021	12	29	3	0	0.03
72278903192	2021	12	29	4	0	0.06
72278903192	2021	12	29	5	0	0.03
72278903192	2021	12	29	6	0	0.03
72278903192	2021	12	29	7	0	0.06
72278903192	2021	12	29	8	0	0.01
72278903192	2021	12	31	21	0	0.01
