72286893138	2006	1	2	20	0	0.01
72286893138	2006	1	2	21	0	0.04
72286893138	2006	1	2	22	0	0.05
72286893138	2006	1	2	23	0	0.01
72286893138	2006	1	3	3	0	0.02
72286893138	2006	2	28	4	0	0.04
72286893138	2006	2	28	5	0	0.02
72286893138	2006	2	28	6	0	0.01
72286893138	2006	2	28	7	0	0.02
72286893138	2006	2	28	8	0	0.05
72286893138	2006	2	28	9	0	0.05
72286893138	2006	2	28	10	0	0.04
72286893138	2006	2	28	11	0	0.05
72286893138	2006	2	28	12	0	0.04
72286893138	2006	2	28	13	0	0.03
72286893138	2006	2	28	14	0	0.02
72286893138	2006	2	28	15	0	0.02
72286893138	2006	3	10	22	0	0.01
72286893138	2006	3	11	2	0	0.005
72286893138	2006	3	11	7	0	0.01
72286893138	2006	3	11	8	0	0.03
72286893138	2006	3	11	9	0	0.08
72286893138	2006	3	11	10	0	0.12
72286893138	2006	3	11	11	0	0.13
72286893138	2006	3	11	12	0	0.05
72286893138	2006	3	11	15	0	0.04
72286893138	2006	3	11	16	0	0.04
72286893138	2006	3	11	17	0	0.02
72286893138	2006	3	11	18	0	0.01
72286893138	2006	3	12	1	0	0.05
72286893138	2006	3	12	2	0	0.05
72286893138	2006	3	12	3	0	0.03
72286893138	2006	3	21	10	0	0.01
72286893138	2006	3	21	11	0	0.02
72286893138	2006	4	5	10	0	0.01
72286893138	2006	4	5	14	0	0.02
72286893138	2006	4	5	18	0	0.01
72286893138	2006	4	5	20	0	0.01
72286893138	2006	4	5	21	0	0.03
72286893138	2006	5	22	17	0	0.01
72286893138	2006	7	17	6	0	0.31
72286893138	2006	7	17	7	0	0.03
72286893138	2006	9	2	23	0	0.05
72286893138	2006	9	3	0	0	0.01
72286893138	2006	12	10	9	0	0.02
72286893138	2006	12	27	22	0	0.05
72286893138	2007	1	5	8	0	0.015
72286893138	2007	1	5	9	0	0.003
72286893138	2007	1	5	10	0	0.001
72286893138	2007	1	5	11	0	0.013
72286893138	2007	1	5	12	0	0.003
72286893138	2007	1	5	13	0	0.002
72286893138	2007	1	5	18	0	0.001
72286893138	2007	1	5	21	0	0.004
72286893138	2007	1	5	22	0	0.003
72286893138	2007	3	23	0	0	0.01
72286893138	2007	3	27	22	0	0.06
72286893138	2007	8	18	0	0	0.03
72286893138	2007	9	2	10	0	0.09
72286893138	2007	11	30	15	0	0.02
72286893138	2007	11	30	16	0	0.07
72286893138	2007	11	30	17	0	0.16
72286893138	2007	11	30	18	0	0.06
72286893138	2007	11	30	19	0	0.04
72286893138	2007	11	30	20	0	0.01
72286893138	2007	11	30	21	0	0.01
72286893138	2007	11	30	22	0	0.08
72286893138	2007	11	30	23	0	0.12
72286893138	2007	12	1	0	0	0.1
72286893138	2007	12	1	1	0	0.09
72286893138	2007	12	1	2	0	0.06
72286893138	2007	12	1	5	0	0.16
72286893138	2007	12	1	6	0	0.18
72286893138	2007	12	1	7	0	0.12
72286893138	2007	12	7	10	0	0.02
72286893138	2007	12	7	11	0	0.02
72286893138	2007	12	7	12	0	0.01
72286893138	2007	12	7	13	0	0.01
72286893138	2007	12	7	18	0	0.01
72286893138	2007	12	9	9	0	0.04
72286893138	2007	12	9	10	0	0.16
72286893138	2007	12	9	11	0	0.11
72286893138	2007	12	9	12	0	0.2
72286893138	2007	12	9	13	0	0.03
72286893138	2007	12	9	14	0	0.03
72286893138	2007	12	9	15	0	0.01
72286893138	2007	12	9	16	0	0.01
72286893138	2007	12	9	19	0	0.01
72286893138	2008	1	5	10	0	0.02
72286893138	2008	1	5	11	0	0.01
72286893138	2008	1	5	12	0	0.04
72286893138	2008	1	5	13	0	0.03
72286893138	2008	1	5	14	0	0.07
72286893138	2008	1	5	15	0	0.03
72286893138	2008	1	5	17	0	0.02
72286893138	2008	1	7	5	0	0.05
72286893138	2008	1	7	6	0	0.12
72286893138	2008	1	7	7	0	0.05
72286893138	2008	1	7	8	0	0.05
72286893138	2008	1	7	9	0	0.02
72286893138	2008	1	7	10	0	0.03
72286893138	2008	1	7	11	0	0.03
72286893138	2008	1	7	12	0	0.07
72286893138	2008	1	7	13	0	0.03
72286893138	2008	1	7	14	0	0.01
72286893138	2008	1	24	7	0	0.01
72286893138	2008	1	27	3	0	0.01
72286893138	2008	1	27	4	0	0.08
72286893138	2008	1	27	5	0	0.07
72286893138	2008	1	27	6	0	0.09
72286893138	2008	1	27	7	0	0.04
72286893138	2008	1	27	8	0	0.08
72286893138	2008	1	27	9	0	0.08
72286893138	2008	1	27	10	0	0.15
72286893138	2008	1	27	11	0	0.16
72286893138	2008	1	27	12	0	0.14
72286893138	2008	1	27	13	0	0.13
72286893138	2008	1	27	14	0	0.13
72286893138	2008	1	27	15	0	0.08
72286893138	2008	1	27	16	0	0.01
72286893138	2008	1	28	0	0	0.02
72286893138	2008	1	28	1	0	0.01
72286893138	2008	1	28	3	0	0.11
72286893138	2008	1	28	4	0	0.09
72286893138	2008	1	28	5	0	0.02
72286893138	2008	1	28	7	0	0.01
72286893138	2008	2	22	10	0	0.01
72286893138	2008	2	22	12	0	0.01
72286893138	2008	2	22	13	0	0.01
72286893138	2008	2	22	14	0	0.01
72286893138	2008	2	22	15	0	0.04
72286893138	2008	2	22	16	0	0.06
72286893138	2008	2	22	20	0	0.01
72286893138	2008	5	23	20	0	0.03
72286893138	2008	7	20	13	0	0.73
72286893138	2008	7	20	14	0	0.08
72286893138	2008	7	20	17	0	0.05
72286893138	2008	8	30	13	0	0.07
72286893138	2008	8	30	15	0	0.01
72286893138	2008	9	4	16	0	0.02
72286893138	2008	11	26	10	0	0.1
72286893138	2008	11	26	11	0	0.11
72286893138	2008	11	26	12	0	0.04
72286893138	2008	11	26	13	0	0.01
72286893138	2008	11	26	14	0	0.02
72286893138	2008	11	27	3	0	0.03
72286893138	2008	11	27	6	0	0.04
72286893138	2008	11	27	7	0	0.01
72286893138	2008	11	27	13	0	0.03
72286893138	2008	11	27	14	0	0.03
72286893138	2008	11	27	15	0	0.06
72286893138	2008	11	27	16	0	0.01
72286893138	2008	12	15	15	0	0.03
72286893138	2008	12	15	16	0	0.05
72286893138	2008	12	15	17	0	0.04
72286893138	2008	12	15	18	0	0.05
72286893138	2008	12	15	19	0	0.06
72286893138	2008	12	15	20	0	0.11
72286893138	2008	12	15	21	0	0.17
72286893138	2008	12	15	22	0	0.14
72286893138	2008	12	15	23	0	0.11
72286893138	2008	12	16	0	0	0.04
72286893138	2008	12	16	1	0	0.03
72286893138	2008	12	16	3	0	0.01
72286893138	2008	12	16	5	0	0.01
72286893138	2008	12	16	7	0	0.01
72286893138	2008	12	17	9	0	0.02
72286893138	2008	12	17	10	0	0.02
72286893138	2008	12	17	11	0	0.06
72286893138	2008	12	17	12	0	0.04
72286893138	2008	12	17	13	0	0.07
72286893138	2008	12	17	14	0	0.04
72286893138	2008	12	17	15	0	0.03
72286893138	2008	12	17	16	0	0.12
72286893138	2008	12	17	17	0	0.16
72286893138	2008	12	17	18	0	0.18
72286893138	2008	12	17	19	0	0.15
72286893138	2008	12	17	20	0	0.15
72286893138	2008	12	17	21	0	0.14
72286893138	2008	12	17	22	0	0.14
72286893138	2008	12	17	23	0	0.14
72286893138	2008	12	18	0	0	0.05
72286893138	2008	12	18	1	0	0.02
72286893138	2008	12	18	2	0	0.01
72286893138	2008	12	18	3	0	0.01
72286893138	2008	12	18	4	0	0.01
72286893138	2008	12	18	5	0	0.01
72286893138	2008	12	18	6	0	0.03
72286893138	2008	12	18	7	0	0.02
72286893138	2008	12	18	8	0	0.02
72286893138	2008	12	18	9	0	0.02
72286893138	2008	12	18	10	0	0.01
72286893138	2009	2	6	2	0	0.01
72286893138	2009	2	7	11	0	0.013
72286893138	2009	2	7	12	0	0.01
72286893138	2009	2	7	13	0	0.02
72286893138	2009	2	7	14	0	0.01
72286893138	2009	2	7	21	0	0.01
72286893138	2009	2	9	13	0	0.03
72286893138	2009	2	9	14	0	0.05
72286893138	2009	2	9	15	0	0.12
72286893138	2009	2	9	16	0	0.05
72286893138	2009	2	9	17	0	0.02
72286893138	2009	2	9	18	0	0.04
72286893138	2009	2	9	19	0	0.01
72286893138	2009	2	9	20	0	0.13
72286893138	2009	2	9	21	0	0.08
72286893138	2009	2	9	22	0	0.06
72286893138	2009	2	9	23	0	0.01
72286893138	2009	2	10	1	0	0.02
72286893138	2009	2	16	17	0	0.02
72286893138	2009	2	16	18	0	0.09
72286893138	2009	2	16	19	0	0.06
72286893138	2009	2	16	20	0	0.06
72286893138	2009	2	16	21	0	0.04
72286893138	2009	2	16	22	0	0.03
72286893138	2009	2	16	23	0	0.02
72286893138	2009	2	17	0	0	0.02
72286893138	2009	11	28	16	0	0.02
72286893138	2009	11	28	17	0	0.03
72286893138	2009	12	7	16	0	0.01
72286893138	2009	12	7	17	0	0.05
72286893138	2009	12	7	18	0	0.05
72286893138	2009	12	7	19	0	0.05
72286893138	2009	12	7	20	0	0.06
72286893138	2009	12	7	21	0	0.17
72286893138	2009	12	7	22	0	0.26
72286893138	2009	12	7	23	0	0.21
72286893138	2009	12	8	0	0	0.17
72286893138	2009	12	8	1	0	0.06
72286893138	2009	12	8	2	0	0.02
72286893138	2009	12	8	3	0	0.01
72286893138	2009	12	13	2	0	0.02
72286893138	2009	12	13	4	0	0.01
72286893138	2009	12	13	6	0	0.04
72286893138	2009	12	13	7	0	0.03
72286893138	2009	12	13	8	0	0.03
72286893138	2009	12	22	22	0	0.01
72286893138	2010	1	18	5	0	0.01
72286893138	2010	1	18	7	0	0.01
72286893138	2010	1	18	18	0	0.01
72286893138	2010	1	18	22	0	0.24
72286893138	2010	1	18	23	0	0.34
72286893138	2010	1	19	0	0	0.28
72286893138	2010	1	19	1	0	0.08
72286893138	2010	1	19	8	0	0.01
72286893138	2010	1	19	21	0	0.13
72286893138	2010	1	19	22	0	0.26
72286893138	2010	1	19	23	0	0.05
72286893138	2010	1	20	0	0	0.02
72286893138	2010	1	21	0	0	0.06
72286893138	2010	1	21	1	0	0.14
72286893138	2010	1	21	2	0	0.26
72286893138	2010	1	21	3	0	0.23
72286893138	2010	1	21	4	0	0.05
72286893138	2010	1	21	9	0	0.02
72286893138	2010	1	21	10	0	0.03
72286893138	2010	1	21	11	0	0.13
72286893138	2010	1	21	12	0	0.06
72286893138	2010	1	21	13	0	0.08
72286893138	2010	1	21	14	0	0.15
72286893138	2010	1	21	15	0	0.11
72286893138	2010	1	21	16	0	0.05
72286893138	2010	1	21	17	0	0.2
72286893138	2010	1	21	18	0	0.15
72286893138	2010	1	21	19	0	0.2
72286893138	2010	1	21	20	0	0.24
72286893138	2010	1	21	21	0	0.1
72286893138	2010	1	21	22	0	0.04
72286893138	2010	1	21	23	0	0.02
72286893138	2010	1	22	0	0	0.01
72286893138	2010	1	22	2	0	0.01
72286893138	2010	1	22	3	0	0.03
72286893138	2010	1	22	4	0	0.06
72286893138	2010	1	22	8	0	0.02
72286893138	2010	1	22	10	0	0.03
72286893138	2010	1	22	11	0	0.09
72286893138	2010	1	22	12	0	0.11
72286893138	2010	1	22	13	0	0.02
72286893138	2010	1	22	15	0	0.02
72286893138	2010	1	22	18	0	0.07
72286893138	2010	1	22	19	0	0.05
72286893138	2010	1	22	21	0	0.05
72286893138	2010	1	22	22	0	0.03
72286893138	2010	1	22	23	0	0.07
72286893138	2010	1	23	0	0	0.03
72286893138	2010	1	23	1	0	0.03
72286893138	2010	1	23	2	0	0.01
72286893138	2010	1	23	3	0	0.01
72286893138	2010	2	6	13	0	0.06
72286893138	2010	2	6	14	0	0.05
72286893138	2010	2	6	15	0	0.02
72286893138	2010	2	6	16	0	0.03
72286893138	2010	2	6	17	0	0.04
72286893138	2010	2	6	19	0	0.03
72286893138	2010	2	6	20	0	0.09
72286893138	2010	2	6	21	0	0.04
72286893138	2010	2	6	22	0	0.01
72286893138	2010	2	7	2	0	0.017
72286893138	2010	2	7	3	0	0.04
72286893138	2010	2	7	5	0	0.01
72286893138	2010	2	9	23	0	0.04
72286893138	2010	2	10	1	0	0.01
72286893138	2010	2	10	3	0	0.04
72286893138	2010	2	10	4	0	0.07
72286893138	2010	2	10	8	0	0.02
72286893138	2010	2	27	15	0	0.01
72286893138	2010	2	27	17	0	0.03
72286893138	2010	2	27	18	0	0.02
72286893138	2010	2	27	20	0	0.01
72286893138	2010	2	27	22	0	0.01
72286893138	2010	2	28	3	0	0.01
72286893138	2010	4	12	13	0	0.02
72286893138	2010	4	12	14	0	0.06
72286893138	2010	9	7	17	0	0.01
72286893138	2010	9	30	17	0	0.02
72286893138	2010	10	1	5	0	0.08
72286893138	2010	10	2	13	0	0.01
72286893138	2010	10	19	13	0	0.01
72286893138	2010	10	19	15	0	0.03
72286893138	2010	10	19	16	0	0.08
72286893138	2010	10	19	18	0	0.01
72286893138	2010	10	19	19	0	0.03
72286893138	2010	10	19	20	0	0.07
72286893138	2010	10	19	21	0	0.11
72286893138	2010	10	19	23	0	0.03
72286893138	2010	10	20	1	0	0.01
72286893138	2010	10	20	7	0	0.01
72286893138	2010	10	29	16	0	0.08
72286893138	2010	11	21	0	0	0.03
72286893138	2010	11	21	1	0	0.01
72286893138	2010	12	19	16	0	0.01
72286893138	2010	12	19	17	0	0.01
72286893138	2010	12	19	19	0	0.01
72286893138	2010	12	19	20	0	0.01
72286893138	2010	12	19	22	0	0.01
72286893138	2010	12	20	3	0	0.01
72286893138	2010	12	20	5	0	0.02
72286893138	2010	12	20	6	0	0.07
72286893138	2010	12	20	7	0	0.04
72286893138	2010	12	20	8	0	0.02
72286893138	2010	12	20	9	0	0.04
72286893138	2010	12	20	10	0	0.01
72286893138	2010	12	20	11	0	0.03
72286893138	2010	12	20	12	0	0.02
72286893138	2010	12	20	13	0	0.01
72286893138	2010	12	20	14	0	0.01
72286893138	2010	12	20	16	0	0.01
72286893138	2010	12	20	19	0	0.02
72286893138	2010	12	20	22	0	0.02
72286893138	2010	12	20	23	0	0.02
72286893138	2010	12	21	0	0	0.04
72286893138	2010	12	21	1	0	0.03
72286893138	2010	12	21	2	0	0.02
72286893138	2010	12	21	4	0	0.01
72286893138	2010	12	21	5	0	0.05
72286893138	2010	12	21	6	0	0.03
72286893138	2010	12	21	7	0	0.03
72286893138	2010	12	21	8	0	0.01
72286893138	2010	12	21	9	0	0.01
72286893138	2010	12	21	10	0	0.02
72286893138	2010	12	21	11	0	0.01
72286893138	2010	12	21	12	0	0.01
72286893138	2010	12	21	13	0	0.01
72286893138	2010	12	21	14	0	0.02
72286893138	2010	12	21	16	0	0.03
72286893138	2010	12	21	17	0	0.01
72286893138	2010	12	21	18	0	0.01
72286893138	2010	12	21	19	0	0.02
72286893138	2010	12	21	20	0	0.02
72286893138	2010	12	21	21	0	0.02
72286893138	2010	12	21	22	0	0.02
72286893138	2010	12	21	23	0	0.02
72286893138	2010	12	22	0	0	0.02
72286893138	2010	12	22	1	0	0.08
72286893138	2010	12	22	2	0	0.08
72286893138	2010	12	22	3	0	0.03
72286893138	2010	12	22	4	0	0.04
72286893138	2010	12	22	5	0	0.04
72286893138	2010	12	22	6	0	0.08
72286893138	2010	12	22	7	0	0.14
72286893138	2010	12	22	8	0	0.24
72286893138	2010	12	22	9	0	0.3
72286893138	2010	12	22	10	0	0.4
72286893138	2010	12	22	11	0	0.36
72286893138	2010	12	22	12	0	0.2
72286893138	2010	12	22	13	0	0.07
72286893138	2010	12	22	14	0	0.21
72286893138	2010	12	22	15	0	0.06
72286893138	2010	12	22	17	0	0.04
72286893138	2010	12	22	18	0	0.07
72286893138	2010	12	22	19	0	0.11
72286893138	2010	12	22	22	0	0.01
72286893138	2010	12	22	23	0	0.04
72286893138	2010	12	23	0	0	0.11
72286893138	2010	12	23	1	0	0.02
72286893138	2010	12	26	8	0	0.01
72286893138	2010	12	26	14	0	0.01
72286893138	2010	12	29	20	0	0.011
72286893138	2010	12	29	21	0	0.06
72286893138	2011	1	3	3	0	0.01
72286893138	2011	2	19	0	0	0.04
72286893138	2011	2	19	1	0	0.09
72286893138	2011	2	19	2	0	0.08
72286893138	2011	2	19	3	0	0.01
72286893138	2011	2	19	4	0	0.06
72286893138	2011	2	19	5	0	0.1
72286893138	2011	2	19	6	0	0.1
72286893138	2011	2	19	7	0	0.12
72286893138	2011	2	19	8	0	0.08
72286893138	2011	2	19	9	0	0.02
72286893138	2011	2	19	10	0	0.08
72286893138	2011	2	19	11	0	0.02
72286893138	2011	2	19	12	0	0.02
72286893138	2011	2	19	13	0	0.05
72286893138	2011	2	19	16	0	0.01
72286893138	2011	2	20	2	0	0.02
72286893138	2011	2	20	3	0	0.03
72286893138	2011	2	20	4	0	0.04
72286893138	2011	2	20	5	0	0.03
72286893138	2011	2	20	6	0	0.19
72286893138	2011	2	20	7	0	0.03
72286893138	2011	2	20	9	0	0.01
72286893138	2011	2	26	12	0	0.04
72286893138	2011	2	26	14	0	0.02
72286893138	2011	2	26	15	0	0.01
72286893138	2011	2	26	16	0	0.02
72286893138	2011	2	26	17	0	0.01
72286893138	2011	3	21	8	0	0.03
72286893138	2011	3	21	9	0	0.04
72286893138	2011	3	21	21	0	0.01
72286893138	2011	3	21	22	0	0.05
72286893138	2011	5	6	18	0	0.02
72286893138	2011	6	16	16	0	0.06
72286893138	2011	7	30	8	0	0.01
72286893138	2011	7	31	11	0	0.009
72286893138	2011	7	31	12	0	0.1
72286893138	2011	7	31	16	0	0.02
72286893138	2011	7	31	17	0	0.01
72286893138	2011	7	31	18	0	0.08
72286893138	2011	9	6	0	0	0.01
72286893138	2011	9	6	3	0	0.01
72286893138	2011	9	6	5	0	0.01
72286893138	2011	9	13	11	0	0.02
72286893138	2011	9	13	12	0	0.04
72286893138	2011	9	13	14	0	0.01
72286893138	2011	9	13	15	0	0.01
72286893138	2011	9	13	16	0	0.35
72286893138	2011	9	13	17	0	0.05
72286893138	2011	9	13	23	0	0.01
72286893138	2011	9	14	0	0	0.05
72286893138	2011	11	4	18	0	0.01
72286893138	2011	11	6	22	0	0.02
72286893138	2011	11	7	5	0	0.11
72286893138	2011	11	12	13	0	0.01
72286893138	2011	11	12	14	0	0.01
72286893138	2011	11	12	15	0	0.01
72286893138	2011	11	12	16	0	0.03
72286893138	2011	11	12	18	0	0.02
72286893138	2011	11	12	20	0	0.06
72286893138	2011	11	12	22	0	0.01
72286893138	2011	11	12	23	0	0.01
72286893138	2011	11	13	0	0	0.03
72286893138	2011	11	13	1	0	0.04
72286893138	2011	11	13	2	0	0.02
72286893138	2011	11	21	4	0	0.01
72286893138	2011	11	21	5	0	0.01
72286893138	2011	11	21	6	0	0.01
72286893138	2011	12	12	20	0	0.01
72286893138	2011	12	12	21	0	0.02
72286893138	2011	12	12	22	0	0.07
72286893138	2011	12	12	23	0	0.01
72286893138	2011	12	17	17	0	0.02
72286893138	2011	12	18	1	0	0.01
72286893138	2012	1	23	22	0	0.01
72286893138	2012	1	23	23	0	0.02
72286893138	2012	2	16	0	0	0.04
72286893138	2012	2	16	1	0	0.1
72286893138	2012	2	16	2	0	0.08
72286893138	2012	2	16	3	0	0.09
72286893138	2012	2	16	4	0	0.07
72286893138	2012	3	17	20	0	0.01
72286893138	2012	3	17	21	0	0.04
72286893138	2012	3	17	22	0	0.01
72286893138	2012	3	17	23	0	0.01
72286893138	2012	3	18	6	0	0.01
72286893138	2012	3	18	19	0	0.09
72286893138	2012	3	18	20	0	0.01
72286893138	2012	4	11	15	0	0.01
72286893138	2012	4	11	20	0	0.01
72286893138	2012	4	13	22	0	0.01
72286893138	2012	4	13	23	0	0.03
72286893138	2012	4	14	1	0	0.03
72286893138	2012	4	14	3	0	0.01
72286893138	2012	4	26	9	0	0.07
72286893138	2012	4	26	10	0	0.01
72286893138	2012	4	26	11	0	0.02
72286893138	2012	7	31	21	0	0.19
72286893138	2012	7	31	22	0	0.13
72286893138	2012	8	22	18	0	0.03
72286893138	2012	8	30	21	0	0.56
72286893138	2012	8	30	22	0	0.04
72286893138	2012	9	10	4	0	0.01
72286893138	2012	12	13	14	0	0.01
72286893138	2012	12	13	15	0	0.03
72286893138	2012	12	13	18	0	0.04
72286893138	2012	12	13	19	0	0.03
72286893138	2012	12	13	20	0	0.02
72286893138	2012	12	14	0	0	0.01
72286893138	2012	12	14	1	0	0.01
72286893138	2012	12	17	19	0	0.02
72286893138	2012	12	18	22	0	0.03
72286893138	2012	12	18	23	0	0.01
72286893138	2013	1	25	7	0	0.01
72286893138	2013	1	25	8	0	0.02
72286893138	2013	1	25	12	0	0.01
72286893138	2013	1	25	13	0	0.01
72286893138	2013	1	25	17	0	0.08
72286893138	2013	1	25	18	0	0.04
72286893138	2013	1	25	19	0	0.02
72286893138	2013	1	25	20	0	0.01
72286893138	2013	1	25	21	0	0.01
72286893138	2013	1	25	22	0	0.01
72286893138	2013	1	25	23	0	0.03
72286893138	2013	1	26	0	0	0.01
72286893138	2013	1	26	1	0	0.01
72286893138	2013	1	26	2	0	0.06
72286893138	2013	1	26	3	0	0.04
72286893138	2013	1	26	4	0	0.03
72286893138	2013	1	26	5	0	0.04
72286893138	2013	1	26	6	0	0.02
72286893138	2013	1	26	7	0	0.06
72286893138	2013	1	26	8	0	0.04
72286893138	2013	1	26	9	0	0.02
72286893138	2013	1	26	10	0	0.02
72286893138	2013	1	26	18	0	0.01
72286893138	2013	2	8	21	0	0.01
72286893138	2013	2	8	23	0	0.01
72286893138	2013	2	9	1	0	0.01
72286893138	2013	2	20	7	0	0.02
72286893138	2013	2	20	8	0	0.22
72286893138	2013	2	20	9	0	0.03
72286893138	2013	2	20	10	0	0.02
72286893138	2013	3	8	13	0	0.03
72286893138	2013	3	8	21	0	0.01
72286893138	2013	7	21	10	0	0.8
72286893138	2013	7	21	11	0	0.03
72286893138	2013	7	26	19	0	0.1
72286893138	2013	8	24	21	0	0.01
72286893138	2013	8	25	21	0	0.05
72286893138	2013	8	25	22	0	0.01
72286893138	2013	8	26	17	0	0.01
72286893138	2013	8	26	18	0	0.03
72286893138	2013	8	26	23	0	0.002
72286893138	2013	9	3	21	0	0.01
72286893138	2013	9	7	19	0	0.001
72286893138	2013	9	7	20	0	0.005
72286893138	2013	9	7	21	0	0.001
72286893138	2013	9	7	23	0	0.001
72286893138	2013	9	9	23	0	0.02
72286893138	2013	10	10	0	0	0.01
72286893138	2013	10	10	1	0	0.02
72286893138	2013	10	10	2	0	0.01
72286893138	2013	10	10	3	0	0.03
72286893138	2013	11	22	21	0	0.04
72286893138	2013	11	22	22	0	0.02
72286893138	2013	11	23	0	0	0.03
72286893138	2013	11	23	1	0	0.01
72286893138	2013	11	30	2	0	0.005
72286893138	2014	2	6	15	0	0.001
72286893138	2014	2	6	20	0	0.002
72286893138	2014	2	28	12	0	0.01
72286893138	2014	2	28	13	0	0.01
72286893138	2014	2	28	14	0	0.02
72286893138	2014	2	28	15	0	0.02
72286893138	2014	2	28	16	0	0.05
72286893138	2014	2	28	17	0	0.05
72286893138	2014	2	28	18	0	0.05
72286893138	2014	2	28	19	0	0.03
72286893138	2014	2	28	20	0	0.05
72286893138	2014	2	28	21	0	0.08
72286893138	2014	3	1	0	0	0.02
72286893138	2014	3	1	1	0	0.02
72286893138	2014	3	1	2	0	0.01
72286893138	2014	3	1	8	0	0.02
72286893138	2014	3	1	9	0	0.11
72286893138	2014	3	1	10	0	0.03
72286893138	2014	3	1	12	0	0.01
72286893138	2014	3	1	20	0	0.02
72286893138	2014	4	26	8	0	0.01
72286893138	2014	4	26	9	0	0.04
72286893138	2014	7	25	20	0	0.01
72286893138	2014	7	25	21	0	0.22
72286893138	2014	7	25	22	0	0.04
72286893138	2014	8	2	20	0	0.03
72286893138	2014	8	3	1	0	0.01
72286893138	2014	8	3	7	0	0.03
72286893138	2014	8	3	21	0	0.43
72286893138	2014	8	3	22	0	0.35
72286893138	2014	8	3	23	0	0.03
72286893138	2014	9	7	19	0	0.04
72286893138	2014	11	21	11	0	0.01
72286893138	2014	11	21	12	0	0.04
72286893138	2014	11	21	13	0	0.02
72286893138	2014	12	2	20	0	0.048
72286893138	2014	12	2	21	0	0.04
72286893138	2014	12	2	22	0	0.01
72286893138	2014	12	2	23	0	0.03
72286893138	2014	12	3	0	0	0.01
72286893138	2014	12	3	1	0	0.09
72286893138	2014	12	3	2	0	0.04
72286893138	2014	12	3	3	0	0.01
72286893138	2014	12	3	5	0	0.02
72286893138	2014	12	3	6	0	0.01
72286893138	2014	12	3	7	0	0.02
72286893138	2014	12	3	9	0	0.01
72286893138	2014	12	3	10	0	0.01
72286893138	2014	12	3	13	0	0.01
72286893138	2014	12	4	1	0	0.04
72286893138	2014	12	4	7	0	0.01
72286893138	2014	12	4	8	0	0.01
72286893138	2014	12	4	11	0	0.02
72286893138	2014	12	4	12	0	0.01
72286893138	2014	12	4	15	0	0.01
72286893138	2014	12	12	16	0	0.06
72286893138	2014	12	12	17	0	0.01
72286893138	2014	12	12	19	0	0.02
72286893138	2014	12	12	20	0	0.03
72286893138	2014	12	13	8	0	0.02
72286893138	2014	12	16	22	0	0.02
72286893138	2014	12	17	11	0	0.01
72286893138	2014	12	17	12	0	0.01
72286893138	2014	12	17	14	0	0.09
72286893138	2014	12	17	15	0	0.01
72286893138	2014	12	30	23	0	0.01
72286893138	2014	12	31	2	0	0.004
72286893138	2014	12	31	4	0	0.01
72286893138	2014	12	31	5	0	0.02
72286893138	2014	12	31	6	0	0.01
72286893138	2015	1	26	23	0	0.002
72286893138	2015	1	27	0	0	0.03
72286893138	2015	1	27	3	0	0.02
72286893138	2015	1	30	11	0	0.01
72286893138	2015	1	30	13	0	0.03
72286893138	2015	1	30	14	0	0.02
72286893138	2015	1	30	15	0	0.01
72286893138	2015	1	30	17	0	0.01
72286893138	2015	1	30	18	0	0.01
72286893138	2015	1	30	22	0	0.01
72286893138	2015	2	23	4	0	0.01
72286893138	2015	2	23	6	0	0.01
72286893138	2015	2	23	7	0	0.09
72286893138	2015	2	23	8	0	0.04
72286893138	2015	2	23	9	0	0.01
72286893138	2015	2	23	11	0	0.01
72286893138	2015	3	1	14	0	0.02
72286893138	2015	3	1	15	0	0.06
72286893138	2015	3	1	16	0	0.03
72286893138	2015	3	1	17	0	0.03
72286893138	2015	3	1	18	0	0.06
72286893138	2015	3	1	19	0	0.04
72286893138	2015	3	1	20	0	0.04
72286893138	2015	3	1	21	0	0.04
72286893138	2015	3	1	22	0	0.01
72286893138	2015	3	1	23	0	0.05
72286893138	2015	3	2	0	0	0.04
72286893138	2015	3	2	1	0	0.03
72286893138	2015	3	2	2	0	0.01
72286893138	2015	3	2	3	0	0.02
72286893138	2015	3	2	4	0	0.04
72286893138	2015	3	2	8	0	0.01
72286893138	2015	3	2	21	0	0.3
72286893138	2015	5	15	3	0	0.02
72286893138	2015	5	15	18	0	0.02
72286893138	2015	5	15	19	0	0.05
72286893138	2015	5	15	20	0	0.03
72286893138	2015	7	18	16	0	0.08
72286893138	2015	7	18	17	0	0.02
72286893138	2015	7	18	18	0	0.03
72286893138	2015	7	18	20	0	0.01
72286893138	2015	7	18	22	0	0.01
72286893138	2015	7	18	23	0	0.11
72286893138	2015	7	19	0	0	0.05
72286893138	2015	7	19	1	0	0.01
72286893138	2015	7	19	2	0	0.01
72286893138	2015	7	20	0	0	0.01
72286893138	2015	7	20	2	0	0.01
72286893138	2015	7	20	3	0	0.03
72286893138	2015	7	20	4	0	0.03
72286893138	2015	7	20	5	0	0.01
72286893138	2015	7	20	8	0	0.01
72286893138	2015	7	20	9	0	0.004
72286893138	2015	9	15	18	0	0.03
72286893138	2015	9	15	19	0	0.1
72286893138	2015	9	15	20	0	0.01
72286893138	2015	10	15	17	0	0.01
72286893138	2015	10	15	19	0	0.01
72286893138	2015	10	16	0	0	0.05
72286893138	2015	10	16	1	0	0.02
72286893138	2015	10	16	2	0	0.04
72286893138	2015	10	17	6	0	0.02
72286893138	2015	12	12	1	0	0.02
72286893138	2015	12	20	6	0	0.02
72286893138	2016	1	5	19	0	0.05
72286893138	2016	1	5	20	0	0.06
72286893138	2016	1	5	21	0	0.07
72286893138	2016	1	5	22	0	0.13
72286893138	2016	1	5	23	0	0.23
72286893138	2016	1	6	0	0	0.27
72286893138	2016	1	6	1	0	0.09
72286893138	2016	1	6	2	0	0.06
72286893138	2016	1	6	3	0	0.01
72286893138	2016	1	6	22	0	0.12
72286893138	2016	1	6	23	0	0.18
72286893138	2016	1	7	0	0	0.08
72286893138	2016	1	7	1	0	0.04
72286893138	2016	1	7	2	0	0.07
72286893138	2016	1	7	3	0	0.01
72286893138	2016	1	7	4	0	0.03
72286893138	2016	1	7	5	0	0.05
72286893138	2016	1	7	6	0	0.2
72286893138	2016	1	7	7	0	0.14
72286893138	2016	1	7	8	0	0.03
72286893138	2016	1	7	9	0	0.04
72286893138	2016	1	7	10	0	0.07
72286893138	2016	1	7	11	0	0.06
72286893138	2016	1	7	12	0	0.02
72286893138	2016	1	7	13	0	0.01
72286893138	2016	1	31	19	0	0.01
72286893138	2016	1	31	20	0	0.01
72286893138	2016	1	31	21	0	0.02
72286893138	2016	1	31	22	0	0.04
72286893138	2016	1	31	23	0	0.04
72286893138	2016	2	1	0	0	0.01
72286893138	2016	2	1	2	0	0.01
72286893138	2016	3	12	1	0	0.01
72286893138	2016	3	12	2	0	0.01
72286893138	2016	4	8	10	0	0.04
72286893138	2016	4	8	11	0	0.03
72286893138	2016	4	8	12	0	0.01
72286893138	2016	4	8	19	0	0.03
72286893138	2016	4	12	8	0	0.002
72286893138	2016	4	12	11	0	0.002
72286893138	2016	4	12	14	0	0.001
72286893138	2016	4	12	15	0	0.001
72286893138	2016	4	26	2	0	0.03
72286893138	2016	5	18	0	0	0.02
72286893138	2016	9	20	17	0	0.04
72286893138	2016	9	20	18	0	0.04
72286893138	2016	9	20	19	0	0.11
72286893138	2016	9	20	20	0	0.11
72286893138	2016	9	20	21	0	0.08
72286893138	2016	9	20	22	0	0.02
72286893138	2016	9	20	23	0	0.02
72286893138	2016	9	21	0	0	0.11
72286893138	2016	9	21	1	0	0.06
72286893138	2016	9	21	2	0	0.05
72286893138	2016	9	21	3	0	0.01
72286893138	2016	9	21	12	0	0.02
72286893138	2016	9	21	13	0	0.03
72286893138	2016	9	21	14	0	0.11
72286893138	2016	9	21	15	0	0.02
72286893138	2016	9	21	16	0	0.01
72286893138	2016	9	21	21	0	0.06
72286893138	2016	9	21	22	0	0.02
72286893138	2016	10	24	19	0	0.05
72286893138	2016	10	24	21	0	0.02
72286893138	2016	10	25	1	0	0.01
72286893138	2016	10	25	2	0	0.01
72286893138	2016	11	21	9	0	0.01
72286893138	2016	11	21	10	0	0.03
72286893138	2016	11	21	11	0	0.02
72286893138	2016	11	21	12	0	0.03
72286893138	2016	11	21	13	0	0.05
72286893138	2016	11	27	4	0	0.06
72286893138	2016	12	16	8	0	0.056
72286893138	2016	12	16	10	0	0.01
72286893138	2016	12	16	15	0	0.01
72286893138	2016	12	16	20	0	0.03
72286893138	2016	12	16	22	0	0.01
72286893138	2016	12	21	20	0	0.01
72286893138	2016	12	22	3	0	0.07
72286893138	2016	12	22	4	0	0.28
72286893138	2016	12	22	5	0	0.11
72286893138	2016	12	22	6	0	0.07
72286893138	2016	12	22	7	0	0.01
72286893138	2016	12	22	8	0	0.02
72286893138	2016	12	22	10	0	0.03
72286893138	2016	12	22	11	0	0.08
72286893138	2016	12	22	12	0	0.12
72286893138	2016	12	22	13	0	0.07
72286893138	2016	12	22	14	0	0.03
72286893138	2016	12	22	15	0	0.03
72286893138	2016	12	22	16	0	0.03
72286893138	2016	12	22	17	0	0.02
72286893138	2016	12	22	18	0	0.02
72286893138	2016	12	22	19	0	0.05
72286893138	2016	12	22	20	0	0.03
72286893138	2016	12	22	21	0	0.01
72286893138	2016	12	24	7	0	0.01
72286893138	2016	12	24	9	0	0.02
72286893138	2016	12	24	10	0	0.02
72286893138	2016	12	24	11	0	0.03
72286893138	2016	12	24	12	0	0.03
72286893138	2016	12	30	19	0	0.01
72286893138	2016	12	30	20	0	0.01
72286893138	2017	1	1	3	0	0.16
72286893138	2017	1	1	4	0	0.04
72286893138	2017	1	1	9	0	0.01
72286893138	2017	1	9	15	0	0.03
72286893138	2017	1	9	16	0	0.06
72286893138	2017	1	9	17	0	0.04
72286893138	2017	1	12	23	0	0.015
72286893138	2017	1	13	0	0	0.06
72286893138	2017	1	13	1	0	0.01
72286893138	2017	1	13	9	0	0.02
72286893138	2017	1	13	10	0	0.03
72286893138	2017	1	13	11	0	0.01
72286893138	2017	1	13	12	0	0.01
72286893138	2017	1	13	13	0	0.05
72286893138	2017	1	13	14	0	0.06
72286893138	2017	1	13	15	0	0.04
72286893138	2017	1	13	16	0	0.03
72286893138	2017	1	13	17	0	0.01
72286893138	2017	1	13	19	0	0.02
72286893138	2017	1	13	20	0	0.01
72286893138	2017	1	13	21	0	0.01
72286893138	2017	1	13	22	0	0.05
72286893138	2017	1	13	23	0	0.05
72286893138	2017	1	14	0	0	0.01
72286893138	2017	1	14	1	0	0.01
72286893138	2017	1	14	2	0	0.01
72286893138	2017	1	14	7	0	0.01
72286893138	2017	1	19	13	0	0.01
72286893138	2017	1	19	14	0	0.02
72286893138	2017	1	19	15	0	0.07
72286893138	2017	1	19	16	0	0.09
72286893138	2017	1	19	17	0	0.02
72286893138	2017	1	19	18	0	0.03
72286893138	2017	1	19	19	0	0.02
72286893138	2017	1	20	20	0	0.021
72286893138	2017	1	20	21	0	0.1
72286893138	2017	1	20	22	0	0.16
72286893138	2017	1	20	23	0	0.13
72286893138	2017	1	21	0	0	0.11
72286893138	2017	1	21	1	0	0.07
72286893138	2017	1	21	2	0	0.06
72286893138	2017	1	21	5	0	0.01
72286893138	2017	1	21	7	0	0.01
72286893138	2017	1	21	8	0	0.01
72286893138	2017	1	22	21	0	0.04
72286893138	2017	1	22	22	0	0.12
72286893138	2017	1	22	23	0	0.19
72286893138	2017	1	23	0	0	0.41
72286893138	2017	1	23	1	0	0.3
72286893138	2017	1	23	2	0	0.16
72286893138	2017	1	23	3	0	0.14
72286893138	2017	1	23	4	0	0.15
72286893138	2017	1	23	5	0	0.09
72286893138	2017	1	23	6	0	0.03
72286893138	2017	1	23	7	0	0.01
72286893138	2017	1	23	8	0	0.01
72286893138	2017	1	23	9	0	0.02
72286893138	2017	1	23	10	0	0.06
72286893138	2017	1	23	11	0	0.03
72286893138	2017	1	23	12	0	0.02
72286893138	2017	1	23	15	0	0.01
72286893138	2017	1	23	16	0	0.01
72286893138	2017	1	23	17	0	0.03
72286893138	2017	1	23	18	0	0.01
72286893138	2017	1	23	20	0	0.04
72286893138	2017	1	23	22	0	0.02
72286893138	2017	2	18	3	0	0.04
72286893138	2017	2	18	4	0	0.05
72286893138	2017	2	18	5	0	0.01
72286893138	2017	2	18	6	0	0.02
72286893138	2017	2	18	7	0	0.02
72286893138	2017	2	18	8	0	0.18
72286893138	2017	2	18	9	0	0.03
72286893138	2017	2	18	10	0	0.05
72286893138	2017	2	18	11	0	0.04
72286893138	2017	2	18	12	0	0.01
72286893138	2017	2	18	14	0	0.01
72286893138	2017	2	18	15	0	0.02
72286893138	2017	2	27	18	0	0.03
72286893138	2017	2	27	19	0	0.04
72286893138	2017	2	27	20	0	0.11
72286893138	2017	2	27	21	0	0.02
72286893138	2017	2	27	22	0	0.08
72286893138	2017	2	27	23	0	0.09
72286893138	2017	2	28	0	0	0.13
72286893138	2017	2	28	1	0	0.07
72286893138	2017	2	28	2	0	0.14
72286893138	2017	2	28	3	0	0.09
72286893138	2017	2	28	4	0	0.12
72286893138	2017	2	28	5	0	0.06
72286893138	2017	2	28	6	0	0.19
72286893138	2017	7	24	13	0	0.06
72286893138	2017	8	1	7	0	0.02
72286893138	2017	8	1	8	0	0.01
72286893138	2017	9	9	12	0	0.13
72286893138	2017	9	9	14	0	0.01
72286893138	2017	9	9	22	0	0.67
72286893138	2017	9	9	23	0	0.38
72286893138	2017	9	10	0	0	0.01
72286893138	2018	1	9	2	0	0.01
72286893138	2018	1	9	7	0	0.04
72286893138	2018	1	9	8	0	0.15
72286893138	2018	1	9	9	0	0.18
72286893138	2018	1	9	10	0	0.31
72286893138	2018	1	9	11	0	0.11
72286893138	2018	1	9	12	0	0.23
72286893138	2018	1	9	13	0	0.15
72286893138	2018	1	9	14	0	0.16
72286893138	2018	1	9	15	0	0.03
72286893138	2018	1	9	16	0	0.01
72286893138	2018	1	9	17	0	0.01
72286893138	2018	1	9	18	0	0.01
72286893138	2018	1	10	0	0	0.01
72286893138	2018	1	10	1	0	0.04
72286893138	2018	1	20	8	0	0.003
72286893138	2018	1	20	12	0	0.001
72286893138	2018	3	11	2	0	0.01
72286893138	2018	3	11	4	0	0.01
72286893138	2018	3	11	5	0	0.03
72286893138	2018	3	11	6	0	0.03
72286893138	2018	3	11	10	0	0.01
72286893138	2018	3	15	11	0	0.02
72286893138	2018	3	15	12	0	0.03
72286893138	2018	3	15	13	0	0.03
72286893138	2018	3	15	14	0	0.01
72286893138	2018	3	23	0	0	0.01
72286893138	2018	3	23	1	0	0.01
72286893138	2018	7	10	4	0	0.02
72286893138	2018	7	10	7	0	0.01
72286893138	2018	7	12	1	0	0.35
72286893138	2018	7	12	2	0	0.71
72286893138	2018	7	12	3	0	0.02
72286893138	2018	10	13	4	0	0.04
72286893138	2018	10	13	5	0	0.22
72286893138	2018	10	13	6	0	0.05
72286893138	2018	10	13	7	0	0.34
72286893138	2018	10	13	8	0	0.1
72286893138	2018	10	13	9	0	0.11
72286893138	2018	10	13	10	0	0.04
72286893138	2018	10	13	11	0	0.01
72286893138	2018	11	29	20	0	0.095
72286893138	2018	11	30	3	0	0.02
72286893138	2018	12	5	22	0	0.01
72286893138	2018	12	5	23	0	0.03
72286893138	2018	12	6	0	0	0.01
72286893138	2018	12	6	1	0	0.01
72286893138	2018	12	6	8	0	0.01
72286893138	2018	12	6	14	0	0.02
72286893138	2018	12	6	15	0	0.06
72286893138	2018	12	6	16	0	0.03
72286893138	2018	12	6	19	0	0.01
72286893138	2018	12	6	23	0	0.03
72286893138	2018	12	7	0	0	0.02
72286893138	2018	12	7	1	0	0.07
72286893138	2018	12	7	2	0	0.06
72286893138	2018	12	7	3	0	0.03
72286893138	2018	12	7	4	0	0.05
72286893138	2018	12	7	6	0	0.02
72286893138	2018	12	7	7	0	0.04
72286893138	2018	12	7	8	0	0.01
72286893138	2018	12	31	18	0	0.01
72286893138	2019	1	6	8	0	0.043
72286893138	2019	1	6	9	0	0.05
72286893138	2019	1	6	14	0	0.076
72286893138	2019	1	12	14	0	0.01
72286893138	2019	1	12	15	0	0.03
72286893138	2019	1	12	22	0	0.01
72286893138	2019	1	12	23	0	0.01
72286893138	2019	1	14	19	0	0.04
72286893138	2019	1	14	20	0	0.07
72286893138	2019	1	14	21	0	0.07
72286893138	2019	1	14	22	0	0.18
72286893138	2019	1	14	23	0	0.09
72286893138	2019	1	15	0	0	0.1
72286893138	2019	1	15	1	0	0.03
72286893138	2019	1	15	2	0	0.06
72286893138	2019	1	15	3	0	0.03
72286893138	2019	1	15	14	0	0.002
72286893138	2019	1	15	15	0	0.04
72286893138	2019	1	15	17	0	0.02
72286893138	2019	1	15	18	0	0.01
72286893138	2019	1	16	1	0	0.03
72286893138	2019	1	16	2	0	0.01
72286893138	2019	1	16	3	0	0.05
72286893138	2019	1	16	4	0	0.03
72286893138	2019	1	16	8	0	0.01
72286893138	2019	1	16	12	0	0.01
72286893138	2019	1	16	13	0	0.01
72286893138	2019	1	17	15	0	0.01
72286893138	2019	1	17	16	0	0.01
72286893138	2019	1	17	17	0	0.02
72286893138	2019	1	17	18	0	0.01
72286893138	2019	1	17	19	0	0.01
72286893138	2019	1	17	20	0	0.01
72286893138	2019	1	17	21	0	0.02
72286893138	2019	2	1	0	0	0.05
72286893138	2019	2	1	1	0	0.13
72286893138	2019	2	1	2	0	0.01
72286893138	2019	2	2	8	0	0.003
72286893138	2019	2	2	9	0	0.02
72286893138	2019	2	2	10	0	0.02
72286893138	2019	2	2	11	0	0.01
72286893138	2019	2	2	12	0	0.03
72286893138	2019	2	2	13	0	0.01
72286893138	2019	2	2	14	0	0.01
72286893138	2019	2	2	16	0	0.01
72286893138	2019	2	2	17	0	0.01
72286893138	2019	2	2	19	0	0.02
72286893138	2019	2	2	21	0	0.04
72286893138	2019	2	2	22	0	0.04
72286893138	2019	2	2	23	0	0.02
72286893138	2019	2	3	0	0	0.04
72286893138	2019	2	3	1	0	0.03
72286893138	2019	2	3	2	0	0.09
72286893138	2019	2	14	6	0	0.01
72286893138	2019	2	14	9	0	0.08
72286893138	2019	2	14	10	0	0.15
72286893138	2019	2	14	11	0	0.16
72286893138	2019	2	14	12	0	0.32
72286893138	2019	2	14	13	0	0.3
72286893138	2019	2	14	14	0	0.28
72286893138	2019	2	14	15	0	0.4
72286893138	2019	2	14	16	0	0.35
72286893138	2019	2	14	17	0	0.48
72286893138	2019	2	14	18	0	0.19
72286893138	2019	2	14	19	0	0.26
72286893138	2019	2	14	20	0	0.26
72286893138	2019	2	14	21	0	0.25
72286893138	2019	2	14	22	0	0.11
72286893138	2019	2	14	23	0	0.08
72286893138	2019	2	15	0	0	0.02
72286893138	2019	2	18	1	0	0.02
72286893138	2019	2	18	3	0	0.01
72286893138	2019	2	18	7	0	0.09
72286893138	2019	2	18	8	0	0.02
72286893138	2019	2	21	8	0	0.01
72286893138	2019	2	21	9	0	0.01
72286893138	2019	2	21	22	0	0.01
72286893138	2019	2	22	0	0	0.09
72286893138	2019	2	22	1	0	0.01
72286893138	2019	3	2	15	0	0.01
72286893138	2019	3	6	9	0	0.01
72286893138	2019	3	6	10	0	0.06
72286893138	2019	3	6	12	0	0.01
72286893138	2019	3	12	3	0	0.01
72286893138	2019	3	12	4	0	0.04
72286893138	2019	3	12	5	0	0.04
72286893138	2019	3	12	6	0	0.04
72286893138	2019	3	12	7	0	0.11
72286893138	2019	3	12	8	0	0.02
72286893138	2019	3	12	9	0	0.01
72286893138	2019	3	12	10	0	0.05
72286893138	2019	3	12	11	0	0.01
72286893138	2019	5	12	1	0	0.01
72286893138	2019	5	22	21	0	0.08
72286893138	2019	5	22	22	0	0.01
72286893138	2019	9	2	9	0	0.69
72286893138	2019	9	2	10	0	0.03
72286893138	2019	9	2	11	0	0.01
72286893138	2019	11	20	0	0	0.01
72286893138	2019	11	20	1	0	0.04
72286893138	2019	11	20	5	0	0.01
72286893138	2019	11	20	6	0	0.02
72286893138	2019	11	21	2	0	0.01
72286893138	2019	11	21	4	0	0.01
72286893138	2019	11	28	19	0	0.08
72286893138	2019	11	28	20	0	0.22
72286893138	2019	11	28	21	0	0.14
72286893138	2019	11	28	22	0	0.03
72286893138	2019	11	28	23	0	0.02
72286893138	2019	11	29	0	0	0.03
72286893138	2019	11	29	5	0	0.05
72286893138	2019	11	29	6	0	0.01
72286893138	2019	11	29	8	0	0.01
72286893138	2019	11	29	9	0	0.05
72286893138	2019	11	29	10	0	0.04
72286893138	2019	11	29	11	0	0.01
72286893138	2019	12	4	5	0	0.002
72286893138	2019	12	4	8	0	0.004
72286893138	2019	12	4	9	0	0.005
72286893138	2019	12	4	12	0	0.003
72286893138	2019	12	4	13	0	0.02
72286893138	2019	12	4	14	0	0.01
72286893138	2019	12	4	15	0	0.02
72286893138	2019	12	4	16	0	0.1
72286893138	2019	12	4	17	0	0.05
72286893138	2019	12	4	18	0	0.08
72286893138	2019	12	4	19	0	0.02
72286893138	2019	12	4	20	0	0.09
72286893138	2019	12	9	4	0	0.02
72286893138	2019	12	23	19	0	0.14
72286893138	2019	12	23	20	0	0.07
72286893138	2019	12	23	21	0	0.02
72286893138	2019	12	23	22	0	0.01
72286893138	2019	12	24	3	0	0.01
72286893138	2019	12	26	9	0	0.03
72286893138	2019	12	26	10	0	0.06
72286893138	2019	12	26	11	0	0.01
72286893138	2019	12	26	12	0	0.03
72286893138	2019	12	26	13	0	0.04
72286893138	2019	12	26	14	0	0.05
72286893138	2019	12	26	15	0	0.05
72286893138	2019	12	26	16	0	0.04
72286893138	2019	12	26	17	0	0.05
72286893138	2019	12	26	18	0	0.13
72286893138	2019	12	26	19	0	0.14
72286893138	2019	12	26	20	0	0.06
72286893138	2019	12	26	21	0	0.02
