72281023199	2005	1	4	0	0	0.004
72281023199	2005	1	4	3	0	0.03
72281023199	2005	1	4	4	0	0.049
72281023199	2005	1	4	5	0	0.01
72281023199	2005	1	4	12	0	0.031
72281023199	2005	1	4	15	0	0.012
72281023199	2005	1	4	17	0	0.15
72281023199	2005	1	4	18	0	0.029
72281023199	2005	1	4	20	0	0.003
72281023199	2005	1	4	21	0	0.003
72281023199	2005	1	7	19	0	0.012
72281023199	2005	1	7	20	0	0.02
72281023199	2005	1	7	21	0	0.08
72281023199	2005	1	7	22	0	0.021
72281023199	2005	1	7	23	0	0.02
72281023199	2005	1	8	0	0	0.021
72281023199	2005	1	8	1	0	0.01
72281023199	2005	1	8	2	0	0.003
72281023199	2005	1	8	3	0	0.003
72281023199	2005	1	8	4	0	0.001
72281023199	2005	1	8	5	0	0.001
72281023199	2005	1	8	6	0	0.001
72281023199	2005	1	8	7	0	0.004
72281023199	2005	1	8	8	0	0.004
72281023199	2005	1	8	9	0	0.004
72281023199	2005	1	8	10	0	0.001
72281023199	2005	1	8	11	0	0.001
72281023199	2005	1	8	12	0	0.001
72281023199	2005	1	9	22	0	0.001
72281023199	2005	1	9	23	0	0.001
72281023199	2005	1	10	0	0	0.001
72281023199	2005	1	10	4	0	0.002
72281023199	2005	1	10	5	0	0.002
72281023199	2005	1	10	6	0	0.002
72281023199	2005	1	10	10	0	0.001
72281023199	2005	1	10	11	0	0.001
72281023199	2005	1	10	12	0	0.001
72281023199	2005	1	10	13	0	0.002
72281023199	2005	1	10	17	0	0.02
72281023199	2005	1	10	18	0	0.003
72281023199	2005	1	25	15	0	0.003
72281023199	2005	1	25	16	0	0.003
72281023199	2005	1	26	7	0	0.001
72281023199	2005	1	26	8	0	0.008
72281023199	2005	1	26	9	0	0.019
72281023199	2005	1	26	10	0	0.028
72281023199	2005	1	26	11	0	0.043
72281023199	2005	1	26	12	0	0.026
72281023199	2005	1	26	13	0	0.039
72281023199	2005	1	26	14	0	0.04
72281023199	2005	1	26	15	0	0.006
72281023199	2005	1	28	17	0	0.001
72281023199	2005	1	28	21	0	0.002
72281023199	2005	1	28	22	0	0.002
72281023199	2005	1	29	3	0	0.001
72281023199	2005	1	29	6	0	0.001
72281023199	2005	1	29	7	0	0.001
72281023199	2005	1	30	8	0	0.002
72281023199	2005	2	10	20	0	0.006
72281023199	2005	2	10	21	0	0.006
72281023199	2005	2	10	23	0	0.003
72281023199	2005	2	11	0	0	0.005
72281023199	2005	2	11	3	0	0.01
72281023199	2005	2	11	4	0	0.013
72281023199	2005	2	11	5	0	0.01
72281023199	2005	2	11	6	0	0.01
72281023199	2005	2	11	7	0	0.033
72281023199	2005	2	11	8	0	0.02
72281023199	2005	2	11	9	0	0.039
72281023199	2005	2	11	10	0	0.053
72281023199	2005	2	11	11	0	0.03
72281023199	2005	2	11	14	0	0.007
72281023199	2005	2	11	15	0	0.11
72281023199	2005	2	11	16	0	0.09
72281023199	2005	2	11	17	0	0.04
72281023199	2005	2	11	18	0	0.027
72281023199	2005	2	11	19	0	0.001
72281023199	2005	2	11	21	0	0.01
72281023199	2005	2	11	22	0	0.01
72281023199	2005	2	11	23	0	0.007
72281023199	2005	2	12	3	0	0.006
72281023199	2005	2	12	7	0	0.001
72281023199	2005	2	18	3	0	0.01
72281023199	2005	2	18	4	0	0.003
72281023199	2005	2	18	13	0	0.021
72281023199	2005	2	18	14	0	0.02
72281023199	2005	2	18	15	0	0.1
72281023199	2005	2	18	16	0	0.086
72281023199	2005	2	18	17	0	0.06
72281023199	2005	2	18	18	0	0.02
72281023199	2005	2	18	19	0	0.008
72281023199	2005	2	19	22	0	0.005
72281023199	2005	2	19	23	0	0.003
72281023199	2005	2	20	0	0	0.007
72281023199	2005	2	20	1	0	0.003
72281023199	2005	2	20	10	0	0.002
72281023199	2005	2	20	12	0	0.005
72281023199	2005	2	20	13	0	0.002
72281023199	2005	2	20	15	0	0.001
72281023199	2005	2	21	3	0	0.002
72281023199	2005	2	21	15	0	0.02
72281023199	2005	2	21	16	0	0.021
72281023199	2005	2	21	17	0	0.018
72281023199	2005	2	21	18	0	0.009
72281023199	2005	2	21	19	0	0.004
72281023199	2005	2	21	21	0	0.002
72281023199	2005	2	21	23	0	0.001
72281023199	2005	2	22	0	0	0.003
72281023199	2005	2	22	1	0	0.001
72281023199	2005	2	22	2	0	0.008
72281023199	2005	2	22	3	0	0.002
72281023199	2005	2	22	20	0	0.003
72281023199	2005	2	23	0	0	0.003
72281023199	2005	2	23	8	0	0.001
72281023199	2005	2	23	9	0	0.001
72281023199	2005	2	23	12	0	0.002
72281023199	2005	2	23	13	0	0.01
72281023199	2005	2	23	14	0	0.02
72281023199	2005	2	23	15	0	0.007
72281023199	2005	2	23	16	0	0.013
72281023199	2005	2	23	17	0	0.004
72281023199	2005	2	23	18	0	0.02
72281023199	2005	2	23	19	0	0.017
72281023199	2005	2	23	20	0	0.004
72281023199	2005	2	23	21	0	0.002
72281023199	2005	2	23	22	0	0.01
72281023199	2005	2	24	0	0	0.04
72281023199	2005	2	24	1	0	0.01
72281023199	2005	2	24	2	0	0.004
72281023199	2005	2	24	7	0	0.003
72281023199	2005	3	5	22	0	0.092
72281023199	2005	3	5	23	0	0.003
72281023199	2005	3	6	3	0	0.016
72281023199	2005	3	6	4	0	0.022
72281023199	2005	3	6	5	0	0.001
72281023199	2005	3	6	6	0	0.001
72281023199	2005	3	6	9	0	0.007
72281023199	2005	3	18	18	0	0.001
72281023199	2005	3	19	1	0	0.001
72281023199	2005	3	19	2	0	0.001
72281023199	2005	3	19	3	0	0.001
72281023199	2005	3	19	7	0	0.001
72281023199	2005	3	19	8	0	0.001
72281023199	2005	3	19	9	0	0.001
72281023199	2005	3	19	10	0	0.001
72281023199	2005	3	19	13	0	0.009
72281023199	2005	3	20	4	0	0.005
72281023199	2005	3	20	5	0	0.005
72281023199	2005	3	20	6	0	0.001
72281023199	2005	7	23	1	0	0.006
72281023199	2005	7	23	2	0	0.006
72281023199	2005	7	23	3	0	0.006
72281023199	2005	7	23	7	0	0.001
72281023199	2005	7	23	8	0	0.001
72281023199	2005	7	23	9	0	0.001
72281023199	2005	7	23	10	0	0.027
72281023199	2005	7	23	11	0	0.027
72281023199	2005	7	23	12	0	0.027
72281023199	2005	7	24	13	0	0.006
72281023199	2005	7	24	14	0	0.012
72281023199	2005	7	25	5	0	0.001
72281023199	2005	8	2	2	0	0.003
72281023199	2005	8	2	3	0	0.004
72281023199	2005	8	2	4	0	0.002
72281023199	2005	8	2	5	0	0.004
72281023199	2005	8	2	6	0	0.001
72281023199	2005	8	3	0	0	0.015
72281023199	2005	8	7	13	0	0.002
72281023199	2005	8	7	14	0	0.003
72281023199	2005	8	7	15	0	0.009
72281023199	2005	8	7	22	0	0.007
72281023199	2005	8	7	23	0	0.018
72281023199	2005	8	8	0	0	0.019
72281023199	2005	8	8	4	0	0.01
72281023199	2005	8	8	6	0	0.433
72281023199	2005	8	8	7	0	0.317
72281023199	2005	8	8	8	0	0.051
72281023199	2005	8	8	9	0	0.063
72281023199	2005	8	8	10	0	0.088
72281023199	2005	8	8	11	0	0.079
72281023199	2005	8	8	12	0	0.2
72281023199	2005	8	8	13	0	0.01
72281023199	2005	8	10	0	0	0.009
72281023199	2005	8	10	1	0	0.034
72281023199	2005	8	10	2	0	0.144
72281023199	2005	8	10	3	0	0.115
72281023199	2005	8	10	4	0	0.045
72281023199	2005	8	10	5	0	0.026
72281023199	2005	8	10	6	0	0.015
72281023199	2005	8	10	7	0	0.004
72281023199	2005	9	20	8	0	0.001
72281023199	2005	9	20	10	0	0.004
72281023199	2005	9	20	11	0	0.013
72281023199	2005	9	20	13	0	0.002
72281023199	2005	9	20	15	0	0.002
72281023199	2005	9	20	16	0	0.001
72281023199	2005	9	26	16	0	0.002
72281023199	2005	10	16	14	0	0.005
72281023199	2005	10	16	15	0	0.009
72281023199	2005	10	16	19	0	0.001
72281023199	2005	10	16	20	0	0.013
72281023199	2005	10	16	21	0	0.023
72281023199	2005	10	16	22	0	0.054
72281023199	2005	10	16	23	0	0.243
72281023199	2005	10	17	0	0	0.21
72281023199	2005	10	17	1	0	0.223
72281023199	2005	10	17	2	0	0.071
72281023199	2005	10	17	3	0	0.001
72281023199	2005	10	17	4	0	0.001
72281023199	2005	10	17	5	0	0.001
72281023199	2005	10	17	6	0	0.005
72281023199	2005	10	17	14	0	0.001
72281023199	2005	10	18	5	0	0.01
72281023199	2005	10	18	6	0	0.013
72281023199	2005	10	18	7	0	0.014
72281023199	2005	10	18	8	0	0.074
72281023199	2005	10	18	9	0	0.005
72281023199	2006	3	11	8	0	0.052
72281023199	2006	3	11	9	0	0.023
72281023199	2006	3	11	12	0	0.095
72281023199	2006	3	11	13	0	0.248
72281023199	2006	3	11	15	0	0.016
72281023199	2006	3	11	17	0	0.01
72281023199	2006	3	11	18	0	0.018
72281023199	2006	3	11	19	0	0.001
72281023199	2006	3	11	22	0	0.03
72281023199	2006	3	11	23	0	0.02
72281023199	2006	5	22	14	0	0.013
72281023199	2006	5	22	15	0	0.007
72281023199	2006	5	22	16	0	0.004
72281023199	2006	5	28	15	0	0.168
72281023199	2006	6	28	10	0	0.002
72281023199	2006	6	28	11	0	0.002
72281023199	2006	6	28	12	0	0.002
72281023199	2006	7	29	9	0	0.003
72281023199	2006	7	29	10	0	0.004
72281023199	2006	9	9	1	0	0.013
72281023199	2006	9	9	2	0	0.01
72281023199	2006	9	9	7	0	0.001
72281023199	2006	10	6	10	0	0.003
72281023199	2006	10	6	11	0	0.023
72281023199	2006	10	20	16	0	0.007
72281023199	2006	10	20	17	0	0.339
72281023199	2007	3	22	18	0	0.11
72281023199	2007	3	23	2	0	0.01
72281023199	2007	8	1	19	0	0.13
72281023199	2007	8	1	20	0	0.03
72281023199	2007	8	1	21	0	0.01
72281023199	2007	8	14	14	0	0.03
72281023199	2007	8	30	8	0	0.01
72281023199	2007	9	21	14	0	0.02
72281023199	2007	9	21	15	0	0.01
72281023199	2007	9	21	16	0	0.02
72281023199	2007	9	21	18	0	0.02
72281023199	2007	9	21	19	0	0.01
72281023199	2007	9	21	21	0	0.05
72281023199	2007	9	21	22	0	0.06
72281023199	2007	9	21	23	0	0.12
72281023199	2007	9	22	0	0	0.07
72281023199	2007	9	22	1	0	0.02
72281023199	2007	9	22	2	0	0.05
72281023199	2007	9	22	3	0	0.03
72281023199	2007	9	22	4	0	0.08
72281023199	2007	9	22	5	0	0.07
72281023199	2007	9	22	6	0	0.01
72281023199	2007	11	12	8	0	0.01
72281023199	2007	11	12	9	0	0.02
72281023199	2007	11	12	10	0	0.04
72281023199	2007	11	12	11	0	0.03
72281023199	2007	11	12	12	0	0.05
72281023199	2007	11	12	13	0	0.06
72281023199	2007	11	12	14	0	0.01
72281023199	2007	11	30	22	0	0.04
72281023199	2007	11	30	23	0	0.11
72281023199	2007	12	1	0	0	0.31
72281023199	2007	12	1	1	0	0.27
72281023199	2007	12	1	2	0	0.17
72281023199	2007	12	1	6	0	0.04
72281023199	2007	12	9	9	0	0.01
72281023199	2007	12	9	10	0	0.02
72281023199	2007	12	21	11	0	0.01
72281023199	2008	1	7	10	0	0.02
72281023199	2008	1	7	12	0	0.01
72281023199	2008	1	27	4	0	0.01
72281023199	2008	1	27	5	0	0.05
72281023199	2008	1	27	6	0	0.04
72281023199	2008	1	27	7	0	0.02
72281023199	2008	1	27	8	0	0.14
72281023199	2008	1	27	9	0	0.04
72281023199	2008	1	27	10	0	0.01
72281023199	2008	1	27	11	0	0.01
72281023199	2008	1	27	13	0	0.01
72281023199	2008	1	27	14	0	0.05
72281023199	2008	1	27	15	0	0.04
72281023199	2008	1	27	16	0	0.01
72281023199	2008	1	27	17	0	0.01
72281023199	2008	1	27	18	0	0.01
72281023199	2008	1	27	19	0	0.01
72281023199	2008	3	13	17	0	0.003
72281023199	2008	3	16	8	0	0.001
72281023199	2008	3	17	0	0	0.039
72281023199	2008	3	17	1	0	0.004
72281023199	2008	3	21	16	0	0.13
72281023199	2008	3	21	17	0	0.01
72281023199	2008	5	16	17	0	0.11
72281023199	2008	8	30	19	0	0.02
72281023199	2008	8	30	20	0	0.01
72281023199	2008	11	26	16	0	0.01
72281023199	2008	11	27	17	0	0.01
72281023199	2008	12	17	13	0	0.068
72281023199	2008	12	17	14	0	0.09
72281023199	2008	12	17	15	0	0.02
72281023199	2008	12	17	16	0	0.08
72281023199	2008	12	17	17	0	0.07
72281023199	2008	12	17	18	0	0.1
72281023199	2008	12	17	19	0	0.04
72281023199	2008	12	17	20	0	0.03
72281023199	2008	12	17	21	0	0.06
72281023199	2008	12	17	22	0	0.07
72281023199	2008	12	17	23	0	0.08
72281023199	2008	12	18	0	0	0.01
72281023199	2008	12	18	2	0	0.02
72281023199	2009	2	7	15	0	0.067
72281023199	2009	2	7	16	0	0.037
72281023199	2009	2	7	17	0	0.001
72281023199	2009	2	7	18	0	0.01
72281023199	2009	2	16	23	0	0.05
72281023199	2009	2	17	0	0	0.02
72281023199	2009	2	17	1	0	0.01
72281023199	2009	3	20	15	0	0.02
72281023199	2009	3	20	16	0	0.07
72281023199	2009	12	7	15	0	0.01
72281023199	2009	12	7	16	0	0.02
72281023199	2009	12	7	17	0	0.02
72281023199	2009	12	7	19	0	0.01
72281023199	2009	12	7	21	0	0.03
72281023199	2009	12	7	22	0	0.07
72281023199	2009	12	7	23	0	0.07
72281023199	2009	12	8	0	0	0.07
72281023199	2009	12	8	1	0	0.01
72281023199	2009	12	17	17	0	0.11
72281023199	2010	1	19	2	0	0.07
72281023199	2010	1	19	3	0	0.04
72281023199	2010	1	19	4	0	0.01
72281023199	2010	1	19	21	0	0.07
72281023199	2010	1	19	22	0	0.14
72281023199	2010	1	19	23	0	0.02
72281023199	2010	1	21	1	0	0.01
72281023199	2010	1	21	2	0	0.01
72281023199	2010	1	21	3	0	0.02
72281023199	2010	1	21	4	0	0.16
72281023199	2010	1	21	5	0	0.13
72281023199	2010	1	21	6	0	0.1
72281023199	2010	1	21	7	0	0.1
72281023199	2010	1	21	8	0	0.1
72281023199	2010	1	21	9	0	0.07
72281023199	2010	1	21	10	0	0.12
72281023199	2010	1	21	11	0	0.06
72281023199	2010	1	21	12	0	0.08
72281023199	2010	1	21	13	0	0.06
72281023199	2010	1	21	14	0	0.15
72281023199	2010	1	21	15	0	0.04
72281023199	2010	1	21	18	0	0.06
72281023199	2010	1	21	19	0	0.04
72281023199	2010	1	21	20	0	0.04
72281023199	2010	1	21	21	0	0.01
72281023199	2010	1	21	22	0	0.16
72281023199	2010	1	22	6	0	0.04
72281023199	2010	1	22	7	0	0.01
72281023199	2010	1	22	9	0	0.01
72281023199	2010	1	22	17	0	0.01
72281023199	2010	1	22	20	0	0.05
72281023199	2010	1	27	12	0	0.01
72281023199	2010	2	6	17	0	0.01
72281023199	2010	2	6	20	0	0.02
72281023199	2010	2	6	21	0	0.08
72281023199	2010	2	6	22	0	0.08
72281023199	2010	2	7	4	0	0.01
72281023199	2010	2	10	5	0	0.01
72281023199	2010	2	10	6	0	0.02
72281023199	2010	2	10	7	0	0.07
72281023199	2010	2	10	8	0	0.12
72281023199	2010	2	10	14	0	0.01
72281023199	2010	2	10	15	0	0.04
72281023199	2010	2	10	16	0	0.02
72281023199	2010	2	10	17	0	0.01
72281023199	2010	2	20	8	0	0.01
72281023199	2010	2	20	9	0	0.02
72281023199	2010	2	20	11	0	0.07
72281023199	2010	2	28	0	0	0.02
72281023199	2010	3	7	12	0	0.04
72281023199	2010	3	7	13	0	0.1
72281023199	2010	3	7	14	0	0.04
72281023199	2010	3	7	15	0	0.08
72281023199	2010	3	7	16	0	0.06
72281023199	2010	3	7	17	0	0.1
72281023199	2010	3	7	18	0	0.06
72281023199	2010	3	7	19	0	0.21
72281023199	2010	3	7	20	0	0.08
72281023199	2010	3	7	21	0	0.01
72281023199	2010	3	7	22	0	0.01
72281023199	2010	3	7	23	0	0.01
72281023199	2010	3	8	1	0	0.02
72281023199	2010	4	1	15	0	0.17
72281023199	2010	4	1	16	0	0.12
72281023199	2010	4	22	23	0	0.01
72281023199	2010	7	11	15	0	0.005
72281023199	2010	7	11	16	0	0.001
72281023199	2010	8	28	0	0	0.07
72281023199	2010	10	2	14	0	0.224
72281023199	2010	10	2	15	0	0.106
72281023199	2010	10	2	16	0	0.182
72281023199	2010	10	2	18	0	0.009
72281023199	2010	10	2	19	0	0.005
72281023199	2010	10	2	20	0	0.012
72281023199	2010	10	2	21	0	0.001
72281023199	2010	10	2	22	0	0.007
72281023199	2010	10	2	23	0	0.001
72281023199	2010	10	3	0	0	0.003
72281023199	2010	10	3	2	0	0.001
72281023199	2010	10	3	3	0	0.001
72281023199	2010	10	3	12	0	0.001
72281023199	2010	10	3	15	0	0.011
72281023199	2010	10	3	16	0	0.002
72281023199	2010	10	3	23	0	0.028
72281023199	2010	10	4	0	0	0.045
72281023199	2010	10	4	1	0	0.048
72281023199	2010	10	4	12	0	0.001
72281023199	2010	10	4	13	0	0.006
72281023199	2010	10	8	15	0	0.04
72281023199	2010	10	15	16	0	0.11
72281023199	2010	10	20	0	0	0.04
72281023199	2010	10	20	1	0	0.01
72281023199	2010	12	16	18	0	0.013
72281023199	2010	12	16	19	0	0.001
72281023199	2010	12	21	20	0	0.02
72281023199	2010	12	21	21	0	0.05
72281023199	2010	12	21	22	0	0.01
72281023199	2010	12	21	23	0	0.01
72281023199	2010	12	22	3	0	0.01
72281023199	2010	12	22	16	0	0.03
72281023199	2010	12	22	17	0	0.03
72281023199	2010	12	22	19	0	0.04
72281023199	2010	12	22	20	0	0.01
72281023199	2010	12	23	0	0	0.03
72281023199	2011	2	4	18	0	0.05
72281023199	2011	2	19	2	0	0.02
72281023199	2011	2	19	3	0	0.01
72281023199	2011	2	19	4	0	0.03
72281023199	2011	2	19	5	0	0.05
72281023199	2011	2	19	6	0	0.04
72281023199	2011	2	19	7	0	0.16
72281023199	2011	2	19	8	0	0.03
72281023199	2011	2	19	9	0	0.02
72281023199	2011	2	19	10	0	0.01
72281023199	2011	2	19	11	0	0.11
72281023199	2011	2	19	12	0	0.08
72281023199	2011	2	19	13	0	0.08
72281023199	2011	2	19	14	0	0.05
72281023199	2011	2	19	15	0	0.03
72281023199	2011	2	19	16	0	0.01
72281023199	2011	3	30	17	0	0.35
72281023199	2011	3	30	18	0	0.25
72281023199	2011	7	31	11	0	0.02
72281023199	2011	7	31	13	0	0.01
72281023199	2011	9	1	15	0	0.25
72281023199	2011	9	1	16	0	0.13
72281023199	2011	9	14	1	0	0.072
72281023199	2011	9	14	2	0	0.002
72281023199	2011	9	14	14	0	0.01
72281023199	2011	10	18	17	0	0.4
72281023199	2011	11	5	0	0	0.001
72281023199	2011	11	5	2	0	0.029
72281023199	2011	11	5	3	0	0.026
72281023199	2011	11	7	1	0	0.001
72281023199	2011	11	7	2	0	0.011
72281023199	2011	11	7	5	0	0.009
72281023199	2011	11	7	13	0	0.001
72281023199	2011	11	7	14	0	0.001
72281023199	2011	11	7	15	0	0.001
72281023199	2011	11	7	16	0	0.001
72281023199	2011	11	8	0	0	0.001
72281023199	2011	11	8	2	0	0.001
72281023199	2011	11	8	5	0	0.001
72281023199	2011	11	13	2	0	0.002
72281023199	2011	11	13	3	0	0.002
72281023199	2011	11	13	4	0	0.007
72281023199	2011	11	21	7	0	0.002
72281023199	2011	11	21	8	0	0.01
72281023199	2011	11	21	9	0	0.015
72281023199	2011	11	21	10	0	0.013
72281023199	2011	11	21	12	0	0.001
72281023199	2011	11	21	13	0	0.018
72281023199	2011	12	1	13	0	0.008
72281023199	2011	12	1	14	0	0.008
72281023199	2011	12	1	15	0	0.008
72281023199	2011	12	1	16	0	0.003
72281023199	2011	12	1	17	0	0.003
72281023199	2011	12	1	18	0	0.003
72281023199	2011	12	2	7	0	0.005
72281023199	2011	12	2	8	0	0.005
72281023199	2011	12	2	9	0	0.005
72281023199	2011	12	12	13	0	0.001
72281023199	2011	12	12	14	0	0.001
72281023199	2011	12	12	15	0	0.001
72281023199	2011	12	12	16	0	0.002
72281023199	2011	12	12	17	0	0.002
72281023199	2011	12	12	18	0	0.002
72281023199	2011	12	12	19	0	0.01
72281023199	2011	12	12	20	0	0.026
72281023199	2011	12	12	21	0	0.026
72281023199	2011	12	12	22	0	0.003
72281023199	2011	12	12	23	0	0.003
72281023199	2011	12	13	0	0	0.003
72281023199	2011	12	13	1	0	0.003
72281023199	2011	12	13	2	0	0.003
72281023199	2011	12	13	3	0	0.003
72281023199	2011	12	13	4	0	0.003
72281023199	2011	12	13	5	0	0.003
72281023199	2011	12	13	6	0	0.003
72281023199	2011	12	13	10	0	0.002
72281023199	2011	12	13	11	0	0.002
72281023199	2011	12	13	12	0	0.002
72281023199	2011	12	13	15	0	0.001
72281023199	2011	12	13	16	0	0.007
72281023199	2011	12	13	17	0	0.02
72281023199	2011	12	13	18	0	0.01
72281023199	2011	12	13	19	0	0.02
72281023199	2011	12	13	20	0	0.02
72281023199	2011	12	13	21	0	0.01
72281023199	2011	12	13	22	0	0.01
72281023199	2011	12	13	23	0	0.009
72281023199	2011	12	14	0	0	0.002
72281023199	2011	12	14	1	0	0.004
72281023199	2011	12	14	2	0	0.002
72281023199	2011	12	14	4	0	0.002
72281023199	2011	12	16	17	0	0.001
72281023199	2011	12	16	20	0	0.001
72281023199	2011	12	16	21	0	0.001
72281023199	2011	12	16	22	0	0.001
72281023199	2011	12	16	23	0	0.001
72281023199	2011	12	17	0	0	0.001
72281023199	2011	12	17	1	0	0.004
72281023199	2011	12	17	2	0	0.002
72281023199	2011	12	17	6	0	0.001
72281023199	2011	12	17	7	0	0.001
72281023199	2011	12	18	14	0	0.003
72281023199	2012	2	6	22	0	2.53
72281023199	2012	2	16	4	0	0.01
72281023199	2012	2	16	5	0	0.01
72281023199	2012	2	16	15	0	0.07
72281023199	2012	3	15	17	0	0.05
72281023199	2012	4	11	16	0	0.01
72281023199	2012	4	26	10	0	0.02
72281023199	2012	4	26	11	0	0.05
72281023199	2012	7	13	22	0	0.017
72281023199	2012	7	13	23	0	0.102
72281023199	2012	7	14	0	0	0.001
72281023199	2012	7	14	1	0	0.002
72281023199	2012	7	14	2	0	0.037
72281023199	2012	7	14	4	0	0.001
72281023199	2012	7	14	5	0	0.004
72281023199	2012	7	25	17	0	0.18
72281023199	2012	7	31	0	0	0.23
72281023199	2012	7	31	1	0	0.33
72281023199	2012	7	31	2	0	0.05
72281023199	2012	7	31	3	0	0.05
72281023199	2012	7	31	4	0	0.02
72281023199	2012	7	31	5	0	0.02
72281023199	2012	7	31	6	0	0.01
72281023199	2012	7	31	7	0	0.02
72281023199	2012	7	31	10	0	0.04
72281023199	2012	7	31	12	0	0.04
72281023199	2012	7	31	13	0	0.02
72281023199	2012	9	18	16	0	0.04
72281023199	2012	12	13	23	0	0.049
72281023199	2012	12	14	0	0	0.084
72281023199	2012	12	14	1	0	0.144
72281023199	2012	12	14	2	0	0.03
72281023199	2012	12	14	3	0	0.005
72281023199	2012	12	14	4	0	0.021
72281023199	2012	12	14	5	0	0.003
72281023199	2012	12	31	0	0	0.02
72281023199	2012	12	31	1	0	0.01
72281023199	2013	1	3	17	0	1.38
72281023199	2013	1	7	8	0	0.03
72281023199	2013	1	7	9	0	0.02
72281023199	2013	1	7	10	0	0.02
72281023199	2013	1	25	20	0	0.01
72281023199	2013	1	25	21	0	0.01
72281023199	2013	1	25	22	0	0.02
72281023199	2013	1	25	23	0	0.02
72281023199	2013	1	26	0	0	0.02
72281023199	2013	1	26	1	0	0.01
72281023199	2013	1	26	2	0	0.06
72281023199	2013	1	26	3	0	0.02
72281023199	2013	1	26	5	0	0.09
72281023199	2013	1	26	6	0	0.08
72281023199	2013	1	26	7	0	0.06
72281023199	2013	1	26	8	0	0.04
72281023199	2013	1	26	9	0	0.02
72281023199	2013	1	26	10	0	0.01
72281023199	2013	1	27	15	0	0.01
72281023199	2013	2	3	13	0	0.01
72281023199	2013	2	21	16	0	0.01
72281023199	2013	2	22	21	0	0.78
72281023199	2013	3	8	11	0	0.02
72281023199	2013	6	4	16	0	0.02
72281023199	2013	6	4	18	0	0.11
72281023199	2013	6	5	16	0	0.58
72281023199	2013	6	5	17	0	0.12
72281023199	2013	6	6	20	0	0.29
72281023199	2013	7	11	15	0	0.003
72281023199	2013	8	23	4	0	0.001
72281023199	2013	8	23	5	0	0.001
72281023199	2013	8	23	6	0	0.004
72281023199	2013	8	23	7	0	0.005
72281023199	2013	8	23	8	0	0.003
72281023199	2013	8	23	9	0	0.001
72281023199	2013	8	24	19	0	0.001
72281023199	2013	8	25	20	0	0.077
72281023199	2013	8	25	21	0	0.001
72281023199	2013	8	25	23	0	0.008
72281023199	2013	8	26	0	0	0.002
72281023199	2013	8	26	8	0	0.002
72281023199	2013	8	26	9	0	0.073
72281023199	2013	8	26	10	0	0.066
72281023199	2013	8	26	11	0	0.069
72281023199	2013	8	26	12	0	0.02
72281023199	2013	9	4	18	0	0.033
72281023199	2013	9	4	19	0	0.016
72281023199	2013	9	4	20	0	0.01
72281023199	2013	9	4	21	0	0.001
72281023199	2013	9	8	1	0	0.039
72281023199	2013	9	8	2	0	0.036
72281023199	2013	9	8	3	0	0.006
72281023199	2013	9	8	5	0	0.001
72281023199	2013	9	8	16	0	0.004
72281023199	2013	9	9	11	0	0.06
72281023199	2013	10	10	6	0	0.02
72281023199	2013	11	22	13	0	0.05
72281023199	2013	11	22	14	0	0.66
72281023199	2013	11	22	15	0	0.28
72281023199	2013	11	22	16	0	0.06
72281023199	2013	11	22	17	0	0.09
72281023199	2013	11	22	18	0	0.03
72281023199	2013	11	22	19	0	0.04
72281023199	2014	2	28	22	0	0.01
72281023199	2014	3	1	20	0	0.01
72281023199	2014	7	27	15	0	0.032
72281023199	2014	8	21	20	0	0.001
72281023199	2014	8	21	21	0	0.209
72281023199	2014	8	21	22	0	0.352
72281023199	2014	8	21	23	0	0.06
72281023199	2014	8	22	0	0	0.01
72281023199	2014	8	22	1	0	0.011
72281023199	2014	8	22	2	0	0.002
72281023199	2014	11	21	14	0	0.03
72281023199	2014	11	21	15	0	0.02
72281023199	2014	11	21	16	0	0.01
72281023199	2014	12	3	10	0	0.01
72281023199	2014	12	3	11	0	0.03
72281023199	2014	12	3	19	0	0.04
72281023199	2014	12	3	20	0	0.03
72281023199	2014	12	3	23	0	0.03
72281023199	2014	12	17	0	0	0.01
72281023199	2014	12	17	3	0	0.02
72281023199	2014	12	17	7	0	0.01
72281023199	2014	12	17	15	0	0.02
72281023199	2014	12	17	16	0	0.02
72281023199	2014	12	17	17	0	0.01
72281023199	2014	12	31	9	0	0.01
72281023199	2014	12	31	10	0	0.01
72281023199	2015	1	26	12	0	0.01
72281023199	2015	1	26	20	0	0.01
72281023199	2015	1	26	21	0	0.05
72281023199	2015	1	26	22	0	0.04
72281023199	2015	1	26	23	0	0.01
72281023199	2015	1	27	0	0	0.03
72281023199	2015	1	27	1	0	0.01
72281023199	2015	1	30	10	0	0.01
72281023199	2015	3	1	12	0	0.001
72281023199	2015	3	1	14	0	0.003
72281023199	2015	3	1	15	0	0.03
72281023199	2015	3	1	16	0	0.1
72281023199	2015	3	1	17	0	0.08
72281023199	2015	3	1	18	0	0.08
72281023199	2015	3	1	19	0	0.06
72281023199	2015	3	1	20	0	0.02
72281023199	2015	3	1	21	0	0.02
72281023199	2015	3	1	22	0	0.02
72281023199	2015	3	1	23	0	0.01
72281023199	2015	3	2	0	0	0.014
72281023199	2015	3	2	1	0	0.01
72281023199	2015	3	2	2	0	0.014
72281023199	2015	3	2	3	0	0.01
72281023199	2015	3	2	4	0	0.006
72281023199	2015	3	2	5	0	0.008
72281023199	2015	3	2	6	0	0.01
72281023199	2015	3	2	7	0	0.01
72281023199	2015	3	2	8	0	0.009
72281023199	2015	3	2	9	0	0.002
72281023199	2015	3	2	10	0	0.004
72281023199	2015	3	2	11	0	0.01
72281023199	2015	3	2	12	0	0.005
72281023199	2015	3	2	20	0	0.01
72281023199	2015	3	2	21	0	0.03
72281023199	2015	3	2	22	0	0.012
72281023199	2015	5	15	13	0	0.01
72281023199	2015	5	15	14	0	0.08
72281023199	2015	5	15	15	0	0.04
72281023199	2015	5	15	16	0	0.02
72281023199	2015	5	15	17	0	0.03
72281023199	2015	5	15	19	0	0.02
72281023199	2015	5	15	20	0	0.15
72281023199	2015	5	15	21	0	0.04
72281023199	2015	5	15	22	0	0.11
72281023199	2015	5	15	23	0	0.07
72281023199	2015	5	16	0	0	0.01
72281023199	2015	7	18	22	0	0.124
72281023199	2015	7	18	23	0	0.022
72281023199	2015	7	19	0	0	0.017
72281023199	2015	7	19	1	0	0.045
72281023199	2015	7	19	2	0	0.007
72281023199	2015	7	19	8	0	0.002
72281023199	2015	7	19	9	0	0.002
72281023199	2015	7	19	14	0	0.001
72281023199	2015	11	27	15	0	0.01
72281023199	2015	11	27	17	0	0.01
72281023199	2015	11	27	20	0	0.01
72281023199	2015	12	29	4	0	0.01
72281023199	2015	12	29	5	0	0.01
72281023199	2016	1	4	12	0	0.02
72281023199	2016	1	4	13	0	0.01
72281023199	2016	1	4	14	0	0.01
72281023199	2016	1	4	19	0	0.02
72281023199	2016	1	5	22	0	0.03
72281023199	2016	1	5	23	0	0.06
72281023199	2016	1	6	0	0	0.02
72281023199	2016	1	6	1	0	0.01
72281023199	2016	1	6	2	0	0.03
72281023199	2016	1	6	3	0	0.01
72281023199	2016	1	7	1	0	0.06
72281023199	2016	1	7	2	0	0.01
72281023199	2016	1	7	14	0	0.02
72281023199	2016	1	7	15	0	0.09
72281023199	2016	1	7	16	0	0.13
72281023199	2016	1	7	17	0	0.02
72281023199	2016	2	1	0	0	0.02
72281023199	2016	4	8	19	0	0.05
72281023199	2016	4	10	11	0	0.01
72281023199	2016	4	10	14	0	0.01
72281023199	2016	9	20	12	0	0.02
72281023199	2016	9	20	15	0	0.01
72281023199	2016	9	20	16	0	0.03
72281023199	2016	9	20	17	0	0.02
72281023199	2016	9	20	23	0	0.01
72281023199	2016	9	21	2	0	0.01
72281023199	2016	9	21	3	0	0.02
72281023199	2016	9	21	4	0	0.01
72281023199	2016	9	21	6	0	0.01
72281023199	2016	9	21	7	0	0.01
72281023199	2016	12	22	1	0	0.05
72281023199	2016	12	22	2	0	0.11
72281023199	2016	12	22	3	0	0.03
72281023199	2016	12	22	4	0	0.07
72281023199	2016	12	22	5	0	0.28
72281023199	2016	12	22	6	0	0.11
72281023199	2016	12	22	7	0	0.03
72281023199	2016	12	22	8	0	0.06
72281023199	2016	12	22	9	0	0.02
72281023199	2016	12	22	10	0	0.03
72281023199	2016	12	22	11	0	0.06
72281023199	2016	12	22	12	0	0.01
72281023199	2016	12	22	22	0	0.03
72281023199	2016	12	24	12	0	0.01
72281023199	2016	12	24	13	0	0.08
72281023199	2016	12	24	14	0	0.07
72281023199	2016	12	24	18	0	0.01
72281023199	2016	12	30	22	0	0.01
72281023199	2017	1	1	6	0	0.06
72281023199	2017	1	1	7	0	0.014
72281023199	2017	1	1	10	0	0.02
72281023199	2017	1	13	16	0	0.01
72281023199	2017	1	13	18	0	0.01
72281023199	2017	1	13	19	0	0.03
72281023199	2017	1	13	20	0	0.03
72281023199	2017	1	13	21	0	0.05
72281023199	2017	1	13	22	0	0.01
72281023199	2017	1	13	23	0	0.01
72281023199	2017	1	14	0	0	0.17
72281023199	2017	1	14	1	0	0.01
72281023199	2017	1	14	8	0	0.029
72281023199	2017	1	14	9	0	0.062
72281023199	2017	1	14	10	0	0.031
72281023199	2017	1	14	11	0	0.013
72281023199	2017	1	14	12	0	0.001
72281023199	2017	1	19	6	0	0.03
72281023199	2017	1	19	7	0	0.04
72281023199	2017	1	19	8	0	0.03
72281023199	2017	1	19	9	0	0.01
72281023199	2017	1	20	23	0	0.02
72281023199	2017	1	21	0	0	0.21
72281023199	2017	1	21	2	0	0.06
72281023199	2017	1	21	3	0	0.01
72281023199	2017	1	21	6	0	0.02
72281023199	2017	1	23	3	0	0.05
72281023199	2017	1	23	23	0	0.016
72281023199	2017	2	18	6	0	0.02
72281023199	2017	2	18	7	0	0.01
72281023199	2017	2	18	8	0	0.01
72281023199	2017	2	18	13	0	0.01
72281023199	2017	2	18	20	0	0.01
72281023199	2017	2	18	21	0	0.04
72281023199	2017	2	18	23	0	0.01
72281023199	2017	2	19	0	0	0.03
72281023199	2017	2	19	1	0	0.03
72281023199	2017	2	19	2	0	0.03
72281023199	2017	2	27	17	0	0.006
72281023199	2017	2	27	19	0	0.03
72281023199	2017	2	27	20	0	0.02
72281023199	2017	2	27	21	0	0.03
72281023199	2017	2	27	22	0	0.017
72281023199	2017	2	27	23	0	0.01
72281023199	2017	2	28	1	0	0.01
72281023199	2017	2	28	3	0	0.01
72281023199	2017	2	28	5	0	0.01
72281023199	2017	2	28	8	0	0.03
72281023199	2017	2	28	9	0	0.01
72281023199	2017	3	22	22	0	0.02
72281023199	2017	3	22	23	0	0.01
72281023199	2017	5	9	6	0	0.02
72281023199	2017	5	9	10	0	0.02
72281023199	2017	5	9	11	0	0.009
72281023199	2017	5	24	16	0	0.001
72281023199	2017	7	24	7	0	0.18
72281023199	2017	7	24	8	0	0.03
72281023199	2017	8	2	9	0	0.052
72281023199	2017	8	3	22	0	0.05
72281023199	2017	8	3	23	0	0.01
72281023199	2017	9	10	1	0	0.02
72281023199	2018	1	9	18	0	0.01
72281023199	2018	2	15	3	0	0.01
72281023199	2018	3	10	18	0	0.01
72281023199	2018	7	9	11	0	0.03
72281023199	2018	8	16	0	0	0.001
72281023199	2018	8	16	1	0	0.001
72281023199	2018	8	16	7	0	0.006
72281023199	2018	8	16	8	0	0.001
72281023199	2018	8	16	9	0	0.004
72281023199	2018	10	1	0	0	0.2
72281023199	2018	10	2	9	0	0.01
72281023199	2018	10	2	10	0	0.01
72281023199	2018	10	13	7	0	0.02
72281023199	2018	12	6	4	0	0.01
72281023199	2018	12	6	5	0	0.01
72281023199	2018	12	6	6	0	0.03
72281023199	2018	12	6	7	0	0.02
72281023199	2018	12	6	14	0	0.03
72281023199	2018	12	6	21	0	0.02
72281023199	2018	12	6	22	0	0.01
72281023199	2018	12	7	1	0	0.03
72281023199	2018	12	7	2	0	0.08
72281023199	2018	12	7	3	0	0.02
72281023199	2018	12	7	4	0	0.07
72281023199	2018	12	7	5	0	0.02
72281023199	2018	12	7	6	0	0.04
72281023199	2018	12	7	7	0	0.06
72281023199	2018	12	7	8	0	0.25
72281023199	2018	12	7	9	0	0.24
72281023199	2018	12	7	10	0	0.09
72281023199	2019	1	12	16	0	0.02
72281023199	2019	1	14	14	0	0.002
72281023199	2019	1	14	15	0	0.003
72281023199	2019	1	14	16	0	0.004
72281023199	2019	1	14	17	0	0.002
72281023199	2019	1	14	19	0	0.03
72281023199	2019	1	14	20	0	0.021
72281023199	2019	1	14	21	0	0.003
72281023199	2019	1	14	22	0	0.02
72281023199	2019	1	14	23	0	0.008
72281023199	2019	1	15	0	0	0.02
72281023199	2019	1	15	1	0	0.005
72281023199	2019	1	15	2	0	0.01
72281023199	2019	1	15	3	0	0.006
72281023199	2019	1	15	4	0	0.01
72281023199	2019	1	15	5	0	0.002
72281023199	2019	1	15	6	0	0.001
72281023199	2019	1	15	7	0	0.002
72281023199	2019	1	15	15	0	0.01
72281023199	2019	1	15	17	0	0.01
72281023199	2019	1	15	18	0	0.01
72281023199	2019	1	15	19	0	0.01
72281023199	2019	2	1	1	0	0.03
72281023199	2019	2	1	2	0	0.01
72281023199	2019	2	1	3	0	0.13
72281023199	2019	2	3	0	0	0.004
72281023199	2019	2	3	3	0	0.005
72281023199	2019	2	3	4	0	0.012
72281023199	2019	2	3	5	0	0.006
72281023199	2019	2	3	6	0	0.01
72281023199	2019	2	14	8	0	0.001
72281023199	2019	2	14	9	0	0.001
72281023199	2019	2	14	10	0	0.001
72281023199	2019	2	14	11	0	0.002
72281023199	2019	2	14	12	0	0.004
72281023199	2019	2	14	13	0	0.002
72281023199	2019	2	14	14	0	0.002
72281023199	2019	2	14	18	0	0.004
72281023199	2019	2	14	19	0	0.002
72281023199	2019	2	14	20	0	0.01
72281023199	2019	2	14	23	0	0.01
72281023199	2019	2	15	0	0	0.01
72281023199	2019	2	21	6	0	0.001
72281023199	2019	2	22	10	0	0.001
72281023199	2019	2	22	11	0	0.001
72281023199	2019	2	22	12	0	0.002
72281023199	2019	3	6	4	0	0.01
72281023199	2019	3	6	5	0	0.02
72281023199	2019	3	6	11	0	0.03
72281023199	2019	3	6	17	0	0.01
72281023199	2019	3	12	3	0	0.02
72281023199	2019	3	12	5	0	0.01
72281023199	2019	4	16	16	0	0.01
72281023199	2019	4	16	17	0	0.02
72281023199	2019	4	16	18	0	0.01
72281023199	2019	5	10	13	0	0.001
72281023199	2019	5	10	14	0	0.001
72281023199	2019	5	10	15	0	0.001
72281023199	2019	5	10	16	0	0.001
72281023199	2019	5	10	17	0	0.001
72281023199	2019	5	10	18	0	0.001
72281023199	2019	5	10	19	0	0.001
72281023199	2019	5	10	20	0	0.001
72281023199	2019	5	10	21	0	0.001
72281023199	2019	5	10	22	0	0.001
72281023199	2019	5	10	23	0	0.001
72281023199	2019	5	11	0	0	0.001
72281023199	2019	5	11	1	0	0.001
72281023199	2019	5	11	2	0	0.001
72281023199	2019	5	11	3	0	0.001
72281023199	2019	5	11	4	0	0.001
72281023199	2019	5	11	5	0	0.001
72281023199	2019	5	11	6	0	0.001
72281023199	2019	5	11	7	0	0.001
72281023199	2019	6	14	17	0	0.12
72281023199	2019	9	3	0	0	0.001
72281023199	2019	9	5	0	0	0.001
72281023199	2019	9	25	23	0	0.05
72281023199	2019	9	26	0	0	0.13
72281023199	2019	9	26	1	0	0.01
72281023199	2019	9	26	2	0	0.09
72281023199	2019	9	26	3	0	0.086
72281023199	2019	9	26	4	0	0.11
72281023199	2019	11	19	18	0	0.001
72281023199	2019	11	20	4	0	0.1
72281023199	2019	11	20	6	0	0.26
72281023199	2019	11	20	7	0	0.05
72281023199	2019	11	20	8	0	0.02
72281023199	2019	11	20	9	0	0.033
72281023199	2019	11	20	13	0	0.01
72281023199	2019	11	20	19	0	0.012
72281023199	2019	11	20	20	0	0.092
72281023199	2019	11	21	0	0	0.001
72281023199	2019	11	21	4	0	0.001
72281023199	2019	11	21	6	0	0.021
72281023199	2019	11	21	8	0	0.004
72281023199	2019	11	21	9	0	0.021
72281023199	2019	11	21	10	0	0.028
72281023199	2019	11	21	16	0	0.001
72281023199	2019	11	28	22	0	0.02
72281023199	2019	11	28	23	0	0.08
72281023199	2019	11	29	0	0	0.04
72281023199	2019	11	29	1	0	0.04
72281023199	2019	11	29	7	0	0.02
72281023199	2019	12	4	14	0	0.002
72281023199	2019	12	4	19	0	0.01
72281023199	2019	12	4	20	0	0.04
72281023199	2019	12	7	20	0	0.01
72281023199	2019	12	8	11	0	0.002
72281023199	2019	12	9	9	0	0.02
72281023199	2019	12	23	21	0	0.01
72281023199	2019	12	23	22	0	0.02
72281023199	2019	12	26	15	0	0.12
72281023199	2019	12	26	16	0	0.11
72281023199	2019	12	26	17	0	0.08
72281023199	2019	12	26	18	0	0.08
72281023199	2019	12	26	19	0	0.03
72281023199	2020	2	10	13	0	0.01
72281023199	2020	2	10	14	0	0.03
72281023199	2020	2	10	15	0	0.03
72281023199	2020	2	10	16	0	0.1
72281023199	2020	2	10	17	0	0.12
72281023199	2020	2	10	18	0	0.01
72281023199	2020	2	10	19	0	0.02
72281023199	2020	2	10	20	0	0.01
72281023199	2020	2	10	22	0	0.02
72281023199	2020	2	11	0	0	0.04
72281023199	2020	2	11	1	0	0.01
72281023199	2020	2	11	2	0	0.02
72281023199	2020	2	11	3	0	0.04
72281023199	2020	2	11	4	0	0.01
72281023199	2020	3	10	5	0	0.01
72281023199	2020	3	10	6	0	0.02
72281023199	2020	3	10	7	0	0.11
72281023199	2020	3	10	8	0	0.03
72281023199	2020	3	10	9	0	0.01
72281023199	2020	3	10	16	0	0.01
72281023199	2020	3	10	20	0	0.01
72281023199	2020	3	10	21	0	0.03
72281023199	2020	3	10	22	0	0.13
72281023199	2020	3	10	23	0	0.33
72281023199	2020	3	11	0	0	0.05
72281023199	2020	3	11	1	0	0.1
72281023199	2020	3	11	4	0	0.01
72281023199	2020	3	11	5	0	0.03
72281023199	2020	3	11	8	0	0.05
72281023199	2020	3	12	12	0	0.03
72281023199	2020	3	12	13	0	0.01
72281023199	2020	3	12	16	0	0.01
72281023199	2020	3	12	17	0	0.07
72281023199	2020	3	12	18	0	0.01
72281023199	2020	3	12	20	0	0.09
72281023199	2020	3	12	21	0	0.02
72281023199	2020	3	17	13	0	0.002
72281023199	2020	3	18	13	0	0.02
72281023199	2020	3	18	14	0	0.08
72281023199	2020	3	18	19	0	0.01
72281023199	2020	4	8	6	0	0.01
72281023199	2020	4	8	9	0	0.009
72281023199	2020	4	8	12	0	0.07
72281023199	2020	4	8	13	0	0.13
72281023199	2020	4	8	14	0	0.08
72281023199	2020	4	8	15	0	0.008
72281023199	2020	4	10	10	0	0.01
72281023199	2020	4	10	11	0	0.01
72281023199	2020	4	10	13	0	0.03
72281023199	2020	4	10	20	0	0.01
72281023199	2020	4	10	23	0	0.02
72281023199	2020	4	11	0	0	0.02
72281023199	2020	4	11	1	0	0.07
72281023199	2020	4	11	2	0	0.19
72281023199	2020	4	11	3	0	0.11
72281023199	2020	4	11	4	0	0.01
72281023199	2020	11	7	19	0	0.001
72281023199	2020	11	7	20	0	0.001
72281023199	2020	11	7	21	0	0.001
72281023199	2020	11	7	22	0	0.001
72281023199	2020	11	7	23	0	0.001
72281023199	2020	11	8	0	0	0.001
72281023199	2020	12	28	13	0	0.001
72281023199	2020	12	28	14	0	0.001
72281023199	2020	12	28	15	0	0.001
72281023199	2020	12	28	16	0	0.001
72281023199	2020	12	28	17	0	0.001
72281023199	2020	12	28	18	0	0.001
72281023199	2021	1	20	7	0	0.004
72281023199	2021	1	20	8	0	0.015
72281023199	2021	1	20	9	0	0.004
72281023199	2021	1	20	10	0	0.004
72281023199	2021	1	20	11	0	0.004
72281023199	2021	1	20	12	0	0.028
72281023199	2021	1	20	13	0	0.004
72281023199	2021	1	20	14	0	0.002
72281023199	2021	1	20	15	0	0.01
72281023199	2021	1	20	19	0	0.03
72281023199	2021	1	20	20	0	0.04
72281023199	2021	1	20	21	0	0.03
72281023199	2021	1	20	22	0	0.03
72281023199	2021	1	20	23	0	0.03
72281023199	2021	1	21	0	0	0.03
72281023199	2021	1	21	1	0	0.2
72281023199	2021	1	21	3	0	0.05
72281023199	2021	1	21	4	0	0.01
72281023199	2021	1	24	2	0	0.01
72281023199	2021	1	25	15	0	0.01
72281023199	2021	3	11	21	0	0.01
72281023199	2021	8	11	7	0	0.048
72281023199	2021	8	11	8	0	0.028
72281023199	2021	8	11	9	0	0.028
72281023199	2021	8	11	10	0	0.023
72281023199	2021	8	11	11	0	0.016
72281023199	2021	8	11	12	0	0.016
72281023199	2021	9	1	1	0	0.019
72281023199	2021	9	1	2	0	0.027
72281023199	2021	9	1	3	0	0.019
72281023199	2021	9	1	4	0	0.019
72281023199	2021	9	1	5	0	0.02
72281023199	2021	9	1	6	0	0.021
72281023199	2021	10	5	7	0	0.009
72281023199	2021	12	24	1	0	0.001
72281023199	2021	12	24	2	0	0.001
72281023199	2021	12	24	3	0	0.001
72281023199	2021	12	24	4	0	0.001
72281023199	2021	12	24	5	0	0.001
72281023199	2021	12	24	6	0	0.001
72281023199	2021	12	24	7	0	0.06
72281023199	2021	12	24	8	0	0.04
72281023199	2021	12	24	13	0	0.01
72281023199	2021	12	24	14	0	0.03
72281023199	2021	12	24	15	0	0.02
