72290993115	2007	8	13	18	0	0.01
72290993115	2007	8	13	19	0	0.08
72290993115	2007	9	22	21	0	0.01
72290993115	2007	11	12	2	0	0.01
72290993115	2007	11	12	3	0	0.03
72290993115	2007	11	30	13	0	0.01
72290993115	2007	11	30	14	0	0.03
72290993115	2007	11	30	15	0	0.01
72290993115	2007	11	30	16	0	0.09
72290993115	2007	11	30	17	0	0.06
72290993115	2007	11	30	19	0	0.05
72290993115	2007	11	30	20	0	0.16
72290993115	2007	11	30	21	0	0.04
72290993115	2007	11	30	22	0	0.01
72290993115	2007	12	1	1	0	0.01
72290993115	2007	12	1	5	0	0.21
72290993115	2007	12	1	6	0	0.07
72290993115	2007	12	1	22	0	0.01
72290993115	2007	12	7	13	0	0.02
72290993115	2007	12	7	16	0	0.07
72290993115	2007	12	8	15	0	0.01
72290993115	2007	12	29	14	0	0.002
72290993115	2007	12	29	15	0	0.008
72290993115	2008	1	5	8	0	0.001
72290993115	2008	1	5	9	0	0.001
72290993115	2008	1	5	10	0	0.013
72290993115	2008	1	5	11	0	0.018
72290993115	2008	1	5	12	0	0.05
72290993115	2008	1	5	13	0	0.094
72290993115	2008	1	5	14	0	0.01
72290993115	2008	1	5	15	0	0.027
72290993115	2008	1	5	16	0	0.034
72290993115	2008	1	5	17	0	0.01
72290993115	2008	1	5	18	0	0.04
72290993115	2008	1	5	19	0	0.093
72290993115	2008	1	5	20	0	0.033
72290993115	2008	1	5	21	0	0.009
72290993115	2008	1	5	22	0	0.01
72290993115	2008	1	5	23	0	0.082
72290993115	2008	1	6	0	0	0.008
72290993115	2008	1	6	1	0	0.01
72290993115	2008	1	6	2	0	0.037
72290993115	2008	1	6	11	0	0.03
72290993115	2008	1	6	12	0	0.022
72290993115	2008	1	6	13	0	0.02
72290993115	2008	1	6	14	0	0.03
72290993115	2008	1	6	15	0	0.011
72290993115	2008	1	6	22	0	0.012
72290993115	2008	1	6	23	0	0.051
72290993115	2008	1	7	0	0	0.011
72290993115	2008	1	7	1	0	0.005
72290993115	2008	1	7	2	0	0.006
72290993115	2008	1	7	3	0	0.019
72290993115	2008	1	7	4	0	0.021
72290993115	2008	1	7	6	0	0.001
72290993115	2008	1	7	8	0	0.085
72290993115	2008	1	7	9	0	0.073
72290993115	2008	1	7	10	0	0.042
72290993115	2008	1	7	11	0	0.03
72290993115	2008	1	7	12	0	0.063
72290993115	2008	1	7	13	0	0.01
72290993115	2008	1	7	14	0	0.029
72290993115	2008	1	7	15	0	0.012
72290993115	2008	1	7	18	0	0.008
72290993115	2008	1	7	19	0	0.014
72290993115	2008	1	22	13	0	0.01
72290993115	2008	1	22	14	0	0.011
72290993115	2008	1	24	2	0	0.01
72290993115	2008	1	24	3	0	0.07
72290993115	2008	1	24	4	0	0.14
72290993115	2008	1	24	5	0	0.06
72290993115	2008	1	24	17	0	0.01
72290993115	2008	1	25	13	0	0.001
72290993115	2008	1	25	14	0	0.001
72290993115	2008	1	25	15	0	0.001
72290993115	2008	1	25	16	0	0.001
72290993115	2008	1	25	17	0	0.001
72290993115	2008	1	25	18	0	0.002
72290993115	2008	1	25	19	0	0.001
72290993115	2008	1	25	20	0	0.001
72290993115	2008	1	25	21	0	0.001
72290993115	2008	1	25	22	0	0.001
72290993115	2008	1	25	23	0	0.001
72290993115	2008	1	26	0	0	0.001
72290993115	2008	1	26	1	0	0.002
72290993115	2008	1	27	6	0	0.01
72290993115	2008	1	27	7	0	0.02
72290993115	2008	1	27	8	0	0.03
72290993115	2008	1	27	9	0	0.02
72290993115	2008	1	27	10	0	0.01
72290993115	2008	1	27	12	0	0.03
72290993115	2008	1	27	13	0	0.03
72290993115	2008	1	27	14	0	0.03
72290993115	2008	1	27	15	0	0.02
72290993115	2008	1	27	16	0	0.06
72290993115	2008	1	28	17	0	0.01
72290993115	2008	2	3	16	0	0.01
72290993115	2008	2	4	1	0	0.01
72290993115	2008	2	4	9	0	0.01
72290993115	2008	2	14	21	0	0.01
72290993115	2008	2	14	22	0	0.01
72290993115	2008	2	14	23	0	0.04
72290993115	2008	3	5	16	0	0.1
72290993115	2008	3	5	17	0	0.27
72290993115	2008	3	16	9	0	0.01
72290993115	2008	3	16	10	0	0.04
72290993115	2008	3	30	6	0	0.01
72290993115	2008	4	3	11	0	0.01
72290993115	2008	5	23	19	0	0.01
72290993115	2008	5	23	20	0	0.09
72290993115	2008	5	23	21	0	0.08
72290993115	2008	7	24	21	0	1.57
72290993115	2008	8	27	23	0	0.18
72290993115	2008	11	4	17	0	0.03
72290993115	2008	11	10	2	0	0.01
72290993115	2008	11	26	5	0	0.01
72290993115	2008	11	26	6	0	0.02
72290993115	2008	11	26	8	0	0.52
72290993115	2008	11	26	9	0	0.32
72290993115	2008	11	26	10	0	0.17
72290993115	2008	11	26	11	0	0.02
72290993115	2008	11	27	12	0	0.02
72290993115	2008	12	15	21	0	0.182
72290993115	2008	12	15	22	0	0.14
72290993115	2008	12	15	23	0	0.596
72290993115	2008	12	16	0	0	0.05
72290993115	2008	12	16	1	0	0.021
72290993115	2008	12	16	2	0	0.008
72290993115	2008	12	16	3	0	0.017
72290993115	2008	12	16	4	0	0.018
72290993115	2008	12	16	6	0	0.017
72290993115	2008	12	16	8	0	0.004
72290993115	2008	12	16	9	0	0.071
72290993115	2008	12	16	10	0	0.014
72290993115	2008	12	16	11	0	0.009
72290993115	2008	12	16	12	0	0.006
72290993115	2008	12	16	13	0	0.002
72290993115	2008	12	16	15	0	0.01
72290993115	2008	12	17	7	0	0.01
72290993115	2008	12	17	9	0	0.04
72290993115	2008	12	17	12	0	0.01
72290993115	2008	12	17	13	0	0.06
72290993115	2008	12	17	14	0	0.14
72290993115	2008	12	17	15	0	0.09
72290993115	2008	12	17	16	0	0.17
72290993115	2008	12	17	17	0	0.18
72290993115	2008	12	17	18	0	0.03
72290993115	2008	12	17	19	0	0.02
72290993115	2008	12	17	21	0	0.03
72290993115	2008	12	17	23	0	0.06
72290993115	2008	12	22	20	0	0.069
72290993115	2008	12	22	21	0	0.02
72290993115	2008	12	22	22	0	0.02
72290993115	2008	12	26	2	0	0.06
72290993115	2009	1	3	17	0	0.01
72290993115	2009	1	23	14	0	0.01
72290993115	2009	1	23	16	0	0.04
72290993115	2009	2	3	16	0	0.94
72290993115	2009	2	6	1	0	0.03
72290993115	2009	2	6	12	0	0.02
72290993115	2009	2	7	9	0	0.01
72290993115	2009	2	7	10	0	0.02
72290993115	2009	2	7	11	0	0.09
72290993115	2009	2	7	13	0	0.1
72290993115	2009	2	7	20	0	0.01
72290993115	2009	2	8	0	0	0.012
72290993115	2009	2	8	1	0	0.009
72290993115	2009	2	8	2	0	0.15
72290993115	2009	2	8	3	0	0.05
72290993115	2009	2	8	4	0	0.2
72290993115	2009	2	8	5	0	0.02
72290993115	2009	2	8	12	0	0.07
72290993115	2009	2	9	16	0	0.17
72290993115	2009	2	16	20	0	0.01
72290993115	2009	2	16	23	0	0.04
72290993115	2009	2	17	8	0	0.04
72290993115	2009	2	17	19	0	0.09
72290993115	2009	3	22	19	0	0.04
72290993115	2009	4	8	5	0	0.01
72290993115	2009	4	11	8	0	0.04
72290993115	2009	5	12	16	0	0.02
72290993115	2009	11	28	15	0	0.02
72290993115	2009	11	28	21	0	0.16
72290993115	2009	11	28	23	0	0.106
72290993115	2009	11	29	0	0	0.003
72290993115	2009	11	29	1	0	0.003
72290993115	2009	11	29	2	0	0.003
72290993115	2009	11	29	3	0	0.01
72290993115	2009	12	3	21	0	2.09
72290993115	2009	12	7	14	0	0.023
72290993115	2009	12	7	15	0	0.28
72290993115	2009	12	7	16	0	0.08
72290993115	2009	12	7	17	0	0.02
72290993115	2009	12	7	18	0	0.05
72290993115	2009	12	7	19	0	0.05
72290993115	2009	12	7	20	0	0.05
72290993115	2009	12	7	21	0	0.03
72290993115	2009	12	7	22	0	0.03
72290993115	2009	12	7	23	0	0.13
72290993115	2009	12	8	0	0	0.08
72290993115	2009	12	8	16	0	0.21
72290993115	2009	12	11	21	0	0.06
72290993115	2009	12	12	3	0	0.02
72290993115	2009	12	13	2	0	0.01
72290993115	2009	12	13	5	0	0.01
72290993115	2009	12	13	8	0	0.02
72290993115	2009	12	13	12	0	0.01
72290993115	2009	12	13	21	0	0.108
72290993115	2009	12	22	12	0	0.03
72290993115	2010	1	5	19	0	0.63
72290993115	2010	1	6	16	0	0.98
72290993115	2010	1	19	0	0	0.16
72290993115	2010	1	19	20	0	0.008
72290993115	2010	1	19	21	0	0.12
72290993115	2010	1	19	22	0	0.03
72290993115	2010	1	21	1	0	0.02
72290993115	2010	1	21	2	0	0.28
72290993115	2010	1	21	3	0	0.01
72290993115	2010	1	21	8	0	0.03
72290993115	2010	1	21	9	0	0.01
72290993115	2010	1	21	11	0	0.01
72290993115	2010	1	21	18	0	0.02
72290993115	2010	1	21	19	0	0.24
72290993115	2010	1	21	20	0	0.02
72290993115	2010	1	22	1	0	0.002
72290993115	2010	1	22	4	0	0.31
72290993115	2010	1	22	7	0	0.03
72290993115	2010	1	22	9	0	0.01
72290993115	2010	1	22	15	0	0.01
72290993115	2010	1	22	20	0	0.03
72290993115	2010	1	22	21	0	0.097
72290993115	2010	1	22	22	0	0.03
72290993115	2010	1	23	0	0	0.014
72290993115	2010	1	23	1	0	0.001
72290993115	2010	1	23	3	0	0.02
72290993115	2010	1	23	5	0	0.03
72290993115	2010	1	23	11	0	0.02
72290993115	2010	1	27	6	0	0.024
72290993115	2010	1	27	7	0	0.011
72290993115	2010	1	27	8	0	0.002
72290993115	2010	1	27	9	0	0.002
72290993115	2010	1	28	4	0	0.013
72290993115	2010	1	28	5	0	0.013
72290993115	2010	2	6	3	0	0.015
72290993115	2010	2	6	4	0	0.095
72290993115	2010	2	6	5	0	0.01
72290993115	2010	2	6	13	0	0.006
72290993115	2010	2	6	14	0	0.006
72290993115	2010	2	6	15	0	0.024
72290993115	2010	2	6	16	0	0.008
72290993115	2010	2	6	17	0	0.012
72290993115	2010	2	6	18	0	0.14
72290993115	2010	2	6	19	0	0.17
72290993115	2010	2	6	21	0	0.01
72290993115	2010	2	7	2	0	0.01
72290993115	2010	2	10	1	0	0.02
72290993115	2010	2	10	2	0	0.05
72290993115	2010	2	10	3	0	0.01
72290993115	2010	2	10	4	0	0.01
72290993115	2010	2	20	8	0	0.03
72290993115	2010	2	20	9	0	0.04
72290993115	2010	2	20	10	0	0.01
72290993115	2010	2	20	13	0	0.01
72290993115	2010	2	22	9	0	0.01
72290993115	2010	2	22	10	0	0.02
72290993115	2010	2	27	15	0	0.03
72290993115	2010	2	27	17	0	0.06
72290993115	2010	2	27	18	0	0.05
72290993115	2010	2	27	20	0	0.05
72290993115	2010	2	27	23	0	0.12
72290993115	2010	2	28	4	0	0.01
72290993115	2010	2	28	6	0	0.01
72290993115	2010	2	28	7	0	0.02
72290993115	2010	2	28	8	0	0.02
72290993115	2010	3	4	9	0	0.02
72290993115	2010	3	7	0	0	0.05
72290993115	2010	3	7	4	0	0.03
72290993115	2010	3	7	6	0	0.05
72290993115	2010	3	7	14	0	0.003
72290993115	2010	3	7	15	0	0.09
72290993115	2010	3	7	16	0	0.01
72290993115	2010	3	7	17	0	0.02
72290993115	2010	3	7	18	0	0.14
72290993115	2010	3	7	20	0	0.05
72290993115	2010	3	8	0	0	0.1
72290993115	2010	3	18	16	0	2.05
72290993115	2010	3	24	20	0	2.05
72290993115	2010	4	1	10	0	0.06
72290993115	2010	4	1	11	0	0.12
72290993115	2010	4	1	12	0	0.05
72290993115	2010	4	1	13	0	0.05
72290993115	2010	4	1	14	0	0.01
72290993115	2010	4	5	21	0	0.05
72290993115	2010	4	12	12	0	0.4
72290993115	2010	4	12	13	0	0.2
72290993115	2010	4	12	14	0	0.07
72290993115	2010	4	12	15	0	0.01
72290993115	2010	4	12	23	0	0.08
72290993115	2010	4	13	16	0	0.01
72290993115	2010	4	19	3	0	0.01
72290993115	2010	4	21	1	0	0.01
72290993115	2010	4	21	17	0	0.07
72290993115	2010	4	21	19	0	0.02
72290993115	2010	4	21	20	0	0.018
72290993115	2010	4	21	21	0	0.05
72290993115	2010	4	22	0	0	0.1
72290993115	2010	4	22	1	0	0.01
72290993115	2010	4	22	2	0	0.01
72290993115	2010	4	22	3	0	0.01
72290993115	2010	4	22	5	0	0.01
72290993115	2010	4	22	12	0	0.01
72290993115	2010	4	22	13	0	0.01
72290993115	2010	4	22	14	0	0.02
72290993115	2010	4	22	22	0	0.05
72290993115	2010	4	22	23	0	0.06
72290993115	2010	4	23	0	0	0.05
72290993115	2010	4	28	15	0	0.01
72290993115	2010	9	30	22	0	0.067
72290993115	2010	9	30	23	0	0.039
72290993115	2010	10	1	0	0	0.014
72290993115	2010	10	1	1	0	0.016
72290993115	2010	10	1	2	0	0.001
72290993115	2010	10	1	3	0	0.005
72290993115	2010	10	1	4	0	0.006
72290993115	2010	10	1	20	0	0.005
72290993115	2010	10	1	21	0	0.005
72290993115	2010	10	2	16	0	0.002
72290993115	2010	10	4	19	0	0.006
72290993115	2010	10	4	23	0	0.013
72290993115	2010	10	6	0	0	0.007
72290993115	2010	10	6	8	0	0.005
72290993115	2010	10	6	9	0	0.016
72290993115	2010	10	6	10	0	0.028
72290993115	2010	10	6	11	0	0.038
72290993115	2010	10	6	12	0	0.03
72290993115	2010	10	6	13	0	0.079
72290993115	2010	10	6	14	0	0.027
72290993115	2010	10	6	15	0	0.027
72290993115	2010	10	19	19	0	0.007
72290993115	2010	10	19	20	0	0.077
72290993115	2010	10	19	21	0	0.055
72290993115	2010	10	19	22	0	0.04
72290993115	2010	10	19	23	0	0.097
72290993115	2010	10	20	0	0	0.092
72290993115	2010	10	20	1	0	0.477
72290993115	2010	10	20	2	0	0.116
72290993115	2010	10	20	3	0	0.125
72290993115	2010	10	20	4	0	0.114
72290993115	2010	10	20	5	0	0.039
72290993115	2010	10	20	6	0	0.015
72290993115	2010	10	20	9	0	0.009
72290993115	2010	10	20	10	0	0.008
72290993115	2010	10	20	11	0	0.014
72290993115	2010	10	20	22	0	0.06
72290993115	2010	10	21	15	0	0.003
72290993115	2010	10	21	22	0	0.003
72290993115	2010	10	22	15	0	0.025
72290993115	2010	10	22	16	0	0.001
72290993115	2010	10	23	19	0	0.007
72290993115	2010	10	23	20	0	0.001
72290993115	2010	10	25	7	0	0.014
72290993115	2010	10	25	8	0	0.011
72290993115	2010	10	25	9	0	0.008
72290993115	2010	10	25	10	0	0.012
72290993115	2010	10	25	11	0	0.017
72290993115	2010	10	25	12	0	0.003
72290993115	2010	10	25	13	0	0.019
72290993115	2010	10	25	14	0	0.019
72290993115	2010	10	25	15	0	0.017
72290993115	2010	10	25	16	0	0.015
72290993115	2010	10	30	15	0	0.003
72290993115	2010	10	30	16	0	0.036
72290993115	2010	10	30	17	0	0.034
72290993115	2010	10	30	18	0	0.014
72290993115	2010	11	8	15	0	0.021
72290993115	2010	11	8	16	0	0.021
72290993115	2010	11	8	17	0	0.006
72290993115	2010	11	19	22	0	0.004
72290993115	2010	11	20	17	0	0.023
72290993115	2010	11	20	18	0	0.02
72290993115	2010	11	20	19	0	0.005
72290993115	2010	11	20	20	0	0.023
72290993115	2010	11	20	21	0	0.028
72290993115	2010	11	20	22	0	0.025
72290993115	2010	11	21	0	0	0.001
72290993115	2010	11	21	1	0	0.002
72290993115	2010	11	21	3	0	0.02
72290993115	2010	11	21	4	0	0.015
72290993115	2010	11	21	5	0	0.028
72290993115	2010	11	21	6	0	0.001
72290993115	2010	11	21	7	0	0.012
72290993115	2010	11	21	8	0	0.063
72290993115	2010	11	21	9	0	0.193
72290993115	2010	11	21	10	0	0.112
72290993115	2010	11	21	11	0	0.026
72290993115	2010	11	21	18	0	0.004
72290993115	2010	11	21	19	0	0.051
72290993115	2010	11	21	20	0	0.06
72290993115	2010	11	21	21	0	0.001
72290993115	2010	11	22	0	0	0.023
72290993115	2010	12	6	1	0	0.001
72290993115	2010	12	20	2	0	0.018
72290993115	2010	12	20	5	0	0.023
72290993115	2010	12	20	6	0	0.026
72290993115	2010	12	20	7	0	0.044
72290993115	2010	12	20	8	0	0.041
72290993115	2010	12	20	9	0	0.067
72290993115	2010	12	20	10	0	0.05
72290993115	2010	12	20	11	0	0.05
72290993115	2010	12	20	12	0	0.02
72290993115	2010	12	20	13	0	0.009
72290993115	2010	12	20	14	0	0.009
72290993115	2010	12	20	15	0	0.009
72290993115	2010	12	20	16	0	0.053
72290993115	2010	12	20	17	0	0.009
72290993115	2010	12	20	18	0	0.028
72290993115	2010	12	20	19	0	0.054
72290993115	2010	12	20	20	0	0.033
72290993115	2010	12	20	21	0	0.029
72290993115	2010	12	20	22	0	0.005
72290993115	2010	12	21	1	0	0.005
72290993115	2010	12	21	2	0	0.005
72290993115	2010	12	21	3	0	0.016
72290993115	2010	12	21	4	0	0.009
72290993115	2010	12	21	5	0	0.01
72290993115	2010	12	21	6	0	0.011
72290993115	2010	12	21	7	0	0.007
72290993115	2010	12	21	9	0	0.02
72290993115	2010	12	21	10	0	0.05
72290993115	2010	12	21	12	0	0.05
72290993115	2010	12	21	13	0	0.11
72290993115	2010	12	21	15	0	0.01
72290993115	2010	12	21	16	0	0.02
72290993115	2010	12	21	17	0	0.05
72290993115	2010	12	21	18	0	0.01
72290993115	2010	12	21	19	0	0.06
72290993115	2010	12	21	20	0	0.05
72290993115	2010	12	21	23	0	0.02
72290993115	2010	12	22	1	0	0.014
72290993115	2010	12	22	2	0	0.001
72290993115	2010	12	22	4	0	0.007
72290993115	2010	12	22	5	0	0.002
72290993115	2010	12	22	7	0	0.03
72290993115	2010	12	22	8	0	0.04
72290993115	2010	12	22	9	0	0.07
72290993115	2010	12	22	10	0	0.13
72290993115	2010	12	22	11	0	0.21
72290993115	2010	12	22	12	0	0.14
72290993115	2010	12	22	13	0	0.15
72290993115	2010	12	22	14	0	0.1
72290993115	2010	12	22	15	0	0.01
72290993115	2010	12	22	16	0	0.42
72290993115	2010	12	26	6	0	0.01
72290993115	2010	12	26	7	0	0.03
72290993115	2010	12	26	10	0	0.01
72290993115	2010	12	29	16	0	0.02
72290993115	2010	12	29	17	0	0.09
72290993115	2010	12	29	20	0	0.038
72290993115	2010	12	29	21	0	0.01
72290993115	2010	12	29	22	0	0.02
72290993115	2011	1	3	7	0	0.01
72290993115	2011	1	3	10	0	0.02
72290993115	2011	1	3	11	0	0.01
72290993115	2011	1	3	13	0	0.01
72290993115	2011	1	31	0	0	0.009
72290993115	2011	1	31	2	0	0.003
72290993115	2011	1	31	3	0	0.004
72290993115	2011	1	31	4	0	0.007
72290993115	2011	1	31	5	0	0.11
72290993115	2011	1	31	8	0	0.007
72290993115	2011	1	31	9	0	0.004
72290993115	2011	1	31	10	0	0.009
72290993115	2011	1	31	11	0	0.02
72290993115	2011	1	31	12	0	0.01
72290993115	2011	2	16	12	0	0.035
72290993115	2011	2	16	13	0	0.065
72290993115	2011	2	16	14	0	0.029
72290993115	2011	2	16	15	0	0.005
72290993115	2011	2	16	16	0	0.006
72290993115	2011	2	16	17	0	0.006
72290993115	2011	2	17	2	0	0.058
72290993115	2011	2	17	3	0	0.097
72290993115	2011	2	17	4	0	0.022
72290993115	2011	2	17	6	0	0.005
72290993115	2011	2	17	8	0	0.001
72290993115	2011	2	17	11	0	0.005
72290993115	2011	2	19	1	0	0.134
72290993115	2011	2	19	2	0	0.036
72290993115	2011	2	19	3	0	0.04
72290993115	2011	2	19	4	0	0.146
72290993115	2011	2	19	5	0	0.042
72290993115	2011	2	19	6	0	0.171
72290993115	2011	2	19	7	0	0.217
72290993115	2011	2	19	8	0	0.204
72290993115	2011	2	19	9	0	0.095
72290993115	2011	2	19	10	0	0.04
72290993115	2011	2	19	11	0	0.01
72290993115	2011	2	19	22	0	0.01
72290993115	2011	2	20	0	0	0.03
72290993115	2011	2	20	1	0	0.04
72290993115	2011	2	20	2	0	0.01
72290993115	2011	2	20	7	0	0.01
72290993115	2011	2	26	10	0	0.01
72290993115	2011	2	26	11	0	0.073
72290993115	2011	2	26	12	0	0.052
72290993115	2011	2	26	13	0	0.082
72290993115	2011	2	26	14	0	0.269
72290993115	2011	2	26	15	0	0.22
72290993115	2011	2	26	16	0	0.173
72290993115	2011	2	26	17	0	0.133
72290993115	2011	2	26	18	0	0.106
72290993115	2011	2	26	19	0	0.022
72290993115	2011	2	26	20	0	0.034
72290993115	2011	2	26	21	0	0.014
72290993115	2011	2	26	22	0	0.011
72290993115	2011	2	26	23	0	0.015
72290993115	2011	2	27	0	0	0.003
72290993115	2011	2	27	1	0	0.003
72290993115	2011	2	27	2	0	0.004
72290993115	2011	2	27	3	0	0.005
72290993115	2011	2	27	4	0	0.007
72290993115	2011	2	27	5	0	0.007
72290993115	2011	2	27	6	0	0.025
72290993115	2011	2	27	7	0	0.007
72290993115	2011	2	27	8	0	0.017
72290993115	2011	2	27	10	0	0.021
72290993115	2011	2	27	11	0	0.03
72290993115	2011	3	7	7	0	0.033
72290993115	2011	3	7	8	0	0.062
72290993115	2011	3	7	9	0	0.011
72290993115	2011	3	7	10	0	0.016
72290993115	2011	3	7	13	0	0.007
72290993115	2011	3	7	15	0	0.014
72290993115	2011	3	7	17	0	0.052
72290993115	2011	3	7	18	0	0.034
72290993115	2011	3	7	20	0	0.003
72290993115	2011	3	9	19	0	0.07
72290993115	2011	3	9	20	0	0.02
72290993115	2011	3	21	3	0	0.01
72290993115	2011	3	21	5	0	0.06
72290993115	2011	3	21	6	0	0.07
72290993115	2011	3	21	7	0	0.05
72290993115	2011	3	21	8	0	0.01
72290993115	2011	3	21	9	0	0.05
72290993115	2011	3	23	18	0	0.013
72290993115	2011	3	24	3	0	0.08
72290993115	2011	3	24	4	0	0.06
72290993115	2011	4	8	22	0	0.02
72290993115	2011	4	9	2	0	0.027
72290993115	2011	4	9	4	0	0.006
72290993115	2011	4	9	5	0	0.02
72290993115	2011	4	9	6	0	0.01
72290993115	2011	4	9	7	0	0.01
72290993115	2011	4	9	8	0	0.02
72290993115	2011	5	18	14	0	0.01
72290993115	2011	5	29	13	0	0.01
72290993115	2011	6	6	8	0	0.01
72290993115	2011	7	26	16	0	0.59
72290993115	2011	7	31	8	0	0.01
72290993115	2011	9	6	16	0	0.02
72290993115	2011	9	27	20	0	0.02
72290993115	2011	11	4	18	0	0.013
72290993115	2011	11	4	19	0	0.033
72290993115	2011	11	4	20	0	0.163
72290993115	2011	11	4	21	0	0.085
72290993115	2011	11	4	22	0	0.022
72290993115	2011	11	5	0	0	0.309
72290993115	2011	11	5	1	0	0.159
72290993115	2011	11	5	2	0	0.006
72290993115	2011	11	5	3	0	0.015
72290993115	2011	11	5	4	0	0.035
72290993115	2011	11	5	5	0	0.03
72290993115	2011	11	5	6	0	0.006
72290993115	2011	11	5	7	0	0.034
72290993115	2011	11	5	8	0	0.021
72290993115	2011	11	5	9	0	0.014
72290993115	2011	11	5	10	0	0.019
72290993115	2011	11	6	21	0	0.001
72290993115	2011	11	6	22	0	0.065
72290993115	2011	11	6	23	0	0.076
72290993115	2011	11	7	0	0	0.012
72290993115	2011	11	7	5	0	0.009
72290993115	2011	11	7	6	0	0.006
72290993115	2011	11	7	7	0	0.012
72290993115	2011	11	7	8	0	0.01
72290993115	2011	11	7	9	0	0.002
72290993115	2011	11	7	10	0	0.019
72290993115	2011	11	12	14	0	0.022
72290993115	2011	11	12	15	0	0.046
72290993115	2011	11	12	16	0	0.15
72290993115	2011	11	12	17	0	0.031
72290993115	2011	11	12	18	0	0.004
72290993115	2011	11	12	20	0	0.04
72290993115	2011	11	12	21	0	0.16
72290993115	2011	11	12	22	0	0.136
72290993115	2011	11	12	23	0	0.137
72290993115	2011	11	13	0	0	0.26
72290993115	2011	11	13	1	0	0.274
72290993115	2011	11	13	2	0	0.015
72290993115	2011	11	13	9	0	0.001
72290993115	2012	1	24	17	0	0.18
72290993115	2012	2	7	23	0	0.01
72290993115	2012	2	8	0	0	0.02
72290993115	2012	2	13	23	0	0.01
72290993115	2012	2	14	0	0	0.02
72290993115	2012	2	14	7	0	0.01
72290993115	2012	2	15	23	0	0.01
72290993115	2012	2	16	0	0	0.09
72290993115	2012	2	16	1	0	0.16
72290993115	2012	2	28	2	0	0.08
72290993115	2012	2	28	6	0	0.02
72290993115	2012	2	28	8	0	0.01
72290993115	2012	2	28	9	0	0.011
72290993115	2012	2	28	10	0	0.015
72290993115	2012	2	28	15	0	0.01
72290993115	2012	3	17	20	0	0.016
72290993115	2012	3	17	21	0	0.08
72290993115	2012	3	18	8	0	0.02
72290993115	2012	3	18	9	0	0.01
72290993115	2012	3	19	14	0	0.026
72290993115	2012	3	19	15	0	0.02
72290993115	2012	3	19	16	0	0.01
72290993115	2012	3	26	0	0	0.04
72290993115	2012	3	26	1	0	0.03
72290993115	2012	4	1	7	0	0.05
72290993115	2012	4	11	13	0	0.02
72290993115	2012	4	13	21	0	0.01
72290993115	2012	4	13	22	0	0.01
72290993115	2012	4	13	23	0	0.04
72290993115	2012	4	26	5	0	0.008
72290993115	2012	4	26	6	0	0.09
72290993115	2012	4	26	7	0	0.03
72290993115	2012	4	26	8	0	0.01
72290993115	2012	4	26	9	0	0.02
72290993115	2012	4	26	15	0	0.06
72290993115	2012	4	26	17	0	0.01
72290993115	2012	5	25	12	0	0.003
72290993115	2012	5	25	13	0	0.002
72290993115	2012	5	26	14	0	0.004
72290993115	2012	7	19	20	0	0.1
72290993115	2012	8	7	20	0	0.002
72290993115	2012	8	12	3	0	0.001
72290993115	2012	8	13	3	0	0.001
72290993115	2012	8	13	4	0	0.001
72290993115	2012	8	13	5	0	0.001
72290993115	2012	8	13	14	0	0.001
72290993115	2012	8	17	13	0	0.005
72290993115	2012	8	17	14	0	0.001
72290993115	2012	8	17	15	0	0.001
72290993115	2012	8	17	16	0	0.001
72290993115	2012	8	17	21	0	0.002
72290993115	2012	8	17	22	0	0.002
72290993115	2012	8	18	1	0	0.001
72290993115	2012	8	18	4	0	0.003
72290993115	2012	8	21	15	0	0.002
72290993115	2012	8	24	14	0	0.002
72290993115	2012	8	29	23	0	0.001
72290993115	2012	8	30	13	0	0.001
72290993115	2012	8	30	14	0	0.001
72290993115	2012	8	30	16	0	0.002
72290993115	2012	8	30	17	0	0.001
72290993115	2012	10	12	11	0	0.03
72290993115	2012	10	12	13	0	0.02
72290993115	2012	10	21	12	0	0.04
72290993115	2012	10	21	20	0	0.01
72290993115	2012	11	8	12	0	0.02
72290993115	2012	11	9	3	0	0.01
72290993115	2012	11	9	7	0	0.04
72290993115	2012	11	10	2	0	0.02
72290993115	2012	11	10	4	0	0.01
72290993115	2012	12	13	14	0	0.226
72290993115	2012	12	13	15	0	0.14
72290993115	2012	12	13	16	0	0.11
72290993115	2012	12	13	17	0	0.77
72290993115	2012	12	13	18	0	0.02
72290993115	2012	12	13	19	0	0.02
72290993115	2012	12	17	16	0	0.01
72290993115	2012	12	18	10	0	0.01
72290993115	2012	12	18	12	0	0.01
72290993115	2012	12	30	0	0	0.01
72290993115	2012	12	30	1	0	0.03
72290993115	2012	12	30	20	0	0.04
72290993115	2012	12	31	0	0	0.05
72290993115	2013	1	7	4	0	0.08
72290993115	2013	1	7	7	0	0.01
72290993115	2013	1	7	8	0	0.01
72290993115	2013	1	25	14	0	0.09
72290993115	2013	1	25	15	0	0.03
72290993115	2013	1	25	18	0	0.05
72290993115	2013	1	25	19	0	0.02
72290993115	2013	1	25	22	0	0.03
72290993115	2013	1	25	23	0	0.01
72290993115	2013	1	26	0	0	0.012
72290993115	2013	1	26	1	0	0.01
72290993115	2013	1	26	2	0	0.01
72290993115	2013	1	26	4	0	0.05
72290993115	2013	1	26	5	0	0.01
72290993115	2013	2	8	16	0	0.02
72290993115	2013	2	8	19	0	0.03
72290993115	2013	2	8	20	0	0.026
72290993115	2013	2	9	3	0	0.01
72290993115	2013	2	20	6	0	0.17
72290993115	2013	2	21	21	0	0.15
72290993115	2013	3	8	6	0	0.02
72290993115	2013	3	8	7	0	0.02
72290993115	2013	3	8	8	0	0.02
72290993115	2013	3	8	11	0	0.11
72290993115	2013	3	8	12	0	0.19
72290993115	2013	3	8	15	0	0.05
72290993115	2013	3	8	18	0	0.01
72290993115	2013	3	8	19	0	0.01
72290993115	2013	3	8	21	0	0.02
72290993115	2013	3	8	22	0	0.03
72290993115	2013	3	9	6	0	0.01
72290993115	2013	3	9	7	0	0.05
72290993115	2013	5	5	23	0	0.01
72290993115	2013	5	6	11	0	0.01
72290993115	2013	5	6	18	0	0.01
72290993115	2013	5	6	19	0	0.01
72290993115	2013	5	7	6	0	0.01
72290993115	2013	5	7	8	0	0.02
72290993115	2013	9	17	16	0	0.07
72290993115	2013	10	29	11	0	0.047
72290993115	2013	10	29	12	0	0.085
72290993115	2013	10	29	13	0	0.022
72290993115	2013	10	29	14	0	0.033
72290993115	2013	10	29	15	0	0.008
72290993115	2013	11	21	18	0	0.015
72290993115	2013	11	21	19	0	0.015
72290993115	2013	11	21	20	0	0.006
72290993115	2013	11	23	4	0	0.02
72290993115	2013	11	24	1	0	0.01
72290993115	2013	12	5	13	0	0.001
72290993115	2013	12	5	16	0	0.002
72290993115	2013	12	7	22	0	0.01
72290993115	2013	12	7	23	0	0.07
72290993115	2013	12	19	22	0	0.01
72290993115	2013	12	19	23	0	0.04
72290993115	2013	12	20	0	0	0.02
72290993115	2013	12	20	3	0	0.01
72290993115	2013	12	20	5	0	0.019
72290993115	2014	2	3	12	0	0.01
72290993115	2014	2	7	2	0	0.04
72290993115	2014	2	7	3	0	0.034
72290993115	2014	2	7	4	0	0.018
72290993115	2014	2	7	5	0	0.003
72290993115	2014	2	7	6	0	0.005
72290993115	2014	2	7	7	0	0.004
72290993115	2014	2	7	8	0	0.008
72290993115	2014	2	7	9	0	0.008
72290993115	2014	2	7	10	0	0.01
72290993115	2014	2	7	11	0	0.01
72290993115	2014	2	7	12	0	0.05
72290993115	2014	2	28	12	0	0.01
72290993115	2014	2	28	19	0	0.01
72290993115	2014	2	28	20	0	0.05
72290993115	2014	3	1	0	0	0.39
72290993115	2014	3	1	9	0	0.18
72290993115	2014	3	1	10	0	0.21
72290993115	2014	4	1	14	0	0.006
72290993115	2014	4	1	15	0	0.01
72290993115	2014	4	2	13	0	0.054
72290993115	2014	4	2	14	0	0.005
72290993115	2014	4	2	15	0	0.045
72290993115	2014	4	26	9	0	0.06
72290993115	2014	7	27	18	0	0.05
72290993115	2014	11	1	12	0	0.044
72290993115	2014	11	1	13	0	0.035
72290993115	2014	11	1	14	0	0.016
72290993115	2014	11	2	5	0	0.007
72290993115	2014	11	2	7	0	0.007
72290993115	2014	11	2	8	0	0.041
72290993115	2014	11	2	9	0	0.017
72290993115	2014	11	2	10	0	0.005
72290993115	2014	11	2	11	0	0.041
72290993115	2014	11	2	12	0	0.018
72290993115	2014	11	2	15	0	0.021
72290993115	2014	12	3	3	0	0.18
72290993115	2014	12	3	4	0	0.041
72290993115	2014	12	3	6	0	0.005
72290993115	2014	12	3	7	0	0.005
72290993115	2014	12	3	8	0	0.138
72290993115	2014	12	3	9	0	0.096
72290993115	2014	12	3	10	0	0.051
72290993115	2014	12	3	11	0	0.017
72290993115	2014	12	3	12	0	0.009
72290993115	2014	12	3	13	0	0.024
72290993115	2014	12	3	14	0	0.018
72290993115	2014	12	3	15	0	0.013
72290993115	2014	12	3	17	0	0.031
72290993115	2014	12	3	18	0	0.083
72290993115	2014	12	3	19	0	0.049
72290993115	2014	12	3	20	0	0.021
72290993115	2014	12	3	21	0	0.019
72290993115	2014	12	3	22	0	0.009
72290993115	2014	12	3	23	0	0.002
72290993115	2014	12	4	0	0	0.001
72290993115	2014	12	4	8	0	0.015
72290993115	2014	12	4	9	0	0.177
72290993115	2014	12	4	10	0	0.231
72290993115	2014	12	4	11	0	0.011
72290993115	2014	12	4	12	0	0.032
72290993115	2014	12	4	13	0	0.085
72290993115	2014	12	4	14	0	0.031
72290993115	2014	12	4	15	0	0.002
72290993115	2014	12	4	17	0	0.004
72290993115	2014	12	12	15	0	0.018
72290993115	2014	12	12	16	0	0.289
72290993115	2014	12	12	17	0	0.122
72290993115	2014	12	12	18	0	0.134
72290993115	2014	12	12	19	0	0.123
72290993115	2014	12	12	20	0	0.159
72290993115	2014	12	12	21	0	0.08
72290993115	2014	12	12	22	0	0.01
72290993115	2014	12	13	0	0	0.006
72290993115	2014	12	13	1	0	0.003
72290993115	2014	12	13	10	0	0.001
72290993115	2014	12	13	11	0	0.006
72290993115	2014	12	13	16	0	0.005
72290993115	2014	12	13	17	0	0.009
72290993115	2014	12	13	18	0	0.005
72290993115	2014	12	17	14	0	0.18
72290993115	2014	12	17	15	0	0.144
72290993115	2014	12	17	16	0	0.008
72290993115	2015	3	1	13	0	0.125
72290993115	2015	3	1	14	0	0.11
72290993115	2015	3	1	15	0	0.063
72290993115	2015	3	1	16	0	0.075
72290993115	2015	3	1	17	0	0.057
72290993115	2015	3	1	18	0	0.054
72290993115	2015	3	1	19	0	0.039
72290993115	2015	3	1	20	0	0.033
72290993115	2015	3	1	21	0	0.011
72290993115	2015	3	1	22	0	0.022
72290993115	2015	3	1	23	0	0.014
72290993115	2015	3	2	0	0	0.037
72290993115	2015	3	2	1	0	0.033
72290993115	2015	3	2	2	0	0.022
72290993115	2015	3	2	3	0	0.024
72290993115	2015	3	2	4	0	0.015
72290993115	2015	3	2	5	0	0.003
72290993115	2015	3	2	6	0	0.013
72290993115	2015	3	2	7	0	0.014
72290993115	2015	3	2	8	0	0.025
72290993115	2015	3	2	9	0	0.024
72290993115	2015	3	2	10	0	0.008
72290993115	2015	3	2	11	0	0.002
72290993115	2015	3	2	12	0	0.013
72290993115	2015	3	2	14	0	0.013
72290993115	2015	3	2	15	0	0.004
72290993115	2015	3	2	16	0	0.012
72290993115	2015	3	2	17	0	0.008
72290993115	2015	3	2	18	0	0.004
72290993115	2015	3	2	19	0	0.111
72290993115	2015	3	2	22	0	0.012
72290993115	2015	3	2	23	0	0.079
72290993115	2015	3	3	0	0	0.029
72290993115	2015	3	3	5	0	0.003
72290993115	2015	3	3	6	0	0.003
72290993115	2015	3	3	10	0	0.001
72290993115	2015	3	3	12	0	0.005
72290993115	2015	3	3	14	0	0.014
72290993115	2015	3	3	15	0	0.002
72290993115	2015	5	8	7	0	0.019
72290993115	2015	5	8	8	0	0.019
72290993115	2015	5	8	11	0	0.026
72290993115	2015	5	8	12	0	0.023
72290993115	2015	5	8	13	0	0.009
72290993115	2015	5	8	14	0	0.068
72290993115	2015	5	8	15	0	0.091
72290993115	2015	5	8	16	0	0.064
72290993115	2015	5	8	17	0	0.012
72290993115	2015	5	8	18	0	0.044
72290993115	2015	5	8	20	0	0.012
72290993115	2015	5	8	21	0	0.002
72290993115	2015	5	8	23	0	0.025
72290993115	2015	5	9	0	0	0.058
72290993115	2015	5	9	4	0	0.003
72290993115	2015	5	9	16	0	0.003
72290993115	2015	5	9	17	0	0.005
72290993115	2015	5	14	22	0	0.054
72290993115	2015	5	14	23	0	0.03
72290993115	2015	5	15	0	0	0.075
72290993115	2015	5	15	1	0	0.108
72290993115	2015	5	15	2	0	0.019
72290993115	2015	5	15	3	0	0.303
72290993115	2015	5	15	4	0	0.027
72290993115	2015	5	15	5	0	0.068
72290993115	2015	5	15	6	0	0.029
72290993115	2015	5	15	10	0	0.009
72290993115	2015	5	15	11	0	0.002
72290993115	2015	5	15	12	0	0.01
72290993115	2015	5	15	13	0	0.029
72290993115	2015	5	15	14	0	0.052
72290993115	2015	5	15	15	0	0.036
72290993115	2015	5	15	16	0	0.053
72290993115	2015	5	15	17	0	0.026
72290993115	2015	5	15	18	0	0.012
72290993115	2015	5	15	19	0	0.033
72290993115	2015	5	15	20	0	0.085
72290993115	2015	5	15	21	0	0.04
72290993115	2015	5	15	22	0	0.003
72290993115	2015	5	22	5	0	0.025
72290993115	2015	5	23	7	0	0.011
72290993115	2015	5	23	10	0	0.004
72290993115	2015	5	23	11	0	0.006
72290993115	2015	5	23	14	0	0.009
72290993115	2015	5	24	15	0	0.001
72290993115	2015	5	24	16	0	0.001
72290993115	2015	7	18	21	0	0.081
72290993115	2015	7	18	22	0	0.012
72290993115	2015	7	19	21	0	0.009
72290993115	2015	7	19	22	0	0.335
72290993115	2015	7	19	23	0	0.043
72290993115	2015	7	20	0	0	0.017
72290993115	2015	7	20	1	0	0.033
72290993115	2015	7	20	2	0	0.026
72290993115	2015	7	20	3	0	0.032
72290993115	2015	7	20	4	0	0.004
72290993115	2015	7	20	16	0	0.002
72290993115	2015	9	10	21	0	0.002
72290993115	2015	9	15	18	0	0.09
72290993115	2015	9	15	19	0	0.1
72290993115	2015	9	15	20	0	0.02
72290993115	2015	9	15	21	0	0.04
72290993115	2015	9	15	22	0	0.04
72290993115	2015	9	15	23	0	0.01
72290993115	2015	9	16	0	0	0.03
72290993115	2015	9	16	1	0	0.01
72290993115	2015	9	16	3	0	0.02
72290993115	2015	9	16	4	0	0.03
72290993115	2015	9	16	6	0	0.01
72290993115	2015	9	16	7	0	0.02
72290993115	2015	9	16	8	0	0.02
72290993115	2015	9	16	9	0	0.01
72290993115	2015	9	16	10	0	0.005
72290993115	2015	9	16	13	0	0.04
72290993115	2015	10	4	10	0	0.01
72290993115	2015	10	4	11	0	0.01
72290993115	2015	10	4	15	0	0.01
72290993115	2015	10	4	16	0	0.06
72290993115	2015	10	4	19	0	0.04
72290993115	2015	10	5	16	0	0.04
72290993115	2015	10	5	18	0	0.07
72290993115	2015	10	16	12	0	0.01
72290993115	2015	11	3	16	0	0.02
72290993115	2015	11	3	18	0	0.01
72290993115	2015	11	4	1	0	0.02
72290993115	2015	11	4	2	0	0.09
72290993115	2015	11	4	6	0	0.01
72290993115	2015	11	4	7	0	0.01
72290993115	2015	11	4	8	0	0.04
72290993115	2015	11	16	1	0	0.06
72290993115	2015	11	16	4	0	0.01
72290993115	2015	11	25	22	0	0.01
72290993115	2015	11	27	6	0	0.04
72290993115	2015	11	27	8	0	0.03
72290993115	2015	11	27	10	0	0.04
72290993115	2015	11	27	11	0	0.07
72290993115	2015	11	27	12	0	0.02
72290993115	2015	11	27	13	0	0.06
72290993115	2015	12	11	8	0	0.02
72290993115	2015	12	11	9	0	0.02
72290993115	2015	12	14	5	0	0.01
72290993115	2015	12	14	6	0	0.09
72290993115	2015	12	20	5	0	0.04
72290993115	2015	12	20	6	0	0.03
72290993115	2015	12	22	7	0	0.01
72290993115	2015	12	22	8	0	0.01
72290993115	2015	12	22	9	0	0.02
72290993115	2015	12	22	10	0	0.02
72290993115	2015	12	22	11	0	0.02
72290993115	2015	12	22	12	0	0.01
72290993115	2015	12	22	17	0	0.01
72290993115	2015	12	22	22	0	0.01
72290993115	2015	12	23	0	0	0.01
72290993115	2015	12	23	4	0	0.01
72290993115	2015	12	23	5	0	0.01
72290993115	2015	12	25	9	0	0.01
72290993115	2015	12	26	5	0	0.01
72290993115	2015	12	29	0	0	0.01
72290993115	2015	12	29	1	0	0.01
72290993115	2015	12	29	3	0	0.01
72290993115	2015	12	29	4	0	0.01
72290993115	2016	1	4	11	0	0.01
72290993115	2016	1	4	13	0	0.01
72290993115	2016	1	4	15	0	0.01
72290993115	2016	1	4	17	0	0.01
72290993115	2016	1	4	20	0	0.01
72290993115	2016	1	4	22	0	0.01
72290993115	2016	1	5	3	0	0.01
72290993115	2016	1	5	6	0	0.01
72290993115	2016	1	5	17	0	0.01
72290993115	2016	1	5	21	0	0.01
72290993115	2016	1	5	22	0	1.09
72290993115	2016	1	5	23	0	0.07
72290993115	2016	1	6	0	0	0.09
72290993115	2016	1	6	21	0	0.02
72290993115	2016	1	6	22	0	0.01
72290993115	2016	1	6	23	0	0.01
72290993115	2016	1	7	0	0	0.14
72290993115	2016	1	7	2	0	0.01
72290993115	2016	1	7	3	0	0.02
72290993115	2016	1	7	8	0	0.01
72290993115	2016	1	7	14	0	0.01
72290993115	2016	1	7	15	0	0.08
72290993115	2016	1	7	16	0	0.02
72290993115	2016	1	7	19	0	0.01
72290993115	2016	1	7	20	0	0.139
72290993115	2016	1	8	4	0	0.04
72290993115	2016	1	8	5	0	0.01
72290993115	2016	1	8	6	0	0.12
72290993115	2016	1	8	7	0	0.19
72290993115	2016	1	8	8	0	0.01
72290993115	2016	1	10	2	0	0.01
72290993115	2016	1	10	13	0	0.01
72290993115	2016	1	10	15	0	0.005
72290993115	2016	1	16	2	0	0.01
72290993115	2016	1	24	3	0	0.01
72290993115	2016	1	24	4	0	0.01
72290993115	2016	1	31	6	0	0.01
72290993115	2016	1	31	14	0	0.03
72290993115	2016	1	31	15	0	0.08
72290993115	2016	1	31	16	0	0.01
72290993115	2016	1	31	17	0	0.02
72290993115	2016	1	31	18	0	0.09
72290993115	2016	1	31	20	0	0.03
72290993115	2016	1	31	22	0	0.11
72290993115	2016	2	1	6	0	0.02
72290993115	2016	2	1	7	0	0.01
72290993115	2016	2	1	8	0	0.02
72290993115	2016	2	1	9	0	0.02
72290993115	2016	2	18	8	0	0.02
72290993115	2016	2	18	11	0	0.01
72290993115	2016	3	6	5	0	0.01
72290993115	2016	3	6	17	0	0.21
72290993115	2016	3	6	18	0	0.04
72290993115	2016	3	6	19	0	0.01
72290993115	2016	3	7	16	0	0.17
72290993115	2016	3	7	17	0	0.05
72290993115	2016	3	7	18	0	0.02
72290993115	2016	3	7	19	0	0.01
72290993115	2016	3	7	21	0	0.05
72290993115	2016	3	7	22	0	0.06
72290993115	2016	3	7	23	0	0.06
72290993115	2016	3	8	3	0	0.05
72290993115	2016	3	8	4	0	0.11
72290993115	2016	3	8	5	0	0.14
72290993115	2016	3	8	6	0	0.03
72290993115	2016	3	12	0	0	0.05
72290993115	2016	3	12	1	0	0.05
72290993115	2016	3	12	8	0	0.01
72290993115	2016	3	30	10	0	0.02
72290993115	2016	3	30	12	0	0.01
72290993115	2016	4	7	14	0	0.02
72290993115	2016	4	7	15	0	0.03
72290993115	2016	4	7	16	0	0.04
72290993115	2016	4	7	17	0	0.04
72290993115	2016	4	7	18	0	0.1
72290993115	2016	4	7	19	0	0.08
72290993115	2016	4	7	20	0	0.02
72290993115	2016	4	7	22	0	0.01
72290993115	2016	4	8	3	0	0.02
72290993115	2016	4	8	9	0	0.01
72290993115	2016	4	8	12	0	0.01
72290993115	2016	4	10	3	0	0.03
72290993115	2016	4	10	4	0	0.02
72290993115	2016	4	10	5	0	0.01
72290993115	2016	4	10	9	0	0.06
72290993115	2016	4	10	10	0	0.01
72290993115	2016	5	6	4	0	0.04
72290993115	2016	5	6	5	0	0.03
72290993115	2016	5	6	9	0	0.14
72290993115	2016	5	6	10	0	0.21
72290993115	2016	5	6	11	0	0.11
72290993115	2016	5	6	12	0	0.03
72290993115	2016	5	6	13	0	0.03
72290993115	2016	5	6	16	0	0.03
72290993115	2016	5	6	17	0	0.06
72290993115	2016	5	6	18	0	0.02
72290993115	2016	5	6	19	0	0.01
72290993115	2016	5	7	2	0	0.02
72290993115	2016	5	18	1	0	0.001
72290993115	2016	5	25	10	0	0.02
72290993115	2016	5	25	11	0	0.007
72290993115	2016	5	25	13	0	0.002
72290993115	2016	5	29	7	0	0.003
72290993115	2016	5	29	9	0	0.003
72290993115	2016	5	30	10	0	0.01
72290993115	2016	5	30	11	0	0.004
72290993115	2016	5	30	12	0	0.01
72290993115	2016	5	30	22	0	0.001
72290993115	2016	5	31	1	0	0.006
72290993115	2016	6	30	22	0	0.001
72290993115	2016	9	20	12	0	0.02
72290993115	2016	9	20	13	0	0.01
72290993115	2016	9	20	14	0	0.05
72290993115	2016	9	20	17	0	0.04
72290993115	2016	9	20	18	0	0.03
72290993115	2016	9	20	19	0	0.01
72290993115	2016	9	20	20	0	0.06
72290993115	2016	9	20	21	0	0.03
72290993115	2016	9	20	22	0	0.04
72290993115	2016	9	20	23	0	0.07
72290993115	2016	9	21	0	0	0.02
72290993115	2016	9	21	1	0	0.06
72290993115	2016	9	21	3	0	0.04
72290993115	2016	9	21	11	0	0.07
72290993115	2016	10	25	0	0	0.03
72290993115	2016	10	30	22	0	0.01
72290993115	2016	11	21	5	0	0.04
72290993115	2016	11	21	8	0	0.13
72290993115	2016	11	21	9	0	0.04
72290993115	2016	11	21	19	0	0.02
72290993115	2016	11	27	0	0	0.08
72290993115	2016	11	27	10	0	0.01
72290993115	2016	11	27	15	0	0.01
72290993115	2016	11	27	16	0	0.08
72290993115	2016	11	27	22	0	0.03
72290993115	2016	11	28	9	0	0.01
72290993115	2016	11	29	0	0	0.01
72290993115	2016	11	29	2	0	0.02
72290993115	2016	12	2	7	0	0.01
72290993115	2016	12	16	0	0	0.005
72290993115	2016	12	16	1	0	0.006
72290993115	2016	12	16	2	0	0.001
72290993115	2016	12	16	4	0	0.001
72290993115	2016	12	16	6	0	0.012
72290993115	2016	12	16	7	0	0.02
72290993115	2016	12	16	8	0	0.13
72290993115	2016	12	16	9	0	0.03
72290993115	2016	12	16	10	0	0.14
72290993115	2016	12	16	11	0	0.14
72290993115	2016	12	16	12	0	0.03
72290993115	2016	12	16	13	0	0.03
72290993115	2016	12	16	14	0	0.01
72290993115	2016	12	16	15	0	0.02
72290993115	2016	12	16	16	0	0.01
72290993115	2016	12	16	17	0	0.01
72290993115	2016	12	16	18	0	0.017
72290993115	2016	12	16	19	0	0.013
72290993115	2016	12	16	20	0	0.05
72290993115	2016	12	16	21	0	0.19
72290993115	2016	12	16	22	0	0.02
72290993115	2016	12	16	23	0	0.01
72290993115	2016	12	17	0	0	0.013
72290993115	2016	12	17	5	0	0.007
72290993115	2016	12	21	5	0	0.001
72290993115	2016	12	21	6	0	0.002
72290993115	2016	12	21	8	0	0.003
72290993115	2016	12	21	9	0	0.004
72290993115	2016	12	21	17	0	0.014
72290993115	2016	12	22	1	0	0.04
72290993115	2016	12	22	2	0	0.16
72290993115	2016	12	22	3	0	0.05
72290993115	2016	12	22	4	0	0.02
72290993115	2016	12	22	5	0	0.07
72290993115	2016	12	22	6	0	0.11
72290993115	2016	12	22	7	0	0.24
72290993115	2016	12	22	8	0	0.15
72290993115	2016	12	22	9	0	0.02
72290993115	2016	12	22	10	0	0.02
72290993115	2016	12	22	11	0	0.19
72290993115	2016	12	22	12	0	0.08
72290993115	2016	12	22	13	0	0.04
72290993115	2016	12	22	14	0	0.06
72290993115	2016	12	22	15	0	0.1
72290993115	2016	12	22	16	0	0.3
72290993115	2016	12	22	17	0	0.03
72290993115	2016	12	22	18	0	0.06
72290993115	2016	12	22	19	0	0.02
72290993115	2016	12	22	20	0	0.041
72290993115	2016	12	22	21	0	0.012
72290993115	2016	12	22	22	0	0.071
72290993115	2016	12	22	23	0	0.01
72290993115	2016	12	23	0	0	0.02
72290993115	2016	12	23	1	0	0.08
72290993115	2016	12	23	2	0	0.03
72290993115	2016	12	23	3	0	0.006
72290993115	2016	12	23	4	0	0.001
72290993115	2016	12	23	6	0	0.012
72290993115	2016	12	23	12	0	0.003
72290993115	2016	12	23	13	0	0.011
72290993115	2016	12	24	8	0	0.03
72290993115	2016	12	24	9	0	0.18
72290993115	2016	12	24	10	0	0.14
72290993115	2016	12	24	11	0	0.09
72290993115	2016	12	24	12	0	0.07
72290993115	2016	12	24	13	0	0.08
72290993115	2016	12	24	14	0	0.07
72290993115	2016	12	24	16	0	0.007
72290993115	2016	12	24	20	0	0.005
72290993115	2016	12	24	23	0	0.013
72290993115	2016	12	25	0	0	0.009
72290993115	2016	12	25	1	0	0.006
72290993115	2016	12	25	4	0	0.004
72290993115	2016	12	25	5	0	0.012
72290993115	2016	12	25	8	0	0.005
72290993115	2016	12	30	17	0	0.04
72290993115	2016	12	30	18	0	0.08
72290993115	2016	12	31	1	0	0.01
72290993115	2016	12	31	2	0	0.01
72290993115	2016	12	31	3	0	0.04
72290993115	2016	12	31	4	0	0.03
72290993115	2016	12	31	5	0	0.05
72290993115	2016	12	31	6	0	0.01
72290993115	2016	12	31	7	0	0.05
72290993115	2016	12	31	8	0	0.03
72290993115	2016	12	31	9	0	0.02
72290993115	2017	1	1	0	0	0.09
72290993115	2017	1	1	1	0	0.06
72290993115	2017	1	1	2	0	0.02
72290993115	2017	1	1	4	0	0.01
72290993115	2017	1	1	5	0	0.08
72290993115	2017	1	1	6	0	0.04
72290993115	2017	1	1	7	0	0.08
72290993115	2017	1	5	20	0	0.03
72290993115	2017	1	5	23	0	0.01
72290993115	2017	1	6	0	0	0.04
72290993115	2017	1	6	1	0	0.02
72290993115	2017	1	6	4	0	0.01
72290993115	2017	1	9	16	0	0.04
72290993115	2017	1	9	17	0	0.01
72290993115	2017	1	11	21	0	0.03
72290993115	2017	1	12	7	0	0.02
72290993115	2017	1	12	22	0	0.07
72290993115	2017	1	12	23	0	0.2
72290993115	2017	1	13	6	0	0.21
72290993115	2017	1	13	7	0	0.07
72290993115	2017	1	13	8	0	0.04
72290993115	2017	1	13	9	0	0.04
72290993115	2017	1	13	10	0	0.07
72290993115	2017	1	13	11	0	0.06
72290993115	2017	1	13	12	0	0.04
72290993115	2017	1	13	13	0	0.08
72290993115	2017	1	13	14	0	0.01
72290993115	2017	1	14	12	0	0.01
72290993115	2017	1	14	13	0	0.01
72290993115	2017	1	19	4	0	0.01
72290993115	2017	1	19	5	0	0.01
72290993115	2017	1	19	6	0	0.01
72290993115	2017	1	19	12	0	0.01
72290993115	2017	1	19	13	0	0.02
72290993115	2017	1	19	14	0	0.12
72290993115	2017	1	19	15	0	0.16
72290993115	2017	1	19	16	0	0.04
72290993115	2017	1	19	17	0	0.02
72290993115	2017	1	20	11	0	0.02
72290993115	2017	1	20	14	0	0.09
72290993115	2017	1	20	15	0	0.07
72290993115	2017	1	20	16	0	0.07
72290993115	2017	1	20	17	0	0.04
72290993115	2017	1	20	18	0	0.07
72290993115	2017	1	20	19	0	0.06
72290993115	2017	1	20	20	0	0.02
72290993115	2017	1	20	21	0	0.02
72290993115	2017	1	20	22	0	0.19
72290993115	2017	1	21	0	0	0.15
72290993115	2017	1	21	1	0	0.09
72290993115	2017	1	23	17	0	0.07
72290993115	2017	1	23	18	0	0.05
72290993115	2017	1	23	21	0	0.01
72290993115	2017	1	23	22	0	0.22
72290993115	2017	1	23	23	0	0.08
72290993115	2017	1	24	1	0	0.01
72290993115	2017	1	24	18	0	0.03
72290993115	2017	1	24	19	0	0.09
72290993115	2017	1	24	22	0	0.02
72290993115	2017	2	6	23	0	0.015
72290993115	2017	2	7	2	0	0.033
72290993115	2017	2	7	3	0	0.031
72290993115	2017	2	7	15	0	0.01
72290993115	2017	2	18	2	0	0.19
72290993115	2017	2	18	3	0	0.234
72290993115	2017	2	18	4	0	0.364
72290993115	2017	2	18	5	0	0.174
72290993115	2017	2	18	6	0	0.117
72290993115	2017	2	18	7	0	0.088
72290993115	2017	2	18	8	0	0.061
72290993115	2017	2	18	9	0	0.039
72290993115	2017	2	18	10	0	0.009
72290993115	2017	2	18	11	0	0.01
72290993115	2017	2	18	23	0	0.007
72290993115	2017	2	19	1	0	0.006
72290993115	2017	2	19	2	0	0.005
72290993115	2017	2	19	3	0	0.014
72290993115	2017	2	19	5	0	0.014
72290993115	2017	2	19	6	0	0.085
72290993115	2017	2	19	7	0	0.016
72290993115	2017	2	19	11	0	0.003
72290993115	2017	2	19	12	0	0.023
72290993115	2017	2	19	13	0	0.002
72290993115	2017	2	19	14	0	0.014
72290993115	2017	2	19	15	0	0.012
72290993115	2017	2	19	16	0	0.005
72290993115	2017	2	19	19	0	0.01
72290993115	2017	2	26	14	0	0.003
72290993115	2017	2	26	15	0	0.024
72290993115	2017	2	26	16	0	0.003
72290993115	2017	2	26	17	0	0.008
72290993115	2017	2	26	19	0	0.001
72290993115	2017	2	27	8	0	0.002
72290993115	2017	2	27	9	0	0.014
72290993115	2017	2	27	10	0	0.021
72290993115	2017	2	27	11	0	0.049
72290993115	2017	2	27	12	0	0.059
72290993115	2017	2	27	13	0	0.073
72290993115	2017	2	27	14	0	0.104
72290993115	2017	2	27	17	0	0.171
72290993115	2017	2	27	18	0	0.181
72290993115	2017	2	27	19	0	0.15
72290993115	2017	2	27	20	0	0.162
72290993115	2017	2	27	21	0	0.121
72290993115	2017	2	27	22	0	0.121
72290993115	2017	2	27	23	0	0.139
72290993115	2017	2	28	0	0	0.083
72290993115	2017	2	28	1	0	0.063
72290993115	2017	2	28	2	0	0.096
72290993115	2017	2	28	3	0	0.064
72290993115	2017	2	28	4	0	0.012
72290993115	2017	2	28	5	0	0.006
72290993115	2017	2	28	6	0	0.24
72290993115	2017	2	28	7	0	0.268
72290993115	2017	2	28	8	0	0.103
72290993115	2017	2	28	9	0	0.041
72290993115	2017	2	28	14	0	0.001
72290993115	2017	3	6	0	0	0.007
72290993115	2017	3	6	1	0	0.005
72290993115	2017	3	6	2	0	0.013
72290993115	2017	3	6	3	0	0.005
72290993115	2017	5	7	17	0	0.011
72290993115	2017	5	7	18	0	0.014
72290993115	2017	5	7	19	0	0.034
72290993115	2017	5	7	20	0	0.009
72290993115	2017	5	7	21	0	0.025
72290993115	2017	5	7	22	0	0.049
72290993115	2017	5	7	23	0	0.126
72290993115	2017	5	8	0	0	0.015
72290993115	2017	5	8	1	0	0.019
72290993115	2017	5	8	2	0	0.067
72290993115	2017	5	8	3	0	0.049
72290993115	2017	5	8	4	0	0.035
72290993115	2017	5	8	5	0	0.013
72290993115	2017	5	8	9	0	0.003
72290993115	2017	5	8	16	0	0.006
72290993115	2017	5	10	10	0	0.001
72290993115	2017	5	10	14	0	0.001
72290993115	2017	5	16	12	0	0.003
72290993115	2017	5	16	13	0	0.004
72290993115	2017	11	8	0	0	0.017
72290993115	2017	11	8	1	0	0.001
72290993115	2017	11	8	3	0	0.001
72290993115	2017	12	21	6	0	0.015
72290993115	2017	12	21	7	0	0.015
72290993115	2018	1	9	10	0	0.23
72290993115	2018	1	9	11	0	0.03
72290993115	2018	1	9	12	0	0.012
72290993115	2018	1	9	13	0	0.044
72290993115	2018	1	9	14	0	0.059
72290993115	2018	1	9	15	0	0.034
72290993115	2018	1	9	16	0	0.083
72290993115	2018	1	9	17	0	0.098
72290993115	2018	1	9	18	0	0.071
72290993115	2018	1	9	19	0	0.015
72290993115	2018	1	9	20	0	0.008
72290993115	2018	1	9	23	0	0.027
72290993115	2018	1	10	0	0	0.045
72290993115	2018	1	10	1	0	0.171
72290993115	2018	1	10	2	0	0.214
72290993115	2018	1	10	3	0	0.101
72290993115	2018	1	10	4	0	0.044
72290993115	2018	1	10	5	0	0.012
72290993115	2018	1	10	6	0	0.018
72290993115	2018	1	10	8	0	0.008
72290993115	2018	1	10	9	0	0.068
72290993115	2018	1	10	10	0	0.003
72290993115	2018	1	10	11	0	0.008
72290993115	2018	1	10	12	0	0.003
72290993115	2018	1	10	13	0	0.029
72290993115	2018	1	10	14	0	0.003
72290993115	2018	1	10	15	0	0.004
72290993115	2018	1	10	17	0	0.015
72290993115	2018	1	10	18	0	0.022
72290993115	2018	1	10	19	0	0.013
72290993115	2018	2	13	11	0	0.001
72290993115	2018	2	13	13	0	0.003
72290993115	2018	2	27	10	0	0.127
72290993115	2018	2	27	11	0	0.139
72290993115	2018	2	27	12	0	0.067
72290993115	2018	2	27	13	0	0.066
72290993115	2018	2	27	14	0	0.052
72290993115	2018	2	27	15	0	0.008
72290993115	2018	2	27	16	0	0.015
72290993115	2018	2	27	17	0	0.004
72290993115	2018	2	27	19	0	0.002
72290993115	2018	2	27	20	0	0.002
72290993115	2018	2	27	21	0	0.001
72290993115	2018	2	27	23	0	0.003
72290993115	2018	2	28	0	0	0.001
72290993115	2018	2	28	3	0	0.003
72290993115	2018	2	28	4	0	0.001
72290993115	2018	2	28	5	0	0.026
72290993115	2018	2	28	6	0	0.002
72290993115	2018	2	28	20	0	0.001
72290993115	2018	3	3	11	0	0.015
72290993115	2018	3	3	12	0	0.005
72290993115	2018	3	3	18	0	0.048
72290993115	2018	3	3	19	0	0.016
72290993115	2018	3	3	20	0	0.007
72290993115	2018	3	4	9	0	0.007
72290993115	2018	3	4	10	0	0.008
72290993115	2018	3	10	22	0	0.028
72290993115	2018	3	10	23	0	0.013
72290993115	2018	3	11	0	0	0.026
72290993115	2018	3	11	1	0	0.041
72290993115	2018	3	11	2	0	0.081
72290993115	2018	3	11	3	0	0.03
72290993115	2018	3	11	4	0	0.023
72290993115	2018	3	11	5	0	0.053
72290993115	2018	3	11	6	0	0.097
72290993115	2018	3	11	7	0	0.01
72290993115	2018	3	14	4	0	0.011
72290993115	2018	3	14	9	0	0.003
72290993115	2018	3	14	14	0	0.003
72290993115	2018	3	14	15	0	0.029
72290993115	2018	3	14	16	0	0.001
72290993115	2018	3	15	0	0	0.003
72290993115	2018	3	15	9	0	0.001
72290993115	2018	3	15	10	0	0.002
72290993115	2018	3	15	11	0	0.042
72290993115	2018	3	15	12	0	0.032
72290993115	2018	3	15	13	0	0.006
72290993115	2018	3	15	14	0	0.009
72290993115	2018	3	15	16	0	0.023
72290993115	2018	3	16	22	0	0.001
72290993115	2018	3	17	10	0	0.02
72290993115	2018	3	17	11	0	0.046
72290993115	2018	3	17	13	0	0.041
72290993115	2018	3	17	14	0	0.059
72290993115	2018	3	17	15	0	0.048
72290993115	2018	3	17	16	0	0.006
72290993115	2018	3	17	17	0	0.033
72290993115	2018	3	18	11	0	0.005
72290993115	2018	3	22	18	0	0.001
72290993115	2018	3	22	19	0	0.001
72290993115	2018	3	22	23	0	0.002
72290993115	2018	3	23	2	0	0.016
72290993115	2018	3	23	6	0	0.008
72290993115	2018	3	23	9	0	0.008
72290993115	2018	3	23	15	0	0.019
72290993115	2018	4	19	17	0	0.08
72290993115	2018	5	1	4	0	0.01
72290993115	2018	5	2	8	0	0.002
72290993115	2018	5	2	9	0	0.06
72290993115	2018	5	2	12	0	0.01
72290993115	2018	10	13	2	0	0.02
72290993115	2018	10	13	3	0	0.01
72290993115	2018	10	13	6	0	0.05
72290993115	2018	11	22	13	0	0.009
72290993115	2018	11	22	14	0	0.002
72290993115	2018	11	22	15	0	0.017
72290993115	2018	11	29	6	0	0.01
72290993115	2018	11	29	7	0	0.01
72290993115	2018	11	29	8	0	0.02
72290993115	2018	11	29	9	0	0.03
72290993115	2018	11	29	10	0	0.02
72290993115	2018	11	29	11	0	0.01
72290993115	2018	11	29	12	0	0.02
72290993115	2018	11	29	15	0	0.04
72290993115	2018	11	29	18	0	0.01
72290993115	2018	11	29	19	0	0.28
72290993115	2018	11	29	20	0	0.09
72290993115	2018	11	29	21	0	0.02
72290993115	2018	11	29	22	0	0.08
72290993115	2018	11	30	0	0	0.01
72290993115	2018	11	30	8	0	0.01
72290993115	2018	12	2	8	0	0.007
72290993115	2018	12	5	21	0	0.022
72290993115	2018	12	5	22	0	0.064
72290993115	2018	12	5	23	0	0.136
72290993115	2018	12	6	0	0	0.193
72290993115	2018	12	6	1	0	0.13
72290993115	2018	12	6	2	0	0.089
72290993115	2018	12	6	3	0	0.01
72290993115	2018	12	6	4	0	0.048
72290993115	2018	12	6	6	0	0.004
72290993115	2018	12	6	11	0	0.03
72290993115	2018	12	6	12	0	0.003
72290993115	2018	12	6	13	0	0.006
72290993115	2018	12	6	14	0	0.048
72290993115	2018	12	6	15	0	0.002
72290993115	2018	12	6	16	0	0.005
72290993115	2018	12	6	18	0	0.005
72290993115	2018	12	6	19	0	0.005
72290993115	2018	12	6	23	0	0.007
72290993115	2018	12	7	0	0	0.028
72290993115	2018	12	7	1	0	0.146
72290993115	2018	12	7	2	0	0.286
72290993115	2018	12	7	3	0	0.212
72290993115	2018	12	7	4	0	0.09
72290993115	2018	12	7	5	0	0.145
72290993115	2018	12	7	6	0	0.062
72290993115	2018	12	7	7	0	0.059
72290993115	2018	12	7	8	0	0.02
72290993115	2018	12	25	9	0	0.019
72290993115	2018	12	25	10	0	0.002
72290993115	2018	12	25	18	0	0.017
72290993115	2018	12	25	19	0	0.055
72290993115	2018	12	25	20	0	0.111
72290993115	2018	12	25	21	0	0.058
72290993115	2018	12	25	22	0	0.04
72290993115	2018	12	25	23	0	0.002
72290993115	2018	12	28	3	0	0.008
72290993115	2018	12	31	21	0	0.006
72290993115	2018	12	31	23	0	0.006
72290993115	2019	1	1	0	0	0.001
72290993115	2019	1	1	2	0	0.01
72290993115	2019	1	1	3	0	0.045
72290993115	2019	1	1	4	0	0.01
72290993115	2019	1	1	5	0	0.012
72290993115	2019	1	1	6	0	0.006
72290993115	2019	1	1	7	0	0.009
72290993115	2019	1	6	0	0	0.01
72290993115	2019	1	6	1	0	0.01
72290993115	2019	1	6	6	0	0.03
72290993115	2019	1	6	7	0	0.04
72290993115	2019	1	6	8	0	0.14
72290993115	2019	1	6	9	0	0.02
72290993115	2019	1	6	12	0	0.02
72290993115	2019	1	6	13	0	0.03
72290993115	2019	1	6	14	0	0.01
72290993115	2019	1	12	10	0	0.01
72290993115	2019	1	12	11	0	0.12
72290993115	2019	1	12	12	0	0.12
72290993115	2019	1	12	13	0	0.14
72290993115	2019	1	12	14	0	0.02
72290993115	2019	1	13	12	0	0.01
72290993115	2019	1	14	16	0	0.01
72290993115	2019	1	14	17	0	0.02
72290993115	2019	1	14	18	0	0.03
72290993115	2019	1	14	19	0	0.03
72290993115	2019	1	14	20	0	0.03
72290993115	2019	1	14	21	0	0.04
72290993115	2019	1	14	22	0	0.02
72290993115	2019	1	14	23	0	0.05
72290993115	2019	1	15	0	0	0.05
72290993115	2019	1	15	1	0	0.05
72290993115	2019	1	15	2	0	0.03
72290993115	2019	1	15	3	0	0.02
72290993115	2019	1	15	15	0	0.03
72290993115	2019	1	15	16	0	0.04
72290993115	2019	1	15	17	0	0.05
72290993115	2019	1	15	18	0	0.03
72290993115	2019	1	15	19	0	0.01
72290993115	2019	1	18	0	0	0.01
72290993115	2019	1	18	1	0	0.08
72290993115	2019	1	18	5	0	0.02
72290993115	2019	1	18	13	0	0.01
72290993115	2019	1	29	11	0	0.01
72290993115	2019	1	31	12	0	0.01
72290993115	2019	1	31	22	0	0.1
72290993115	2019	1	31	23	0	0.05
72290993115	2019	2	1	0	0	0.09
72290993115	2019	2	1	1	0	0.07
72290993115	2019	2	1	2	0	0.02
72290993115	2019	2	1	3	0	0.01
72290993115	2019	2	3	0	0	0.31
72290993115	2019	2	3	1	0	0.35
72290993115	2019	2	3	2	0	0.1
72290993115	2019	2	4	15	0	0.06
72290993115	2019	2	4	23	0	0.02
72290993115	2019	2	5	0	0	0.1
72290993115	2019	2	5	1	0	0.05
72290993115	2019	2	5	2	0	0.01
72290993115	2019	2	5	3	0	0.04
72290993115	2019	2	5	4	0	0.01
72290993115	2019	2	5	5	0	0.01
72290993115	2019	2	5	6	0	0.09
72290993115	2019	2	5	7	0	0.02
72290993115	2019	2	5	14	0	0.01
72290993115	2019	2	5	15	0	0.01
72290993115	2019	2	5	21	0	0.02
72290993115	2019	2	5	23	0	0.02
72290993115	2019	2	6	0	0	0.01
72290993115	2019	2	6	4	0	0.01
72290993115	2019	2	6	8	0	0.01
72290993115	2019	2	9	18	0	0.02
72290993115	2019	2	11	3	0	0.01
72290993115	2019	2	11	4	0	0.01
72290993115	2019	2	13	21	0	0.01
72290993115	2019	2	13	22	0	0.01
72290993115	2019	2	13	23	0	0.01
72290993115	2019	2	14	0	0	0.02
72290993115	2019	2	14	1	0	0.01
72290993115	2019	2	14	2	0	0.01
72290993115	2019	2	14	3	0	0.01
72290993115	2019	2	14	4	0	0.01
72290993115	2019	2	14	5	0	0.01
72290993115	2019	2	14	7	0	0.01
72290993115	2019	2	14	9	0	0.01
72290993115	2019	2	14	10	0	0.01
72290993115	2019	2	14	11	0	0.01
72290993115	2019	2	14	13	0	0.01
72290993115	2019	2	14	15	0	0.01
72290993115	2019	2	14	17	0	0.01
72290993115	2019	2	14	19	0	0.01
72290993115	2019	2	14	22	0	0.01
72290993115	2019	2	15	0	0	0.01
72290993115	2019	2	15	13	0	0.01
72290993115	2019	2	16	5	0	0.01
72290993115	2019	2	16	10	0	0.01
72290993115	2019	2	18	2	0	0.014
72290993115	2019	2	18	3	0	0.037
72290993115	2019	2	18	4	0	0.014
72290993115	2019	2	18	5	0	0.003
72290993115	2019	2	21	2	0	0.035
72290993115	2019	2	21	3	0	0.002
72290993115	2019	2	21	4	0	0.002
72290993115	2019	2	21	5	0	0.08
72290993115	2019	2	21	6	0	0.052
72290993115	2019	2	21	7	0	0.055
72290993115	2019	2	21	8	0	0.008
72290993115	2019	2	21	9	0	0.01
72290993115	2019	2	21	22	0	0.069
72290993115	2019	2	21	23	0	0.01
72290993115	2019	2	22	3	0	0.027
72290993115	2019	2	22	4	0	0.02
72290993115	2019	2	22	5	0	0.004
72290993115	2019	2	22	6	0	0.01
72290993115	2019	3	2	12	0	0.03
72290993115	2019	3	2	13	0	0.05
72290993115	2019	3	2	14	0	0.04
72290993115	2019	3	2	15	0	0.01
72290993115	2019	3	2	16	0	0.02
72290993115	2019	3	3	4	0	0.01
72290993115	2019	3	3	17	0	0.01
72290993115	2019	3	6	10	0	0.01
72290993115	2019	3	7	4	0	0.01
72290993115	2019	3	7	5	0	0.02
72290993115	2019	3	7	11	0	0.01
72290993115	2019	3	7	12	0	0.14
72290993115	2019	3	8	7	0	0.01
72290993115	2019	3	8	9	0	0.01
72290993115	2019	3	8	13	0	0.03
72290993115	2019	3	8	16	0	0.06
72290993115	2019	3	11	18	0	0.01
72290993115	2019	3	11	23	0	0.03
72290993115	2019	3	12	0	0	0.06
72290993115	2019	3	12	1	0	0.01
72290993115	2019	3	12	2	0	0.06
72290993115	2019	3	12	3	0	0.04
72290993115	2019	3	12	4	0	0.04
72290993115	2019	3	12	5	0	0.02
72290993115	2019	3	12	6	0	0.15
72290993115	2019	3	12	7	0	0.1
72290993115	2019	3	12	8	0	0.06
72290993115	2019	3	12	9	0	0.07
72290993115	2019	3	12	10	0	0.04
72290993115	2019	3	14	14	0	0.01
72290993115	2019	3	19	10	0	0.01
72290993115	2019	3	20	14	0	0.02
72290993115	2019	3	21	22	0	0.02
72290993115	2019	3	21	23	0	0.02
72290993115	2019	3	22	7	0	0.07
72290993115	2019	3	22	8	0	0.03
72290993115	2019	4	3	10	0	0.05
72290993115	2019	4	6	10	0	0.01
72290993115	2019	4	6	14	0	0.01
72290993115	2019	4	9	12	0	0.01
72290993115	2019	4	14	10	0	0.01
72290993115	2019	4	15	14	0	0.01
72290993115	2019	4	16	16	0	0.02
72290993115	2019	4	29	19	0	0.04
72290993115	2019	4	29	20	0	0.03
72290993115	2019	4	30	0	0	0.01
72290993115	2019	4	30	1	0	0.02
72290993115	2019	4	30	10	0	0.06
72290993115	2019	4	30	11	0	0.01
72290993115	2019	4	30	16	0	0.06
72290993115	2019	4	30	18	0	0.01
72290993115	2019	5	6	8	0	0.01
72290993115	2019	5	10	8	0	0.01
72290993115	2019	5	10	9	0	0.01
72290993115	2019	5	16	17	0	0.011
72290993115	2019	5	16	19	0	0.006
72290993115	2019	5	16	20	0	0.033
72290993115	2019	5	19	12	0	0.003
72290993115	2019	5	19	17	0	0.022
72290993115	2019	5	19	18	0	0.056
72290993115	2019	5	19	19	0	0.042
72290993115	2019	5	19	20	0	0.039
72290993115	2019	5	19	21	0	0.013
72290993115	2019	5	19	22	0	0.009
72290993115	2019	5	20	7	0	0.017
72290993115	2019	5	20	8	0	0.02
72290993115	2019	5	20	11	0	0.004
72290993115	2019	5	20	12	0	0.027
72290993115	2019	5	20	13	0	0.013
72290993115	2019	5	20	14	0	0.066
72290993115	2019	5	20	15	0	0.023
72290993115	2019	5	21	12	0	0.001
72290993115	2019	5	21	22	0	0.022
72290993115	2019	5	22	8	0	0.001
72290993115	2019	5	22	11	0	0.002
72290993115	2019	5	22	12	0	0.001
72290993115	2019	5	22	13	0	0.016
72290993115	2019	5	22	14	0	0.001
72290993115	2019	5	22	20	0	0.017
72290993115	2019	5	22	21	0	0.016
72290993115	2019	5	23	2	0	0.002
72290993115	2019	5	23	3	0	0.046
72290993115	2019	5	23	11	0	0.003
72290993115	2019	5	23	12	0	0.001
72290993115	2019	5	23	13	0	0.001
72290993115	2019	5	23	16	0	0.001
72290993115	2019	5	23	17	0	0.001
72290993115	2019	5	26	14	0	0.01
72290993115	2019	5	26	15	0	0.016
72290993115	2019	5	26	16	0	0.005
72290993115	2019	5	27	4	0	0.012
72290993115	2019	5	27	5	0	0.028
72290993115	2019	5	27	6	0	0.043
72290993115	2019	5	27	7	0	0.024
72290993115	2019	5	27	8	0	0.011
72290993115	2019	5	27	10	0	0.008
72290993115	2019	5	27	14	0	0.011
72290993115	2019	6	21	8	0	0.006
72290993115	2019	6	21	9	0	0.004
72290993115	2019	9	4	15	0	0.001
72290993115	2019	9	4	16	0	0.003
72290993115	2019	9	4	22	0	0.042
72290993115	2019	9	4	23	0	0.019
72290993115	2019	9	5	0	0	0.003
72290993115	2019	9	5	3	0	0.001
72290993115	2019	9	5	4	0	0.001
72290993115	2019	9	26	6	0	0.015
72290993115	2019	9	26	7	0	0.012
72290993115	2019	9	26	15	0	0.001
72290993115	2019	9	26	16	0	0.001
72290993115	2019	11	20	1	0	0.032
72290993115	2019	11	20	2	0	0.024
72290993115	2019	11	20	3	0	0.049
72290993115	2019	11	20	4	0	0.179
72290993115	2019	11	20	5	0	0.083
72290993115	2019	11	20	6	0	0.019
72290993115	2019	11	20	8	0	0.003
72290993115	2019	11	20	13	0	0.028
72290993115	2019	11	20	14	0	0.006
72290993115	2019	11	20	15	0	0.014
72290993115	2019	11	20	16	0	0.085
72290993115	2019	11	20	17	0	0.057
72290993115	2019	11	20	18	0	0.006
72290993115	2019	11	20	19	0	0.004
72290993115	2019	11	20	20	0	0.002
72290993115	2019	11	20	21	0	0.026
72290993115	2019	11	20	22	0	0.022
72290993115	2019	11	20	23	0	0.004
72290993115	2019	11	21	0	0	0.013
72290993115	2019	11	21	1	0	0.012
72290993115	2019	11	21	2	0	0.066
72290993115	2019	11	21	3	0	0.011
72290993115	2019	11	21	4	0	0.034
72290993115	2019	11	21	5	0	0.062
72290993115	2019	11	21	6	0	0.009
72290993115	2019	11	21	7	0	0.176
72290993115	2019	11	21	8	0	0.036
72290993115	2019	11	21	9	0	0.086
72290993115	2019	11	21	10	0	0.17
72290993115	2019	11	21	11	0	0.062
72290993115	2019	11	27	22	0	0.023
72290993115	2019	11	27	23	0	0.05
72290993115	2019	11	28	0	0	0.01
72290993115	2019	11	28	1	0	0.099
72290993115	2019	11	28	2	0	0.049
72290993115	2019	11	28	3	0	0.024
72290993115	2019	11	28	16	0	0.001
72290993115	2019	11	28	17	0	0.003
72290993115	2019	11	28	19	0	0.039
72290993115	2019	11	28	20	0	0.245
72290993115	2019	11	28	21	0	0.373
72290993115	2019	11	28	22	0	0.192
72290993115	2019	11	28	23	0	0.14
72290993115	2019	11	29	0	0	0.06
72290993115	2019	11	29	1	0	0.02
72290993115	2019	11	29	2	0	0.004
72290993115	2019	11	29	3	0	0.015
72290993115	2019	11	29	4	0	0.028
72290993115	2019	11	29	5	0	0.223
72290993115	2019	11	29	6	0	0.051
72290993115	2019	11	29	7	0	0.013
72290993115	2019	11	29	8	0	0.023
72290993115	2019	11	29	9	0	0.017
72290993115	2019	11	29	10	0	0.024
72290993115	2019	11	29	11	0	0.004
72290993115	2019	11	29	12	0	0.017
72290993115	2019	11	29	13	0	0.016
72290993115	2019	11	29	14	0	0.004
72290993115	2019	11	29	15	0	0.004
72290993115	2019	11	29	16	0	0.009
72290993115	2019	11	29	17	0	0.038
72290993115	2019	11	29	18	0	0.019
72290993115	2019	11	29	21	0	0.005
72290993115	2019	11	29	22	0	0.005
72290993115	2019	11	29	23	0	0.009
72290993115	2019	11	30	1	0	0.006
72290993115	2019	11	30	2	0	0.003
72290993115	2019	11	30	5	0	0.005
72290993115	2019	11	30	6	0	0.016
72290993115	2019	11	30	7	0	0.002
72290993115	2019	11	30	8	0	0.012
72290993115	2019	11	30	9	0	0.019
72290993115	2019	11	30	10	0	0.021
72290993115	2019	11	30	11	0	0.004
72290993115	2019	11	30	12	0	0.007
72290993115	2019	12	1	0	0	0.003
72290993115	2019	12	4	3	0	0.001
72290993115	2019	12	4	5	0	0.031
72290993115	2019	12	4	6	0	0.025
72290993115	2019	12	4	7	0	0.024
72290993115	2019	12	4	10	0	0.001
72290993115	2019	12	4	11	0	0.001
72290993115	2019	12	4	12	0	0.091
72290993115	2019	12	4	13	0	0.074
72290993115	2019	12	4	14	0	0.058
72290993115	2019	12	4	15	0	0.063
72290993115	2019	12	4	16	0	0.104
72290993115	2019	12	4	17	0	0.064
72290993115	2019	12	4	18	0	0.187
72290993115	2019	12	4	19	0	0.111
72290993115	2019	12	4	20	0	0.111
72290993115	2019	12	4	21	0	0.058
72290993115	2019	12	4	22	0	0.047
72290993115	2019	12	4	23	0	0.011
72290993115	2019	12	5	0	0	0.046
72290993115	2019	12	5	1	0	0.021
72290993115	2019	12	5	3	0	0.008
72290993115	2019	12	5	4	0	0.012
72290993115	2019	12	5	5	0	0.087
72290993115	2019	12	5	6	0	0.032
72290993115	2019	12	5	7	0	0.01
72290993115	2019	12	5	8	0	0.023
72290993115	2019	12	7	0	0	0.006
72290993115	2019	12	7	1	0	0.032
72290993115	2019	12	7	2	0	0.003
72290993115	2019	12	7	16	0	0.001
72290993115	2019	12	7	17	0	0.009
72290993115	2019	12	7	18	0	0.028
72290993115	2019	12	7	19	0	0.023
72290993115	2019	12	7	20	0	0.016
72290993115	2019	12	7	21	0	0.006
72290993115	2019	12	7	22	0	0.004
72290993115	2019	12	7	23	0	0.02
72290993115	2019	12	8	0	0	0.034
72290993115	2019	12	8	8	0	0.003
72290993115	2019	12	8	21	0	0.013
72290993115	2019	12	8	22	0	0.031
72290993115	2019	12	9	3	0	0.006
72290993115	2019	12	9	4	0	0.032
72290993115	2019	12	9	5	0	0.014
72290993115	2019	12	9	6	0	0.017
72290993115	2019	12	9	10	0	0.013
72290993115	2019	12	9	11	0	0.001
72290993115	2019	12	23	14	0	0.061
72290993115	2019	12	23	15	0	0.112
72290993115	2019	12	23	16	0	0.26
72290993115	2019	12	23	17	0	0.111
72290993115	2019	12	23	18	0	0.161
72290993115	2019	12	23	19	0	0.096
72290993115	2019	12	23	20	0	0.026
72290993115	2019	12	23	21	0	0.016
72290993115	2019	12	24	2	0	0.005
72290993115	2019	12	24	3	0	0.052
72290993115	2019	12	24	4	0	0.072
72290993115	2019	12	24	5	0	0.064
72290993115	2019	12	24	6	0	0.021
72290993115	2019	12	24	7	0	0.086
72290993115	2019	12	24	8	0	0.076
72290993115	2019	12	25	5	0	0.04
72290993115	2019	12	25	15	0	0.015
72290993115	2019	12	25	20	0	0.006
72290993115	2019	12	25	21	0	0.006
72290993115	2019	12	26	10	0	0.01
72290993115	2019	12	26	11	0	0.041
72290993115	2019	12	26	12	0	0.207
72290993115	2019	12	26	13	0	0.342
72290993115	2019	12	26	14	0	0.514
72290993115	2019	12	26	15	0	0.317
72290993115	2019	12	27	4	0	0.007
