72301313748	2007	1	5	2	0	0.02
72301313748	2007	1	5	13	0	0.01
72301313748	2007	1	5	21	0	0.01
72301313748	2007	1	5	22	0	0.2
72301313748	2007	1	5	23	0	0.02
72301313748	2007	1	6	4	0	0.01
72301313748	2007	1	6	5	0	0.03
72301313748	2007	1	6	6	0	0.28
72301313748	2007	1	6	7	0	0.44
72301313748	2007	1	6	8	0	0.06
72301313748	2007	1	7	20	0	0.012
72301313748	2007	1	7	21	0	0.06
72301313748	2007	1	7	22	0	0.01
72301313748	2007	1	8	10	0	0.38
72301313748	2007	1	8	11	0	0.01
72301313748	2007	1	8	15	0	0.03
72301313748	2007	1	8	16	0	0.03
72301313748	2007	1	8	17	0	0.11
72301313748	2007	1	17	2	0	0.04
72301313748	2007	1	18	6	0	0.01
72301313748	2007	1	18	7	0	0.04
72301313748	2007	1	18	8	0	0.04
72301313748	2007	1	18	9	0	0.02
72301313748	2007	1	18	10	0	0.02
72301313748	2007	1	18	11	0	0.01
72301313748	2007	1	18	13	0	0.03
72301313748	2007	1	18	14	0	0.03
72301313748	2007	1	18	15	0	0.04
72301313748	2007	1	18	16	0	0.02
72301313748	2007	1	18	17	0	0.02
72301313748	2007	1	18	18	0	0.01
72301313748	2007	1	18	19	0	0.01
72301313748	2007	1	18	20	0	0.03
72301313748	2007	1	18	21	0	0.02
72301313748	2007	1	18	23	0	0.01
72301313748	2007	1	19	0	0	0.01
72301313748	2007	1	19	1	0	0.02
72301313748	2007	1	22	1	0	0.01
72301313748	2007	1	22	2	0	0.04
72301313748	2007	1	22	3	0	0.08
72301313748	2007	1	22	4	0	0.12
72301313748	2007	1	22	5	0	0.23
72301313748	2007	1	22	6	0	0.2
72301313748	2007	1	22	7	0	0.41
72301313748	2007	1	22	8	0	0.14
72301313748	2007	1	22	9	0	0.03
72301313748	2007	1	22	10	0	0.03
72301313748	2007	1	22	11	0	0.02
72301313748	2007	1	22	12	0	0.01
72301313748	2007	1	22	13	0	0.03
72301313748	2007	1	22	14	0	0.08
72301313748	2007	1	22	15	0	0.07
72301313748	2007	1	22	16	0	0.01
72301313748	2007	1	22	17	0	0.04
72301313748	2007	1	22	22	0	0.01
72301313748	2007	1	28	8	0	0.01
72301313748	2007	1	28	9	0	0.11
72301313748	2007	1	28	10	0	0.11
72301313748	2007	1	28	11	0	0.07
72301313748	2007	1	28	12	0	0.01
72301313748	2007	1	28	14	0	0.01
72301313748	2007	1	28	16	0	0.01
72301313748	2007	2	1	13	0	0.01
72301313748	2007	2	1	14	0	0.08
72301313748	2007	2	1	15	0	0.14
72301313748	2007	2	1	16	0	0.12
72301313748	2007	2	1	17	0	0.21
72301313748	2007	2	1	18	0	0.24
72301313748	2007	2	1	19	0	0.13
72301313748	2007	2	1	20	0	0.03
72301313748	2007	2	1	23	0	0.01
72301313748	2007	2	2	0	0	0.02
72301313748	2007	2	2	1	0	0.04
72301313748	2007	2	2	2	0	0.04
72301313748	2007	2	2	3	0	0.07
72301313748	2007	2	2	4	0	0.04
72301313748	2007	2	2	5	0	0.05
72301313748	2007	2	2	6	0	0.04
72301313748	2007	2	2	11	0	0.02
72301313748	2007	2	14	0	0	0.02
72301313748	2007	2	14	1	0	0.02
72301313748	2007	2	14	2	0	0.11
72301313748	2007	2	14	4	0	0.19
72301313748	2007	2	14	5	0	0.02
72301313748	2007	2	21	16	0	0.01
72301313748	2007	2	21	17	0	0.07
72301313748	2007	2	21	18	0	0.04
72301313748	2007	2	21	19	0	0.01
72301313748	2007	2	25	21	0	0.09
72301313748	2007	2	25	23	0	0.07
72301313748	2007	2	26	0	0	0.12
72301313748	2007	3	2	0	0	0.03
72301313748	2007	3	2	1	0	0.02
72301313748	2007	3	2	2	0	0.03
72301313748	2007	3	2	5	0	0.11
72301313748	2007	3	2	6	0	0.22
72301313748	2007	3	2	7	0	0.01
72301313748	2007	3	2	10	0	0.01
72301313748	2007	3	2	11	0	0.01
72301313748	2007	3	2	12	0	0.04
72301313748	2007	3	15	16	0	0.01
72301313748	2007	3	16	10	0	0.01
72301313748	2007	3	16	11	0	0.022
72301313748	2007	3	16	12	0	0.2
72301313748	2007	3	16	13	0	0.14
72301313748	2007	3	16	14	0	0.05
72301313748	2007	3	16	15	0	0.01
72301313748	2007	3	16	16	0	0.06
72301313748	2007	3	16	22	0	0.29
72301313748	2007	3	16	23	0	0.05
72301313748	2007	3	17	0	0	0.01
72301313748	2007	3	29	16	0	0.05
72301313748	2007	3	29	17	0	0.03
72301313748	2007	4	11	19	0	0.14
72301313748	2007	4	11	20	0	0.03
72301313748	2007	4	11	21	0	0.02
72301313748	2007	4	11	23	0	0.01
72301313748	2007	4	12	2	0	0.01
72301313748	2007	4	12	4	0	0.02
72301313748	2007	4	12	5	0	0.01
72301313748	2007	4	15	8	0	0.01
72301313748	2007	4	15	9	0	0.07
72301313748	2007	4	15	10	0	0.23
72301313748	2007	4	15	11	0	0.15
72301313748	2007	4	15	12	0	0.08
72301313748	2007	4	15	13	0	0.16
72301313748	2007	4	15	17	0	0.32
72301313748	2007	4	15	18	0	0.01
72301313748	2007	4	16	3	0	0.01
72301313748	2007	4	16	4	0	0.01
72301313748	2007	4	16	5	0	0.036
72301313748	2007	5	3	15	0	0.008
72301313748	2007	5	5	17	0	0.014
72301313748	2007	5	5	18	0	0.01
72301313748	2007	5	5	22	0	0.1
72301313748	2007	5	5	23	0	0.02
72301313748	2007	5	6	6	0	0.11
72301313748	2007	5	8	21	0	0.01
72301313748	2007	5	9	9	0	0.01
72301313748	2007	5	9	16	0	0.01
72301313748	2007	5	9	18	0	0.16
72301313748	2007	5	9	19	0	0.17
72301313748	2007	5	12	14	0	0.004
72301313748	2007	5	12	18	0	0.046
72301313748	2007	5	17	19	0	0.02
72301313748	2007	5	17	23	0	0.02
72301313748	2007	5	18	1	0	0.1
72301313748	2007	5	18	2	0	0.17
72301313748	2007	5	18	3	0	0.14
72301313748	2007	5	18	4	0	0.07
72301313748	2007	5	18	5	0	0.02
72301313748	2007	5	18	7	0	0.05
72301313748	2007	5	18	18	0	0.01
72301313748	2007	6	2	20	0	0.01
72301313748	2007	6	2	21	0	0.05
72301313748	2007	6	2	22	0	0.02
72301313748	2007	6	2	23	0	0.05
72301313748	2007	6	3	0	0	0.05
72301313748	2007	6	3	1	0	0.1
72301313748	2007	6	3	2	0	0.41
72301313748	2007	6	3	3	0	0.15
72301313748	2007	6	3	4	0	0.37
72301313748	2007	6	3	5	0	0.14
72301313748	2007	6	3	6	0	0.09
72301313748	2007	6	3	7	0	0.02
72301313748	2007	6	3	8	0	0.34
72301313748	2007	6	3	11	0	0.01
72301313748	2007	6	3	12	0	0.01
72301313748	2007	6	3	15	0	0.03
72301313748	2007	6	3	18	0	0.02
72301313748	2007	6	3	19	0	0.05
72301313748	2007	6	3	22	0	0.07
72301313748	2007	6	7	14	0	0.002
72301313748	2007	6	13	17	0	0.01
72301313748	2007	6	13	18	0	0.01
72301313748	2007	6	15	16	0	0.01
72301313748	2007	6	20	19	0	0.91
72301313748	2007	6	20	20	0	0.18
72301313748	2007	6	20	21	0	0.2
72301313748	2007	6	24	14	0	0.01
72301313748	2007	6	24	20	0	0.03
72301313748	2007	6	24	21	0	0.06
72301313748	2007	6	24	22	0	0.02
72301313748	2007	6	25	19	0	0.052
72301313748	2007	6	25	20	0	0.007
72301313748	2007	6	30	19	0	0.01
72301313748	2007	6	30	20	0	0.03
72301313748	2007	6	30	21	0	0.03
72301313748	2007	7	1	0	0	0.01
72301313748	2007	7	1	18	0	0.01
72301313748	2007	7	1	20	0	0.01
72301313748	2007	7	1	22	0	0.1
72301313748	2007	7	5	13	0	0.01
72301313748	2007	7	5	16	0	0.11
72301313748	2007	7	7	13	0	0.01
72301313748	2007	7	7	14	0	0.01
72301313748	2007	7	7	15	0	0.01
72301313748	2007	7	7	16	0	0.01
72301313748	2007	7	7	17	0	0.14
72301313748	2007	7	7	18	0	0.01
72301313748	2007	7	7	21	0	0.04
72301313748	2007	7	7	22	0	0.02
72301313748	2007	7	9	14	0	0.01
72301313748	2007	7	9	16	0	0.01
72301313748	2007	7	10	6	0	0.1
72301313748	2007	7	12	0	0	0.01
72301313748	2007	7	12	1	0	0.04
72301313748	2007	7	13	18	0	0.001
72301313748	2007	7	14	18	0	0.01
72301313748	2007	7	14	19	0	0.01
72301313748	2007	7	15	0	0	0.04
72301313748	2007	7	15	1	0	0.07
72301313748	2007	7	15	2	0	0.01
72301313748	2007	7	15	16	0	0.01
72301313748	2007	7	17	16	0	0.006
72301313748	2007	7	17	19	0	0.004
72301313748	2007	7	18	16	0	0.01
72301313748	2007	7	19	17	0	0.008
72301313748	2007	7	20	18	0	0.1
72301313748	2007	7	20	19	0	0.32
72301313748	2007	7	20	20	0	0.01
72301313748	2007	7	21	11	0	0.01
72301313748	2007	7	27	14	0	0.002
72301313748	2007	7	27	15	0	0.002
72301313748	2007	7	27	16	0	0.002
72301313748	2007	7	27	23	0	0.037
72301313748	2007	7	28	17	0	0.02
72301313748	2007	7	28	18	0	0.74
72301313748	2007	7	28	19	0	0.05
72301313748	2007	7	28	20	0	0.106
72301313748	2007	7	28	21	0	0.099
72301313748	2007	7	28	22	0	0.014
72301313748	2007	7	29	17	0	0.066
72301313748	2007	7	29	19	0	0.004
72301313748	2007	7	30	19	0	0.44
72301313748	2007	7	30	20	0	0.15
72301313748	2007	7	30	22	0	0.02
72301313748	2007	7	31	0	0	0.005
72301313748	2007	7	31	17	0	0.01
72301313748	2007	7	31	19	0	0.02
72301313748	2007	8	4	15	0	0.004
72301313748	2007	8	4	16	0	0.003
72301313748	2007	8	4	17	0	0.003
72301313748	2007	8	5	15	0	0.003
72301313748	2007	8	5	16	0	0.003
72301313748	2007	8	5	17	0	0.003
72301313748	2007	8	7	5	0	0.001
72301313748	2007	8	7	14	0	0.001
72301313748	2007	8	7	15	0	0.002
72301313748	2007	8	7	18	0	0.2
72301313748	2007	8	7	19	0	0.14
72301313748	2007	8	11	1	0	0.29
72301313748	2007	8	11	2	0	0.08
72301313748	2007	8	11	5	0	0.01
72301313748	2007	8	11	8	0	0.01
72301313748	2007	8	22	5	0	0.003
72301313748	2007	8	22	6	0	0.05
72301313748	2007	8	22	7	0	0.04
72301313748	2007	8	26	17	0	0.15
72301313748	2007	8	27	5	0	0.03
72301313748	2007	8	27	19	0	1.47
72301313748	2007	8	27	20	0	0.23
72301313748	2007	8	27	21	0	0.02
72301313748	2007	9	2	1	0	0.09
72301313748	2007	9	9	8	0	0.01
72301313748	2007	9	9	9	0	0.02
72301313748	2007	9	12	18	0	0.05
72301313748	2007	9	12	19	0	0.24
72301313748	2007	9	12	20	0	1.14
72301313748	2007	9	12	21	0	0.04
72301313748	2007	9	12	22	0	0.02
72301313748	2007	9	13	11	0	0.101
72301313748	2007	9	13	12	0	0.05
72301313748	2007	9	14	14	0	0.01
72301313748	2007	9	14	16	0	0.15
72301313748	2007	9	15	6	0	0.15
72301313748	2007	9	15	23	0	0.11
72301313748	2007	9	20	10	0	0.12
72301313748	2007	9	20	11	0	0.05
72301313748	2007	9	20	12	0	0.16
72301313748	2007	9	20	13	0	0.13
72301313748	2007	9	20	14	0	0.01
72301313748	2007	9	20	15	0	0.01
72301313748	2007	9	20	18	0	0.12
72301313748	2007	9	20	19	0	0.01
72301313748	2007	9	21	1	0	0.01
72301313748	2007	9	21	2	0	0.02
72301313748	2007	9	21	21	0	0.04
72301313748	2007	9	22	15	0	0.01
72301313748	2007	9	22	17	0	0.01
72301313748	2007	9	22	18	0	0.01
72301313748	2007	9	22	20	0	0.01
72301313748	2007	9	22	22	0	1.26
72301313748	2007	9	22	23	0	0.01
72301313748	2007	9	26	18	0	0.01
72301313748	2007	9	27	16	0	0.13
72301313748	2007	10	3	15	0	0.01
72301313748	2007	10	5	21	0	0.01
72301313748	2007	10	6	14	0	0.04
72301313748	2007	10	11	3	0	0.001
72301313748	2007	10	18	8	0	0.03
72301313748	2007	10	18	9	0	0.01
72301313748	2007	10	18	10	0	0.02
72301313748	2007	10	24	9	0	0.01
72301313748	2007	10	25	3	0	0.01
72301313748	2007	10	25	7	0	0.02
72301313748	2007	10	25	8	0	0.12
72301313748	2007	10	25	9	0	0.41
72301313748	2007	10	25	10	0	0.27
72301313748	2007	10	26	1	0	0.03
72301313748	2007	10	26	2	0	0.2
72301313748	2007	10	26	3	0	0.03
72301313748	2007	10	26	5	0	0.01
72301313748	2007	10	26	12	0	0.01
72301313748	2007	10	26	13	0	0.05
72301313748	2007	10	26	14	0	0.09
72301313748	2007	10	26	15	0	0.03
72301313748	2007	10	26	16	0	0.08
72301313748	2007	10	26	17	0	0.01
72301313748	2007	10	26	18	0	0.06
72301313748	2007	10	26	19	0	0.04
72301313748	2007	10	26	20	0	0.02
72301313748	2007	10	26	21	0	0.02
72301313748	2007	10	26	22	0	0.02
72301313748	2007	10	26	23	0	0.01
72301313748	2007	10	27	0	0	0.01
72301313748	2007	10	27	1	0	0.03
72301313748	2007	10	27	2	0	0.01
72301313748	2007	10	27	5	0	0.01
72301313748	2007	10	27	6	0	0.02
72301313748	2007	10	27	7	0	0.03
72301313748	2007	10	27	8	0	0.17
72301313748	2007	10	27	9	0	0.12
72301313748	2007	10	27	10	0	0.03
72301313748	2007	10	27	11	0	0.06
72301313748	2007	10	27	13	0	0.01
72301313748	2007	11	15	18	0	0.15
72301313748	2007	11	15	19	0	0.06
72301313748	2007	11	15	20	0	0.03
72301313748	2007	11	18	13	0	0.001
72301313748	2007	11	25	12	0	0.03
72301313748	2007	11	25	14	0	0.01
72301313748	2007	11	25	15	0	0.01
72301313748	2007	11	26	3	0	0.01
72301313748	2007	11	26	12	0	0.03
72301313748	2007	11	26	16	0	0.04
72301313748	2007	11	26	19	0	0.05
72301313748	2007	11	26	20	0	0.03
72301313748	2007	11	29	9	0	0.03
72301313748	2007	11	29	10	0	0.01
72301313748	2007	12	3	12	0	0.01
72301313748	2007	12	15	18	0	0.01
72301313748	2007	12	15	19	0	0.01
72301313748	2007	12	15	20	0	0.04
72301313748	2007	12	16	0	0	0.09
72301313748	2007	12	16	1	0	0.01
72301313748	2007	12	16	6	0	0.47
72301313748	2007	12	16	7	0	0.44
72301313748	2007	12	16	9	0	0.15
72301313748	2007	12	16	10	0	0.13
72301313748	2007	12	21	7	0	0.04
72301313748	2007	12	21	8	0	0.02
72301313748	2007	12	21	9	0	0.04
72301313748	2007	12	21	10	0	0.07
72301313748	2007	12	21	11	0	0.14
72301313748	2007	12	21	12	0	0.1
72301313748	2007	12	21	13	0	0.07
72301313748	2007	12	21	14	0	0.11
72301313748	2007	12	21	15	0	0.05
72301313748	2007	12	21	16	0	0.03
72301313748	2007	12	21	17	0	0.01
72301313748	2007	12	21	18	0	0.01
72301313748	2007	12	23	21	0	0.02
72301313748	2007	12	23	22	0	0.01
72301313748	2007	12	26	3	0	0.02
72301313748	2007	12	26	5	0	0.04
72301313748	2007	12	26	6	0	0.03
72301313748	2007	12	26	8	0	0.1
72301313748	2007	12	26	9	0	0.04
72301313748	2007	12	26	10	0	0.09
72301313748	2007	12	26	11	0	0.16
72301313748	2007	12	26	15	0	0.01
72301313748	2007	12	30	13	0	0.01
72301313748	2008	1	11	4	0	0.01
72301313748	2008	1	11	5	0	0.01
72301313748	2008	1	11	12	0	0.19
72301313748	2008	1	12	4	0	0.12
72301313748	2008	1	12	5	0	0.21
72301313748	2008	1	12	6	0	0.01
72301313748	2008	1	12	15	0	0.04
72301313748	2008	1	12	16	0	0.07
72301313748	2008	1	13	16	0	0.07
72301313748	2008	1	13	17	0	0.01
72301313748	2008	1	17	4	0	0.01
72301313748	2008	1	17	5	0	0.03
72301313748	2008	1	17	6	0	0.06
72301313748	2008	1	17	7	0	0.03
72301313748	2008	1	17	8	0	0.01
72301313748	2008	1	17	10	0	0.04
72301313748	2008	1	17	12	0	0.01
72301313748	2008	1	17	13	0	0.04
72301313748	2008	1	17	14	0	0.06
72301313748	2008	1	17	15	0	0.08
72301313748	2008	1	17	16	0	0.19
72301313748	2008	1	17	17	0	0.21
72301313748	2008	1	17	18	0	0.27
72301313748	2008	1	17	19	0	0.1
72301313748	2008	1	19	14	0	0.05
72301313748	2008	1	19	15	0	0.06
72301313748	2008	1	19	16	0	0.08
72301313748	2008	1	19	17	0	0.03
72301313748	2008	1	19	18	0	0.02
72301313748	2008	1	19	19	0	0.11
72301313748	2008	1	19	20	0	0.1
72301313748	2008	1	19	21	0	0.08
72301313748	2008	1	19	22	0	0.09
72301313748	2008	1	19	23	0	0.09
72301313748	2008	1	20	0	0	0.06
72301313748	2008	1	20	1	0	0.04
72301313748	2008	1	20	2	0	0.01
72301313748	2008	1	20	3	0	0.07
72301313748	2008	1	20	4	0	0.02
72301313748	2008	1	20	5	0	0.01
72301313748	2008	1	22	13	0	0.02
72301313748	2008	1	23	7	0	0.03
72301313748	2008	1	26	13	0	0.01
72301313748	2008	1	26	15	0	0.04
72301313748	2008	1	26	16	0	0.08
72301313748	2008	1	26	17	0	0.02
72301313748	2008	1	26	18	0	0.01
72301313748	2008	1	26	19	0	0.01
72301313748	2008	1	30	9	0	0.02
72301313748	2008	1	30	10	0	0.12
72301313748	2008	2	1	9	0	0.06
72301313748	2008	2	1	11	0	0.01
72301313748	2008	2	1	18	0	0.29
72301313748	2008	2	1	19	0	0.03
72301313748	2008	2	13	1	0	0.02
72301313748	2008	2	13	3	0	0.05
72301313748	2008	2	13	4	0	0.05
72301313748	2008	2	13	5	0	0.23
72301313748	2008	2	13	6	0	0.2
72301313748	2008	2	13	7	0	0.13
72301313748	2008	2	13	8	0	0.08
72301313748	2008	2	13	9	0	0.14
72301313748	2008	2	13	10	0	0.16
72301313748	2008	2	13	11	0	0.01
72301313748	2008	2	13	12	0	0.01
72301313748	2008	2	13	21	0	0.01
72301313748	2008	2	18	9	0	0.01
72301313748	2008	2	18	10	0	0.58
72301313748	2008	2	18	11	0	0.29
72301313748	2008	2	18	16	0	0.01
72301313748	2008	2	18	18	0	0.04
72301313748	2008	2	22	0	0	0.01
72301313748	2008	2	22	1	0	0.12
72301313748	2008	2	22	2	0	0.06
72301313748	2008	2	22	3	0	0.09
72301313748	2008	2	22	4	0	0.18
72301313748	2008	2	22	5	0	0.13
72301313748	2008	2	22	6	0	0.14
72301313748	2008	2	22	7	0	0.17
72301313748	2008	2	22	8	0	0.16
72301313748	2008	2	22	9	0	0.01
72301313748	2008	2	22	10	0	0.03
72301313748	2008	2	22	11	0	0.04
72301313748	2008	2	22	12	0	0.01
72301313748	2008	2	22	13	0	0.07
72301313748	2008	2	22	14	0	0.09
72301313748	2008	2	23	3	0	0.01
72301313748	2008	2	23	7	0	0.01
72301313748	2008	2	23	8	0	0.02
72301313748	2008	2	23	9	0	0.01
72301313748	2008	2	23	10	0	0.01
72301313748	2008	2	26	18	0	0.12
72301313748	2008	2	26	21	0	0.01
72301313748	2008	3	1	9	0	0.01
72301313748	2008	3	5	1	0	0.01
72301313748	2008	3	5	2	0	0.01
72301313748	2008	3	5	3	0	0.02
72301313748	2008	3	5	4	0	0.05
72301313748	2008	3	5	5	0	0.02
72301313748	2008	3	5	6	0	0.02
72301313748	2008	3	7	12	0	0.02
72301313748	2008	3	7	14	0	0.02
72301313748	2008	3	7	15	0	0.03
72301313748	2008	3	7	16	0	0.08
72301313748	2008	3	7	17	0	0.06
72301313748	2008	3	7	18	0	0.35
72301313748	2008	3	7	19	0	0.01
72301313748	2008	3	7	20	0	0.02
72301313748	2008	3	7	21	0	0.03
72301313748	2008	3	8	8	0	0.002
72301313748	2008	3	8	9	0	0.06
72301313748	2008	3	8	10	0	0.02
72301313748	2008	3	8	11	0	0.08
72301313748	2008	3	8	12	0	0.02
72301313748	2008	3	15	23	0	0.09
72301313748	2008	3	16	0	0	0.47
72301313748	2008	3	16	3	0	0.02
72301313748	2008	3	20	2	0	0.01
72301313748	2008	3	20	3	0	0.04
72301313748	2008	3	20	4	0	0.03
72301313748	2008	3	20	5	0	0.02
72301313748	2008	3	20	6	0	0.08
72301313748	2008	3	30	4	0	0.09
72301313748	2008	3	30	5	0	0.06
72301313748	2008	3	30	6	0	0.07
72301313748	2008	3	30	7	0	0.01
72301313748	2008	3	30	8	0	0.01
72301313748	2008	3	30	10	0	0.07
72301313748	2008	3	30	11	0	0.11
72301313748	2008	3	30	12	0	0.14
72301313748	2008	3	30	13	0	0.01
72301313748	2008	3	30	14	0	0.06
72301313748	2008	3	30	15	0	0.06
72301313748	2008	3	30	16	0	0.03
72301313748	2008	3	30	19	0	0.01
72301313748	2008	3	30	23	0	0.01
72301313748	2008	3	31	0	0	0.03
72301313748	2008	3	31	1	0	0.04
72301313748	2008	3	31	2	0	0.04
72301313748	2008	3	31	8	0	0.02
72301313748	2008	3	31	9	0	0.01
72301313748	2008	3	31	10	0	0.03
72301313748	2008	3	31	11	0	0.02
72301313748	2008	3	31	13	0	0.01
72301313748	2008	3	31	16	0	0.02
72301313748	2008	3	31	17	0	0.01
72301313748	2008	3	31	23	0	0.01
72301313748	2008	4	1	13	0	0.19
72301313748	2008	4	1	14	0	0.15
72301313748	2008	4	3	20	0	0.009
72301313748	2008	4	3	21	0	0.1
72301313748	2008	4	3	22	0	0.01
72301313748	2008	4	4	3	0	0.01
72301313748	2008	4	5	8	0	0.09
72301313748	2008	4	5	9	0	0.19
72301313748	2008	4	5	10	0	0.1
72301313748	2008	4	5	11	0	0.01
72301313748	2008	4	5	12	0	0.04
72301313748	2008	4	5	16	0	0.34
72301313748	2008	4	5	19	0	0.01
72301313748	2008	4	6	4	0	0.006
72301313748	2008	4	13	18	0	0.01
72301313748	2008	4	20	8	0	0.037
72301313748	2008	4	20	9	0	0.07
72301313748	2008	4	20	10	0	0.12
72301313748	2008	4	20	11	0	0.01
72301313748	2008	4	21	19	0	0.01
72301313748	2008	4	21	23	0	0.02
72301313748	2008	4	22	0	0	0.02
72301313748	2008	4	22	1	0	0.01
72301313748	2008	4	22	18	0	0.02
72301313748	2008	4	22	21	0	0.011
72301313748	2008	4	23	16	0	0.05
72301313748	2008	4	23	17	0	0.01
72301313748	2008	4	27	16	0	0.01
72301313748	2008	4	28	12	0	0.08
72301313748	2008	4	28	13	0	0.11
72301313748	2008	4	28	23	0	0.031
72301313748	2008	4	29	0	0	0.02
72301313748	2008	5	4	8	0	0.01
72301313748	2008	5	4	9	0	0.08
72301313748	2008	5	4	10	0	0.05
72301313748	2008	5	5	18	0	0.01
72301313748	2008	5	5	20	0	0.468
72301313748	2008	5	5	21	0	0.01
72301313748	2008	5	6	8	0	0.007
72301313748	2008	5	6	12	0	0.001
72301313748	2008	5	6	13	0	0.002
72301313748	2008	5	11	12	0	0.06
72301313748	2008	5	11	13	0	0.13
72301313748	2008	5	11	14	0	0.62
72301313748	2008	5	11	15	0	1.6
72301313748	2008	5	11	16	0	0.1
72301313748	2008	5	12	19	0	0.001
72301313748	2008	5	16	8	0	0.008
72301313748	2008	5	16	9	0	0.03
72301313748	2008	5	17	2	0	0.16
72301313748	2008	5	19	2	0	0.01
72301313748	2008	5	21	2	0	0.025
72301313748	2008	5	21	3	0	0.1
72301313748	2008	5	24	5	0	0.01
72301313748	2008	5	24	12	0	0.01
72301313748	2008	5	24	17	0	0.01
72301313748	2008	5	28	23	0	0.03
72301313748	2008	5	29	0	0	0.09
72301313748	2008	5	29	1	0	0.05
72301313748	2008	5	29	2	0	0.06
72301313748	2008	5	29	3	0	0.04
72301313748	2008	5	29	4	0	0.04
72301313748	2008	5	29	5	0	0.03
72301313748	2008	5	29	17	0	0.01
72301313748	2008	6	2	0	0	0.29
72301313748	2008	6	2	1	0	0.02
72301313748	2008	6	15	16	0	0.27
72301313748	2008	6	15	17	0	0.08
72301313748	2008	6	15	18	0	0.04
72301313748	2008	6	17	22	0	0.02
72301313748	2008	6	17	23	0	0.01
72301313748	2008	6	20	15	0	0.01
72301313748	2008	6	20	16	0	0.14
72301313748	2008	6	20	18	0	0.01
72301313748	2008	6	20	19	0	0.04
72301313748	2008	6	20	20	0	0.03
72301313748	2008	6	20	21	0	0.02
72301313748	2008	6	20	22	0	0.01
72301313748	2008	6	21	11	0	0.01
72301313748	2008	6	21	13	0	0.06
72301313748	2008	6	21	14	0	0.14
72301313748	2008	6	21	15	0	0.03
72301313748	2008	6	21	16	0	0.03
72301313748	2008	6	22	17	0	0.01
72301313748	2008	6	22	19	0	2.71
72301313748	2008	6	22	22	0	0.01
72301313748	2008	6	23	18	0	0.01
72301313748	2008	6	23	20	0	0.01
72301313748	2008	6	23	21	0	0.01
72301313748	2008	6	24	0	0	0.01
72301313748	2008	6	24	1	0	0.01
72301313748	2008	6	27	23	0	0.01
72301313748	2008	6	29	21	0	0.01
72301313748	2008	6	29	22	0	0.02
72301313748	2008	7	5	13	0	0.01
72301313748	2008	7	5	15	0	0.13
72301313748	2008	7	5	17	0	0.01
72301313748	2008	7	6	17	0	0.01
72301313748	2008	7	7	3	0	0.24
72301313748	2008	7	7	8	0	0.01
72301313748	2008	7	7	15	0	0.01
72301313748	2008	7	7	17	0	0.01
72301313748	2008	7	7	19	0	0.32
72301313748	2008	7	10	3	0	0.02
72301313748	2008	7	10	4	0	0.03
72301313748	2008	7	10	5	0	0.01
72301313748	2008	7	10	9	0	0.01
72301313748	2008	7	10	16	0	0.01
72301313748	2008	7	10	18	0	0.02
72301313748	2008	7	10	19	0	0.71
72301313748	2008	7	10	20	0	0.06
72301313748	2008	7	10	21	0	0.12
72301313748	2008	7	10	22	0	0.23
72301313748	2008	7	11	0	0	0.05
72301313748	2008	7	11	1	0	0.01
72301313748	2008	7	11	16	0	0.01
72301313748	2008	7	11	18	0	0.02
72301313748	2008	7	11	19	0	0.04
72301313748	2008	7	11	20	0	0.05
72301313748	2008	7	12	0	0	0.01
72301313748	2008	7	15	15	0	0.01
72301313748	2008	7	15	17	0	0.01
72301313748	2008	7	15	19	0	0.06
72301313748	2008	7	15	23	0	0.158
72301313748	2008	7	16	0	0	0.71
72301313748	2008	7	16	1	0	0.07
72301313748	2008	7	16	19	0	0.02
72301313748	2008	7	16	20	0	0.01
72301313748	2008	7	17	1	0	0.08
72301313748	2008	7	17	2	0	1.7
72301313748	2008	7	17	3	0	0.07
72301313748	2008	7	18	8	0	0.001
72301313748	2008	7	18	9	0	0.04
72301313748	2008	7	18	12	0	0.02
72301313748	2008	7	18	16	0	0.01
72301313748	2008	7	19	3	0	0.01
72301313748	2008	7	19	12	0	0.59
72301313748	2008	7	19	13	0	0.74
72301313748	2008	7	19	14	0	0.14
72301313748	2008	7	19	15	0	0.92
72301313748	2008	7	19	16	0	0.01
72301313748	2008	7	19	22	0	0.21
72301313748	2008	7	19	23	0	0.75
72301313748	2008	7	20	0	0	0.04
72301313748	2008	7	20	3	0	0.03
72301313748	2008	7	20	6	0	0.01
72301313748	2008	7	20	8	0	0.01
72301313748	2008	7	20	14	0	0.01
72301313748	2008	7	20	21	0	0.01
72301313748	2008	7	22	13	0	0.001
72301313748	2008	7	23	13	0	0.01
72301313748	2008	7	23	17	0	0.01
72301313748	2008	7	23	19	0	0.04
72301313748	2008	7	23	20	0	0.01
72301313748	2008	7	23	22	0	0.03
72301313748	2008	7	24	3	0	0.01
72301313748	2008	7	24	6	0	0.48
72301313748	2008	7	24	7	0	0.17
72301313748	2008	7	24	9	0	0.01
72301313748	2008	7	24	17	0	0.01
72301313748	2008	7	24	21	0	0.01
72301313748	2008	7	26	18	0	1.54
72301313748	2008	7	26	19	0	0.02
72301313748	2008	7	26	20	0	0.02
72301313748	2008	7	27	15	0	0.26
72301313748	2008	7	28	10	0	0.18
72301313748	2008	7	30	18	0	0.01
72301313748	2008	7	31	2	0	0.056
72301313748	2008	7	31	3	0	0.03
72301313748	2008	8	1	0	0	0.62
72301313748	2008	8	1	1	0	0.02
72301313748	2008	8	1	2	0	0.01
72301313748	2008	8	1	20	0	0.005
72301313748	2008	8	4	22	0	0.02
72301313748	2008	8	8	1	0	0.13
72301313748	2008	8	8	2	0	0.12
72301313748	2008	8	8	3	0	0.01
72301313748	2008	8	8	9	0	0.01
72301313748	2008	8	8	17	0	0.01
72301313748	2008	8	8	18	0	0.01
72301313748	2008	8	10	14	0	0.01
72301313748	2008	8	10	16	0	0.17
72301313748	2008	8	11	9	0	0.102
72301313748	2008	8	12	6	0	0.01
72301313748	2008	8	12	7	0	0.01
72301313748	2008	8	12	8	0	0.01
72301313748	2008	8	12	16	0	0.01
72301313748	2008	8	13	5	0	0.26
72301313748	2008	8	13	6	0	0.02
72301313748	2008	8	13	8	0	0.1
72301313748	2008	8	13	9	0	0.02
72301313748	2008	8	13	10	0	0.04
72301313748	2008	8	13	11	0	0.05
72301313748	2008	8	13	12	0	0.07
72301313748	2008	8	13	13	0	0.1
72301313748	2008	8	13	14	0	0.06
72301313748	2008	8	13	15	0	0.03
72301313748	2008	8	13	16	0	0.06
72301313748	2008	8	13	17	0	0.17
72301313748	2008	8	13	18	0	0.08
72301313748	2008	8	13	19	0	0.04
72301313748	2008	8	13	20	0	0.03
72301313748	2008	8	13	21	0	0.03
72301313748	2008	8	13	22	0	0.03
72301313748	2008	8	13	23	0	0.04
72301313748	2008	8	15	15	0	0.001
72301313748	2008	8	16	6	0	0.02
72301313748	2008	8	16	7	0	0.01
72301313748	2008	8	17	20	0	0.038
72301313748	2008	8	17	21	0	0.05
72301313748	2008	8	17	22	0	0.03
72301313748	2008	8	22	15	0	0.22
72301313748	2008	8	22	17	0	0.03
72301313748	2008	8	23	0	0	0.01
72301313748	2008	8	24	17	0	0.006
72301313748	2008	8	26	15	0	1.23
72301313748	2008	8	26	16	0	0.19
72301313748	2008	8	26	17	0	0.02
72301313748	2008	8	27	11	0	0.04
72301313748	2008	8	27	15	0	0.36
72301313748	2008	8	27	16	0	2.51
72301313748	2008	8	27	17	0	0.1
72301313748	2008	8	28	15	0	0.004
72301313748	2008	8	28	19	0	0.18
72301313748	2008	8	30	18	0	0.01
72301313748	2008	8	31	15	0	0.01
72301313748	2008	8	31	17	0	0.01
72301313748	2008	9	5	13	0	0.01
72301313748	2008	9	5	14	0	0.02
72301313748	2008	9	5	18	0	0.12
72301313748	2008	9	5	20	0	0.22
72301313748	2008	9	6	0	0	0.33
72301313748	2008	9	6	1	0	1.21
72301313748	2008	9	6	2	0	0.16
72301313748	2008	9	6	7	0	0.02
72301313748	2008	9	6	8	0	0.06
72301313748	2008	9	9	15	0	0.06
72301313748	2008	9	9	16	0	0.27
72301313748	2008	9	10	14	0	0.01
72301313748	2008	9	10	15	0	0.02
72301313748	2008	9	10	17	0	0.7
72301313748	2008	9	10	18	0	0.1
72301313748	2008	9	10	19	0	0.01
72301313748	2008	9	10	23	0	1.58
72301313748	2008	9	11	0	0	0.05
72301313748	2008	9	11	7	0	0.002
72301313748	2008	9	12	17	0	0.002
72301313748	2008	9	22	8	0	0.003
72301313748	2008	9	22	9	0	0.14
72301313748	2008	9	22	10	0	0.05
72301313748	2008	9	25	5	0	0.007
72301313748	2008	9	25	12	0	0.05
72301313748	2008	9	25	13	0	0.03
72301313748	2008	9	25	15	0	0.09
72301313748	2008	9	25	16	0	0.02
72301313748	2008	9	25	17	0	0.16
72301313748	2008	9	25	18	0	0.23
72301313748	2008	9	25	19	0	0.42
72301313748	2008	9	25	20	0	0.79
72301313748	2008	9	25	21	0	0.29
72301313748	2008	9	25	22	0	0.69
72301313748	2008	9	25	23	0	0.81
72301313748	2008	9	26	0	0	0.54
72301313748	2008	9	26	1	0	0.01
72301313748	2008	9	26	23	0	0.11
72301313748	2008	9	27	0	0	0.04
72301313748	2008	9	27	1	0	0.02
72301313748	2008	9	27	2	0	0.01
72301313748	2008	10	11	0	0	0.09
72301313748	2008	10	11	1	0	0.06
72301313748	2008	10	11	5	0	0.02
72301313748	2008	10	11	6	0	0.02
72301313748	2008	10	11	7	0	0.31
72301313748	2008	10	11	8	0	0.15
72301313748	2008	10	11	9	0	0.23
72301313748	2008	10	11	10	0	0.02
72301313748	2008	10	11	11	0	0.01
72301313748	2008	10	11	13	0	0.02
72301313748	2008	10	11	14	0	0.01
72301313748	2008	10	11	15	0	0.02
72301313748	2008	10	11	16	0	0.04
72301313748	2008	10	11	19	0	0.01
72301313748	2008	10	11	20	0	0.16
72301313748	2008	10	11	21	0	0.1
72301313748	2008	10	11	22	0	0.16
72301313748	2008	10	11	23	0	0.14
72301313748	2008	10	12	0	0	0.11
72301313748	2008	10	12	3	0	0.02
72301313748	2008	10	12	5	0	0.01
72301313748	2008	10	17	16	0	0.01
72301313748	2008	10	18	3	0	0.01
72301313748	2008	10	18	4	0	0.01
72301313748	2008	10	18	5	0	0.02
72301313748	2008	10	18	7	0	0.01
72301313748	2008	10	18	8	0	0.04
72301313748	2008	10	18	13	0	0.06
72301313748	2008	10	18	14	0	0.03
72301313748	2008	10	18	15	0	0.05
72301313748	2008	10	18	16	0	0.01
72301313748	2008	10	18	17	0	0.03
72301313748	2008	10	18	21	0	0.01
72301313748	2008	10	25	0	0	0.02
72301313748	2008	10	25	1	0	0.21
72301313748	2008	10	25	2	0	0.05
72301313748	2008	10	25	3	0	0.27
72301313748	2008	10	25	4	0	0.37
72301313748	2008	10	25	5	0	0.06
72301313748	2008	10	25	6	0	0.05
72301313748	2008	10	25	14	0	0.01
72301313748	2008	11	3	16	0	0.04
72301313748	2008	11	3	17	0	0.17
72301313748	2008	11	3	18	0	0.16
72301313748	2008	11	3	19	0	0.18
72301313748	2008	11	3	20	0	0.09
72301313748	2008	11	3	21	0	0.03
72301313748	2008	11	3	22	0	0.02
72301313748	2008	11	3	23	0	0.04
72301313748	2008	11	4	0	0	0.01
72301313748	2008	11	4	1	0	0.01
72301313748	2008	11	4	2	0	0.02
72301313748	2008	11	4	3	0	0.03
72301313748	2008	11	4	9	0	0.01
72301313748	2008	11	5	0	0	0.05
72301313748	2008	11	13	7	0	0.02
72301313748	2008	11	13	8	0	0.02
72301313748	2008	11	13	9	0	0.28
72301313748	2008	11	13	10	0	0.14
72301313748	2008	11	13	11	0	0.04
72301313748	2008	11	13	12	0	0.72
72301313748	2008	11	13	13	0	0.46
72301313748	2008	11	13	14	0	0.15
72301313748	2008	11	13	15	0	0.01
72301313748	2008	11	14	9	0	0.01
72301313748	2008	11	14	10	0	0.02
72301313748	2008	11	15	0	0	0.1
72301313748	2008	11	15	2	0	0.35
72301313748	2008	11	15	23	0	0.02
72301313748	2008	11	16	3	0	0.01
72301313748	2008	11	29	7	0	0.01
72301313748	2008	11	29	8	0	0.02
72301313748	2008	11	29	11	0	0.02
72301313748	2008	11	29	12	0	0.04
72301313748	2008	11	29	13	0	0.01
72301313748	2008	11	29	14	0	0.01
72301313748	2008	11	29	15	0	0.04
72301313748	2008	11	29	16	0	0.18
72301313748	2008	11	29	17	0	0.13
72301313748	2008	11	29	18	0	0.11
72301313748	2008	11	29	19	0	0.12
72301313748	2008	11	29	20	0	0.07
72301313748	2008	11	29	21	0	0.09
72301313748	2008	11	29	22	0	0.02
72301313748	2008	11	30	3	0	0.02
72301313748	2008	11	30	4	0	0.05
72301313748	2008	11	30	5	0	0.06
72301313748	2008	11	30	6	0	0.05
72301313748	2008	11	30	7	0	0.04
72301313748	2008	11	30	8	0	0.19
72301313748	2008	11	30	9	0	0.05
72301313748	2008	11	30	10	0	0.02
72301313748	2008	11	30	11	0	0.04
72301313748	2008	11	30	19	0	0.01
72301313748	2008	11	30	21	0	0.01
72301313748	2008	11	30	22	0	0.01
72301313748	2008	12	1	0	0	0.01
72301313748	2008	12	1	2	0	0.01
72301313748	2008	12	2	13	0	0.07
72301313748	2008	12	2	14	0	0.02
72301313748	2008	12	7	2	0	0.02
72301313748	2008	12	7	3	0	0.01
72301313748	2008	12	10	9	0	0.02
72301313748	2008	12	10	10	0	0.03
72301313748	2008	12	10	13	0	0.06
72301313748	2008	12	10	14	0	0.01
72301313748	2008	12	11	3	0	0.07
72301313748	2008	12	11	4	0	0.5
72301313748	2008	12	11	5	0	0.09
72301313748	2008	12	11	6	0	0.07
72301313748	2008	12	11	8	0	0.01
72301313748	2008	12	11	9	0	0.02
72301313748	2008	12	11	10	0	0.17
72301313748	2008	12	11	21	0	0.24
72301313748	2008	12	11	22	0	0.17
72301313748	2008	12	11	23	0	0.18
72301313748	2008	12	12	0	0	0.03
72301313748	2008	12	12	1	0	0.09
72301313748	2008	12	12	2	0	0.06
72301313748	2008	12	16	23	0	0.01
72301313748	2008	12	17	1	0	0.01
72301313748	2008	12	17	2	0	0.02
72301313748	2008	12	17	3	0	0.04
72301313748	2008	12	17	4	0	0.04
72301313748	2008	12	17	5	0	0.01
72301313748	2008	12	21	1	0	0.01
72301313748	2008	12	21	2	0	0.01
72301313748	2008	12	21	7	0	0.01
72301313748	2008	12	25	15	0	0.25
72301313748	2008	12	25	16	0	0.12
72301313748	2008	12	25	17	0	0.07
72301313748	2008	12	28	9	0	0.02
72301313748	2008	12	29	13	0	0.01
72301313748	2008	12	29	14	0	0.21
72301313748	2008	12	29	15	0	0.14
72301313748	2008	12	29	16	0	0.07
72301313748	2008	12	29	17	0	0.03
72301313748	2009	1	4	23	0	0.09
72301313748	2009	1	7	8	0	0.02
72301313748	2009	1	7	15	0	0.01
72301313748	2009	1	11	9	0	0.11
72301313748	2009	1	11	10	0	0.07
72301313748	2009	1	11	11	0	0.13
72301313748	2009	1	11	12	0	0.02
72301313748	2009	1	11	13	0	0.01
72301313748	2009	1	13	11	0	0.001
72301313748	2009	1	13	12	0	0.05
72301313748	2009	1	13	13	0	0.11
72301313748	2009	1	13	14	0	0.05
72301313748	2009	1	13	15	0	0.04
72301313748	2009	1	13	16	0	0.09
72301313748	2009	1	13	17	0	0.02
72301313748	2009	1	13	18	0	0.08
72301313748	2009	1	13	19	0	0.01
72301313748	2009	1	13	20	0	0.02
72301313748	2009	1	13	21	0	0.02
72301313748	2009	1	13	22	0	0.01
72301313748	2009	1	18	18	0	0.01
72301313748	2009	1	18	19	0	0.04
72301313748	2009	1	18	20	0	0.02
72301313748	2009	1	18	21	0	0.1
72301313748	2009	1	18	22	0	0.13
72301313748	2009	1	18	23	0	0.02
72301313748	2009	1	19	0	0	0.03
72301313748	2009	1	20	6	0	0.01
72301313748	2009	1	20	7	0	0.02
72301313748	2009	1	20	8	0	0.02
72301313748	2009	1	20	9	0	0.01
72301313748	2009	1	20	13	0	0.01
72301313748	2009	1	20	14	0	0.01
72301313748	2009	1	20	15	0	0.03
72301313748	2009	1	24	16	0	0.01
72301313748	2009	1	24	17	0	0.03
72301313748	2009	1	24	23	0	0.01
72301313748	2009	1	27	3	0	0.01
72301313748	2009	1	27	6	0	0.01
72301313748	2009	1	28	6	0	0.01
72301313748	2009	1	28	7	0	0.07
72301313748	2009	1	29	1	0	0.04
72301313748	2009	1	29	7	0	0.03
72301313748	2009	1	29	8	0	0.04
72301313748	2009	1	29	9	0	0.1
72301313748	2009	1	29	10	0	0.1
72301313748	2009	1	29	11	0	0.06
72301313748	2009	1	29	12	0	0.03
72301313748	2009	2	3	0	0	0.01
72301313748	2009	2	3	1	0	0.04
72301313748	2009	2	3	3	0	0.03
72301313748	2009	2	3	4	0	0.05
72301313748	2009	2	3	5	0	0.03
72301313748	2009	2	3	6	0	0.04
72301313748	2009	2	3	7	0	0.03
72301313748	2009	2	4	14	0	0.01
72301313748	2009	2	14	15	0	0.01
72301313748	2009	2	14	16	0	0.01
72301313748	2009	2	18	13	0	0.07
72301313748	2009	2	18	14	0	0.08
72301313748	2009	2	18	15	0	0.12
72301313748	2009	2	18	16	0	0.1
72301313748	2009	2	18	17	0	0.05
72301313748	2009	2	19	6	0	0.11
72301313748	2009	2	19	7	0	0.06
72301313748	2009	2	19	8	0	0.02
72301313748	2009	2	28	9	0	0.05
72301313748	2009	2	28	10	0	0.05
72301313748	2009	2	28	18	0	0.16
72301313748	2009	2	28	19	0	0.19
72301313748	2009	2	28	20	0	0.14
72301313748	2009	2	28	21	0	0.05
72301313748	2009	3	1	10	0	0.03
72301313748	2009	3	1	11	0	0.01
72301313748	2009	3	1	13	0	0.1
72301313748	2009	3	1	14	0	0.04
72301313748	2009	3	1	15	0	0.24
72301313748	2009	3	1	17	0	0.01
72301313748	2009	3	1	18	0	0.03
72301313748	2009	3	1	19	0	0.04
72301313748	2009	3	1	20	0	0.13
72301313748	2009	3	1	21	0	0.03
72301313748	2009	3	1	22	0	0.01
72301313748	2009	3	15	21	0	0.01
72301313748	2009	3	16	7	0	0.01
72301313748	2009	3	16	9	0	0.01
72301313748	2009	3	16	13	0	0.02
72301313748	2009	3	16	14	0	0.2
72301313748	2009	3	16	15	0	0.16
72301313748	2009	3	16	16	0	0.13
72301313748	2009	3	16	17	0	0.3
72301313748	2009	3	16	18	0	0.3
72301313748	2009	3	16	19	0	0.02
72301313748	2009	3	16	20	0	0.01
72301313748	2009	3	16	22	0	0.03
72301313748	2009	3	16	23	0	0.09
72301313748	2009	3	17	0	0	0.02
72301313748	2009	3	17	1	0	0.04
72301313748	2009	3	17	2	0	0.04
72301313748	2009	3	17	3	0	0.04
72301313748	2009	3	17	4	0	0.03
72301313748	2009	3	17	5	0	0.02
72301313748	2009	3	17	6	0	0.01
72301313748	2009	3	26	16	0	0.01
72301313748	2009	3	26	17	0	0.01
72301313748	2009	3	26	18	0	0.03
72301313748	2009	3	26	19	0	0.07
72301313748	2009	3	26	20	0	0.03
72301313748	2009	3	27	23	0	0.02
72301313748	2009	3	28	5	0	0.028
72301313748	2009	3	28	6	0	0.14
72301313748	2009	3	28	7	0	0.04
72301313748	2009	3	28	8	0	0.04
72301313748	2009	3	28	19	0	0.17
72301313748	2009	3	28	20	0	0.15
72301313748	2009	3	29	2	0	0.31
72301313748	2009	3	29	3	0	0.07
72301313748	2009	3	29	5	0	0.01
72301313748	2009	3	29	6	0	0.01
72301313748	2009	3	29	12	0	0.25
72301313748	2009	4	1	12	0	0.02
72301313748	2009	4	1	13	0	0.02
72301313748	2009	4	1	14	0	0.01
72301313748	2009	4	2	10	0	0.01
72301313748	2009	4	2	11	0	0.04
72301313748	2009	4	2	12	0	0.07
72301313748	2009	4	2	13	0	0.04
72301313748	2009	4	2	14	0	0.04
72301313748	2009	4	2	16	0	0.04
72301313748	2009	4	2	17	0	0.12
72301313748	2009	4	2	18	0	0.05
72301313748	2009	4	2	19	0	0.01
72301313748	2009	4	2	20	0	0.05
72301313748	2009	4	2	21	0	0.04
72301313748	2009	4	3	3	0	0.03
72301313748	2009	4	3	4	0	0.02
72301313748	2009	4	6	8	0	0.01
72301313748	2009	4	6	16	0	0.3
72301313748	2009	4	11	6	0	0.3
72301313748	2009	4	11	7	0	0.01
72301313748	2009	4	11	8	0	0.01
72301313748	2009	4	13	21	0	0.01
72301313748	2009	4	14	16	0	0.07
72301313748	2009	4	14	18	0	0.03
72301313748	2009	4	14	19	0	0.15
72301313748	2009	4	15	2	0	0.001
72301313748	2009	4	15	3	0	0.02
72301313748	2009	4	21	6	0	0.04
72301313748	2009	5	4	20	0	0.01
72301313748	2009	5	4	21	0	0.01
72301313748	2009	5	5	9	0	0.01
72301313748	2009	5	7	13	0	0.05
72301313748	2009	5	7	14	0	0.03
72301313748	2009	5	11	12	0	0.01
72301313748	2009	5	11	14	0	0.29
72301313748	2009	5	11	15	0	0.02
72301313748	2009	5	11	16	0	0.17
72301313748	2009	5	11	17	0	0.01
72301313748	2009	5	14	15	0	0.01
72301313748	2009	5	14	17	0	0.02
72301313748	2009	5	14	18	0	0.13
72301313748	2009	5	14	19	0	0.14
72301313748	2009	5	14	20	0	0.01
72301313748	2009	5	15	15	0	0.01
72301313748	2009	5	15	16	0	0.01
72301313748	2009	5	15	20	0	0.01
72301313748	2009	5	16	15	0	0.01
72301313748	2009	5	16	17	0	0.01
72301313748	2009	5	16	18	0	0.048
72301313748	2009	5	16	19	0	0.026
72301313748	2009	5	17	14	0	0.01
72301313748	2009	5	17	16	0	0.42
72301313748	2009	5	17	17	0	0.03
72301313748	2009	5	17	18	0	0.01
72301313748	2009	5	17	19	0	0.18
72301313748	2009	5	17	20	0	0.3
72301313748	2009	5	17	21	0	0.53
72301313748	2009	5	17	22	0	0.4
72301313748	2009	5	17	23	0	0.2
72301313748	2009	5	18	0	0	0.04
72301313748	2009	5	18	1	0	0.08
72301313748	2009	5	18	2	0	0.01
72301313748	2009	5	18	3	0	0.03
72301313748	2009	5	18	4	0	0.02
72301313748	2009	5	18	5	0	0.01
72301313748	2009	5	18	6	0	0.03
72301313748	2009	5	18	9	0	0.03
72301313748	2009	5	18	10	0	0.1
72301313748	2009	5	18	11	0	0.07
72301313748	2009	5	18	12	0	0.04
72301313748	2009	5	18	13	0	0.02
72301313748	2009	5	18	14	0	0.01
72301313748	2009	5	19	21	0	0.01
72301313748	2009	5	20	19	0	0.01
72301313748	2009	5	20	20	0	0.011
72301313748	2009	5	21	6	0	0.04
72301313748	2009	5	21	7	0	0.005
72301313748	2009	5	22	11	0	0.01
72301313748	2009	5	22	13	0	0.02
72301313748	2009	5	22	14	0	0.02
72301313748	2009	5	22	16	0	0.002
72301313748	2009	5	22	17	0	0.001
72301313748	2009	5	24	16	0	0.006
72301313748	2009	5	24	17	0	0.014
72301313748	2009	5	24	18	0	0.002
72301313748	2009	5	24	19	0	0.002
72301313748	2009	5	25	20	0	0.002
72301313748	2009	5	26	6	0	0.25
72301313748	2009	5	26	7	0	0.01
72301313748	2009	5	26	9	0	0.01
72301313748	2009	5	26	10	0	0.03
72301313748	2009	5	26	12	0	0.02
72301313748	2009	5	26	15	0	0.45
72301313748	2009	5	26	16	0	0.58
72301313748	2009	5	26	17	0	0.11
72301313748	2009	5	26	18	0	0.01
72301313748	2009	5	29	4	0	0.06
72301313748	2009	5	29	5	0	0.04
72301313748	2009	5	29	6	0	0.01
72301313748	2009	5	29	17	0	0.03
72301313748	2009	5	29	18	0	0.15
72301313748	2009	5	30	3	0	0.32
72301313748	2009	6	5	5	0	0.131
72301313748	2009	6	5	6	0	0.04
72301313748	2009	6	9	16	0	0.13
72301313748	2009	6	10	3	0	0.06
72301313748	2009	6	10	4	0	0.03
72301313748	2009	6	10	5	0	0.09
72301313748	2009	6	10	6	0	0.01
72301313748	2009	6	10	7	0	0.02
72301313748	2009	6	14	17	0	0.01
72301313748	2009	6	14	18	0	0.01
72301313748	2009	6	16	1	0	0.02
72301313748	2009	6	16	2	0	0.08
72301313748	2009	6	16	4	0	0.01
72301313748	2009	6	16	5	0	0.04
72301313748	2009	6	16	10	0	0.04
72301313748	2009	6	16	11	0	0.67
72301313748	2009	6	16	12	0	0.05
72301313748	2009	6	16	13	0	0.06
72301313748	2009	6	17	8	0	0.12
72301313748	2009	6	25	5	0	0.02
72301313748	2009	6	26	21	0	1.69
72301313748	2009	6	26	22	0	0.01
72301313748	2009	6	27	21	0	0.39
72301313748	2009	6	27	22	0	0.14
72301313748	2009	6	28	0	0	0.02
72301313748	2009	7	3	4	0	0.01
72301313748	2009	7	5	17	0	0.02
72301313748	2009	7	6	4	0	0.03
72301313748	2009	7	6	5	0	0.03
72301313748	2009	7	6	6	0	0.02
72301313748	2009	7	6	8	0	0.02
72301313748	2009	7	6	11	0	0.03
72301313748	2009	7	6	22	0	0.06
72301313748	2009	7	6	23	0	0.026
72301313748	2009	7	7	0	0	1.99
72301313748	2009	7	7	1	0	0.9
72301313748	2009	7	7	2	0	0.12
72301313748	2009	7	7	3	0	0.062
72301313748	2009	7	7	4	0	0.07
72301313748	2009	7	7	5	0	0.02
72301313748	2009	7	9	7	0	0.01
72301313748	2009	7	9	11	0	0.01
72301313748	2009	7	9	14	0	0.006
72301313748	2009	7	9	15	0	0.21
72301313748	2009	7	9	16	0	0.07
72301313748	2009	7	9	18	0	0.04
72301313748	2009	7	9	19	0	0.01
72301313748	2009	7	10	0	0	0.01
72301313748	2009	7	13	7	0	0.01
72301313748	2009	7	13	9	0	0.43
72301313748	2009	7	13	11	0	0.07
72301313748	2009	7	13	12	0	0.03
72301313748	2009	7	13	17	0	0.02
72301313748	2009	7	13	18	0	0.01
72301313748	2009	7	14	0	0	0.69
72301313748	2009	7	14	1	0	0.39
72301313748	2009	7	14	2	0	0.14
72301313748	2009	7	14	7	0	0.03
72301313748	2009	7	16	22	0	0.02
72301313748	2009	7	16	23	0	0.1
72301313748	2009	7	17	0	0	0.01
72301313748	2009	7	18	3	0	0.05
72301313748	2009	7	18	4	0	0.095
72301313748	2009	7	18	5	0	0.067
72301313748	2009	7	21	0	0	0.017
72301313748	2009	7	24	23	0	0.42
72301313748	2009	7	25	1	0	0.01
72301313748	2009	7	25	2	0	0.01
72301313748	2009	7	25	4	0	0.01
72301313748	2009	7	28	0	0	0.022
72301313748	2009	7	29	23	0	0.02
72301313748	2009	7	31	3	0	0.002
72301313748	2009	8	1	0	0	0.01
72301313748	2009	8	1	9	0	0.004
72301313748	2009	8	2	8	0	0.01
72301313748	2009	8	2	9	0	0.01
72301313748	2009	8	2	20	0	0.055
72301313748	2009	8	2	21	0	0.06
72301313748	2009	8	2	23	0	0.03
72301313748	2009	8	3	2	0	0.02
72301313748	2009	8	4	18	0	0.65
72301313748	2009	8	6	8	0	0.001
72301313748	2009	8	6	19	0	0.13
72301313748	2009	8	6	21	0	0.07
72301313748	2009	8	6	23	0	0.01
72301313748	2009	8	7	0	0	0.01
72301313748	2009	8	7	10	0	0.019
72301313748	2009	8	12	2	0	0.01
72301313748	2009	8	12	19	0	0.32
72301313748	2009	8	12	20	0	0.19
72301313748	2009	8	12	23	0	0.01
72301313748	2009	8	13	0	0	0.01
72301313748	2009	8	13	1	0	0.01
72301313748	2009	8	13	14	0	0.004
72301313748	2009	8	13	15	0	0.11
72301313748	2009	8	13	16	0	0.01
72301313748	2009	8	13	20	0	0.01
72301313748	2009	8	14	8	0	0.01
72301313748	2009	8	14	9	0	0.01
72301313748	2009	8	14	11	0	0.018
72301313748	2009	8	14	12	0	0.01
72301313748	2009	8	14	13	0	0.37
72301313748	2009	8	14	14	0	0.27
72301313748	2009	8	14	15	0	0.19
72301313748	2009	8	14	16	0	0.15
72301313748	2009	8	16	22	0	0.03
72301313748	2009	8	16	23	0	0.01
72301313748	2009	8	21	8	0	0.15
72301313748	2009	8	21	9	0	0.01
72301313748	2009	8	21	14	0	0.03
72301313748	2009	8	21	15	0	0.48
72301313748	2009	8	21	16	0	0.07
72301313748	2009	8	21	17	0	0.03
72301313748	2009	8	21	18	0	0.76
72301313748	2009	8	21	19	0	0.15
72301313748	2009	8	22	21	0	0.29
72301313748	2009	8	23	7	0	0.05
72301313748	2009	8	23	8	0	0.01
72301313748	2009	8	23	9	0	0.01
72301313748	2009	8	28	17	0	0.001
72301313748	2009	8	28	20	0	0.01
72301313748	2009	8	28	21	0	0.01
72301313748	2009	8	28	23	0	0.47
72301313748	2009	8	29	0	0	0.05
72301313748	2009	8	29	1	0	0.1
72301313748	2009	8	29	3	0	0.02
72301313748	2009	8	29	4	0	0.01
72301313748	2009	8	30	23	0	0.095
72301313748	2009	8	31	4	0	0.063
72301313748	2009	8	31	6	0	0.027
72301313748	2009	8	31	13	0	0.16
72301313748	2009	8	31	14	0	0.17
72301313748	2009	8	31	15	0	0.04
72301313748	2009	9	1	6	0	0.001
72301313748	2009	9	3	1	0	0.01
72301313748	2009	9	3	2	0	0.01
72301313748	2009	9	3	3	0	0.02
72301313748	2009	9	3	4	0	0.01
72301313748	2009	9	6	10	0	0.01
72301313748	2009	9	6	23	0	0.01
72301313748	2009	9	7	4	0	0.001
72301313748	2009	9	7	6	0	0.02
72301313748	2009	9	7	7	0	0.1
72301313748	2009	9	7	8	0	0.16
72301313748	2009	9	7	9	0	0.053
72301313748	2009	9	7	10	0	0.04
72301313748	2009	9	7	11	0	0.01
72301313748	2009	9	7	13	0	0.01
72301313748	2009	9	7	14	0	0.03
72301313748	2009	9	7	15	0	0.04
72301313748	2009	9	7	16	0	0.037
72301313748	2009	9	7	18	0	0.09
72301313748	2009	9	7	19	0	0.06
72301313748	2009	9	7	20	0	0.02
72301313748	2009	9	7	21	0	0.01
72301313748	2009	9	7	23	0	0.01
72301313748	2009	9	10	6	0	0.002
72301313748	2009	9	10	8	0	0.002
72301313748	2009	9	13	9	0	0.001
72301313748	2009	9	21	11	0	0.001
72301313748	2009	9	22	5	0	0.083
72301313748	2009	9	22	6	0	0.55
72301313748	2009	9	22	7	0	0.3
72301313748	2009	9	22	8	0	0.04
72301313748	2009	9	22	9	0	0.04
72301313748	2009	9	22	10	0	0.02
72301313748	2009	9	22	14	0	0.02
72301313748	2009	9	22	15	0	0.23
72301313748	2009	9	22	16	0	0.02
72301313748	2009	9	22	17	0	0.08
72301313748	2009	9	22	18	0	0.56
72301313748	2009	9	22	19	0	0.06
72301313748	2009	9	22	20	0	0.12
72301313748	2009	9	22	21	0	0.01
72301313748	2009	9	22	23	0	0.01
72301313748	2009	9	23	2	0	0.009
72301313748	2009	9	23	3	0	0.52
72301313748	2009	9	23	4	0	0.02
72301313748	2009	9	23	5	0	0.58
72301313748	2009	9	23	6	0	0.5
72301313748	2009	9	23	7	0	0.05
72301313748	2009	9	23	8	0	0.02
72301313748	2009	9	23	11	0	0.01
72301313748	2009	9	23	12	0	0.01
72301313748	2009	9	23	13	0	0.07
72301313748	2009	9	23	14	0	0.22
72301313748	2009	9	25	9	0	0.006
72301313748	2009	9	25	18	0	0.29
72301313748	2009	9	25	19	0	0.13
72301313748	2009	9	25	20	0	0.01
72301313748	2009	9	25	21	0	0.41
72301313748	2009	9	25	22	0	0.3
72301313748	2009	9	25	23	0	0.26
72301313748	2009	9	26	0	0	0.07
72301313748	2009	9	26	16	0	0.01
72301313748	2009	9	26	17	0	0.25
72301313748	2009	9	26	18	0	0.24
72301313748	2009	9	26	19	0	0.22
72301313748	2009	9	26	20	0	0.24
72301313748	2009	9	26	21	0	0.21
72301313748	2009	9	26	22	0	0.1
72301313748	2009	9	26	23	0	0.08
72301313748	2009	9	27	0	0	0.01
72301313748	2009	9	27	12	0	0.01
72301313748	2009	9	28	7	0	0.003
72301313748	2009	10	5	4	0	0.002
72301313748	2009	10	5	7	0	0.01
72301313748	2009	10	5	8	0	0.01
72301313748	2009	10	5	9	0	0.04
72301313748	2009	10	5	10	0	0.02
72301313748	2009	10	5	11	0	0.01
72301313748	2009	10	5	12	0	0.21
72301313748	2009	10	5	13	0	0.09
72301313748	2009	10	5	14	0	0.07
72301313748	2009	10	5	15	0	0.07
72301313748	2009	10	5	16	0	0.03
72301313748	2009	10	5	17	0	0.01
72301313748	2009	10	5	18	0	0.01
72301313748	2009	10	5	21	0	0.01
72301313748	2009	10	5	22	0	0.03
72301313748	2009	10	5	23	0	0.03
72301313748	2009	10	6	0	0	0.05
72301313748	2009	10	6	1	0	0.027
72301313748	2009	10	10	20	0	0.15
72301313748	2009	10	12	20	0	0.04
72301313748	2009	10	12	21	0	0.04
72301313748	2009	10	12	22	0	0.05
72301313748	2009	10	12	23	0	0.01
72301313748	2009	10	13	4	0	0.01
72301313748	2009	10	13	5	0	0.004
72301313748	2009	10	13	7	0	0.004
72301313748	2009	10	14	14	0	0.01
72301313748	2009	10	14	19	0	0.03
72301313748	2009	10	14	20	0	0.04
72301313748	2009	10	14	21	0	0.12
72301313748	2009	10	14	22	0	0.12
72301313748	2009	10	14	23	0	0.12
72301313748	2009	10	15	0	0	0.02
72301313748	2009	10	15	1	0	0.01
72301313748	2009	10	15	2	0	0.02
72301313748	2009	10	15	4	0	0.01
72301313748	2009	10	16	0	0	0.05
72301313748	2009	10	16	1	0	0.04
72301313748	2009	10	16	2	0	0.01
72301313748	2009	10	24	16	0	0.04
72301313748	2009	10	26	11	0	0.01
72301313748	2009	10	26	15	0	0.06
72301313748	2009	10	26	16	0	0.12
72301313748	2009	10	26	17	0	0.12
72301313748	2009	10	26	19	0	0.04
72301313748	2009	10	28	8	0	0.09
72301313748	2009	10	30	18	0	0.01
72301313748	2009	11	10	4	0	0.01
72301313748	2009	11	10	17	0	0.001
72301313748	2009	11	10	18	0	0.02
72301313748	2009	11	10	19	0	0.07
72301313748	2009	11	10	20	0	0.06
72301313748	2009	11	10	21	0	0.06
72301313748	2009	11	11	6	0	0.21
72301313748	2009	11	11	7	0	0.15
72301313748	2009	11	11	8	0	0.03
72301313748	2009	11	11	9	0	0.1
72301313748	2009	11	11	10	0	0.26
72301313748	2009	11	11	11	0	0.14
72301313748	2009	11	11	12	0	0.12
72301313748	2009	11	11	13	0	0.01
72301313748	2009	11	11	14	0	0.13
72301313748	2009	11	11	15	0	0.48
72301313748	2009	11	11	16	0	0.71
72301313748	2009	11	11	17	0	0.35
72301313748	2009	11	11	18	0	0.07
72301313748	2009	11	11	19	0	0.3
72301313748	2009	11	11	20	0	0.23
72301313748	2009	11	11	21	0	0.19
72301313748	2009	11	11	22	0	0.05
72301313748	2009	11	12	0	0	0.07
72301313748	2009	11	12	1	0	0.08
72301313748	2009	11	12	2	0	0.15
72301313748	2009	11	12	5	0	0.01
72301313748	2009	11	12	6	0	0.01
72301313748	2009	11	12	7	0	0.01
72301313748	2009	11	12	13	0	0.01
72301313748	2009	11	12	14	0	0.01
72301313748	2009	11	13	1	0	0.01
72301313748	2009	11	13	2	0	0.01
72301313748	2009	11	13	3	0	0.01
72301313748	2009	11	13	5	0	0.03
72301313748	2009	11	13	6	0	0.04
72301313748	2009	11	13	7	0	0.01
72301313748	2009	11	14	5	0	0.01
72301313748	2009	11	19	0	0	0.03
72301313748	2009	11	19	6	0	0.01
72301313748	2009	11	19	7	0	0.04
72301313748	2009	11	22	23	0	0.06
72301313748	2009	11	23	0	0	0.02
72301313748	2009	11	23	1	0	0.02
72301313748	2009	11	23	2	0	0.03
72301313748	2009	11	23	3	0	0.01
72301313748	2009	11	23	4	0	0.02
72301313748	2009	11	23	5	0	0.14
72301313748	2009	11	25	13	0	0.01
72301313748	2009	11	25	15	0	0.02
72301313748	2009	11	25	19	0	0.01
72301313748	2009	11	25	20	0	0.02
72301313748	2009	12	1	2	0	0.02
72301313748	2009	12	1	3	0	0.02
72301313748	2009	12	2	15	0	0.23
72301313748	2009	12	2	16	0	0.45
72301313748	2009	12	2	17	0	0.77
72301313748	2009	12	2	18	0	0.56
72301313748	2009	12	2	19	0	0.09
72301313748	2009	12	3	2	0	0.029
72301313748	2009	12	3	3	0	0.54
72301313748	2009	12	3	4	0	0.03
72301313748	2009	12	3	5	0	0.06
72301313748	2009	12	3	6	0	0.06
72301313748	2009	12	5	3	0	0.07
72301313748	2009	12	5	4	0	0.07
72301313748	2009	12	5	5	0	0.07
72301313748	2009	12	5	6	0	0.09
72301313748	2009	12	5	7	0	0.07
72301313748	2009	12	5	8	0	0.08
72301313748	2009	12	5	9	0	0.07
72301313748	2009	12	5	10	0	0.06
72301313748	2009	12	5	11	0	0.07
72301313748	2009	12	5	12	0	0.02
72301313748	2009	12	5	13	0	0.06
72301313748	2009	12	5	16	0	0.01
72301313748	2009	12	9	1	0	0.02
72301313748	2009	12	9	4	0	0.01
72301313748	2009	12	9	6	0	0.02
72301313748	2009	12	9	7	0	0.02
72301313748	2009	12	9	8	0	0.05
72301313748	2009	12	9	9	0	0.05
72301313748	2009	12	13	4	0	0.03
72301313748	2009	12	13	5	0	0.01
72301313748	2009	12	13	6	0	0.01
72301313748	2009	12	13	7	0	0.01
72301313748	2009	12	13	9	0	0.01
72301313748	2009	12	13	10	0	0.01
72301313748	2009	12	13	11	0	0.01
72301313748	2009	12	13	12	0	0.01
72301313748	2009	12	13	14	0	0.02
72301313748	2009	12	13	15	0	0.01
72301313748	2009	12	13	17	0	0.06
72301313748	2009	12	13	18	0	0.01
72301313748	2009	12	15	6	0	0.01
72301313748	2009	12	18	18	0	0.01
72301313748	2009	12	18	19	0	0.02
72301313748	2009	12	18	22	0	0.05
72301313748	2009	12	18	23	0	0.21
72301313748	2009	12	19	0	0	0.28
72301313748	2009	12	19	1	0	0.31
72301313748	2009	12	19	2	0	0.4
72301313748	2009	12	19	3	0	0.54
72301313748	2009	12	19	4	0	0.12
72301313748	2009	12	19	5	0	0.05
72301313748	2009	12	25	19	0	0.04
72301313748	2009	12	25	20	0	0.08
72301313748	2009	12	25	21	0	0.02
72301313748	2009	12	25	22	0	0.1
72301313748	2009	12	25	23	0	0.14
72301313748	2009	12	26	0	0	0.96
72301313748	2009	12	26	1	0	0.72
72301313748	2009	12	26	2	0	0.08
72301313748	2009	12	31	4	0	0.02
72301313748	2009	12	31	5	0	0.11
72301313748	2009	12	31	6	0	0.1
72301313748	2009	12	31	7	0	0.36
72301313748	2009	12	31	8	0	0.06
72301313748	2009	12	31	9	0	0.01
72301313748	2009	12	31	10	0	0.09
72301313748	2009	12	31	11	0	0.03
