72367623048	2005	1	2	22	0	0.01
72367623048	2005	1	2	23	0	0.05
72367623048	2005	1	3	0	0	0.03
72367623048	2005	1	3	1	0	0.01
72367623048	2005	1	3	2	0	0.02
72367623048	2005	1	3	3	0	0.01
72367623048	2005	1	4	7	0	0.18
72367623048	2005	1	4	8	0	0.29
72367623048	2005	1	4	9	0	0.03
72367623048	2005	1	4	13	0	0.03
72367623048	2005	1	4	14	0	0.03
72367623048	2005	1	4	15	0	0.01
72367623048	2005	1	4	16	0	0.01
72367623048	2005	1	5	2	0	0.02
72367623048	2005	1	5	7	0	0.01
72367623048	2005	1	5	8	0	0.06
72367623048	2005	1	5	9	0	0.04
72367623048	2005	1	5	10	0	0.01
72367623048	2005	1	27	9	0	0.01
72367623048	2005	1	27	10	0	0.02
72367623048	2005	1	27	13	0	0.01
72367623048	2005	1	27	14	0	0.02
72367623048	2005	1	27	15	0	0.02
72367623048	2005	1	27	22	0	0.01
72367623048	2005	1	27	23	0	0.03
72367623048	2005	1	28	0	0	0.04
72367623048	2005	1	28	1	0	0.01
72367623048	2005	1	28	2	0	0.02
72367623048	2005	1	28	3	0	0.05
72367623048	2005	1	28	4	0	0.01
72367623048	2005	1	28	5	0	0.01
72367623048	2005	1	30	9	0	0.001
72367623048	2005	1	30	10	0	0.08
72367623048	2005	1	30	11	0	0.14
72367623048	2005	1	30	12	0	0.03
72367623048	2005	1	30	13	0	0.1
72367623048	2005	1	30	14	0	0.01
72367623048	2005	1	30	19	0	0.01
72367623048	2005	1	30	20	0	0.01
72367623048	2005	1	30	22	0	0.02
72367623048	2005	2	5	22	0	0.02
72367623048	2005	2	5	23	0	0.05
72367623048	2005	2	6	0	0	0.05
72367623048	2005	2	6	1	0	0.05
72367623048	2005	2	6	2	0	0.09
72367623048	2005	2	6	3	0	0.06
72367623048	2005	2	6	4	0	0.05
72367623048	2005	2	6	5	0	0.05
72367623048	2005	2	6	6	0	0.03
72367623048	2005	2	6	7	0	0.03
72367623048	2005	2	6	8	0	0.04
72367623048	2005	2	6	9	0	0.06
72367623048	2005	2	6	10	0	0.1
72367623048	2005	2	6	11	0	0.09
72367623048	2005	2	6	12	0	0.06
72367623048	2005	2	6	13	0	0.01
72367623048	2005	2	12	4	0	0.04
72367623048	2005	2	18	15	0	0.04
72367623048	2005	2	18	16	0	0.04
72367623048	2005	2	18	17	0	0.05
72367623048	2005	2	18	18	0	0.03
72367623048	2005	2	18	20	0	0.01
72367623048	2005	2	20	1	0	0.04
72367623048	2005	2	20	2	0	0.06
72367623048	2005	3	2	0	0	0.04
72367623048	2005	3	2	1	0	0.02
72367623048	2005	3	14	4	0	0.01
72367623048	2005	3	14	5	0	0.01
72367623048	2005	3	14	7	0	0.04
72367623048	2005	3	14	8	0	0.04
72367623048	2005	3	14	9	0	0.04
72367623048	2005	3	14	10	0	0.03
72367623048	2005	3	14	11	0	0.03
72367623048	2005	3	14	12	0	0.02
72367623048	2005	3	14	14	0	0.01
72367623048	2005	3	14	16	0	0.02
72367623048	2005	3	14	17	0	0.02
72367623048	2005	3	14	18	0	0.07
72367623048	2005	3	14	19	0	0.02
72367623048	2005	3	15	2	0	0.01
72367623048	2005	3	15	4	0	0.01
72367623048	2005	3	15	5	0	0.04
72367623048	2005	3	15	6	0	0.02
72367623048	2005	3	15	7	0	0.02
72367623048	2005	3	15	8	0	0.02
72367623048	2005	3	15	9	0	0.02
72367623048	2005	3	15	10	0	0.02
72367623048	2005	3	15	11	0	0.03
72367623048	2005	3	15	12	0	0.02
72367623048	2005	3	15	13	0	0.02
72367623048	2005	3	15	14	0	0.01
72367623048	2005	3	15	15	0	0.01
72367623048	2005	3	15	16	0	0.01
72367623048	2005	3	15	20	0	0.01
72367623048	2005	3	15	21	0	0.01
72367623048	2005	3	15	22	0	0.01
72367623048	2005	3	16	0	0	0.01
72367623048	2005	3	25	20	0	0.002
72367623048	2005	3	25	21	0	0.01
72367623048	2005	3	26	0	0	0.02
72367623048	2005	3	26	2	0	0.08
72367623048	2005	3	26	3	0	0.08
72367623048	2005	3	26	4	0	0.01
72367623048	2005	3	26	5	0	0.012
72367623048	2005	3	26	6	0	0.01
72367623048	2005	3	26	14	0	0.01
72367623048	2005	3	26	15	0	0.01
72367623048	2005	3	26	16	0	0.02
72367623048	2005	3	26	17	0	0.01
72367623048	2005	3	26	19	0	0.01
72367623048	2005	3	26	20	0	0.01
72367623048	2005	3	26	21	0	0.01
72367623048	2005	3	31	15	0	0.02
72367623048	2005	3	31	16	0	0.06
72367623048	2005	3	31	18	0	0.01
72367623048	2005	3	31	19	0	0.05
72367623048	2005	3	31	20	0	0.06
72367623048	2005	4	5	16	0	0.02
72367623048	2005	4	5	17	0	0.02
72367623048	2005	4	5	18	0	0.02
72367623048	2005	4	16	3	0	0.81
72367623048	2005	4	16	4	0	0.1
72367623048	2005	4	16	6	0	0.01
72367623048	2005	4	16	7	0	0.02
72367623048	2005	4	16	8	0	0.03
72367623048	2005	4	16	9	0	0.12
72367623048	2005	4	16	12	0	0.01
72367623048	2005	4	24	15	0	0.017
72367623048	2005	4	24	16	0	0.19
72367623048	2005	4	24	17	0	0.1
72367623048	2005	4	24	18	0	0.01
72367623048	2005	4	24	23	0	0.04
72367623048	2005	4	25	0	0	0.05
72367623048	2005	4	25	19	0	0.01
72367623048	2005	5	2	5	0	0.09
72367623048	2005	5	2	6	0	0.117
72367623048	2005	5	2	7	0	0.1
72367623048	2005	5	2	8	0	0.11
72367623048	2005	5	2	9	0	0.122
72367623048	2005	5	2	11	0	0.03
72367623048	2005	5	2	12	0	0.01
72367623048	2005	5	3	17	0	0.01
72367623048	2005	5	4	15	0	0.01
72367623048	2005	5	15	3	0	0.04
72367623048	2005	5	15	6	0	0.09
72367623048	2005	5	15	7	0	0.03
72367623048	2005	5	16	16	0	0.01
72367623048	2005	5	26	1	0	0.01
72367623048	2005	5	26	2	0	0.06
72367623048	2005	5	26	7	0	0.01
72367623048	2005	5	28	1	0	0.31
72367623048	2005	5	28	2	0	0.09
72367623048	2005	5	28	3	0	0.088
72367623048	2005	5	28	4	0	0.01
72367623048	2005	5	30	4	0	0.03
72367623048	2005	5	30	5	0	0.043
72367623048	2005	5	30	6	0	0.17
72367623048	2005	5	30	7	0	0.1
72367623048	2005	5	30	8	0	0.02
72367623048	2005	5	30	9	0	0.017
72367623048	2005	5	30	11	0	0.04
72367623048	2005	5	30	12	0	0.03
72367623048	2005	5	31	2	0	0.018
72367623048	2005	5	31	3	0	0.01
72367623048	2005	6	16	2	0	0.03
72367623048	2005	6	26	3	0	0.01
72367623048	2005	6	26	8	0	0.06
72367623048	2005	6	26	10	0	0.02
72367623048	2005	6	29	1	0	0.01
72367623048	2005	6	29	5	0	0.01
72367623048	2005	7	5	3	0	1.47
72367623048	2005	7	5	4	0	0.973
72367623048	2005	7	5	5	0	0.004
72367623048	2005	7	5	12	0	0.048
72367623048	2005	7	6	3	0	0.007
72367623048	2005	7	6	4	0	0.65
72367623048	2005	7	6	5	0	0.318
72367623048	2005	7	6	6	0	0.002
72367623048	2005	7	10	1	0	0.13
72367623048	2005	7	10	2	0	0.13
72367623048	2005	7	13	2	0	0.15
72367623048	2005	7	13	7	0	0.03
72367623048	2005	7	13	8	0	0.03
72367623048	2005	7	25	1	0	0.02
72367623048	2005	7	25	2	0	0.01
72367623048	2005	7	26	22	0	0.02
72367623048	2005	7	26	23	0	0.03
72367623048	2005	8	4	23	0	0.29
72367623048	2005	8	5	0	0	0.03
72367623048	2005	8	5	1	0	0.07
72367623048	2005	8	5	7	0	0.1
72367623048	2005	8	5	8	0	0.08
72367623048	2005	8	5	9	0	0.09
72367623048	2005	8	5	10	0	0.04
72367623048	2005	8	12	7	0	0.08
72367623048	2005	8	12	8	0	0.11
72367623048	2005	8	12	9	0	0.2
72367623048	2005	8	12	10	0	0.09
72367623048	2005	8	12	11	0	0.03
72367623048	2005	8	12	22	0	0.26
72367623048	2005	8	12	23	0	0.11
72367623048	2005	8	13	2	0	0.01
72367623048	2005	8	13	3	0	0.01
72367623048	2005	8	13	4	0	0.01
72367623048	2005	8	13	19	0	0.82
72367623048	2005	8	13	20	0	0.11
72367623048	2005	8	13	21	0	0.01
72367623048	2005	8	13	23	0	0.01
72367623048	2005	8	14	3	0	0.03
72367623048	2005	8	14	4	0	0.01
72367623048	2005	8	14	6	0	0.01
72367623048	2005	8	14	8	0	0.01
72367623048	2005	8	14	10	0	0.12
72367623048	2005	8	14	19	0	0.01
72367623048	2005	8	19	19	0	0.01
72367623048	2005	8	19	20	0	0.03
72367623048	2005	8	19	23	0	0.03
72367623048	2005	8	20	0	0	0.28
72367623048	2005	8	23	19	0	0.16
72367623048	2005	8	23	20	0	0.01
72367623048	2005	8	23	22	0	0.07
72367623048	2005	8	24	0	0	0.37
72367623048	2005	8	24	1	0	0.66
72367623048	2005	8	24	2	0	0.14
72367623048	2005	8	24	3	0	0.07
72367623048	2005	8	24	9	0	0.01
72367623048	2005	8	27	7	0	0.03
72367623048	2005	8	27	8	0	0.01
72367623048	2005	8	28	1	0	1.96
72367623048	2005	8	28	2	0	0.044
72367623048	2005	9	2	0	0	0.27
72367623048	2005	9	2	1	0	1.24
72367623048	2005	9	2	2	0	0.19
72367623048	2005	9	2	3	0	0.26
72367623048	2005	9	2	4	0	0.06
72367623048	2005	9	23	3	0	0.01
72367623048	2005	9	23	4	0	0.01
72367623048	2005	9	23	6	0	0.19
72367623048	2005	9	23	7	0	0.02
72367623048	2005	9	24	6	0	0.03
72367623048	2005	9	28	20	0	0.02
72367623048	2005	9	28	21	0	0.05
72367623048	2005	9	28	22	0	0.03
72367623048	2005	9	28	23	0	0.07
72367623048	2005	9	29	0	0	0.03
72367623048	2005	9	29	1	0	0.06
72367623048	2005	9	29	2	0	0.03
72367623048	2005	9	29	3	0	0.06
72367623048	2005	9	29	4	0	0.06
72367623048	2005	9	29	5	0	0.03
72367623048	2005	9	29	6	0	0.15
72367623048	2005	9	29	7	0	0.05
72367623048	2005	9	29	8	0	0.11
72367623048	2005	9	29	9	0	0.16
72367623048	2005	9	29	10	0	0.03
72367623048	2005	9	30	1	0	0.01
72367623048	2005	9	30	2	0	0.01
72367623048	2005	9	30	6	0	0.01
72367623048	2005	10	6	18	0	0.04
72367623048	2005	10	9	12	0	0.01
72367623048	2005	10	9	21	0	0.01
72367623048	2005	10	9	22	0	0.01
72367623048	2005	10	10	9	0	0.03
72367623048	2005	10	10	13	0	0.01
72367623048	2005	10	10	14	0	0.02
72367623048	2005	10	10	15	0	0.01
72367623048	2005	10	10	20	0	0.01
72367623048	2005	10	10	21	0	0.02
72367623048	2005	10	10	22	0	0.03
72367623048	2005	10	10	23	0	0.01
72367623048	2005	10	15	21	0	0.1
72367623048	2005	10	15	22	0	0.11
72367623048	2005	10	15	23	0	0.01
72367623048	2005	11	9	19	0	0.01
72367623048	2005	11	27	16	0	0.04
72367623048	2005	11	27	17	0	0.01
72367623048	2006	1	9	17	0	0.01
72367623048	2006	1	9	18	0	0.03
72367623048	2006	1	9	19	0	0.02
72367623048	2006	1	9	20	0	0.01
72367623048	2006	2	3	7	0	0.01
72367623048	2006	2	3	8	0	0.01
72367623048	2006	3	2	10	0	0.02
72367623048	2006	3	2	11	0	0.01
72367623048	2006	3	2	12	0	0.01
72367623048	2006	3	2	14	0	0.01
72367623048	2006	3	2	15	0	0.03
72367623048	2006	3	2	16	0	0.02
72367623048	2006	3	2	17	0	0.02
72367623048	2006	3	19	23	0	0.057
72367623048	2006	3	20	0	0	0.02
72367623048	2006	3	20	3	0	0.01
72367623048	2006	3	20	5	0	0.01
72367623048	2006	3	20	16	0	0.01
72367623048	2006	3	20	17	0	0.01
72367623048	2006	3	22	20	0	0.02
72367623048	2006	3	22	21	0	0.01
72367623048	2006	3	22	22	0	0.01
72367623048	2006	3	23	1	0	0.02
72367623048	2006	4	28	3	0	0.02
72367623048	2006	4	28	4	0	0.13
72367623048	2006	4	28	15	0	0.09
72367623048	2006	4	28	21	0	0.01
72367623048	2006	4	29	0	0	0.02
72367623048	2006	4	29	9	0	0.1
72367623048	2006	4	29	10	0	0.04
72367623048	2006	4	29	11	0	0.03
72367623048	2006	5	5	19	0	0.01
72367623048	2006	5	5	21	0	0.01
72367623048	2006	5	5	22	0	0.07
72367623048	2006	5	5	23	0	0.18
72367623048	2006	5	6	6	0	0.01
72367623048	2006	5	6	8	0	0.01
72367623048	2006	5	6	9	0	0.04
72367623048	2006	5	6	10	0	0.04
72367623048	2006	5	6	11	0	0.01
72367623048	2006	5	14	21	0	0.04
72367623048	2006	5	14	22	0	0.06
72367623048	2006	5	14	23	0	0.04
72367623048	2006	5	15	0	0	0.05
72367623048	2006	5	15	1	0	0.03
72367623048	2006	5	15	2	0	0.03
72367623048	2006	5	15	3	0	0.03
72367623048	2006	5	15	4	0	0.07
72367623048	2006	5	16	9	0	0.01
72367623048	2006	5	22	23	0	0.1
72367623048	2006	5	23	1	0	0.01
72367623048	2006	6	1	2	0	0.09
72367623048	2006	6	1	3	0	0.15
72367623048	2006	6	1	4	0	0.47
72367623048	2006	6	1	5	0	0.01
72367623048	2006	6	1	8	0	0.03
72367623048	2006	6	1	10	0	0.01
72367623048	2006	6	23	0	0	0.04
72367623048	2006	6	23	1	0	0.02
72367623048	2006	6	25	1	0	0.19
72367623048	2006	6	25	2	0	0.09
72367623048	2006	6	25	12	0	0.01
72367623048	2006	6	25	13	0	0.04
72367623048	2006	6	25	14	0	0.02
72367623048	2006	6	25	15	0	0.02
72367623048	2006	6	25	16	0	0.03
72367623048	2006	6	26	2	0	0.01
72367623048	2006	6	26	5	0	0.01
72367623048	2006	7	4	9	0	0.01
72367623048	2006	7	4	10	0	0.03
72367623048	2006	7	5	6	0	0.45
72367623048	2006	7	5	12	0	0.15
72367623048	2006	7	5	13	0	0.09
72367623048	2006	7	5	14	0	0.02
72367623048	2006	7	6	5	0	0.04
72367623048	2006	7	6	6	0	0.08
72367623048	2006	7	6	7	0	0.14
72367623048	2006	7	6	8	0	0.03
72367623048	2006	7	6	9	0	0.01
72367623048	2006	7	6	11	0	0.05
72367623048	2006	7	6	12	0	1.96
72367623048	2006	7	6	13	0	1.91
72367623048	2006	7	6	14	0	0.25
72367623048	2006	7	6	15	0	0.39
72367623048	2006	7	6	16	0	0.01
72367623048	2006	7	6	17	0	0.08
72367623048	2006	7	6	18	0	0.02
72367623048	2006	7	9	20	0	0.01
72367623048	2006	7	10	8	0	0.09
72367623048	2006	7	10	9	0	0.18
72367623048	2006	7	10	10	0	0.03
72367623048	2006	7	12	7	0	0.01
72367623048	2006	7	27	15	0	0.07
72367623048	2006	7	27	22	0	0.01
72367623048	2006	7	27	23	0	0.03
72367623048	2006	7	28	0	0	0.01
72367623048	2006	7	28	1	0	0.01
72367623048	2006	7	28	2	0	0.03
72367623048	2006	7	28	13	0	0.02
72367623048	2006	8	3	9	0	0.03
72367623048	2006	8	3	12	0	0.06
72367623048	2006	8	3	13	0	0.19
72367623048	2006	8	3	14	0	0.18
72367623048	2006	8	3	15	0	0.01
72367623048	2006	8	4	0	0	0.01
72367623048	2006	8	7	21	0	0.03
72367623048	2006	8	10	7	0	0.07
72367623048	2006	8	10	23	0	0.02
72367623048	2006	8	12	1	0	0.04
72367623048	2006	8	13	20	0	0.004
72367623048	2006	8	13	21	0	0.02
72367623048	2006	8	14	6	0	0.01
72367623048	2006	8	14	20	0	0.01
72367623048	2006	8	14	21	0	0.01
72367623048	2006	8	15	19	0	0.01
72367623048	2006	8	16	0	0	0.01
72367623048	2006	8	16	2	0	0.05
72367623048	2006	8	16	3	0	0.07
72367623048	2006	8	16	23	0	0.69
72367623048	2006	8	18	0	0	0.12
72367623048	2006	8	18	1	0	0.34
72367623048	2006	8	18	2	0	0.04
72367623048	2006	8	18	3	0	0.01
72367623048	2006	8	19	4	0	0.13
72367623048	2006	8	19	5	0	0.31
72367623048	2006	8	19	6	0	0.07
72367623048	2006	8	19	7	0	0.03
72367623048	2006	8	19	8	0	0.01
72367623048	2006	8	19	9	0	0.04
72367623048	2006	8	19	10	0	0.01
72367623048	2006	8	19	11	0	0.01
72367623048	2006	8	19	22	0	0.03
72367623048	2006	8	19	23	0	0.06
72367623048	2006	8	20	5	0	0.01
72367623048	2006	8	20	12	0	0.01
72367623048	2006	8	20	14	0	0.01
72367623048	2006	8	21	0	0	0.08
72367623048	2006	8	21	2	0	0.1
72367623048	2006	8	21	3	0	0.06
72367623048	2006	8	21	7	0	0.01
72367623048	2006	8	21	8	0	0.01
72367623048	2006	8	21	15	0	0.01
72367623048	2006	8	21	22	0	0.32
72367623048	2006	8	22	0	0	0.01
72367623048	2006	8	22	3	0	0.04
72367623048	2006	8	22	4	0	0.03
72367623048	2006	8	22	7	0	0.01
72367623048	2006	8	26	4	0	0.47
72367623048	2006	8	26	5	0	0.02
72367623048	2006	8	26	10	0	0.01
72367623048	2006	8	26	12	0	0.01
72367623048	2006	8	26	13	0	0.01
72367623048	2006	8	27	9	0	0.59
72367623048	2006	8	28	7	0	0.09
72367623048	2006	9	2	6	0	0.01
72367623048	2006	9	2	7	0	0.12
72367623048	2006	9	2	8	0	0.06
72367623048	2006	9	2	9	0	0.03
72367623048	2006	9	2	10	0	0.05
72367623048	2006	9	2	14	0	0.01
72367623048	2006	9	2	15	0	0.02
72367623048	2006	9	2	16	0	0.01
72367623048	2006	9	2	17	0	0.01
72367623048	2006	9	2	18	0	0.01
72367623048	2006	9	3	17	0	0.01
72367623048	2006	9	3	18	0	0.01
72367623048	2006	9	3	19	0	0.02
72367623048	2006	9	3	20	0	0.01
72367623048	2006	9	5	5	0	0.01
72367623048	2006	9	6	12	0	0.01
72367623048	2006	9	7	3	0	0.36
72367623048	2006	9	7	4	0	0.09
72367623048	2006	9	7	11	0	0.01
72367623048	2006	9	8	2	0	0.01
72367623048	2006	9	8	3	0	0.25
72367623048	2006	9	8	4	0	0.1
72367623048	2006	9	8	5	0	0.02
72367623048	2006	9	8	7	0	0.01
72367623048	2006	9	8	8	0	0.01
72367623048	2006	9	8	13	0	0.01
72367623048	2006	9	8	18	0	0.05
72367623048	2006	9	9	5	0	0.01
72367623048	2006	9	11	4	0	0.05
72367623048	2006	9	12	1	0	0.01
72367623048	2006	9	12	2	0	0.04
72367623048	2006	9	12	12	0	0.01
72367623048	2006	9	21	5	0	0.01
72367623048	2006	9	21	6	0	0.05
72367623048	2006	9	21	7	0	0.01
72367623048	2006	9	23	1	0	0.01
72367623048	2006	9	23	4	0	0.01
72367623048	2006	10	8	1	0	0.02
72367623048	2006	10	8	18	0	0.01
72367623048	2006	10	8	20	0	0.06
72367623048	2006	10	8	21	0	0.01
72367623048	2006	10	8	22	0	0.11
72367623048	2006	10	8	23	0	0.04
72367623048	2006	10	9	0	0	0.06
72367623048	2006	10	9	3	0	0.01
72367623048	2006	10	9	17	0	0.002
72367623048	2006	10	9	18	0	0.01
72367623048	2006	10	9	19	0	0.04
72367623048	2006	10	9	23	0	0.05
72367623048	2006	10	10	0	0	0.01
72367623048	2006	10	10	4	0	0.09
72367623048	2006	10	10	5	0	0.01
72367623048	2006	10	10	6	0	0.09
72367623048	2006	10	10	7	0	0.06
72367623048	2006	10	10	8	0	0.02
72367623048	2006	10	14	22	0	0.03
72367623048	2006	10	14	23	0	0.03
72367623048	2006	10	15	0	0	0.01
72367623048	2006	10	16	15	0	0.01
72367623048	2006	10	19	8	0	0.03
72367623048	2006	11	30	3	0	0.01
72367623048	2006	12	19	5	0	0.02
72367623048	2006	12	19	6	0	0.01
72367623048	2006	12	19	7	0	0.02
72367623048	2006	12	19	10	0	0.01
72367623048	2006	12	19	16	0	0.01
72367623048	2006	12	19	21	0	0.01
72367623048	2006	12	20	0	0	0.01
72367623048	2006	12	20	2	0	0.001
72367623048	2006	12	20	3	0	0.03
72367623048	2006	12	20	4	0	0.01
72367623048	2006	12	20	5	0	0.02
72367623048	2006	12	20	10	0	0.01
72367623048	2006	12	29	1	0	0.12
72367623048	2006	12	29	3	0	0.04
72367623048	2006	12	29	4	0	0.02
72367623048	2006	12	29	5	0	0.04
72367623048	2006	12	29	9	0	0.02
72367623048	2006	12	29	10	0	0.01
72367623048	2006	12	29	12	0	0.01
72367623048	2006	12	29	13	0	0.02
72367623048	2006	12	29	14	0	0.01
72367623048	2006	12	29	15	0	0.02
72367623048	2006	12	29	16	0	0.03
72367623048	2006	12	29	20	0	0.01
72367623048	2006	12	29	21	0	0.01
72367623048	2006	12	30	0	0	0.02
72367623048	2006	12	30	1	0	0.01
72367623048	2006	12	30	2	0	0.01
72367623048	2006	12	30	4	0	0.03
72367623048	2006	12	30	5	0	0.04
72367623048	2006	12	30	6	0	0.08
72367623048	2006	12	30	7	0	0.08
72367623048	2006	12	30	8	0	0.04
72367623048	2006	12	30	9	0	0.01
72367623048	2006	12	30	10	0	0.01
72367623048	2007	1	6	4	0	0.01
72367623048	2007	1	6	5	0	0.01
72367623048	2007	1	6	6	0	0.01
72367623048	2007	1	14	15	0	0.01
72367623048	2007	1	14	16	0	0.01
72367623048	2007	1	19	23	0	0.03
72367623048	2007	1	20	0	0	0.04
72367623048	2007	1	20	1	0	0.04
72367623048	2007	1	20	2	0	0.01
72367623048	2007	1	20	3	0	0.02
72367623048	2007	1	20	4	0	0.03
72367623048	2007	1	20	5	0	0.02
72367623048	2007	1	20	6	0	0.05
72367623048	2007	1	20	7	0	0.04
72367623048	2007	1	20	8	0	0.03
72367623048	2007	1	20	9	0	0.03
72367623048	2007	1	20	10	0	0.03
72367623048	2007	1	20	11	0	0.08
72367623048	2007	1	20	12	0	0.02
72367623048	2007	1	20	15	0	0.05
72367623048	2007	1	20	16	0	0.07
72367623048	2007	1	20	17	0	0.04
72367623048	2007	2	2	7	0	0.01
72367623048	2007	2	12	20	0	0.04
72367623048	2007	2	13	3	0	0.01
72367623048	2007	2	14	9	0	0.01
72367623048	2007	2	14	13	0	0.01
72367623048	2007	2	14	15	0	0.01
72367623048	2007	2	14	17	0	0.01
72367623048	2007	2	24	17	0	0.01
72367623048	2007	3	11	18	0	0.03
72367623048	2007	3	11	19	0	0.01
72367623048	2007	3	12	18	0	0.03
72367623048	2007	3	12	19	0	0.01
72367623048	2007	3	12	22	0	0.09
72367623048	2007	3	22	12	0	0.03
72367623048	2007	3	22	13	0	0.06
72367623048	2007	3	22	14	0	0.02
72367623048	2007	3	22	15	0	0.14
72367623048	2007	3	23	1	0	0.03
72367623048	2007	3	23	2	0	0.01
72367623048	2007	3	23	7	0	0.03
72367623048	2007	3	23	8	0	0.01
72367623048	2007	3	23	11	0	0.01
72367623048	2007	3	23	12	0	0.03
72367623048	2007	3	23	20	0	0.03
72367623048	2007	3	23	23	0	0.014
72367623048	2007	3	24	0	0	0.07
72367623048	2007	3	24	1	0	0.09
72367623048	2007	3	24	2	0	0.13
72367623048	2007	3	24	3	0	0.11
72367623048	2007	3	24	4	0	0.13
72367623048	2007	3	24	5	0	0.18
72367623048	2007	3	24	6	0	0.03
72367623048	2007	3	30	18	0	0.01
72367623048	2007	3	30	19	0	0.04
72367623048	2007	3	30	20	0	0.08
72367623048	2007	3	30	21	0	0.02
72367623048	2007	3	30	22	0	0.02
72367623048	2007	3	30	23	0	0.04
72367623048	2007	4	7	3	0	0.01
72367623048	2007	4	7	15	0	0.01
72367623048	2007	4	7	16	0	0.01
72367623048	2007	4	7	18	0	0.01
72367623048	2007	4	7	19	0	0.02
72367623048	2007	4	7	20	0	0.01
72367623048	2007	4	7	22	0	0.01
72367623048	2007	4	13	13	0	0.1
72367623048	2007	4	13	14	0	0.01
72367623048	2007	4	13	15	0	0.03
72367623048	2007	4	13	18	0	0.02
72367623048	2007	4	13	19	0	0.03
72367623048	2007	4	13	20	0	0.03
72367623048	2007	4	13	21	0	0.03
72367623048	2007	4	13	22	0	0.02
72367623048	2007	4	13	23	0	0.01
72367623048	2007	4	14	0	0	0.01
72367623048	2007	4	14	1	0	0.01
72367623048	2007	4	14	2	0	0.01
72367623048	2007	4	14	3	0	0.01
72367623048	2007	4	17	2	0	0.01
72367623048	2007	4	17	4	0	0.11
72367623048	2007	4	17	5	0	0.05
72367623048	2007	4	17	6	0	0.01
72367623048	2007	4	25	0	0	0.02
72367623048	2007	4	30	15	0	0.01
72367623048	2007	5	2	12	0	0.04
72367623048	2007	5	2	13	0	0.07
72367623048	2007	5	2	14	0	0.55
72367623048	2007	5	2	15	0	0.03
72367623048	2007	5	2	16	0	0.04
72367623048	2007	5	8	16	0	0.07
72367623048	2007	5	8	17	0	0.04
72367623048	2007	5	15	3	0	0.01
72367623048	2007	5	18	2	0	0.03
72367623048	2007	5	18	3	0	0.03
72367623048	2007	5	18	4	0	0.03
72367623048	2007	5	18	5	0	0.01
72367623048	2007	5	18	10	0	0.01
72367623048	2007	5	20	23	0	0.01
72367623048	2007	5	21	0	0	0.03
72367623048	2007	5	26	4	0	0.02
72367623048	2007	5	27	2	0	0.04
72367623048	2007	6	3	1	0	0.36
72367623048	2007	6	3	4	0	0.04
72367623048	2007	6	3	5	0	0.04
72367623048	2007	6	3	6	0	0.02
72367623048	2007	6	4	0	0	0.26
72367623048	2007	6	4	23	0	0.01
72367623048	2007	6	5	0	0	0.02
72367623048	2007	6	10	2	0	0.03
72367623048	2007	6	10	3	0	0.36
72367623048	2007	6	10	4	0	0.12
72367623048	2007	6	10	5	0	0.03
72367623048	2007	6	12	4	0	0.06
72367623048	2007	6	12	5	0	0.12
72367623048	2007	6	12	6	0	0.03
72367623048	2007	6	12	11	0	0.01
72367623048	2007	6	15	7	0	0.03
72367623048	2007	6	22	22	0	0.05
72367623048	2007	6	22	23	0	0.32
72367623048	2007	6	23	0	0	0.08
72367623048	2007	6	23	1	0	0.01
72367623048	2007	6	24	0	0	0.06
72367623048	2007	6	24	1	0	0.01
72367623048	2007	6	27	0	0	0.11
72367623048	2007	6	27	2	0	0.01
72367623048	2007	6	28	4	0	0.42
72367623048	2007	6	28	5	0	0.01
72367623048	2007	7	5	3	0	0.29
72367623048	2007	7	5	4	0	0.03
72367623048	2007	7	11	1	0	0.01
72367623048	2007	7	11	2	0	0.071
72367623048	2007	7	11	3	0	0.13
72367623048	2007	7	11	4	0	0.13
72367623048	2007	7	11	5	0	0.06
72367623048	2007	7	11	6	0	0.07
72367623048	2007	7	11	7	0	0.02
72367623048	2007	7	11	8	0	0.014
72367623048	2007	7	11	9	0	0.001
72367623048	2007	7	11	12	0	0.004
72367623048	2007	7	12	0	0	0.26
72367623048	2007	7	16	7	0	0.02
72367623048	2007	7	16	8	0	0.01
72367623048	2007	7	24	8	0	0.01
72367623048	2007	7	24	9	0	0.02
72367623048	2007	8	2	7	0	0.29
72367623048	2007	8	2	9	0	0.01
72367623048	2007	8	2	10	0	0.03
72367623048	2007	8	2	11	0	0.02
72367623048	2007	8	2	18	0	0.3
72367623048	2007	8	3	8	0	0.01
72367623048	2007	8	10	1	0	0.02
72367623048	2007	8	10	2	0	0.01
72367623048	2007	8	23	0	0	0.27
72367623048	2007	8	23	1	0	0.02
72367623048	2007	8	24	22	0	0.13
72367623048	2007	8	29	8	0	0.05
72367623048	2007	8	29	9	0	0.01
72367623048	2007	8	29	19	0	0.34
72367623048	2007	8	30	0	0	0.01
72367623048	2007	8	30	1	0	0.03
72367623048	2007	9	12	22	0	0.08
72367623048	2007	9	12	23	0	0.01
72367623048	2007	9	13	0	0	0.12
72367623048	2007	9	18	1	0	0.01
72367623048	2007	9	24	2	0	0.021
72367623048	2007	9	24	3	0	0.03
72367623048	2007	10	2	2	0	0.08
72367623048	2007	10	2	3	0	0.11
72367623048	2007	10	2	4	0	0.01
72367623048	2007	10	2	7	0	0.02
72367623048	2007	10	5	4	0	0.02
72367623048	2007	10	21	23	0	0.01
72367623048	2007	10	22	0	0	0.04
72367623048	2007	11	13	19	0	0.04
72367623048	2007	11	23	9	0	0.04
72367623048	2007	11	23	10	0	0.01
72367623048	2007	11	23	11	0	0.05
72367623048	2007	11	23	12	0	0.03
72367623048	2007	11	23	14	0	0.02
72367623048	2007	11	23	19	0	0.01
72367623048	2007	11	24	1	0	0.01
72367623048	2007	11	24	2	0	0.07
72367623048	2007	11	24	3	0	0.01
72367623048	2007	11	24	4	0	0.02
72367623048	2007	12	1	5	0	0.01
72367623048	2007	12	1	6	0	0.04
72367623048	2007	12	10	19	0	0.02
72367623048	2007	12	10	20	0	0.07
72367623048	2007	12	10	21	0	0.02
72367623048	2007	12	10	22	0	0.01
72367623048	2007	12	11	2	0	0.01
72367623048	2007	12	11	6	0	0.04
72367623048	2007	12	11	12	0	0.03
72367623048	2007	12	11	13	0	0.08
72367623048	2007	12	11	15	0	0.01
72367623048	2007	12	15	0	0	0.02
72367623048	2007	12	15	1	0	0.01
72367623048	2007	12	15	6	0	0.01
72367623048	2007	12	22	7	0	0.01
72367623048	2007	12	22	8	0	0.02
72367623048	2007	12	22	9	0	0.01
72367623048	2007	12	22	10	0	0.02
72367623048	2007	12	22	12	0	0.01
72367623048	2007	12	26	2	0	0.021
72367623048	2007	12	26	3	0	0.05
72367623048	2007	12	26	4	0	0.02
72367623048	2007	12	26	5	0	0.01
72367623048	2007	12	26	7	0	0.02
72367623048	2008	1	8	1	0	0.01
72367623048	2008	2	16	9	0	0.08
72367623048	2008	2	16	10	0	0.01
72367623048	2008	2	16	12	0	0.01
72367623048	2008	2	16	14	0	0.03
72367623048	2008	2	16	15	0	0.04
72367623048	2008	2	17	23	0	0.01
72367623048	2008	2	18	0	0	0.02
72367623048	2008	2	22	0	0	0.02
72367623048	2008	2	23	13	0	0.02
72367623048	2008	3	3	0	0	0.02
72367623048	2008	3	6	7	0	0.01
72367623048	2008	3	6	8	0	0.03
72367623048	2008	3	6	9	0	0.03
72367623048	2008	3	6	10	0	0.02
72367623048	2008	3	6	11	0	0.02
72367623048	2008	3	6	13	0	0.01
72367623048	2008	3	6	15	0	0.01
72367623048	2008	3	6	16	0	0.01
72367623048	2008	3	23	10	0	0.01
72367623048	2008	4	9	22	0	0.01
72367623048	2008	4	10	2	0	0.01
72367623048	2008	4	11	20	0	0.002
72367623048	2008	4	11	21	0	0.24
72367623048	2008	4	11	22	0	0.07
72367623048	2008	4	11	23	0	0.01
72367623048	2008	4	12	1	0	0.01
72367623048	2008	4	17	16	0	0.01
72367623048	2008	4	17	17	0	0.06
72367623048	2008	4	17	18	0	0.05
72367623048	2008	4	17	19	0	0.07
72367623048	2008	4	17	20	0	0.11
72367623048	2008	4	17	21	0	0.03
72367623048	2008	4	23	23	0	0.01
72367623048	2008	5	7	8	0	0.003
72367623048	2008	5	7	9	0	0.02
72367623048	2008	5	7	10	0	0.05
72367623048	2008	5	7	11	0	0.12
72367623048	2008	5	7	12	0	0.03
72367623048	2008	5	7	13	0	0.12
72367623048	2008	5	7	14	0	0.09
72367623048	2008	5	7	15	0	0.01
72367623048	2008	5	7	16	0	0.05
72367623048	2008	5	7	19	0	0.01
72367623048	2008	5	14	15	0	0.01
72367623048	2008	5	14	16	0	0.07
72367623048	2008	5	14	17	0	0.12
72367623048	2008	5	14	18	0	0.09
72367623048	2008	5	15	12	0	0.01
72367623048	2008	5	15	14	0	0.02
72367623048	2008	5	15	15	0	0.06
72367623048	2008	5	15	16	0	0.02
72367623048	2008	5	15	17	0	0.02
72367623048	2008	5	17	9	0	0.03
72367623048	2008	5	17	11	0	0.01
72367623048	2008	5	21	5	0	0.02
72367623048	2008	5	21	6	0	0.18
72367623048	2008	5	21	7	0	0.05
72367623048	2008	5	29	2	0	0.002
72367623048	2008	5	29	3	0	0.01
72367623048	2008	6	21	1	0	0.54
72367623048	2008	6	21	9	0	0.01
72367623048	2008	6	21	10	0	0.23
72367623048	2008	6	21	11	0	0.19
72367623048	2008	6	22	22	0	0.22
72367623048	2008	6	22	23	0	0.06
72367623048	2008	6	26	0	0	0.02
72367623048	2008	6	29	0	0	0.66
72367623048	2008	6	29	1	0	1.21
72367623048	2008	6	29	2	0	0.02
72367623048	2008	6	29	3	0	0.03
72367623048	2008	6	29	6	0	0.01
72367623048	2008	6	29	8	0	0.08
72367623048	2008	7	3	11	0	0.09
72367623048	2008	7	3	12	0	0.01
72367623048	2008	7	3	14	0	0.01
72367623048	2008	7	3	15	0	0.01
72367623048	2008	7	8	6	0	0.183
72367623048	2008	7	8	7	0	0.119
72367623048	2008	7	8	8	0	0.134
72367623048	2008	7	8	9	0	0.226
72367623048	2008	7	8	10	0	0.213
72367623048	2008	7	8	11	0	0.015
72367623048	2008	7	8	12	0	0.023
72367623048	2008	7	8	13	0	0.024
72367623048	2008	7	8	16	0	0.002
72367623048	2008	7	9	3	0	0.02
72367623048	2008	7	9	4	0	0.08
72367623048	2008	7	9	5	0	0.03
72367623048	2008	7	9	7	0	0.15
72367623048	2008	7	9	8	0	0.08
72367623048	2008	7	9	11	0	0.05
72367623048	2008	7	9	12	0	0.2
72367623048	2008	7	9	13	0	0.22
72367623048	2008	7	9	14	0	0.21
72367623048	2008	7	9	15	0	0.02
72367623048	2008	7	9	17	0	0.01
72367623048	2008	7	9	19	0	0.08
72367623048	2008	7	9	20	0	0.04
72367623048	2008	7	9	21	0	0.03
72367623048	2008	7	9	22	0	0.03
72367623048	2008	7	9	23	0	0.01
72367623048	2008	7	10	6	0	0.03
72367623048	2008	7	10	9	0	0.02
72367623048	2008	7	10	10	0	0.38
72367623048	2008	7	10	11	0	0.05
72367623048	2008	7	12	13	0	0.02
72367623048	2008	7	15	1	0	0.01
72367623048	2008	7	18	9	0	0.02
72367623048	2008	7	18	10	0	0.02
72367623048	2008	7	19	2	0	0.05
72367623048	2008	7	19	5	0	0.01
72367623048	2008	7	19	7	0	0.02
72367623048	2008	7	19	8	0	0.32
72367623048	2008	7	19	9	0	0.06
72367623048	2008	7	27	0	0	0.04
72367623048	2008	7	27	1	0	0.02
72367623048	2008	7	29	4	0	0.13
72367623048	2008	7	29	5	0	0.02
72367623048	2008	7	30	3	0	0.02
72367623048	2008	8	7	22	0	1.17
72367623048	2008	8	8	15	0	0.01
72367623048	2008	8	10	1	0	0.24
72367623048	2008	8	10	2	0	0.04
72367623048	2008	8	10	3	0	0.08
72367623048	2008	8	11	1	0	0.01
72367623048	2008	8	11	2	0	0.04
72367623048	2008	8	11	4	0	0.03
72367623048	2008	8	12	9	0	0.01
72367623048	2008	8	14	3	0	0.07
72367623048	2008	8	14	23	0	0.08
72367623048	2008	8	16	4	0	0.55
72367623048	2008	8	16	5	0	0.09
72367623048	2008	8	16	6	0	0.18
72367623048	2008	8	16	12	0	0.02
72367623048	2008	8	17	1	0	0.26
72367623048	2008	8	17	2	0	0.16
72367623048	2008	8	17	4	0	1.12
72367623048	2008	8	17	5	0	0.14
72367623048	2008	8	17	6	0	0.02
72367623048	2008	8	17	13	0	0.01
72367623048	2008	8	18	2	0	0.07
72367623048	2008	8	31	23	0	0.05
72367623048	2008	9	1	6	0	0.01
72367623048	2008	9	1	7	0	0.01
72367623048	2008	9	11	20	0	0.04
72367623048	2008	9	11	21	0	0.05
72367623048	2008	9	11	22	0	0.05
72367623048	2008	9	11	23	0	0.03
72367623048	2008	9	12	0	0	0.03
72367623048	2008	9	12	1	0	0.01
72367623048	2008	9	12	3	0	0.01
72367623048	2008	9	12	4	0	0.06
72367623048	2008	9	12	8	0	0.03
72367623048	2008	9	12	12	0	0.01
72367623048	2008	9	13	12	0	0.01
72367623048	2008	9	20	0	0	0.68
72367623048	2008	9	21	0	0	0.06
72367623048	2008	9	21	1	0	0.02
72367623048	2008	10	5	10	0	0.04
72367623048	2008	10	5	11	0	0.06
72367623048	2008	10	5	14	0	0.02
72367623048	2008	10	5	15	0	0.02
72367623048	2008	10	5	16	0	0.01
72367623048	2008	10	5	21	0	0.01
72367623048	2008	10	6	10	0	0.01
72367623048	2008	10	11	20	0	0.01
72367623048	2008	10	12	0	0	0.3
72367623048	2008	10	12	1	0	0.39
72367623048	2008	10	12	2	0	0.03
72367623048	2008	10	12	3	0	0.02
72367623048	2008	10	12	4	0	0.01
72367623048	2008	10	12	6	0	0.05
72367623048	2008	10	12	15	0	0.05
72367623048	2008	10	12	16	0	0.07
72367623048	2008	10	13	18	0	0.04
72367623048	2008	10	13	20	0	0.01
72367623048	2008	10	13	22	0	0.01
72367623048	2008	10	14	0	0	0.01
72367623048	2008	10	14	2	0	0.03
72367623048	2008	10	14	4	0	0.04
72367623048	2008	10	14	5	0	0.01
72367623048	2008	10	14	6	0	0.01
72367623048	2008	10	14	7	0	0.05
72367623048	2008	10	14	8	0	0.02
72367623048	2008	10	14	11	0	0.05
72367623048	2008	10	14	12	0	0.02
72367623048	2008	10	14	13	0	0.11
72367623048	2008	10	14	14	0	0.04
72367623048	2008	10	14	15	0	0.01
72367623048	2008	10	14	16	0	0.12
72367623048	2008	10	14	17	0	0.01
72367623048	2008	10	14	18	0	0.01
72367623048	2008	10	14	19	0	0.01
72367623048	2008	10	14	20	0	0.01
72367623048	2008	10	14	21	0	0.01
72367623048	2008	10	21	2	0	0.16
72367623048	2008	10	21	3	0	0.12
72367623048	2008	10	21	4	0	0.06
72367623048	2008	10	21	5	0	0.1
72367623048	2008	10	21	6	0	0.03
72367623048	2008	10	21	7	0	0.01
72367623048	2008	11	27	16	0	0.03
72367623048	2008	11	27	17	0	0.01
72367623048	2008	11	27	23	0	0.03
72367623048	2008	11	28	2	0	0.01
72367623048	2008	11	29	6	0	0.01
72367623048	2008	11	30	15	0	0.05
72367623048	2008	11	30	16	0	0.01
72367623048	2008	12	9	9	0	0.01
72367623048	2008	12	9	10	0	0.04
72367623048	2008	12	9	15	0	0.01
72367623048	2008	12	9	17	0	0.01
72367623048	2009	2	9	0	0	0.22
72367623048	2009	2	9	1	0	0.25
72367623048	2009	3	13	17	0	0.04
72367623048	2009	3	13	18	0	0.05
72367623048	2009	3	13	19	0	0.05
72367623048	2009	3	13	20	0	0.05
72367623048	2009	3	13	21	0	0.03
72367623048	2009	3	27	5	0	0.03
72367623048	2009	3	27	6	0	0.06
72367623048	2009	3	27	7	0	0.05
72367623048	2009	3	27	8	0	0.02
72367623048	2009	3	27	9	0	0.01
72367623048	2009	3	27	10	0	0.01
72367623048	2009	3	27	11	0	0.03
72367623048	2009	3	27	12	0	0.05
72367623048	2009	3	27	15	0	0.01
72367623048	2009	3	27	22	0	0.02
72367623048	2009	3	27	23	0	0.01
72367623048	2009	3	28	0	0	0.03
72367623048	2009	3	28	1	0	0.01
72367623048	2009	3	28	2	0	0.01
72367623048	2009	4	2	5	0	0.03
72367623048	2009	4	2	6	0	0.09
72367623048	2009	4	11	18	0	0.02
72367623048	2009	4	11	23	0	0.01
72367623048	2009	4	12	0	0	0.11
72367623048	2009	4	12	1	0	0.15
72367623048	2009	4	12	2	0	0.12
72367623048	2009	4	12	3	0	0.03
72367623048	2009	4	12	23	0	0.01
72367623048	2009	4	16	23	0	0.01
72367623048	2009	4	17	1	0	0.03
72367623048	2009	4	17	2	0	0.01
72367623048	2009	5	2	7	0	0.01
72367623048	2009	5	2	9	0	0.01
72367623048	2009	5	3	1	0	0.05
72367623048	2009	5	4	8	0	0.01
72367623048	2009	5	11	7	0	0.01
72367623048	2009	5	11	11	0	0.01
72367623048	2009	5	11	18	0	0.01
72367623048	2009	5	16	15	0	0.01
72367623048	2009	5	23	4	0	0.01
72367623048	2009	5	23	20	0	0.001
72367623048	2009	5	24	22	0	0.02
72367623048	2009	5	24	23	0	0.02
72367623048	2009	5	25	2	0	0.01
72367623048	2009	5	26	23	0	0.02
72367623048	2009	5	27	0	0	0.21
72367623048	2009	5	27	1	0	0.16
72367623048	2009	5	27	2	0	0.04
72367623048	2009	5	28	0	0	0.08
72367623048	2009	5	28	1	0	0.21
72367623048	2009	5	28	2	0	0.07
72367623048	2009	5	28	3	0	0.01
72367623048	2009	5	28	6	0	0.01
72367623048	2009	5	31	21	0	0.1
72367623048	2009	5	31	22	0	0.03
72367623048	2009	6	1	21	0	0.04
72367623048	2009	6	5	23	0	0.06
72367623048	2009	6	6	2	0	0.01
72367623048	2009	6	10	12	0	0.01
72367623048	2009	6	10	13	0	0.01
72367623048	2009	6	10	14	0	0.03
72367623048	2009	6	10	15	0	0.02
72367623048	2009	6	10	16	0	0.02
72367623048	2009	6	10	17	0	0.01
72367623048	2009	6	15	0	0	0.03
72367623048	2009	6	15	1	0	0.01
72367623048	2009	6	15	4	0	0.02
72367623048	2009	6	20	3	0	0.01
72367623048	2009	6	20	5	0	0.01
72367623048	2009	6	20	6	0	0.08
72367623048	2009	6	20	7	0	0.14
72367623048	2009	6	20	8	0	0.07
72367623048	2009	6	20	9	0	0.04
72367623048	2009	6	20	10	0	0.01
72367623048	2009	6	20	11	0	0.02
72367623048	2009	6	30	1	0	0.07
72367623048	2009	7	1	1	0	0.08
72367623048	2009	7	5	7	0	0.04
72367623048	2009	7	6	1	0	0.19
72367623048	2009	7	6	2	0	0.09
72367623048	2009	7	6	4	0	0.11
72367623048	2009	7	6	5	0	0.02
72367623048	2009	7	7	0	0	0.01
72367623048	2009	7	7	10	0	0.01
72367623048	2009	7	14	22	0	0.06
72367623048	2009	7	18	4	0	0.1
72367623048	2009	7	18	7	0	0.02
72367623048	2009	7	22	6	0	0.05
72367623048	2009	7	22	7	0	0.22
72367623048	2009	7	22	8	0	0.06
72367623048	2009	7	22	9	0	0.06
72367623048	2009	7	22	10	0	0.06
72367623048	2009	7	22	11	0	0.01
72367623048	2009	7	22	13	0	0.01
72367623048	2009	7	22	14	0	0.01
72367623048	2009	7	26	7	0	0.06
72367623048	2009	7	26	8	0	0.01
72367623048	2009	7	26	22	0	0.02
72367623048	2009	7	26	23	0	0.06
72367623048	2009	7	27	0	0	0.01
72367623048	2009	7	27	1	0	0.03
72367623048	2009	7	27	2	0	0.01
72367623048	2009	7	27	3	0	0.03
72367623048	2009	7	27	4	0	0.31
72367623048	2009	7	27	5	0	0.1
72367623048	2009	7	28	12	0	0.03
72367623048	2009	7	29	4	0	0.05
72367623048	2009	7	30	9	0	0.08
72367623048	2009	8	1	2	0	0.001
72367623048	2009	8	1	3	0	0.2
72367623048	2009	8	1	10	0	0.01
72367623048	2009	8	3	2	0	0.02
72367623048	2009	8	3	3	0	0.01
72367623048	2009	8	3	4	0	0.01
72367623048	2009	8	11	0	0	0.01
72367623048	2009	8	11	1	0	0.04
72367623048	2009	8	12	4	0	0.11
72367623048	2009	8	12	5	0	0.02
72367623048	2009	8	15	1	0	0.02
72367623048	2009	8	15	2	0	0.01
72367623048	2009	8	15	12	0	0.01
72367623048	2009	8	18	7	0	0.12
72367623048	2009	8	18	8	0	0.02
72367623048	2009	8	25	22	0	0.04
72367623048	2009	8	26	0	0	0.26
72367623048	2009	8	26	1	0	0.01
72367623048	2009	8	27	6	0	0.02
72367623048	2009	8	31	2	0	0.003
72367623048	2009	8	31	3	0	0.46
72367623048	2009	8	31	4	0	0.14
72367623048	2009	8	31	5	0	0.05
72367623048	2009	8	31	11	0	0.01
72367623048	2009	9	4	3	0	0.02
72367623048	2009	9	4	4	0	0.17
72367623048	2009	9	4	5	0	0.06
72367623048	2009	9	12	12	0	0.02
72367623048	2009	9	16	3	0	0.03
72367623048	2009	9	16	16	0	0.01
72367623048	2009	9	16	17	0	0.07
72367623048	2009	9	23	17	0	0.01
72367623048	2009	10	8	9	0	0.01
72367623048	2009	10	8	13	0	0.01
72367623048	2009	10	20	22	0	0.04
72367623048	2009	10	21	0	0	0.03
72367623048	2009	10	21	1	0	0.09
72367623048	2009	10	21	2	0	0.06
72367623048	2009	10	21	3	0	0.19
72367623048	2009	10	21	4	0	0.15
72367623048	2009	10	21	5	0	0.02
72367623048	2009	10	21	6	0	0.13
72367623048	2009	10	21	7	0	0.15
72367623048	2009	10	21	8	0	0.03
72367623048	2009	10	21	9	0	0.01
72367623048	2009	10	21	12	0	0.05
72367623048	2009	10	21	13	0	0.05
72367623048	2009	10	21	14	0	0.2
72367623048	2009	10	21	15	0	0.21
72367623048	2009	10	21	16	0	0.07
72367623048	2009	10	21	17	0	0.03
72367623048	2009	10	26	2	0	0.003
72367623048	2009	10	26	3	0	0.02
72367623048	2009	10	28	20	0	0.03
72367623048	2009	10	28	21	0	0.01
72367623048	2009	10	29	18	0	0.02
72367623048	2009	10	29	21	0	0.01
72367623048	2009	11	29	11	0	0.003
72367623048	2009	11	29	12	0	0.05
72367623048	2009	11	29	13	0	0.09
72367623048	2009	11	29	14	0	0.06
72367623048	2009	11	29	15	0	0.01
72367623048	2009	12	3	8	0	0.01
72367623048	2009	12	3	14	0	0.01
72367623048	2009	12	8	15	0	0.11
72367623048	2009	12	8	17	0	0.01
72367623048	2009	12	23	9	0	0.02
72367623048	2009	12	23	18	0	0.04
72367623048	2009	12	23	19	0	0.03
72367623048	2009	12	23	20	0	0.03
72367623048	2009	12	23	21	0	0.04
72367623048	2009	12	23	22	0	0.01
72367623048	2009	12	23	23	0	0.02
72367623048	2009	12	24	0	0	0.01
72367623048	2009	12	24	1	0	0.03
72367623048	2009	12	24	2	0	0.04
72367623048	2009	12	24	3	0	0.02
72367623048	2009	12	24	4	0	0.04
72367623048	2009	12	24	5	0	0.03
72367623048	2009	12	24	6	0	0.01
72367623048	2009	12	29	18	0	0.01
72367623048	2009	12	29	19	0	0.01
72367623048	2009	12	29	20	0	0.01
72367623048	2009	12	31	13	0	0.01
72367623048	2009	12	31	14	0	0.03
72367623048	2009	12	31	15	0	0.02
72367623048	2010	1	28	10	0	0.01
72367623048	2010	1	28	11	0	0.01
72367623048	2010	1	28	12	0	0.06
72367623048	2010	1	28	13	0	0.04
72367623048	2010	1	28	14	0	0.05
72367623048	2010	1	28	15	0	0.1
72367623048	2010	1	28	16	0	0.09
72367623048	2010	1	28	17	0	0.05
72367623048	2010	1	28	18	0	0.03
72367623048	2010	1	28	19	0	0.01
72367623048	2010	1	28	20	0	0.01
72367623048	2010	1	28	21	0	0.01
72367623048	2010	1	29	0	0	0.01
72367623048	2010	1	29	11	0	0.01
72367623048	2010	1	29	12	0	0.02
72367623048	2010	1	29	13	0	0.03
72367623048	2010	1	29	14	0	0.01
72367623048	2010	1	29	15	0	0.01
72367623048	2010	2	3	15	0	0.03
72367623048	2010	2	3	16	0	0.08
72367623048	2010	2	3	17	0	0.1
72367623048	2010	2	3	18	0	0.06
72367623048	2010	2	3	19	0	0.06
72367623048	2010	2	3	20	0	0.12
72367623048	2010	2	3	21	0	0.08
72367623048	2010	2	3	22	0	0.07
72367623048	2010	2	3	23	0	0.08
72367623048	2010	2	4	0	0	0.02
72367623048	2010	2	4	2	0	0.02
72367623048	2010	2	4	3	0	0.01
72367623048	2010	2	4	4	0	0.02
72367623048	2010	2	4	5	0	0.03
72367623048	2010	2	4	6	0	0.02
72367623048	2010	2	8	1	0	0.01
72367623048	2010	2	8	2	0	0.01
72367623048	2010	2	8	3	0	0.05
72367623048	2010	2	8	4	0	0.06
72367623048	2010	2	8	5	0	0.01
72367623048	2010	2	22	2	0	0.01
72367623048	2010	2	22	20	0	0.01
72367623048	2010	2	22	21	0	0.01
72367623048	2010	2	22	22	0	0.02
72367623048	2010	2	23	0	0	0.02
72367623048	2010	3	1	3	0	0.03
72367623048	2010	3	1	4	0	0.02
72367623048	2010	3	1	5	0	0.01
72367623048	2010	3	1	6	0	0.01
72367623048	2010	3	1	15	0	0.03
72367623048	2010	3	1	16	0	0.01
72367623048	2010	3	7	19	0	0.01
72367623048	2010	3	7	20	0	0.03
72367623048	2010	3	8	4	0	0.01
72367623048	2010	3	8	7	0	0.03
72367623048	2010	3	8	8	0	0.08
72367623048	2010	3	8	10	0	0.12
72367623048	2010	3	8	11	0	0.04
72367623048	2010	3	11	14	0	0.01
72367623048	2010	3	11	15	0	0.01
72367623048	2010	3	15	2	0	0.01
72367623048	2010	3	15	3	0	0.05
72367623048	2010	3	15	4	0	0.03
72367623048	2010	3	15	7	0	0.06
72367623048	2010	3	15	8	0	0.05
72367623048	2010	3	15	10	0	0.02
72367623048	2010	3	15	11	0	0.01
72367623048	2010	3	15	13	0	0.01
72367623048	2010	3	15	14	0	0.01
72367623048	2010	3	15	15	0	0.01
72367623048	2010	3	15	17	0	0.02
72367623048	2010	3	15	18	0	0.02
72367623048	2010	3	15	19	0	0.01
72367623048	2010	3	15	20	0	0.01
72367623048	2010	3	15	21	0	0.01
72367623048	2010	3	16	2	0	0.01
72367623048	2010	3	20	1	0	0.01
72367623048	2010	3	20	2	0	0.01
72367623048	2010	3	24	9	0	0.01
72367623048	2010	3	24	10	0	0.01
72367623048	2010	3	24	11	0	0.04
72367623048	2010	3	24	12	0	0.08
72367623048	2010	3	24	13	0	0.01
72367623048	2010	3	24	15	0	0.01
72367623048	2010	3	24	19	0	0.01
72367623048	2010	3	24	21	0	0.01
72367623048	2010	3	24	22	0	0.01
72367623048	2010	3	25	0	0	0.01
72367623048	2010	3	25	1	0	0.03
72367623048	2010	3	25	2	0	0.04
72367623048	2010	3	25	3	0	0.03
72367623048	2010	4	14	15	0	0.01
72367623048	2010	4	14	16	0	0.01
72367623048	2010	4	14	21	0	0.01
72367623048	2010	4	14	22	0	0.05
72367623048	2010	4	15	1	0	0.37
72367623048	2010	4	15	2	0	0.06
72367623048	2010	4	15	3	0	0.03
72367623048	2010	4	15	4	0	0.03
72367623048	2010	4	15	5	0	0.03
72367623048	2010	4	15	6	0	0.01
72367623048	2010	4	16	16	0	0.01
72367623048	2010	4	16	17	0	0.02
72367623048	2010	4	16	20	0	0.01
72367623048	2010	4	20	0	0	0.01
72367623048	2010	4	20	21	0	0.09
72367623048	2010	4	21	3	0	0.01
72367623048	2010	4	21	4	0	0.01
72367623048	2010	4	21	5	0	0.01
72367623048	2010	4	22	21	0	0.01
72367623048	2010	4	23	3	0	0.01
72367623048	2010	5	14	13	0	0.01
72367623048	2010	5	14	14	0	0.23
72367623048	2010	5	14	15	0	0.08
72367623048	2010	5	14	16	0	0.07
72367623048	2010	5	14	21	0	0.01
72367623048	2010	5	14	22	0	0.04
72367623048	2010	5	15	9	0	0.01
72367623048	2010	5	17	11	0	0.05
72367623048	2010	6	8	23	0	0.2
72367623048	2010	6	13	5	0	0.02
72367623048	2010	6	16	6	0	0.01
72367623048	2010	6	24	1	0	0.05
72367623048	2010	6	24	2	0	1.18
72367623048	2010	6	24	3	0	0.21
72367623048	2010	6	24	4	0	0.11
72367623048	2010	6	24	6	0	0.02
72367623048	2010	6	24	7	0	0.01
72367623048	2010	6	27	23	0	0.01
72367623048	2010	7	6	23	0	0.01
72367623048	2010	7	7	1	0	0.01
72367623048	2010	7	8	2	0	0.02
72367623048	2010	7	8	3	0	0.08
72367623048	2010	7	10	12	0	0.01
72367623048	2010	7	11	23	0	0.058
72367623048	2010	7	12	0	0	0.04
72367623048	2010	7	12	1	0	0.03
72367623048	2010	7	15	1	0	0.02
72367623048	2010	7	15	2	0	0.01
72367623048	2010	7	15	3	0	0.01
72367623048	2010	7	16	4	0	0.01
72367623048	2010	7	24	2	0	0.12
72367623048	2010	7	24	3	0	0.01
72367623048	2010	7	24	18	0	0.26
72367623048	2010	7	24	21	0	0.13
72367623048	2010	7	24	22	0	0.12
72367623048	2010	7	24	23	0	0.07
72367623048	2010	7	25	0	0	0.01
72367623048	2010	7	25	4	0	0.17
72367623048	2010	7	25	5	0	0.1
72367623048	2010	7	25	8	0	0.01
72367623048	2010	7	25	10	0	0.01
72367623048	2010	7	25	11	0	0.02
72367623048	2010	7	28	19	0	0.01
72367623048	2010	7	28	20	0	0.68
72367623048	2010	7	29	20	0	0.01
72367623048	2010	8	5	6	0	0.08
72367623048	2010	8	5	7	0	0.01
72367623048	2010	8	5	8	0	0.15
72367623048	2010	8	5	9	0	0.01
72367623048	2010	8	6	1	0	0.24
72367623048	2010	8	6	2	0	0.13
72367623048	2010	8	6	3	0	0.07
72367623048	2010	8	6	4	0	0.02
72367623048	2010	8	6	5	0	0.01
72367623048	2010	8	6	6	0	0.01
72367623048	2010	8	9	0	0	0.04
72367623048	2010	8	9	1	0	0.03
72367623048	2010	8	13	21	0	0.01
72367623048	2010	8	13	22	0	0.02
72367623048	2010	8	16	6	0	0.01
72367623048	2010	8	16	7	0	0.01
72367623048	2010	8	16	8	0	0.02
72367623048	2010	8	16	9	0	0.01
72367623048	2010	8	16	10	0	0.01
72367623048	2010	8	16	11	0	0.01
72367623048	2010	8	16	12	0	0.02
72367623048	2010	8	16	13	0	0.03
72367623048	2010	8	16	14	0	0.01
72367623048	2010	8	16	15	0	0.02
72367623048	2010	8	16	16	0	0.01
72367623048	2010	8	16	17	0	0.03
72367623048	2010	8	16	18	0	0.03
72367623048	2010	8	16	19	0	0.03
72367623048	2010	8	16	20	0	0.03
72367623048	2010	8	16	21	0	0.01
72367623048	2010	8	16	22	0	0.02
72367623048	2010	8	16	23	0	0.01
72367623048	2010	8	17	1	0	0.01
72367623048	2010	8	17	5	0	0.01
72367623048	2010	8	17	17	0	0.01
72367623048	2010	8	18	3	0	0.01
72367623048	2010	8	18	23	0	0.01
72367623048	2010	8	21	21	0	0.08
72367623048	2010	8	21	22	0	0.03
72367623048	2010	8	21	23	0	0.02
72367623048	2010	8	22	0	0	0.02
72367623048	2010	8	22	1	0	0.01
72367623048	2010	8	22	3	0	0.01
72367623048	2010	8	22	5	0	0.01
72367623048	2010	8	22	13	0	0.01
72367623048	2010	8	24	0	0	0.01
72367623048	2010	8	24	1	0	0.01
72367623048	2010	8	24	3	0	0.01
72367623048	2010	8	24	6	0	0.01
72367623048	2010	8	24	8	0	0.01
72367623048	2010	8	24	13	0	0.01
72367623048	2010	8	24	15	0	0.01
72367623048	2010	8	29	4	0	0.42
72367623048	2010	8	29	5	0	0.37
72367623048	2010	8	29	6	0	0.01
72367623048	2010	8	29	7	0	0.07
72367623048	2010	8	29	8	0	0.05
72367623048	2010	8	29	14	0	0.01
72367623048	2010	8	30	6	0	0.06
72367623048	2010	8	30	7	0	0.09
72367623048	2010	8	30	11	0	0.03
72367623048	2010	8	30	12	0	0.01
72367623048	2010	9	23	0	0	0.12
72367623048	2010	9	23	1	0	0.14
72367623048	2010	9	23	2	0	0.05
72367623048	2010	9	23	3	0	0.01
72367623048	2010	9	23	4	0	0.01
72367623048	2010	9	23	8	0	0.26
72367623048	2010	9	23	9	0	0.09
72367623048	2010	9	23	10	0	0.01
72367623048	2010	9	23	12	0	0.07
72367623048	2010	9	23	13	0	0.01
72367623048	2010	10	21	9	0	0.03
72367623048	2010	10	21	13	0	0.03
72367623048	2010	10	21	14	0	0.19
72367623048	2010	10	21	15	0	0.19
72367623048	2010	10	21	16	0	0.04
72367623048	2010	10	22	9	0	0.01
72367623048	2010	11	12	10	0	0.06
72367623048	2010	11	12	11	0	0.03
72367623048	2010	11	12	12	0	0.02
72367623048	2010	12	16	19	0	0.01
72367623048	2010	12	17	9	0	0.02
72367623048	2010	12	17	10	0	0.05
72367623048	2010	12	17	11	0	0.1
72367623048	2010	12	17	12	0	0.04
72367623048	2010	12	17	13	0	0.02
72367623048	2010	12	17	17	0	0.01
72367623048	2010	12	24	10	0	0.05
72367623048	2010	12	24	11	0	0.01
72367623048	2010	12	30	23	0	0.01
72367623048	2010	12	31	0	0	0.03
72367623048	2011	2	6	4	0	0.02
72367623048	2011	2	6	7	0	0.01
72367623048	2011	2	6	8	0	0.009
72367623048	2011	2	6	9	0	0.03
72367623048	2011	2	6	10	0	0.01
72367623048	2011	2	6	14	0	0.01
72367623048	2011	2	6	15	0	0.01
72367623048	2011	2	6	17	0	0.01
72367623048	2011	2	6	20	0	0.01
72367623048	2011	3	5	1	0	0.05
72367623048	2011	3	5	2	0	0.38
72367623048	2011	3	5	3	0	0.27
72367623048	2011	3	5	4	0	0.04
72367623048	2011	4	4	9	0	0.02
72367623048	2011	4	4	10	0	0.03
72367623048	2011	6	5	3	0	0.07
72367623048	2011	6	5	4	0	0.02
72367623048	2011	6	5	5	0	0.01
72367623048	2011	7	22	2	0	0.621
72367623048	2011	7	22	3	0	0.126
72367623048	2011	7	22	4	0	0.033
72367623048	2011	7	22	5	0	0.024
72367623048	2011	7	22	6	0	0.099
72367623048	2011	7	22	7	0	0.121
72367623048	2011	7	22	8	0	0.006
72367623048	2011	7	22	9	0	0.001
72367623048	2011	7	22	12	0	0.001
72367623048	2011	7	23	4	0	0.018
72367623048	2011	7	23	5	0	0.009
72367623048	2011	7	23	6	0	0.001
72367623048	2011	8	4	3	0	0.02
72367623048	2011	8	4	9	0	0.01
72367623048	2011	8	5	21	0	0.196
72367623048	2011	8	13	1	0	0.348
72367623048	2011	8	13	2	0	0.046
72367623048	2011	8	13	13	0	0.07
72367623048	2011	8	14	4	0	0.07
72367623048	2011	8	14	5	0	0.07
72367623048	2011	8	14	6	0	0.279
72367623048	2011	8	14	7	0	0.07
72367623048	2011	8	14	8	0	0.07
72367623048	2011	8	16	15	0	0.53
72367623048	2011	8	21	12	0	0.09
72367623048	2011	8	21	13	0	0.1
72367623048	2011	8	21	14	0	0.01
72367623048	2011	8	21	15	0	0.01
72367623048	2011	8	24	22	0	0.04
72367623048	2011	8	24	23	0	0.05
72367623048	2011	8	25	7	0	0.04
72367623048	2011	8	26	21	0	0.01
72367623048	2011	8	29	3	0	0.13
72367623048	2011	8	29	5	0	0.01
72367623048	2011	8	29	8	0	0.01
72367623048	2011	9	3	18	0	0.1
72367623048	2011	9	4	0	0	0.63
72367623048	2011	9	4	1	0	0.09
72367623048	2011	9	4	2	0	0.05
72367623048	2011	9	4	3	0	0.01
72367623048	2011	9	7	19	0	0.03
72367623048	2011	9	7	20	0	0.04
72367623048	2011	9	9	3	0	0.07
72367623048	2011	9	9	4	0	0.13
72367623048	2011	9	9	7	0	0.01
72367623048	2011	9	10	13	0	0.01
72367623048	2011	9	14	21	0	0.16
72367623048	2011	9	14	22	0	0.32
72367623048	2011	9	14	23	0	0.13
72367623048	2011	9	15	1	0	0.05
72367623048	2011	9	15	2	0	0.4
72367623048	2011	9	15	4	0	0.01
72367623048	2011	9	15	7	0	0.05
72367623048	2011	9	15	8	0	0.07
72367623048	2011	9	15	9	0	0.07
72367623048	2011	9	15	10	0	0.1
72367623048	2011	9	15	11	0	0.15
72367623048	2011	9	15	12	0	0.43
72367623048	2011	9	15	13	0	0.04
72367623048	2011	9	15	15	0	0.02
72367623048	2011	10	5	6	0	0.02
72367623048	2011	10	5	9	0	0.03
72367623048	2011	10	5	10	0	0.01
72367623048	2011	10	5	11	0	0.07
72367623048	2011	10	5	12	0	0.06
72367623048	2011	10	5	13	0	0.01
72367623048	2011	10	5	14	0	0.05
72367623048	2011	10	8	4	0	0.06
72367623048	2011	10	26	6	0	0.02
72367623048	2011	10	27	3	0	0.01
72367623048	2011	10	27	5	0	0.02
72367623048	2011	10	27	7	0	0.03
72367623048	2011	10	27	8	0	0.03
72367623048	2011	10	27	9	0	0.01
72367623048	2011	10	27	10	0	0.04
72367623048	2011	10	27	11	0	0.06
72367623048	2011	10	27	12	0	0.03
72367623048	2011	10	27	13	0	0.08
72367623048	2011	10	27	14	0	0.06
72367623048	2011	11	21	17	0	0.16
72367623048	2011	11	26	9	0	0.03
72367623048	2011	12	3	7	0	0.03
72367623048	2011	12	3	8	0	0.03
72367623048	2011	12	3	9	0	0.08
72367623048	2011	12	3	10	0	0.05
72367623048	2011	12	5	4	0	0.01
72367623048	2011	12	5	9	0	0.01
72367623048	2011	12	13	20	0	0.01
72367623048	2011	12	14	0	0	0.01
72367623048	2011	12	14	1	0	0.05
72367623048	2011	12	14	2	0	0.14
72367623048	2011	12	14	3	0	0.11
72367623048	2011	12	14	4	0	0.09
72367623048	2011	12	19	10	0	0.08
72367623048	2011	12	19	11	0	0.11
72367623048	2011	12	19	12	0	0.15
72367623048	2011	12	19	13	0	0.11
72367623048	2011	12	19	14	0	0.04
72367623048	2011	12	19	15	0	0.01
72367623048	2011	12	19	16	0	0.08
72367623048	2011	12	19	17	0	0.06
72367623048	2011	12	19	18	0	0.01
72367623048	2011	12	19	21	0	0.01
72367623048	2011	12	19	22	0	0.05
72367623048	2011	12	19	23	0	0.07
72367623048	2011	12	20	0	0	0.03
72367623048	2011	12	20	1	0	0.02
72367623048	2011	12	20	2	0	0.02
72367623048	2011	12	20	6	0	0.003
72367623048	2011	12	21	21	0	0.003
72367623048	2011	12	26	1	0	0.003
72367623048	2011	12	26	2	0	0.001
72367623048	2011	12	26	6	0	0.01
72367623048	2011	12	26	7	0	0.01
72367623048	2012	2	7	7	0	0.03
72367623048	2012	2	7	8	0	0.03
72367623048	2012	2	7	10	0	0.02
72367623048	2012	2	7	11	0	0.01
72367623048	2012	2	7	12	0	0.01
72367623048	2012	2	9	13	0	0.01
72367623048	2012	2	9	14	0	0.05
72367623048	2012	2	17	18	0	0.01
72367623048	2012	3	2	21	0	0.01
72367623048	2012	3	10	8	0	0.01
72367623048	2012	3	10	9	0	0.01
72367623048	2012	3	10	12	0	0.01
72367623048	2012	3	10	17	0	0.01
72367623048	2012	3	10	18	0	0.01
72367623048	2012	3	11	2	0	0.01
72367623048	2012	3	11	7	0	0.01
72367623048	2012	4	4	1	0	0.03
72367623048	2012	4	10	23	0	0.016
72367623048	2012	4	11	0	0	0.1
72367623048	2012	4	11	2	0	0.05
72367623048	2012	4	11	3	0	0.02
72367623048	2012	5	13	3	0	0.25
72367623048	2012	5	13	4	0	0.01
72367623048	2012	5	13	20	0	0.052
72367623048	2012	5	13	21	0	0.1
72367623048	2012	5	14	12	0	0.01
72367623048	2012	5	14	13	0	0.02
72367623048	2012	5	14	14	0	0.01
72367623048	2012	5	14	15	0	0.01
72367623048	2012	5	21	11	0	0.02
72367623048	2012	5	22	0	0	0.24
72367623048	2012	5	22	1	0	0.17
72367623048	2012	5	22	2	0	0.05
72367623048	2012	5	27	4	0	0.37
72367623048	2012	6	3	0	0	0.01
72367623048	2012	6	5	0	0	0.01
72367623048	2012	6	5	1	0	0.2
72367623048	2012	6	5	2	0	0.14
72367623048	2012	6	5	3	0	0.05
72367623048	2012	6	5	4	0	0.01
72367623048	2012	6	12	9	0	0.06
72367623048	2012	6	12	10	0	0.25
72367623048	2012	6	12	11	0	0.01
72367623048	2012	6	13	3	0	0.13
72367623048	2012	6	13	4	0	0.02
72367623048	2012	6	17	1	0	0.35
72367623048	2012	6	17	2	0	0.02
72367623048	2012	7	2	0	0	0.001
72367623048	2012	7	2	1	0	0.002
72367623048	2012	7	5	0	0	0.003
72367623048	2012	7	5	3	0	0.002
72367623048	2012	7	5	4	0	0.017
72367623048	2012	7	5	5	0	0.03
72367623048	2012	7	5	6	0	0.009
72367623048	2012	7	5	20	0	0.003
72367623048	2012	7	6	20	0	0.001
72367623048	2012	7	8	21	0	0.002
72367623048	2012	7	16	9	0	0.008
72367623048	2012	7	16	10	0	0.001
72367623048	2012	7	16	11	0	0.008
72367623048	2012	7	16	13	0	0.027
72367623048	2012	7	16	14	0	0.002
72367623048	2012	7	16	18	0	0.126
72367623048	2012	7	17	4	0	0.162
72367623048	2012	8	5	1	0	0.03
72367623048	2012	8	5	2	0	0.03
72367623048	2012	8	14	5	0	0.006
72367623048	2012	8	14	6	0	0.07
72367623048	2012	8	16	1	0	0.12
72367623048	2012	8	16	2	0	0.05
72367623048	2012	8	21	3	0	0.02
72367623048	2012	8	21	5	0	0.02
72367623048	2012	8	24	1	0	0.03
72367623048	2012	9	7	1	0	0.01
72367623048	2012	9	7	2	0	0.01
72367623048	2012	9	8	6	0	0.02
72367623048	2012	9	8	7	0	0.02
72367623048	2012	9	13	5	0	0.004
72367623048	2012	9	13	6	0	0.06
72367623048	2012	9	13	7	0	0.07
72367623048	2012	9	13	8	0	0.04
72367623048	2012	9	13	9	0	0.05
72367623048	2012	9	27	7	0	0.01
72367623048	2012	9	27	8	0	0.22
72367623048	2012	9	29	22	0	0.05
72367623048	2012	9	30	23	0	0.02
72367623048	2012	10	12	12	0	0.08
72367623048	2012	10	12	13	0	0.02
72367623048	2012	10	12	14	0	0.02
72367623048	2012	10	12	15	0	0.16
72367623048	2012	12	10	0	0	0.01
72367623048	2012	12	14	20	0	0.13
72367623048	2012	12	31	5	0	0.07
72367623048	2012	12	31	9	0	0.03
72367623048	2012	12	31	10	0	0.04
72367623048	2012	12	31	11	0	0.01
72367623048	2012	12	31	12	0	0.01
72367623048	2013	1	10	4	0	0.02
72367623048	2013	1	10	5	0	0.026
72367623048	2013	1	10	6	0	0.09
72367623048	2013	1	13	3	0	0.02
72367623048	2013	1	29	22	0	0.04
72367623048	2013	2	12	2	0	0.01
72367623048	2013	2	12	4	0	0.03
72367623048	2013	2	12	13	0	0.01
72367623048	2013	2	12	14	0	0.01
72367623048	2013	2	20	16	0	0.01
72367623048	2013	2	20	22	0	0.01
72367623048	2013	2	20	23	0	0.01
72367623048	2013	2	21	0	0	0.01
72367623048	2013	2	21	9	0	0.01
72367623048	2013	2	21	10	0	0.02
72367623048	2013	2	21	11	0	0.17
72367623048	2013	2	21	12	0	0.08
72367623048	2013	2	21	13	0	0.01
72367623048	2013	2	25	2	0	0.03
72367623048	2013	2	25	3	0	0.06
72367623048	2013	2	25	4	0	0.04
72367623048	2013	2	25	5	0	0.03
72367623048	2013	2	25	10	0	0.01
72367623048	2013	5	6	16	0	0.01
72367623048	2013	5	6	17	0	0.04
72367623048	2013	5	6	23	0	0.4
72367623048	2013	5	10	22	0	0.01
72367623048	2013	5	21	8	0	0.02
72367623048	2013	5	21	9	0	0.05
72367623048	2013	6	3	3	0	0.04
72367623048	2013	6	6	0	0	0.28
72367623048	2013	6	6	1	0	0.24
72367623048	2013	6	6	2	0	0.14
72367623048	2013	6	8	2	0	0.022
72367623048	2013	6	18	1	0	0.51
72367623048	2013	6	18	7	0	0.01
72367623048	2013	6	18	8	0	0.03
72367623048	2013	6	18	9	0	0.06
72367623048	2013	6	19	22	0	0.01
72367623048	2013	7	1	0	0	0.4
72367623048	2013	7	1	1	0	0.31
72367623048	2013	7	1	2	0	0.39
72367623048	2013	7	1	3	0	0.06
72367623048	2013	7	1	21	0	0.31
72367623048	2013	7	1	22	0	0.04
72367623048	2013	7	15	2	0	0.04
72367623048	2013	7	15	3	0	0.01
72367623048	2013	7	15	4	0	0.06
72367623048	2013	7	15	5	0	0.08
72367623048	2013	7	15	6	0	0.04
72367623048	2013	7	15	7	0	0.01
72367623048	2013	7	15	9	0	0.02
72367623048	2013	7	15	10	0	0.02
72367623048	2013	7	17	13	0	0.05
72367623048	2013	7	20	7	0	0.56
72367623048	2013	7	20	8	0	0.3
72367623048	2013	7	21	0	0	0.45
72367623048	2013	7	24	23	0	0.04
72367623048	2013	7	26	4	0	0.12
72367623048	2013	7	26	5	0	0.24
72367623048	2013	7	31	20	0	0.03
72367623048	2013	7	31	21	0	0.02
72367623048	2013	7	31	23	0	0.016
72367623048	2013	8	1	0	0	0.014
72367623048	2013	8	1	1	0	0.007
72367623048	2013	8	4	1	0	0.02
72367623048	2013	8	4	2	0	0.01
72367623048	2013	8	4	3	0	0.08
72367623048	2013	8	6	1	0	0.07
72367623048	2013	8	7	23	0	0.16
72367623048	2013	8	11	16	0	0.01
72367623048	2013	8	11	17	0	0.05
72367623048	2013	8	11	18	0	0.02
72367623048	2013	8	12	15	0	0.01
72367623048	2013	8	13	7	0	0.006
72367623048	2013	8	13	23	0	0.29
72367623048	2013	8	14	0	0	0.13
72367623048	2013	8	14	1	0	0.022
72367623048	2013	8	14	6	0	0.001
72367623048	2013	8	14	7	0	0.002
72367623048	2013	8	14	22	0	0.06
72367623048	2013	8	20	4	0	0.021
72367623048	2013	9	2	3	0	0.01
72367623048	2013	9	11	0	0	0.01
72367623048	2013	9	11	6	0	0.37
72367623048	2013	9	11	7	0	0.28
72367623048	2013	9	11	8	0	0.05
72367623048	2013	9	11	10	0	0.05
72367623048	2013	9	11	11	0	0.03
72367623048	2013	9	11	14	0	0.02
72367623048	2013	9	11	15	0	0.03
72367623048	2013	9	11	16	0	0.15
72367623048	2013	9	11	17	0	0.02
72367623048	2013	9	11	20	0	0.029
72367623048	2013	9	11	21	0	0.42
72367623048	2013	9	11	23	0	0.07
72367623048	2013	9	12	0	0	0.01
72367623048	2013	9	12	1	0	0.02
72367623048	2013	9	12	6	0	0.03
72367623048	2013	9	12	7	0	0.01
72367623048	2013	9	12	8	0	0.02
72367623048	2013	9	12	9	0	0.02
72367623048	2013	9	12	10	0	0.08
72367623048	2013	9	12	15	0	0.02
72367623048	2013	9	14	0	0	0.76
72367623048	2013	9	14	1	0	0.05
72367623048	2013	9	14	2	0	0.01
72367623048	2013	9	14	6	0	0.03
72367623048	2013	9	16	2	0	0.021
72367623048	2013	9	16	3	0	0.22
72367623048	2013	9	16	4	0	0.1
72367623048	2013	9	16	5	0	0.06
72367623048	2013	9	16	7	0	0.04
72367623048	2013	9	16	8	0	0.01
72367623048	2013	9	20	5	0	0.07
72367623048	2013	9	20	6	0	0.01
72367623048	2013	9	20	7	0	0.07
72367623048	2013	9	20	8	0	0.01
72367623048	2013	9	23	7	0	0.01
72367623048	2013	9	27	14	0	0.01
72367623048	2013	10	13	23	0	0.03
72367623048	2013	10	16	15	0	0.01
72367623048	2013	11	5	4	0	0.09
72367623048	2013	11	23	14	0	0.01
72367623048	2013	11	23	16	0	0.01
72367623048	2013	11	24	4	0	0.01
72367623048	2013	11	24	5	0	0.05
72367623048	2013	12	21	13	0	0.02
72367623048	2013	12	21	14	0	0.05
72367623048	2013	12	21	18	0	0.01
72367623048	2014	3	2	7	0	0.01
72367623048	2014	3	2	8	0	0.02
72367623048	2014	3	2	9	0	0.01
72367623048	2014	3	2	10	0	0.02
72367623048	2014	3	2	11	0	0.02
72367623048	2014	4	6	22	0	0.05
72367623048	2014	4	14	6	0	0.03
72367623048	2014	4	19	22	0	0.03
72367623048	2014	5	22	20	0	0.011
72367623048	2014	5	22	21	0	0.06
72367623048	2014	5	22	22	0	0.23
72367623048	2014	5	22	23	0	0.1
72367623048	2014	5	23	0	0	0.12
72367623048	2014	5	23	1	0	0.01
72367623048	2014	5	23	10	0	0.05
72367623048	2014	5	23	11	0	0.11
72367623048	2014	5	23	12	0	0.06
72367623048	2014	5	24	6	0	0.28
72367623048	2014	5	24	7	0	0.06
72367623048	2014	5	24	8	0	0.15
72367623048	2014	5	24	9	0	0.19
72367623048	2014	5	24	10	0	0.2
72367623048	2014	5	24	11	0	0.04
72367623048	2014	5	25	2	0	0.09
72367623048	2014	5	25	3	0	0.01
72367623048	2014	5	25	4	0	0.01
72367623048	2014	6	6	22	0	0.12
72367623048	2014	6	6	23	0	0.06
72367623048	2014	6	7	5	0	0.001
72367623048	2014	6	7	23	0	0.002
72367623048	2014	6	8	0	0	0.13
72367623048	2014	6	8	1	0	0.33
72367623048	2014	6	8	2	0	0.06
72367623048	2014	6	9	1	0	0.44
72367623048	2014	6	9	5	0	0.47
72367623048	2014	6	14	0	0	0.42
72367623048	2014	6	19	0	0	0.01
72367623048	2014	6	19	2	0	0.01
72367623048	2014	6	19	3	0	0.02
72367623048	2014	6	24	2	0	0.04
72367623048	2014	6	24	10	0	0.21
72367623048	2014	6	24	11	0	1.39
72367623048	2014	7	2	10	0	0.43
72367623048	2014	7	2	11	0	0.42
72367623048	2014	7	15	1	0	0.13
72367623048	2014	7	16	6	0	0.24
72367623048	2014	7	17	9	0	0.04
72367623048	2014	7	19	6	0	0.05
72367623048	2014	7	22	1	0	0.13
72367623048	2014	7	22	4	0	0.04
72367623048	2014	7	23	2	0	0.01
72367623048	2014	7	29	10	0	0.01
72367623048	2014	7	29	12	0	0.1
72367623048	2014	7	29	13	0	0.12
72367623048	2014	7	29	14	0	0.11
72367623048	2014	8	8	0	0	0.08
72367623048	2014	8	8	1	0	0.01
72367623048	2014	8	26	23	0	0.01
72367623048	2014	8	27	1	0	0.05
72367623048	2014	8	27	2	0	0.06
72367623048	2014	9	5	6	0	0.03
72367623048	2014	9	5	7	0	0.01
72367623048	2014	9	5	11	0	0.01
72367623048	2014	9	5	13	0	0.01
72367623048	2014	9	5	16	0	0.02
72367623048	2014	9	5	17	0	0.1
72367623048	2014	9	5	18	0	0.13
72367623048	2014	9	5	19	0	0.12
72367623048	2014	9	12	11	0	0.011
72367623048	2014	9	12	12	0	0.07
72367623048	2014	9	12	13	0	0.03
72367623048	2014	9	21	23	0	0.01
72367623048	2014	9	22	0	0	0.64
72367623048	2014	9	22	1	0	0.71
72367623048	2014	9	22	2	0	0.04
72367623048	2014	9	22	23	0	0.002
72367623048	2014	9	23	0	0	0.04
72367623048	2014	9	30	3	0	0.05
72367623048	2014	9	30	4	0	0.11
72367623048	2014	10	9	12	0	0.02
72367623048	2014	10	9	13	0	0.02
72367623048	2014	10	22	22	0	0.05
72367623048	2014	10	22	23	0	0.1
72367623048	2014	10	23	0	0	0.03
72367623048	2014	11	3	1	0	0.09
72367623048	2014	11	3	2	0	0.13
72367623048	2014	11	16	15	0	0.05
72367623048	2014	11	23	19	0	0.03
72367623048	2014	11	23	20	0	0.01
72367623048	2014	12	4	20	0	0.01
72367623048	2014	12	4	21	0	0.04
72367623048	2014	12	22	23	0	0.01
72367623048	2014	12	23	1	0	0.06
72367623048	2014	12	23	7	0	0.02
72367623048	2014	12	26	15	0	0.01
72367623048	2014	12	26	17	0	0.08
72367623048	2014	12	26	18	0	0.01
72367623048	2015	1	3	4	0	0.04
72367623048	2015	1	3	5	0	0.08
72367623048	2015	1	3	6	0	0.09
72367623048	2015	1	3	7	0	0.04
72367623048	2015	1	3	8	0	0.03
72367623048	2015	1	3	9	0	0.05
72367623048	2015	1	3	11	0	0.03
72367623048	2015	1	3	12	0	0.02
72367623048	2015	1	21	16	0	0.01
72367623048	2015	1	21	17	0	0.01
72367623048	2015	1	21	19	0	0.02
72367623048	2015	1	21	20	0	0.02
72367623048	2015	1	21	21	0	0.02
72367623048	2015	1	21	22	0	0.04
72367623048	2015	1	21	23	0	0.02
72367623048	2015	1	22	0	0	0.01
72367623048	2015	1	22	1	0	0.03
72367623048	2015	1	22	2	0	0.03
72367623048	2015	1	22	3	0	0.04
72367623048	2015	1	22	4	0	0.03
72367623048	2015	1	30	17	0	0.01
72367623048	2015	1	30	18	0	0.02
72367623048	2015	1	30	19	0	0.01
72367623048	2015	1	31	4	0	0.02
72367623048	2015	1	31	5	0	0.05
72367623048	2015	1	31	6	0	0.01
72367623048	2015	1	31	7	0	0.01
72367623048	2015	1	31	18	0	0.02
72367623048	2015	2	11	15	0	0.01
72367623048	2015	2	11	16	0	0.02
72367623048	2015	2	11	17	0	0.01
72367623048	2015	2	11	18	0	0.03
72367623048	2015	2	11	19	0	0.04
72367623048	2015	2	22	10	0	0.01
72367623048	2015	2	23	13	0	0.01
72367623048	2015	2	23	14	0	0.01
72367623048	2015	2	26	3	0	0.03
72367623048	2015	2	26	4	0	0.11
72367623048	2015	2	26	5	0	0.07
72367623048	2015	2	26	6	0	0.06
72367623048	2015	2	26	7	0	0.02
72367623048	2015	2	28	6	0	0.001
72367623048	2015	3	9	23	0	0.02
72367623048	2015	3	18	4	0	0.01
72367623048	2015	3	20	0	0	0.06
72367623048	2015	3	20	1	0	0.07
72367623048	2015	3	20	3	0	0.01
72367623048	2015	3	26	1	0	0.02
72367623048	2015	4	16	22	0	0.01
72367623048	2015	4	27	5	0	0.01
72367623048	2015	4	27	6	0	0.08
72367623048	2015	4	27	7	0	0.08
72367623048	2015	4	27	8	0	0.05
72367623048	2015	4	27	9	0	0.06
72367623048	2015	4	27	10	0	0.23
72367623048	2015	4	27	11	0	0.12
72367623048	2015	4	27	12	0	0.11
72367623048	2015	4	27	13	0	0.13
72367623048	2015	4	27	14	0	0.06
72367623048	2015	4	27	15	0	0.11
72367623048	2015	4	27	16	0	0.13
72367623048	2015	4	27	17	0	0.08
72367623048	2015	4	27	18	0	0.1
72367623048	2015	4	27	19	0	0.06
72367623048	2015	4	27	20	0	0.04
72367623048	2015	4	27	21	0	0.06
72367623048	2015	4	27	22	0	0.06
72367623048	2015	4	27	23	0	0.02
72367623048	2015	5	3	22	0	0.01
72367623048	2015	5	4	7	0	0.012
72367623048	2015	5	4	18	0	0.59
72367623048	2015	5	5	1	0	0.02
72367623048	2015	5	5	3	0	0.03
72367623048	2015	5	5	4	0	0.05
72367623048	2015	5	5	12	0	0.05
72367623048	2015	5	5	19	0	0.2
72367623048	2015	5	5	21	0	0.2
72367623048	2015	5	9	9	0	0.26
72367623048	2015	5	13	9	0	0.06
72367623048	2015	5	13	10	0	0.01
72367623048	2015	5	13	11	0	0.06
72367623048	2015	5	13	12	0	0.35
72367623048	2015	5	13	13	0	0.22
72367623048	2015	5	13	14	0	0.17
72367623048	2015	5	13	15	0	0.13
72367623048	2015	5	13	16	0	0.09
72367623048	2015	5	16	2	0	0.03
72367623048	2015	5	16	4	0	0.05
72367623048	2015	5	19	2	0	0.01
72367623048	2015	5	19	6	0	0.09
72367623048	2015	5	19	7	0	0.25
72367623048	2015	5	19	10	0	0.02
72367623048	2015	5	19	11	0	0.7
72367623048	2015	5	19	12	0	0.02
72367623048	2015	5	19	13	0	0.06
72367623048	2015	5	21	20	0	0.15
72367623048	2015	5	21	21	0	0.09
72367623048	2015	5	21	23	0	0.13
72367623048	2015	5	22	0	0	0.01
72367623048	2015	5	22	1	0	0.02
72367623048	2015	5	22	4	0	0.02
72367623048	2015	5	22	5	0	0.08
72367623048	2015	5	23	7	0	0.26
72367623048	2015	5	23	8	0	0.13
72367623048	2015	5	28	22	0	0.01
72367623048	2015	5	29	23	0	0.047
72367623048	2015	5	30	6	0	0.02
72367623048	2015	6	5	4	0	0.02
72367623048	2015	6	5	5	0	0.03
72367623048	2015	6	7	3	0	0.03
72367623048	2015	6	7	22	0	0.16
72367623048	2015	6	12	1	0	0.03
72367623048	2015	6	12	2	0	0.01
72367623048	2015	6	13	10	0	0.03
72367623048	2015	6	13	13	0	0.12
72367623048	2015	6	13	14	0	0.15
72367623048	2015	6	14	0	0	0.02
72367623048	2015	6	19	1	0	0.4
72367623048	2015	6	19	2	0	0.12
72367623048	2015	6	19	3	0	0.17
72367623048	2015	7	2	12	0	0.001
72367623048	2015	7	2	13	0	0.002
72367623048	2015	7	2	14	0	0.003
72367623048	2015	7	3	6	0	0.01
72367623048	2015	7	3	7	0	0.04
72367623048	2015	7	3	8	0	0.01
72367623048	2015	7	3	9	0	0.02
72367623048	2015	7	3	11	0	0.04
72367623048	2015	7	7	0	0	0.15
72367623048	2015	7	7	1	0	0.13
72367623048	2015	7	7	2	0	0.03
72367623048	2015	7	8	22	0	0.1
72367623048	2015	7	8	23	0	0.04
72367623048	2015	7	9	22	0	0.24
72367623048	2015	7	9	23	0	0.49
72367623048	2015	7	17	2	0	0.02
72367623048	2015	7	20	23	0	0.001
72367623048	2015	7	21	0	0	0.64
72367623048	2015	7	21	1	0	0.11
72367623048	2015	7	21	2	0	0.18
72367623048	2015	7	21	3	0	0.04
72367623048	2015	7	28	21	0	0.01
72367623048	2015	7	28	22	0	0.01
72367623048	2015	7	28	23	0	0.04
72367623048	2015	7	29	0	0	0.04
72367623048	2015	7	29	1	0	0.04
72367623048	2015	7	29	2	0	0.14
72367623048	2015	7	29	3	0	0.03
72367623048	2015	7	30	6	0	0.15
72367623048	2015	7	30	7	0	0.13
72367623048	2015	7	30	8	0	0.35
72367623048	2015	7	30	9	0	0.13
72367623048	2015	7	30	10	0	0.18
72367623048	2015	7	30	11	0	0.05
72367623048	2015	7	30	12	0	0.17
72367623048	2015	7	30	13	0	0.05
72367623048	2015	7	31	8	0	0.02
72367623048	2015	7	31	9	0	0.41
72367623048	2015	7	31	11	0	0.01
72367623048	2015	7	31	13	0	0.03
72367623048	2015	7	31	15	0	0.01
72367623048	2015	8	1	0	0	0.68
72367623048	2015	8	1	9	0	0.01
72367623048	2015	8	1	10	0	0.05
72367623048	2015	8	1	11	0	0.07
72367623048	2015	8	3	1	0	0.07
72367623048	2015	8	3	2	0	0.05
72367623048	2015	8	3	4	0	0.02
72367623048	2015	8	3	9	0	0.02
72367623048	2015	8	9	1	0	0.01
72367623048	2015	8	11	1	0	0.02
72367623048	2015	8	11	2	0	0.03
72367623048	2015	8	11	3	0	0.29
72367623048	2015	8	11	4	0	0.02
72367623048	2015	8	11	5	0	0.01
72367623048	2015	8	11	6	0	0.06
72367623048	2015	8	11	7	0	0.16
72367623048	2015	8	11	8	0	0.08
72367623048	2015	8	11	9	0	0.02
72367623048	2015	8	17	23	0	0.01
72367623048	2015	8	18	0	0	0.02
72367623048	2015	9	9	23	0	0.01
72367623048	2015	9	22	11	0	0.01
72367623048	2015	9	23	20	0	0.03
72367623048	2015	9	23	21	0	0.35
72367623048	2015	9	23	23	0	0.04
72367623048	2015	9	24	0	0	0.01
72367623048	2015	9	24	6	0	0.13
72367623048	2015	9	24	7	0	0.11
72367623048	2015	9	24	8	0	0.12
72367623048	2015	9	24	9	0	0.02
72367623048	2015	9	24	11	0	0.01
72367623048	2015	9	24	12	0	0.03
72367623048	2015	9	24	13	0	0.01
72367623048	2015	9	24	18	0	0.02
72367623048	2015	9	24	19	0	0.02
72367623048	2015	10	1	2	0	0.02
72367623048	2015	10	1	4	0	0.01
72367623048	2015	10	3	12	0	0.02
72367623048	2015	10	3	23	0	0.01
72367623048	2015	10	7	13	0	0.09
72367623048	2015	10	7	14	0	0.02
72367623048	2015	10	7	16	0	0.01
72367623048	2015	10	7	23	0	0.021
72367623048	2015	10	8	0	0	0.18
72367623048	2015	10	8	1	0	0.17
72367623048	2015	10	8	2	0	0.01
72367623048	2015	10	8	6	0	0.02
72367623048	2015	10	8	7	0	0.01
72367623048	2015	10	8	15	0	0.01
72367623048	2015	10	8	18	0	0.01
72367623048	2015	10	8	19	0	0.02
72367623048	2015	10	8	20	0	0.02
72367623048	2015	10	21	2	0	0.011
72367623048	2015	10	21	3	0	0.14
72367623048	2015	10	21	5	0	0.07
72367623048	2015	10	21	6	0	0.03
72367623048	2015	10	21	16	0	0.03
72367623048	2015	10	21	17	0	0.04
72367623048	2015	10	21	18	0	0.01
72367623048	2015	10	21	20	0	0.01
72367623048	2015	10	21	21	0	0.02
72367623048	2015	10	21	23	0	0.03
72367623048	2015	10	22	2	0	0.01
72367623048	2015	10	22	3	0	0.39
72367623048	2015	10	22	4	0	0.03
72367623048	2015	10	22	5	0	0.01
72367623048	2015	10	23	0	0	0.03
72367623048	2015	10	30	2	0	0.01
72367623048	2015	10	30	7	0	0.02
72367623048	2015	10	30	8	0	0.05
72367623048	2015	10	30	15	0	0.01
72367623048	2015	10	30	18	0	0.01
72367623048	2015	10	30	23	0	0.02
72367623048	2015	10	31	0	0	0.03
72367623048	2015	11	5	0	0	0.03
72367623048	2015	11	16	18	0	0.05
72367623048	2015	11	17	11	0	0.03
72367623048	2015	11	17	12	0	0.01
72367623048	2015	11	17	20	0	0.02
72367623048	2015	11	26	8	0	0.02
72367623048	2015	11	26	13	0	0.01
72367623048	2015	11	26	14	0	0.01
72367623048	2015	11	26	16	0	0.05
72367623048	2015	11	26	17	0	0.05
72367623048	2015	11	26	18	0	0.12
72367623048	2015	11	26	20	0	0.03
72367623048	2015	11	26	21	0	0.01
72367623048	2015	11	27	3	0	0.02
72367623048	2015	11	27	7	0	0.03
72367623048	2015	11	27	8	0	0.02
72367623048	2015	11	27	10	0	0.01
72367623048	2015	11	27	11	0	0.07
72367623048	2015	11	27	12	0	0.02
72367623048	2015	11	27	19	0	0.01
72367623048	2015	12	12	22	0	0.01
72367623048	2015	12	12	23	0	0.018
72367623048	2015	12	13	0	0	0.1
72367623048	2015	12	13	1	0	0.08
72367623048	2015	12	13	3	0	0.09
72367623048	2015	12	13	9	0	0.05
72367623048	2015	12	13	10	0	0.06
72367623048	2015	12	13	11	0	0.05
72367623048	2015	12	13	12	0	0.03
72367623048	2015	12	13	13	0	0.01
72367623048	2015	12	13	14	0	0.01
72367623048	2015	12	13	15	0	0.01
72367623048	2015	12	13	18	0	0.02
72367623048	2015	12	13	20	0	0.01
72367623048	2015	12	13	21	0	0.01
72367623048	2015	12	27	3	0	0.02
72367623048	2015	12	27	4	0	0.02
72367623048	2015	12	27	5	0	0.02
72367623048	2015	12	27	9	0	0.02
72367623048	2015	12	27	10	0	0.02
72367623048	2015	12	27	12	0	0.01
72367623048	2015	12	27	13	0	0.03
72367623048	2015	12	27	14	0	0.03
72367623048	2015	12	27	15	0	0.01
72367623048	2016	2	1	19	0	0.01
72367623048	2016	2	1	20	0	0.01
72367623048	2016	2	1	22	0	0.01
72367623048	2016	2	23	0	0	0.05
72367623048	2016	2	23	1	0	0.02
72367623048	2016	2	23	6	0	0.01
72367623048	2016	2	23	7	0	0.01
72367623048	2016	2	23	10	0	0.02
72367623048	2016	2	23	11	0	0.03
72367623048	2016	2	23	13	0	0.02
72367623048	2016	2	23	14	0	0.03
72367623048	2016	2	23	17	0	0.01
72367623048	2016	3	26	23	0	0.06
72367623048	2016	3	27	2	0	0.02
72367623048	2016	4	18	23	0	0.01
72367623048	2016	4	19	1	0	0.03
72367623048	2016	4	19	2	0	0.04
72367623048	2016	4	19	4	0	0.01
72367623048	2016	4	19	5	0	0.12
72367623048	2016	4	19	6	0	0.11
72367623048	2016	4	19	7	0	0.01
72367623048	2016	4	19	8	0	0.1
72367623048	2016	4	19	9	0	0.04
72367623048	2016	4	29	20	0	0.04
72367623048	2016	4	30	0	0	0.06
72367623048	2016	5	1	2	0	0.004
72367623048	2016	5	1	3	0	0.04
72367623048	2016	5	1	5	0	0.02
72367623048	2016	5	1	14	0	0.01
72367623048	2016	5	1	15	0	0.02
72367623048	2016	5	1	16	0	0.03
72367623048	2016	5	1	17	0	0.01
72367623048	2016	5	1	18	0	0.01
72367623048	2016	5	1	19	0	0.02
72367623048	2016	5	1	21	0	0.01
72367623048	2016	5	13	23	0	0.002
72367623048	2016	5	16	6	0	0.02
72367623048	2016	5	16	7	0	0.01
72367623048	2016	5	17	21	0	0.01
72367623048	2016	5	18	5	0	0.01
72367623048	2016	5	18	6	0	0.01
72367623048	2016	5	18	22	0	0.01
72367623048	2016	5	19	3	0	0.02
72367623048	2016	5	19	4	0	0.01
72367623048	2016	5	19	5	0	0.03
72367623048	2016	5	19	6	0	0.01
72367623048	2016	5	19	7	0	0.02
72367623048	2016	5	22	4	0	0.6
72367623048	2016	5	22	5	0	0.01
72367623048	2016	5	22	6	0	0.06
72367623048	2016	5	29	17	0	0.05
72367623048	2016	5	29	18	0	0.12
72367623048	2016	5	30	0	0	0.01
72367623048	2016	6	1	0	0	0.02
72367623048	2016	6	1	2	0	0.16
72367623048	2016	6	1	3	0	0.15
72367623048	2016	6	1	4	0	0.18
72367623048	2016	6	1	5	0	0.06
72367623048	2016	6	1	6	0	0.04
72367623048	2016	6	1	11	0	0.03
72367623048	2016	6	1	12	0	0.08
72367623048	2016	6	1	13	0	0.14
72367623048	2016	6	1	14	0	0.07
72367623048	2016	6	1	15	0	0.03
72367623048	2016	6	1	21	0	0.01
72367623048	2016	6	2	2	0	0.01
72367623048	2016	6	6	3	0	0.05
72367623048	2016	6	6	4	0	0.01
72367623048	2016	6	6	5	0	0.06
72367623048	2016	6	6	6	0	0.01
72367623048	2016	6	7	5	0	0.11
72367623048	2016	6	8	1	0	0.01
72367623048	2016	6	8	2	0	0.02
72367623048	2016	6	8	3	0	0.04
72367623048	2016	6	8	4	0	0.03
72367623048	2016	6	24	1	0	0.04
72367623048	2016	6	24	2	0	0.01
72367623048	2016	6	24	3	0	0.01
72367623048	2016	6	26	0	0	0.09
72367623048	2016	6	26	1	0	0.42
72367623048	2016	6	26	2	0	0.33
72367623048	2016	6	26	3	0	0.02
72367623048	2016	7	26	1	0	0.01
72367623048	2016	7	26	2	0	0.39
72367623048	2016	7	26	3	0	0.07
72367623048	2016	7	26	4	0	0.17
72367623048	2016	7	26	5	0	0.02
72367623048	2016	7	29	9	0	0.02
72367623048	2016	7	30	1	0	0.04
72367623048	2016	7	30	2	0	0.01
72367623048	2016	7	31	5	0	0.13
72367623048	2016	7	31	6	0	0.02
72367623048	2016	7	31	7	0	0.02
72367623048	2016	8	3	1	0	0.08
72367623048	2016	8	3	6	0	0.01
72367623048	2016	8	5	3	0	0.02
72367623048	2016	8	7	3	0	0.04
72367623048	2016	8	7	22	0	0.02
72367623048	2016	8	8	23	0	0.02
72367623048	2016	8	9	2	0	0.02
72367623048	2016	8	9	3	0	0.03
72367623048	2016	8	9	4	0	0.03
72367623048	2016	8	9	5	0	0.02
72367623048	2016	8	11	22	0	0.009
72367623048	2016	8	11	23	0	0.009
72367623048	2016	8	12	0	0	0.02
72367623048	2016	8	12	1	0	0.11
72367623048	2016	8	12	2	0	0.08
72367623048	2016	8	12	3	0	0.02
72367623048	2016	8	13	1	0	0.01
72367623048	2016	8	14	2	0	0.001
72367623048	2016	8	15	1	0	0.001
72367623048	2016	8	19	4	0	0.13
72367623048	2016	8	20	0	0	0.32
72367623048	2016	8	20	1	0	0.01
72367623048	2016	8	23	3	0	0.12
72367623048	2016	8	26	11	0	0.04
72367623048	2016	8	28	21	0	0.13
72367623048	2016	8	29	0	0	0.01
72367623048	2016	8	30	5	0	0.01
72367623048	2016	8	30	6	0	0.03
72367623048	2016	8	30	16	0	0.02
72367623048	2016	8	30	21	0	0.34
72367623048	2016	8	30	22	0	0.07
72367623048	2016	8	30	23	0	0.01
72367623048	2016	8	31	16	0	0.02
72367623048	2016	9	6	22	0	0.06
72367623048	2016	9	6	23	0	0.08
72367623048	2016	9	7	0	0	0.08
72367623048	2016	9	7	1	0	0.01
72367623048	2016	9	15	2	0	0.01
72367623048	2016	11	5	10	0	0.07
72367623048	2016	11	5	11	0	0.03
72367623048	2016	11	5	12	0	0.01
72367623048	2016	11	5	17	0	0.01
72367623048	2016	11	5	18	0	0.12
72367623048	2016	11	5	19	0	0.05
72367623048	2016	11	5	23	0	0.02
72367623048	2016	11	6	0	0	0.04
72367623048	2016	11	6	3	0	0.03
72367623048	2016	11	6	5	0	0.07
72367623048	2016	11	6	6	0	0.03
72367623048	2016	11	6	7	0	0.01
72367623048	2016	11	6	8	0	0.17
72367623048	2016	11	6	9	0	0.13
72367623048	2016	11	6	10	0	0.15
72367623048	2016	11	6	11	0	0.1
72367623048	2016	11	22	4	0	0.06
72367623048	2016	12	3	6	0	0.01
72367623048	2016	12	3	7	0	0.01
72367623048	2016	12	3	16	0	0.02
72367623048	2016	12	3	17	0	0.01
72367623048	2016	12	17	16	0	0.01
72367623048	2016	12	17	17	0	0.03
72367623048	2016	12	22	13	0	0.03
72367623048	2016	12	23	0	0	0.06
72367623048	2016	12	23	1	0	0.06
72367623048	2016	12	23	2	0	0.01
72367623048	2016	12	25	10	0	0.03
72367623048	2017	1	6	1	0	0.02
72367623048	2017	1	6	3	0	0.02
72367623048	2017	1	6	4	0	0.02
72367623048	2017	1	6	5	0	0.01
72367623048	2017	1	6	6	0	0.02
72367623048	2017	1	6	12	0	0.02
72367623048	2017	1	6	13	0	0.03
72367623048	2017	1	15	3	0	0.01
72367623048	2017	1	15	6	0	0.01
72367623048	2017	1	15	11	0	0.01
72367623048	2017	1	15	15	0	0.04
72367623048	2017	1	15	16	0	0.07
72367623048	2017	1	15	17	0	0.09
72367623048	2017	1	15	18	0	0.08
72367623048	2017	1	15	19	0	0.11
72367623048	2017	1	15	20	0	0.02
72367623048	2017	1	16	3	0	0.02
72367623048	2017	1	16	4	0	0.03
72367623048	2017	2	13	10	0	0.02
72367623048	2017	2	13	11	0	0.1
72367623048	2017	2	13	17	0	0.02
72367623048	2017	2	13	20	0	0.02
72367623048	2017	2	13	21	0	0.01
72367623048	2017	2	14	4	0	0.03
72367623048	2017	3	28	16	0	0.01
72367623048	2017	3	28	21	0	0.18
72367623048	2017	3	28	22	0	0.07
72367623048	2017	3	28	23	0	0.24
72367623048	2017	3	29	7	0	0.02
72367623048	2017	3	29	8	0	0.16
72367623048	2017	3	29	9	0	0.01
72367623048	2017	3	29	10	0	0.09
72367623048	2017	3	29	11	0	0.17
72367623048	2017	3	29	12	0	0.19
72367623048	2017	3	29	13	0	0.14
72367623048	2017	3	29	14	0	0.1
72367623048	2017	3	29	15	0	0.07
72367623048	2017	3	29	16	0	0.02
72367623048	2017	3	29	17	0	0.04
72367623048	2017	3	29	18	0	0.02
72367623048	2017	4	4	12	0	0.05
72367623048	2017	4	4	17	0	0.05
72367623048	2017	4	4	18	0	0.13
72367623048	2017	4	4	19	0	0.01
72367623048	2017	4	4	20	0	0.04
72367623048	2017	4	12	19	0	0.14
72367623048	2017	4	26	9	0	0.08
72367623048	2017	4	26	10	0	0.08
72367623048	2017	4	26	11	0	0.04
72367623048	2017	4	29	3	0	0.06
72367623048	2017	4	29	4	0	0.2
72367623048	2017	4	29	5	0	0.04
72367623048	2017	4	29	6	0	0.07
72367623048	2017	4	29	7	0	0.23
72367623048	2017	4	29	8	0	0.16
72367623048	2017	4	29	9	0	0.12
72367623048	2017	4	29	10	0	0.13
72367623048	2017	4	29	11	0	0.01
72367623048	2017	4	29	12	0	0.03
72367623048	2017	4	29	17	0	0.01
72367623048	2017	4	29	18	0	0.01
72367623048	2017	4	29	19	0	0.06
72367623048	2017	4	29	21	0	0.04
72367623048	2017	4	29	22	0	0.01
72367623048	2017	4	29	23	0	0.01
72367623048	2017	4	30	1	0	0.01
72367623048	2017	4	30	2	0	0.01
72367623048	2017	5	10	4	0	0.03
72367623048	2017	5	10	5	0	0.14
72367623048	2017	5	10	6	0	0.11
72367623048	2017	5	10	7	0	0.09
72367623048	2017	5	19	20	0	0.17
72367623048	2017	5	22	0	0	0.02
72367623048	2017	5	22	1	0	0.01
72367623048	2017	5	23	2	0	0.02
72367623048	2017	5	23	5	0	0.01
72367623048	2017	5	23	6	0	0.07
72367623048	2017	5	23	7	0	0.15
72367623048	2017	5	23	8	0	0.15
72367623048	2017	5	23	13	0	0.02
72367623048	2017	5	23	14	0	0.01
72367623048	2017	5	29	23	0	0.017
72367623048	2017	5	30	0	0	0.18
72367623048	2017	5	31	3	0	0.04
72367623048	2017	6	2	7	0	0.02
72367623048	2017	6	3	23	0	0.01
72367623048	2017	6	6	2	0	0.03
72367623048	2017	6	21	1	0	0.03
72367623048	2017	6	21	2	0	0.06
72367623048	2017	6	22	0	0	0.01
72367623048	2017	6	25	5	0	0.002
72367623048	2017	6	25	6	0	0.01
72367623048	2017	6	25	8	0	0.1
72367623048	2017	6	26	1	0	0.23
72367623048	2017	6	26	2	0	0.48
72367623048	2017	6	26	4	0	0.01
72367623048	2017	7	1	3	0	0.01
72367623048	2017	7	2	2	0	0.017
72367623048	2017	7	2	3	0	0.19
72367623048	2017	7	2	4	0	0.05
72367623048	2017	7	3	21	0	0.01
72367623048	2017	7	9	0	0	0.04
72367623048	2017	7	9	1	0	0.09
72367623048	2017	7	9	2	0	0.14
72367623048	2017	7	10	1	0	0.26
72367623048	2017	7	10	2	0	0.12
72367623048	2017	7	18	2	0	0.04
72367623048	2017	7	23	2	0	0.05
72367623048	2017	7	23	3	0	0.02
72367623048	2017	7	23	4	0	0.06
72367623048	2017	7	29	21	0	0.09
72367623048	2017	7	30	1	0	0.03
72367623048	2017	7	30	2	0	0.08
72367623048	2017	7	31	9	0	0.01
72367623048	2017	7	31	22	0	0.03
72367623048	2017	7	31	23	0	0.32
72367623048	2017	8	1	0	0	0.07
72367623048	2017	8	1	1	0	0.05
72367623048	2017	8	3	23	0	0.18
72367623048	2017	8	4	0	0	0.04
72367623048	2017	8	7	6	0	0.01
72367623048	2017	8	8	8	0	0.009
72367623048	2017	8	8	9	0	0.03
72367623048	2017	8	8	10	0	0.01
72367623048	2017	8	8	13	0	0.03
72367623048	2017	8	8	14	0	0.04
72367623048	2017	8	8	15	0	0.02
72367623048	2017	8	9	11	0	0.01
72367623048	2017	8	12	3	0	0.12
72367623048	2017	8	12	4	0	0.27
72367623048	2017	8	12	5	0	0.04
72367623048	2017	8	15	5	0	0.01
72367623048	2017	8	21	0	0	0.19
72367623048	2017	8	21	1	0	0.23
72367623048	2017	8	22	18	0	0.8
72367623048	2017	8	22	19	0	0.05
72367623048	2017	8	24	9	0	0.09
72367623048	2017	8	24	10	0	0.08
72367623048	2017	8	24	11	0	0.01
72367623048	2017	8	24	12	0	0.06
72367623048	2017	8	25	0	0	0.15
72367623048	2017	8	25	1	0	0.39
72367623048	2017	8	25	2	0	0.15
72367623048	2017	8	25	3	0	0.09
72367623048	2017	8	25	4	0	0.63
72367623048	2017	8	25	5	0	0.23
72367623048	2017	8	25	6	0	0.04
72367623048	2017	8	28	4	0	0.1
72367623048	2017	9	15	6	0	0.01
72367623048	2017	9	23	18	0	0.01
72367623048	2017	9	23	19	0	0.47
72367623048	2017	9	23	21	0	0.13
72367623048	2017	9	23	22	0	0.18
72367623048	2017	9	23	23	0	0.02
72367623048	2017	9	24	0	0	0.01
72367623048	2017	9	25	8	0	0.2
72367623048	2017	9	25	15	0	0.07
72367623048	2017	9	25	16	0	0.02
72367623048	2017	9	27	9	0	0.01
72367623048	2017	9	27	16	0	0.01
72367623048	2017	9	28	10	0	0.03
72367623048	2017	9	28	12	0	0.04
72367623048	2017	9	28	15	0	0.03
72367623048	2017	9	28	16	0	0.29
72367623048	2017	9	28	17	0	0.02
72367623048	2017	9	28	18	0	0.02
72367623048	2017	9	29	15	0	0.17
72367623048	2017	9	30	0	0	0.02
72367623048	2017	10	1	4	0	0.09
72367623048	2017	10	1	7	0	0.03
72367623048	2017	10	1	8	0	0.01
72367623048	2017	10	1	9	0	0.06
72367623048	2017	10	4	5	0	0.006
72367623048	2017	10	4	6	0	0.78
72367623048	2017	10	4	7	0	0.09
72367623048	2017	10	4	8	0	0.08
72367623048	2017	10	4	9	0	0.07
72367623048	2017	10	4	10	0	0.01
72367623048	2017	10	4	19	0	0.01
72367623048	2017	10	4	21	0	0.05
72367623048	2017	10	5	12	0	0.29
72367623048	2017	10	5	15	0	0.03
72367623048	2017	10	5	23	0	0.002
72367623048	2017	10	6	0	0	0.19
72367623048	2017	10	6	1	0	0.07
72367623048	2017	10	6	2	0	0.16
72367623048	2017	10	20	4	0	0.01
72367623048	2017	11	28	21	0	0.02
72367623048	2018	1	11	7	0	0.01
72367623048	2018	1	11	8	0	0.04
72367623048	2018	1	11	10	0	0.01
72367623048	2018	2	11	11	0	0.01
72367623048	2018	2	11	12	0	0.01
72367623048	2018	3	27	21	0	0.03
72367623048	2018	3	29	6	0	0.03
72367623048	2018	3	29	7	0	0.01
72367623048	2018	4	13	21	0	0.06
72367623048	2018	4	14	4	0	0.02
72367623048	2018	4	20	20	0	0.001
72367623048	2018	4	20	21	0	0.23
72367623048	2018	5	15	22	0	0.02
72367623048	2018	5	15	23	0	0.06
72367623048	2018	5	20	3	0	0.01
72367623048	2018	5	22	3	0	0.21
72367623048	2018	5	22	4	0	0.15
72367623048	2018	5	22	5	0	0.11
72367623048	2018	5	22	6	0	0.18
72367623048	2018	5	22	7	0	0.31
72367623048	2018	5	22	8	0	0.11
72367623048	2018	5	22	9	0	0.03
72367623048	2018	5	23	7	0	0.01
72367623048	2018	5	24	0	0	0.03
72367623048	2018	5	24	1	0	0.17
72367623048	2018	6	4	1	0	0.05
72367623048	2018	6	4	2	0	0.07
72367623048	2018	6	4	3	0	0.01
72367623048	2018	6	14	3	0	0.15
72367623048	2018	6	14	5	0	0.14
72367623048	2018	6	16	22	0	0.02
72367623048	2018	7	4	22	0	0.02
72367623048	2018	7	4	23	0	0.01
72367623048	2018	7	5	0	0	0.01
72367623048	2018	7	5	1	0	0.01
72367623048	2018	7	7	22	0	0.01
72367623048	2018	7	12	0	0	0.87
72367623048	2018	7	12	1	0	0.35
72367623048	2018	7	24	7	0	0.02
72367623048	2018	7	26	8	0	0.08
72367623048	2018	7	26	9	0	0.02
72367623048	2018	7	30	5	0	0.23
72367623048	2018	8	2	0	0	0.04
72367623048	2018	8	2	1	0	0.02
72367623048	2018	8	2	4	0	0.52
72367623048	2018	8	2	5	0	0.14
72367623048	2018	8	8	6	0	0.06
72367623048	2018	8	10	6	0	0.85
72367623048	2018	8	10	7	0	0.02
72367623048	2018	8	16	3	0	0.26
72367623048	2018	8	16	4	0	0.09
72367623048	2018	8	16	5	0	0.01
72367623048	2018	8	16	7	0	0.04
72367623048	2018	8	17	0	0	0.01
72367623048	2018	8	18	3	0	0.01
72367623048	2018	8	19	1	0	0.33
72367623048	2018	8	19	2	0	0.05
72367623048	2018	8	19	3	0	0.02
72367623048	2018	8	22	6	0	0.04
72367623048	2018	8	22	7	0	0.01
72367623048	2018	8	25	22	0	0.04
72367623048	2018	9	1	16	0	0.01
72367623048	2018	9	4	0	0	0.03
72367623048	2018	9	4	1	0	0.02
72367623048	2018	9	5	0	0	0.74
72367623048	2018	9	6	8	0	0.01
72367623048	2018	9	8	0	0	0.03
72367623048	2018	9	20	21	0	0.32
72367623048	2018	9	20	22	0	0.2
72367623048	2018	9	20	23	0	0.02
72367623048	2018	9	26	4	0	0.02
72367623048	2018	10	3	4	0	0.04
72367623048	2018	10	7	5	0	0.01
72367623048	2018	10	8	3	0	0.34
72367623048	2018	10	8	4	0	0.28
72367623048	2018	10	8	5	0	0.09
72367623048	2018	10	8	6	0	0.09
72367623048	2018	10	8	7	0	0.04
72367623048	2018	10	8	8	0	0.09
72367623048	2018	10	8	9	0	0.15
72367623048	2018	10	8	10	0	0.06
72367623048	2018	10	9	6	0	0.03
72367623048	2018	10	9	7	0	0.04
72367623048	2018	10	9	8	0	0.01
72367623048	2018	10	9	12	0	0.05
72367623048	2018	10	9	13	0	0.08
72367623048	2018	10	9	14	0	0.05
72367623048	2018	10	9	15	0	0.02
72367623048	2018	10	9	16	0	0.09
72367623048	2018	10	9	17	0	0.1
72367623048	2018	10	9	18	0	0.07
72367623048	2018	10	17	3	0	0.04
72367623048	2018	10	17	4	0	0.01
72367623048	2018	10	17	5	0	0.03
72367623048	2018	10	17	10	0	0.01
72367623048	2018	10	17	11	0	0.02
72367623048	2018	10	17	14	0	0.01
72367623048	2018	10	18	8	0	0.02
72367623048	2018	10	18	10	0	0.07
72367623048	2018	10	18	11	0	0.05
72367623048	2018	10	18	12	0	0.03
72367623048	2018	10	18	13	0	0.04
72367623048	2018	10	18	16	0	0.05
72367623048	2018	10	18	17	0	0.06
72367623048	2018	10	18	18	0	0.02
72367623048	2018	10	18	19	0	0.09
72367623048	2018	10	18	20	0	0.08
72367623048	2018	10	18	21	0	0.05
72367623048	2018	10	18	22	0	0.02
72367623048	2018	10	24	7	0	0.04
72367623048	2018	10	24	8	0	0.09
72367623048	2018	10	24	9	0	0.13
72367623048	2018	10	24	10	0	0.22
72367623048	2018	10	24	11	0	0.25
72367623048	2018	10	24	12	0	0.16
72367623048	2018	10	24	13	0	0.1
72367623048	2018	10	24	14	0	0.08
72367623048	2018	10	24	15	0	0.03
72367623048	2018	10	31	8	0	0.01
72367623048	2018	10	31	9	0	0.05
72367623048	2018	10	31	10	0	0.16
72367623048	2018	10	31	11	0	0.02
72367623048	2018	10	31	12	0	0.03
72367623048	2018	11	3	19	0	0.05
72367623048	2018	11	11	22	0	0.03
72367623048	2018	11	11	23	0	0.01
72367623048	2018	11	12	1	0	0.05
72367623048	2018	11	12	2	0	0.07
72367623048	2018	11	12	3	0	0.06
72367623048	2018	11	12	4	0	0.01
72367623048	2018	12	2	17	0	0.01
72367623048	2018	12	26	14	0	0.01
72367623048	2018	12	26	15	0	0.03
72367623048	2018	12	27	1	0	0.01
72367623048	2018	12	27	2	0	0.01
72367623048	2018	12	27	3	0	0.03
72367623048	2018	12	27	4	0	0.03
72367623048	2018	12	27	5	0	0.05
72367623048	2018	12	27	6	0	0.13
72367623048	2018	12	27	7	0	0.01
72367623048	2018	12	28	8	0	0.01
72367623048	2019	1	11	23	0	0.01
72367623048	2019	1	12	0	0	0.02
72367623048	2019	1	12	1	0	0.01
72367623048	2019	1	12	2	0	0.02
72367623048	2019	1	12	3	0	0.03
72367623048	2019	1	18	22	0	0.03
72367623048	2019	2	23	6	0	0.06
72367623048	2019	3	3	4	0	0.01
72367623048	2019	3	9	5	0	0.04
72367623048	2019	3	9	6	0	0.01
72367623048	2019	3	12	15	0	0.02
72367623048	2019	3	12	21	0	0.02
72367623048	2019	3	13	1	0	0.56
72367623048	2019	3	13	2	0	0.01
72367623048	2019	3	14	14	0	0.01
72367623048	2019	4	17	20	0	0.002
72367623048	2019	4	17	21	0	0.3
72367623048	2019	4	17	22	0	0.18
72367623048	2019	4	17	23	0	0.02
72367623048	2019	4	23	9	0	0.03
72367623048	2019	4	23	10	0	0.05
72367623048	2019	4	23	11	0	0.01
72367623048	2019	5	5	20	0	0.01
72367623048	2019	5	7	7	0	0.002
72367623048	2019	5	7	8	0	0.002
72367623048	2019	5	7	16	0	0.008
72367623048	2019	5	7	17	0	0.002
72367623048	2019	5	9	0	0	0.13
72367623048	2019	5	9	1	0	0.01
72367623048	2019	5	9	2	0	0.02
72367623048	2019	5	9	3	0	0.02
72367623048	2019	5	9	5	0	0.01
72367623048	2019	5	9	6	0	0.04
72367623048	2019	5	10	15	0	0.05
72367623048	2019	5	10	16	0	0.22
72367623048	2019	5	10	17	0	0.03
72367623048	2019	5	15	2	0	0.03
72367623048	2019	5	20	7	0	0.1
72367623048	2019	5	26	23	0	0.01
72367623048	2019	5	30	22	0	0.02
72367623048	2019	5	30	23	0	0.18
72367623048	2019	5	31	0	0	0.08
72367623048	2019	5	31	1	0	0.02
72367623048	2019	5	31	2	0	0.02
72367623048	2019	5	31	3	0	0.07
72367623048	2019	6	2	0	0	0.01
72367623048	2019	6	2	1	0	0.09
72367623048	2019	6	2	2	0	0.16
72367623048	2019	6	5	21	0	0.3
72367623048	2019	6	5	22	0	0.17
72367623048	2019	6	5	23	0	0.01
72367623048	2019	6	18	1	0	0.29
72367623048	2019	6	28	0	0	0.01
72367623048	2019	6	28	2	0	0.02
72367623048	2019	7	3	21	0	0.01
72367623048	2019	7	5	20	0	0.01
72367623048	2019	7	5	21	0	0.12
72367623048	2019	7	6	3	0	0.2
72367623048	2019	7	6	6	0	0.8
72367623048	2019	7	6	7	0	0.39
72367623048	2019	7	6	8	0	0.02
72367623048	2019	7	6	9	0	0.03
72367623048	2019	7	6	10	0	0.01
72367623048	2019	7	6	11	0	0.02
72367623048	2019	7	6	12	0	0.01
72367623048	2019	7	6	13	0	0.04
72367623048	2019	7	10	22	0	0.06
72367623048	2019	7	16	3	0	0.11
72367623048	2019	7	16	4	0	0.07
72367623048	2019	7	16	5	0	0.02
72367623048	2019	7	21	5	0	0.03
72367623048	2019	7	22	1	0	0.1
72367623048	2019	7	22	4	0	0.06
72367623048	2019	7	22	5	0	0.01
72367623048	2019	7	22	7	0	0.05
72367623048	2019	7	22	8	0	0.03
72367623048	2019	8	2	16	0	0.01
72367623048	2019	8	2	23	0	0.05
72367623048	2019	8	7	23	0	0.02
72367623048	2019	8	9	0	0	0.08
72367623048	2019	8	9	1	0	0.19
72367623048	2019	8	10	0	0	0.03
72367623048	2019	8	10	1	0	0.08
72367623048	2019	8	10	3	0	0.03
72367623048	2019	8	10	8	0	0.05
72367623048	2019	8	11	22	0	0.27
72367623048	2019	8	11	23	0	0.05
72367623048	2019	8	12	1	0	0.01
72367623048	2019	8	14	4	0	0.01
72367623048	2019	8	14	11	0	0.046
72367623048	2019	8	14	12	0	0.019
72367623048	2019	8	22	0	0	0.1
72367623048	2019	8	22	1	0	0.06
72367623048	2019	8	22	2	0	0.07
72367623048	2019	8	23	1	0	0.01
72367623048	2019	8	23	2	0	0.01
72367623048	2019	8	24	1	0	0.43
72367623048	2019	8	27	19	0	0.01
72367623048	2019	9	1	0	0	0.03
72367623048	2019	9	1	4	0	0.05
72367623048	2019	9	9	7	0	0.06
72367623048	2019	9	13	11	0	0.02
72367623048	2019	9	13	12	0	0.01
72367623048	2019	9	20	6	0	0.16
72367623048	2019	9	20	7	0	0.62
72367623048	2019	9	20	8	0	0.04
72367623048	2019	9	20	9	0	0.1
72367623048	2019	9	20	10	0	0.02
72367623048	2019	9	20	11	0	0.01
72367623048	2019	10	1	8	0	0.006
72367623048	2019	10	1	9	0	0.01
72367623048	2019	10	1	11	0	0.15
72367623048	2019	10	1	12	0	0.13
72367623048	2019	10	1	13	0	0.11
72367623048	2019	10	1	14	0	0.14
72367623048	2019	10	1	15	0	0.07
72367623048	2019	10	1	16	0	0.01
72367623048	2019	10	3	17	0	0.017
72367623048	2019	10	3	18	0	0.04
72367623048	2019	10	3	19	0	0.02
72367623048	2019	10	3	21	0	0.01
72367623048	2019	10	4	10	0	0.04
72367623048	2019	10	4	11	0	0.23
72367623048	2019	10	4	12	0	0.01
72367623048	2019	10	5	0	0	0.07
72367623048	2019	10	24	16	0	0.01
72367623048	2019	10	24	19	0	0.003
72367623048	2019	10	24	20	0	0.011
72367623048	2019	11	20	16	0	0.12
72367623048	2019	11	21	23	0	0.003
72367623048	2019	11	22	0	0	0.05
72367623048	2019	11	28	0	0	0.001
72367623048	2019	11	28	1	0	0.018
72367623048	2019	11	28	2	0	0.002
72367623048	2019	11	28	4	0	0.011
72367623048	2019	11	28	5	0	0.034
72367623048	2019	11	28	6	0	0.032
72367623048	2019	11	28	7	0	0.041
72367623048	2019	11	28	8	0	0.01
72367623048	2019	11	28	9	0	0.04
72367623048	2019	11	28	13	0	0.019
72367623048	2019	11	29	7	0	0.09
72367623048	2019	11	29	8	0	0.05
72367623048	2019	11	29	22	0	0.02
72367623048	2019	11	29	23	0	0.033
72367623048	2019	12	27	21	0	0.05
72367623048	2019	12	27	23	0	0.09
72367623048	2019	12	28	0	0	0.24
72367623048	2019	12	28	1	0	0.1
72367623048	2020	1	2	18	0	0.03
72367623048	2020	1	2	19	0	0.03
72367623048	2020	1	2	20	0	0.03
72367623048	2020	1	2	21	0	0.02
72367623048	2020	1	16	14	0	0.006
72367623048	2020	1	16	15	0	0.01
72367623048	2020	1	16	16	0	0.01
72367623048	2020	1	16	17	0	0.01
72367623048	2020	1	16	19	0	0.01
72367623048	2020	1	16	21	0	0.01
72367623048	2020	1	16	23	0	0.02
72367623048	2020	1	17	0	0	0.05
72367623048	2020	1	17	2	0	0.02
72367623048	2020	1	21	13	0	0.01
72367623048	2020	1	21	22	0	0.03
72367623048	2020	1	21	23	0	0.03
72367623048	2020	1	22	0	0	0.01
72367623048	2020	1	28	7	0	0.02
72367623048	2020	1	28	8	0	0.08
72367623048	2020	1	28	9	0	0.05
72367623048	2020	2	11	9	0	0.01
72367623048	2020	2	12	3	0	0.01
72367623048	2020	2	12	4	0	0.04
72367623048	2020	3	8	14	0	0.02
72367623048	2020	3	8	16	0	0.04
72367623048	2020	3	9	0	0	0.01
72367623048	2020	3	13	10	0	0.01
72367623048	2020	3	13	15	0	0.01
72367623048	2020	3	13	16	0	0.08
72367623048	2020	3	13	19	0	0.01
72367623048	2020	3	14	0	0	0.06
72367623048	2020	3	14	2	0	0.05
72367623048	2020	3	14	3	0	0.07
72367623048	2020	3	17	21	0	0.09
72367623048	2020	3	17	22	0	0.01
72367623048	2020	3	19	9	0	0.03
72367623048	2020	4	13	16	0	0.03
72367623048	2020	4	23	4	0	0.01
72367623048	2020	5	11	4	0	0.21
72367623048	2020	5	11	5	0	0.03
72367623048	2020	5	11	6	0	0.01
72367623048	2020	5	11	23	0	0.12
72367623048	2020	5	17	4	0	0.05
72367623048	2020	6	3	2	0	0.006
72367623048	2020	6	4	21	0	0.09
72367623048	2020	6	4	22	0	0.01
72367623048	2020	6	17	4	0	0.04
72367623048	2020	6	23	1	0	0.02
72367623048	2020	6	23	3	0	0.01
72367623048	2020	6	24	1	0	0.03
72367623048	2020	6	24	2	0	0.01
72367623048	2020	6	26	1	0	0.16
72367623048	2020	7	4	0	0	0.01
72367623048	2020	7	5	1	0	0.88
72367623048	2020	7	6	0	0	0.05
72367623048	2020	7	12	1	0	0.07
72367623048	2020	7	12	2	0	0.14
72367623048	2020	7	16	1	0	0.47
72367623048	2020	7	16	2	0	0.1
72367623048	2020	7	16	3	0	0.09
72367623048	2020	7	16	4	0	0.01
72367623048	2020	7	20	5	0	0.005
72367623048	2020	7	20	6	0	0.002
72367623048	2020	7	20	8	0	0.001
72367623048	2020	7	21	4	0	0.01
72367623048	2020	7	28	3	0	0.03
72367623048	2020	7	28	4	0	0.01
72367623048	2020	7	28	5	0	0.06
72367623048	2020	7	29	7	0	0.03
72367623048	2020	8	1	3	0	0.06
72367623048	2020	8	1	4	0	0.01
72367623048	2020	8	3	0	0	0.08
72367623048	2020	8	3	1	0	0.01
72367623048	2020	8	4	3	0	0.07
72367623048	2020	8	4	4	0	0.03
72367623048	2020	8	8	1	0	0.01
72367623048	2020	8	29	0	0	0.12
72367623048	2020	8	29	2	0	0.01
72367623048	2020	9	9	1	0	0.04
72367623048	2020	9	9	2	0	0.03
72367623048	2020	9	9	3	0	0.05
72367623048	2020	9	9	5	0	0.01
72367623048	2020	9	9	6	0	0.02
72367623048	2020	9	9	12	0	0.03
72367623048	2020	9	9	13	0	0.09
72367623048	2020	9	9	14	0	0.08
72367623048	2020	9	10	9	0	0.01
72367623048	2020	9	10	10	0	0.05
72367623048	2020	9	10	11	0	0.06
72367623048	2020	10	27	8	0	0.01
72367623048	2020	10	27	13	0	0.05
72367623048	2020	10	27	14	0	0.03
72367623048	2020	10	28	8	0	0.01
72367623048	2020	10	28	9	0	0.05
72367623048	2020	10	28	10	0	0.13
72367623048	2020	10	28	11	0	0.05
72367623048	2020	10	28	12	0	0.085
72367623048	2020	10	28	13	0	0.058
72367623048	2020	10	28	14	0	0.053
72367623048	2020	10	28	15	0	0.14
72367623048	2020	10	28	19	0	0.02
72367623048	2020	10	29	0	0	0.02
72367623048	2020	10	29	1	0	0.17
72367623048	2020	11	24	21	0	0.1
72367623048	2020	11	24	22	0	0.05
72367623048	2020	11	28	10	0	0.02
72367623048	2020	11	28	11	0	0.02
72367623048	2020	11	28	12	0	0.01
72367623048	2020	11	28	13	0	0.02
72367623048	2020	12	10	20	0	0.01
72367623048	2020	12	13	11	0	0.01
72367623048	2020	12	13	12	0	0.01
72367623048	2020	12	15	14	0	0.01
72367623048	2021	1	10	1	0	0.01
72367623048	2021	1	10	3	0	0.02
72367623048	2021	1	25	1	0	0.04
72367623048	2021	1	26	14	0	0.01
72367623048	2021	3	13	12	0	0.01
72367623048	2021	3	13	13	0	0.22
72367623048	2021	3	13	14	0	0.03
72367623048	2021	3	13	17	0	0.06
72367623048	2021	3	13	18	0	0.18
72367623048	2021	3	17	7	0	0.02
72367623048	2021	3	17	8	0	0.07
72367623048	2021	3	17	9	0	0.05
72367623048	2021	3	17	10	0	0.01
72367623048	2021	3	17	12	0	0.01
72367623048	2021	3	22	16	0	0.001
72367623048	2021	3	22	17	0	0.001
72367623048	2021	3	22	18	0	0.001
72367623048	2021	3	22	19	0	0.001
72367623048	2021	3	22	20	0	0.001
72367623048	2021	3	22	21	0	0.001
72367623048	2021	3	22	22	0	0.01
72367623048	2021	3	22	23	0	0.06
72367623048	2021	3	23	0	0	0.01
72367623048	2021	3	23	1	0	0.012
72367623048	2021	3	23	2	0	0.012
72367623048	2021	3	24	13	0	0.01
72367623048	2021	3	24	14	0	0.03
72367623048	2021	3	24	15	0	0.01
72367623048	2021	3	24	17	0	0.01
72367623048	2021	4	28	20	0	0.01
72367623048	2021	4	28	21	0	0.05
72367623048	2021	4	28	23	0	0.01
72367623048	2021	4	29	0	0	0.03
72367623048	2021	5	3	21	0	0.13
72367623048	2021	5	3	22	0	0.16
72367623048	2021	5	3	23	0	0.03
72367623048	2021	5	4	0	0	0.09
72367623048	2021	5	4	1	0	0.01
72367623048	2021	5	7	23	0	0.006
72367623048	2021	5	8	0	0	0.03
72367623048	2021	5	10	3	0	0.05
72367623048	2021	5	15	22	0	0.43
72367623048	2021	5	15	23	0	0.287
72367623048	2021	5	17	21	0	0.08
72367623048	2021	5	17	22	0	0.07
72367623048	2021	5	17	23	0	0.07
72367623048	2021	5	18	23	0	0.004
72367623048	2021	5	19	0	0	0.07
72367623048	2021	5	22	3	0	0.21
72367623048	2021	5	23	0	0	0.02
72367623048	2021	5	23	2	0	0.15
72367623048	2021	5	28	23	0	0.1
72367623048	2021	5	29	0	0	0.17
72367623048	2021	5	30	21	0	0.01
72367623048	2021	5	31	16	0	0.01
72367623048	2021	5	31	17	0	0.07
72367623048	2021	6	2	3	0	0.08
72367623048	2021	6	2	23	0	0.08
72367623048	2021	6	3	0	0	0.01
72367623048	2021	6	7	23	0	0.13
72367623048	2021	6	13	3	0	0.02
72367623048	2021	6	26	22	0	0.02
72367623048	2021	6	26	23	0	0.06
72367623048	2021	6	27	0	0	0.02
72367623048	2021	6	27	20	0	0.01
72367623048	2021	6	27	22	0	0.04
72367623048	2021	6	28	7	0	0.03
72367623048	2021	6	28	8	0	0.02
72367623048	2021	6	29	6	0	0.01
72367623048	2021	6	29	7	0	0.01
72367623048	2021	6	29	8	0	0.01
72367623048	2021	6	29	9	0	0.02
72367623048	2021	6	29	16	0	0.05
72367623048	2021	6	29	17	0	0.02
72367623048	2021	6	29	19	0	0.01
72367623048	2021	6	29	22	0	0.01
72367623048	2021	6	30	3	0	0.02
72367623048	2021	6	30	11	0	0.008
72367623048	2021	6	30	14	0	0.11
72367623048	2021	6	30	15	0	0.05
72367623048	2021	7	1	13	0	0.11
72367623048	2021	7	2	10	0	0.06
72367623048	2021	7	2	11	0	0.41
72367623048	2021	7	2	12	0	0.2
72367623048	2021	7	2	13	0	0.01
72367623048	2021	7	5	4	0	0.5
72367623048	2021	7	5	5	0	0.05
72367623048	2021	7	6	23	0	0.105
72367623048	2021	7	7	0	0	0.04
72367623048	2021	7	7	4	0	0.52
72367623048	2021	7	7	6	0	0.13
72367623048	2021	7	7	7	0	0.01
72367623048	2021	7	15	1	0	0.01
72367623048	2021	7	15	2	0	0.06
72367623048	2021	7	15	3	0	0.02
72367623048	2021	7	17	5	0	0.01
72367623048	2021	7	18	1	0	0.01
72367623048	2021	7	18	3	0	0.01
72367623048	2021	7	19	3	0	0.13
72367623048	2021	7	19	4	0	0.01
72367623048	2021	7	27	1	0	0.03
72367623048	2021	8	1	3	0	0.01
72367623048	2021	8	1	20	0	0.01
72367623048	2021	8	1	21	0	0.03
72367623048	2021	8	4	10	0	0.02
72367623048	2021	8	4	11	0	0.03
72367623048	2021	8	12	20	0	0.011
72367623048	2021	8	12	21	0	0.03
72367623048	2021	8	13	9	0	0.25
72367623048	2021	8	13	10	0	0.05
72367623048	2021	8	13	11	0	0.09
72367623048	2021	8	13	14	0	0.01
72367623048	2021	8	13	17	0	0.11
72367623048	2021	8	13	18	0	0.06
72367623048	2021	8	13	19	0	0.01
72367623048	2021	8	14	2	0	0.23
72367623048	2021	8	29	1	0	0.01
72367623048	2021	8	29	2	0	0.06
72367623048	2021	8	29	3	0	0.01
72367623048	2021	8	29	4	0	0.01
72367623048	2021	8	29	7	0	0.01
72367623048	2021	8	30	12	0	0.01
72367623048	2021	9	2	5	0	0.12
72367623048	2021	9	2	6	0	0.06
72367623048	2021	9	15	6	0	0.11
72367623048	2021	9	15	7	0	0.03
72367623048	2021	9	30	21	0	0.02
72367623048	2021	10	1	5	0	0.009
72367623048	2021	10	1	6	0	0.02
72367623048	2021	10	1	14	0	0.14
72367623048	2021	10	1	18	0	0.44
72367623048	2021	10	10	16	0	0.14
72367623048	2021	10	10	17	0	0.28
72367623048	2021	10	10	18	0	0.05
72367623048	2021	10	10	19	0	0.14
72367623048	2021	10	10	20	0	0.01
