72370093167	2005	1	3	11	0	0.01
72370093167	2005	1	3	21	0	0.01
72370093167	2005	1	3	22	0	0.11
72370093167	2005	1	3	23	0	0.07
72370093167	2005	1	4	0	0	0.03
72370093167	2005	1	4	1	0	0.03
72370093167	2005	1	4	8	0	0.17
72370093167	2005	1	4	9	0	0.05
72370093167	2005	1	4	10	0	0.03
72370093167	2005	1	4	11	0	0.04
72370093167	2005	1	4	12	0	0.05
72370093167	2005	1	4	13	0	0.04
72370093167	2005	1	5	0	0	0.01
72370093167	2005	1	7	18	0	0.01
72370093167	2005	1	7	19	0	0.03
72370093167	2005	1	7	20	0	0.05
72370093167	2005	1	9	21	0	0.003
72370093167	2005	1	9	22	0	0.02
72370093167	2005	1	9	23	0	0.01
72370093167	2005	1	10	1	0	0.01
72370093167	2005	1	10	2	0	0.01
72370093167	2005	1	10	3	0	0.01
72370093167	2005	1	10	4	0	0.07
72370093167	2005	1	10	5	0	0.04
72370093167	2005	1	10	7	0	0.02
72370093167	2005	1	10	8	0	0.1
72370093167	2005	1	10	17	0	0.005
72370093167	2005	1	11	11	0	0.02
72370093167	2005	1	11	12	0	0.06
72370093167	2005	1	11	21	0	0.16
72370093167	2005	1	26	12	0	0.01
72370093167	2005	1	26	13	0	0.02
72370093167	2005	1	26	14	0	0.07
72370093167	2005	1	26	15	0	0.02
72370093167	2005	1	26	16	0	0.02
72370093167	2005	1	26	17	0	0.01
72370093167	2005	1	26	18	0	0.02
72370093167	2005	1	26	19	0	0.02
72370093167	2005	1	26	20	0	0.04
72370093167	2005	1	26	21	0	0.01
72370093167	2005	1	27	4	0	0.06
72370093167	2005	1	27	5	0	0.08
72370093167	2005	1	27	6	0	0.01
72370093167	2005	1	27	7	0	0.01
72370093167	2005	1	27	8	0	0.02
72370093167	2005	1	27	17	0	0.09
72370093167	2005	1	27	18	0	0.06
72370093167	2005	1	27	19	0	0.01
72370093167	2005	1	29	4	0	0.01
72370093167	2005	1	29	5	0	0.032
72370093167	2005	1	29	6	0	0.25
72370093167	2005	1	29	7	0	0.34
72370093167	2005	1	29	8	0	0.35
72370093167	2005	1	29	9	0	0.11
72370093167	2005	1	29	22	0	0.02
72370093167	2005	1	29	23	0	0.02
72370093167	2005	1	30	0	0	0.04
72370093167	2005	2	7	4	0	0.14
72370093167	2005	2	7	5	0	0.01
72370093167	2005	2	8	5	0	0.03
72370093167	2005	2	8	6	0	0.01
72370093167	2005	2	11	11	0	0.02
72370093167	2005	2	11	12	0	0.03
72370093167	2005	2	11	13	0	0.02
72370093167	2005	2	11	15	0	0.07
72370093167	2005	2	11	16	0	0.02
72370093167	2005	2	11	17	0	0.03
72370093167	2005	2	11	18	0	0.07
72370093167	2005	2	11	19	0	0.09
72370093167	2005	2	11	20	0	0.11
72370093167	2005	2	11	21	0	0.12
72370093167	2005	2	11	22	0	0.07
72370093167	2005	2	11	23	0	0.13
72370093167	2005	2	12	0	0	0.03
72370093167	2005	2	12	1	0	0.19
72370093167	2005	2	12	2	0	0.12
72370093167	2005	2	12	3	0	0.07
72370093167	2005	2	12	7	0	0.05
72370093167	2005	2	12	8	0	0.11
72370093167	2005	2	12	9	0	0.07
72370093167	2005	2	12	10	0	0.06
72370093167	2005	2	12	11	0	0.05
72370093167	2005	2	12	12	0	0.01
72370093167	2005	2	16	1	0	0.01
72370093167	2005	2	16	2	0	0.03
72370093167	2005	2	16	9	0	0.01
72370093167	2005	2	18	5	0	0.01
72370093167	2005	2	18	6	0	0.03
72370093167	2005	2	18	7	0	0.04
72370093167	2005	2	18	8	0	0.01
72370093167	2005	2	18	20	0	0.019
72370093167	2005	2	18	21	0	0.07
72370093167	2005	2	18	22	0	0.05
72370093167	2005	2	19	15	0	0.01
72370093167	2005	2	19	17	0	0.01
72370093167	2005	2	20	2	0	0.15
72370093167	2005	2	20	3	0	0.02
72370093167	2005	2	21	18	0	0.005
72370093167	2005	2	21	19	0	0.01
72370093167	2005	2	21	21	0	0.01
72370093167	2005	2	22	0	0	0.01
72370093167	2005	2	22	5	0	0.01
72370093167	2005	2	22	7	0	0.1
72370093167	2005	2	22	8	0	0.02
72370093167	2005	2	22	10	0	0.01
72370093167	2005	2	22	11	0	0.02
72370093167	2005	2	22	15	0	0.011
72370093167	2005	2	22	16	0	0.1
72370093167	2005	2	22	17	0	0.16
72370093167	2005	2	22	19	0	0.01
72370093167	2005	2	22	20	0	0.04
72370093167	2005	2	22	23	0	0.01
72370093167	2005	2	23	0	0	0.01
72370093167	2005	2	23	1	0	0.03
72370093167	2005	2	23	3	0	0.04
72370093167	2005	2	23	4	0	0.12
72370093167	2005	2	23	5	0	0.01
72370093167	2005	2	24	0	0	0.03
72370093167	2005	2	24	1	0	0.08
72370093167	2005	3	5	2	0	0.2
72370093167	2005	3	5	3	0	0.116
72370093167	2005	3	5	4	0	0.09
72370093167	2005	3	5	17	0	0.01
72370093167	2005	3	6	1	0	0.07
72370093167	2005	3	6	2	0	0.02
72370093167	2005	3	14	7	0	0.01
72370093167	2005	3	23	6	0	0.06
72370093167	2005	3	23	7	0	0.02
72370093167	2005	3	23	8	0	0.01
72370093167	2005	3	23	9	0	0.01
72370093167	2005	3	23	10	0	0.02
72370093167	2005	4	23	22	0	0.01
72370093167	2005	4	23	23	0	0.1
72370093167	2005	4	24	2	0	0.01
72370093167	2005	4	24	3	0	0.17
72370093167	2005	4	24	4	0	0.07
72370093167	2005	4	24	5	0	0.099
72370093167	2005	4	24	6	0	0.03
72370093167	2005	4	28	19	0	0.01
72370093167	2005	6	10	0	0	0.03
72370093167	2005	6	22	21	0	0.002
72370093167	2005	6	22	22	0	0.003
72370093167	2005	6	22	23	0	0.007
72370093167	2005	6	23	1	0	0.031
72370093167	2005	7	23	0	0	0.08
72370093167	2005	7	23	2	0	0.05
72370093167	2005	7	23	3	0	0.01
72370093167	2005	7	23	4	0	0.01
72370093167	2005	7	28	21	0	0.07
72370093167	2005	7	30	0	0	0.03
72370093167	2005	7	30	1	0	0.45
72370093167	2005	7	30	6	0	0.02
72370093167	2005	8	1	0	0	0.002
72370093167	2005	8	1	2	0	0.002
72370093167	2005	8	1	3	0	0.021
72370093167	2005	8	2	4	0	0.03
72370093167	2005	8	2	5	0	0.05
72370093167	2005	8	3	23	0	0.01
72370093167	2005	8	4	0	0	0.31
72370093167	2005	8	4	1	0	0.067
72370093167	2005	8	4	2	0	0.019
72370093167	2005	8	4	3	0	0.088
72370093167	2005	8	4	4	0	0.06
72370093167	2005	8	4	5	0	0.073
72370093167	2005	8	4	6	0	0.001
72370093167	2005	8	5	2	0	0.03
72370093167	2005	8	5	3	0	0.01
72370093167	2005	8	8	10	0	0.01
72370093167	2005	8	9	16	0	0.01
72370093167	2005	8	9	21	0	0.05
72370093167	2005	8	12	22	0	0.04
72370093167	2005	8	15	0	0	0.01
72370093167	2005	8	15	1	0	0.03
72370093167	2005	8	15	2	0	0.03
72370093167	2005	8	15	3	0	0.08
72370093167	2005	8	15	4	0	0.1
72370093167	2005	8	15	5	0	0.06
72370093167	2005	8	15	6	0	0.07
72370093167	2005	8	15	7	0	0.03
72370093167	2005	9	2	21	0	0.03
72370093167	2005	10	17	15	0	0.01
72370093167	2005	10	17	17	0	0.03
72370093167	2005	10	17	18	0	0.01
72370093167	2005	10	17	19	0	0.01
72370093167	2005	10	17	20	0	0.09
72370093167	2005	10	17	21	0	0.05
72370093167	2005	10	17	22	0	0.12
72370093167	2005	10	18	3	0	0.3
72370093167	2005	10	18	4	0	0.18
72370093167	2005	10	18	5	0	0.1
72370093167	2005	10	18	6	0	0.11
72370093167	2005	10	18	7	0	0.03
72370093167	2005	10	18	8	0	0.22
72370093167	2005	10	18	9	0	0.05
72370093167	2005	10	18	10	0	0.09
72370093167	2005	10	18	15	0	0.03
72370093167	2005	10	18	16	0	0.19
72370093167	2005	10	18	17	0	0.07
72370093167	2005	10	18	18	0	0.01
72370093167	2005	10	18	19	0	0.08
72370093167	2005	10	18	20	0	0.03
72370093167	2005	10	19	1	0	0.07
72370093167	2005	10	19	3	0	0.01
72370093167	2005	10	28	13	0	0.01
72370093167	2005	11	11	11	0	0.04
72370093167	2005	11	11	12	0	0.01
72370093167	2006	2	28	10	0	0.01
72370093167	2006	2	28	11	0	0.01
72370093167	2006	2	28	14	0	0.04
72370093167	2006	2	28	15	0	0.02
72370093167	2006	2	28	16	0	0.01
72370093167	2006	3	11	5	0	0.01
72370093167	2006	3	12	6	0	0.08
72370093167	2006	3	12	7	0	0.06
72370093167	2006	3	19	7	0	0.02
72370093167	2006	3	19	8	0	0.01
72370093167	2006	3	19	12	0	0.03
72370093167	2006	3	20	2	0	0.01
72370093167	2006	3	21	15	0	0.05
72370093167	2006	3	21	16	0	0.01
72370093167	2006	3	21	17	0	0.01
72370093167	2006	3	21	18	0	0.04
72370093167	2006	3	21	19	0	0.01
72370093167	2006	3	28	17	0	0.03
72370093167	2006	3	29	0	0	0.02
72370093167	2006	3	29	3	0	0.01
72370093167	2006	3	29	6	0	0.01
72370093167	2006	3	29	8	0	0.01
72370093167	2006	3	29	13	0	0.02
72370093167	2006	3	29	14	0	0.05
72370093167	2006	3	29	17	0	0.07
72370093167	2006	3	29	18	0	0.03
72370093167	2006	3	29	20	0	0.01
72370093167	2006	3	29	21	0	0.03
72370093167	2006	4	5	10	0	0.03
72370093167	2006	4	5	12	0	0.12
72370093167	2006	4	5	13	0	0.02
72370093167	2006	4	5	20	0	0.05
72370093167	2006	4	14	23	0	0.04
72370093167	2006	4	15	1	0	0.16
72370093167	2006	4	15	2	0	0.01
72370093167	2006	4	15	4	0	0.01
72370093167	2006	5	17	21	0	0.001
72370093167	2006	5	22	18	0	0.02
72370093167	2006	6	8	7	0	0.01
72370093167	2006	6	28	6	0	0.01
72370093167	2006	7	1	0	0	0.12
72370093167	2006	7	1	22	0	0.34
72370093167	2006	7	1	23	0	0.03
72370093167	2006	7	2	21	0	0.093
72370093167	2006	7	2	23	0	0.001
72370093167	2006	7	3	0	0	0.05
72370093167	2006	7	3	13	0	0.022
72370093167	2006	7	3	14	0	0.037
72370093167	2006	7	4	20	0	0.01
72370093167	2006	7	4	21	0	0.06
72370093167	2006	7	4	22	0	0.04
72370093167	2006	7	4	23	0	0.05
72370093167	2006	7	5	0	0	0.02
72370093167	2006	7	8	20	0	0.01
72370093167	2006	7	9	2	0	0.02
72370093167	2006	7	14	22	0	0.002
72370093167	2006	7	14	23	0	0.004
72370093167	2006	7	17	1	0	0.13
72370093167	2006	7	18	8	0	0.007
72370093167	2006	7	18	9	0	0.01
72370093167	2006	7	18	11	0	0.01
72370093167	2006	7	18	12	0	0.02
72370093167	2006	7	18	13	0	0.015
72370093167	2006	7	18	22	0	0.06
72370093167	2006	7	19	0	0	0.01
72370093167	2006	7	20	22	0	0.2
72370093167	2006	7	20	23	0	0.05
72370093167	2006	7	22	6	0	0.004
72370093167	2006	7	22	7	0	0.001
72370093167	2006	7	25	1	0	0.006
72370093167	2006	7	25	2	0	0.01
72370093167	2006	7	26	1	0	0.02
72370093167	2006	7	29	2	0	0.42
72370093167	2006	7	29	3	0	0.04
72370093167	2006	8	23	1	0	0.16
72370093167	2006	8	24	0	0	0.15
72370093167	2006	9	3	23	0	0.01
72370093167	2006	9	5	23	0	0.46
72370093167	2006	9	7	3	0	0.14
72370093167	2006	9	7	6	0	0.01
72370093167	2006	9	7	7	0	0.02
72370093167	2006	9	7	8	0	0.01
72370093167	2006	9	8	4	0	0.54
72370093167	2006	9	8	5	0	0.08
72370093167	2006	9	8	6	0	0.03
72370093167	2006	10	6	16	0	0.02
72370093167	2006	10	6	17	0	0.09
72370093167	2006	10	6	18	0	0.01
72370093167	2006	10	14	1	0	0.01
72370093167	2006	10	14	2	0	0.03
72370093167	2006	10	14	3	0	0.05
72370093167	2006	10	14	22	0	0.01
72370093167	2006	10	14	23	0	0.01
72370093167	2006	10	24	13	0	0.05
72370093167	2006	10	24	14	0	0.05
72370093167	2006	10	24	15	0	0.09
72370093167	2006	10	24	16	0	0.09
72370093167	2006	10	24	17	0	0.12
72370093167	2006	10	24	18	0	0.02
72370093167	2006	12	22	12	0	0.02
72370093167	2006	12	22	18	0	0.01
72370093167	2006	12	27	22	0	0.01
72370093167	2006	12	28	5	0	0.01
72370093167	2006	12	28	6	0	0.01
72370093167	2006	12	28	15	0	0.01
72370093167	2007	1	5	8	0	0.01
72370093167	2007	1	5	9	0	0.01
72370093167	2007	1	12	22	0	0.01
72370093167	2007	1	20	4	0	0.02
72370093167	2007	1	20	5	0	0.05
72370093167	2007	1	20	6	0	0.04
72370093167	2007	1	20	7	0	0.03
72370093167	2007	2	1	1	0	0.03
72370093167	2007	2	11	14	0	0.01
72370093167	2007	2	12	3	0	0.01
72370093167	2007	2	19	17	0	0.03
72370093167	2007	2	19	18	0	0.04
72370093167	2007	2	19	19	0	0.04
72370093167	2007	2	20	5	0	0.01
72370093167	2007	2	20	6	0	0.05
72370093167	2007	2	20	7	0	0.01
72370093167	2007	3	21	6	0	0.01
72370093167	2007	3	22	19	0	0.01
72370093167	2007	3	23	9	0	0.03
72370093167	2007	3	23	21	0	0.01
72370093167	2007	3	24	2	0	0.02
72370093167	2007	7	22	21	0	0.01
72370093167	2007	7	23	6	0	0.01
72370093167	2007	7	23	7	0	0.03
72370093167	2007	7	23	8	0	0.01
72370093167	2007	7	24	16	0	0.01
72370093167	2007	7	25	23	0	0.03
72370093167	2007	7	29	1	0	0.01
72370093167	2007	7	30	2	0	0.01
72370093167	2007	7	30	3	0	0.01
72370093167	2007	8	1	19	0	0.61
72370093167	2007	8	1	20	0	0.02
72370093167	2007	8	1	21	0	0.03
72370093167	2007	8	1	22	0	0.07
72370093167	2007	8	1	23	0	0.05
72370093167	2007	8	3	22	0	0.01
72370093167	2007	8	11	22	0	0.06
72370093167	2007	9	3	1	0	0.23
72370093167	2007	9	3	3	0	0.02
72370093167	2007	9	8	22	0	0.07
72370093167	2007	9	8	23	0	0.01
72370093167	2007	9	22	5	0	0.01
72370093167	2007	9	22	10	0	0.02
72370093167	2007	9	22	11	0	0.04
72370093167	2007	9	22	12	0	0.01
72370093167	2007	9	22	14	0	0.04
72370093167	2007	9	22	15	0	0.01
72370093167	2007	11	12	7	0	0.02
72370093167	2007	11	12	8	0	0.04
72370093167	2007	11	12	9	0	0.02
72370093167	2007	11	12	10	0	0.01
72370093167	2007	11	12	11	0	0.01
72370093167	2007	11	30	14	0	0.02
72370093167	2007	11	30	15	0	0.01
72370093167	2007	11	30	20	0	0.01
72370093167	2007	11	30	21	0	0.01
72370093167	2007	12	1	1	0	0.01
72370093167	2007	12	1	2	0	0.08
72370093167	2007	12	1	3	0	0.22
72370093167	2007	12	1	4	0	0.22
72370093167	2007	12	1	5	0	0.22
72370093167	2007	12	1	6	0	0.18
72370093167	2007	12	1	7	0	0.02
72370093167	2007	12	1	10	0	0.14
72370093167	2007	12	1	11	0	0.1
72370093167	2007	12	1	12	0	0.33
72370093167	2007	12	1	13	0	0.01
72370093167	2007	12	1	14	0	0.01
72370093167	2007	12	1	15	0	0.02
72370093167	2007	12	7	15	0	0.06
72370093167	2007	12	7	16	0	0.05
72370093167	2007	12	7	17	0	0.01
72370093167	2007	12	7	18	0	0.02
72370093167	2007	12	7	19	0	0.05
72370093167	2007	12	7	20	0	0.03
72370093167	2007	12	7	21	0	0.01
72370093167	2007	12	7	22	0	0.01
72370093167	2007	12	8	19	0	0.01
72370093167	2007	12	8	20	0	0.02
72370093167	2007	12	8	21	0	0.02
72370093167	2007	12	8	22	0	0.03
72370093167	2007	12	9	0	0	0.01
72370093167	2007	12	9	2	0	0.02
72370093167	2007	12	9	4	0	0.02
72370093167	2007	12	21	7	0	0.01
72370093167	2008	1	5	17	0	0.01
72370093167	2008	1	5	22	0	0.02
72370093167	2008	1	6	1	0	0.01
72370093167	2008	1	6	2	0	0.04
72370093167	2008	1	6	3	0	0.15
72370093167	2008	1	6	4	0	0.29
72370093167	2008	1	6	5	0	0.14
72370093167	2008	1	6	6	0	0.36
72370093167	2008	1	7	7	0	0.02
72370093167	2008	1	7	8	0	0.03
72370093167	2008	1	7	9	0	0.02
72370093167	2008	1	7	10	0	0.07
72370093167	2008	1	7	11	0	0.12
72370093167	2008	1	7	12	0	0.09
72370093167	2008	1	7	13	0	0.04
72370093167	2008	1	24	13	0	0.01
72370093167	2008	1	24	14	0	0.03
72370093167	2008	1	24	16	0	0.05
72370093167	2008	1	24	17	0	0.02
72370093167	2008	1	24	18	0	0.03
72370093167	2008	1	27	10	0	0.04
72370093167	2008	1	27	11	0	0.13
72370093167	2008	1	27	12	0	0.08
72370093167	2008	1	27	13	0	0.02
72370093167	2008	1	27	14	0	0.03
72370093167	2008	1	27	15	0	0.04
72370093167	2008	1	27	16	0	0.05
72370093167	2008	1	27	17	0	0.05
72370093167	2008	1	27	18	0	0.04
72370093167	2008	1	27	19	0	0.04
72370093167	2008	1	27	20	0	0.05
72370093167	2008	1	27	21	0	0.04
72370093167	2008	1	28	8	0	0.01
72370093167	2008	1	28	9	0	0.02
72370093167	2008	2	3	11	0	0.01
72370093167	2008	2	3	22	0	0.02
72370093167	2008	2	3	23	0	0.04
72370093167	2008	2	4	0	0	0.02
72370093167	2008	2	20	23	0	0.01
72370093167	2008	2	21	0	0	0.3
72370093167	2008	2	21	1	0	0.06
72370093167	2008	2	21	2	0	0.01
72370093167	2008	2	21	3	0	0.04
72370093167	2008	2	22	9	0	0.02
72370093167	2008	2	22	15	0	0.02
72370093167	2008	2	22	16	0	0.02
72370093167	2008	2	22	17	0	0.06
72370093167	2008	2	22	18	0	0.01
72370093167	2008	2	22	19	0	0.01
72370093167	2008	2	23	3	0	0.01
72370093167	2008	2	23	5	0	0.14
72370093167	2008	3	16	17	0	0.01
72370093167	2008	3	16	18	0	0.01
72370093167	2008	5	13	8	0	0.01
72370093167	2008	5	24	1	0	0.01
72370093167	2008	5	24	9	0	0.01
72370093167	2008	5	24	14	0	0.01
72370093167	2008	5	24	21	0	0.01
72370093167	2008	5	24	22	0	0.17
72370093167	2008	7	11	0	0	0.15
72370093167	2008	7	11	1	0	0.03
72370093167	2008	7	11	2	0	0.01
72370093167	2008	7	12	9	0	0.01
72370093167	2008	7	12	10	0	0.01
72370093167	2008	7	12	11	0	0.04
72370093167	2008	7	12	12	0	0.01
72370093167	2008	7	12	20	0	0.01
72370093167	2008	7	14	3	0	0.06
72370093167	2008	7	14	4	0	0.02
72370093167	2008	7	20	16	0	0.02
72370093167	2008	7	20	17	0	0.01
72370093167	2008	7	20	19	0	0.02
72370093167	2008	7	20	20	0	0.25
72370093167	2008	7	20	21	0	0.1
72370093167	2008	7	26	17	0	0.02
72370093167	2008	8	7	3	0	0.01
72370093167	2008	8	9	1	0	0.01
72370093167	2008	8	26	1	0	0.03
72370093167	2008	8	30	20	0	0.16
72370093167	2008	8	30	23	0	0.1
72370093167	2008	8	31	0	0	0.01
72370093167	2008	8	31	1	0	0.01
72370093167	2008	8	31	2	0	0.01
72370093167	2008	8	31	12	0	0.01
72370093167	2008	9	16	20	0	0.09
72370093167	2008	9	17	20	0	0.32
72370093167	2008	9	26	22	0	0.04
72370093167	2008	10	4	16	0	0.01
72370093167	2008	11	9	15	0	0.01
72370093167	2008	11	9	16	0	0.01
72370093167	2008	11	10	1	0	0.01
72370093167	2008	11	26	13	0	0.01
72370093167	2008	11	26	14	0	0.03
72370093167	2008	11	26	15	0	0.03
72370093167	2008	11	26	18	0	0.03
72370093167	2008	11	26	20	0	0.01
72370093167	2008	11	26	21	0	0.08
72370093167	2008	11	26	22	0	0.03
72370093167	2008	11	27	13	0	0.02
72370093167	2008	11	27	14	0	0.01
72370093167	2008	11	27	15	0	0.02
72370093167	2008	12	8	2	0	0.04
72370093167	2008	12	8	3	0	0.07
72370093167	2008	12	8	4	0	0.08
72370093167	2008	12	8	5	0	0.01
72370093167	2008	12	16	0	0	0.05
72370093167	2008	12	16	1	0	0.08
72370093167	2008	12	16	2	0	0.08
72370093167	2008	12	16	3	0	0.02
72370093167	2008	12	16	4	0	0.01
72370093167	2008	12	16	6	0	0.03
72370093167	2008	12	16	7	0	0.02
72370093167	2008	12	17	12	0	0.01
72370093167	2008	12	17	13	0	0.02
72370093167	2008	12	17	14	0	0.03
72370093167	2008	12	17	15	0	0.03
72370093167	2008	12	17	16	0	0.05
72370093167	2008	12	17	17	0	0.04
72370093167	2008	12	17	18	0	0.06
72370093167	2008	12	17	19	0	0.03
72370093167	2008	12	17	20	0	0.11
72370093167	2008	12	17	21	0	0.1
72370093167	2008	12	17	22	0	0.05
72370093167	2008	12	17	23	0	0.07
72370093167	2008	12	18	0	0	0.06
72370093167	2008	12	18	1	0	0.07
72370093167	2008	12	18	2	0	0.02
72370093167	2008	12	18	3	0	0.17
72370093167	2008	12	18	4	0	0.18
72370093167	2008	12	18	5	0	0.08
72370093167	2008	12	18	6	0	0.05
72370093167	2008	12	18	7	0	0.02
72370093167	2008	12	18	12	0	0.01
72370093167	2008	12	18	13	0	0.02
72370093167	2008	12	18	16	0	0.02
72370093167	2008	12	23	4	0	0.16
72370093167	2008	12	23	5	0	0.01
72370093167	2008	12	25	7	0	0.01
72370093167	2008	12	25	8	0	0.04
72370093167	2008	12	25	9	0	0.02
72370093167	2008	12	25	10	0	0.04
72370093167	2008	12	26	2	0	0.01
72370093167	2008	12	26	3	0	0.22
72370093167	2008	12	26	4	0	0.01
72370093167	2008	12	26	5	0	0.03
72370093167	2009	1	23	14	0	0.02
72370093167	2009	1	23	15	0	0.04
72370093167	2009	1	23	16	0	0.01
72370093167	2009	1	24	2	0	0.03
72370093167	2009	1	24	3	0	0.01
72370093167	2009	1	24	4	0	0.01
72370093167	2009	1	24	9	0	0.04
72370093167	2009	1	24	10	0	0.03
72370093167	2009	1	24	11	0	0.09
72370093167	2009	1	24	12	0	0.01
72370093167	2009	2	7	22	0	0.03
72370093167	2009	2	7	23	0	0.09
72370093167	2009	2	8	0	0	0.11
72370093167	2009	2	8	1	0	0.17
72370093167	2009	2	8	2	0	0.11
72370093167	2009	2	8	3	0	0.05
72370093167	2009	2	8	4	0	0.07
72370093167	2009	2	8	5	0	0.07
72370093167	2009	2	8	12	0	0.05
72370093167	2009	2	8	13	0	0.02
72370093167	2009	2	8	14	0	0.03
72370093167	2009	2	9	17	0	0.02
72370093167	2009	2	9	18	0	0.18
72370093167	2009	2	9	19	0	0.16
72370093167	2009	2	9	20	0	0.04
72370093167	2009	2	9	23	0	0.03
72370093167	2009	2	10	0	0	0.17
72370093167	2009	2	10	1	0	0.13
72370093167	2009	2	10	2	0	0.01
72370093167	2009	2	10	3	0	0.02
72370093167	2009	2	10	4	0	0.01
72370093167	2009	2	10	5	0	0.03
72370093167	2009	2	16	23	0	0.04
72370093167	2009	2	17	0	0	0.02
72370093167	2009	2	17	1	0	0.06
72370093167	2009	2	17	2	0	0.07
72370093167	2009	2	17	3	0	0.13
72370093167	2009	2	17	4	0	0.18
72370093167	2009	2	17	5	0	0.03
72370093167	2009	3	22	22	0	0.01
72370093167	2009	4	11	10	0	0.05
72370093167	2009	4	11	23	0	0.01
72370093167	2009	5	30	15	0	0.02
72370093167	2009	6	16	15	0	0.01
72370093167	2009	6	16	16	0	0.01
72370093167	2009	6	25	16	0	0.04
72370093167	2009	7	2	18	0	0.03
72370093167	2009	7	4	0	0	0.04
72370093167	2009	7	19	4	0	0.01
72370093167	2009	7	20	21	0	0.06
72370093167	2009	7	20	22	0	0.06
72370093167	2009	7	20	23	0	0.06
72370093167	2009	7	22	22	0	0.02
72370093167	2009	7	24	19	0	0.02
72370093167	2009	8	22	20	0	0.16
72370093167	2009	8	24	0	0	0.14
72370093167	2009	9	4	22	0	0.34
72370093167	2009	9	4	23	0	0.44
72370093167	2009	9	5	7	0	0.11
72370093167	2009	9	5	8	0	0.16
72370093167	2009	9	19	2	0	0.04
72370093167	2009	12	7	21	0	0.03
72370093167	2009	12	7	22	0	0.05
72370093167	2009	12	7	23	0	0.05
72370093167	2009	12	8	0	0	0.08
72370093167	2009	12	8	1	0	0.13
72370093167	2009	12	8	2	0	0.04
72370093167	2009	12	8	3	0	0.03
72370093167	2009	12	8	4	0	0.09
72370093167	2009	12	8	5	0	0.03
72370093167	2009	12	11	15	0	0.01
72370093167	2009	12	11	16	0	0.01
72370093167	2009	12	13	9	0	0.01
72370093167	2009	12	13	12	0	0.02
72370093167	2009	12	13	13	0	0.02
72370093167	2009	12	13	16	0	0.13
72370093167	2009	12	22	15	0	0.02
72370093167	2009	12	22	16	0	0.04
72370093167	2009	12	22	19	0	0.09
72370093167	2009	12	23	2	0	0.01
72370093167	2009	12	23	5	0	0.03
72370093167	2010	1	13	23	0	0.05
72370093167	2010	1	14	3	0	0.01
72370093167	2010	1	18	15	0	0.03
72370093167	2010	1	18	18	0	0.01
72370093167	2010	1	18	19	0	0.01
72370093167	2010	1	19	3	0	0.01
72370093167	2010	1	19	4	0	0.05
72370093167	2010	1	20	0	0	0.04
72370093167	2010	1	20	1	0	0.23
72370093167	2010	1	20	2	0	0.33
72370093167	2010	1	20	3	0	0.25
72370093167	2010	1	20	4	0	0.23
72370093167	2010	1	20	5	0	0.08
72370093167	2010	1	21	7	0	0.008
72370093167	2010	1	21	8	0	0.008
72370093167	2010	1	21	9	0	0.008
72370093167	2010	1	21	10	0	0.001
72370093167	2010	1	21	11	0	0.001
72370093167	2010	1	21	12	0	0.001
72370093167	2010	1	21	14	0	0.1
72370093167	2010	1	21	15	0	0.1
72370093167	2010	1	21	16	0	0.02
72370093167	2010	1	21	17	0	0.01
72370093167	2010	1	21	18	0	0.08
72370093167	2010	1	21	19	0	0.08
72370093167	2010	1	21	20	0	0.12
72370093167	2010	1	21	21	0	0.18
72370093167	2010	1	21	22	0	0.09
72370093167	2010	1	21	23	0	0.208
72370093167	2010	1	22	0	0	0.266
72370093167	2010	1	22	2	0	0.02
72370093167	2010	1	22	3	0	0.02
72370093167	2010	1	22	11	0	0.01
72370093167	2010	1	22	12	0	0.01
72370093167	2010	1	22	16	0	0.01
72370093167	2010	1	22	19	0	0.01
72370093167	2010	1	22	21	0	0.03
72370093167	2010	1	23	2	0	0.01
72370093167	2010	1	23	3	0	0.02
72370093167	2010	1	23	8	0	0.01
72370093167	2010	1	23	9	0	0.15
72370093167	2010	1	23	10	0	0.06
72370093167	2010	1	28	6	0	0.02
72370093167	2010	1	28	7	0	0.01
72370093167	2010	2	5	22	0	0.01
72370093167	2010	2	5	23	0	0.01
72370093167	2010	2	6	2	0	0.01
72370093167	2010	2	6	18	0	0.07
72370093167	2010	2	6	19	0	0.11
72370093167	2010	2	7	0	0	0.01
72370093167	2010	2	7	1	0	0.12
72370093167	2010	2	7	2	0	0.04
72370093167	2010	2	7	7	0	0.06
72370093167	2010	2	7	18	0	0.01
72370093167	2010	2	7	22	0	0.01
72370093167	2010	2	20	16	0	0.01
72370093167	2010	2	22	12	0	0.02
72370093167	2010	2	22	13	0	0.06
72370093167	2010	2	22	14	0	0.02
72370093167	2010	2	28	6	0	0.02
72370093167	2010	2	28	7	0	0.01
72370093167	2010	3	7	3	0	0.01
72370093167	2010	3	7	13	0	0.01
72370093167	2010	3	7	16	0	0.01
72370093167	2010	3	7	17	0	0.02
72370093167	2010	3	7	18	0	0.01
72370093167	2010	3	7	19	0	0.01
72370093167	2010	3	7	20	0	0.01
72370093167	2010	3	7	21	0	0.01
72370093167	2010	3	8	0	0	0.01
72370093167	2010	3	8	1	0	0.01
72370093167	2010	3	9	15	0	0.05
72370093167	2010	3	9	16	0	0.02
72370093167	2010	3	10	22	0	0.01
72370093167	2010	3	10	23	0	0.01
72370093167	2010	4	12	19	0	0.01
72370093167	2010	4	13	0	0	0.01
72370093167	2010	4	13	1	0	0.03
72370093167	2010	4	13	2	0	0.03
72370093167	2010	4	13	4	0	0.02
72370093167	2010	4	13	5	0	0.01
72370093167	2010	4	21	7	0	0.01
72370093167	2010	4	22	17	0	0.11
72370093167	2010	4	22	19	0	0.03
72370093167	2010	4	22	21	0	0.01
72370093167	2010	4	22	22	0	0.01
72370093167	2010	4	23	2	0	0.06
72370093167	2010	4	29	16	0	0.01
72370093167	2010	6	12	16	0	0.01
72370093167	2010	7	31	16	0	0.01
72370093167	2010	8	25	6	0	0.01
72370093167	2010	8	28	5	0	0.113
72370093167	2010	8	28	6	0	0.02
72370093167	2010	8	28	7	0	0.24
72370093167	2010	8	28	8	0	0.114
72370093167	2010	9	7	12	0	0.04
72370093167	2010	9	7	13	0	0.01
72370093167	2010	9	7	14	0	0.04
72370093167	2010	10	1	9	0	0.05
72370093167	2010	10	1	10	0	0.04
72370093167	2010	10	2	2	0	0.09
72370093167	2010	10	4	13	0	0.05
72370093167	2010	10	5	0	0	0.34
72370093167	2010	10	5	1	0	0.02
72370093167	2010	10	5	3	0	0.01
72370093167	2010	10	5	4	0	0.05
72370093167	2010	10	5	5	0	0.04
72370093167	2010	10	5	6	0	0.08
72370093167	2010	10	18	6	0	0.01
72370093167	2010	10	18	8	0	0.01
72370093167	2010	10	18	10	0	0.12
72370093167	2010	10	19	0	0	0.6
72370093167	2010	10	19	1	0	0.08
72370093167	2010	10	20	4	0	0.01
72370093167	2010	10	20	10	0	0.11
72370093167	2010	10	20	11	0	0.06
72370093167	2010	10	20	23	0	0.01
72370093167	2010	10	21	0	0	0.03
72370093167	2010	10	22	13	0	0.1
72370093167	2010	10	22	15	0	0.14
72370093167	2010	10	22	16	0	0.09
72370093167	2010	10	22	21	0	0.01
72370093167	2010	11	21	5	0	0.01
72370093167	2010	11	21	14	0	0.01
72370093167	2010	11	21	21	0	0.01
72370093167	2010	11	21	22	0	0.05
72370093167	2010	12	16	15	0	0.01
72370093167	2010	12	16	16	0	0.03
72370093167	2010	12	16	17	0	0.04
72370093167	2010	12	16	18	0	0.01
72370093167	2010	12	16	19	0	0.03
72370093167	2010	12	18	6	0	0.01
72370093167	2010	12	18	7	0	0.01
72370093167	2010	12	18	9	0	0.01
72370093167	2010	12	18	10	0	0.05
72370093167	2010	12	19	6	0	0.01
72370093167	2010	12	20	8	0	0.01
72370093167	2010	12	21	4	0	0.01
72370093167	2010	12	21	9	0	0.02
72370093167	2010	12	21	10	0	0.04
72370093167	2010	12	21	11	0	0.01
72370093167	2010	12	21	12	0	0.01
72370093167	2010	12	21	13	0	0.01
72370093167	2010	12	21	14	0	0.01
72370093167	2010	12	21	19	0	0.01
72370093167	2010	12	21	20	0	0.02
72370093167	2010	12	21	21	0	0.01
72370093167	2010	12	21	22	0	0.01
72370093167	2010	12	22	1	0	0.02
72370093167	2010	12	22	2	0	0.01
72370093167	2010	12	22	6	0	0.01
72370093167	2010	12	22	18	0	0.044
72370093167	2010	12	22	19	0	0.049
72370093167	2010	12	23	0	0	0.08
72370093167	2010	12	23	1	0	0.32
72370093167	2010	12	23	2	0	0.1
72370093167	2010	12	23	3	0	0.112
72370093167	2010	12	23	4	0	0.02
72370093167	2010	12	23	6	0	0.005
72370093167	2010	12	23	7	0	0.005
72370093167	2010	12	23	9	0	0.011
72370093167	2010	12	23	10	0	0.025
72370093167	2010	12	23	11	0	0.063
72370093167	2010	12	23	12	0	0.055
72370093167	2010	12	23	14	0	0.002
72370093167	2010	12	29	17	0	0.02
72370093167	2010	12	29	19	0	0.01
72370093167	2010	12	30	2	0	0.01
72370093167	2010	12	30	3	0	0.01
72370093167	2010	12	30	4	0	0.08
72370093167	2010	12	30	5	0	0.01
72370093167	2010	12	30	9	0	0.01
72370093167	2011	1	3	9	0	0.02
72370093167	2011	1	3	10	0	0.01
72370093167	2011	2	19	5	0	0.01
72370093167	2011	2	19	7	0	0.14
72370093167	2011	2	19	8	0	0.05
72370093167	2011	2	19	9	0	0.12
72370093167	2011	2	19	10	0	0.11
72370093167	2011	2	19	11	0	0.07
72370093167	2011	2	19	12	0	0.15
72370093167	2011	2	19	13	0	0.11
72370093167	2011	2	19	14	0	0.37
72370093167	2011	2	19	15	0	0.19
72370093167	2011	2	19	16	0	0.07
72370093167	2011	2	19	17	0	0.11
72370093167	2011	2	19	22	0	0.01
72370093167	2011	2	20	12	0	0.01
72370093167	2011	2	20	15	0	0.02
72370093167	2011	2	20	16	0	0.01
72370093167	2011	2	20	17	0	0.03
72370093167	2011	2	20	18	0	0.06
72370093167	2011	2	20	22	0	0.01
72370093167	2011	2	26	20	0	0.005
72370093167	2011	2	26	21	0	0.01
72370093167	2011	2	26	22	0	0.04
72370093167	2011	2	26	23	0	0.04
72370093167	2011	2	27	0	0	0.05
72370093167	2011	2	27	1	0	0.1
72370093167	2011	2	27	2	0	0.06
72370093167	2011	2	27	3	0	0.07
72370093167	2011	2	27	4	0	0.06
72370093167	2011	2	27	5	0	0.08
72370093167	2011	2	27	6	0	0.01
72370093167	2011	2	27	8	0	0.01
72370093167	2011	2	27	12	0	0.01
72370093167	2011	3	21	12	0	0.03
72370093167	2011	3	21	13	0	0.16
72370093167	2011	3	21	14	0	0.19
72370093167	2011	3	21	15	0	0.1
72370093167	2011	3	22	0	0	0.04
72370093167	2011	3	22	1	0	0.12
72370093167	2011	3	22	2	0	0.03
72370093167	2011	3	22	3	0	0.02
72370093167	2011	3	24	7	0	0.01
72370093167	2011	3	24	8	0	0.006
72370093167	2011	3	24	9	0	0.09
72370093167	2011	3	24	10	0	0.01
72370093167	2011	4	7	0	0	0.06
72370093167	2011	4	7	1	0	0.04
72370093167	2011	4	7	2	0	0.05
72370093167	2011	4	7	3	0	0.05
72370093167	2011	4	7	5	0	0.02
72370093167	2011	4	8	13	0	0.01
72370093167	2011	4	8	17	0	0.01
72370093167	2011	4	8	18	0	0.07
72370093167	2011	4	8	19	0	0.06
72370093167	2011	4	8	20	0	0.06
72370093167	2011	4	8	21	0	0.02
72370093167	2011	4	8	22	0	0.01
72370093167	2011	4	9	3	0	0.01
72370093167	2011	4	9	4	0	0.01
72370093167	2011	4	9	5	0	0.04
72370093167	2011	4	9	6	0	0.04
72370093167	2011	4	9	7	0	0.05
72370093167	2011	4	9	8	0	0.05
72370093167	2011	4	9	9	0	0.02
72370093167	2011	4	9	12	0	0.01
72370093167	2011	4	9	13	0	0.02
72370093167	2011	4	9	14	0	0.01
72370093167	2011	4	9	21	0	0.05
72370093167	2011	4	9	22	0	0.07
72370093167	2011	5	10	21	0	0.02
72370093167	2011	5	18	13	0	0.04
72370093167	2011	5	18	14	0	0.01
72370093167	2011	5	18	17	0	0.01
72370093167	2011	5	18	19	0	0.01
72370093167	2011	5	18	23	0	0.04
72370093167	2011	5	19	0	0	0.03
72370093167	2011	7	6	0	0	0.01
72370093167	2011	7	8	23	0	0.002
72370093167	2011	7	9	0	0	0.02
72370093167	2011	7	10	3	0	0.08
72370093167	2011	7	10	4	0	0.05
72370093167	2011	7	11	1	0	0.02
72370093167	2011	7	12	17	0	0.1
72370093167	2011	7	25	21	0	0.01
72370093167	2011	7	31	11	0	0.14
72370093167	2011	7	31	21	0	0.01
72370093167	2011	8	27	0	0	0.03
72370093167	2011	8	27	1	0	0.02
72370093167	2011	8	27	2	0	0.084
72370093167	2011	9	6	5	0	0.01
72370093167	2011	9	6	6	0	0.02
72370093167	2011	9	6	7	0	0.01
72370093167	2011	9	6	11	0	0.01
72370093167	2011	9	10	0	0	0.02
72370093167	2011	9	12	17	0	0.06
72370093167	2011	9	13	8	0	0.01
72370093167	2011	9	13	10	0	0.13
72370093167	2011	9	13	11	0	0.01
72370093167	2011	9	13	12	0	0.09
72370093167	2011	9	13	13	0	0.09
72370093167	2011	9	13	14	0	0.04
72370093167	2011	9	13	15	0	0.08
72370093167	2011	9	13	16	0	0.01
72370093167	2011	9	13	17	0	0.04
72370093167	2011	9	13	18	0	0.22
72370093167	2011	9	13	19	0	0.17
72370093167	2011	9	13	20	0	0.07
72370093167	2011	9	13	21	0	0.11
72370093167	2011	9	13	22	0	0.01
72370093167	2011	9	13	23	0	0.02
72370093167	2011	9	14	13	0	0.06
72370093167	2011	10	1	1	0	0.02
72370093167	2011	10	1	5	0	0.01
72370093167	2011	10	1	8	0	0.02
72370093167	2011	10	1	10	0	0.03
72370093167	2011	10	1	11	0	0.01
72370093167	2011	10	4	1	0	0.01
72370093167	2011	10	4	19	0	0.02
72370093167	2011	10	4	20	0	0.16
72370093167	2011	10	4	21	0	0.03
72370093167	2011	10	4	22	0	0.06
72370093167	2011	10	4	23	0	0.03
72370093167	2011	10	6	4	0	0.01
72370093167	2011	10	6	5	0	0.04
72370093167	2011	10	6	6	0	0.21
72370093167	2011	10	6	7	0	0.11
72370093167	2011	11	5	3	0	0.15
72370093167	2011	11	5	4	0	0.16
72370093167	2011	11	5	5	0	0.26
72370093167	2011	11	5	6	0	0.12
72370093167	2011	11	5	7	0	0.01
72370093167	2011	11	7	0	0	0.03
72370093167	2011	11	7	1	0	0.02
72370093167	2011	11	7	2	0	0.03
72370093167	2011	11	7	3	0	0.07
72370093167	2011	11	7	4	0	0.03
72370093167	2011	11	7	5	0	0.04
72370093167	2011	11	7	8	0	0.01
72370093167	2011	11	13	10	0	0.02
72370093167	2011	11	13	11	0	0.01
72370093167	2011	11	13	12	0	0.02
72370093167	2011	11	13	13	0	0.01
72370093167	2011	12	1	14	0	0.01
72370093167	2011	12	1	16	0	0.06
72370093167	2011	12	1	18	0	0.05
72370093167	2011	12	1	19	0	0.05
72370093167	2011	12	1	20	0	0.03
72370093167	2011	12	1	21	0	0.02
72370093167	2011	12	1	22	0	0.04
72370093167	2011	12	1	23	0	0.01
72370093167	2011	12	2	4	0	0.01
72370093167	2011	12	2	5	0	0.014
72370093167	2011	12	2	6	0	0.06
72370093167	2011	12	2	7	0	0.09
72370093167	2011	12	2	8	0	0.06
72370093167	2011	12	2	9	0	0.04
72370093167	2011	12	2	10	0	0.06
72370093167	2011	12	2	11	0	0.02
72370093167	2011	12	2	13	0	0.01
72370093167	2011	12	2	14	0	0.02
72370093167	2011	12	3	11	0	0.001
72370093167	2011	12	3	12	0	0.06
72370093167	2011	12	12	23	0	0.006
72370093167	2011	12	13	0	0	0.04
72370093167	2011	12	13	1	0	0.1
72370093167	2011	12	13	2	0	0.09
72370093167	2011	12	18	6	0	0.01
72370093167	2011	12	18	10	0	0.03
72370093167	2011	12	18	11	0	0.1
72370093167	2012	1	16	11	0	0.01
72370093167	2012	1	23	23	0	0.01
72370093167	2012	1	24	0	0	0.05
72370093167	2012	1	24	1	0	0.07
72370093167	2012	2	14	4	0	0.15
72370093167	2012	2	14	5	0	0.05
72370093167	2012	2	15	23	0	0.016
72370093167	2012	2	16	0	0	0.09
72370093167	2012	2	16	8	0	0.01
72370093167	2012	2	16	9	0	0.02
72370093167	2012	2	16	10	0	0.01
72370093167	2012	2	16	11	0	0.05
72370093167	2012	2	28	5	0	0.01
72370093167	2012	2	28	7	0	0.01
72370093167	2012	2	28	8	0	0.02
72370093167	2012	2	28	9	0	0.04
72370093167	2012	2	28	10	0	0.02
72370093167	2012	2	28	11	0	0.01
72370093167	2012	3	17	23	0	0.02
72370093167	2012	3	18	0	0	0.01
72370093167	2012	3	18	1	0	0.01
72370093167	2012	3	18	2	0	0.11
72370093167	2012	3	18	3	0	0.15
72370093167	2012	3	18	4	0	0.23
72370093167	2012	3	18	5	0	0.24
72370093167	2012	3	18	6	0	0.07
72370093167	2012	3	18	7	0	0.04
72370093167	2012	3	18	8	0	0.02
72370093167	2012	3	18	9	0	0.01
72370093167	2012	3	18	21	0	0.03
72370093167	2012	3	19	0	0	0.05
72370093167	2012	3	19	1	0	0.04
72370093167	2012	3	19	9	0	0.01
72370093167	2012	4	14	2	0	0.01
72370093167	2012	4	14	3	0	0.18
72370093167	2012	4	14	4	0	0.17
72370093167	2012	4	14	5	0	0.13
72370093167	2012	4	14	6	0	0.02
72370093167	2012	4	14	7	0	0.02
72370093167	2012	4	14	8	0	0.16
72370093167	2012	4	14	12	0	0.02
72370093167	2012	4	14	14	0	0.02
72370093167	2012	4	14	15	0	0.03
72370093167	2012	4	26	13	0	0.01
72370093167	2012	4	26	14	0	0.01
72370093167	2012	4	26	15	0	0.03
72370093167	2012	7	4	22	0	0.01
72370093167	2012	7	4	23	0	0.02
72370093167	2012	7	13	0	0	0.19
72370093167	2012	7	13	9	0	0.03
72370093167	2012	7	13	10	0	0.11
72370093167	2012	7	13	18	0	0.05
72370093167	2012	7	13	19	0	0.01
72370093167	2012	7	13	20	0	0.03
72370093167	2012	7	13	21	0	0.11
72370093167	2012	7	13	22	0	0.51
72370093167	2012	7	14	23	0	0.018
72370093167	2012	7	15	0	0	0.13
72370093167	2012	7	15	1	0	0.05
72370093167	2012	7	15	2	0	0.07
72370093167	2012	7	15	3	0	0.01
72370093167	2012	7	15	7	0	0.01
72370093167	2012	7	22	0	0	0.02
72370093167	2012	7	30	6	0	0.01
72370093167	2012	7	30	7	0	0.04
72370093167	2012	7	30	8	0	0.04
72370093167	2012	7	30	18	0	0.04
72370093167	2012	7	30	19	0	0.06
72370093167	2012	7	30	20	0	0.04
72370093167	2012	7	31	1	0	0.1
72370093167	2012	7	31	3	0	0.01
72370093167	2012	7	31	4	0	0.01
72370093167	2012	8	10	0	0	0.35
72370093167	2012	8	10	1	0	0.04
72370093167	2012	8	10	2	0	0.01
72370093167	2012	8	10	3	0	0.02
72370093167	2012	8	13	0	0	0.05
72370093167	2012	8	17	1	0	0.16
72370093167	2012	8	17	2	0	0.02
72370093167	2012	8	21	1	0	0.08
72370093167	2012	8	21	3	0	0.01
72370093167	2012	8	21	4	0	0.02
72370093167	2012	8	22	16	0	0.01
72370093167	2012	8	22	17	0	0.01
72370093167	2012	8	22	22	0	0.43
72370093167	2012	8	22	23	0	0.01
72370093167	2012	8	23	0	0	0.17
72370093167	2012	8	23	1	0	0.12
72370093167	2012	8	23	2	0	0.02
72370093167	2012	8	23	3	0	0.03
72370093167	2012	9	9	22	0	0.12
72370093167	2012	9	11	10	0	0.05
72370093167	2012	9	12	2	0	0.01
72370093167	2012	9	12	3	0	0.01
72370093167	2012	10	11	20	0	0.032
72370093167	2012	10	11	21	0	0.13
72370093167	2012	10	11	22	0	0.13
72370093167	2012	10	12	0	0	0.01
72370093167	2012	10	12	10	0	0.03
72370093167	2012	10	12	11	0	0.03
72370093167	2012	10	12	13	0	0.01
72370093167	2012	12	14	0	0	0.01
72370093167	2012	12	14	1	0	0.01
72370093167	2012	12	14	4	0	0.02
72370093167	2012	12	14	7	0	0.08
72370093167	2012	12	14	8	0	0.06
72370093167	2012	12	14	11	0	0.01
72370093167	2012	12	14	12	0	0.03
72370093167	2012	12	14	13	0	0.01
72370093167	2012	12	15	6	0	0.01
72370093167	2012	12	15	7	0	0.01
72370093167	2012	12	15	8	0	0.02
72370093167	2012	12	15	12	0	0.01
72370093167	2012	12	15	13	0	0.03
72370093167	2012	12	15	14	0	0.06
72370093167	2012	12	15	15	0	0.02
72370093167	2012	12	15	16	0	0.01
72370093167	2012	12	15	17	0	0.02
72370093167	2012	12	18	23	0	0.01
72370093167	2012	12	19	0	0	0.01
72370093167	2012	12	19	1	0	0.09
72370093167	2012	12	19	2	0	0.02
72370093167	2012	12	19	16	0	0.06
72370093167	2012	12	20	0	0	0.047
72370093167	2013	1	10	22	0	0.01
72370093167	2013	1	11	0	0	0.03
72370093167	2013	1	11	1	0	0.01
72370093167	2013	1	26	2	0	0.01
72370093167	2013	1	26	3	0	0.01
72370093167	2013	1	26	4	0	0.05
72370093167	2013	1	26	5	0	0.06
72370093167	2013	1	26	6	0	0.05
72370093167	2013	1	26	7	0	0.04
72370093167	2013	1	26	9	0	0.08
72370093167	2013	1	26	10	0	0.03
72370093167	2013	1	26	12	0	0.06
72370093167	2013	1	26	13	0	0.05
72370093167	2013	1	26	14	0	0.05
72370093167	2013	1	26	15	0	0.03
72370093167	2013	1	26	16	0	0.02
72370093167	2013	1	26	17	0	0.02
72370093167	2013	1	26	18	0	0.01
72370093167	2013	1	26	19	0	0.01
72370093167	2013	1	26	20	0	0.02
72370093167	2013	1	26	21	0	0.01
72370093167	2013	1	27	1	0	0.02
72370093167	2013	1	27	4	0	0.04
72370093167	2013	1	27	5	0	0.01
72370093167	2013	1	28	16	0	0.02
72370093167	2013	1	28	17	0	0.01
72370093167	2013	2	9	3	0	0.08
72370093167	2013	2	9	4	0	0.03
72370093167	2013	2	9	5	0	0.06
72370093167	2013	2	9	6	0	0.01
72370093167	2013	2	9	14	0	0.01
72370093167	2013	2	9	15	0	0.01
72370093167	2013	2	20	10	0	0.01
72370093167	2013	2	20	16	0	0.01
72370093167	2013	2	20	18	0	0.01
72370093167	2013	3	8	8	0	0.01
72370093167	2013	3	8	13	0	0.01
72370093167	2013	3	8	15	0	0.02
72370093167	2013	3	8	20	0	0.08
72370093167	2013	3	9	4	0	0.01
72370093167	2013	3	9	21	0	0.01
72370093167	2013	4	9	2	0	0.05
72370093167	2013	6	24	19	0	0.01
72370093167	2013	6	29	2	0	0.01
72370093167	2013	7	14	23	0	0.021
72370093167	2013	7	21	5	0	0.06
72370093167	2013	7	22	7	0	0.07
72370093167	2013	7	22	9	0	0.02
72370093167	2013	7	27	9	0	0.02
72370093167	2013	7	27	10	0	0.12
72370093167	2013	7	27	11	0	0.05
72370093167	2013	7	27	23	0	0.004
72370093167	2013	7	28	0	0	0.67
72370093167	2013	7	28	1	0	0.14
72370093167	2013	7	28	17	0	0.13
72370093167	2013	7	28	19	0	0.02
72370093167	2013	8	18	5	0	0.16
72370093167	2013	8	19	6	0	0.06
72370093167	2013	8	19	7	0	0.04
72370093167	2013	8	19	8	0	0.04
72370093167	2013	8	19	9	0	0.12
72370093167	2013	8	23	8	0	0.012
72370093167	2013	8	23	9	0	0.01
72370093167	2013	8	23	10	0	0.01
72370093167	2013	8	23	11	0	0.05
72370093167	2013	8	25	18	0	0.05
72370093167	2013	8	25	20	0	0.04
72370093167	2013	8	25	21	0	0.07
72370093167	2013	8	25	22	0	0.02
72370093167	2013	8	25	23	0	0.07
72370093167	2013	8	26	2	0	0.01
72370093167	2013	8	26	3	0	0.02
72370093167	2013	8	26	9	0	0.01
72370093167	2013	8	26	10	0	0.02
72370093167	2013	8	26	11	0	0.04
72370093167	2013	8	27	23	0	0.01
72370093167	2013	8	28	0	0	0.07
72370093167	2013	8	28	1	0	0.01
72370093167	2013	8	28	23	0	0.01
72370093167	2013	8	30	1	0	0.3
72370093167	2013	8	30	3	0	0.02
72370093167	2013	8	30	4	0	0.02
72370093167	2013	8	30	5	0	0.04
72370093167	2013	8	30	6	0	0.02
72370093167	2013	8	30	20	0	0.01
72370093167	2013	9	1	9	0	0.06
72370093167	2013	9	1	10	0	0.44
72370093167	2013	9	1	11	0	0.16
72370093167	2013	9	1	12	0	0.12
72370093167	2013	9	1	13	0	0.01
72370093167	2013	9	3	5	0	0.01
72370093167	2013	9	3	6	0	0.1
72370093167	2013	9	4	22	0	0.05
72370093167	2013	9	5	19	0	0.04
72370093167	2013	9	7	8	0	0.01
72370093167	2013	9	7	9	0	0.01
72370093167	2013	9	8	3	0	0.01
72370093167	2013	9	9	20	0	0.005
72370093167	2013	9	9	21	0	0.02
72370093167	2013	9	9	22	0	0.08
72370093167	2013	9	9	23	0	0.03
72370093167	2013	9	10	1	0	0.04
72370093167	2013	9	10	4	0	0.01
72370093167	2013	9	10	9	0	0.01
72370093167	2013	9	10	13	0	0.01
72370093167	2013	9	10	15	0	0.02
72370093167	2013	9	11	0	0	0.06
72370093167	2013	9	11	1	0	0.05
72370093167	2013	9	12	5	0	0.023
72370093167	2013	9	12	6	0	0.03
72370093167	2013	9	12	10	0	0.01
72370093167	2013	10	10	2	0	0.01
72370093167	2013	10	10	3	0	0.02
72370093167	2013	10	10	12	0	0.02
72370093167	2013	10	10	13	0	0.07
72370093167	2013	10	30	10	0	0.01
72370093167	2013	11	22	5	0	0.02
72370093167	2013	11	22	6	0	0.01
72370093167	2013	11	22	7	0	0.02
72370093167	2013	11	22	8	0	0.03
72370093167	2013	11	22	9	0	0.03
72370093167	2013	11	22	12	0	0.02
72370093167	2013	11	22	13	0	0.01
72370093167	2013	11	22	14	0	0.01
72370093167	2013	11	22	16	0	0.01
72370093167	2013	11	22	17	0	0.01
72370093167	2013	11	22	18	0	0.02
72370093167	2013	11	22	19	0	0.01
72370093167	2013	11	23	4	0	0.02
72370093167	2013	11	23	9	0	0.01
72370093167	2013	11	23	10	0	0.01
72370093167	2013	11	23	12	0	0.01
72370093167	2013	11	23	13	0	0.02
72370093167	2013	11	23	14	0	0.01
72370093167	2013	11	23	15	0	0.01
72370093167	2013	11	23	16	0	0.01
72370093167	2013	11	23	18	0	0.03
72370093167	2013	11	23	20	0	0.28
72370093167	2013	11	23	21	0	0.08
72370093167	2013	11	24	5	0	0.01
72370093167	2013	11	24	6	0	0.01
72370093167	2013	12	4	11	0	0.01
72370093167	2013	12	4	12	0	0.02
72370093167	2013	12	4	13	0	0.01
72370093167	2014	1	31	21	0	0.01
72370093167	2014	2	7	1	0	0.01
72370093167	2014	2	7	2	0	0.01
72370093167	2014	2	7	3	0	0.05
72370093167	2014	2	7	4	0	0.05
72370093167	2014	2	7	5	0	0.05
72370093167	2014	2	7	6	0	0.04
72370093167	2014	2	28	14	0	0.01
72370093167	2014	3	1	0	0	0.03
72370093167	2014	3	1	1	0	0.03
72370093167	2014	3	1	2	0	0.02
72370093167	2014	3	1	4	0	0.04
72370093167	2014	3	1	5	0	0.07
72370093167	2014	3	1	6	0	0.02
72370093167	2014	3	1	7	0	0.06
72370093167	2014	3	1	15	0	0.01
72370093167	2014	3	1	16	0	0.01
72370093167	2014	3	2	3	0	0.01
72370093167	2014	3	2	4	0	0.01
72370093167	2014	4	19	6	0	0.01
72370093167	2014	4	19	20	0	0.01
72370093167	2014	4	26	6	0	0.01
72370093167	2014	4	26	12	0	0.04
72370093167	2014	4	26	13	0	0.12
72370093167	2014	4	26	14	0	0.05
72370093167	2014	7	6	18	0	0.01
72370093167	2014	7	6	19	0	0.05
72370093167	2014	7	8	9	0	0.01
72370093167	2014	7	9	0	0	0.13
72370093167	2014	7	9	1	0	0.48
72370093167	2014	7	9	2	0	0.09
72370093167	2014	7	9	3	0	0.05
72370093167	2014	7	9	4	0	0.03
72370093167	2014	7	10	17	0	0.02
72370093167	2014	7	10	18	0	0.05
72370093167	2014	7	10	21	0	0.07
72370093167	2014	7	10	22	0	0.09
72370093167	2014	7	14	5	0	0.02
72370093167	2014	7	26	5	0	0.03
72370093167	2014	7	26	6	0	0.01
72370093167	2014	7	28	19	0	0.01
72370093167	2014	8	2	12	0	0.04
72370093167	2014	8	2	13	0	0.01
72370093167	2014	8	3	1	0	0.15
72370093167	2014	8	3	3	0	0.01
72370093167	2014	8	3	4	0	0.03
72370093167	2014	8	3	6	0	0.01
72370093167	2014	8	3	7	0	0.01
72370093167	2014	8	3	15	0	0.02
72370093167	2014	8	3	16	0	0.02
72370093167	2014	8	3	17	0	0.01
72370093167	2014	8	3	22	0	0.02
72370093167	2014	8	3	23	0	0.02
72370093167	2014	8	4	2	0	0.041
72370093167	2014	8	4	3	0	0.18
72370093167	2014	8	4	4	0	0.19
72370093167	2014	8	4	5	0	0.01
72370093167	2014	8	11	22	0	0.01
72370093167	2014	8	11	23	0	0.01
72370093167	2014	8	13	5	0	0.01
72370093167	2014	8	13	6	0	0.01
72370093167	2014	8	18	18	0	0.01
72370093167	2014	8	18	19	0	0.02
72370093167	2014	8	18	20	0	0.01
72370093167	2014	8	19	7	0	0.01
72370093167	2014	8	19	8	0	0.02
72370093167	2014	8	19	9	0	0.01
72370093167	2014	8	19	10	0	0.12
72370093167	2014	8	19	11	0	0.11
72370093167	2014	8	19	12	0	0.09
72370093167	2014	8	20	2	0	0.05
72370093167	2014	8	21	18	0	0.04
72370093167	2014	8	21	19	0	0.17
72370093167	2014	8	21	20	0	0.05
72370093167	2014	8	21	21	0	0.01
72370093167	2014	8	21	22	0	0.01
72370093167	2014	8	26	15	0	0.04
72370093167	2014	8	26	16	0	0.08
72370093167	2014	9	7	23	0	0.19
72370093167	2014	9	8	1	0	0.04
72370093167	2014	9	8	2	0	0.23
72370093167	2014	9	8	3	0	0.13
72370093167	2014	9	8	4	0	0.11
72370093167	2014	9	8	5	0	0.01
72370093167	2014	9	8	15	0	0.15
72370093167	2014	9	8	18	0	0.36
72370093167	2014	9	8	19	0	0.06
72370093167	2014	9	9	17	0	0.2
72370093167	2014	9	17	0	0	0.02
72370093167	2014	9	27	0	0	0.01
72370093167	2014	9	27	7	0	0.017
72370093167	2014	9	27	8	0	0.089
72370093167	2014	9	27	9	0	0.048
72370093167	2014	9	27	10	0	0.018
72370093167	2014	9	27	11	0	0.026
72370093167	2014	9	27	12	0	0.083
72370093167	2014	9	27	13	0	0.04
72370093167	2014	9	27	14	0	0.008
72370093167	2014	9	27	15	0	0.104
72370093167	2014	9	27	16	0	0.096
72370093167	2014	9	27	17	0	0.063
72370093167	2014	9	27	18	0	0.03
72370093167	2014	9	27	19	0	0.035
72370093167	2014	9	27	20	0	0.02
72370093167	2014	9	27	21	0	0.002
72370093167	2014	10	9	0	0	0.01
72370093167	2014	10	9	1	0	0.24
72370093167	2014	10	9	2	0	0.32
72370093167	2014	10	9	3	0	0.12
72370093167	2014	10	9	4	0	0.03
72370093167	2014	10	9	5	0	0.03
72370093167	2014	10	9	6	0	0.01
72370093167	2014	12	3	0	0	0.02
72370093167	2014	12	3	2	0	0.01
72370093167	2014	12	3	3	0	0.01
72370093167	2014	12	3	4	0	0.01
72370093167	2014	12	3	5	0	0.04
72370093167	2014	12	3	6	0	0.01
72370093167	2014	12	3	10	0	0.01
72370093167	2014	12	3	11	0	0.01
72370093167	2014	12	3	12	0	0.01
72370093167	2014	12	3	14	0	0.03
72370093167	2014	12	3	15	0	0.03
72370093167	2014	12	3	19	0	0.01
72370093167	2014	12	4	3	0	0.02
72370093167	2014	12	4	4	0	0.02
72370093167	2014	12	4	10	0	0.01
72370093167	2014	12	4	12	0	0.1
72370093167	2014	12	4	13	0	0.02
72370093167	2014	12	4	14	0	0.08
72370093167	2014	12	13	0	0	0.09
72370093167	2014	12	13	1	0	0.08
72370093167	2014	12	13	2	0	0.08
72370093167	2014	12	13	3	0	0.09
72370093167	2014	12	13	4	0	0.02
72370093167	2014	12	13	15	0	0.04
72370093167	2014	12	13	23	0	0.01
72370093167	2014	12	17	7	0	0.01
72370093167	2014	12	17	23	0	0.01
72370093167	2014	12	18	13	0	0.01
72370093167	2014	12	31	13	0	0.02
72370093167	2014	12	31	14	0	0.02
72370093167	2014	12	31	15	0	0.02
72370093167	2014	12	31	16	0	0.06
72370093167	2014	12	31	17	0	0.04
72370093167	2014	12	31	19	0	0.04
72370093167	2014	12	31	20	0	0.05
72370093167	2014	12	31	21	0	0.04
72370093167	2014	12	31	22	0	0.02
72370093167	2014	12	31	23	0	0.02
72370093167	2015	1	1	0	0	0.01
72370093167	2015	1	1	1	0	0.03
72370093167	2015	1	1	2	0	0.02
72370093167	2015	1	1	3	0	0.03
72370093167	2015	1	1	4	0	0.04
72370093167	2015	1	1	5	0	0.01
72370093167	2015	1	1	6	0	0.01
72370093167	2015	1	1	7	0	0.01
72370093167	2015	1	1	8	0	0.01
72370093167	2015	1	12	0	0	0.06
72370093167	2015	1	12	2	0	0.01
72370093167	2015	1	13	9	0	0.01
72370093167	2015	1	27	4	0	0.01
72370093167	2015	1	27	5	0	0.06
72370093167	2015	1	27	7	0	0.05
72370093167	2015	1	27	8	0	0.05
72370093167	2015	1	30	4	0	0.03
72370093167	2015	1	30	5	0	0.03
72370093167	2015	1	30	6	0	0.05
72370093167	2015	1	30	7	0	0.04
72370093167	2015	1	30	8	0	0.03
72370093167	2015	1	30	9	0	0.03
72370093167	2015	1	30	10	0	0.03
72370093167	2015	1	30	11	0	0.03
72370093167	2015	1	30	12	0	0.04
72370093167	2015	1	30	13	0	0.05
72370093167	2015	1	30	14	0	0.04
72370093167	2015	1	30	15	0	0.05
72370093167	2015	1	30	16	0	0.03
72370093167	2015	1	30	17	0	0.04
72370093167	2015	1	30	18	0	0.01
72370093167	2015	1	30	19	0	0.01
72370093167	2015	1	30	20	0	0.01
72370093167	2015	1	31	12	0	0.01
72370093167	2015	2	23	2	0	0.004
72370093167	2015	2	23	4	0	0.02
72370093167	2015	2	23	5	0	0.05
72370093167	2015	2	23	6	0	0.02
72370093167	2015	2	23	7	0	0.01
72370093167	2015	2	23	8	0	0.02
72370093167	2015	2	23	10	0	0.08
72370093167	2015	2	23	11	0	0.08
72370093167	2015	2	23	12	0	0.11
72370093167	2015	2	23	13	0	0.18
72370093167	2015	2	23	14	0	0.03
72370093167	2015	3	1	20	0	0.019
72370093167	2015	3	1	21	0	0.07
72370093167	2015	3	1	22	0	0.06
72370093167	2015	3	1	23	0	0.01
72370093167	2015	3	2	0	0	0.04
72370093167	2015	3	2	1	0	0.05
72370093167	2015	3	2	2	0	0.04
72370093167	2015	3	2	3	0	0.03
72370093167	2015	3	2	4	0	0.04
72370093167	2015	3	2	5	0	0.05
72370093167	2015	3	2	6	0	0.12
72370093167	2015	3	2	7	0	0.15
72370093167	2015	3	2	8	0	0.07
72370093167	2015	3	2	9	0	0.1
72370093167	2015	3	2	10	0	0.09
72370093167	2015	3	2	11	0	0.07
72370093167	2015	3	2	12	0	0.1
72370093167	2015	3	2	13	0	0.03
72370093167	2015	3	2	14	0	0.02
72370093167	2015	3	2	15	0	0.02
72370093167	2015	3	2	16	0	0.01
72370093167	2015	3	2	17	0	0.01
72370093167	2015	3	2	18	0	0.01
72370093167	2015	3	2	20	0	0.01
72370093167	2015	3	4	0	0	0.02
72370093167	2015	3	4	1	0	0.01
72370093167	2015	4	23	23	0	0.05
72370093167	2015	4	26	1	0	0.03
72370093167	2015	4	26	3	0	0.01
72370093167	2015	4	26	4	0	0.02
72370093167	2015	5	4	15	0	0.02
72370093167	2015	5	4	22	0	0.01
72370093167	2015	5	5	9	0	0.02
72370093167	2015	5	5	10	0	0.01
72370093167	2015	5	5	11	0	0.01
72370093167	2015	5	22	18	0	0.01
72370093167	2015	5	22	19	0	0.08
72370093167	2015	5	22	23	0	0.01
72370093167	2015	6	9	21	0	0.01
72370093167	2015	6	9	22	0	0.03
72370093167	2015	6	10	5	0	0.01
72370093167	2015	6	10	6	0	0.01
72370093167	2015	6	10	7	0	0.08
72370093167	2015	6	10	8	0	0.03
72370093167	2015	6	10	9	0	0.34
72370093167	2015	6	10	10	0	0.21
72370093167	2015	6	10	11	0	0.33
72370093167	2015	6	10	12	0	0.02
72370093167	2015	6	13	20	0	0.13
72370093167	2015	6	13	21	0	0.27
72370093167	2015	6	30	6	0	0.02
72370093167	2015	7	2	9	0	0.01
72370093167	2015	7	6	8	0	0.01
72370093167	2015	7	6	23	0	0.01
72370093167	2015	7	18	21	0	0.14
72370093167	2015	7	18	22	0	0.53
72370093167	2015	7	18	23	0	0.1
72370093167	2015	7	19	0	0	0.03
72370093167	2015	7	19	5	0	0.01
72370093167	2015	7	20	14	0	0.08
72370093167	2015	8	1	19	0	0.01
72370093167	2015	8	7	7	0	0.08
72370093167	2015	8	7	8	0	0.11
72370093167	2015	8	7	16	0	0.02
72370093167	2015	8	12	9	0	0.01
72370093167	2015	8	13	18	0	0.08
72370093167	2015	8	13	19	0	0.01
72370093167	2015	8	13	22	0	0.01
72370093167	2015	8	14	1	0	0.07
72370093167	2015	8	14	2	0	0.09
72370093167	2015	8	14	20	0	0.03
72370093167	2015	8	14	21	0	0.01
72370093167	2015	8	25	22	0	0.02
72370093167	2015	8	25	23	0	0.03
72370093167	2015	8	26	0	0	0.04
72370093167	2015	9	10	23	0	0.02
72370093167	2015	9	13	2	0	0.18
72370093167	2015	10	5	15	0	0.01
72370093167	2015	10	5	17	0	0.003
72370093167	2015	10	5	18	0	0.01
72370093167	2015	10	5	21	0	0.01
72370093167	2015	10	6	4	0	0.02
72370093167	2015	10	6	5	0	0.01
72370093167	2015	10	6	15	0	0.03
72370093167	2015	10	6	21	0	0.06
72370093167	2015	10	6	22	0	0.03
72370093167	2015	10	6	23	0	0.02
72370093167	2015	10	16	2	0	0.18
72370093167	2015	10	16	12	0	0.05
72370093167	2015	10	16	13	0	0.01
72370093167	2015	10	16	20	0	0.08
72370093167	2015	10	17	1	0	0.01
72370093167	2015	10	17	2	0	0.03
72370093167	2015	10	17	20	0	0.08
72370093167	2015	10	19	3	0	0.06
72370093167	2015	10	19	4	0	0.05
72370093167	2015	10	20	22	0	0.06
72370093167	2015	10	20	23	0	0.06
72370093167	2015	10	21	0	0	0.01
72370093167	2015	11	4	6	0	0.01
72370093167	2015	11	4	18	0	0.04
72370093167	2015	11	4	19	0	0.11
72370093167	2015	11	4	20	0	0.1
72370093167	2015	11	4	21	0	0.03
72370093167	2015	11	16	4	0	0.05
72370093167	2015	11	16	15	0	0.01
72370093167	2015	12	12	4	0	0.03
72370093167	2015	12	14	9	0	0.05
72370093167	2015	12	14	10	0	0.1
72370093167	2015	12	20	10	0	0.05
72370093167	2016	1	5	2	0	0.01
72370093167	2016	1	6	3	0	0.03
72370093167	2016	1	6	4	0	0.03
72370093167	2016	1	6	5	0	0.03
72370093167	2016	1	6	8	0	0.04
72370093167	2016	1	6	9	0	0.02
72370093167	2016	1	6	10	0	0.01
72370093167	2016	1	6	11	0	0.01
72370093167	2016	1	6	12	0	0.02
72370093167	2016	1	7	7	0	0.01
72370093167	2016	1	7	8	0	0.04
72370093167	2016	1	7	9	0	0.05
72370093167	2016	1	7	15	0	0.06
72370093167	2016	1	7	16	0	0.02
72370093167	2016	1	7	19	0	0.04
72370093167	2016	1	7	20	0	0.03
72370093167	2016	1	7	21	0	0.01
72370093167	2016	1	8	4	0	0.01
72370093167	2016	1	10	18	0	0.01
72370093167	2016	1	20	0	0	0.01
72370093167	2016	1	20	1	0	0.05
72370093167	2016	2	1	0	0	0.002
72370093167	2016	2	1	1	0	0.026
72370093167	2016	2	1	2	0	0.209
72370093167	2016	2	1	3	0	0.053
72370093167	2016	2	1	4	0	0.011
72370093167	2016	2	1	5	0	0.043
72370093167	2016	2	1	6	0	0.04
72370093167	2016	3	6	22	0	0.05
72370093167	2016	3	7	21	0	0.01
72370093167	2016	3	12	6	0	0.09
72370093167	2016	3	12	7	0	0.01
72370093167	2016	4	8	12	0	0.01
72370093167	2016	4	8	13	0	0.02
72370093167	2016	4	8	14	0	0.03
72370093167	2016	4	8	16	0	0.01
72370093167	2016	4	8	21	0	0.24
72370093167	2016	4	8	23	0	0.02
72370093167	2016	4	9	0	0	0.12
72370093167	2016	4	9	1	0	0.03
72370093167	2016	4	9	11	0	0.01
72370093167	2016	4	10	17	0	0.03
72370093167	2016	4	10	18	0	0.05
72370093167	2016	4	11	7	0	0.02
72370093167	2016	4	11	15	0	0.02
72370093167	2016	4	11	16	0	0.05
72370093167	2016	4	11	21	0	0.01
72370093167	2016	4	12	0	0	0.01
72370093167	2016	4	28	7	0	0.08
72370093167	2016	4	28	17	0	0.009
72370093167	2016	4	28	18	0	0.06
72370093167	2016	4	28	19	0	0.01
72370093167	2016	4	28	23	0	0.07
72370093167	2016	4	29	3	0	0.1
72370093167	2016	4	29	4	0	0.08
72370093167	2016	4	30	16	0	0.01
72370093167	2016	4	30	17	0	0.05
72370093167	2016	4	30	18	0	0.1
72370093167	2016	4	30	19	0	0.07
72370093167	2016	4	30	20	0	0.02
72370093167	2016	5	6	17	0	0.04
72370093167	2016	5	6	19	0	0.02
72370093167	2016	5	6	20	0	0.01
72370093167	2016	5	6	21	0	0.06
72370093167	2016	5	6	22	0	0.01
72370093167	2016	5	7	0	0	0.01
72370093167	2016	5	7	1	0	0.01
72370093167	2016	5	7	2	0	0.08
72370093167	2016	5	7	3	0	0.09
72370093167	2016	5	17	5	0	0.01
72370093167	2016	5	17	6	0	0.03
72370093167	2016	5	17	21	0	0.01
72370093167	2016	7	1	1	0	0.12
72370093167	2016	7	1	2	0	0.39
72370093167	2016	7	1	3	0	0.03
72370093167	2016	7	1	4	0	0.01
72370093167	2016	7	1	14	0	0.02
72370093167	2016	7	2	9	0	0.29
72370093167	2016	7	2	11	0	0.01
72370093167	2016	7	29	1	0	0.01
72370093167	2016	7	30	7	0	0.01
72370093167	2016	7	30	8	0	0.1
72370093167	2016	8	1	9	0	0.76
72370093167	2016	8	1	10	0	0.02
72370093167	2016	8	1	11	0	0.01
72370093167	2016	8	1	12	0	0.01
72370093167	2016	8	3	23	0	0.021
72370093167	2016	8	4	0	0	0.05
72370093167	2016	8	4	10	0	0.03
72370093167	2016	8	4	14	0	0.01
72370093167	2016	8	10	0	0	0.03
72370093167	2016	8	18	3	0	0.09
72370093167	2016	8	19	1	0	0.01
72370093167	2016	8	19	2	0	0.01
72370093167	2016	8	23	0	0	0.68
72370093167	2016	8	23	1	0	0.15
72370093167	2016	8	23	2	0	0.12
72370093167	2016	8	23	3	0	0.03
72370093167	2016	8	23	4	0	0.01
72370093167	2016	8	23	6	0	0.08
72370093167	2016	8	23	7	0	0.09
72370093167	2016	8	23	8	0	0.04
72370093167	2016	8	23	13	0	0.01
72370093167	2016	8	27	8	0	0.02
72370093167	2016	8	27	9	0	0.02
72370093167	2016	8	27	10	0	0.02
72370093167	2016	9	20	16	0	0.02
72370093167	2016	9	20	17	0	0.02
72370093167	2016	9	20	18	0	0.04
72370093167	2016	9	21	5	0	0.01
72370093167	2016	9	21	13	0	0.03
72370093167	2016	9	22	3	0	0.01
72370093167	2016	9	22	4	0	0.02
72370093167	2016	9	22	9	0	0.03
72370093167	2016	9	22	10	0	0.03
72370093167	2016	9	27	19	0	0.01
72370093167	2016	9	30	21	0	0.06
72370093167	2016	10	24	23	0	0.02
72370093167	2016	10	25	1	0	0.2
72370093167	2016	10	25	2	0	0.04
72370093167	2016	10	25	3	0	0.05
72370093167	2016	10	25	4	0	0.01
72370093167	2016	10	25	5	0	0.17
72370093167	2016	10	25	6	0	0.01
72370093167	2016	11	21	12	0	0.24
72370093167	2016	11	21	13	0	0.04
72370093167	2016	11	27	21	0	0.01
72370093167	2016	11	27	22	0	0.05
72370093167	2016	11	27	23	0	0.08
72370093167	2016	11	28	0	0	0.01
72370093167	2016	12	16	10	0	0.03
72370093167	2016	12	16	11	0	0.01
72370093167	2016	12	21	22	0	0.02
72370093167	2016	12	21	23	0	0.04
72370093167	2016	12	22	5	0	0.04
72370093167	2016	12	22	6	0	0.16
72370093167	2016	12	22	7	0	0.09
72370093167	2016	12	22	8	0	0.12
72370093167	2016	12	22	9	0	0.13
72370093167	2016	12	22	10	0	0.1
72370093167	2016	12	22	11	0	0.13
72370093167	2016	12	22	12	0	0.15
72370093167	2016	12	22	13	0	0.03
72370093167	2016	12	22	14	0	0.04
72370093167	2016	12	22	18	0	0.01
72370093167	2016	12	22	19	0	0.01
72370093167	2016	12	24	12	0	0.02
72370093167	2016	12	24	13	0	0.02
72370093167	2016	12	24	14	0	0.01
72370093167	2016	12	24	15	0	0.29
72370093167	2016	12	24	16	0	0.35
72370093167	2016	12	24	17	0	0.26
72370093167	2016	12	24	18	0	0.09
72370093167	2016	12	24	19	0	0.04
72370093167	2016	12	24	20	0	0.01
72370093167	2016	12	24	21	0	0.08
72370093167	2016	12	24	22	0	0.03
72370093167	2016	12	25	1	0	0.01
72370093167	2016	12	31	0	0	0.04
72370093167	2016	12	31	1	0	0.09
72370093167	2016	12	31	2	0	0.05
72370093167	2016	12	31	5	0	0.01
72370093167	2016	12	31	6	0	0.07
72370093167	2016	12	31	7	0	0.05
72370093167	2017	1	1	11	0	0.018
72370093167	2017	1	1	12	0	0.07
72370093167	2017	1	1	13	0	0.01
72370093167	2017	1	8	8	0	0.02
72370093167	2017	1	9	12	0	0.02
72370093167	2017	1	9	15	0	0.01
72370093167	2017	1	9	16	0	0.02
72370093167	2017	1	9	17	0	0.05
72370093167	2017	1	9	18	0	0.04
72370093167	2017	1	13	8	0	0.003
72370093167	2017	1	14	18	0	0.01
72370093167	2017	1	14	21	0	0.05
72370093167	2017	1	14	23	0	0.02
72370093167	2017	1	15	0	0	0.05
72370093167	2017	1	19	16	0	0.04
72370093167	2017	1	19	17	0	0.01
72370093167	2017	1	19	18	0	0.01
72370093167	2017	1	19	19	0	0.05
72370093167	2017	1	19	20	0	0.04
72370093167	2017	1	19	21	0	0.08
72370093167	2017	1	20	2	0	0.03
72370093167	2017	1	20	3	0	0.28
72370093167	2017	1	20	4	0	0.08
72370093167	2017	1	20	6	0	0.02
72370093167	2017	1	20	20	0	0.01
72370093167	2017	1	20	23	0	0.01
72370093167	2017	1	21	0	0	0.01
72370093167	2017	1	21	2	0	0.05
72370093167	2017	1	21	4	0	0.05
72370093167	2017	1	21	6	0	0.01
72370093167	2017	1	21	7	0	0.01
72370093167	2017	1	21	8	0	0.03
72370093167	2017	1	21	12	0	0.01
72370093167	2017	1	22	17	0	0.01
72370093167	2017	1	22	18	0	0.03
72370093167	2017	1	22	20	0	0.01
72370093167	2017	1	22	22	0	0.01
72370093167	2017	1	22	23	0	0.01
72370093167	2017	1	23	14	0	0.01
72370093167	2017	1	23	16	0	0.04
72370093167	2017	1	23	19	0	0.14
72370093167	2017	1	23	22	0	0.01
72370093167	2017	1	23	23	0	0.06
72370093167	2017	1	24	1	0	0.07
72370093167	2017	1	24	2	0	0.02
72370093167	2017	1	24	22	0	0.07
72370093167	2017	1	24	23	0	0.04
72370093167	2017	2	11	17	0	0.001
72370093167	2017	2	18	16	0	0.03
72370093167	2017	2	18	17	0	0.01
72370093167	2017	2	18	23	0	0.01
72370093167	2017	2	19	1	0	0.01
72370093167	2017	2	19	8	0	0.07
72370093167	2017	2	19	16	0	0.01
72370093167	2017	2	21	21	0	0.02
72370093167	2017	2	27	19	0	0.01
72370093167	2017	2	27	22	0	0.03
72370093167	2017	2	27	23	0	0.02
72370093167	2017	2	28	2	0	0.02
72370093167	2017	2	28	3	0	0.04
72370093167	2017	2	28	4	0	0.05
72370093167	2017	2	28	6	0	0.01
72370093167	2017	2	28	7	0	0.04
72370093167	2017	2	28	8	0	0.04
72370093167	2017	2	28	9	0	0.04
72370093167	2017	2	28	10	0	0.12
72370093167	2017	2	28	11	0	0.08
72370093167	2017	3	23	0	0	0.08
72370093167	2017	3	23	1	0	0.15
72370093167	2017	3	23	3	0	0.01
72370093167	2017	5	9	19	0	0.04
72370093167	2017	5	9	20	0	0.05
72370093167	2017	5	9	21	0	0.08
72370093167	2017	5	9	22	0	0.02
72370093167	2017	7	11	1	0	0.01
72370093167	2017	7	16	3	0	0.02
72370093167	2017	7	16	4	0	0.04
72370093167	2017	7	18	23	0	0.01
72370093167	2017	7	19	0	0	0.01
72370093167	2017	7	19	12	0	0.02
72370093167	2017	7	19	13	0	0.17
72370093167	2017	7	19	14	0	0.1
72370093167	2017	7	19	15	0	0.04
72370093167	2017	7	19	20	0	0.016
72370093167	2017	7	19	21	0	0.01
72370093167	2017	7	23	2	0	0.08
72370093167	2017	7	23	3	0	0.09
72370093167	2017	7	23	4	0	0.05
72370093167	2017	7	24	1	0	0.01
72370093167	2017	7	24	2	0	0.04
72370093167	2017	7	24	3	0	0.02
72370093167	2017	7	25	18	0	0.94
72370093167	2017	7	25	19	0	0.08
72370093167	2017	7	25	20	0	0.03
72370093167	2017	7	25	21	0	0.12
72370093167	2017	7	25	22	0	0.13
72370093167	2017	7	25	23	0	0.01
72370093167	2017	7	30	3	0	0.83
72370093167	2017	8	2	1	0	0.01
72370093167	2017	8	3	0	0	0.15
72370093167	2017	8	3	1	0	0.02
72370093167	2017	8	3	2	0	0.08
72370093167	2017	8	3	3	0	0.02
72370093167	2017	8	12	15	0	0.14
72370093167	2017	8	21	3	0	0.01
72370093167	2017	8	21	4	0	0.01
72370093167	2017	8	21	15	0	0.01
72370093167	2017	8	21	16	0	0.01
72370093167	2017	8	21	17	0	0.01
72370093167	2017	8	21	19	0	0.04
72370093167	2017	8	21	21	0	0.01
72370093167	2017	8	24	5	0	0.02
72370093167	2017	9	3	1	0	0.45
72370093167	2017	9	6	2	0	0.043
72370093167	2017	9	6	3	0	0.07
72370093167	2017	9	8	11	0	0.06
72370093167	2017	9	8	13	0	0.03
72370093167	2017	9	8	14	0	0.01
72370093167	2017	9	8	21	0	0.01
72370093167	2017	9	8	23	0	0.05
72370093167	2017	9	9	0	0	0.06
72370093167	2017	9	9	2	0	0.02
72370093167	2017	9	9	4	0	0.04
72370093167	2017	9	9	5	0	0.35
72370093167	2017	9	9	6	0	0.1
72370093167	2017	9	9	7	0	0.04
72370093167	2017	9	9	11	0	0.15
72370093167	2017	9	9	12	0	0.18
72370093167	2017	9	9	13	0	0.01
72370093167	2017	9	9	15	0	0.01
72370093167	2017	9	9	21	0	0.01
72370093167	2018	1	9	16	0	0.04
72370093167	2018	1	9	17	0	0.05
72370093167	2018	1	9	23	0	0.041
72370093167	2018	1	10	0	0	0.15
72370093167	2018	1	10	1	0	0.16
72370093167	2018	1	20	22	0	0.01
72370093167	2018	2	13	3	0	0.01
72370093167	2018	2	13	4	0	0.01
72370093167	2018	2	13	14	0	0.01
72370093167	2018	2	13	22	0	0.01
72370093167	2018	2	15	12	0	0.04
72370093167	2018	2	15	13	0	0.01
72370093167	2018	2	15	15	0	0.09
72370093167	2018	2	15	16	0	0.01
72370093167	2018	2	19	15	0	0.02
72370093167	2018	2	27	23	0	0.01
72370093167	2018	2	28	0	0	0.01
72370093167	2018	3	10	21	0	0.03
72370093167	2018	3	11	7	0	0.01
72370093167	2018	3	11	8	0	0.037
72370093167	2018	3	11	9	0	0.06
72370093167	2018	3	11	10	0	0.02
72370093167	2018	3	11	11	0	0.02
72370093167	2018	3	15	15	0	0.04
72370093167	2018	3	15	16	0	0.03
72370093167	2018	3	15	17	0	0.02
72370093167	2018	3	18	2	0	0.01
72370093167	2018	3	22	23	0	0.02
72370093167	2018	3	23	5	0	0.06
72370093167	2018	3	23	6	0	0.01
72370093167	2018	7	9	0	0	0.04
72370093167	2018	7	10	0	0	0.14
72370093167	2018	7	10	1	0	0.21
72370093167	2018	7	10	6	0	0.01
72370093167	2018	7	10	7	0	0.01
72370093167	2018	7	11	0	0	0.01
72370093167	2018	7	14	21	0	0.04
72370093167	2018	7	14	23	0	0.08
72370093167	2018	7	15	7	0	0.02
72370093167	2018	7	17	23	0	0.01
72370093167	2018	7	21	16	0	0.16
72370093167	2018	7	21	17	0	0.13
72370093167	2018	7	21	18	0	0.24
72370093167	2018	7	21	19	0	0.17
72370093167	2018	7	31	5	0	0.16
72370093167	2018	8	2	21	0	0.01
72370093167	2018	8	2	22	0	0.1
72370093167	2018	8	2	23	0	0.2
72370093167	2018	8	3	0	0	0.18
72370093167	2018	8	10	2	0	0.038
72370093167	2018	8	10	3	0	0.02
72370093167	2018	8	10	4	0	0.02
72370093167	2018	8	16	1	0	0.15
72370093167	2018	8	16	2	0	0.16
72370093167	2018	8	16	3	0	0.18
72370093167	2018	8	18	1	0	0.03
72370093167	2018	9	5	23	0	0.02
72370093167	2018	9	6	0	0	0.01
72370093167	2018	10	4	5	0	0.01
72370093167	2018	10	4	6	0	0.91
72370093167	2018	10	4	7	0	0.04
72370093167	2018	10	4	12	0	0.23
72370093167	2018	10	6	22	0	0.04
72370093167	2018	10	11	5	0	0.01
72370093167	2018	10	11	6	0	0.02
72370093167	2018	10	11	7	0	0.01
72370093167	2018	10	11	8	0	0.01
72370093167	2018	10	11	18	0	0.01
72370093167	2018	10	12	2	0	0.1
72370093167	2018	10	12	3	0	0.02
72370093167	2018	10	13	16	0	0.02
72370093167	2018	10	13	17	0	0.15
72370093167	2018	10	13	19	0	0.01
72370093167	2018	10	21	9	0	0.01
72370093167	2018	10	22	8	0	0.001
72370093167	2018	10	22	9	0	0.01
72370093167	2018	10	22	10	0	0.02
72370093167	2018	11	29	23	0	0.02
72370093167	2018	11	30	0	0	0.06
72370093167	2018	11	30	1	0	0.1
72370093167	2018	11	30	2	0	0.04
72370093167	2018	11	30	12	0	0.005
72370093167	2018	12	7	8	0	0.03
72370093167	2018	12	7	11	0	0.01
72370093167	2018	12	7	13	0	0.03
72370093167	2018	12	7	16	0	0.01
72370093167	2018	12	7	17	0	0.01
72370093167	2019	1	6	5	0	0.01
72370093167	2019	1	6	6	0	0.02
72370093167	2019	1	6	7	0	0.07
72370093167	2019	1	6	8	0	0.02
72370093167	2019	1	6	9	0	0.01
72370093167	2019	1	6	10	0	0.01
72370093167	2019	1	6	11	0	0.01
72370093167	2019	1	6	12	0	0.01
72370093167	2019	1	6	13	0	0.01
72370093167	2019	1	6	14	0	0.01
72370093167	2019	1	15	5	0	0.03
72370093167	2019	1	15	6	0	0.02
72370093167	2019	1	15	8	0	0.02
72370093167	2019	1	15	9	0	0.04
72370093167	2019	1	15	10	0	0.02
72370093167	2019	1	15	14	0	0.031
72370093167	2019	1	15	15	0	0.01
72370093167	2019	1	15	17	0	0.02
72370093167	2019	1	15	18	0	0.11
72370093167	2019	1	15	19	0	0.13
72370093167	2019	1	15	20	0	0.12
72370093167	2019	1	15	21	0	0.11
72370093167	2019	1	15	22	0	0.13
72370093167	2019	1	15	23	0	0.04
72370093167	2019	1	16	0	0	0.04
72370093167	2019	1	17	19	0	0.01
72370093167	2019	1	17	21	0	0.02
72370093167	2019	1	18	1	0	0.02
72370093167	2019	1	18	2	0	0.05
72370093167	2019	1	18	3	0	0.01
72370093167	2019	2	3	0	0	0.01
72370093167	2019	2	3	1	0	0.01
72370093167	2019	2	3	3	0	0.02
72370093167	2019	2	3	4	0	0.06
72370093167	2019	2	3	6	0	0.08
72370093167	2019	2	3	7	0	0.03
72370093167	2019	2	3	8	0	0.01
72370093167	2019	2	3	9	0	0.02
72370093167	2019	2	3	10	0	0.02
72370093167	2019	2	5	5	0	0.001
72370093167	2019	2	5	6	0	0.07
72370093167	2019	2	5	7	0	0.01
72370093167	2019	2	5	8	0	0.01
72370093167	2019	2	5	9	0	0.02
72370093167	2019	2	6	2	0	0.003
72370093167	2019	2	6	3	0	0.12
72370093167	2019	2	6	4	0	0.02
72370093167	2019	2	6	5	0	0.01
72370093167	2019	2	11	3	0	0.01
72370093167	2019	2	11	4	0	0.08
72370093167	2019	2	11	5	0	0.02
72370093167	2019	2	14	12	0	0.05
72370093167	2019	2	14	13	0	0.08
72370093167	2019	2	14	14	0	0.06
72370093167	2019	2	14	15	0	0.09
72370093167	2019	2	14	16	0	0.08
72370093167	2019	2	14	17	0	0.08
72370093167	2019	2	14	18	0	0.04
72370093167	2019	2	14	19	0	0.03
72370093167	2019	2	14	20	0	0.03
72370093167	2019	2	14	21	0	0.1
72370093167	2019	2	14	22	0	0.12
72370093167	2019	2	14	23	0	0.06
72370093167	2019	2	15	0	0	0.02
72370093167	2019	2	15	1	0	0.04
72370093167	2019	2	15	2	0	0.05
72370093167	2019	2	15	3	0	0.01
72370093167	2019	2	16	9	0	0.01
72370093167	2019	2	16	19	0	0.01
72370093167	2019	2	18	3	0	0.02
72370093167	2019	2	18	4	0	0.11
72370093167	2019	2	18	5	0	0.07
72370093167	2019	2	18	14	0	0.02
72370093167	2019	2	18	18	0	0.01
72370093167	2019	2	18	19	0	0.07
72370093167	2019	2	21	7	0	0.01
72370093167	2019	2	21	9	0	0.02
72370093167	2019	2	21	10	0	0.11
72370093167	2019	2	21	11	0	0.13
72370093167	2019	2	21	12	0	0.18
72370093167	2019	2	21	13	0	0.19
72370093167	2019	2	21	14	0	0.11
72370093167	2019	2	21	15	0	0.1
72370093167	2019	2	21	16	0	0.03
72370093167	2019	2	21	17	0	0.02
72370093167	2019	2	21	18	0	0.01
72370093167	2019	2	21	19	0	0.05
72370093167	2019	2	22	3	0	0.01
72370093167	2019	2	22	4	0	0.01
72370093167	2019	2	22	5	0	0.01
72370093167	2019	3	2	15	0	0.01
72370093167	2019	3	2	16	0	0.03
72370093167	2019	3	6	10	0	0.02
72370093167	2019	3	6	12	0	0.04
72370093167	2019	3	6	13	0	0.01
72370093167	2019	3	12	2	0	0.02
72370093167	2019	3	12	3	0	0.03
72370093167	2019	3	12	6	0	0.01
72370093167	2019	3	12	10	0	0.02
72370093167	2019	3	12	11	0	0.02
72370093167	2019	3	12	12	0	0.03
72370093167	2019	3	12	13	0	0.03
72370093167	2019	3	12	16	0	0.02
72370093167	2019	3	12	18	0	0.02
72370093167	2019	3	13	12	0	0.02
72370093167	2019	3	13	13	0	0.02
72370093167	2019	4	12	23	0	0.01
72370093167	2019	4	17	1	0	0.21
72370093167	2019	4	17	2	0	0.19
72370093167	2019	4	17	3	0	0.02
72370093167	2019	5	8	3	0	0.01
72370093167	2019	5	8	7	0	0.03
72370093167	2019	5	8	8	0	0.01
72370093167	2019	5	11	21	0	0.24
72370093167	2019	5	11	22	0	0.06
72370093167	2019	5	19	16	0	0.03
72370093167	2019	5	19	22	0	0.04
72370093167	2019	5	19	23	0	0.01
72370093167	2019	5	20	5	0	0.01
72370093167	2019	5	20	8	0	0.01
72370093167	2019	5	23	12	0	0.07
72370093167	2019	5	23	13	0	0.19
72370093167	2019	5	23	14	0	0.12
72370093167	2019	5	23	15	0	0.02
72370093167	2019	7	25	0	0	0.03
72370093167	2019	7	25	1	0	0.06
72370093167	2019	7	25	2	0	0.02
72370093167	2019	7	25	3	0	0.01
72370093167	2019	7	31	15	0	0.78
72370093167	2019	7	31	16	0	0.37
72370093167	2019	7	31	17	0	0.01
72370093167	2019	7	31	18	0	0.01
72370093167	2019	8	1	21	0	0.001
72370093167	2019	8	2	0	0	0.05
72370093167	2019	8	2	1	0	0.15
72370093167	2019	8	8	1	0	0.09
72370093167	2019	9	5	23	0	0.078
72370093167	2019	9	6	0	0	0.17
72370093167	2019	9	24	1	0	0.01
72370093167	2019	11	19	17	0	0.001
72370093167	2019	11	19	18	0	0.008
72370093167	2019	11	19	19	0	0.005
72370093167	2019	11	19	20	0	0.003
72370093167	2019	11	19	21	0	0.002
72370093167	2019	11	20	0	0	0.003
72370093167	2019	11	20	1	0	0.003
72370093167	2019	11	20	2	0	0.025
72370093167	2019	11	20	3	0	0.027
72370093167	2019	11	20	4	0	0.012
72370093167	2019	11	20	5	0	0.07
72370093167	2019	11	20	6	0	0.24
72370093167	2019	11	20	7	0	0.15
72370093167	2019	11	20	11	0	0.13
72370093167	2019	11	20	12	0	0.04
72370093167	2019	11	20	15	0	0.03
72370093167	2019	11	20	17	0	0.01
72370093167	2019	11	20	18	0	0.01
72370093167	2019	11	20	19	0	0.06
72370093167	2019	11	20	23	0	0.01
72370093167	2019	11	21	0	0	0.01
72370093167	2019	11	21	6	0	0.02
72370093167	2019	11	21	7	0	0.01
72370093167	2019	11	21	8	0	0.01
72370093167	2019	11	21	12	0	0.03
72370093167	2019	11	21	13	0	0.05
72370093167	2019	11	21	16	0	0.02
72370093167	2019	11	22	0	0	0.04
72370093167	2019	11	22	1	0	0.04
72370093167	2019	11	28	6	0	0.008
72370093167	2019	11	28	7	0	0.02
72370093167	2019	11	28	8	0	0.01
72370093167	2019	11	28	9	0	0.02
72370093167	2019	11	28	10	0	0.05
72370093167	2019	11	28	11	0	0.03
72370093167	2019	11	28	12	0	0.02
72370093167	2019	11	28	13	0	0.04
72370093167	2019	11	28	14	0	0.01
72370093167	2019	11	28	16	0	0.05
72370093167	2019	11	28	17	0	0.09
72370093167	2019	11	28	18	0	0.06
72370093167	2019	11	28	21	0	0.02
72370093167	2019	11	28	22	0	0.01
72370093167	2019	11	29	2	0	0.115
72370093167	2019	11	29	3	0	0.23
72370093167	2019	11	29	4	0	0.25
72370093167	2019	11	29	5	0	0.18
72370093167	2019	11	29	6	0	0.09
72370093167	2019	11	29	7	0	0.1
72370093167	2019	11	29	8	0	0.09
72370093167	2019	11	29	9	0	0.07
72370093167	2019	11	29	10	0	0.01
72370093167	2019	11	29	13	0	0.03
72370093167	2019	11	29	14	0	0.07
72370093167	2019	11	29	21	0	0.02
72370093167	2019	12	4	19	0	0.01
72370093167	2019	12	4	20	0	0.01
72370093167	2019	12	4	21	0	0.01
72370093167	2019	12	4	22	0	0.09
72370093167	2019	12	4	23	0	0.12
72370093167	2019	12	5	0	0	0.06
72370093167	2019	12	5	1	0	0.01
72370093167	2019	12	8	5	0	0.01
72370093167	2019	12	8	6	0	0.01
72370093167	2019	12	9	3	0	0.01
72370093167	2019	12	9	4	0	0.02
72370093167	2019	12	9	5	0	0.01
72370093167	2019	12	9	6	0	0.004
72370093167	2019	12	9	7	0	0.004
72370093167	2019	12	9	9	0	0.002
72370093167	2019	12	9	10	0	0.004
72370093167	2019	12	9	11	0	0.005
72370093167	2019	12	9	12	0	0.001
72370093167	2019	12	24	1	0	0.01
72370093167	2019	12	24	2	0	0.02
72370093167	2019	12	24	7	0	0.01
72370093167	2019	12	24	10	0	0.02
72370093167	2019	12	24	19	0	0.09
72370093167	2019	12	24	20	0	0.01
72370093167	2019	12	25	1	0	0.01
72370093167	2019	12	25	13	0	0.09
72370093167	2019	12	25	17	0	0.01
72370093167	2019	12	25	18	0	0.02
72370093167	2019	12	26	21	0	0.04
72370093167	2019	12	26	22	0	0.09
72370093167	2019	12	26	23	0	0.03
72370093167	2019	12	27	0	0	0.01
72370093167	2019	12	27	7	0	0.03
72370093167	2019	12	27	8	0	0.03
72370093167	2019	12	27	9	0	0.01
72370093167	2019	12	27	10	0	0.01
72370093167	2019	12	27	21	0	0.05
72370093167	2019	12	27	22	0	0.04
72370093167	2019	12	27	23	0	0.02
72370093167	2020	1	21	14	0	0.02
72370093167	2020	1	21	15	0	0.01
72370093167	2020	2	22	18	0	0.13
72370093167	2020	2	22	19	0	0.19
72370093167	2020	2	22	20	0	0.11
72370093167	2020	2	23	1	0	0.08
72370093167	2020	2	23	2	0	0.04
72370093167	2020	2	23	3	0	0.05
72370093167	2020	2	23	4	0	0.05
72370093167	2020	2	23	5	0	0.06
72370093167	2020	2	23	6	0	0.05
72370093167	2020	2	23	13	0	0.01
72370093167	2020	3	2	14	0	0.02
72370093167	2020	3	10	10	0	0.02
72370093167	2020	3	10	11	0	0.01
72370093167	2020	3	10	13	0	0.09
72370093167	2020	3	10	14	0	0.05
72370093167	2020	3	11	1	0	0.04
72370093167	2020	3	11	2	0	0.07
72370093167	2020	3	11	3	0	0.04
72370093167	2020	3	11	7	0	0.07
72370093167	2020	3	11	8	0	0.03
72370093167	2020	3	11	9	0	0.07
72370093167	2020	3	11	10	0	0.01
72370093167	2020	3	11	11	0	0.04
72370093167	2020	3	11	12	0	0.04
72370093167	2020	3	11	13	0	0.03
72370093167	2020	3	13	0	0	0.04
72370093167	2020	3	13	1	0	0.02
72370093167	2020	3	13	2	0	0.02
72370093167	2020	3	13	3	0	0.07
72370093167	2020	3	13	4	0	0.06
72370093167	2020	3	13	5	0	0.11
72370093167	2020	3	13	6	0	0.12
72370093167	2020	3	13	11	0	0.02
72370093167	2020	3	18	7	0	0.01
72370093167	2020	3	18	11	0	0.01
72370093167	2020	3	18	12	0	0.06
72370093167	2020	3	18	13	0	0.04
72370093167	2020	3	18	15	0	0.01
72370093167	2020	3	18	16	0	0.01
72370093167	2020	3	18	22	0	0.05
72370093167	2020	3	18	23	0	0.01
72370093167	2020	3	19	1	0	0.07
72370093167	2020	3	19	2	0	0.14
72370093167	2020	3	19	3	0	0.07
72370093167	2020	3	19	4	0	0.02
72370093167	2020	3	19	5	0	0.01
72370093167	2020	3	19	6	0	0.08
72370093167	2020	3	19	7	0	0.05
72370093167	2020	3	20	3	0	0.01
72370093167	2020	3	20	6	0	0.02
72370093167	2020	3	23	13	0	0.01
72370093167	2020	3	23	18	0	0.11
72370093167	2020	3	23	19	0	0.08
72370093167	2020	3	27	6	0	0.02
72370093167	2020	3	27	21	0	0.01
72370093167	2020	4	8	22	0	0.01
72370093167	2020	4	8	23	0	0.04
72370093167	2020	4	9	0	0	0.01
72370093167	2020	4	13	1	0	0.01
72370093167	2020	4	13	2	0	0.19
72370093167	2020	4	13	3	0	0.12
72370093167	2020	4	13	4	0	0.19
72370093167	2020	4	13	5	0	0.25
72370093167	2020	4	13	6	0	0.15
72370093167	2020	4	13	7	0	0.16
72370093167	2020	4	13	8	0	0.01
72370093167	2020	5	11	4	0	0.14
72370093167	2020	5	11	6	0	0.01
72370093167	2020	7	24	18	0	0.02
72370093167	2020	7	24	19	0	0.13
72370093167	2020	8	13	22	0	0.03
72370093167	2020	8	17	0	0	0.03
72370093167	2020	8	18	23	0	0.04
72370093167	2020	11	7	23	0	0.02
72370093167	2020	11	8	21	0	0.01
72370093167	2020	11	8	22	0	0.01
72370093167	2020	11	8	23	0	0.09
72370093167	2020	11	9	0	0	0.14
72370093167	2020	11	9	1	0	0.02
72370093167	2020	11	9	2	0	0.04
72370093167	2020	12	28	21	0	0.01
72370093167	2021	1	19	21	0	0.03
72370093167	2021	1	20	18	0	0.01
72370093167	2021	1	24	5	0	0.02
72370093167	2021	1	24	7	0	0.04
72370093167	2021	1	24	11	0	0.03
72370093167	2021	1	24	12	0	0.01
72370093167	2021	1	24	15	0	0.01
72370093167	2021	1	25	16	0	0.03
72370093167	2021	1	25	17	0	0.02
72370093167	2021	1	25	18	0	0.07
72370093167	2021	1	25	19	0	0.02
72370093167	2021	1	25	20	0	0.05
72370093167	2021	1	25	21	0	0.01
72370093167	2021	1	25	22	0	0.01
72370093167	2021	1	26	0	0	0.04
72370093167	2021	1	26	1	0	0.02
72370093167	2021	1	26	11	0	0.01
72370093167	2021	1	26	12	0	0.03
72370093167	2021	1	29	16	0	0.03
72370093167	2021	1	29	17	0	0.04
72370093167	2021	1	29	18	0	0.01
72370093167	2021	1	29	22	0	0.12
72370093167	2021	3	12	9	0	0.02
72370093167	2021	3	12	10	0	0.05
72370093167	2021	3	12	13	0	0.02
72370093167	2021	3	13	0	0	0.01
72370093167	2021	3	13	12	0	0.01
72370093167	2021	3	13	20	0	0.04
72370093167	2021	3	16	1	0	0.04
72370093167	2021	3	16	2	0	0.01
72370093167	2021	3	16	3	0	0.08
72370093167	2021	3	16	4	0	0.04
72370093167	2021	3	23	15	0	0.03
72370093167	2021	3	23	21	0	0.09
72370093167	2021	3	26	13	0	0.01
72370093167	2021	3	26	14	0	0.04
72370093167	2021	3	26	15	0	0.02
72370093167	2021	3	26	19	0	0.01
72370093167	2021	3	26	20	0	0.06
72370093167	2021	4	27	0	0	0.02
72370093167	2021	4	27	9	0	0.02
72370093167	2021	4	27	10	0	0.02
72370093167	2021	4	27	14	0	0.01
72370093167	2021	4	27	21	0	0.013
72370093167	2021	4	27	22	0	0.01
72370093167	2021	6	24	2	0	0.01
72370093167	2021	7	10	0	0	0.4
72370093167	2021	7	13	11	0	0.04
72370093167	2021	7	13	12	0	0.04
72370093167	2021	7	15	7	0	0.37
72370093167	2021	7	15	8	0	0.75
72370093167	2021	7	15	10	0	0.02
72370093167	2021	7	18	23	0	0.01
72370093167	2021	7	19	1	0	0.01
72370093167	2021	7	19	4	0	0.09
72370093167	2021	7	19	5	0	0.01
72370093167	2021	7	21	0	0	0.05
72370093167	2021	7	21	1	0	0.08
72370093167	2021	7	21	2	0	0.1
72370093167	2021	7	21	3	0	0.02
72370093167	2021	7	21	4	0	0.03
72370093167	2021	7	24	6	0	0.07
72370093167	2021	7	24	8	0	0.01
72370093167	2021	7	24	9	0	0.01
72370093167	2021	7	25	3	0	0.02
72370093167	2021	7	26	0	0	0.88
72370093167	2021	7	26	1	0	0.03
72370093167	2021	7	26	12	0	0.01
72370093167	2021	7	26	13	0	0.34
72370093167	2021	7	26	18	0	0.07
72370093167	2021	7	26	19	0	0.11
72370093167	2021	7	26	22	0	0.02
72370093167	2021	8	10	22	0	0.19
72370093167	2021	8	10	23	0	0.18
72370093167	2021	8	31	3	0	0.12
72370093167	2021	8	31	7	0	0.07
72370093167	2021	9	1	3	0	0.29
72370093167	2021	9	1	4	0	0.84
72370093167	2021	9	1	5	0	0.12
72370093167	2021	9	1	6	0	0.13
72370093167	2021	9	1	7	0	0.01
72370093167	2021	9	18	14	0	0.09
72370093167	2021	9	18	16	0	0.14
72370093167	2021	9	18	17	0	0.03
72370093167	2021	10	5	12	0	0.11
72370093167	2021	10	5	17	0	0.02
72370093167	2021	10	5	18	0	0.31
72370093167	2021	10	5	19	0	0.1
72370093167	2021	10	8	16	0	0.03
72370093167	2021	10	12	4	0	0.01
72370093167	2021	10	12	5	0	0.01
72370093167	2021	10	12	7	0	0.01
72370093167	2021	10	12	9	0	0.02
72370093167	2021	10	26	4	0	0.05
72370093167	2021	10	26	5	0	0.06
72370093167	2021	10	26	6	0	0.06
72370093167	2021	12	7	15	0	0.01
72370093167	2021	12	7	16	0	0.01
72370093167	2021	12	7	17	0	0.01
72370093167	2021	12	9	22	0	0.09
72370093167	2021	12	9	23	0	0.18
72370093167	2021	12	10	0	0	0.06
72370093167	2021	12	10	1	0	0.02
72370093167	2021	12	10	2	0	0.03
72370093167	2021	12	10	3	0	0.07
72370093167	2021	12	10	4	0	0.05
72370093167	2021	12	15	2	0	0.1
72370093167	2021	12	15	3	0	0.28
72370093167	2021	12	15	4	0	0.03
72370093167	2021	12	24	4	0	0.01
72370093167	2021	12	24	5	0	0.05
72370093167	2021	12	24	6	0	0.01
72370093167	2021	12	24	7	0	0.06
72370093167	2021	12	24	8	0	0.05
72370093167	2021	12	24	9	0	0.06
72370093167	2021	12	24	10	0	0.02
72370093167	2021	12	24	11	0	0.03
72370093167	2021	12	24	16	0	0.01
72370093167	2021	12	26	15	0	0.04
72370093167	2021	12	29	1	0	0.01
72370093167	2021	12	29	2	0	0.01
72370093167	2021	12	29	3	0	0.04
72370093167	2021	12	29	4	0	0.02
72370093167	2021	12	31	19	0	0.01
