72375493027	2006	1	20	0	0	0.01
72375493027	2006	1	20	1	0	0.01
72375493027	2006	1	25	13	0	0.01
72375493027	2006	1	25	14	0	0.009
72375493027	2006	1	25	15	0	0.06
72375493027	2006	1	25	16	0	0.05
72375493027	2006	1	25	17	0	0.02
72375493027	2006	1	25	18	0	0.001
72375493027	2006	1	25	19	0	0.006
72375493027	2006	1	25	20	0	0.003
72375493027	2006	3	8	21	0	0.01
72375493027	2006	3	9	0	0	0.01
72375493027	2006	3	10	16	0	0.01
72375493027	2006	3	11	8	0	0.002
72375493027	2006	3	11	9	0	0.01
72375493027	2006	3	11	11	0	0.01
72375493027	2006	3	11	20	0	0.03
72375493027	2006	3	11	21	0	0.04
72375493027	2006	3	11	22	0	0.11
72375493027	2006	3	11	23	0	0.09
72375493027	2006	3	12	0	0	0.11
72375493027	2006	3	12	1	0	0.07
72375493027	2006	3	12	2	0	0.02
72375493027	2006	3	12	3	0	0.03
72375493027	2006	3	12	4	0	0.06
72375493027	2006	3	12	5	0	0.04
72375493027	2006	3	12	6	0	0.09
72375493027	2006	3	12	7	0	0.02
72375493027	2006	3	12	8	0	0.02
72375493027	2006	3	12	9	0	0.01
72375493027	2006	3	12	10	0	0.02
72375493027	2006	3	22	5	0	0.01
72375493027	2006	3	28	0	0	0.01
72375493027	2006	3	28	1	0	0.02
72375493027	2006	3	28	2	0	0.02
72375493027	2006	3	28	13	0	0.01
72375493027	2006	3	30	3	0	0.05
72375493027	2006	3	30	4	0	0.06
72375493027	2006	3	30	5	0	0.22
72375493027	2006	3	30	6	0	0.05
72375493027	2006	4	5	15	0	0.04
72375493027	2006	4	5	16	0	0.05
72375493027	2006	4	5	19	0	0.01
72375493027	2006	4	6	6	0	0.01
72375493027	2006	4	6	7	0	0.03
72375493027	2006	4	27	19	0	0.01
72375493027	2006	4	29	2	0	0.03
72375493027	2006	6	7	5	0	0.01
72375493027	2006	6	8	4	0	0.01
72375493027	2006	6	8	6	0	0.01
72375493027	2006	6	8	10	0	0.02
72375493027	2006	6	8	11	0	0.01
72375493027	2006	6	8	20	0	0.01
72375493027	2006	6	8	23	0	0.01
72375493027	2006	6	9	5	0	0.01
72375493027	2006	6	9	6	0	0.02
72375493027	2006	6	25	21	0	0.09
72375493027	2006	6	25	22	0	0.06
72375493027	2006	6	29	5	0	0.01
72375493027	2006	6	29	21	0	0.01
72375493027	2006	7	6	3	0	0.14
72375493027	2006	7	6	18	0	0.16
72375493027	2006	7	6	22	0	0.01
72375493027	2006	7	6	23	0	0.01
72375493027	2006	7	7	9	0	0.02
72375493027	2006	7	7	10	0	0.03
72375493027	2006	7	7	11	0	0.08
72375493027	2006	7	7	12	0	0.1
72375493027	2006	7	7	13	0	0.08
72375493027	2006	7	7	14	0	0.02
72375493027	2006	7	8	3	0	0.01
72375493027	2006	7	8	21	0	0.02
72375493027	2006	7	21	22	0	0.06
72375493027	2006	7	22	0	0	0.01
72375493027	2006	7	22	23	0	0.27
72375493027	2006	7	23	5	0	0.01
72375493027	2006	7	26	10	0	0.02
72375493027	2006	7	27	2	0	0.056
72375493027	2006	7	27	8	0	0.01
72375493027	2006	7	29	16	0	0.05
72375493027	2006	7	29	20	0	0.008
72375493027	2006	7	30	15	0	0.02
72375493027	2006	7	30	16	0	0.09
72375493027	2006	7	30	17	0	0.02
72375493027	2006	7	31	7	0	0.01
72375493027	2006	7	31	11	0	0.01
72375493027	2006	7	31	13	0	0.01
72375493027	2006	7	31	14	0	0.06
72375493027	2006	7	31	15	0	0.08
72375493027	2006	7	31	16	0	0.09
72375493027	2006	8	1	2	0	0.01
72375493027	2006	8	4	22	0	0.24
72375493027	2006	8	4	23	0	0.01
72375493027	2006	8	5	4	0	0.04
72375493027	2006	8	6	7	0	0.02
72375493027	2006	8	6	18	0	0.01
72375493027	2006	8	6	19	0	0.03
72375493027	2006	8	7	10	0	0.01
72375493027	2006	8	7	19	0	0.01
72375493027	2006	8	9	2	0	0.01
72375493027	2006	8	9	3	0	0.08
72375493027	2006	8	9	4	0	0.06
72375493027	2006	8	9	5	0	0.01
72375493027	2006	8	9	21	0	0.01
72375493027	2006	8	9	22	0	0.01
72375493027	2006	8	11	14	0	0.002
72375493027	2006	8	11	15	0	0.001
72375493027	2006	8	11	20	0	0.014
72375493027	2006	8	11	21	0	0.02
72375493027	2006	8	11	22	0	0.029
72375493027	2006	8	12	5	0	0.01
72375493027	2006	8	14	2	0	0.37
72375493027	2006	8	14	3	0	0.02
72375493027	2006	8	15	4	0	0.02
72375493027	2006	8	15	6	0	0.01
72375493027	2006	8	21	1	0	0.02
72375493027	2006	8	21	2	0	0.03
72375493027	2006	8	22	18	0	0.02
72375493027	2006	8	22	19	0	0.01
72375493027	2006	8	22	20	0	0.01
72375493027	2006	8	23	21	0	0.28
72375493027	2006	8	23	22	0	0.11
72375493027	2006	8	23	23	0	0.01
72375493027	2006	8	24	7	0	0.01
72375493027	2006	8	25	1	0	0.35
72375493027	2006	8	25	2	0	0.02
72375493027	2006	8	25	3	0	0.01
72375493027	2006	8	26	0	0	0.01
72375493027	2006	8	30	20	0	0.001
72375493027	2006	8	30	21	0	0.01
72375493027	2006	9	2	2	0	0.02
72375493027	2006	9	2	3	0	0.01
72375493027	2006	9	2	5	0	0.02
72375493027	2006	9	2	6	0	0.06
72375493027	2006	9	2	7	0	0.08
72375493027	2006	9	2	8	0	0.01
72375493027	2006	9	4	0	0	0.17
72375493027	2006	9	4	1	0	0.1
72375493027	2006	9	4	2	0	0.01
72375493027	2006	9	7	21	0	0.05
72375493027	2006	9	8	0	0	0.02
72375493027	2006	9	8	1	0	0.02
72375493027	2006	9	8	2	0	0.02
72375493027	2006	9	8	3	0	0.01
72375493027	2006	9	8	4	0	0.02
72375493027	2006	9	8	5	0	0.04
72375493027	2006	9	8	11	0	0.01
72375493027	2006	9	13	0	0	0.01
72375493027	2006	10	5	9	0	0.01
72375493027	2006	10	5	18	0	0.02
72375493027	2006	10	5	23	0	0.07
72375493027	2006	10	6	17	0	0.015
72375493027	2006	10	6	18	0	0.08
72375493027	2006	10	6	21	0	0.01
72375493027	2006	10	6	22	0	0.01
72375493027	2006	10	8	23	0	0.001
72375493027	2006	10	9	1	0	0.05
72375493027	2006	10	9	2	0	0.06
72375493027	2006	10	9	3	0	0.08
72375493027	2006	10	9	4	0	0.08
72375493027	2006	10	9	6	0	0.07
72375493027	2006	10	9	10	0	0.01
72375493027	2006	10	9	12	0	0.01
72375493027	2006	10	9	21	0	0.13
72375493027	2006	10	9	22	0	0.12
72375493027	2006	10	15	8	0	0.01
72375493027	2006	10	15	11	0	0.018
72375493027	2006	10	15	12	0	0.06
72375493027	2006	10	15	13	0	0.02
72375493027	2006	10	15	16	0	0.01
72375493027	2006	10	15	17	0	0.01
72375493027	2006	10	15	21	0	0.01
72375493027	2006	10	25	7	0	0.11
72375493027	2006	10	25	8	0	0.01
72375493027	2006	10	26	2	0	0.01
72375493027	2006	10	26	3	0	0.06
72375493027	2006	10	26	4	0	0.03
72375493027	2006	11	29	8	0	0.009
72375493027	2006	11	29	9	0	0.04
72375493027	2006	11	29	12	0	0.01
72375493027	2006	11	29	15	0	0.03
72375493027	2006	11	29	16	0	0.01
72375493027	2006	11	29	17	0	0.01
72375493027	2006	12	19	6	0	0.01
72375493027	2006	12	19	7	0	0.01
72375493027	2006	12	19	21	0	0.01
72375493027	2006	12	19	23	0	0.02
72375493027	2006	12	28	15	0	0.02
72375493027	2006	12	28	16	0	0.04
72375493027	2006	12	28	17	0	0.03
72375493027	2006	12	28	18	0	0.01
72375493027	2006	12	30	5	0	0.01
72375493027	2007	1	5	21	0	0.01
72375493027	2007	1	5	22	0	0.02
72375493027	2007	1	5	23	0	0.01
72375493027	2007	1	6	1	0	0.01
72375493027	2007	1	20	1	0	0.02
72375493027	2007	1	20	9	0	0.01
72375493027	2007	1	20	10	0	0.01
72375493027	2007	1	20	14	0	0.01
72375493027	2007	1	20	15	0	0.03
72375493027	2007	1	20	16	0	0.03
72375493027	2007	1	20	17	0	0.01
72375493027	2007	1	21	22	0	0.01
72375493027	2007	1	21	23	0	0.01
72375493027	2007	1	22	0	0	0.01
72375493027	2007	1	30	21	0	0.02
72375493027	2007	1	31	2	0	0.02
72375493027	2007	2	1	6	0	0.01
72375493027	2007	2	1	7	0	0.01
72375493027	2007	2	1	15	0	0.01
72375493027	2007	2	1	18	0	0.01
72375493027	2007	2	1	19	0	0.01
72375493027	2007	2	1	23	0	0.01
72375493027	2007	2	2	3	0	0.01
72375493027	2007	2	2	4	0	0.02
72375493027	2007	2	11	23	0	0.03
72375493027	2007	2	12	1	0	0.01
72375493027	2007	2	12	2	0	0.03
72375493027	2007	2	12	3	0	0.01
72375493027	2007	2	12	5	0	0.01
72375493027	2007	2	12	12	0	0.01
72375493027	2007	2	12	13	0	0.01
72375493027	2007	2	13	17	0	0.01
72375493027	2007	2	13	18	0	0.07
72375493027	2007	2	13	19	0	0.03
72375493027	2007	2	15	0	0	0.01
72375493027	2007	2	23	21	0	0.01
72375493027	2007	3	22	6	0	0.01
72375493027	2007	3	22	7	0	0.01
72375493027	2007	3	22	9	0	0.01
72375493027	2007	3	23	6	0	0.01
72375493027	2007	3	23	10	0	0.02
72375493027	2007	3	23	20	0	0.11
72375493027	2007	3	24	0	0	0.04
72375493027	2007	3	24	1	0	0.08
72375493027	2007	3	24	2	0	0.01
72375493027	2007	3	24	7	0	0.01
72375493027	2007	4	9	16	0	0.02
72375493027	2007	4	9	17	0	0.01
72375493027	2007	4	9	18	0	0.01
72375493027	2007	4	13	16	0	0.01
72375493027	2007	4	13	18	0	0.04
72375493027	2007	5	1	23	0	0.01
72375493027	2007	5	2	0	0	0.05
72375493027	2007	5	2	1	0	0.18
72375493027	2007	5	2	2	0	0.04
72375493027	2007	5	2	3	0	0.01
72375493027	2007	5	5	9	0	0.01
72375493027	2007	5	5	19	0	0.01
72375493027	2007	5	6	16	0	0.04
72375493027	2007	5	13	18	0	0.01
72375493027	2007	5	16	19	0	0.26
72375493027	2007	5	16	20	0	0.05
72375493027	2007	5	17	0	0	0.02
72375493027	2007	5	17	1	0	0.02
72375493027	2007	6	10	23	0	0.02
72375493027	2007	6	11	20	0	0.006
72375493027	2007	6	11	21	0	0.04
72375493027	2007	6	11	22	0	0.07
72375493027	2007	6	11	23	0	0.02
72375493027	2007	7	5	23	0	0.02
72375493027	2007	7	15	23	0	0.01
72375493027	2007	7	19	1	0	0.001
72375493027	2007	7	21	22	0	0.12
72375493027	2007	7	21	23	0	0.24
72375493027	2007	7	22	2	0	0.01
72375493027	2007	7	23	21	0	0.15
72375493027	2007	7	24	22	0	0.01
72375493027	2007	7	25	0	0	0.04
72375493027	2007	7	25	1	0	0.01
72375493027	2007	7	26	7	0	0.001
72375493027	2007	7	26	8	0	0.001
72375493027	2007	7	26	9	0	0.001
72375493027	2007	7	26	20	0	0.021
72375493027	2007	7	26	21	0	0.002
72375493027	2007	7	27	0	0	0.26
72375493027	2007	7	27	1	0	0.04
72375493027	2007	7	27	2	0	0.05
72375493027	2007	7	27	3	0	0.15
72375493027	2007	7	27	4	0	0.02
72375493027	2007	7	27	5	0	0.11
72375493027	2007	7	27	6	0	0.01
72375493027	2007	7	28	0	0	0.08
72375493027	2007	7	28	1	0	0.04
72375493027	2007	7	28	2	0	0.01
72375493027	2007	7	28	3	0	0.01
72375493027	2007	7	28	4	0	0.05
72375493027	2007	7	28	5	0	0.03
72375493027	2007	7	28	6	0	0.01
72375493027	2007	7	29	5	0	0.003
72375493027	2007	7	29	6	0	0.07
72375493027	2007	7	29	7	0	0.01
72375493027	2007	7	29	8	0	0.024
72375493027	2007	7	30	23	0	0.03
72375493027	2007	7	31	5	0	0.04
72375493027	2007	8	1	2	0	0.02
72375493027	2007	8	2	1	0	0.9
72375493027	2007	8	2	2	0	0.21
72375493027	2007	8	2	3	0	0.04
72375493027	2007	8	2	6	0	0.01
72375493027	2007	8	2	22	0	0.02
72375493027	2007	8	2	23	0	0.4
72375493027	2007	8	3	0	0	0.01
72375493027	2007	8	3	1	0	0.02
72375493027	2007	8	3	12	0	0.001
72375493027	2007	8	5	1	0	1.06
72375493027	2007	8	5	2	0	1.41
72375493027	2007	8	5	21	0	0.03
72375493027	2007	8	7	4	0	0.09
72375493027	2007	8	10	7	0	0.03
72375493027	2007	8	13	22	0	0.01
72375493027	2007	8	13	23	0	0.006
72375493027	2007	8	14	0	0	0.19
72375493027	2007	8	14	23	0	0.04
72375493027	2007	8	15	4	0	0.09
72375493027	2007	8	15	5	0	0.03
72375493027	2007	8	16	23	0	0.02
72375493027	2007	8	17	11	0	0.01
72375493027	2007	8	18	21	0	0.03
72375493027	2007	8	26	0	0	0.19
72375493027	2007	8	26	1	0	0.01
72375493027	2007	8	26	23	0	0.01
72375493027	2007	8	28	2	0	0.02
72375493027	2007	9	5	20	0	0.001
72375493027	2007	9	23	6	0	0.09
72375493027	2007	9	23	7	0	0.02
72375493027	2007	9	23	9	0	0.02
72375493027	2007	9	23	10	0	0.03
72375493027	2007	9	23	11	0	0.03
72375493027	2007	9	23	12	0	0.02
72375493027	2007	9	23	13	0	0.06
72375493027	2007	10	1	15	0	0.03
72375493027	2007	10	1	18	0	0.01
72375493027	2007	10	1	21	0	0.02
72375493027	2007	10	1	22	0	0.02
72375493027	2007	10	1	23	0	0.01
72375493027	2007	10	2	0	0	0.01
72375493027	2007	10	2	1	0	0.01
72375493027	2007	10	2	2	0	0.01
72375493027	2007	10	2	13	0	0.01
72375493027	2007	10	4	18	0	0.01
72375493027	2007	10	9	17	0	0.03
72375493027	2007	10	9	21	0	0.02
72375493027	2007	10	9	23	0	0.01
72375493027	2007	11	16	9	0	0.01
72375493027	2007	11	29	16	0	0.03
72375493027	2007	11	29	17	0	0.03
72375493027	2007	11	29	18	0	0.01
72375493027	2007	11	30	14	0	0.01
72375493027	2007	11	30	15	0	0.01
72375493027	2007	11	30	16	0	0.05
72375493027	2007	11	30	17	0	0.01
72375493027	2007	12	1	3	0	0.02
72375493027	2007	12	1	4	0	0.02
72375493027	2007	12	1	5	0	0.1
72375493027	2007	12	1	6	0	0.14
72375493027	2007	12	1	22	0	0.01
72375493027	2007	12	1	23	0	0.01
72375493027	2007	12	8	10	0	0.02
72375493027	2007	12	8	11	0	0.02
72375493027	2007	12	8	16	0	0.05
72375493027	2007	12	8	17	0	0.08
72375493027	2007	12	8	18	0	0.05
72375493027	2007	12	10	2	0	0.02
72375493027	2007	12	10	3	0	0.01
72375493027	2007	12	10	4	0	0.01
72375493027	2007	12	11	3	0	0.04
72375493027	2007	12	11	4	0	0.06
72375493027	2007	12	11	13	0	0.01
72375493027	2007	12	12	3	0	0.02
72375493027	2007	12	12	4	0	0.07
72375493027	2007	12	12	5	0	0.01
72375493027	2007	12	14	8	0	0.01
72375493027	2007	12	14	9	0	0.01
72375493027	2007	12	14	10	0	0.02
72375493027	2007	12	14	12	0	0.01
72375493027	2007	12	14	16	0	0.01
72375493027	2007	12	14	23	0	0.01
72375493027	2007	12	21	20	0	0.01
72375493027	2008	1	6	19	0	0.02
72375493027	2008	1	7	21	0	0.01
72375493027	2008	1	7	22	0	0.02
72375493027	2008	1	7	23	0	0.04
72375493027	2008	1	8	0	0	0.01
72375493027	2008	1	24	0	0	0.01
72375493027	2008	1	24	2	0	0.01
72375493027	2008	1	28	6	0	0.04
72375493027	2008	1	28	7	0	0.12
72375493027	2008	1	28	8	0	0.12
72375493027	2008	1	28	9	0	0.09
72375493027	2008	1	28	10	0	0.03
72375493027	2008	1	28	11	0	0.01
72375493027	2008	1	29	6	0	0.07
72375493027	2008	1	29	7	0	0.02
72375493027	2008	1	30	21	0	0.02
72375493027	2008	2	4	14	0	0.01
72375493027	2008	2	4	16	0	0.03
72375493027	2008	2	4	17	0	0.07
72375493027	2008	2	4	18	0	0.03
72375493027	2008	2	4	19	0	0.06
72375493027	2008	2	4	20	0	0.03
72375493027	2008	2	4	21	0	0.01
72375493027	2008	2	4	22	0	0.01
72375493027	2008	2	4	23	0	0.01
72375493027	2008	2	5	2	0	0.01
72375493027	2008	2	5	3	0	0.01
72375493027	2008	2	13	19	0	0.01
72375493027	2008	2	16	10	0	0.02
72375493027	2008	2	16	11	0	0.07
72375493027	2008	2	21	9	0	0.05
72375493027	2008	2	21	10	0	0.06
72375493027	2008	2	22	15	0	0.01
72375493027	2008	2	22	20	0	0.02
72375493027	2008	2	22	21	0	0.05
72375493027	2008	2	22	22	0	0.01
72375493027	2008	2	23	7	0	0.01
72375493027	2008	2	23	9	0	0.01
72375493027	2008	4	10	0	0	0.01
72375493027	2008	4	10	1	0	0.05
72375493027	2008	5	13	23	0	0.01
72375493027	2008	5	14	3	0	0.02
72375493027	2008	5	14	4	0	0.01
72375493027	2008	5	22	6	0	0.03
72375493027	2008	5	22	7	0	0.02
72375493027	2008	5	22	11	0	0.02
72375493027	2008	5	22	13	0	0.13
72375493027	2008	5	22	16	0	0.02
72375493027	2008	5	22	18	0	0.01
72375493027	2008	5	22	19	0	0.04
72375493027	2008	5	22	20	0	0.01
72375493027	2008	5	22	21	0	0.04
72375493027	2008	5	22	22	0	0.02
72375493027	2008	5	22	23	0	0.07
72375493027	2008	5	23	0	0	0.07
72375493027	2008	5	23	1	0	0.07
72375493027	2008	5	23	2	0	0.08
72375493027	2008	5	23	3	0	0.04
72375493027	2008	5	23	8	0	0.004
72375493027	2008	5	23	9	0	0.01
72375493027	2008	5	23	10	0	0.01
72375493027	2008	5	23	11	0	0.01
72375493027	2008	5	23	18	0	0.03
72375493027	2008	5	23	19	0	0.01
72375493027	2008	5	23	20	0	0.01
72375493027	2008	5	24	6	0	0.01
72375493027	2008	5	24	7	0	0.02
72375493027	2008	5	24	8	0	0.01
72375493027	2008	6	5	9	0	0.01
72375493027	2008	6	30	2	0	0.01
72375493027	2008	7	11	23	0	0.01
72375493027	2008	7	12	0	0	0.09
72375493027	2008	7	12	1	0	0.11
72375493027	2008	7	12	2	0	0.09
72375493027	2008	7	12	4	0	0.01
72375493027	2008	7	12	7	0	0.01
72375493027	2008	7	13	1	0	0.16
72375493027	2008	7	13	2	0	0.32
72375493027	2008	7	13	3	0	0.43
72375493027	2008	7	13	4	0	0.11
72375493027	2008	7	14	20	0	0.01
72375493027	2008	7	14	21	0	0.01
72375493027	2008	7	15	1	0	0.02
72375493027	2008	7	16	2	0	0.05
72375493027	2008	7	16	3	0	0.13
72375493027	2008	7	20	23	0	0.05
72375493027	2008	7	21	0	0	0.02
72375493027	2008	7	22	2	0	0.04
72375493027	2008	7	22	3	0	0.03
72375493027	2008	7	22	11	0	0.01
72375493027	2008	7	23	0	0	0.02
72375493027	2008	7	23	11	0	0.16
72375493027	2008	7	23	12	0	0.08
72375493027	2008	7	25	23	0	0.02
72375493027	2008	8	3	23	0	0.39
72375493027	2008	8	4	0	0	0.03
72375493027	2008	8	5	2	0	0.004
72375493027	2008	8	5	3	0	0.08
72375493027	2008	8	5	4	0	0.03
72375493027	2008	8	5	5	0	0.02
72375493027	2008	8	5	6	0	0.01
72375493027	2008	8	6	0	0	0.03
72375493027	2008	8	6	1	0	0.01
72375493027	2008	8	8	8	0	0.01
72375493027	2008	8	9	1	0	0.13
72375493027	2008	8	9	2	0	0.06
72375493027	2008	8	9	3	0	0.05
72375493027	2008	8	11	11	0	0.03
72375493027	2008	8	17	0	0	0.08
72375493027	2008	8	17	2	0	0.02
72375493027	2008	8	17	4	0	0.01
72375493027	2008	8	17	11	0	0.01
72375493027	2008	8	18	23	0	0.03
72375493027	2008	8	19	0	0	0.03
72375493027	2008	8	25	20	0	0.01
72375493027	2008	8	26	17	0	0.01
72375493027	2008	8	26	18	0	0.01
72375493027	2008	8	26	19	0	0.01
72375493027	2008	8	27	2	0	0.03
72375493027	2008	8	27	3	0	0.03
72375493027	2008	8	27	4	0	0.04
72375493027	2008	8	27	5	0	0.05
72375493027	2008	8	27	6	0	0.06
72375493027	2008	8	27	12	0	0.01
72375493027	2008	8	28	22	0	0.03
72375493027	2008	8	31	8	0	0.01
72375493027	2008	8	31	18	0	0.14
72375493027	2008	8	31	22	0	0.01
72375493027	2008	8	31	23	0	0.08
72375493027	2008	9	1	5	0	0.01
72375493027	2008	9	9	10	0	0.06
72375493027	2008	9	9	11	0	0.01
72375493027	2008	9	9	22	0	0.04
72375493027	2008	9	10	9	0	0.03
72375493027	2008	9	10	10	0	0.03
72375493027	2008	9	12	11	0	0.01
72375493027	2008	9	12	22	0	0.03
72375493027	2008	9	27	2	0	0.01
72375493027	2008	10	5	3	0	0.01
72375493027	2008	10	5	9	0	0.05
72375493027	2008	10	5	10	0	0.21
72375493027	2008	10	5	11	0	0.04
72375493027	2008	10	5	12	0	0.05
72375493027	2008	10	5	13	0	0.02
72375493027	2008	11	10	3	0	0.13
72375493027	2008	11	10	4	0	0.06
72375493027	2008	11	26	19	0	0.04
72375493027	2008	11	26	20	0	0.01
72375493027	2008	11	27	0	0	0.01
72375493027	2008	11	27	16	0	0.06
72375493027	2008	11	27	17	0	0.09
72375493027	2008	11	27	18	0	0.01
72375493027	2008	11	27	22	0	0.02
72375493027	2008	11	27	23	0	0.01
72375493027	2008	11	28	0	0	0.01
72375493027	2008	11	28	3	0	0.01
72375493027	2008	11	28	4	0	0.01
72375493027	2008	11	29	1	0	0.01
72375493027	2008	12	8	10	0	0.01
72375493027	2008	12	8	20	0	0.01
72375493027	2008	12	9	7	0	0.01
72375493027	2008	12	9	8	0	0.02
72375493027	2008	12	14	14	0	0.01
72375493027	2008	12	14	15	0	0.01
72375493027	2008	12	14	16	0	0.01
72375493027	2008	12	15	22	0	0.01
72375493027	2008	12	18	13	0	0.07
72375493027	2008	12	18	15	0	0.01
72375493027	2008	12	23	12	0	0.02
72375493027	2008	12	23	13	0	0.02
72375493027	2008	12	25	12	0	0.02
72375493027	2008	12	26	14	0	0.004
72375493027	2008	12	26	15	0	0.01
72375493027	2008	12	26	17	0	0.01
72375493027	2008	12	26	18	0	0.01
72375493027	2008	12	26	21	0	0.02
72375493027	2008	12	26	23	0	0.01
72375493027	2009	1	4	8	0	0.01
72375493027	2009	1	4	9	0	0.01
72375493027	2009	1	4	11	0	0.01
72375493027	2009	1	4	14	0	0.003
72375493027	2009	1	4	18	0	0.01
72375493027	2009	1	4	19	0	0.01
72375493027	2009	1	4	20	0	0.01
72375493027	2009	1	4	21	0	0.01
72375493027	2009	1	4	23	0	0.01
72375493027	2009	1	5	4	0	0.02
72375493027	2009	1	5	6	0	0.01
72375493027	2009	1	5	8	0	0.01
72375493027	2009	1	6	5	0	0.01
72375493027	2009	1	6	6	0	0.01
72375493027	2009	1	22	18	0	0.02
72375493027	2009	1	22	19	0	0.02
72375493027	2009	1	22	20	0	0.01
72375493027	2009	1	23	0	0	0.02
72375493027	2009	1	23	3	0	0.01
72375493027	2009	1	24	5	0	0.01
72375493027	2009	1	27	10	0	0.01
72375493027	2009	2	8	13	0	0.01
72375493027	2009	2	8	21	0	0.01
72375493027	2009	2	10	8	0	0.02
72375493027	2009	2	17	16	0	0.01
72375493027	2009	2	17	17	0	0.02
72375493027	2009	3	9	10	0	0.02
72375493027	2009	3	9	11	0	0.01
72375493027	2009	3	9	12	0	0.021
72375493027	2009	3	9	20	0	0.01
72375493027	2009	3	26	22	0	0.03
72375493027	2009	3	26	23	0	0.06
72375493027	2009	3	27	0	0	0.03
72375493027	2009	3	30	14	0	0.01
72375493027	2009	3	30	15	0	0.02
72375493027	2009	3	30	16	0	0.01
72375493027	2009	4	4	4	0	0.03
72375493027	2009	4	6	20	0	0.01
72375493027	2009	4	9	7	0	0.01
72375493027	2009	4	11	10	0	0.04
72375493027	2009	4	11	11	0	0.01
72375493027	2009	4	11	13	0	0.07
72375493027	2009	4	12	1	0	0.02
72375493027	2009	4	12	2	0	0.01
72375493027	2009	5	20	18	0	0.02
72375493027	2009	5	21	22	0	0.02
72375493027	2009	5	22	3	0	0.01
72375493027	2009	5	22	4	0	0.06
72375493027	2009	5	22	5	0	0.01
72375493027	2009	5	22	16	0	0.03
72375493027	2009	5	22	17	0	0.03
72375493027	2009	5	22	18	0	0.02
72375493027	2009	5	22	20	0	0.03
72375493027	2009	5	22	21	0	0.02
72375493027	2009	5	22	22	0	0.11
72375493027	2009	5	22	23	0	0.02
72375493027	2009	5	23	1	0	0.01
72375493027	2009	5	23	20	0	0.01
72375493027	2009	5	24	12	0	0.01
72375493027	2009	5	24	20	0	0.01
72375493027	2009	5	24	22	0	0.03
72375493027	2009	5	24	23	0	0.01
72375493027	2009	5	25	19	0	0.01
72375493027	2009	5	31	22	0	0.01
72375493027	2009	6	10	6	0	0.1
72375493027	2009	6	10	7	0	0.02
72375493027	2009	6	10	8	0	0.04
72375493027	2009	6	10	10	0	0.14
72375493027	2009	6	20	10	0	0.01
72375493027	2009	6	24	2	0	0.01
72375493027	2009	6	25	2	0	0.01
72375493027	2009	6	25	17	0	0.01
72375493027	2009	6	25	18	0	0.01
72375493027	2009	6	25	22	0	0.04
72375493027	2009	6	25	23	0	0.01
72375493027	2009	6	26	3	0	0.01
72375493027	2009	6	26	20	0	0.02
72375493027	2009	7	9	23	0	0.05
72375493027	2009	7	10	0	0	0.01
72375493027	2009	7	10	10	0	0.01
72375493027	2009	7	10	11	0	0.04
72375493027	2009	7	11	6	0	0.01
72375493027	2009	7	19	23	0	0.02
72375493027	2009	7	20	1	0	0.01
72375493027	2009	7	22	22	0	0.02
72375493027	2009	8	5	21	0	0.05
72375493027	2009	8	13	21	0	0.03
72375493027	2009	8	13	22	0	0.01
72375493027	2009	8	14	1	0	0.01
72375493027	2009	8	14	2	0	0.01
72375493027	2009	8	14	7	0	0.01
72375493027	2009	8	14	8	0	0.01
72375493027	2009	8	22	20	0	0.01
72375493027	2009	8	22	22	0	0.23
72375493027	2009	8	22	23	0	0.02
72375493027	2009	8	23	1	0	0.17
72375493027	2009	8	23	2	0	0.06
72375493027	2009	8	23	23	0	0.03
72375493027	2009	8	24	0	0	0.01
72375493027	2009	8	24	6	0	0.02
72375493027	2009	8	24	7	0	0.01
72375493027	2009	8	31	12	0	0.01
72375493027	2009	9	1	0	0	0.02
72375493027	2009	9	1	1	0	0.01
72375493027	2009	9	2	0	0	0.22
72375493027	2009	9	2	1	0	0.1
72375493027	2009	9	3	0	0	0.02
72375493027	2009	9	5	0	0	0.15
72375493027	2009	9	5	1	0	0.04
72375493027	2009	9	5	2	0	0.01
72375493027	2009	9	5	3	0	0.02
72375493027	2009	9	5	19	0	0.03
72375493027	2009	9	5	20	0	0.02
72375493027	2009	9	9	22	0	0.14
72375493027	2009	9	17	6	0	0.01
72375493027	2009	9	17	7	0	0.05
72375493027	2009	9	17	8	0	0.02
72375493027	2009	9	17	9	0	0.03
72375493027	2009	10	8	10	0	0.01
72375493027	2009	10	8	11	0	0.05
72375493027	2009	10	28	3	0	0.01
72375493027	2009	10	28	4	0	0.03
72375493027	2009	10	28	5	0	0.04
72375493027	2009	10	28	6	0	0.08
72375493027	2009	10	28	7	0	0.03
72375493027	2009	10	28	8	0	0.02
72375493027	2009	10	28	9	0	0.01
72375493027	2009	10	28	10	0	0.02
72375493027	2009	11	14	7	0	0.01
72375493027	2009	11	14	11	0	0.01
72375493027	2009	11	14	12	0	0.02
72375493027	2009	11	14	15	0	0.01
72375493027	2009	12	8	3	0	0.01
72375493027	2009	12	8	5	0	0.01
72375493027	2009	12	8	9	0	0.08
72375493027	2009	12	8	10	0	0.02
72375493027	2009	12	14	0	0	0.02
72375493027	2009	12	23	1	0	0.03
72375493027	2009	12	23	2	0	0.13
72375493027	2009	12	23	3	0	0.01
72375493027	2009	12	23	17	0	0.01
72375493027	2009	12	30	21	0	0.02
72375493027	2009	12	31	0	0	0.01
72375493027	2009	12	31	4	0	0.01
72375493027	2010	1	18	19	0	0.04
72375493027	2010	1	18	20	0	0.02
72375493027	2010	1	18	21	0	0.03
72375493027	2010	1	18	22	0	0.01
72375493027	2010	1	18	23	0	0.02
72375493027	2010	1	19	0	0	0.04
72375493027	2010	1	19	1	0	0.01
72375493027	2010	1	20	7	0	0.01
72375493027	2010	1	20	8	0	0.09
72375493027	2010	1	20	9	0	0.03
72375493027	2010	1	20	10	0	0.02
72375493027	2010	1	21	13	0	0.04
72375493027	2010	1	21	15	0	0.01
72375493027	2010	1	22	4	0	0.01
72375493027	2010	1	22	5	0	0.01
72375493027	2010	1	22	6	0	0.03
72375493027	2010	1	22	7	0	0.17
72375493027	2010	1	22	8	0	0.07
72375493027	2010	1	22	9	0	0.07
72375493027	2010	1	22	10	0	0.02
72375493027	2010	1	22	11	0	0.04
72375493027	2010	1	22	12	0	0.01
72375493027	2010	1	22	14	0	0.01
72375493027	2010	1	22	17	0	0.03
72375493027	2010	1	22	18	0	0.02
72375493027	2010	1	22	19	0	0.02
72375493027	2010	1	23	7	0	0.01
72375493027	2010	1	28	1	0	0.05
72375493027	2010	1	28	2	0	0.09
72375493027	2010	1	28	3	0	0.03
72375493027	2010	1	28	9	0	0.04
72375493027	2010	1	28	10	0	0.05
72375493027	2010	1	28	11	0	0.05
72375493027	2010	1	28	14	0	0.01
72375493027	2010	1	29	0	0	0.02
72375493027	2010	1	29	1	0	0.01
72375493027	2010	1	29	2	0	0.01
72375493027	2010	2	3	20	0	0.02
72375493027	2010	2	3	21	0	0.03
72375493027	2010	2	3	22	0	0.02
72375493027	2010	2	4	0	0	0.01
72375493027	2010	2	7	16	0	0.06
72375493027	2010	2	7	19	0	0.01
72375493027	2010	2	10	21	0	0.02
72375493027	2010	2	11	0	0	0.02
72375493027	2010	2	11	1	0	0.15
72375493027	2010	2	11	2	0	0.01
72375493027	2010	2	22	15	0	0.008
72375493027	2010	2	22	19	0	0.008
72375493027	2010	2	22	20	0	0.003
72375493027	2010	2	22	22	0	0.003
72375493027	2010	2	26	0	0	0.01
72375493027	2010	2	28	23	0	0.03
72375493027	2010	3	8	0	0	0.02
72375493027	2010	3	8	1	0	0.04
72375493027	2010	3	8	15	0	0.01
72375493027	2010	3	9	23	0	0.04
72375493027	2010	3	10	0	0	0.01
72375493027	2010	3	10	4	0	0.01
72375493027	2010	3	14	10	0	0.06
72375493027	2010	3	14	11	0	0.03
72375493027	2010	3	14	18	0	0.01
72375493027	2010	3	15	6	0	0.01
72375493027	2010	3	19	18	0	0.01
72375493027	2010	4	1	13	0	0.03
72375493027	2010	4	1	15	0	0.01
72375493027	2010	4	2	4	0	0.01
72375493027	2010	4	30	4	0	0.01
72375493027	2010	5	2	15	0	0.02
72375493027	2010	5	2	16	0	0.09
72375493027	2010	5	2	18	0	0.09
72375493027	2010	5	2	19	0	0.03
72375493027	2010	5	2	20	0	0.01
72375493027	2010	5	2	22	0	0.04
72375493027	2010	5	3	1	0	0.04
72375493027	2010	7	13	21	0	0.03
72375493027	2010	7	19	1	0	0.25
72375493027	2010	7	19	2	0	0.01
72375493027	2010	7	20	0	0	0.02
72375493027	2010	7	20	1	0	0.01
72375493027	2010	7	20	3	0	0.08
72375493027	2010	7	20	4	0	0.07
72375493027	2010	7	21	2	0	0.001
72375493027	2010	7	21	3	0	0.33
72375493027	2010	7	21	19	0	0.28
72375493027	2010	7	21	20	0	0.03
72375493027	2010	7	21	22	0	0.01
72375493027	2010	7	21	23	0	0.03
72375493027	2010	7	22	0	0	0.01
72375493027	2010	7	22	1	0	0.02
72375493027	2010	7	22	2	0	0.01
72375493027	2010	7	23	22	0	0.01
72375493027	2010	7	23	23	0	0.01
72375493027	2010	7	24	20	0	0.02
72375493027	2010	7	24	21	0	0.01
72375493027	2010	7	25	7	0	0.03
72375493027	2010	7	25	22	0	0.01
72375493027	2010	7	26	12	0	0.01
72375493027	2010	7	28	1	0	0.01
72375493027	2010	7	28	20	0	0.02
72375493027	2010	7	28	21	0	0.04
72375493027	2010	7	29	0	0	0.26
72375493027	2010	7	29	1	0	0.12
72375493027	2010	7	29	2	0	0.06
72375493027	2010	7	29	10	0	0.01
72375493027	2010	7	30	0	0	0.22
72375493027	2010	7	31	0	0	0.02
72375493027	2010	7	31	23	0	0.005
72375493027	2010	8	1	0	0	0.05
72375493027	2010	8	1	1	0	0.01
72375493027	2010	8	1	18	0	0.01
72375493027	2010	8	1	22	0	0.02
72375493027	2010	8	1	23	0	0.01
72375493027	2010	8	2	0	0	0.04
72375493027	2010	8	2	1	0	0.08
72375493027	2010	8	2	2	0	0.19
72375493027	2010	8	2	3	0	0.02
72375493027	2010	8	2	4	0	0.01
72375493027	2010	8	3	1	0	0.03
72375493027	2010	8	3	9	0	0.01
72375493027	2010	8	5	23	0	0.02
72375493027	2010	8	7	3	0	0.02
72375493027	2010	8	7	21	0	0.04
72375493027	2010	8	7	23	0	0.04
72375493027	2010	8	8	12	0	0.01
72375493027	2010	8	8	14	0	0.01
72375493027	2010	8	8	15	0	0.02
72375493027	2010	8	8	20	0	0.01
72375493027	2010	8	8	21	0	0.01
72375493027	2010	8	8	22	0	0.04
72375493027	2010	8	9	8	0	0.01
72375493027	2010	8	16	16	0	0.01
72375493027	2010	8	18	0	0	0.06
72375493027	2010	8	19	2	0	0.01
72375493027	2010	8	22	22	0	0.61
72375493027	2010	8	23	9	0	0.01
72375493027	2010	8	24	1	0	0.02
72375493027	2010	8	24	2	0	0.02
72375493027	2010	8	24	3	0	0.06
72375493027	2010	8	24	17	0	0.01
72375493027	2010	8	30	6	0	0.02
72375493027	2010	8	30	7	0	0.01
72375493027	2010	9	7	20	0	0.05
72375493027	2010	9	8	1	0	0.13
72375493027	2010	9	8	2	0	0.05
72375493027	2010	9	8	9	0	0.01
72375493027	2010	9	20	22	0	0.01
72375493027	2010	9	20	23	0	0.01
72375493027	2010	9	21	0	0	0.01
72375493027	2010	9	21	2	0	0.01
72375493027	2010	9	22	8	0	0.02
72375493027	2010	9	22	14	0	0.05
72375493027	2010	9	22	15	0	0.01
72375493027	2010	9	22	17	0	0.02
72375493027	2010	9	22	18	0	0.03
72375493027	2010	9	22	19	0	0.34
72375493027	2010	9	22	20	0	0.03
72375493027	2010	9	22	21	0	0.2
72375493027	2010	9	22	22	0	0.08
72375493027	2010	9	23	5	0	0.01
72375493027	2010	9	23	6	0	0.05
72375493027	2010	9	23	7	0	0.13
72375493027	2010	9	23	8	0	0.05
72375493027	2010	10	6	5	0	0.01
72375493027	2010	10	6	6	0	0.12
72375493027	2010	10	19	4	0	0.01
72375493027	2010	10	21	22	0	0.03
72375493027	2010	10	26	1	0	0.01
72375493027	2010	11	9	11	0	0.02
72375493027	2010	11	9	12	0	0.04
72375493027	2010	11	25	8	0	0.03
72375493027	2010	11	25	9	0	0.01
72375493027	2010	11	25	10	0	0.01
72375493027	2010	11	25	13	0	0.01
72375493027	2010	11	29	3	0	0.01
72375493027	2010	11	29	4	0	0.01
72375493027	2010	12	16	10	0	0.02
72375493027	2010	12	16	11	0	0.01
72375493027	2010	12	16	12	0	0.01
72375493027	2010	12	16	17	0	0.01
72375493027	2010	12	17	3	0	0.01
72375493027	2010	12	18	12	0	0.01
72375493027	2010	12	22	18	0	0.01
72375493027	2010	12	23	11	0	0.011
72375493027	2010	12	23	12	0	0.04
72375493027	2010	12	23	13	0	0.04
72375493027	2010	12	23	14	0	0.02
72375493027	2010	12	23	18	0	0.01
72375493027	2010	12	30	12	0	0.01
72375493027	2010	12	30	13	0	0.02
72375493027	2010	12	30	16	0	0.01
72375493027	2010	12	31	0	0	0.01
72375493027	2010	12	31	17	0	0.01
72375493027	2010	12	31	18	0	0.01
72375493027	2010	12	31	20	0	0.02
72375493027	2011	1	12	14	0	0.02
72375493027	2011	1	12	15	0	0.01
72375493027	2011	1	31	20	0	0.007
72375493027	2011	1	31	21	0	0.01
72375493027	2011	1	31	22	0	0.01
72375493027	2011	1	31	23	0	0.08
72375493027	2011	2	1	5	0	0.03
72375493027	2011	2	2	0	0	0.01
72375493027	2011	2	19	21	0	0.03
72375493027	2011	2	20	0	0	0.01
72375493027	2011	2	20	1	0	0.01
72375493027	2011	2	20	2	0	0.04
72375493027	2011	2	20	3	0	0.03
72375493027	2011	2	20	8	0	0.01
72375493027	2011	2	21	0	0	0.01
72375493027	2011	2	27	13	0	0.01
72375493027	2011	2	27	16	0	0.01
72375493027	2011	3	8	8	0	0.01
72375493027	2011	3	8	9	0	0.02
72375493027	2011	3	8	10	0	0.01
72375493027	2011	3	8	11	0	0.02
72375493027	2011	3	22	4	0	0.01
72375493027	2011	3	22	11	0	0.01
72375493027	2011	3	22	12	0	0.02
72375493027	2011	3	22	13	0	0.01
72375493027	2011	5	18	21	0	0.01
72375493027	2011	5	18	22	0	0.01
72375493027	2011	5	19	2	0	0.06
72375493027	2011	5	19	3	0	0.01
72375493027	2011	5	19	4	0	0.09
72375493027	2011	5	19	5	0	0.08
72375493027	2011	5	19	6	0	0.13
72375493027	2011	5	19	7	0	0.08
72375493027	2011	5	19	8	0	0.1
72375493027	2011	5	19	9	0	0.05
72375493027	2011	5	19	10	0	0.02
72375493027	2011	5	19	11	0	0.02
72375493027	2011	5	19	22	0	0.05
72375493027	2011	5	20	1	0	0.03
72375493027	2011	5	21	0	0	0.03
72375493027	2011	5	21	3	0	0.01
72375493027	2011	5	21	4	0	0.04
72375493027	2011	7	6	22	0	0.05
72375493027	2011	7	9	0	0	0.01
72375493027	2011	7	9	18	0	0.04
72375493027	2011	7	9	20	0	0.02
72375493027	2011	7	9	21	0	0.01
72375493027	2011	7	10	20	0	0.19
72375493027	2011	7	11	2	0	0.035
72375493027	2011	7	11	3	0	0.02
72375493027	2011	7	11	21	0	0.02
72375493027	2011	7	12	0	0	0.05
72375493027	2011	7	12	1	0	0.08
72375493027	2011	7	12	2	0	0.01
72375493027	2011	7	12	10	0	0.01
72375493027	2011	7	12	19	0	0.02
72375493027	2011	7	12	21	0	0.01
72375493027	2011	7	13	9	0	0.01
72375493027	2011	7	16	22	0	0.22
72375493027	2011	7	16	23	0	0.02
72375493027	2011	7	18	3	0	0.03
72375493027	2011	7	18	4	0	0.01
72375493027	2011	7	18	5	0	0.02
72375493027	2011	7	18	21	0	0.08
72375493027	2011	7	20	0	0	0.27
72375493027	2011	7	20	22	0	0.1
72375493027	2011	7	21	2	0	0.01
72375493027	2011	7	24	23	0	0.04
72375493027	2011	7	25	0	0	0.03
72375493027	2011	7	25	2	0	0.01
72375493027	2011	7	25	5	0	0.01
72375493027	2011	7	26	20	0	0.03
72375493027	2011	7	26	21	0	0.02
72375493027	2011	7	26	22	0	0.01
72375493027	2011	7	26	23	0	0.01
72375493027	2011	7	27	0	0	0.02
72375493027	2011	7	27	1	0	0.05
72375493027	2011	7	27	2	0	0.01
72375493027	2011	7	28	20	0	0.04
72375493027	2011	7	28	21	0	0.01
72375493027	2011	7	29	22	0	0.03
72375493027	2011	7	30	4	0	0.02
72375493027	2011	7	30	6	0	0.04
72375493027	2011	7	30	7	0	0.04
72375493027	2011	7	30	8	0	0.03
72375493027	2011	7	30	9	0	0.01
72375493027	2011	7	30	21	0	0.16
72375493027	2011	7	31	22	0	0.11
72375493027	2011	7	31	23	0	0.15
72375493027	2011	8	1	0	0	0.01
72375493027	2011	8	1	14	0	0.01
72375493027	2011	8	2	0	0	0.01
72375493027	2011	8	2	1	0	0.01
72375493027	2011	8	2	4	0	0.02
72375493027	2011	8	2	13	0	0.01
72375493027	2011	8	13	19	0	0.01
72375493027	2011	8	13	20	0	0.16
72375493027	2011	8	14	2	0	0.005
72375493027	2011	8	14	3	0	0.03
72375493027	2011	8	14	4	0	0.02
72375493027	2011	8	14	5	0	0.05
72375493027	2011	8	19	6	0	0.01
72375493027	2011	8	20	3	0	0.02
72375493027	2011	8	20	4	0	0.04
72375493027	2011	8	20	13	0	0.02
72375493027	2011	8	24	2	0	0.03
72375493027	2011	8	24	3	0	0.03
72375493027	2011	8	25	22	0	0.09
72375493027	2011	8	25	23	0	0.02
72375493027	2011	8	26	0	0	0.08
72375493027	2011	8	26	1	0	0.01
72375493027	2011	8	30	0	0	0.14
72375493027	2011	8	30	1	0	0.02
72375493027	2011	9	1	4	0	0.02
72375493027	2011	9	1	5	0	0.03
72375493027	2011	9	1	6	0	0.01
72375493027	2011	9	1	23	0	0.02
72375493027	2011	9	2	0	0	0.01
72375493027	2011	9	6	10	0	0.03
72375493027	2011	9	6	11	0	0.01
72375493027	2011	9	6	12	0	0.01
72375493027	2011	9	9	1	0	0.01
72375493027	2011	9	9	2	0	0.07
72375493027	2011	9	9	4	0	0.01
72375493027	2011	9	9	5	0	0.06
72375493027	2011	9	9	6	0	0.03
72375493027	2011	9	9	7	0	0.05
72375493027	2011	9	9	8	0	0.05
72375493027	2011	9	9	9	0	0.01
72375493027	2011	9	9	11	0	0.01
72375493027	2011	9	9	19	0	0.02
72375493027	2011	9	11	1	0	0.01
72375493027	2011	9	11	2	0	0.01
72375493027	2011	9	11	5	0	0.12
72375493027	2011	9	11	6	0	0.05
72375493027	2011	9	11	7	0	0.03
72375493027	2011	9	11	8	0	0.01
72375493027	2011	9	11	23	0	0.001
72375493027	2011	9	12	1	0	0.14
72375493027	2011	9	12	2	0	0.01
72375493027	2011	9	13	5	0	0.007
72375493027	2011	9	14	5	0	0.06
72375493027	2011	9	14	8	0	0.056
72375493027	2011	9	14	9	0	0.19
72375493027	2011	9	14	10	0	0.08
72375493027	2011	9	14	12	0	0.01
72375493027	2011	9	15	1	0	0.03
72375493027	2011	9	15	2	0	0.01
72375493027	2011	9	15	12	0	0.01
72375493027	2011	9	16	18	0	0.01
72375493027	2011	10	2	18	0	0.03
72375493027	2011	10	2	19	0	0.01
72375493027	2011	10	3	22	0	0.01
72375493027	2011	10	4	15	0	0.02
72375493027	2011	10	4	16	0	0.02
72375493027	2011	10	5	1	0	0.12
72375493027	2011	10	5	2	0	0.03
72375493027	2011	10	5	3	0	0.18
72375493027	2011	10	5	4	0	0.01
72375493027	2011	10	5	5	0	0.01
72375493027	2011	10	5	6	0	0.01
72375493027	2011	10	5	12	0	0.01
72375493027	2011	10	6	21	0	0.02
72375493027	2011	10	6	23	0	0.01
72375493027	2011	10	7	0	0	0.01
72375493027	2011	10	7	1	0	0.01
72375493027	2011	10	7	16	0	0.02
72375493027	2011	10	7	17	0	0.01
72375493027	2011	10	7	20	0	0.001
72375493027	2011	10	7	22	0	0.01
72375493027	2011	10	7	23	0	0.01
72375493027	2011	10	27	1	0	0.01
72375493027	2011	10	27	2	0	0.02
72375493027	2011	10	27	3	0	0.01
72375493027	2011	10	27	7	0	0.01
72375493027	2011	11	5	8	0	0.01
72375493027	2011	11	5	9	0	0.05
72375493027	2011	11	5	10	0	0.17
72375493027	2011	11	5	11	0	0.05
72375493027	2011	11	5	12	0	0.05
72375493027	2011	11	13	10	0	0.01
72375493027	2011	11	13	16	0	0.01
72375493027	2011	11	13	21	0	0.01
72375493027	2011	11	21	14	0	0.01
72375493027	2011	11	21	15	0	0.04
72375493027	2011	11	21	21	0	0.06
72375493027	2011	11	21	22	0	0.02
72375493027	2011	11	21	23	0	0.01
72375493027	2011	11	22	0	0	0.02
72375493027	2011	11	25	9	0	0.02
72375493027	2011	11	25	10	0	0.06
72375493027	2011	12	2	14	0	0.01
72375493027	2011	12	2	20	0	0.02
72375493027	2011	12	3	2	0	0.01
72375493027	2011	12	5	5	0	0.01
72375493027	2011	12	5	21	0	0.01
72375493027	2011	12	13	20	0	0.03
72375493027	2011	12	13	23	0	0.02
72375493027	2011	12	14	0	0	0.01
72375493027	2011	12	14	6	0	0.04
72375493027	2011	12	19	4	0	0.02
72375493027	2011	12	19	5	0	0.01
72375493027	2011	12	19	7	0	0.01
72375493027	2011	12	19	15	0	0.01
72375493027	2011	12	19	16	0	0.01
72375493027	2011	12	22	19	0	0.01
72375493027	2011	12	22	23	0	0.01
72375493027	2011	12	23	1	0	0.02
72375493027	2011	12	23	2	0	0.01
72375493027	2011	12	23	3	0	0.01
72375493027	2011	12	23	5	0	0.01
72375493027	2011	12	23	19	0	0.01
72375493027	2012	1	8	16	0	0.01
72375493027	2012	1	8	17	0	0.01
72375493027	2012	1	24	9	0	0.01
72375493027	2012	2	14	18	0	0.03
72375493027	2012	2	14	19	0	0.01
72375493027	2012	2	14	20	0	0.02
72375493027	2012	2	14	21	0	0.07
72375493027	2012	2	20	8	0	0.01
72375493027	2012	2	28	8	0	0.06
72375493027	2012	2	28	9	0	0.01
72375493027	2012	3	8	15	0	0.03
72375493027	2012	3	18	18	0	0.01
72375493027	2012	3	19	1	0	0.01
72375493027	2012	3	19	5	0	0.01
72375493027	2012	3	19	7	0	0.02
72375493027	2012	3	19	23	0	0.01
72375493027	2012	3	20	2	0	0.01
72375493027	2012	4	26	21	0	0.06
72375493027	2012	7	5	1	0	0.054
72375493027	2012	7	5	2	0	0.056
72375493027	2012	7	5	3	0	0.034
72375493027	2012	7	5	4	0	0.001
72375493027	2012	7	5	5	0	0.008
72375493027	2012	7	5	6	0	0.01
72375493027	2012	7	5	11	0	0.01
72375493027	2012	7	9	6	0	0.05
72375493027	2012	7	15	19	0	0.4
72375493027	2012	7	16	4	0	0.01
72375493027	2012	7	16	5	0	0.02
72375493027	2012	7	16	22	0	0.06
72375493027	2012	7	16	23	0	0.39
72375493027	2012	7	17	21	0	0.12
72375493027	2012	7	20	1	0	0.04
72375493027	2012	7	21	1	0	0.02
72375493027	2012	7	21	4	0	0.28
72375493027	2012	7	21	5	0	0.01
72375493027	2012	7	22	23	0	0.03
72375493027	2012	7	23	19	0	0.03
72375493027	2012	7	23	20	0	0.01
72375493027	2012	7	27	18	0	0.33
72375493027	2012	7	27	20	0	0.15
72375493027	2012	7	28	0	0	0.03
72375493027	2012	7	28	19	0	0.22
72375493027	2012	7	28	20	0	0.04
72375493027	2012	7	28	21	0	0.01
72375493027	2012	7	29	7	0	0.08
72375493027	2012	7	29	8	0	0.03
72375493027	2012	7	31	0	0	0.14
72375493027	2012	7	31	19	0	0.07
72375493027	2012	7	31	20	0	0.02
72375493027	2012	7	31	23	0	0.01
72375493027	2012	8	1	0	0	0.01
72375493027	2012	8	1	1	0	0.01
72375493027	2012	8	1	2	0	0.01
72375493027	2012	8	6	0	0	0.12
72375493027	2012	8	6	2	0	0.02
72375493027	2012	8	8	22	0	0.03
72375493027	2012	8	9	0	0	0.04
72375493027	2012	8	9	1	0	0.01
72375493027	2012	8	9	2	0	0.01
72375493027	2012	8	9	3	0	0.01
72375493027	2012	8	9	11	0	0.01
72375493027	2012	8	12	0	0	0.01
72375493027	2012	8	13	20	0	0.01
72375493027	2012	8	14	0	0	0.01
72375493027	2012	8	18	0	0	0.01
72375493027	2012	8	18	1	0	0.16
72375493027	2012	8	18	2	0	0.01
72375493027	2012	8	18	6	0	0.02
72375493027	2012	8	18	7	0	0.01
72375493027	2012	8	18	8	0	0.01
72375493027	2012	8	19	0	0	0.12
72375493027	2012	8	19	1	0	0.02
72375493027	2012	8	19	13	0	0.01
72375493027	2012	8	20	0	0	0.23
72375493027	2012	8	20	1	0	0.01
72375493027	2012	8	20	3	0	0.02
72375493027	2012	8	20	22	0	0.29
72375493027	2012	8	22	0	0	0.19
72375493027	2012	8	22	1	0	0.02
72375493027	2012	8	22	2	0	0.01
72375493027	2012	8	22	3	0	0.05
72375493027	2012	8	22	8	0	0.01
72375493027	2012	8	22	17	0	0.02
72375493027	2012	8	22	18	0	0.02
72375493027	2012	8	23	13	0	0.08
72375493027	2012	8	23	14	0	0.65
72375493027	2012	8	23	15	0	0.13
72375493027	2012	8	23	20	0	0.14
72375493027	2012	8	23	23	0	0.48
72375493027	2012	8	24	0	0	0.04
72375493027	2012	8	24	1	0	0.07
72375493027	2012	8	24	2	0	0.09
72375493027	2012	8	24	3	0	0.01
72375493027	2012	8	30	1	0	0.02
72375493027	2012	9	10	19	0	0.01
72375493027	2012	9	10	20	0	0.01
72375493027	2012	9	10	23	0	0.02
72375493027	2012	9	12	4	0	0.02
72375493027	2012	9	13	1	0	0.06
72375493027	2012	9	13	2	0	0.04
72375493027	2012	9	13	9	0	0.01
72375493027	2012	10	11	21	0	0.01
72375493027	2012	10	12	10	0	0.01
72375493027	2012	10	12	11	0	0.09
72375493027	2012	11	10	11	0	0.04
72375493027	2012	11	10	13	0	0.01
72375493027	2012	11	10	14	0	0.01
72375493027	2012	11	11	3	0	0.02
72375493027	2012	11	11	4	0	0.01
72375493027	2012	12	14	10	0	0.12
72375493027	2012	12	14	12	0	0.04
72375493027	2012	12	14	13	0	0.01
72375493027	2012	12	16	1	0	0.02
72375493027	2012	12	16	2	0	0.08
72375493027	2012	12	16	3	0	0.01
72375493027	2012	12	16	4	0	0.02
72375493027	2012	12	16	5	0	0.01
72375493027	2012	12	16	8	0	0.01
72375493027	2012	12	19	10	0	0.03
72375493027	2012	12	19	11	0	0.01
72375493027	2012	12	19	12	0	0.02
72375493027	2012	12	24	23	0	0.05
72375493027	2012	12	25	0	0	0.01
72375493027	2012	12	28	3	0	0.01
72375493027	2012	12	31	3	0	0.01
72375493027	2012	12	31	7	0	0.01
72375493027	2012	12	31	8	0	0.02
72375493027	2012	12	31	22	0	0.01
72375493027	2012	12	31	23	0	0.01
72375493027	2013	1	11	9	0	0.02
72375493027	2013	1	26	2	0	0.003
72375493027	2013	1	26	3	0	0.01
72375493027	2013	1	26	4	0	0.01
72375493027	2013	1	26	6	0	0.02
72375493027	2013	1	26	7	0	0.01
72375493027	2013	1	26	17	0	0.01
72375493027	2013	1	26	18	0	0.01
72375493027	2013	1	26	20	0	0.01
72375493027	2013	1	28	6	0	0.01
72375493027	2013	1	28	21	0	0.02
72375493027	2013	1	28	23	0	0.01
72375493027	2013	1	29	10	0	0.02
72375493027	2013	1	29	11	0	0.02
72375493027	2013	1	29	12	0	0.06
72375493027	2013	1	29	13	0	0.02
72375493027	2013	2	4	1	0	0.01
72375493027	2013	2	4	3	0	0.01
72375493027	2013	2	7	2	0	0.03
72375493027	2013	2	9	13	0	0.01
72375493027	2013	2	9	14	0	0.01
72375493027	2013	2	20	21	0	0.05
72375493027	2013	2	20	22	0	0.01
72375493027	2013	2	20	23	0	0.07
72375493027	2013	2	24	11	0	0.01
72375493027	2013	2	24	12	0	0.01
72375493027	2013	2	24	13	0	0.02
72375493027	2013	2	24	14	0	0.02
72375493027	2013	2	24	15	0	0.02
72375493027	2013	2	24	16	0	0.01
72375493027	2013	3	8	17	0	0.01
72375493027	2013	3	8	19	0	0.04
72375493027	2013	3	8	20	0	0.12
72375493027	2013	3	8	21	0	0.04
72375493027	2013	3	8	22	0	0.05
72375493027	2013	3	8	23	0	0.03
72375493027	2013	3	9	0	0	0.03
72375493027	2013	3	9	2	0	0.01
72375493027	2013	4	9	4	0	0.01
72375493027	2013	4	9	5	0	0.008
72375493027	2013	4	9	6	0	0.12
72375493027	2013	4	9	8	0	0.04
72375493027	2013	4	9	9	0	0.04
72375493027	2013	4	9	10	0	0.01
72375493027	2013	4	9	11	0	0.01
72375493027	2013	4	9	12	0	0.02
72375493027	2013	4	9	16	0	0.01
72375493027	2013	4	9	18	0	0.01
72375493027	2013	4	9	19	0	0.02
72375493027	2013	4	9	21	0	0.03
72375493027	2013	4	9	22	0	0.01
72375493027	2013	4	10	1	0	0.03
72375493027	2013	4	10	2	0	0.06
72375493027	2013	4	17	16	0	0.02
72375493027	2013	4	17	17	0	0.01
72375493027	2013	4	17	18	0	0.02
72375493027	2013	4	17	20	0	0.02
72375493027	2013	5	6	11	0	0.02
72375493027	2013	5	6	12	0	0.06
72375493027	2013	5	6	13	0	0.02
72375493027	2013	6	16	1	0	0.02
72375493027	2013	7	2	23	0	0.03
72375493027	2013	7	3	0	0	0.02
72375493027	2013	7	3	4	0	0.1
72375493027	2013	7	3	5	0	0.06
72375493027	2013	7	4	22	0	0.03
72375493027	2013	7	4	23	0	0.02
72375493027	2013	7	5	1	0	0.01
72375493027	2013	7	10	22	0	0.01
72375493027	2013	7	10	23	0	0.01
72375493027	2013	7	11	4	0	0.01
72375493027	2013	7	11	6	0	0.01
72375493027	2013	7	11	20	0	0.001
72375493027	2013	7	11	21	0	0.09
72375493027	2013	7	13	3	0	0.05
72375493027	2013	7	13	4	0	0.01
72375493027	2013	7	15	21	0	0.02
72375493027	2013	7	15	23	0	0.01
72375493027	2013	7	16	0	0	0.02
72375493027	2013	7	16	1	0	0.06
72375493027	2013	7	16	2	0	0.04
72375493027	2013	7	16	4	0	0.03
72375493027	2013	7	16	5	0	0.16
72375493027	2013	7	16	6	0	0.05
72375493027	2013	7	16	7	0	0.05
72375493027	2013	7	16	8	0	0.16
72375493027	2013	7	16	9	0	0.01
72375493027	2013	7	16	10	0	0.03
72375493027	2013	7	16	11	0	0.01
72375493027	2013	7	17	16	0	0.04
72375493027	2013	7	19	21	0	0.01
72375493027	2013	7	19	22	0	0.09
72375493027	2013	7	20	3	0	0.02
72375493027	2013	7	20	7	0	0.01
72375493027	2013	7	23	3	0	0.01
72375493027	2013	7	23	4	0	0.1
72375493027	2013	7	23	5	0	0.07
72375493027	2013	7	24	11	0	0.002
72375493027	2013	7	24	23	0	0.001
72375493027	2013	7	26	0	0	0.21
72375493027	2013	7	26	1	0	0.14
72375493027	2013	7	27	19	0	0.02
72375493027	2013	7	28	1	0	0.06
72375493027	2013	7	28	2	0	0.03
72375493027	2013	7	28	3	0	0.01
72375493027	2013	7	28	4	0	0.01
72375493027	2013	7	28	21	0	0.02
72375493027	2013	8	1	22	0	0.12
72375493027	2013	8	1	23	0	0.22
72375493027	2013	8	2	0	0	0.01
72375493027	2013	8	2	23	0	0.01
72375493027	2013	8	3	17	0	0.01
72375493027	2013	8	6	4	0	0.08
72375493027	2013	8	6	9	0	0.01
72375493027	2013	8	6	10	0	0.04
72375493027	2013	8	6	13	0	0.01
72375493027	2013	8	6	22	0	0.02
72375493027	2013	8	6	23	0	0.03
72375493027	2013	8	10	21	0	0.002
72375493027	2013	8	10	22	0	0.006
72375493027	2013	8	10	23	0	0.007
72375493027	2013	8	11	0	0	0.01
72375493027	2013	8	11	2	0	0.02
72375493027	2013	8	11	3	0	0.02
72375493027	2013	8	12	6	0	0.06
72375493027	2013	8	12	7	0	0.04
72375493027	2013	8	12	8	0	0.03
72375493027	2013	8	13	0	0	0.01
72375493027	2013	8	13	1	0	0.02
72375493027	2013	8	17	0	0	0.06
72375493027	2013	8	17	1	0	0.01
72375493027	2013	8	18	0	0	0.01
72375493027	2013	8	24	10	0	0.01
72375493027	2013	8	24	12	0	0.01
72375493027	2013	8	24	13	0	0.01
72375493027	2013	8	24	20	0	0.01
72375493027	2013	8	24	21	0	0.01
72375493027	2013	8	24	23	0	0.01
72375493027	2013	8	25	2	0	0.02
72375493027	2013	8	25	3	0	0.01
72375493027	2013	8	25	4	0	0.01
72375493027	2013	8	25	7	0	0.06
72375493027	2013	8	25	8	0	0.06
72375493027	2013	8	25	9	0	0.03
72375493027	2013	8	25	10	0	0.01
72375493027	2013	8	25	11	0	0.06
72375493027	2013	8	25	21	0	0.01
72375493027	2013	8	25	22	0	0.01
72375493027	2013	8	28	22	0	0.02
72375493027	2013	8	29	21	0	0.06
72375493027	2013	8	30	9	0	0.01
72375493027	2013	8	30	21	0	0.01
72375493027	2013	9	2	0	0	0.09
72375493027	2013	9	2	1	0	0.03
72375493027	2013	9	2	4	0	0.01
72375493027	2013	9	3	2	0	0.001
72375493027	2013	9	3	3	0	0.01
72375493027	2013	9	4	2	0	0.01
72375493027	2013	9	8	0	0	0.01
72375493027	2013	9	8	2	0	0.01
72375493027	2013	9	8	7	0	0.01
72375493027	2013	9	8	13	0	0.01
72375493027	2013	9	8	15	0	0.01
72375493027	2013	9	8	23	0	0.31
72375493027	2013	9	9	0	0	0.01
72375493027	2013	9	9	19	0	0.22
72375493027	2013	9	9	20	0	0.01
72375493027	2013	9	9	21	0	0.02
72375493027	2013	9	9	22	0	0.01
72375493027	2013	9	10	6	0	0.01
72375493027	2013	9	10	7	0	0.01
72375493027	2013	9	10	12	0	0.02
72375493027	2013	9	10	13	0	0.06
72375493027	2013	9	10	23	0	0.01
72375493027	2013	9	11	0	0	0.04
72375493027	2013	9	11	5	0	0.01
72375493027	2013	9	12	21	0	0.01
72375493027	2013	9	13	21	0	0.02
72375493027	2013	9	13	23	0	0.01
72375493027	2013	9	15	12	0	0.01
72375493027	2013	9	21	22	0	0.01
72375493027	2013	9	21	23	0	0.05
72375493027	2013	10	10	14	0	0.005
72375493027	2013	10	10	15	0	0.03
72375493027	2013	10	10	18	0	0.02
72375493027	2013	10	24	23	0	0.01
72375493027	2013	10	25	5	0	0.01
72375493027	2013	10	25	6	0	0.03
72375493027	2013	11	5	2	0	0.02
72375493027	2013	11	5	3	0	0.01
72375493027	2013	11	5	4	0	0.01
72375493027	2013	11	5	5	0	0.1
72375493027	2013	11	5	6	0	0.1
72375493027	2013	11	5	7	0	0.15
72375493027	2013	11	5	8	0	0.07
72375493027	2013	11	5	9	0	0.02
72375493027	2013	11	5	11	0	0.01
72375493027	2013	11	16	2	0	0.001
72375493027	2013	11	16	3	0	0.07
72375493027	2013	11	16	4	0	0.04
72375493027	2013	11	16	5	0	0.05
72375493027	2013	11	20	15	0	0.01
72375493027	2013	11	20	16	0	0.04
72375493027	2013	11	20	17	0	0.02
72375493027	2013	11	20	18	0	0.01
72375493027	2013	11	20	19	0	0.02
72375493027	2013	11	20	21	0	0.01
72375493027	2013	11	20	22	0	0.01
72375493027	2013	11	20	23	0	0.01
72375493027	2013	11	21	12	0	0.02
72375493027	2013	11	21	13	0	0.01
72375493027	2013	11	22	1	0	0.01
72375493027	2013	11	22	2	0	0.02
72375493027	2013	11	22	3	0	0.04
72375493027	2013	11	22	4	0	0.02
72375493027	2013	11	22	5	0	0.02
72375493027	2013	11	22	7	0	0.03
72375493027	2013	11	22	9	0	0.04
72375493027	2013	11	22	16	0	0.03
72375493027	2013	11	22	17	0	0.01
72375493027	2013	11	23	0	0	0.01
72375493027	2013	11	23	21	0	0.02
72375493027	2013	11	24	22	0	0.01
72375493027	2013	12	5	0	0	0.02
72375493027	2013	12	5	1	0	0.04
72375493027	2013	12	5	2	0	0.03
72375493027	2013	12	5	3	0	0.01
72375493027	2013	12	22	1	0	0.01
72375493027	2013	12	22	4	0	0.02
72375493027	2014	2	1	15	0	0.03
72375493027	2014	2	1	16	0	0.04
72375493027	2014	2	7	9	0	0.01
72375493027	2014	2	7	10	0	0.01
72375493027	2014	2	7	12	0	0.02
72375493027	2014	3	1	12	0	0.02
72375493027	2014	3	1	13	0	0.05
72375493027	2014	3	1	15	0	0.13
72375493027	2014	3	1	16	0	0.13
72375493027	2014	3	1	17	0	0.02
72375493027	2014	3	1	18	0	0.03
72375493027	2014	3	1	19	0	0.08
72375493027	2014	3	1	20	0	0.03
72375493027	2014	3	1	21	0	0.03
72375493027	2014	3	2	8	0	0.002
72375493027	2014	3	2	9	0	0.04
72375493027	2014	3	2	11	0	0.01
72375493027	2014	3	5	1	0	0.01
72375493027	2014	3	5	2	0	0.05
72375493027	2014	4	3	6	0	0.01
72375493027	2014	4	14	2	0	0.02
72375493027	2014	4	19	1	0	0.01
72375493027	2014	4	19	2	0	0.01
72375493027	2014	4	26	20	0	0.04
72375493027	2014	5	22	21	0	0.03
72375493027	2014	5	23	1	0	0.02
72375493027	2014	5	26	2	0	0.005
72375493027	2014	5	26	7	0	0.02
72375493027	2014	5	26	8	0	0.01
72375493027	2014	7	3	2	0	0.002
72375493027	2014	7	4	2	0	0.006
72375493027	2014	7	4	5	0	0.007
72375493027	2014	7	4	6	0	0.002
72375493027	2014	7	4	7	0	0.002
72375493027	2014	7	5	21	0	0.001
72375493027	2014	7	5	23	0	0.001
72375493027	2014	7	6	4	0	0.001
72375493027	2014	7	6	5	0	0.001
72375493027	2014	7	6	23	0	0.002
72375493027	2014	7	7	4	0	0.001
72375493027	2014	7	13	3	0	0.01
72375493027	2014	7	13	4	0	0.011
72375493027	2014	7	13	5	0	0.007
72375493027	2014	7	13	6	0	0.004
72375493027	2014	7	13	23	0	0.003
72375493027	2014	7	14	0	0	0.005
72375493027	2014	7	14	1	0	0.006
72375493027	2014	7	14	2	0	0.001
72375493027	2014	7	14	4	0	0.014
72375493027	2014	7	14	5	0	0.014
72375493027	2014	7	14	6	0	0.01
72375493027	2014	7	14	12	0	0.01
72375493027	2014	7	16	6	0	0.02
72375493027	2014	7	16	7	0	0.03
72375493027	2014	7	16	8	0	0.01
72375493027	2014	7	16	10	0	0.03
72375493027	2014	7	16	11	0	0.11
72375493027	2014	7	16	12	0	0.03
72375493027	2014	7	23	21	0	0.06
72375493027	2014	7	27	0	0	0.09
72375493027	2014	7	27	1	0	0.39
72375493027	2014	7	27	2	0	0.04
72375493027	2014	7	27	18	0	0.01
72375493027	2014	7	28	23	0	0.01
72375493027	2014	7	29	0	0	0.02
72375493027	2014	8	1	1	0	0.01
72375493027	2014	8	1	2	0	0.01
72375493027	2014	8	1	3	0	0.01
72375493027	2014	8	1	23	0	0.06
72375493027	2014	8	2	1	0	0.01
72375493027	2014	8	3	11	0	0.01
72375493027	2014	8	3	12	0	0.03
72375493027	2014	8	3	13	0	0.01
72375493027	2014	8	3	21	0	0.07
72375493027	2014	8	3	22	0	0.1
72375493027	2014	8	3	23	0	0.01
72375493027	2014	8	4	3	0	0.05
72375493027	2014	8	4	20	0	0.001
72375493027	2014	8	4	21	0	0.04
72375493027	2014	8	12	20	0	0.49
72375493027	2014	8	13	2	0	0.007
72375493027	2014	8	13	3	0	0.14
72375493027	2014	8	13	4	0	0.01
72375493027	2014	8	13	5	0	0.12
72375493027	2014	8	13	6	0	0.05
72375493027	2014	8	13	7	0	0.04
72375493027	2014	8	13	8	0	0.05
72375493027	2014	8	13	9	0	0.05
72375493027	2014	8	13	13	0	0.01
72375493027	2014	8	14	21	0	0.02
72375493027	2014	8	14	23	0	0.05
72375493027	2014	8	19	1	0	0.01
72375493027	2014	8	19	3	0	0.01
72375493027	2014	8	19	21	0	0.03
72375493027	2014	8	22	2	0	0.01
72375493027	2014	8	22	4	0	0.01
72375493027	2014	8	26	16	0	0.18
72375493027	2014	8	26	17	0	0.2
72375493027	2014	8	26	18	0	0.01
72375493027	2014	8	26	19	0	0.01
72375493027	2014	8	27	1	0	0.01
72375493027	2014	8	27	2	0	0.04
72375493027	2014	8	27	3	0	0.05
72375493027	2014	8	27	16	0	0.01
72375493027	2014	9	4	19	0	0.02
72375493027	2014	9	5	0	0	0.07
72375493027	2014	9	5	1	0	0.06
72375493027	2014	9	8	20	0	0.001
72375493027	2014	9	8	21	0	0.003
72375493027	2014	9	16	23	0	0.01
72375493027	2014	9	17	0	0	0.01
72375493027	2014	9	17	1	0	0.01
72375493027	2014	9	17	2	0	0.01
72375493027	2014	9	17	3	0	0.02
72375493027	2014	9	17	4	0	0.01
72375493027	2014	9	17	8	0	0.03
72375493027	2014	9	17	9	0	0.02
72375493027	2014	9	17	11	0	0.01
72375493027	2014	9	17	13	0	0.01
72375493027	2014	9	17	14	0	0.01
72375493027	2014	9	17	15	0	0.01
72375493027	2014	9	21	21	0	0.02
72375493027	2014	9	22	20	0	0.1
72375493027	2014	9	27	19	0	0.06
72375493027	2014	9	28	2	0	0.022
72375493027	2014	9	28	3	0	0.14
72375493027	2014	9	28	4	0	0.02
72375493027	2014	9	28	5	0	0.02
72375493027	2014	9	28	6	0	0.04
72375493027	2014	9	28	13	0	0.15
72375493027	2014	9	28	15	0	0.01
72375493027	2014	9	28	18	0	0.05
72375493027	2014	9	28	20	0	0.01
72375493027	2014	10	8	19	0	0.01
72375493027	2014	10	8	21	0	0.02
72375493027	2014	10	8	22	0	0.06
72375493027	2014	10	8	23	0	0.01
72375493027	2014	10	9	1	0	0.01
72375493027	2014	10	9	3	0	0.02
72375493027	2014	10	9	4	0	0.04
72375493027	2014	10	9	5	0	0.07
72375493027	2014	10	9	6	0	0.07
72375493027	2014	10	9	9	0	0.04
72375493027	2014	10	9	10	0	0.01
72375493027	2014	10	9	14	0	0.02
72375493027	2014	10	9	15	0	0.01
72375493027	2014	10	9	19	0	0.01
72375493027	2014	10	19	11	0	0.002
72375493027	2014	10	19	17	0	0.01
72375493027	2014	10	19	20	0	0.042
72375493027	2014	10	19	21	0	0.02
72375493027	2014	11	2	11	0	0.01
72375493027	2014	11	16	9	0	0.02
72375493027	2014	11	16	10	0	0.04
72375493027	2014	11	16	11	0	0.04
72375493027	2014	11	16	12	0	0.04
72375493027	2014	11	16	13	0	0.06
72375493027	2014	12	3	7	0	0.01
72375493027	2014	12	3	8	0	0.03
72375493027	2014	12	3	22	0	0.01
72375493027	2014	12	3	23	0	0.11
72375493027	2014	12	4	0	0	0.03
72375493027	2014	12	4	11	0	0.024
72375493027	2014	12	4	12	0	0.14
72375493027	2014	12	4	13	0	0.07
72375493027	2014	12	4	14	0	0.08
72375493027	2014	12	4	15	0	0.1
72375493027	2014	12	4	16	0	0.12
72375493027	2014	12	4	17	0	0.08
72375493027	2014	12	4	18	0	0.08
72375493027	2014	12	4	19	0	0.07
72375493027	2014	12	4	20	0	0.09
72375493027	2014	12	4	21	0	0.06
72375493027	2014	12	4	23	0	0.01
72375493027	2014	12	13	19	0	0.18
72375493027	2014	12	13	20	0	0.05
72375493027	2014	12	13	21	0	0.07
72375493027	2014	12	13	22	0	0.02
72375493027	2014	12	17	12	0	0.01
72375493027	2014	12	17	14	0	0.02
72375493027	2014	12	17	16	0	0.01
72375493027	2014	12	17	17	0	0.02
72375493027	2014	12	17	18	0	0.02
72375493027	2014	12	17	19	0	0.02
72375493027	2015	1	1	5	0	0.02
72375493027	2015	1	1	6	0	0.09
72375493027	2015	1	1	7	0	0.06
72375493027	2015	1	1	8	0	0.01
72375493027	2015	1	1	9	0	0.02
72375493027	2015	1	2	16	0	0.01
72375493027	2015	1	2	19	0	0.01
72375493027	2015	1	2	20	0	0.04
72375493027	2015	1	3	0	0	0.01
72375493027	2015	1	12	2	0	0.01
72375493027	2015	1	12	3	0	0.01
72375493027	2015	1	12	4	0	0.01
72375493027	2015	1	12	9	0	0.05
72375493027	2015	1	12	10	0	0.03
72375493027	2015	1	12	11	0	0.17
72375493027	2015	1	12	12	0	0.01
72375493027	2015	1	12	21	0	0.01
72375493027	2015	1	12	22	0	0.02
72375493027	2015	1	13	12	0	0.01
72375493027	2015	1	13	13	0	0.04
72375493027	2015	1	13	14	0	0.01
72375493027	2015	1	13	16	0	0.01
72375493027	2015	1	13	18	0	0.05
72375493027	2015	1	13	22	0	0.02
72375493027	2015	1	14	1	0	0.02
72375493027	2015	1	14	3	0	0.01
72375493027	2015	1	21	23	0	0.03
72375493027	2015	1	27	11	0	0.01
72375493027	2015	1	30	2	0	0.03
72375493027	2015	1	30	3	0	0.09
72375493027	2015	1	30	4	0	0.1
72375493027	2015	1	30	5	0	0.03
72375493027	2015	1	30	6	0	0.01
72375493027	2015	1	30	7	0	0.01
72375493027	2015	1	30	12	0	0.01
72375493027	2015	1	30	13	0	0.02
72375493027	2015	1	30	17	0	0.04
72375493027	2015	1	30	18	0	0.02
72375493027	2015	1	30	19	0	0.01
72375493027	2015	1	31	2	0	0.003
72375493027	2015	1	31	3	0	0.03
72375493027	2015	1	31	4	0	0.05
72375493027	2015	1	31	5	0	0.09
72375493027	2015	1	31	6	0	0.08
72375493027	2015	1	31	7	0	0.05
72375493027	2015	1	31	8	0	0.02
72375493027	2015	2	1	4	0	0.02
72375493027	2015	2	11	21	0	0.01
72375493027	2015	2	11	23	0	0.03
72375493027	2015	2	24	13	0	0.01
72375493027	2015	2	24	15	0	0.01
72375493027	2015	2	24	21	0	0.01
72375493027	2015	3	1	6	0	0.01
72375493027	2015	3	1	13	0	0.01
72375493027	2015	3	2	23	0	0.001
72375493027	2015	3	3	0	0	0.05
72375493027	2015	3	3	1	0	0.01
72375493027	2015	3	3	2	0	0.01
72375493027	2015	3	13	1	0	0.01
72375493027	2015	3	19	9	0	0.01
72375493027	2015	3	19	10	0	0.03
72375493027	2015	3	20	0	0	0.01
72375493027	2015	3	20	3	0	0.01
72375493027	2015	3	20	4	0	0.01
72375493027	2015	3	20	5	0	0.01
72375493027	2015	3	20	6	0	0.02
72375493027	2015	3	21	2	0	0.08
72375493027	2015	3	21	3	0	0.06
72375493027	2015	4	26	8	0	0.01
72375493027	2015	4	26	9	0	0.03
72375493027	2015	4	26	10	0	0.01
72375493027	2015	4	26	18	0	0.01
72375493027	2015	4	26	22	0	0.06
72375493027	2015	4	26	23	0	0.01
72375493027	2015	4	27	0	0	0.04
72375493027	2015	4	27	1	0	0.01
72375493027	2015	5	4	18	0	0.03
72375493027	2015	5	4	21	0	0.1
72375493027	2015	5	4	23	0	0.01
72375493027	2015	5	5	3	0	0.01
72375493027	2015	5	5	6	0	0.03
72375493027	2015	5	5	19	0	0.01
72375493027	2015	5	5	20	0	0.01
72375493027	2015	5	5	22	0	0.01
72375493027	2015	5	5	23	0	0.01
72375493027	2015	5	6	0	0	0.03
72375493027	2015	5	6	1	0	0.01
72375493027	2015	5	9	12	0	0.01
72375493027	2015	5	16	3	0	0.02
72375493027	2015	5	16	7	0	0.01
72375493027	2015	5	16	10	0	0.09
72375493027	2015	5	16	14	0	0.01
72375493027	2015	6	5	17	0	0.01
72375493027	2015	6	5	19	0	0.01
72375493027	2015	6	6	3	0	0.01
72375493027	2015	6	6	22	0	0.03
72375493027	2015	6	10	2	0	0.01
72375493027	2015	6	28	3	0	0.05
72375493027	2015	6	29	23	0	0.36
72375493027	2015	6	30	0	0	0.01
72375493027	2015	7	1	0	0	0.01
72375493027	2015	7	2	1	0	0.08
72375493027	2015	7	2	2	0	0.236
72375493027	2015	7	2	3	0	0.13
72375493027	2015	7	2	4	0	0.04
72375493027	2015	7	2	5	0	0.05
72375493027	2015	7	4	1	0	0.02
72375493027	2015	7	4	2	0	0.01
72375493027	2015	7	4	3	0	0.01
72375493027	2015	7	4	19	0	0.01
72375493027	2015	7	9	12	0	0.08
72375493027	2015	7	9	13	0	0.02
72375493027	2015	7	9	14	0	0.11
72375493027	2015	7	9	15	0	0.04
72375493027	2015	7	9	16	0	0.06
72375493027	2015	7	9	19	0	0.12
72375493027	2015	7	9	20	0	0.11
72375493027	2015	7	10	3	0	0.02
72375493027	2015	7	10	7	0	0.01
72375493027	2015	7	10	8	0	0.01
72375493027	2015	7	10	17	0	0.01
72375493027	2015	7	10	19	0	0.02
72375493027	2015	7	11	1	0	0.01
72375493027	2015	7	11	3	0	0.02
72375493027	2015	7	11	9	0	0.01
72375493027	2015	7	11	17	0	0.02
72375493027	2015	7	12	21	0	0.02
72375493027	2015	7	12	22	0	0.1
72375493027	2015	7	12	23	0	0.05
72375493027	2015	7	13	0	0	0.01
72375493027	2015	7	13	1	0	0.16
72375493027	2015	7	13	2	0	0.34
72375493027	2015	7	13	3	0	0.02
72375493027	2015	7	15	21	0	0.07
72375493027	2015	7	15	22	0	0.11
72375493027	2015	7	15	23	0	0.1
72375493027	2015	7	19	3	0	0.01
72375493027	2015	7	19	5	0	0.03
72375493027	2015	7	19	6	0	0.01
72375493027	2015	7	19	7	0	0.01
72375493027	2015	7	19	10	0	0.01
72375493027	2015	7	19	12	0	0.01
72375493027	2015	7	20	20	0	0.01
72375493027	2015	7	23	2	0	0.04
72375493027	2015	7	24	4	0	0.02
72375493027	2015	7	24	5	0	0.01
72375493027	2015	7	27	0	0	0.04
72375493027	2015	7	29	22	0	0.01
72375493027	2015	7	29	23	0	0.16
72375493027	2015	7	30	0	0	0.13
72375493027	2015	7	30	1	0	0.05
72375493027	2015	7	30	2	0	0.01
72375493027	2015	8	1	19	0	0.02
72375493027	2015	8	1	22	0	0.04
72375493027	2015	8	2	9	0	0.13
72375493027	2015	8	7	21	0	0.01
72375493027	2015	8	8	23	0	0.03
72375493027	2015	8	9	0	0	0.02
72375493027	2015	8	10	23	0	0.017
72375493027	2015	8	11	3	0	0.05
72375493027	2015	8	11	4	0	0.01
72375493027	2015	8	11	5	0	0.11
72375493027	2015	8	12	0	0	0.07
72375493027	2015	8	12	1	0	0.01
72375493027	2015	8	12	3	0	0.04
72375493027	2015	8	12	4	0	0.1
72375493027	2015	8	12	5	0	0.04
72375493027	2015	8	12	6	0	0.01
72375493027	2015	8	23	23	0	0.11
72375493027	2015	8	25	1	0	0.03
72375493027	2015	8	25	19	0	0.02
72375493027	2015	8	25	20	0	0.01
72375493027	2015	8	25	21	0	0.02
72375493027	2015	8	25	22	0	0.02
72375493027	2015	8	25	23	0	0.01
72375493027	2015	8	26	5	0	0.06
72375493027	2015	8	26	6	0	0.04
72375493027	2015	8	26	7	0	0.01
72375493027	2015	8	26	21	0	0.31
72375493027	2015	8	26	22	0	0.33
72375493027	2015	8	26	23	0	0.08
72375493027	2015	8	27	3	0	0.01
72375493027	2015	8	27	5	0	0.05
72375493027	2015	8	27	6	0	0.08
72375493027	2015	8	27	7	0	0.06
72375493027	2015	9	2	20	0	0.014
72375493027	2015	9	2	21	0	0.01
72375493027	2015	9	2	22	0	0.01
72375493027	2015	9	2	23	0	0.09
72375493027	2015	9	3	1	0	0.07
72375493027	2015	9	3	19	0	0.04
72375493027	2015	9	3	20	0	0.26
72375493027	2015	9	4	1	0	0.02
72375493027	2015	9	4	2	0	0.03
72375493027	2015	9	4	3	0	0.05
72375493027	2015	9	7	20	0	0.003
72375493027	2015	9	7	21	0	0.39
72375493027	2015	9	8	5	0	0.01
72375493027	2015	9	19	21	0	0.02
72375493027	2015	9	19	22	0	0.08
72375493027	2015	9	19	23	0	0.01
72375493027	2015	9	20	2	0	0.01
72375493027	2015	9	21	22	0	0.01
72375493027	2015	9	21	23	0	0.04
72375493027	2015	9	22	0	0	0.07
72375493027	2015	9	22	2	0	0.04
72375493027	2015	9	22	3	0	0.05
72375493027	2015	9	22	4	0	0.08
72375493027	2015	9	22	5	0	0.03
72375493027	2015	9	22	17	0	0.01
72375493027	2015	9	23	1	0	0.01
72375493027	2015	9	23	3	0	0.01
72375493027	2015	9	23	4	0	0.01
72375493027	2015	10	4	10	0	0.01
72375493027	2015	10	5	21	0	0.09
72375493027	2015	10	5	22	0	0.01
72375493027	2015	10	5	23	0	0.02
72375493027	2015	10	6	0	0	0.32
72375493027	2015	10	6	1	0	0.01
72375493027	2015	10	6	21	0	0.05
72375493027	2015	10	6	22	0	0.01
72375493027	2015	10	7	1	0	0.02
72375493027	2015	10	7	8	0	0.002
72375493027	2015	10	7	9	0	0.03
72375493027	2015	10	7	10	0	0.03
72375493027	2015	10	18	19	0	0.04
72375493027	2015	10	18	20	0	0.05
72375493027	2015	10	20	17	0	0.02
72375493027	2015	10	20	18	0	0.33
72375493027	2015	10	20	20	0	0.02
72375493027	2015	10	20	22	0	0.01
72375493027	2015	10	21	0	0	0.01
72375493027	2015	10	21	1	0	0.02
72375493027	2015	10	21	3	0	0.01
72375493027	2015	10	21	4	0	0.08
72375493027	2015	10	21	5	0	0.01
72375493027	2015	10	21	6	0	0.05
72375493027	2015	10	21	7	0	0.02
72375493027	2015	10	21	9	0	0.12
72375493027	2015	10	21	11	0	0.03
72375493027	2015	10	21	12	0	0.06
72375493027	2015	10	21	20	0	0.004
72375493027	2015	10	22	19	0	0.01
72375493027	2015	10	29	14	0	0.01
72375493027	2015	10	29	18	0	0.04
72375493027	2015	10	29	19	0	0.07
72375493027	2015	10	30	3	0	0.01
72375493027	2015	10	30	20	0	0.01
72375493027	2015	10	30	21	0	0.03
72375493027	2015	11	4	11	0	0.002
72375493027	2015	11	4	13	0	0.07
72375493027	2015	11	4	17	0	0.05
72375493027	2015	11	4	18	0	0.01
72375493027	2015	11	4	19	0	0.07
72375493027	2015	11	4	20	0	0.013
72375493027	2015	11	5	1	0	0.02
72375493027	2015	11	5	6	0	0.01
72375493027	2015	11	5	8	0	0.09
72375493027	2015	11	5	9	0	0.03
72375493027	2015	11	15	15	0	0.07
72375493027	2015	11	15	16	0	0.03
72375493027	2015	11	15	17	0	0.04
72375493027	2015	11	15	18	0	0.02
72375493027	2015	11	15	22	0	0.02
72375493027	2015	11	16	9	0	0.01
72375493027	2015	11	16	10	0	0.03
72375493027	2015	11	16	11	0	0.02
72375493027	2015	11	16	12	0	0.01
72375493027	2015	11	16	13	0	0.01
72375493027	2015	11	16	15	0	0.01
72375493027	2015	12	12	8	0	0.03
72375493027	2015	12	12	9	0	0.09
72375493027	2015	12	12	10	0	0.19
72375493027	2015	12	12	11	0	0.06
72375493027	2015	12	12	12	0	0.04
72375493027	2015	12	12	13	0	0.01
72375493027	2015	12	12	19	0	0.05
72375493027	2015	12	22	17	0	0.01
72375493027	2015	12	23	22	0	0.01
72375493027	2015	12	24	11	0	0.02
72375493027	2015	12	24	12	0	0.03
72375493027	2015	12	24	13	0	0.07
72375493027	2015	12	24	15	0	0.02
72375493027	2015	12	24	16	0	0.01
72375493027	2015	12	29	17	0	0.01
72375493027	2015	12	29	23	0	0.02
72375493027	2016	1	6	2	0	0.01
72375493027	2016	1	8	21	0	0.01
72375493027	2016	1	9	1	0	0.01
72375493027	2016	1	9	3	0	0.02
72375493027	2016	1	15	22	0	0.09
72375493027	2016	1	15	23	0	0.05
72375493027	2016	1	16	0	0	0.01
72375493027	2016	2	1	8	0	0.002
72375493027	2016	2	1	9	0	0.24
72375493027	2016	2	1	10	0	0.02
72375493027	2016	4	8	12	0	0.013
72375493027	2016	4	8	13	0	0.01
72375493027	2016	4	8	18	0	0.02
72375493027	2016	4	8	21	0	0.01
72375493027	2016	4	10	20	0	0.01
72375493027	2016	4	10	21	0	0.01
72375493027	2016	4	10	22	0	0.09
72375493027	2016	4	12	10	0	0.01
72375493027	2016	4	12	11	0	0.004
72375493027	2016	4	12	12	0	0.06
72375493027	2016	4	12	13	0	0.03
72375493027	2016	4	16	2	0	0.002
72375493027	2016	4	16	3	0	0.01
72375493027	2016	4	16	13	0	0.01
72375493027	2016	4	16	17	0	0.04
72375493027	2016	4	16	18	0	0.04
72375493027	2016	4	16	19	0	0.01
72375493027	2016	4	16	20	0	0.01
72375493027	2016	4	16	21	0	0.05
72375493027	2016	4	16	22	0	0.01
72375493027	2016	4	17	5	0	0.02
72375493027	2016	4	29	20	0	0.001
72375493027	2016	4	29	22	0	0.02
72375493027	2016	4	30	4	0	0.03
72375493027	2016	4	30	6	0	0.02
72375493027	2016	4	30	7	0	0.01
72375493027	2016	5	1	3	0	0.04
72375493027	2016	5	1	4	0	0.05
72375493027	2016	5	1	7	0	0.07
72375493027	2016	5	1	18	0	0.03
72375493027	2016	5	1	19	0	0.07
72375493027	2016	5	1	20	0	0.01
72375493027	2016	5	1	23	0	0.01
72375493027	2016	5	2	22	0	0.01
72375493027	2016	5	7	11	0	0.01
72375493027	2016	5	8	14	0	0.01
72375493027	2016	5	15	2	0	0.01
72375493027	2016	5	17	18	0	0.04
72375493027	2016	5	18	15	0	0.01
72375493027	2016	5	18	16	0	0.11
72375493027	2016	5	18	17	0	0.24
72375493027	2016	5	18	18	0	0.09
72375493027	2016	5	18	19	0	0.02
72375493027	2016	6	11	23	0	0.02
72375493027	2016	6	26	22	0	0.01
72375493027	2016	6	30	10	0	0.04
72375493027	2016	6	30	12	0	0.18
72375493027	2016	6	30	13	0	0.04
72375493027	2016	6	30	14	0	0.05
72375493027	2016	7	1	5	0	0.01
72375493027	2016	7	1	8	0	0.01
72375493027	2016	7	1	12	0	0.01
72375493027	2016	7	1	16	0	0.01
72375493027	2016	7	1	18	0	0.01
72375493027	2016	7	1	19	0	0.04
72375493027	2016	7	1	20	0	0.01
72375493027	2016	7	2	15	0	0.02
72375493027	2016	7	18	22	0	0.24
72375493027	2016	7	19	23	0	0.02
72375493027	2016	7	20	1	0	0.03
72375493027	2016	7	20	2	0	0.01
72375493027	2016	7	24	15	0	0.02
72375493027	2016	7	25	0	0	0.03
72375493027	2016	7	25	1	0	0.01
72375493027	2016	7	26	21	0	0.05
72375493027	2016	8	2	5	0	0.02
72375493027	2016	8	2	6	0	0.01
72375493027	2016	8	3	1	0	0.01
72375493027	2016	8	3	2	0	0.06
72375493027	2016	8	3	3	0	0.17
72375493027	2016	8	3	22	0	0.15
72375493027	2016	8	4	0	0	0.01
72375493027	2016	8	5	0	0	0.07
72375493027	2016	8	5	1	0	0.06
72375493027	2016	8	5	2	0	0.28
72375493027	2016	8	5	3	0	0.08
72375493027	2016	8	5	4	0	0.08
72375493027	2016	8	5	5	0	0.02
72375493027	2016	8	6	21	0	0.15
72375493027	2016	8	7	3	0	0.13
72375493027	2016	8	7	4	0	0.02
72375493027	2016	8	11	5	0	0.01
72375493027	2016	8	19	20	0	0.01
72375493027	2016	8	19	22	0	0.09
72375493027	2016	8	22	8	0	0.02
72375493027	2016	8	23	1	0	0.18
72375493027	2016	8	23	13	0	0.04
72375493027	2016	8	23	14	0	0.04
72375493027	2016	8	23	15	0	0.06
72375493027	2016	8	23	16	0	0.01
72375493027	2016	8	23	19	0	0.14
72375493027	2016	8	23	20	0	0.01
72375493027	2016	8	26	6	0	0.05
72375493027	2016	8	27	17	0	0.04
72375493027	2016	8	27	18	0	0.08
72375493027	2016	8	27	19	0	0.07
72375493027	2016	9	14	0	0	0.09
72375493027	2016	9	14	1	0	0.01
72375493027	2016	9	23	18	0	0.1
72375493027	2016	9	28	0	0	0.06
72375493027	2016	9	28	1	0	0.07
72375493027	2016	9	28	2	0	0.03
72375493027	2016	9	29	3	0	0.02
72375493027	2016	9	29	4	0	0.04
72375493027	2016	9	29	12	0	0.01
72375493027	2016	9	29	15	0	0.16
72375493027	2016	9	29	16	0	0.07
72375493027	2016	9	29	17	0	0.02
72375493027	2016	9	29	18	0	0.01
72375493027	2016	9	29	20	0	0.1
72375493027	2016	9	29	21	0	0.03
72375493027	2016	10	3	0	0	0.01
72375493027	2016	10	3	1	0	0.02
72375493027	2016	10	3	2	0	0.12
72375493027	2016	10	3	3	0	0.04
72375493027	2016	10	3	4	0	0.01
72375493027	2016	10	3	7	0	0.01
72375493027	2016	10	9	2	0	0.01
72375493027	2016	10	9	3	0	0.03
72375493027	2016	11	3	10	0	0.04
72375493027	2016	11	3	15	0	0.07
72375493027	2016	11	3	16	0	0.04
72375493027	2016	11	4	7	0	0.05
72375493027	2016	11	4	8	0	0.31
72375493027	2016	11	4	9	0	0.17
72375493027	2016	11	4	18	0	0.02
72375493027	2016	11	4	19	0	0.12
72375493027	2016	11	4	20	0	0.02
72375493027	2016	11	4	22	0	0.12
72375493027	2016	11	4	23	0	0.11
72375493027	2016	11	5	0	0	0.1
72375493027	2016	11	21	15	0	0.01
72375493027	2016	11	21	17	0	0.01
72375493027	2016	11	21	18	0	0.02
72375493027	2016	11	21	21	0	0.04
72375493027	2016	11	21	22	0	0.04
72375493027	2016	11	28	5	0	0.01
72375493027	2016	11	28	9	0	0.01
72375493027	2016	11	29	10	0	0.01
72375493027	2016	12	17	11	0	0.01
72375493027	2016	12	17	12	0	0.02
72375493027	2016	12	22	1	0	0.01
72375493027	2016	12	22	5	0	0.02
72375493027	2016	12	22	6	0	0.02
72375493027	2016	12	22	8	0	0.01
72375493027	2016	12	22	9	0	0.08
72375493027	2016	12	22	10	0	0.02
72375493027	2016	12	22	11	0	0.02
72375493027	2016	12	22	12	0	0.02
72375493027	2016	12	22	13	0	0.02
72375493027	2016	12	22	16	0	0.06
72375493027	2016	12	22	17	0	0.01
72375493027	2016	12	22	21	0	0.01
72375493027	2016	12	22	22	0	0.09
72375493027	2016	12	22	23	0	0.01
72375493027	2016	12	31	9	0	0.03
72375493027	2016	12	31	10	0	0.06
72375493027	2017	1	1	19	0	0.02
72375493027	2017	1	1	20	0	0.01
72375493027	2017	1	6	10	0	0.02
72375493027	2017	1	6	11	0	0.01
72375493027	2017	1	6	15	0	0.01
72375493027	2017	1	9	23	0	0.01
72375493027	2017	1	15	5	0	0.01
72375493027	2017	1	15	7	0	0.02
72375493027	2017	1	16	4	0	0.02
72375493027	2017	1	16	5	0	0.06
72375493027	2017	1	16	6	0	0.01
72375493027	2017	1	16	8	0	0.01
72375493027	2017	1	19	20	0	0.01
72375493027	2017	1	20	0	0	0.01
72375493027	2017	1	21	11	0	0.05
72375493027	2017	1	21	18	0	0.02
72375493027	2017	1	24	1	0	0.05
72375493027	2017	1	24	2	0	0.12
72375493027	2017	1	24	3	0	0.03
72375493027	2017	1	24	4	0	0.01
72375493027	2017	1	24	5	0	0.01
72375493027	2017	1	24	6	0	0.03
72375493027	2017	1	24	7	0	0.02
72375493027	2017	1	24	8	0	0.01
72375493027	2017	2	13	0	0	0.01
72375493027	2017	2	13	1	0	0.01
72375493027	2017	2	13	5	0	0.02
72375493027	2017	2	13	15	0	0.01
72375493027	2017	2	13	18	0	0.01
72375493027	2017	2	14	11	0	0.03
72375493027	2017	2	14	12	0	0.02
72375493027	2017	2	14	13	0	0.01
72375493027	2017	2	28	16	0	0.01
72375493027	2017	2	28	17	0	0.05
72375493027	2017	2	28	18	0	0.02
72375493027	2017	3	23	15	0	0.02
72375493027	2017	3	23	16	0	0.02
72375493027	2017	3	24	0	0	0.02
72375493027	2017	3	28	3	0	0.01
72375493027	2017	3	28	6	0	0.01
72375493027	2017	3	28	7	0	0.02
72375493027	2017	3	28	15	0	0.01
72375493027	2017	3	28	16	0	0.01
72375493027	2017	3	28	21	0	0.05
72375493027	2017	3	28	22	0	0.01
72375493027	2017	3	29	2	0	0.02
72375493027	2017	3	31	12	0	0.03
72375493027	2017	3	31	13	0	0.05
72375493027	2017	4	1	19	0	0.01
72375493027	2017	4	4	4	0	0.03
72375493027	2017	4	4	5	0	0.04
72375493027	2017	4	25	19	0	0.06
72375493027	2017	4	25	20	0	0.03
72375493027	2017	4	26	1	0	0.01
72375493027	2017	4	28	15	0	0.03
72375493027	2017	4	28	16	0	0.01
72375493027	2017	4	28	17	0	0.02
72375493027	2017	4	28	18	0	0.01
72375493027	2017	4	28	22	0	0.11
72375493027	2017	4	28	23	0	0.03
72375493027	2017	4	29	0	0	0.04
72375493027	2017	4	29	1	0	0.03
72375493027	2017	4	29	23	0	0.01
72375493027	2017	5	9	8	0	0.01
72375493027	2017	5	10	19	0	0.01
72375493027	2017	5	10	22	0	0.01
72375493027	2017	5	10	23	0	0.02
72375493027	2017	5	18	6	0	0.01
72375493027	2017	5	18	7	0	0.01
72375493027	2017	5	18	8	0	0.05
72375493027	2017	5	18	9	0	0.09
72375493027	2017	5	19	9	0	0.06
72375493027	2017	5	31	17	0	0.01
72375493027	2017	6	1	19	0	0.04
72375493027	2017	6	8	2	0	0.01
72375493027	2017	6	8	4	0	0.01
72375493027	2017	7	8	21	0	0.02
72375493027	2017	7	10	0	0	0.41
72375493027	2017	7	10	1	0	0.04
72375493027	2017	7	10	2	0	0.02
72375493027	2017	7	11	4	0	0.04
72375493027	2017	7	12	5	0	0.01
72375493027	2017	7	15	23	0	0.03
72375493027	2017	7	16	0	0	0.11
72375493027	2017	7	19	23	0	0.1
72375493027	2017	7	20	20	0	0.008
72375493027	2017	7	21	22	0	0.25
72375493027	2017	7	22	3	0	0.03
72375493027	2017	7	22	4	0	0.03
72375493027	2017	7	22	12	0	0.03
72375493027	2017	7	24	6	0	0.03
72375493027	2017	7	24	7	0	0.01
72375493027	2017	7	24	21	0	0.03
72375493027	2017	7	24	22	0	0.03
72375493027	2017	7	24	23	0	0.01
72375493027	2017	7	25	0	0	0.01
72375493027	2017	7	26	0	0	0.09
72375493027	2017	7	26	1	0	0.01
72375493027	2017	7	28	1	0	0.01
72375493027	2017	7	29	0	0	0.04
72375493027	2017	7	29	1	0	0.03
72375493027	2017	7	29	10	0	0.01
72375493027	2017	7	30	3	0	0.57
72375493027	2017	7	30	5	0	0.01
72375493027	2017	7	30	6	0	0.01
72375493027	2017	7	30	23	0	0.01
72375493027	2017	7	31	6	0	0.01
72375493027	2017	8	1	23	0	0.03
72375493027	2017	8	4	21	0	0.03
72375493027	2017	8	4	22	0	0.09
72375493027	2017	8	5	18	0	0.38
72375493027	2017	8	5	19	0	0.15
72375493027	2017	8	11	13	0	0.02
72375493027	2017	8	11	14	0	0.02
72375493027	2017	8	11	15	0	0.04
72375493027	2017	8	11	18	0	0.06
72375493027	2017	8	11	19	0	0.08
72375493027	2017	8	11	22	0	0.02
72375493027	2017	8	11	23	0	0.01
72375493027	2017	8	12	10	0	0.01
72375493027	2017	8	27	21	0	0.01
72375493027	2017	8	28	21	0	0.01
72375493027	2017	9	7	21	0	0.02
72375493027	2017	9	8	19	0	0.02
72375493027	2017	9	9	19	0	0.12
72375493027	2017	9	9	20	0	0.02
72375493027	2017	9	14	12	0	0.03
72375493027	2017	9	14	13	0	0.01
72375493027	2017	9	14	23	0	0.05
72375493027	2017	9	15	2	0	0.01
72375493027	2017	9	27	21	0	0.11
72375493027	2018	1	7	9	0	0.04
72375493027	2018	1	10	6	0	0.03
72375493027	2018	1	10	8	0	0.12
72375493027	2018	1	10	9	0	0.13
72375493027	2018	1	10	10	0	0.01
72375493027	2018	1	10	11	0	0.01
72375493027	2018	1	10	15	0	0.01
72375493027	2018	1	21	2	0	0.01
72375493027	2018	2	15	3	0	0.08
72375493027	2018	2	15	4	0	0.08
72375493027	2018	2	15	5	0	0.1
72375493027	2018	2	15	6	0	0.06
72375493027	2018	2	15	7	0	0.04
72375493027	2018	2	15	8	0	0.04
72375493027	2018	2	15	9	0	0.09
72375493027	2018	2	15	10	0	0.07
72375493027	2018	2	15	11	0	0.11
72375493027	2018	2	15	12	0	0.09
72375493027	2018	2	15	13	0	0.08
72375493027	2018	2	15	14	0	0.02
72375493027	2018	2	15	15	0	0.01
72375493027	2018	2	15	16	0	0.02
72375493027	2018	2	15	17	0	0.01
72375493027	2018	2	19	13	0	0.03
72375493027	2018	2	20	1	0	0.02
72375493027	2018	2	20	5	0	0.01
72375493027	2018	2	20	6	0	0.01
72375493027	2018	2	20	7	0	0.01
72375493027	2018	2	20	9	0	0.01
72375493027	2018	2	24	4	0	0.01
72375493027	2018	2	24	5	0	0.01
72375493027	2018	2	24	6	0	0.01
72375493027	2018	2	24	7	0	0.01
72375493027	2018	2	28	14	0	0.01
72375493027	2018	3	11	1	0	0.02
72375493027	2018	3	11	2	0	0.02
72375493027	2018	3	11	4	0	0.03
72375493027	2018	3	11	5	0	0.04
72375493027	2018	3	11	6	0	0.05
72375493027	2018	3	11	7	0	0.01
72375493027	2018	3	11	8	0	0.01
72375493027	2018	3	11	9	0	0.02
72375493027	2018	3	11	10	0	0.01
72375493027	2018	3	11	11	0	0.03
72375493027	2018	3	11	12	0	0.04
72375493027	2018	3	11	14	0	0.05
72375493027	2018	3	11	15	0	0.05
72375493027	2018	3	11	16	0	0.03
72375493027	2018	3	11	17	0	0.09
72375493027	2018	3	11	18	0	0.14
72375493027	2018	3	11	19	0	0.07
72375493027	2018	3	11	21	0	0.05
72375493027	2018	3	11	22	0	0.05
72375493027	2018	3	11	23	0	0.05
72375493027	2018	3	12	0	0	0.04
72375493027	2018	3	12	1	0	0.02
72375493027	2018	3	15	17	0	0.01
72375493027	2018	3	15	18	0	0.01
72375493027	2018	3	18	16	0	0.03
72375493027	2018	3	27	11	0	0.001
72375493027	2018	3	27	12	0	0.05
72375493027	2018	3	27	13	0	0.01
72375493027	2018	3	27	15	0	0.01
72375493027	2018	3	27	16	0	0.04
72375493027	2018	3	27	17	0	0.01
72375493027	2018	3	27	18	0	0.06
72375493027	2018	3	27	19	0	0.02
72375493027	2018	3	27	21	0	0.02
72375493027	2018	4	20	23	0	0.05
72375493027	2018	4	21	0	0	0.06
72375493027	2018	4	21	1	0	0.11
72375493027	2018	4	28	18	0	0.01
72375493027	2018	4	28	20	0	0.01
72375493027	2018	5	2	18	0	0.01
72375493027	2018	5	2	23	0	0.01
72375493027	2018	6	14	19	0	0.01
72375493027	2018	6	16	5	0	0.01
72375493027	2018	6	16	7	0	0.01
72375493027	2018	6	16	8	0	0.03
72375493027	2018	6	16	9	0	0.05
72375493027	2018	6	16	10	0	0.06
72375493027	2018	6	16	11	0	0.04
72375493027	2018	6	16	12	0	0.01
72375493027	2018	6	16	17	0	0.03
72375493027	2018	6	16	18	0	0.12
72375493027	2018	6	16	19	0	0.01
72375493027	2018	6	16	21	0	0.02
72375493027	2018	7	8	4	0	0.01
72375493027	2018	7	8	5	0	0.01
72375493027	2018	7	8	7	0	0.01
72375493027	2018	7	8	8	0	0.01
72375493027	2018	7	11	22	0	0.14
72375493027	2018	7	11	23	0	0.15
72375493027	2018	7	12	0	0	0.01
72375493027	2018	7	12	1	0	0.02
72375493027	2018	7	12	14	0	0.07
72375493027	2018	7	12	23	0	0.03
72375493027	2018	7	13	0	0	0.03
72375493027	2018	7	13	1	0	0.01
72375493027	2018	7	14	2	0	0.043
72375493027	2018	7	14	3	0	0.24
72375493027	2018	7	14	4	0	0.09
72375493027	2018	7	14	5	0	0.18
72375493027	2018	7	14	23	0	0.01
72375493027	2018	7	16	0	0	0.13
72375493027	2018	7	16	1	0	0.16
72375493027	2018	7	16	2	0	0.01
72375493027	2018	7	16	3	0	0.05
72375493027	2018	7	16	4	0	0.06
72375493027	2018	7	16	5	0	0.09
72375493027	2018	7	16	6	0	0.05
72375493027	2018	7	17	1	0	0.03
72375493027	2018	7	17	2	0	0.01
72375493027	2018	7	17	3	0	0.08
72375493027	2018	7	17	4	0	0.13
72375493027	2018	7	17	5	0	0.05
72375493027	2018	7	17	6	0	0.05
72375493027	2018	7	17	7	0	0.02
72375493027	2018	7	17	8	0	0.02
72375493027	2018	7	18	4	0	0.12
72375493027	2018	7	27	1	0	0.01
72375493027	2018	8	3	13	0	0.01
72375493027	2018	8	10	0	0	0.16
72375493027	2018	8	10	1	0	0.29
72375493027	2018	8	13	1	0	0.01
72375493027	2018	8	15	0	0	0.13
72375493027	2018	8	15	1	0	0.01
72375493027	2018	8	15	21	0	0.1
72375493027	2018	8	17	23	0	0.02
72375493027	2018	8	19	1	0	0.14
72375493027	2018	8	19	2	0	0.08
72375493027	2018	8	21	19	0	0.02
72375493027	2018	8	21	21	0	0.04
72375493027	2018	8	22	21	0	0.04
72375493027	2018	8	22	22	0	0.04
72375493027	2018	8	22	23	0	0.01
72375493027	2018	8	23	1	0	0.03
72375493027	2018	8	25	17	0	0.01
72375493027	2018	8	25	20	0	0.04
72375493027	2018	8	26	1	0	0.41
72375493027	2018	8	26	2	0	0.06
72375493027	2018	8	27	0	0	0.01
72375493027	2018	8	27	4	0	0.01
72375493027	2018	9	1	15	0	0.25
72375493027	2018	9	1	16	0	0.22
72375493027	2018	9	20	0	0	0.01
72375493027	2018	9	20	1	0	0.08
72375493027	2018	9	20	2	0	0.04
72375493027	2018	9	20	3	0	0.03
72375493027	2018	9	20	4	0	0.04
72375493027	2018	9	20	5	0	0.04
72375493027	2018	9	20	6	0	0.02
72375493027	2018	9	20	8	0	0.01
72375493027	2018	9	25	11	0	0.01
72375493027	2018	9	25	12	0	0.01
72375493027	2018	10	1	19	0	0.01
72375493027	2018	10	1	20	0	0.03
72375493027	2018	10	1	21	0	0.01
72375493027	2018	10	2	0	0	0.14
72375493027	2018	10	2	1	0	0.04
72375493027	2018	10	2	14	0	0.03
72375493027	2018	10	2	18	0	0.01
72375493027	2018	10	2	21	0	0.01
72375493027	2018	10	2	23	0	0.01
72375493027	2018	10	3	9	0	0.11
72375493027	2018	10	3	10	0	0.26
72375493027	2018	10	3	11	0	0.09
72375493027	2018	10	3	12	0	0.01
72375493027	2018	10	3	13	0	0.1
72375493027	2018	10	3	14	0	0.01
72375493027	2018	10	3	16	0	0.01
72375493027	2018	10	7	15	0	0.01
72375493027	2018	10	7	16	0	0.06
72375493027	2018	10	7	17	0	0.06
72375493027	2018	10	7	18	0	0.03
72375493027	2018	10	7	19	0	0.03
72375493027	2018	10	7	20	0	0.02
72375493027	2018	10	8	1	0	0.02
72375493027	2018	10	8	21	0	0.01
72375493027	2018	10	12	9	0	0.01
72375493027	2018	10	13	23	0	0.31
72375493027	2018	10	14	9	0	0.01
72375493027	2018	10	15	0	0	0.01
72375493027	2018	10	15	1	0	0.02
72375493027	2018	10	15	2	0	0.01
72375493027	2018	10	15	5	0	0.02
72375493027	2018	10	15	6	0	0.03
72375493027	2018	10	15	7	0	0.06
72375493027	2018	10	15	9	0	0.01
72375493027	2018	10	15	10	0	0.01
72375493027	2018	10	15	11	0	0.01
72375493027	2018	10	15	12	0	0.01
72375493027	2018	10	15	22	0	0.02
72375493027	2018	10	15	23	0	0.03
72375493027	2018	10	16	0	0	0.01
72375493027	2018	10	16	1	0	0.01
72375493027	2018	10	16	7	0	0.04
72375493027	2018	10	16	8	0	0.01
72375493027	2018	10	16	9	0	0.02
72375493027	2018	10	16	16	0	0.01
72375493027	2018	10	16	17	0	0.05
72375493027	2018	10	16	22	0	0.01
72375493027	2018	10	23	17	0	0.004
72375493027	2018	10	23	21	0	0.02
72375493027	2018	10	31	3	0	0.03
72375493027	2018	10	31	4	0	0.05
72375493027	2018	10	31	5	0	0.01
72375493027	2018	10	31	6	0	0.04
72375493027	2018	10	31	8	0	0.02
72375493027	2018	10	31	9	0	0.04
72375493027	2018	10	31	11	0	0.02
72375493027	2018	10	31	12	0	0.1
72375493027	2018	10	31	13	0	0.05
72375493027	2018	11	30	10	0	0.05
72375493027	2018	11	30	11	0	0.03
72375493027	2018	12	2	15	0	0.01
72375493027	2018	12	2	23	0	0.01
72375493027	2018	12	7	5	0	0.003
72375493027	2018	12	7	6	0	0.03
72375493027	2018	12	7	7	0	0.01
72375493027	2018	12	7	8	0	0.01
72375493027	2018	12	7	10	0	0.01
72375493027	2018	12	18	3	0	0.01
72375493027	2018	12	18	4	0	0.02
72375493027	2018	12	26	7	0	0.1
72375493027	2018	12	26	8	0	0.03
72375493027	2018	12	26	10	0	0.01
72375493027	2018	12	26	14	0	0.02
72375493027	2018	12	26	16	0	0.01
72375493027	2018	12	26	19	0	0.01
72375493027	2018	12	26	20	0	0.01
72375493027	2018	12	28	7	0	0.01
72375493027	2018	12	28	8	0	0.01
72375493027	2018	12	28	9	0	0.05
72375493027	2018	12	28	10	0	0.01
72375493027	2019	1	1	2	0	0.016
72375493027	2019	1	1	3	0	0.07
72375493027	2019	1	1	4	0	0.09
72375493027	2019	1	1	5	0	0.06
72375493027	2019	1	1	6	0	0.04
72375493027	2019	1	1	7	0	0.04
72375493027	2019	1	1	9	0	0.03
72375493027	2019	1	1	10	0	0.03
72375493027	2019	1	1	11	0	0.01
72375493027	2019	1	1	12	0	0.02
72375493027	2019	1	1	13	0	0.02
72375493027	2019	1	1	14	0	0.01
72375493027	2019	1	2	10	0	0.01
72375493027	2019	1	2	11	0	0.01
72375493027	2019	1	10	17	0	0.01
72375493027	2019	1	11	9	0	0.08
72375493027	2019	1	13	10	0	0.02
72375493027	2019	1	13	11	0	0.04
72375493027	2019	1	13	12	0	0.03
72375493027	2019	1	13	13	0	0.02
72375493027	2019	1	13	14	0	0.01
72375493027	2019	1	18	16	0	0.02
72375493027	2019	1	18	18	0	0.01
72375493027	2019	2	5	2	0	0.01
72375493027	2019	2	6	14	0	0.01
72375493027	2019	2	11	13	0	0.01
72375493027	2019	2	14	18	0	0.03
72375493027	2019	2	14	19	0	0.04
72375493027	2019	2	15	7	0	0.01
72375493027	2019	2	16	18	0	0.02
72375493027	2019	2	16	19	0	0.02
72375493027	2019	2	17	1	0	0.01
72375493027	2019	2	19	23	0	0.01
72375493027	2019	2	22	4	0	0.03
72375493027	2019	2	22	5	0	0.04
72375493027	2019	2	22	6	0	0.04
72375493027	2019	2	22	7	0	0.02
72375493027	2019	2	22	8	0	0.03
72375493027	2019	2	22	9	0	0.03
72375493027	2019	2	22	12	0	0.02
72375493027	2019	2	22	14	0	0.03
72375493027	2019	2	22	15	0	0.02
72375493027	2019	2	22	16	0	0.02
72375493027	2019	2	22	17	0	0.01
72375493027	2019	3	8	23	0	0.02
72375493027	2019	3	12	2	0	0.05
72375493027	2019	3	12	6	0	0.02
72375493027	2019	3	12	7	0	0.02
72375493027	2019	3	12	8	0	0.02
72375493027	2019	3	12	9	0	0.03
72375493027	2019	3	12	15	0	0.01
72375493027	2019	3	12	16	0	0.15
72375493027	2019	3	12	17	0	0.17
72375493027	2019	3	12	18	0	0.05
72375493027	2019	3	12	19	0	0.03
72375493027	2019	3	13	16	0	0.05
72375493027	2019	4	7	1	0	0.01
72375493027	2019	4	17	4	0	0.05
72375493027	2019	4	17	5	0	0.02
72375493027	2019	4	17	6	0	0.01
72375493027	2019	4	17	12	0	0.01
72375493027	2019	4	17	15	0	0.05
72375493027	2019	4	17	16	0	0.02
72375493027	2019	4	23	21	0	0.03
72375493027	2019	4	30	4	0	0.02
72375493027	2019	4	30	5	0	0.02
72375493027	2019	5	8	13	0	0.01
72375493027	2019	5	8	16	0	0.04
72375493027	2019	5	8	17	0	0.02
72375493027	2019	5	8	19	0	0.06
72375493027	2019	5	9	0	0	0.02
72375493027	2019	5	9	4	0	0.02
72375493027	2019	5	10	2	0	0.02
72375493027	2019	5	10	4	0	0.01
72375493027	2019	5	10	5	0	0.06
72375493027	2019	5	10	6	0	0.02
72375493027	2019	5	10	7	0	0.05
72375493027	2019	5	10	8	0	0.04
72375493027	2019	5	10	9	0	0.01
72375493027	2019	5	10	10	0	0.03
72375493027	2019	5	10	11	0	0.03
72375493027	2019	5	10	12	0	0.03
72375493027	2019	5	10	13	0	0.01
72375493027	2019	5	10	14	0	0.04
72375493027	2019	5	10	15	0	0.07
72375493027	2019	5	10	16	0	0.01
72375493027	2019	5	10	19	0	0.02
72375493027	2019	5	10	20	0	0.11
72375493027	2019	5	11	2	0	0.06
72375493027	2019	5	11	7	0	0.02
72375493027	2019	5	12	0	0	0.12
72375493027	2019	5	12	22	0	0.01
72375493027	2019	5	15	0	0	0.04
72375493027	2019	5	20	14	0	0.015
72375493027	2019	5	20	15	0	0.02
72375493027	2019	5	20	22	0	0.01
72375493027	2019	6	10	22	0	0.1
72375493027	2019	6	10	23	0	0.02
72375493027	2019	6	11	0	0	0.18
72375493027	2019	6	11	1	0	0.16
72375493027	2019	6	11	2	0	0.1
72375493027	2019	6	28	18	0	0.07
72375493027	2019	6	28	22	0	0.01
72375493027	2019	6	30	23	0	0.01
72375493027	2019	7	2	0	0	0.01
72375493027	2019	7	25	7	0	0.69
72375493027	2019	7	25	8	0	0.18
72375493027	2019	7	25	9	0	0.02
72375493027	2019	7	27	3	0	0.07
72375493027	2019	7	28	4	0	0.04
72375493027	2019	7	28	5	0	0.011
72375493027	2019	7	28	6	0	0.039
72375493027	2019	7	28	7	0	0.004
72375493027	2019	7	29	23	0	0.01
72375493027	2019	7	31	6	0	0.01
72375493027	2019	7	31	18	0	0.02
72375493027	2019	7	31	20	0	0.08
72375493027	2019	7	31	22	0	0.05
72375493027	2019	7	31	23	0	0.01
72375493027	2019	8	1	0	0	0.05
72375493027	2019	8	1	1	0	0.04
72375493027	2019	8	1	4	0	0.03
72375493027	2019	8	1	5	0	0.01
72375493027	2019	8	2	3	0	0.01
72375493027	2019	8	7	6	0	0.03
72375493027	2019	8	8	22	0	0.01
72375493027	2019	8	8	23	0	0.01
72375493027	2019	8	9	8	0	0.01
72375493027	2019	8	9	11	0	0.02
72375493027	2019	8	9	13	0	0.01
72375493027	2019	8	9	14	0	0.01
72375493027	2019	8	9	15	0	0.01
72375493027	2019	8	9	16	0	0.01
72375493027	2019	8	9	18	0	0.01
72375493027	2019	8	9	19	0	0.02
72375493027	2019	8	11	0	0	0.04
72375493027	2019	8	11	1	0	0.05
72375493027	2019	8	11	2	0	0.01
72375493027	2019	8	11	4	0	0.02
72375493027	2019	8	11	8	0	0.01
72375493027	2019	8	11	10	0	0.01
72375493027	2019	8	11	13	0	0.01
72375493027	2019	8	11	14	0	0.02
72375493027	2019	8	13	0	0	0.004
72375493027	2019	8	28	21	0	0.12
72375493027	2019	9	7	22	0	0.01
72375493027	2019	9	15	12	0	0.03
72375493027	2019	9	15	13	0	0.02
72375493027	2019	9	15	16	0	0.01
72375493027	2019	9	15	17	0	0.01
72375493027	2019	9	16	21	0	0.01
72375493027	2019	9	19	20	0	0.01
72375493027	2019	9	23	13	0	0.04
72375493027	2019	9	23	14	0	0.08
72375493027	2019	9	23	15	0	0.14
72375493027	2019	9	23	16	0	0.1
72375493027	2019	9	23	17	0	0.05
72375493027	2019	9	23	19	0	0.04
72375493027	2019	9	23	21	0	0.07
72375493027	2019	9	23	22	0	0.02
72375493027	2019	9	23	23	0	0.2
72375493027	2019	9	24	0	0	0.04
72375493027	2019	9	24	1	0	0.05
72375493027	2019	10	28	11	0	0.01
72375493027	2019	11	6	12	0	0.02
72375493027	2019	11	6	13	0	0.02
72375493027	2019	11	6	17	0	0.04
72375493027	2019	11	6	19	0	0.05
72375493027	2019	11	6	20	0	0.01
72375493027	2019	11	7	2	0	0.074
72375493027	2019	11	7	3	0	0.06
72375493027	2019	11	20	1	0	0.01
72375493027	2019	11	20	3	0	0.01
72375493027	2019	11	20	4	0	0.15
72375493027	2019	11	20	6	0	0.01
72375493027	2019	11	20	8	0	0.02
72375493027	2019	11	20	9	0	0.04
72375493027	2019	11	20	10	0	0.01
72375493027	2019	11	21	3	0	0.01
72375493027	2019	11	21	5	0	0.02
72375493027	2019	11	21	6	0	0.18
72375493027	2019	11	21	7	0	0.05
72375493027	2019	11	21	8	0	0.04
72375493027	2019	11	21	9	0	0.03
72375493027	2019	11	21	10	0	0.01
72375493027	2019	11	21	12	0	0.03
72375493027	2019	11	21	13	0	0.02
72375493027	2019	11	21	14	0	0.01
72375493027	2019	11	21	15	0	0.02
72375493027	2019	11	21	16	0	0.02
72375493027	2019	11	22	12	0	0.01
72375493027	2019	11	26	7	0	0.06
72375493027	2019	11	26	8	0	0.01
72375493027	2019	11	29	11	0	0.01
72375493027	2019	11	29	14	0	0.02
72375493027	2019	11	29	15	0	0.13
72375493027	2019	11	29	16	0	0.21
72375493027	2019	11	29	17	0	0.03
72375493027	2019	12	8	6	0	0.11
72375493027	2019	12	8	7	0	0.08
72375493027	2019	12	8	8	0	0.13
72375493027	2019	12	8	9	0	0.03
72375493027	2019	12	8	10	0	0.07
72375493027	2019	12	8	11	0	0.04
72375493027	2019	12	8	12	0	0.01
72375493027	2019	12	8	14	0	0.01
72375493027	2019	12	8	15	0	0.01
72375493027	2019	12	8	16	0	0.03
72375493027	2019	12	8	17	0	0.01
72375493027	2019	12	8	18	0	0.04
72375493027	2019	12	27	12	0	0.02
72375493027	2019	12	27	13	0	0.02
72375493027	2019	12	27	20	0	0.01
72375493027	2019	12	27	22	0	0.08
72375493027	2019	12	28	2	0	0.01
72375493027	2019	12	28	3	0	0.01
72375493027	2019	12	28	19	0	0.01
