72382023182	2005	1	3	7	0	0.01
72382023182	2005	1	3	8	0	0.01
72382023182	2005	1	3	10	0	0.01
72382023182	2005	1	3	17	0	0.02
72382023182	2005	1	3	22	0	0.02
72382023182	2005	1	3	23	0	0.02
72382023182	2005	1	4	0	0	0.03
72382023182	2005	1	4	1	0	0.04
72382023182	2005	1	4	3	0	0.03
72382023182	2005	1	4	4	0	0.09
72382023182	2005	1	4	5	0	0.01
72382023182	2005	1	6	17	0	0.01
72382023182	2005	1	7	14	0	0.03
72382023182	2005	1	7	15	0	0.02
72382023182	2005	1	7	16	0	0.15
72382023182	2005	1	7	17	0	0.08
72382023182	2005	1	7	18	0	0.07
72382023182	2005	1	7	19	0	0.02
72382023182	2005	1	7	20	0	0.02
72382023182	2005	1	7	21	0	0.01
72382023182	2005	1	8	1	0	0.01
72382023182	2005	1	8	5	0	0.01
72382023182	2005	1	8	8	0	0.01
72382023182	2005	1	8	10	0	0.05
72382023182	2005	1	8	20	0	0.01
72382023182	2005	1	9	5	0	0.02
72382023182	2005	1	9	6	0	0.01
72382023182	2005	1	9	12	0	0.001
72382023182	2005	1	9	13	0	0.04
72382023182	2005	1	9	14	0	0.08
72382023182	2005	1	9	15	0	0.04
72382023182	2005	1	9	16	0	0.08
72382023182	2005	1	9	17	0	0.21
72382023182	2005	1	9	18	0	0.09
72382023182	2005	1	9	19	0	0.06
72382023182	2005	1	9	20	0	0.07
72382023182	2005	1	9	21	0	0.01
72382023182	2005	1	9	22	0	0.02
72382023182	2005	1	9	23	0	0.116
72382023182	2005	1	10	0	0	0.11
72382023182	2005	1	10	4	0	0.01
72382023182	2005	1	10	7	0	0.01
72382023182	2005	1	10	8	0	0.03
72382023182	2005	1	10	11	0	0.052
72382023182	2005	1	10	12	0	0.02
72382023182	2005	1	10	13	0	0.01
72382023182	2005	1	10	14	0	0.02
72382023182	2005	1	10	15	0	0.038
72382023182	2005	1	10	16	0	0.19
72382023182	2005	1	10	17	0	0.01
72382023182	2005	1	10	18	0	0.02
72382023182	2005	1	10	19	0	0.02
72382023182	2005	1	10	20	0	0.02
72382023182	2005	1	10	21	0	0.04
72382023182	2005	1	10	22	0	0.01
72382023182	2005	1	11	5	0	0.01
72382023182	2005	1	11	6	0	0.05
72382023182	2005	1	11	7	0	0.01
72382023182	2005	1	11	8	0	0.02
72382023182	2005	1	11	9	0	0.13
72382023182	2005	1	11	11	0	0.024
72382023182	2005	1	11	19	0	0.04
72382023182	2005	1	11	20	0	0.01
72382023182	2005	1	12	2	0	0.01
72382023182	2005	1	19	13	0	0.01
72382023182	2005	1	26	9	0	0.02
72382023182	2005	1	26	13	0	0.02
72382023182	2005	1	26	14	0	0.01
72382023182	2005	1	26	15	0	0.01
72382023182	2005	1	28	16	0	0.02
72382023182	2005	1	28	17	0	0.14
72382023182	2005	1	28	18	0	0.01
72382023182	2005	1	28	19	0	0.01
72382023182	2005	1	28	20	0	0.03
72382023182	2005	1	28	21	0	0.09
72382023182	2005	1	28	22	0	0.01
72382023182	2005	1	29	0	0	0.03
72382023182	2005	1	29	2	0	0.01
72382023182	2005	2	11	8	0	0.03
72382023182	2005	2	11	9	0	0.05
72382023182	2005	2	11	10	0	0.06
72382023182	2005	2	11	11	0	0.06
72382023182	2005	2	11	12	0	0.069
72382023182	2005	2	11	13	0	0.17
72382023182	2005	2	11	14	0	0.12
72382023182	2005	2	11	15	0	0.09
72382023182	2005	2	11	16	0	0.23
72382023182	2005	2	11	17	0	0.09
72382023182	2005	2	11	18	0	0.02
72382023182	2005	2	11	19	0	0.01
72382023182	2005	2	11	20	0	0.07
72382023182	2005	2	11	21	0	0.05
72382023182	2005	2	11	22	0	0.05
72382023182	2005	2	11	23	0	0.01
72382023182	2005	2	12	0	0	0.012
72382023182	2005	2	12	1	0	0.05
72382023182	2005	2	13	11	0	0.01
72382023182	2005	2	17	9	0	0.01
72382023182	2005	2	17	23	0	0.01
72382023182	2005	2	18	0	0	0.014
72382023182	2005	2	18	1	0	0.07
72382023182	2005	2	18	2	0	0.04
72382023182	2005	2	18	14	0	0.01
72382023182	2005	2	18	17	0	0.01
72382023182	2005	2	19	0	0	0.03
72382023182	2005	2	19	1	0	0.02
72382023182	2005	2	19	2	0	0.03
72382023182	2005	2	19	3	0	0.029
72382023182	2005	2	19	4	0	0.05
72382023182	2005	2	19	5	0	0.04
72382023182	2005	2	19	6	0	0.01
72382023182	2005	2	19	8	0	0.001
72382023182	2005	2	19	9	0	0.17
72382023182	2005	2	19	10	0	0.13
72382023182	2005	2	19	11	0	0.067
72382023182	2005	2	19	12	0	0.17
72382023182	2005	2	19	13	0	0.13
72382023182	2005	2	19	15	0	0.013
72382023182	2005	2	19	16	0	0.07
72382023182	2005	2	19	17	0	0.07
72382023182	2005	2	19	18	0	0.055
72382023182	2005	2	19	19	0	0.06
72382023182	2005	2	19	20	0	0.01
72382023182	2005	2	19	22	0	0.04
72382023182	2005	2	21	0	0	0.04
72382023182	2005	2	21	2	0	0.04
72382023182	2005	2	21	3	0	0.031
72382023182	2005	2	21	4	0	0.04
72382023182	2005	2	21	5	0	0.03
72382023182	2005	2	21	6	0	0.024
72382023182	2005	2	21	7	0	0.1
72382023182	2005	2	21	8	0	0.12
72382023182	2005	2	21	9	0	0.08
72382023182	2005	2	21	10	0	0.01
72382023182	2005	2	21	15	0	0.02
72382023182	2005	2	21	16	0	0.02
72382023182	2005	2	21	17	0	0.01
72382023182	2005	2	21	19	0	0.01
72382023182	2005	2	22	0	0	0.006
72382023182	2005	2	22	1	0	0.06
72382023182	2005	2	22	10	0	0.02
72382023182	2005	2	22	11	0	0.01
72382023182	2005	2	22	12	0	0.03
72382023182	2005	2	22	13	0	0.07
72382023182	2005	2	22	21	0	0.02
72382023182	2005	2	22	23	0	0.01
72382023182	2005	2	23	0	0	0.02
72382023182	2005	2	23	9	0	0.08
72382023182	2005	2	23	10	0	0.04
72382023182	2005	2	23	11	0	0.06
72382023182	2005	2	23	12	0	0.05
72382023182	2005	2	23	13	0	0.04
72382023182	2005	2	23	14	0	0.03
72382023182	2005	2	23	15	0	0.01
72382023182	2005	2	23	17	0	0.001
72382023182	2005	2	23	18	0	0.03
72382023182	2005	2	23	19	0	0.01
72382023182	2005	2	23	20	0	0.05
72382023182	2005	2	24	8	0	0.01
72382023182	2005	3	3	12	0	0.01
72382023182	2005	3	4	18	0	0.01
72382023182	2005	3	4	23	0	0.11
72382023182	2005	3	5	5	0	0.01
72382023182	2005	3	5	10	0	0.02
72382023182	2005	3	5	11	0	0.02
72382023182	2005	3	5	12	0	0.007
72382023182	2005	3	5	13	0	0.01
72382023182	2005	3	5	14	0	0.01
72382023182	2005	3	6	10	0	0.01
72382023182	2005	3	18	21	0	0.03
72382023182	2005	3	18	22	0	0.02
72382023182	2005	3	18	23	0	0.04
72382023182	2005	3	19	0	0	0.022
72382023182	2005	3	19	1	0	0.01
72382023182	2005	3	19	2	0	0.01
72382023182	2005	3	19	4	0	0.02
72382023182	2005	3	19	5	0	0.01
72382023182	2005	3	19	17	0	0.01
72382023182	2005	3	22	23	0	0.001
72382023182	2005	3	23	0	0	0.03
72382023182	2005	3	23	1	0	0.01
72382023182	2005	3	23	2	0	0.03
72382023182	2005	3	23	4	0	0.11
72382023182	2005	3	23	6	0	0.02
72382023182	2005	3	23	7	0	0.01
72382023182	2005	3	23	23	0	0.01
72382023182	2005	3	24	0	0	0.01
72382023182	2005	3	24	1	0	0.05
72382023182	2005	3	24	2	0	0.07
72382023182	2005	3	24	3	0	0.03
72382023182	2005	4	4	13	0	0.01
72382023182	2005	4	9	4	0	0.1
72382023182	2005	4	28	11	0	0.024
72382023182	2005	4	28	12	0	0.12
72382023182	2005	4	28	13	0	0.11
72382023182	2005	4	29	3	0	0.02
72382023182	2005	4	29	4	0	0.01
72382023182	2005	5	6	1	0	0.04
72382023182	2005	5	6	5	0	0.01
72382023182	2005	5	6	7	0	0.05
72382023182	2005	5	6	8	0	0.06
72382023182	2005	5	6	9	0	0.044
72382023182	2005	5	6	10	0	0.03
72382023182	2005	5	6	23	0	0.01
72382023182	2005	5	7	1	0	0.01
72382023182	2005	5	7	2	0	0.01
72382023182	2005	5	16	22	0	0.01
72382023182	2005	7	24	22	0	0.02
72382023182	2005	7	24	23	0	0.03
72382023182	2005	8	6	23	0	0.01
72382023182	2005	8	15	5	0	0.04
72382023182	2005	8	15	11	0	0.01
72382023182	2005	8	23	16	0	0.03
72382023182	2005	9	20	7	0	0.01
72382023182	2005	9	20	8	0	0.01
72382023182	2005	9	20	10	0	0.03
72382023182	2005	9	20	11	0	0.01
72382023182	2005	9	20	12	0	0.02
72382023182	2005	9	20	13	0	0.01
72382023182	2005	9	20	14	0	0.02
72382023182	2005	9	20	16	0	0.02
72382023182	2005	9	20	17	0	0.06
72382023182	2005	9	20	18	0	0.11
72382023182	2005	9	20	19	0	0.14
72382023182	2005	9	20	20	0	0.16
72382023182	2005	9	20	21	0	0.05
72382023182	2005	9	21	16	0	0.01
72382023182	2005	10	16	1	0	0.02
72382023182	2005	10	16	2	0	0.01
72382023182	2005	10	16	9	0	0.01
72382023182	2005	10	17	7	0	0.02
72382023182	2005	10	17	8	0	0.04
72382023182	2005	10	17	9	0	0.06
72382023182	2005	10	17	10	0	0.14
72382023182	2005	10	17	11	0	0.28
72382023182	2005	10	17	12	0	0.16
72382023182	2005	10	17	13	0	0.07
72382023182	2005	10	17	14	0	0.01
72382023182	2005	10	17	16	0	0.01
72382023182	2005	10	17	17	0	0.03
72382023182	2005	10	17	18	0	0.01
72382023182	2005	10	17	21	0	0.01
72382023182	2005	10	17	22	0	0.85
72382023182	2005	10	17	23	0	0.47
72382023182	2005	10	18	10	0	0.12
72382023182	2005	10	18	11	0	0.18
72382023182	2005	10	18	12	0	0.13
72382023182	2005	10	18	13	0	0.05
72382023182	2005	10	18	18	0	0.01
72382023182	2005	12	2	16	0	0.09
72382023182	2005	12	2	17	0	0.02
72382023182	2005	12	2	18	0	0.01
72382023182	2005	12	31	21	0	0.02
72382023182	2006	1	1	21	0	0.01
72382023182	2006	1	1	22	0	0.03
72382023182	2006	1	1	23	0	0.04
72382023182	2006	1	2	0	0	0.03
72382023182	2006	1	2	1	0	0.03
72382023182	2006	1	2	2	0	0.03
72382023182	2006	1	2	13	0	0.01
72382023182	2006	1	2	16	0	0.01
72382023182	2006	1	2	17	0	0.09
72382023182	2006	1	2	18	0	0.04
72382023182	2006	1	2	19	0	0.21
72382023182	2006	1	2	21	0	0.02
72382023182	2006	1	2	22	0	0.02
72382023182	2006	1	2	23	0	0.01
72382023182	2006	1	3	0	0	0.01
72382023182	2006	2	18	2	0	0.07
72382023182	2006	2	18	3	0	0.01
72382023182	2006	2	19	15	0	0.04
72382023182	2006	2	27	22	0	0.01
72382023182	2006	2	27	23	0	0.03
72382023182	2006	2	28	0	0	0.01
72382023182	2006	2	28	1	0	0.03
72382023182	2006	2	28	2	0	0.06
72382023182	2006	2	28	3	0	0.22
72382023182	2006	2	28	4	0	0.08
72382023182	2006	2	28	5	0	0.12
72382023182	2006	2	28	6	0	0.15
72382023182	2006	2	28	7	0	0.01
72382023182	2006	2	28	8	0	0.04
72382023182	2006	2	28	9	0	0.01
72382023182	2006	2	28	10	0	0.01
72382023182	2006	2	28	11	0	0.04
72382023182	2006	2	28	12	0	0.02
72382023182	2006	2	28	13	0	0.01
72382023182	2006	3	3	12	0	0.01
72382023182	2006	3	3	15	0	0.01
72382023182	2006	3	3	16	0	0.03
72382023182	2006	3	3	17	0	0.01
72382023182	2006	3	3	18	0	0.01
72382023182	2006	3	3	19	0	0.01
72382023182	2006	3	5	15	0	0.01
72382023182	2006	3	7	22	0	0.01
72382023182	2006	3	10	23	0	0.01
72382023182	2006	3	11	0	0	0.06
72382023182	2006	3	11	1	0	0.03
72382023182	2006	3	11	2	0	0.01
72382023182	2006	3	11	3	0	0.01
72382023182	2006	3	11	7	0	0.01
72382023182	2006	3	11	9	0	0.01
72382023182	2006	3	11	22	0	0.01
72382023182	2006	3	11	23	0	0.01
72382023182	2006	3	12	16	0	0.05
72382023182	2006	3	12	17	0	0.02
72382023182	2006	3	13	0	0	0.01
72382023182	2006	3	13	1	0	0.03
72382023182	2006	3	19	11	0	0.01
72382023182	2006	3	21	4	0	0.01
72382023182	2006	3	21	5	0	0.04
72382023182	2006	3	21	6	0	0.07
72382023182	2006	3	21	7	0	0.07
72382023182	2006	3	28	20	0	0.01
72382023182	2006	3	28	21	0	0.01
72382023182	2006	3	28	22	0	0.02
72382023182	2006	3	28	23	0	0.02
72382023182	2006	3	29	0	0	0.09
72382023182	2006	3	29	1	0	0.04
72382023182	2006	3	29	2	0	0.17
72382023182	2006	3	29	3	0	0.09
72382023182	2006	4	1	14	0	0.02
72382023182	2006	4	4	14	0	0.01
72382023182	2006	4	4	15	0	0.03
72382023182	2006	4	4	20	0	0.01
72382023182	2006	4	4	22	0	0.04
72382023182	2006	4	4	23	0	0.06
72382023182	2006	4	5	0	0	0.03
72382023182	2006	4	5	1	0	0.04
72382023182	2006	4	5	2	0	0.02
72382023182	2006	4	5	3	0	0.02
72382023182	2006	4	5	4	0	0.01
72382023182	2006	4	5	5	0	0.1
72382023182	2006	4	5	7	0	0.07
72382023182	2006	4	5	8	0	0.05
72382023182	2006	4	5	9	0	0.02
72382023182	2006	4	5	10	0	0.01
72382023182	2006	4	5	11	0	0.02
72382023182	2006	4	5	12	0	0.02
72382023182	2006	4	5	13	0	0.03
72382023182	2006	4	5	15	0	0.03
72382023182	2006	4	5	18	0	0.01
72382023182	2006	4	5	21	0	0.01
72382023182	2006	4	5	22	0	0.01
72382023182	2006	4	11	1	0	0.01
72382023182	2006	4	14	21	0	0.02
72382023182	2006	4	14	22	0	0.04
72382023182	2006	5	22	8	0	0.01
72382023182	2006	5	22	10	0	0.01
72382023182	2006	5	22	11	0	0.01
72382023182	2006	6	28	23	0	0.15
72382023182	2006	7	21	1	0	0.001
72382023182	2006	7	22	20	0	0.005
72382023182	2006	7	22	21	0	0.043
72382023182	2006	7	22	22	0	0.019
72382023182	2006	7	22	23	0	0.003
72382023182	2006	10	1	23	0	0.02
72382023182	2006	10	13	22	0	0.01
72382023182	2006	10	14	4	0	0.02
72382023182	2006	10	14	6	0	0.04
72382023182	2006	10	14	7	0	0.02
72382023182	2006	10	14	11	0	0.01
72382023182	2006	10	14	15	0	0.01
72382023182	2006	12	10	6	0	0.14
72382023182	2006	12	16	22	0	0.01
72382023182	2006	12	17	6	0	0.01
72382023182	2006	12	27	12	0	0.01
72382023182	2007	1	5	1	0	0.01
72382023182	2007	1	5	2	0	0.01
72382023182	2007	1	30	22	0	0.01
72382023182	2007	2	11	12	0	0.01
72382023182	2007	2	11	13	0	0.02
72382023182	2007	2	19	16	0	0.03
72382023182	2007	2	19	17	0	0.13
72382023182	2007	2	19	18	0	0.05
72382023182	2007	2	19	19	0	0.01
72382023182	2007	2	23	1	0	0.04
72382023182	2007	2	23	2	0	0.01
72382023182	2007	2	23	3	0	0.01
72382023182	2007	2	27	12	0	0.01
72382023182	2007	7	23	10	0	0.01
72382023182	2007	8	23	16	0	0.01
72382023182	2007	8	30	13	0	0.03
72382023182	2007	8	30	14	0	0.016
72382023182	2007	9	1	22	0	0.1
72382023182	2007	9	1	23	0	0.05
72382023182	2007	9	20	13	0	0.01
72382023182	2007	9	22	7	0	0.04
72382023182	2007	9	22	8	0	0.05
72382023182	2007	9	22	9	0	0.03
72382023182	2007	9	22	10	0	0.02
72382023182	2007	9	22	12	0	0.05
72382023182	2007	9	22	13	0	0.03
72382023182	2007	9	22	14	0	0.01
72382023182	2007	9	22	19	0	0.01
72382023182	2007	11	30	16	0	0.09
72382023182	2007	11	30	17	0	0.17
72382023182	2007	11	30	18	0	0.06
72382023182	2007	11	30	19	0	0.16
72382023182	2007	11	30	20	0	0.13
72382023182	2007	11	30	21	0	0.09
72382023182	2007	11	30	22	0	0.02
72382023182	2007	11	30	23	0	0.01
72382023182	2007	12	1	18	0	0.01
72382023182	2007	12	7	13	0	0.01
72382023182	2007	12	9	7	0	0.02
72382023182	2007	12	9	8	0	0.01
72382023182	2007	12	9	9	0	0.01
72382023182	2007	12	9	13	0	0.01
72382023182	2007	12	19	3	0	0.01
72382023182	2007	12	19	7	0	0.05
72382023182	2007	12	19	8	0	0.01
72382023182	2007	12	19	14	0	0.01
72382023182	2007	12	21	1	0	0.01
72382023182	2008	1	5	1	0	0.06
72382023182	2008	1	5	2	0	0.07
72382023182	2008	1	5	3	0	0.02
72382023182	2008	1	5	4	0	0.14
72382023182	2008	1	5	5	0	0.11
72382023182	2008	1	5	6	0	0.18
72382023182	2008	1	5	7	0	0.12
72382023182	2008	1	5	8	0	0.03
72382023182	2008	1	5	9	0	0.04
72382023182	2008	1	5	10	0	0.01
72382023182	2008	1	5	11	0	0.012
72382023182	2008	1	5	12	0	0.013
72382023182	2008	1	6	0	0	0.01
72382023182	2008	1	6	2	0	0.01
72382023182	2008	1	6	5	0	0.01
72382023182	2008	1	7	2	0	0.02
72382023182	2008	1	7	3	0	0.04
72382023182	2008	1	7	4	0	0.08
72382023182	2008	1	7	5	0	0.05
72382023182	2008	1	7	6	0	0.07
72382023182	2008	1	7	7	0	0.04
72382023182	2008	1	7	8	0	0.03
72382023182	2008	1	7	9	0	0.03
72382023182	2008	1	7	10	0	0.01
72382023182	2008	1	24	1	0	0.03
72382023182	2008	1	24	2	0	0.1
72382023182	2008	1	24	3	0	0.03
72382023182	2008	1	24	4	0	0.04
72382023182	2008	1	24	5	0	0.04
72382023182	2008	1	25	2	0	0.01
72382023182	2008	1	25	3	0	0.01
72382023182	2008	1	25	4	0	0.04
72382023182	2008	1	25	6	0	0.027
72382023182	2008	1	25	7	0	0.058
72382023182	2008	1	25	8	0	0.014
72382023182	2008	1	25	9	0	0.016
72382023182	2008	1	25	10	0	0.06
72382023182	2008	1	25	11	0	0.04
72382023182	2008	1	25	12	0	0.025
72382023182	2008	1	25	13	0	0.04
72382023182	2008	1	27	4	0	0.02
72382023182	2008	1	27	5	0	0.01
72382023182	2008	1	27	6	0	0.04
72382023182	2008	1	27	7	0	0.03
72382023182	2008	1	27	8	0	0.02
72382023182	2008	1	27	9	0	0.02
72382023182	2008	1	27	11	0	0.146
72382023182	2008	1	27	12	0	0.038
72382023182	2008	1	27	13	0	0.004
72382023182	2008	1	27	14	0	0.001
72382023182	2008	1	27	19	0	0.002
72382023182	2008	1	27	20	0	0.03
72382023182	2008	1	27	21	0	0.07
72382023182	2008	1	28	0	0	0.01
72382023182	2008	1	28	1	0	0.06
72382023182	2008	1	28	4	0	0.01
72382023182	2008	1	28	5	0	0.01
72382023182	2008	1	28	6	0	0.01
72382023182	2008	1	28	12	0	0.01
72382023182	2008	1	31	16	0	0.02
72382023182	2008	2	20	12	0	0.01
72382023182	2008	2	20	21	0	0.17
72382023182	2008	2	20	22	0	0.16
72382023182	2008	2	22	17	0	0.01
72382023182	2008	2	24	2	0	0.01
72382023182	2008	2	24	3	0	0.01
72382023182	2008	2	24	5	0	0.01
72382023182	2008	2	24	6	0	0.01
72382023182	2008	2	24	7	0	0.01
72382023182	2008	2	24	8	0	0.01
72382023182	2008	2	24	22	0	0.01
72382023182	2008	3	16	7	0	0.02
72382023182	2008	3	16	8	0	0.03
72382023182	2008	4	3	11	0	0.02
72382023182	2008	5	22	16	0	0.01
72382023182	2008	5	23	19	0	0.02
72382023182	2008	5	23	20	0	0.13
72382023182	2008	7	13	3	0	0.01
72382023182	2008	9	29	16	0	0.01
72382023182	2008	11	1	16	0	0.03
72382023182	2008	11	1	17	0	0.03
72382023182	2008	11	1	18	0	0.03
72382023182	2008	11	1	21	0	0.12
72382023182	2008	11	1	23	0	0.02
72382023182	2008	11	2	0	0	0.01
72382023182	2008	11	9	11	0	0.01
72382023182	2008	11	26	5	0	0.04
72382023182	2008	11	26	6	0	0.02
72382023182	2008	11	26	7	0	0.07
72382023182	2008	11	26	8	0	0.14
72382023182	2008	11	26	9	0	0.2
72382023182	2008	11	26	10	0	0.17
72382023182	2008	11	26	11	0	0.11
72382023182	2008	11	26	12	0	0.02
72382023182	2008	11	26	14	0	0.01
72382023182	2008	11	26	18	0	0.01
72382023182	2008	11	26	20	0	0.04
72382023182	2008	11	26	21	0	0.02
72382023182	2008	11	27	1	0	0.03
72382023182	2008	11	27	2	0	0.01
72382023182	2008	11	28	12	0	0.01
72382023182	2008	12	7	16	0	0.01
72382023182	2008	12	7	23	0	0.01
72382023182	2008	12	15	11	0	0.01
72382023182	2008	12	15	12	0	0.04
72382023182	2008	12	15	13	0	0.09
72382023182	2008	12	15	14	0	0.09
72382023182	2008	12	15	15	0	0.09
72382023182	2008	12	15	16	0	0.08
72382023182	2008	12	15	17	0	0.04
72382023182	2008	12	15	18	0	0.01
72382023182	2008	12	17	9	0	0.01
72382023182	2008	12	17	13	0	0.02
72382023182	2008	12	17	14	0	0.01
72382023182	2008	12	17	15	0	0.03
72382023182	2008	12	17	16	0	0.02
72382023182	2008	12	17	17	0	0.02
72382023182	2008	12	17	18	0	0.01
72382023182	2008	12	17	19	0	0.04
72382023182	2008	12	17	20	0	0.02
72382023182	2008	12	17	21	0	0.01
72382023182	2008	12	17	22	0	0.01
72382023182	2008	12	17	23	0	0.01
72382023182	2008	12	18	0	0	0.01
72382023182	2008	12	18	17	0	0.02
72382023182	2008	12	18	18	0	0.09
72382023182	2008	12	18	19	0	0.11
72382023182	2008	12	18	20	0	0.2
72382023182	2008	12	18	21	0	0.16
72382023182	2008	12	18	22	0	0.01
72382023182	2008	12	19	15	0	0.01
72382023182	2008	12	26	0	0	0.08
72382023182	2009	1	7	19	0	0.11
72382023182	2009	1	22	17	0	0.002
72382023182	2009	1	23	12	0	0.01
72382023182	2009	1	23	17	0	0.01
72382023182	2009	1	23	18	0	0.02
72382023182	2009	1	23	19	0	0.02
72382023182	2009	1	23	20	0	0.03
72382023182	2009	2	6	0	0	0.02
72382023182	2009	2	6	1	0	0.09
72382023182	2009	2	6	2	0	0.02
72382023182	2009	2	6	3	0	0.04
72382023182	2009	2	6	4	0	0.09
72382023182	2009	2	6	5	0	0.01
72382023182	2009	2	6	10	0	0.01
72382023182	2009	2	6	19	0	0.01
72382023182	2009	2	6	20	0	0.02
72382023182	2009	2	7	1	0	0.01
72382023182	2009	2	7	2	0	0.04
72382023182	2009	2	7	3	0	0.04
72382023182	2009	2	7	4	0	0.01
72382023182	2009	2	7	5	0	0.04
72382023182	2009	2	7	6	0	0.12
72382023182	2009	2	7	7	0	0.04
72382023182	2009	2	7	8	0	0.02
72382023182	2009	2	7	22	0	0.01
72382023182	2009	2	7	23	0	0.004
72382023182	2009	2	8	0	0	0.2
72382023182	2009	2	8	12	0	0.02
72382023182	2009	2	8	13	0	0.01
72382023182	2009	2	9	10	0	0.03
72382023182	2009	2	9	11	0	0.06
72382023182	2009	2	9	14	0	0.04
72382023182	2009	2	9	17	0	0.01
72382023182	2009	2	9	18	0	0.05
72382023182	2009	2	9	19	0	0.01
72382023182	2009	2	9	20	0	0.03
72382023182	2009	2	9	21	0	0.04
72382023182	2009	2	13	21	0	0.06
72382023182	2009	2	13	22	0	0.04
72382023182	2009	2	13	23	0	0.07
72382023182	2009	2	14	0	0	0.04
72382023182	2009	2	14	1	0	0.01
72382023182	2009	2	14	16	0	0.01
72382023182	2009	2	16	13	0	0.02
72382023182	2009	2	16	14	0	0.01
72382023182	2009	2	16	15	0	0.05
72382023182	2009	2	16	16	0	0.06
72382023182	2009	2	16	17	0	0.13
72382023182	2009	2	16	18	0	0.05
72382023182	2009	2	16	19	0	0.03
72382023182	2009	2	16	20	0	0.04
72382023182	2009	2	16	21	0	0.02
72382023182	2009	2	16	23	0	0.03
72382023182	2009	2	17	1	0	0.01
72382023182	2009	2	17	2	0	0.01
72382023182	2009	2	18	15	0	0.01
72382023182	2009	2	23	18	0	0.01
72382023182	2009	3	5	2	0	0.03
72382023182	2009	3	5	11	0	0.01
72382023182	2009	3	22	15	0	0.03
72382023182	2009	3	22	17	0	0.07
72382023182	2009	3	22	18	0	0.01
72382023182	2009	4	8	21	0	0.01
72382023182	2009	6	4	2	0	0.02
72382023182	2009	12	7	19	0	0.03
72382023182	2009	12	7	20	0	0.02
72382023182	2009	12	7	21	0	0.01
72382023182	2009	12	7	23	0	0.06
72382023182	2009	12	8	0	0	0.04
72382023182	2009	12	11	6	0	0.14
72382023182	2009	12	11	7	0	0.13
72382023182	2009	12	11	8	0	0.02
72382023182	2009	12	11	9	0	0.08
72382023182	2009	12	11	10	0	0.01
72382023182	2009	12	11	11	0	0.01
72382023182	2009	12	11	12	0	0.01
72382023182	2009	12	11	14	0	0.01
72382023182	2009	12	12	10	0	0.01
72382023182	2009	12	12	15	0	0.05
72382023182	2009	12	12	16	0	0.07
72382023182	2009	12	12	17	0	0.02
72382023182	2009	12	13	1	0	0.02
72382023182	2009	12	13	2	0	0.04
72382023182	2009	12	13	4	0	0.01
72382023182	2009	12	13	8	0	0.03
72382023182	2009	12	13	9	0	0.04
72382023182	2009	12	13	10	0	0.01
72382023182	2009	12	13	11	0	0.01
72382023182	2009	12	22	12	0	0.06
72382023182	2009	12	22	13	0	0.09
72382023182	2010	1	18	1	0	0.02
72382023182	2010	1	18	2	0	0.02
72382023182	2010	1	18	6	0	0.04
72382023182	2010	1	18	7	0	0.04
72382023182	2010	1	18	10	0	0.01
72382023182	2010	1	18	20	0	0.005
72382023182	2010	1	18	21	0	0.13
72382023182	2010	1	18	22	0	0.04
72382023182	2010	1	19	19	0	0.01
72382023182	2010	1	19	20	0	0.025
72382023182	2010	1	19	21	0	0.18
72382023182	2010	1	19	22	0	0.1
72382023182	2010	1	20	16	0	0.01
72382023182	2010	1	20	19	0	0.01
72382023182	2010	1	20	21	0	0.05
72382023182	2010	1	20	22	0	0.07
72382023182	2010	1	20	23	0	0.26
72382023182	2010	1	21	0	0	0.23
72382023182	2010	1	21	1	0	0.05
72382023182	2010	1	21	3	0	0.01
72382023182	2010	1	21	17	0	0.01
72382023182	2010	1	21	18	0	0.06
72382023182	2010	1	21	19	0	0.13
72382023182	2010	1	21	20	0	0.16
72382023182	2010	1	21	21	0	0.19
72382023182	2010	1	21	22	0	0.12
72382023182	2010	1	21	23	0	0.06
72382023182	2010	1	22	0	0	0.01
72382023182	2010	1	22	1	0	0.01
72382023182	2010	1	22	3	0	0.05
72382023182	2010	1	22	4	0	0.02
72382023182	2010	1	22	5	0	0.01
72382023182	2010	1	22	7	0	0.01
72382023182	2010	1	22	14	0	0.01
72382023182	2010	1	22	21	0	0.01
72382023182	2010	1	22	22	0	0.04
72382023182	2010	1	22	23	0	0.01
72382023182	2010	1	26	12	0	0.01
72382023182	2010	1	26	23	0	0.003
72382023182	2010	1	27	0	0	0.11
72382023182	2010	1	27	1	0	0.05
72382023182	2010	1	27	2	0	0.01
72382023182	2010	1	27	10	0	0.01
72382023182	2010	1	28	9	0	0.01
72382023182	2010	2	5	19	0	0.06
72382023182	2010	2	5	22	0	0.01
72382023182	2010	2	5	23	0	0.01
72382023182	2010	2	6	10	0	0.03
72382023182	2010	2	6	11	0	0.01
72382023182	2010	2	6	12	0	0.1
72382023182	2010	2	6	13	0	0.13
72382023182	2010	2	6	14	0	0.22
72382023182	2010	2	6	15	0	0.1
72382023182	2010	2	6	16	0	0.03
72382023182	2010	2	6	17	0	0.02
72382023182	2010	2	6	18	0	0.01
72382023182	2010	2	6	20	0	0.01
72382023182	2010	2	6	23	0	0.02
72382023182	2010	2	7	0	0	0.01
72382023182	2010	2	9	21	0	0.09
72382023182	2010	2	9	22	0	0.06
72382023182	2010	2	9	23	0	0.11
72382023182	2010	2	10	1	0	0.01
72382023182	2010	2	10	2	0	0.01
72382023182	2010	2	10	11	0	0.01
72382023182	2010	2	10	14	0	0.02
72382023182	2010	2	10	15	0	0.01
72382023182	2010	2	20	6	0	0.01
72382023182	2010	2	20	7	0	0.01
72382023182	2010	2	20	9	0	0.01
72382023182	2010	2	21	22	0	0.16
72382023182	2010	2	27	10	0	0.01
72382023182	2010	2	27	11	0	0.06
72382023182	2010	2	27	12	0	0.11
72382023182	2010	2	27	13	0	0.15
72382023182	2010	2	27	14	0	0.05
72382023182	2010	2	27	17	0	0.05
72382023182	2010	2	27	18	0	0.13
72382023182	2010	2	27	22	0	0.08
72382023182	2010	2	27	23	0	0.01
72382023182	2010	3	4	7	0	0.01
72382023182	2010	3	7	2	0	0.09
72382023182	2010	3	7	3	0	0.01
72382023182	2010	3	7	4	0	0.02
72382023182	2010	3	7	5	0	0.02
72382023182	2010	3	9	8	0	0.002
72382023182	2010	3	9	9	0	0.01
72382023182	2010	4	5	14	0	0.02
72382023182	2010	4	5	15	0	0.04
72382023182	2010	4	5	16	0	0.01
72382023182	2010	4	5	17	0	0.01
72382023182	2010	4	5	20	0	0.02
72382023182	2010	4	5	21	0	0.01
72382023182	2010	4	12	7	0	0.08
72382023182	2010	4	12	8	0	0.13
72382023182	2010	4	12	9	0	0.06
72382023182	2010	4	20	23	0	0.01
72382023182	2010	4	22	1	0	0.1
72382023182	2010	4	22	2	0	0.12
72382023182	2010	4	22	3	0	0.01
72382023182	2010	4	22	4	0	0.03
72382023182	2010	7	16	0	0	0.04
72382023182	2010	10	1	8	0	0.01
72382023182	2010	10	6	21	0	0.12
72382023182	2010	10	19	9	0	0.02
72382023182	2010	10	19	10	0	0.02
72382023182	2010	10	19	12	0	0.01
72382023182	2010	10	19	14	0	0.1
72382023182	2010	10	19	16	0	0.04
72382023182	2010	10	19	17	0	0.09
72382023182	2010	10	19	18	0	0.11
72382023182	2010	10	20	0	0	0.1
72382023182	2010	10	20	2	0	0.03
72382023182	2010	10	20	3	0	0.31
72382023182	2010	10	20	4	0	0.06
72382023182	2010	10	20	5	0	0.04
72382023182	2010	10	20	7	0	0.09
72382023182	2010	10	20	8	0	0.08
72382023182	2010	10	20	9	0	0.04
72382023182	2010	10	20	10	0	0.03
72382023182	2010	10	30	12	0	0.16
72382023182	2010	10	30	13	0	0.01
72382023182	2010	11	20	21	0	0.02
72382023182	2010	11	21	12	0	0.01
72382023182	2010	11	21	13	0	0.09
72382023182	2010	11	21	14	0	0.02
72382023182	2010	11	21	15	0	0.01
72382023182	2010	11	21	21	0	0.02
72382023182	2010	11	21	22	0	0.02
72382023182	2010	11	24	5	0	0.01
72382023182	2010	11	24	7	0	0.01
72382023182	2010	11	28	6	0	0.01
72382023182	2010	12	6	2	0	0.01
72382023182	2010	12	6	4	0	0.068
72382023182	2010	12	6	5	0	0.035
72382023182	2010	12	6	6	0	0.014
72382023182	2010	12	6	7	0	0.075
72382023182	2010	12	6	8	0	0.012
72382023182	2010	12	6	9	0	0.005
72382023182	2010	12	6	15	0	0.001
72382023182	2010	12	17	12	0	0.003
72382023182	2010	12	17	20	0	0.005
72382023182	2010	12	18	18	0	0.02
72382023182	2010	12	19	4	0	0.01
72382023182	2010	12	19	5	0	0.01
72382023182	2010	12	19	6	0	0.03
72382023182	2010	12	19	8	0	0.01
72382023182	2010	12	19	13	0	0.01
72382023182	2010	12	19	20	0	0.07
72382023182	2010	12	19	21	0	0.11
72382023182	2010	12	19	22	0	0.03
72382023182	2010	12	19	23	0	0.07
72382023182	2010	12	20	0	0	0.01
72382023182	2010	12	20	1	0	0.03
72382023182	2010	12	20	2	0	0.03
72382023182	2010	12	20	3	0	0.01
72382023182	2010	12	20	4	0	0.01
72382023182	2010	12	20	5	0	0.01
72382023182	2010	12	20	6	0	0.06
72382023182	2010	12	20	7	0	0.01
72382023182	2010	12	20	8	0	0.01
72382023182	2010	12	20	9	0	0.02
72382023182	2010	12	20	12	0	0.02
72382023182	2010	12	20	16	0	0.01
72382023182	2010	12	20	21	0	0.11
72382023182	2010	12	20	22	0	0.13
72382023182	2010	12	20	23	0	0.15
72382023182	2010	12	21	0	0	0.04
72382023182	2010	12	21	1	0	0.2
72382023182	2010	12	21	2	0	0.18
72382023182	2010	12	21	3	0	0.03
72382023182	2010	12	21	4	0	0.02
72382023182	2010	12	21	5	0	0.01
72382023182	2010	12	21	7	0	0.02
72382023182	2010	12	21	9	0	0.02
72382023182	2010	12	21	10	0	0.01
72382023182	2010	12	21	11	0	0.01
72382023182	2010	12	21	19	0	0.01
72382023182	2010	12	21	21	0	0.04
72382023182	2010	12	21	22	0	0.01
72382023182	2010	12	21	23	0	0.02
72382023182	2010	12	22	0	0	0.05
72382023182	2010	12	22	1	0	0.04
72382023182	2010	12	22	2	0	0.01
72382023182	2010	12	22	5	0	0.01
72382023182	2010	12	22	6	0	0.1
72382023182	2010	12	22	7	0	0.21
72382023182	2010	12	22	8	0	0.14
72382023182	2010	12	22	9	0	0.12
72382023182	2010	12	22	10	0	0.12
72382023182	2010	12	22	11	0	0.14
72382023182	2010	12	22	12	0	0.01
72382023182	2010	12	22	14	0	0.01
72382023182	2010	12	22	15	0	0.05
72382023182	2010	12	22	16	0	0.08
72382023182	2010	12	22	17	0	0.11
72382023182	2010	12	22	18	0	0.01
72382023182	2010	12	22	19	0	0.01
72382023182	2010	12	22	20	0	0.02
72382023182	2010	12	22	22	0	0.03
72382023182	2010	12	22	23	0	0.04
72382023182	2010	12	23	0	0	0.02
72382023182	2010	12	24	16	0	0.01
72382023182	2010	12	26	4	0	0.04
72382023182	2010	12	26	5	0	0.06
72382023182	2010	12	26	6	0	0.01
72382023182	2010	12	29	11	0	0.01
72382023182	2010	12	29	12	0	0.05
72382023182	2010	12	29	13	0	0.01
72382023182	2010	12	29	14	0	0.01
72382023182	2010	12	29	16	0	0.03
72382023182	2010	12	29	22	0	0.06
72382023182	2011	1	3	17	0	0.02
72382023182	2011	1	3	18	0	0.08
72382023182	2011	1	3	19	0	0.08
72382023182	2011	1	5	16	0	0.01
72382023182	2011	1	31	0	0	0.17
72382023182	2011	1	31	1	0	0.06
72382023182	2011	2	16	19	0	0.01
72382023182	2011	2	19	2	0	0.02
72382023182	2011	2	19	3	0	0.03
72382023182	2011	2	19	4	0	0.03
72382023182	2011	2	19	6	0	0.03
72382023182	2011	2	19	7	0	0.02
72382023182	2011	2	19	8	0	0.01
72382023182	2011	2	19	9	0	0.01
72382023182	2011	2	20	1	0	0.01
72382023182	2011	2	20	2	0	0.01
72382023182	2011	2	20	5	0	0.02
72382023182	2011	2	20	6	0	0.01
72382023182	2011	2	26	2	0	0.01
72382023182	2011	2	26	3	0	0.01
72382023182	2011	2	26	4	0	0.01
72382023182	2011	2	26	5	0	0.04
72382023182	2011	2	26	6	0	0.07
72382023182	2011	2	26	7	0	0.13
72382023182	2011	2	26	8	0	0.1
72382023182	2011	2	26	9	0	0.06
72382023182	2011	2	26	10	0	0.04
72382023182	2011	2	26	13	0	0.01
72382023182	2011	3	20	15	0	0.01
72382023182	2011	3	20	16	0	0.05
72382023182	2011	3	20	17	0	0.04
72382023182	2011	3	20	18	0	0.03
72382023182	2011	3	20	19	0	0.02
72382023182	2011	3	20	20	0	0.06
72382023182	2011	3	20	21	0	0.02
72382023182	2011	3	20	22	0	0.02
72382023182	2011	3	20	23	0	0.02
72382023182	2011	3	21	0	0	0.05
72382023182	2011	3	21	1	0	0.13
72382023182	2011	3	21	2	0	0.16
72382023182	2011	3	21	3	0	0.33
72382023182	2011	3	21	4	0	0.16
72382023182	2011	3	21	5	0	0.08
72382023182	2011	3	21	6	0	0.09
72382023182	2011	3	21	7	0	0.02
72382023182	2011	3	22	0	0	0.02
72382023182	2011	3	24	0	0	0.01
72382023182	2011	3	24	1	0	0.03
72382023182	2011	3	25	8	0	0.01
72382023182	2011	3	25	9	0	0.02
72382023182	2011	3	25	10	0	0.02
72382023182	2011	3	25	12	0	0.01
72382023182	2011	4	23	3	0	0.01
72382023182	2011	5	15	14	0	0.01
72382023182	2011	7	6	1	0	0.12
72382023182	2011	7	6	21	0	0.02
72382023182	2011	9	10	19	0	0.01
72382023182	2011	9	10	22	0	0.74
72382023182	2011	9	10	23	0	0.09
72382023182	2011	9	11	2	0	0.01
72382023182	2011	10	5	20	0	0.002
72382023182	2011	10	5	21	0	0.08
72382023182	2011	10	5	22	0	0.05
72382023182	2011	11	4	13	0	0.01
72382023182	2011	11	4	14	0	0.01
72382023182	2011	11	6	15	0	0.02
72382023182	2011	11	6	16	0	0.03
72382023182	2011	11	12	9	0	0.01
72382023182	2011	11	12	10	0	0.09
72382023182	2011	11	12	11	0	0.04
72382023182	2011	11	20	23	0	0.035
72382023182	2011	11	21	0	0	0.05
72382023182	2011	11	21	1	0	0.03
72382023182	2011	11	21	2	0	0.01
72382023182	2011	11	23	12	0	0.01
72382023182	2011	12	12	18	0	0.02
72382023182	2011	12	12	19	0	0.02
72382023182	2011	12	12	20	0	0.05
72382023182	2011	12	12	21	0	0.08
72382023182	2011	12	12	22	0	0.06
72382023182	2011	12	12	23	0	0.02
72382023182	2011	12	13	1	0	0.04
72382023182	2011	12	13	2	0	0.04
72382023182	2011	12	13	3	0	0.01
72382023182	2011	12	13	18	0	0.01
72382023182	2012	1	23	22	0	0.09
72382023182	2012	2	7	20	0	0.01
72382023182	2012	2	13	22	0	0.04
72382023182	2012	2	15	19	0	0.08
72382023182	2012	2	15	20	0	0.11
72382023182	2012	2	15	21	0	0.01
72382023182	2012	2	28	2	0	0.05
72382023182	2012	2	28	3	0	0.07
72382023182	2012	2	28	6	0	0.05
72382023182	2012	2	28	7	0	0.01
72382023182	2012	3	17	15	0	0.01
72382023182	2012	3	17	16	0	0.08
72382023182	2012	3	17	17	0	0.18
72382023182	2012	3	17	18	0	0.08
72382023182	2012	3	17	19	0	0.02
72382023182	2012	3	17	20	0	0.03
72382023182	2012	3	17	21	0	0.01
72382023182	2012	3	18	0	0	0.01
72382023182	2012	3	18	3	0	0.01
72382023182	2012	3	18	5	0	0.01
72382023182	2012	3	25	22	0	0.05
72382023182	2012	3	25	23	0	0.05
72382023182	2012	3	26	0	0	0.04
72382023182	2012	3	26	1	0	0.03
72382023182	2012	3	26	6	0	0.02
72382023182	2012	4	1	4	0	0.01
72382023182	2012	4	1	6	0	0.01
72382023182	2012	4	11	14	0	0.009
72382023182	2012	4	11	15	0	0.03
72382023182	2012	4	11	20	0	0.01
72382023182	2012	4	13	14	0	0.03
72382023182	2012	4	13	17	0	0.01
72382023182	2012	4	13	18	0	0.06
72382023182	2012	4	13	19	0	0.24
72382023182	2012	4	13	20	0	0.1
72382023182	2012	4	13	21	0	0.03
72382023182	2012	4	14	0	0	0.05
72382023182	2012	4	14	1	0	0.02
72382023182	2012	11	9	22	0	0.03
72382023182	2012	11	10	0	0	0.04
72382023182	2012	11	10	1	0	0.02
72382023182	2012	11	16	9	0	0.01
72382023182	2012	11	16	14	0	0.01
72382023182	2012	12	13	9	0	0.02
72382023182	2012	12	13	11	0	0.01
72382023182	2012	12	13	19	0	0.01
72382023182	2012	12	13	21	0	0.02
72382023182	2012	12	14	3	0	0.01
72382023182	2012	12	29	20	0	0.02
72382023182	2012	12	30	22	0	0.02
72382023182	2012	12	30	23	0	0.01
72382023182	2012	12	31	17	0	0.01
72382023182	2013	1	10	13	0	0.01
72382023182	2013	1	24	10	0	0.04
72382023182	2013	1	24	11	0	0.02
72382023182	2013	1	24	12	0	0.03
72382023182	2013	1	24	13	0	0.01
72382023182	2013	1	24	14	0	0.01
72382023182	2013	1	24	15	0	0.01
72382023182	2013	1	24	16	0	0.02
72382023182	2013	1	24	17	0	0.01
72382023182	2013	1	24	18	0	0.01
72382023182	2013	1	25	12	0	0.01
72382023182	2013	1	25	16	0	0.03
72382023182	2013	1	25	17	0	0.01
72382023182	2013	1	26	0	0	0.01
72382023182	2013	1	26	3	0	0.02
72382023182	2013	1	26	4	0	0.01
72382023182	2013	1	26	7	0	0.01
72382023182	2013	1	26	10	0	0.02
72382023182	2013	1	26	11	0	0.02
72382023182	2013	2	3	4	0	0.01
72382023182	2013	2	3	5	0	0.02
72382023182	2013	2	20	3	0	0.02
72382023182	2013	2	20	5	0	0.04
72382023182	2013	2	20	6	0	0.01
72382023182	2013	3	8	11	0	0.009
72382023182	2013	3	8	12	0	0.13
72382023182	2013	3	8	13	0	0.05
72382023182	2013	5	6	15	0	0.02
72382023182	2013	7	22	6	0	0.08
72382023182	2013	7	22	7	0	0.01
72382023182	2013	8	19	23	0	0.04
72382023182	2013	10	9	18	0	0.01
72382023182	2013	10	9	19	0	0.04
72382023182	2013	10	9	20	0	0.03
72382023182	2013	11	21	13	0	0.17
72382023182	2013	11	21	14	0	0.09
72382023182	2013	11	21	15	0	0.04
72382023182	2013	11	21	17	0	0.06
72382023182	2013	11	21	18	0	0.02
72382023182	2013	11	21	20	0	0.11
72382023182	2013	11	22	2	0	0.091
72382023182	2013	11	22	3	0	0.14
72382023182	2013	11	22	4	0	0.17
72382023182	2013	11	22	5	0	0.03
72382023182	2013	11	22	6	0	0.01
72382023182	2013	11	22	7	0	0.02
72382023182	2013	11	22	8	0	0.01
72382023182	2013	11	22	9	0	0.01
72382023182	2013	11	22	11	0	0.02
72382023182	2013	11	22	12	0	0.01
72382023182	2013	11	22	13	0	0.02
72382023182	2013	11	22	14	0	0.02
72382023182	2013	11	22	15	0	0.05
72382023182	2013	11	22	16	0	0.02
72382023182	2013	11	22	17	0	0.01
72382023182	2013	11	22	18	0	0.01
72382023182	2013	11	22	19	0	0.02
72382023182	2013	11	22	20	0	0.02
72382023182	2013	11	23	1	0	0.02
72382023182	2013	11	23	2	0	0.02
72382023182	2013	11	23	3	0	0.03
72382023182	2013	11	23	4	0	0.02
72382023182	2013	11	23	5	0	0.02
72382023182	2013	11	23	6	0	0.01
72382023182	2013	11	23	7	0	0.02
72382023182	2013	11	23	8	0	0.01
72382023182	2013	11	23	10	0	0.01
72382023182	2013	11	23	11	0	0.01
72382023182	2013	11	23	15	0	0.01
72382023182	2013	11	23	22	0	0.01
72382023182	2013	11	29	19	0	0.01
72382023182	2013	11	29	21	0	0.01
72382023182	2014	2	27	6	0	0.01
72382023182	2014	2	27	9	0	0.05
72382023182	2014	2	27	10	0	0.01
72382023182	2014	2	27	11	0	0.07
72382023182	2014	2	28	10	0	0.03
72382023182	2014	2	28	11	0	0.05
72382023182	2014	2	28	12	0	0.04
72382023182	2014	2	28	13	0	0.14
72382023182	2014	2	28	14	0	0.03
72382023182	2014	2	28	15	0	0.04
72382023182	2014	2	28	16	0	0.28
72382023182	2014	2	28	17	0	0.06
72382023182	2014	2	28	18	0	0.06
72382023182	2014	2	28	22	0	0.21
72382023182	2014	2	28	23	0	0.1
72382023182	2014	3	1	0	0	0.11
72382023182	2014	3	1	2	0	0.08
72382023182	2014	3	1	4	0	0.069
72382023182	2014	3	1	5	0	0.037
72382023182	2014	3	1	6	0	0.018
72382023182	2014	3	1	7	0	0.011
72382023182	2014	3	1	8	0	0.015
72382023182	2014	3	1	10	0	0.003
72382023182	2014	3	1	11	0	0.029
72382023182	2014	3	1	12	0	0.002
72382023182	2014	3	1	13	0	0.029
72382023182	2014	3	1	14	0	0.078
72382023182	2014	3	1	15	0	0.008
72382023182	2014	3	1	16	0	0.046
72382023182	2014	3	1	17	0	0.023
72382023182	2014	3	1	18	0	0.01
72382023182	2014	3	1	21	0	0.47
72382023182	2014	3	26	11	0	0.02
72382023182	2014	3	26	20	0	0.02
72382023182	2014	3	26	21	0	0.01
72382023182	2014	3	30	11	0	0.02
72382023182	2014	4	1	7	0	0.02
72382023182	2014	4	1	8	0	0.04
72382023182	2014	4	1	9	0	0.02
72382023182	2014	4	1	10	0	0.01
72382023182	2014	4	2	1	0	0.03
72382023182	2014	4	2	3	0	0.01
72382023182	2014	4	26	7	0	0.02
72382023182	2014	5	22	22	0	0.11
72382023182	2014	5	22	23	0	0.85
72382023182	2014	8	3	11	0	0.02
72382023182	2014	8	3	12	0	0.01
72382023182	2014	8	3	13	0	0.01
72382023182	2014	9	8	15	0	0.01
72382023182	2014	9	8	16	0	0.1
72382023182	2014	9	8	17	0	0.01
72382023182	2014	11	1	8	0	0.085
72382023182	2014	11	1	9	0	0.076
72382023182	2014	11	1	10	0	0.018
72382023182	2014	11	1	11	0	0.007
72382023182	2014	11	1	12	0	0.004
72382023182	2014	11	1	16	0	0.001
72382023182	2014	11	1	17	0	0.002
72382023182	2014	11	1	19	0	0.005
72382023182	2014	11	1	23	0	0.008
72382023182	2014	11	2	0	0	0.015
72382023182	2014	11	2	1	0	0.025
72382023182	2014	11	2	8	0	0.003
72382023182	2014	12	2	15	0	0.06
72382023182	2014	12	2	16	0	0.02
72382023182	2014	12	2	17	0	0.02
72382023182	2014	12	2	18	0	0.06
72382023182	2014	12	2	19	0	0.09
72382023182	2014	12	2	20	0	0.16
72382023182	2014	12	2	21	0	0.23
72382023182	2014	12	2	22	0	0.32
72382023182	2014	12	2	23	0	0.17
72382023182	2014	12	3	0	0	0.05
72382023182	2014	12	3	2	0	0.01
72382023182	2014	12	3	3	0	0.01
72382023182	2014	12	4	0	0	0.01
72382023182	2014	12	4	2	0	0.05
72382023182	2014	12	4	3	0	0.01
72382023182	2014	12	4	4	0	0.02
72382023182	2014	12	4	5	0	0.02
72382023182	2014	12	12	11	0	0.004
72382023182	2014	12	12	12	0	0.12
72382023182	2014	12	12	13	0	0.19
72382023182	2014	12	12	14	0	0.26
72382023182	2014	12	12	15	0	0.12
72382023182	2014	12	12	16	0	0.14
72382023182	2014	12	12	17	0	0.15
72382023182	2014	12	12	18	0	0.02
72382023182	2014	12	12	19	0	0.01
72382023182	2014	12	17	1	0	0.02
72382023182	2014	12	17	9	0	0.02
72382023182	2014	12	17	10	0	0.07
72382023182	2014	12	17	11	0	0.01
72382023182	2014	12	17	12	0	0.03
72382023182	2014	12	17	13	0	0.01
72382023182	2015	1	10	22	0	0.01
72382023182	2015	1	11	4	0	0.01
72382023182	2015	1	11	5	0	0.01
72382023182	2015	1	11	6	0	0.03
72382023182	2015	1	11	7	0	0.03
72382023182	2015	1	11	8	0	0.08
72382023182	2015	1	11	9	0	0.02
72382023182	2015	1	11	10	0	0.09
72382023182	2015	1	11	11	0	0.1
72382023182	2015	1	11	12	0	0.05
72382023182	2015	1	11	13	0	0.03
72382023182	2015	1	11	14	0	0.08
72382023182	2015	1	11	15	0	0.04
72382023182	2015	1	11	16	0	0.01
72382023182	2015	1	11	17	0	0.03
72382023182	2015	1	11	19	0	0.01
72382023182	2015	1	11	20	0	0.01
72382023182	2015	1	12	0	0	0.01
72382023182	2015	1	27	1	0	0.02
72382023182	2015	1	27	6	0	0.01
72382023182	2015	1	30	10	0	0.01
72382023182	2015	1	30	11	0	0.02
72382023182	2015	1	30	12	0	0.01
72382023182	2015	1	30	15	0	0.01
72382023182	2015	2	23	3	0	0.01
72382023182	2015	2	23	4	0	0.16
72382023182	2015	2	23	5	0	0.1
72382023182	2015	2	23	6	0	0.05
72382023182	2015	2	23	8	0	0.01
72382023182	2015	2	23	14	0	0.01
72382023182	2015	3	1	11	0	0.01
72382023182	2015	3	1	13	0	0.01
72382023182	2015	3	1	23	0	0.01
72382023182	2015	3	19	1	0	0.15
72382023182	2015	3	19	2	0	0.18
72382023182	2015	4	25	21	0	0.03
72382023182	2015	4	25	22	0	0.05
72382023182	2015	5	15	2	0	0.003
72382023182	2015	5	15	3	0	0.01
72382023182	2015	6	9	16	0	0.01
72382023182	2015	6	12	23	0	0.01
72382023182	2015	6	30	22	0	0.01
72382023182	2015	7	1	11	0	0.02
72382023182	2015	7	1	12	0	0.01
72382023182	2015	7	18	18	0	0.08
72382023182	2015	7	18	23	0	0.12
72382023182	2015	7	19	0	0	0.08
72382023182	2015	7	19	1	0	0.12
72382023182	2015	7	19	2	0	0.03
72382023182	2015	7	19	3	0	0.01
72382023182	2015	7	19	4	0	0.05
72382023182	2015	7	19	5	0	0.04
72382023182	2015	7	19	6	0	0.012
72382023182	2015	7	20	0	0	0.01
72382023182	2015	7	20	1	0	0.23
72382023182	2015	7	20	2	0	0.11
72382023182	2015	7	20	3	0	0.01
72382023182	2015	7	20	4	0	0.01
72382023182	2015	7	20	7	0	0.01
72382023182	2015	7	20	8	0	0.01
72382023182	2015	7	29	22	0	0.61
72382023182	2015	7	29	23	0	0.04
72382023182	2015	9	15	11	0	0.25
72382023182	2015	9	15	12	0	0.1
72382023182	2015	9	15	13	0	0.01
72382023182	2015	9	15	14	0	0.02
72382023182	2015	9	15	15	0	0.02
72382023182	2015	9	15	16	0	0.03
72382023182	2015	10	4	14	0	0.02
72382023182	2015	10	4	16	0	0.01
72382023182	2015	10	15	23	0	0.001
72382023182	2015	10	16	0	0	0.89
72382023182	2015	10	16	1	0	0.02
72382023182	2015	11	3	1	0	0.17
72382023182	2015	11	3	2	0	0.01
72382023182	2015	11	3	6	0	0.01
72382023182	2015	11	15	20	0	0.03
72382023182	2015	11	15	21	0	0.02
72382023182	2015	11	15	23	0	0.02
72382023182	2015	11	16	1	0	0.07
72382023182	2015	12	11	10	0	0.03
72382023182	2015	12	11	17	0	0.01
72382023182	2015	12	14	2	0	0.068
72382023182	2015	12	14	3	0	0.17
72382023182	2015	12	20	0	0	0.01
72382023182	2015	12	20	1	0	0.08
72382023182	2015	12	20	2	0	0.03
72382023182	2015	12	25	4	0	0.04
72382023182	2015	12	25	5	0	0.04
72382023182	2015	12	25	6	0	0.01
72382023182	2016	1	5	18	0	0.12
72382023182	2016	1	5	19	0	0.11
72382023182	2016	1	5	20	0	0.21
72382023182	2016	1	5	21	0	0.22
72382023182	2016	1	5	22	0	0.06
72382023182	2016	1	6	2	0	0.03
72382023182	2016	1	6	18	0	0.01
72382023182	2016	1	6	19	0	0.16
72382023182	2016	1	6	20	0	0.07
72382023182	2016	1	6	21	0	0.03
72382023182	2016	1	6	22	0	0.05
72382023182	2016	1	7	1	0	0.01
72382023182	2016	1	7	8	0	0.01
72382023182	2016	1	7	9	0	0.01
72382023182	2016	1	7	10	0	0.04
72382023182	2016	1	7	11	0	0.01
72382023182	2016	1	19	22	0	0.01
72382023182	2016	1	19	23	0	0.04
72382023182	2016	1	31	20	0	0.01
72382023182	2016	1	31	21	0	0.04
72382023182	2016	1	31	22	0	0.08
72382023182	2016	1	31	23	0	0.03
72382023182	2016	2	18	0	0	0.02
72382023182	2016	2	18	2	0	0.01
72382023182	2016	2	18	3	0	0.04
72382023182	2016	2	18	4	0	0.02
72382023182	2016	3	6	9	0	0.02
72382023182	2016	3	6	10	0	0.02
72382023182	2016	3	6	11	0	0.01
72382023182	2016	3	6	12	0	0.07
72382023182	2016	3	6	13	0	0.03
72382023182	2016	3	6	14	0	0.02
72382023182	2016	3	6	15	0	0.02
72382023182	2016	3	7	15	0	0.23
72382023182	2016	3	7	16	0	0.05
72382023182	2016	3	7	22	0	0.02
72382023182	2016	3	11	22	0	0.08
72382023182	2016	3	11	23	0	0.15
72382023182	2016	3	12	0	0	0.01
72382023182	2016	3	12	1	0	0.06
72382023182	2016	4	7	21	0	0.01
72382023182	2016	4	8	11	0	0.01
72382023182	2016	4	8	14	0	0.02
72382023182	2016	4	8	20	0	0.04
72382023182	2016	4	28	1	0	0.06
72382023182	2016	4	30	22	0	0.01
72382023182	2016	4	30	23	0	0.04
72382023182	2016	10	24	7	0	0.01
72382023182	2016	10	24	14	0	0.01
72382023182	2016	10	28	15	0	0.01
72382023182	2016	10	28	16	0	0.04
72382023182	2016	11	21	6	0	0.09
72382023182	2016	11	21	7	0	0.06
72382023182	2016	11	21	8	0	0.01
72382023182	2016	11	21	10	0	0.01
72382023182	2016	11	26	22	0	0.03
72382023182	2016	11	26	23	0	0.03
72382023182	2016	11	27	19	0	0.02
72382023182	2016	12	16	7	0	0.01
72382023182	2016	12	16	8	0	0.01
72382023182	2016	12	16	9	0	0.03
72382023182	2016	12	16	10	0	0.01
72382023182	2016	12	16	15	0	0.02
72382023182	2016	12	16	16	0	0.01
72382023182	2016	12	22	0	0	0.01
72382023182	2016	12	22	5	0	0.03
72382023182	2016	12	22	6	0	0.13
72382023182	2016	12	22	7	0	0.07
72382023182	2016	12	22	8	0	0.14
72382023182	2016	12	22	9	0	0.13
72382023182	2016	12	22	10	0	0.18
72382023182	2016	12	22	11	0	0.12
72382023182	2016	12	22	12	0	0.05
72382023182	2016	12	22	14	0	0.01
72382023182	2016	12	22	15	0	0.02
72382023182	2016	12	22	17	0	0.02
72382023182	2016	12	22	18	0	0.03
72382023182	2016	12	24	1	0	0.01
72382023182	2016	12	24	3	0	0.01
72382023182	2016	12	24	4	0	0.04
72382023182	2016	12	24	5	0	0.02
72382023182	2016	12	24	6	0	0.09
72382023182	2016	12	24	7	0	0.04
72382023182	2016	12	24	8	0	0.02
72382023182	2016	12	24	9	0	0.02
72382023182	2016	12	24	10	0	0.06
72382023182	2016	12	30	16	0	0.03
72382023182	2016	12	30	17	0	0.02
72382023182	2016	12	30	18	0	0.02
72382023182	2016	12	30	19	0	0.02
72382023182	2016	12	31	6	0	0.01
72382023182	2016	12	31	22	0	0.01
72382023182	2017	1	1	0	0	0.01
72382023182	2017	1	1	1	0	0.01
72382023182	2017	1	6	0	0	0.01
72382023182	2017	1	7	10	0	0.01
72382023182	2017	1	7	12	0	0.022
72382023182	2017	1	7	13	0	0.016
72382023182	2017	1	7	14	0	0.01
72382023182	2017	1	9	11	0	0.014
72382023182	2017	1	9	12	0	0.02
72382023182	2017	1	9	13	0	0.103
72382023182	2017	1	9	14	0	0.049
72382023182	2017	1	9	15	0	0.011
72382023182	2017	1	12	13	0	0.06
72382023182	2017	1	12	14	0	0.05
72382023182	2017	1	12	16	0	0.03
72382023182	2017	1	12	18	0	0.01
72382023182	2017	1	12	19	0	0.03
72382023182	2017	1	12	20	0	0.09
72382023182	2017	1	12	21	0	0.01
72382023182	2017	1	12	22	0	0.01
72382023182	2017	1	13	1	0	0.01
72382023182	2017	1	13	2	0	0.01
72382023182	2017	1	13	14	0	0.01
72382023182	2017	1	13	15	0	0.01
72382023182	2017	1	13	16	0	0.02
72382023182	2017	1	13	17	0	0.01
72382023182	2017	1	13	18	0	0.02
72382023182	2017	1	13	19	0	0.01
72382023182	2017	1	13	20	0	0.01
72382023182	2017	1	13	21	0	0.01
72382023182	2017	1	13	22	0	0.04
72382023182	2017	1	13	23	0	0.02
72382023182	2017	1	14	0	0	0.02
72382023182	2017	1	14	1	0	0.02
72382023182	2017	1	14	3	0	0.02
72382023182	2017	1	14	4	0	0.03
72382023182	2017	1	14	5	0	0.03
72382023182	2017	1	14	6	0	0.01
72382023182	2017	1	19	3	0	0.01
72382023182	2017	1	19	11	0	0.01
72382023182	2017	1	19	12	0	0.05
72382023182	2017	1	19	20	0	0.01
72382023182	2017	1	20	10	0	0.01
72382023182	2017	1	20	19	0	0.08
72382023182	2017	1	20	20	0	0.2
72382023182	2017	1	20	21	0	0.02
72382023182	2017	1	20	22	0	0.14
72382023182	2017	1	21	1	0	0.04
72382023182	2017	1	21	9	0	0.02
72382023182	2017	1	22	11	0	0.01
72382023182	2017	1	22	12	0	0.01
72382023182	2017	1	22	17	0	0.01
72382023182	2017	1	22	18	0	0.02
72382023182	2017	1	22	19	0	0.02
72382023182	2017	1	22	20	0	0.03
72382023182	2017	1	22	21	0	0.06
72382023182	2017	1	22	22	0	0.04
72382023182	2017	1	22	23	0	0.06
72382023182	2017	1	23	0	0	0.04
72382023182	2017	1	23	3	0	0.02
72382023182	2017	1	23	4	0	0.02
72382023182	2017	1	23	5	0	0.01
72382023182	2017	1	23	6	0	0.1
72382023182	2017	1	23	7	0	0.08
72382023182	2017	1	23	8	0	0.01
72382023182	2017	1	23	9	0	0.02
72382023182	2017	1	23	10	0	0.02
72382023182	2017	1	23	11	0	0.01
72382023182	2017	1	23	15	0	0.01
72382023182	2017	1	23	17	0	0.03
72382023182	2017	1	23	18	0	0.16
72382023182	2017	2	3	16	0	0.02
72382023182	2017	2	10	23	0	0.02
72382023182	2017	2	11	0	0	0.12
72382023182	2017	2	11	1	0	0.04
72382023182	2017	2	11	2	0	0.03
72382023182	2017	2	11	3	0	0.01
72382023182	2017	2	11	11	0	0.08
72382023182	2017	2	11	12	0	0.02
72382023182	2017	2	17	6	0	0.01
72382023182	2017	2	17	7	0	0.06
72382023182	2017	2	17	8	0	0.01
72382023182	2017	2	17	16	0	0.02
72382023182	2017	2	17	21	0	0.01
72382023182	2017	2	17	22	0	0.08
72382023182	2017	2	17	23	0	0.15
72382023182	2017	2	18	0	0	0.18
72382023182	2017	2	18	1	0	0.22
72382023182	2017	2	18	2	0	0.21
72382023182	2017	2	18	3	0	0.12
72382023182	2017	2	18	4	0	0.11
72382023182	2017	2	18	5	0	0.1
72382023182	2017	2	18	6	0	0.05
72382023182	2017	2	18	7	0	0.02
72382023182	2017	2	18	21	0	0.02
72382023182	2017	2	26	11	0	0.003
72382023182	2017	2	26	12	0	0.02
72382023182	2017	2	26	14	0	0.01
72382023182	2017	2	26	15	0	0.01
72382023182	2017	3	23	0	0	0.02
72382023182	2017	5	7	21	0	0.02
72382023182	2017	7	24	21	0	0.01
72382023182	2017	8	31	0	0	0.01
72382023182	2017	9	3	21	0	0.1
72382023182	2017	9	3	22	0	0.2
72382023182	2017	9	10	2	0	0.09
72382023182	2017	9	11	14	0	0.01
72382023182	2018	1	8	14	0	0.01
72382023182	2018	1	8	15	0	0.01
72382023182	2018	1	8	18	0	0.01
72382023182	2018	1	8	21	0	0.02
72382023182	2018	1	8	22	0	0.07
72382023182	2018	1	8	23	0	0.04
72382023182	2018	1	9	0	0	0.09
72382023182	2018	1	9	1	0	0.1
72382023182	2018	1	9	2	0	0.01
72382023182	2018	1	9	12	0	0.02
72382023182	2018	1	9	13	0	0.02
72382023182	2018	1	9	14	0	0.08
72382023182	2018	1	9	15	0	0.04
72382023182	2018	1	9	16	0	0.02
72382023182	2018	1	9	22	0	0.03
72382023182	2018	1	9	23	0	0.02
72382023182	2018	1	20	0	0	0.01
72382023182	2018	2	27	6	0	0.04
72382023182	2018	2	27	7	0	0.03
72382023182	2018	3	3	1	0	0.01
72382023182	2018	3	3	18	0	0.01
72382023182	2018	3	3	20	0	0.01
72382023182	2018	3	3	22	0	0.01
72382023182	2018	3	11	0	0	0.05
72382023182	2018	3	11	1	0	0.03
72382023182	2018	3	11	2	0	0.01
72382023182	2018	3	11	3	0	0.04
72382023182	2018	3	11	4	0	0.02
72382023182	2018	3	11	5	0	0.01
72382023182	2018	3	11	6	0	0.02
72382023182	2018	3	11	11	0	0.03
72382023182	2018	3	11	12	0	0.06
72382023182	2018	3	11	14	0	0.01
72382023182	2018	3	15	8	0	0.005
72382023182	2018	3	15	9	0	0.05
72382023182	2018	3	15	10	0	0.01
72382023182	2018	3	15	11	0	0.01
72382023182	2018	3	18	1	0	0.01
72382023182	2018	3	18	2	0	0.008
72382023182	2018	3	18	3	0	0.25
72382023182	2018	3	18	4	0	0.01
72382023182	2018	3	21	1	0	0.02
72382023182	2018	3	21	2	0	0.02
72382023182	2018	3	21	3	0	0.02
72382023182	2018	3	21	4	0	0.06
72382023182	2018	3	21	5	0	0.01
72382023182	2018	3	21	13	0	0.07
72382023182	2018	3	21	14	0	0.07
72382023182	2018	3	21	15	0	0.02
72382023182	2018	3	21	17	0	0.06
72382023182	2018	3	21	18	0	0.13
72382023182	2018	3	21	19	0	0.09
72382023182	2018	3	21	20	0	0.05
72382023182	2018	3	21	21	0	0.02
72382023182	2018	3	21	22	0	0.04
72382023182	2018	3	22	9	0	0.01
72382023182	2018	3	22	12	0	0.04
72382023182	2018	3	22	13	0	0.03
72382023182	2018	3	22	14	0	0.03
72382023182	2018	3	22	15	0	0.04
72382023182	2018	3	22	16	0	0.12
72382023182	2018	3	22	17	0	0.11
72382023182	2018	3	22	18	0	0.03
72382023182	2018	3	23	6	0	0.02
72382023182	2018	4	17	3	0	0.01
72382023182	2018	10	13	10	0	0.01
72382023182	2018	10	13	11	0	0.02
72382023182	2018	11	22	10	0	0.01
72382023182	2018	11	29	9	0	0.01
72382023182	2018	11	29	10	0	0.01
72382023182	2018	11	29	13	0	0.01
72382023182	2018	11	29	14	0	0.01
72382023182	2018	11	29	15	0	0.1
72382023182	2018	11	29	16	0	0.02
72382023182	2018	11	29	17	0	0.02
72382023182	2018	11	29	19	0	0.01
72382023182	2018	11	29	20	0	0.01
72382023182	2018	11	30	0	0	0.04
72382023182	2018	12	5	13	0	0.02
72382023182	2018	12	5	14	0	0.04
72382023182	2018	12	6	2	0	0.01
72382023182	2018	12	6	3	0	0.01
72382023182	2018	12	6	4	0	0.02
72382023182	2018	12	6	5	0	0.01
72382023182	2018	12	6	6	0	0.01
72382023182	2018	12	6	7	0	0.03
72382023182	2018	12	6	9	0	0.02
72382023182	2018	12	6	10	0	0.08
72382023182	2018	12	6	11	0	0.01
72382023182	2018	12	6	12	0	0.01
72382023182	2018	12	6	13	0	0.04
72382023182	2018	12	6	14	0	0.13
72382023182	2018	12	6	15	0	0.21
72382023182	2018	12	6	16	0	0.15
72382023182	2018	12	6	17	0	0.11
72382023182	2018	12	6	18	0	0.2
72382023182	2018	12	6	19	0	0.13
72382023182	2018	12	6	20	0	0.04
72382023182	2018	12	6	21	0	0.08
72382023182	2018	12	6	22	0	0.15
72382023182	2018	12	6	23	0	0.05
72382023182	2018	12	7	3	0	0.01
72382023182	2018	12	7	6	0	0.01
72382023182	2018	12	7	9	0	0.01
72382023182	2018	12	7	10	0	0.01
72382023182	2019	1	6	5	0	0.009
72382023182	2019	1	6	6	0	0.03
72382023182	2019	1	12	12	0	0.01
72382023182	2019	1	12	13	0	0.04
72382023182	2019	1	14	16	0	0.01
72382023182	2019	1	14	17	0	0.09
72382023182	2019	1	14	18	0	0.07
72382023182	2019	1	14	19	0	0.01
72382023182	2019	1	14	20	0	0.04
72382023182	2019	1	14	21	0	0.03
72382023182	2019	1	14	22	0	0.04
72382023182	2019	1	14	23	0	0.04
72382023182	2019	1	15	0	0	0.05
72382023182	2019	1	15	1	0	0.03
72382023182	2019	1	15	2	0	0.02
72382023182	2019	1	15	23	0	0.02
72382023182	2019	1	16	0	0	0.03
72382023182	2019	1	16	1	0	0.02
72382023182	2019	1	17	2	0	0.02
72382023182	2019	1	17	3	0	0.04
72382023182	2019	1	17	4	0	0.03
72382023182	2019	1	17	5	0	0.02
72382023182	2019	1	17	6	0	0.01
72382023182	2019	1	17	12	0	0.01
72382023182	2019	1	17	13	0	0.02
72382023182	2019	1	17	14	0	0.02
72382023182	2019	1	17	15	0	0.03
72382023182	2019	1	17	16	0	0.04
72382023182	2019	1	17	17	0	0.04
72382023182	2019	1	17	18	0	0.05
72382023182	2019	1	17	20	0	0.03
72382023182	2019	1	17	21	0	0.03
72382023182	2019	1	17	22	0	0.03
72382023182	2019	1	31	18	0	0.01
72382023182	2019	1	31	19	0	0.1
72382023182	2019	1	31	20	0	0.12
72382023182	2019	1	31	21	0	0.05
72382023182	2019	1	31	22	0	0.13
72382023182	2019	1	31	23	0	0.02
72382023182	2019	2	2	9	0	0.01
72382023182	2019	2	2	10	0	0.01
72382023182	2019	2	2	12	0	0.02
72382023182	2019	2	2	14	0	0.01
72382023182	2019	2	2	17	0	0.01
72382023182	2019	2	2	18	0	0.02
72382023182	2019	2	2	19	0	0.02
72382023182	2019	2	2	20	0	0.06
72382023182	2019	2	2	21	0	0.22
72382023182	2019	2	2	22	0	0.19
72382023182	2019	2	3	3	0	0.01
72382023182	2019	2	3	4	0	0.02
72382023182	2019	2	3	5	0	0.02
72382023182	2019	2	3	8	0	0.01
72382023182	2019	2	3	9	0	0.02
72382023182	2019	2	4	0	0	0.01
72382023182	2019	2	4	7	0	0.01
72382023182	2019	2	4	8	0	0.03
72382023182	2019	2	4	18	0	0.03
72382023182	2019	2	4	19	0	0.07
72382023182	2019	2	4	20	0	0.02
72382023182	2019	2	5	3	0	0.02
72382023182	2019	2	5	4	0	0.02
72382023182	2019	2	5	6	0	0.02
72382023182	2019	2	5	7	0	0.01
72382023182	2019	2	5	8	0	0.02
72382023182	2019	2	5	9	0	0.02
72382023182	2019	2	5	13	0	0.01
72382023182	2019	2	6	0	0	0.01
72382023182	2019	2	6	1	0	0.04
72382023182	2019	2	6	2	0	0.04
72382023182	2019	2	6	3	0	0.01
72382023182	2019	2	9	14	0	0.008
72382023182	2019	2	11	0	0	0.04
72382023182	2019	2	13	23	0	0.01
72382023182	2019	2	14	9	0	0.03
72382023182	2019	2	14	10	0	0.05
72382023182	2019	2	14	11	0	0.1
72382023182	2019	2	14	12	0	0.16
72382023182	2019	2	14	15	0	0.03
72382023182	2019	2	14	16	0	0.03
72382023182	2019	2	14	17	0	0.16
72382023182	2019	2	14	18	0	0.1
72382023182	2019	2	14	19	0	0.07
72382023182	2019	2	14	22	0	0.03
72382023182	2019	2	16	2	0	0.02
72382023182	2019	2	17	22	0	0.09
72382023182	2019	2	17	23	0	0.01
72382023182	2019	2	21	1	0	0.02
72382023182	2019	2	21	2	0	0.03
72382023182	2019	2	21	3	0	0.05
72382023182	2019	2	21	4	0	0.07
72382023182	2019	2	21	5	0	0.12
72382023182	2019	3	2	10	0	0.06
72382023182	2019	3	2	11	0	0.01
72382023182	2019	3	2	13	0	0.03
72382023182	2019	3	6	3	0	0.05
72382023182	2019	3	6	4	0	0.01
72382023182	2019	3	6	5	0	0.02
72382023182	2019	3	6	7	0	0.04
72382023182	2019	3	6	8	0	0.01
72382023182	2019	3	6	9	0	0.02
72382023182	2019	3	6	11	0	0.07
72382023182	2019	3	6	12	0	0.09
72382023182	2019	3	6	13	0	0.14
72382023182	2019	3	6	14	0	0.09
72382023182	2019	3	6	15	0	0.13
72382023182	2019	3	6	16	0	0.01
72382023182	2019	3	7	10	0	0.01
72382023182	2019	3	8	4	0	0.001
72382023182	2019	3	12	9	0	0.02
72382023182	2019	3	12	11	0	0.02
72382023182	2019	3	12	12	0	0.06
72382023182	2019	3	12	13	0	0.05
72382023182	2019	3	12	14	0	0.01
72382023182	2019	3	20	23	0	0.01
72382023182	2019	3	21	0	0	0.03
72382023182	2019	5	10	13	0	0.02
72382023182	2019	5	10	17	0	0.02
72382023182	2019	5	10	18	0	0.01
72382023182	2019	5	11	10	0	0.01
72382023182	2019	5	11	15	0	0.01
72382023182	2019	5	12	1	0	0.07
72382023182	2019	5	16	15	0	0.01
72382023182	2019	5	16	23	0	0.01
72382023182	2019	5	17	0	0	0.04
72382023182	2019	5	19	9	0	0.02
72382023182	2019	5	19	11	0	0.05
72382023182	2019	5	19	12	0	0.05
72382023182	2019	5	19	13	0	0.03
72382023182	2019	5	20	5	0	0.02
72382023182	2019	7	25	16	0	0.01
72382023182	2019	11	21	3	0	0.08
72382023182	2019	11	21	4	0	0.09
72382023182	2019	11	21	5	0	0.04
72382023182	2019	11	27	17	0	0.04
72382023182	2019	11	27	18	0	0.1
72382023182	2019	11	27	19	0	0.02
72382023182	2019	11	28	13	0	0.02
72382023182	2019	11	28	14	0	0.11
72382023182	2019	11	28	15	0	0.02
72382023182	2019	11	28	17	0	0.02
72382023182	2019	11	28	18	0	0.02
72382023182	2019	11	28	19	0	0.1
72382023182	2019	11	28	20	0	0.08
72382023182	2019	11	28	21	0	0.05
72382023182	2019	11	28	22	0	0.03
72382023182	2019	11	28	23	0	0.04
72382023182	2019	11	29	0	0	0.01
72382023182	2019	11	29	1	0	0.01
72382023182	2019	11	30	21	0	0.01
72382023182	2019	11	30	22	0	0.03
72382023182	2019	11	30	23	0	0.03
72382023182	2019	12	1	0	0	0.05
72382023182	2019	12	1	1	0	0.02
72382023182	2019	12	1	2	0	0.03
72382023182	2019	12	1	3	0	0.03
72382023182	2019	12	1	4	0	0.01
72382023182	2019	12	1	5	0	0.01
72382023182	2019	12	4	7	0	0.001
72382023182	2019	12	4	9	0	0.001
72382023182	2019	12	4	11	0	0.004
72382023182	2019	12	4	12	0	0.034
72382023182	2019	12	4	13	0	0.11
72382023182	2019	12	4	14	0	0.07
72382023182	2019	12	4	15	0	0.09
72382023182	2019	12	4	16	0	0.03
72382023182	2019	12	4	17	0	0.08
72382023182	2019	12	4	18	0	0.18
72382023182	2019	12	4	19	0	0.02
72382023182	2019	12	4	20	0	0.01
72382023182	2019	12	6	22	0	0.02
72382023182	2019	12	7	16	0	0.01
72382023182	2019	12	8	19	0	0.04
72382023182	2019	12	8	20	0	0.12
72382023182	2019	12	8	21	0	0.06
72382023182	2019	12	8	22	0	0.01
72382023182	2019	12	9	0	0	0.01
72382023182	2019	12	9	1	0	0.01
72382023182	2019	12	9	2	0	0.06
72382023182	2019	12	9	3	0	0.07
72382023182	2019	12	23	7	0	0.01
72382023182	2019	12	23	8	0	0.02
72382023182	2019	12	23	9	0	0.01
72382023182	2019	12	23	10	0	0.01
72382023182	2019	12	23	11	0	0.02
72382023182	2019	12	23	12	0	0.02
72382023182	2019	12	23	13	0	0.01
72382023182	2019	12	23	14	0	0.02
72382023182	2019	12	23	15	0	0.01
72382023182	2019	12	23	16	0	0.01
72382023182	2019	12	23	17	0	0.01
72382023182	2019	12	23	18	0	0.01
72382023182	2019	12	23	19	0	0.01
72382023182	2019	12	23	20	0	0.01
72382023182	2019	12	24	0	0	0.01
72382023182	2019	12	24	1	0	0.01
72382023182	2019	12	24	2	0	0.01
72382023182	2019	12	24	3	0	0.01
72382023182	2019	12	26	8	0	0.201
72382023182	2019	12	26	9	0	0.01
72382023182	2019	12	26	11	0	0.01
72382023182	2019	12	26	13	0	0.01
72382023182	2019	12	26	15	0	0.01
72382023182	2019	12	26	16	0	0.01
72382023182	2019	12	26	17	0	1.02
72382023182	2019	12	26	18	0	0.01
72382023182	2019	12	26	19	0	0.04
72382023182	2019	12	26	21	0	0.02
72382023182	2019	12	26	22	0	0.01
72382023182	2019	12	26	23	0	0.01
72382023182	2019	12	27	0	0	0.01
72382023182	2019	12	27	2	0	0.02
72382023182	2019	12	27	3	0	0.03
72382023182	2019	12	27	4	0	0.02
72382023182	2019	12	27	5	0	0.02
72382023182	2019	12	30	12	0	0.01
72382023182	2020	1	17	6	0	0.01
72382023182	2020	1	17	7	0	0.02
72382023182	2020	1	21	9	0	0.01
72382023182	2020	2	23	1	0	0.02
72382023182	2020	2	23	2	0	0.02
72382023182	2020	3	2	6	0	0.03
72382023182	2020	3	10	9	0	0.01
72382023182	2020	3	10	11	0	0.07
72382023182	2020	3	10	12	0	0.05
72382023182	2020	3	10	14	0	0.01
72382023182	2020	3	10	16	0	0.04
72382023182	2020	3	10	19	0	0.01
72382023182	2020	3	10	20	0	0.01
72382023182	2020	3	10	21	0	0.1
72382023182	2020	3	12	17	0	0.01
72382023182	2020	3	12	18	0	0.13
72382023182	2020	3	12	21	0	0.07
72382023182	2020	3	12	22	0	0.1
72382023182	2020	3	12	23	0	0.17
72382023182	2020	3	13	0	0	0.29
72382023182	2020	3	13	1	0	0.16
72382023182	2020	3	13	2	0	0.11
72382023182	2020	3	13	3	0	0.06
72382023182	2020	3	13	4	0	0.16
72382023182	2020	3	13	5	0	0.09
72382023182	2020	3	13	6	0	0.09
72382023182	2020	3	13	7	0	0.05
72382023182	2020	3	13	8	0	0.04
72382023182	2020	3	13	9	0	0.05
72382023182	2020	3	13	10	0	0.07
72382023182	2020	3	13	11	0	0.06
72382023182	2020	3	13	12	0	0.06
72382023182	2020	3	13	13	0	0.11
72382023182	2020	3	13	14	0	0.04
72382023182	2020	3	13	15	0	0.01
72382023182	2020	3	13	16	0	0.02
72382023182	2020	3	13	17	0	0.01
72382023182	2020	3	17	2	0	0.01
72382023182	2020	3	17	3	0	0.01
72382023182	2020	3	23	1	0	0.04
72382023182	2020	3	23	2	0	0.01
72382023182	2020	3	23	3	0	0.09
72382023182	2020	3	23	4	0	0.06
72382023182	2020	3	23	5	0	0.14
72382023182	2020	3	23	6	0	0.1
72382023182	2020	3	23	7	0	0.01
72382023182	2020	3	23	10	0	0.03
72382023182	2020	4	6	11	0	0.01
72382023182	2020	4	6	12	0	0.02
72382023182	2020	4	6	13	0	0.01
72382023182	2020	4	6	14	0	0.17
72382023182	2020	4	6	15	0	0.06
72382023182	2020	4	6	16	0	0.02
72382023182	2020	4	6	17	0	0.02
72382023182	2020	4	6	18	0	0.05
72382023182	2020	4	7	15	0	0.01
72382023182	2020	4	7	16	0	0.01
72382023182	2020	4	7	20	0	0.02
72382023182	2020	4	7	21	0	0.08
72382023182	2020	4	7	23	0	0.05
72382023182	2020	4	8	0	0	0.12
72382023182	2020	4	8	1	0	0.03
72382023182	2020	4	8	2	0	0.08
72382023182	2020	4	8	3	0	0.02
72382023182	2020	4	8	10	0	0.03
72382023182	2020	4	8	11	0	0.01
72382023182	2020	4	8	12	0	0.05
72382023182	2020	4	8	13	0	0.01
72382023182	2020	4	8	14	0	0.01
72382023182	2020	4	8	15	0	0.03
72382023182	2020	4	8	16	0	0.01
72382023182	2020	4	9	8	0	0.007
72382023182	2020	4	9	9	0	0.01
72382023182	2020	4	9	13	0	0.01
72382023182	2020	4	9	16	0	0.01
72382023182	2020	4	9	17	0	0.05
72382023182	2020	4	9	18	0	0.05
72382023182	2020	4	9	19	0	0.06
72382023182	2020	4	9	20	0	0.1
72382023182	2020	4	9	21	0	0.04
72382023182	2020	4	9	22	0	0.06
72382023182	2020	4	9	23	0	0.05
72382023182	2020	4	10	0	0	0.03
72382023182	2020	4	10	1	0	0.01
72382023182	2020	4	10	2	0	0.02
72382023182	2020	4	10	3	0	0.02
72382023182	2020	4	10	4	0	0.02
72382023182	2020	4	10	5	0	0.03
72382023182	2020	4	10	6	0	0.03
72382023182	2020	4	10	7	0	0.04
72382023182	2020	4	10	8	0	0.03
72382023182	2020	4	10	9	0	0.02
72382023182	2020	4	10	10	0	0.03
72382023182	2020	4	10	11	0	0.03
72382023182	2020	4	10	12	0	0.03
72382023182	2020	4	10	13	0	0.03
72382023182	2020	4	10	14	0	0.04
72382023182	2020	4	10	15	0	0.02
72382023182	2020	4	10	16	0	0.01
72382023182	2020	4	10	20	0	0.01
72382023182	2020	4	10	21	0	0.11
72382023182	2020	4	10	23	0	0.09
72382023182	2020	8	19	22	0	0.07
72382023182	2020	11	7	15	0	0.06
72382023182	2020	11	7	16	0	0.06
72382023182	2020	11	7	21	0	0.05
72382023182	2020	11	7	22	0	0.02
72382023182	2020	11	8	22	0	0.05
72382023182	2020	12	24	22	0	0.02
72382023182	2020	12	25	0	0	0.01
72382023182	2020	12	28	9	0	0.26
72382023182	2020	12	28	10	0	0.03
72382023182	2020	12	28	13	0	0.01
72382023182	2020	12	28	14	0	0.03
72382023182	2020	12	28	21	0	0.01
72382023182	2020	12	28	22	0	0.02
72382023182	2020	12	28	23	0	0.09
72382023182	2020	12	29	0	0	0.04
72382023182	2020	12	29	1	0	0.03
72382023182	2021	1	24	4	0	0.01
72382023182	2021	1	24	5	0	0.01
72382023182	2021	1	25	12	0	0.02
72382023182	2021	1	29	4	0	0.07
72382023182	2021	1	29	5	0	0.05
72382023182	2021	1	29	6	0	0.09
72382023182	2021	1	29	7	0	0.15
72382023182	2021	1	29	8	0	0.11
72382023182	2021	1	29	9	0	0.03
72382023182	2021	1	29	10	0	0.1
72382023182	2021	1	29	11	0	0.11
72382023182	2021	1	29	12	0	0.03
72382023182	2021	1	29	13	0	0.02
72382023182	2021	1	29	15	0	0.02
72382023182	2021	1	29	16	0	0.01
72382023182	2021	2	12	14	0	0.04
72382023182	2021	2	12	15	0	0.01
72382023182	2021	3	10	13	0	0.02
72382023182	2021	3	10	22	0	0.01
72382023182	2021	3	10	23	0	0.01
72382023182	2021	3	12	22	0	0.04
72382023182	2021	3	12	23	0	0.01
72382023182	2021	3	15	19	0	0.01
72382023182	2021	10	25	13	0	0.001
72382023182	2021	10	25	14	0	0.001
72382023182	2021	10	25	15	0	0.001
72382023182	2021	10	25	16	0	0.001
72382023182	2021	10	25	17	0	0.004
72382023182	2021	10	25	20	0	0.03
72382023182	2021	10	25	21	0	0.05
72382023182	2021	10	25	22	0	0.09
72382023182	2021	12	7	11	0	0.01
72382023182	2021	12	14	12	0	0.12
72382023182	2021	12	14	13	0	0.01
72382023182	2021	12	14	14	0	0.08
72382023182	2021	12	14	15	0	0.13
72382023182	2021	12	14	16	0	0.02
72382023182	2021	12	14	17	0	0.03
72382023182	2021	12	14	18	0	0.06
72382023182	2021	12	14	19	0	0.03
72382023182	2021	12	14	20	0	0.05
72382023182	2021	12	14	21	0	0.03
72382023182	2021	12	14	22	0	0.01
72382023182	2021	12	14	23	0	0.02
72382023182	2021	12	15	0	0	0.09
72382023182	2021	12	23	18	0	0.02
72382023182	2021	12	23	19	0	0.01
72382023182	2021	12	23	20	0	0.07
72382023182	2021	12	23	21	0	0.02
72382023182	2021	12	23	22	0	0.03
72382023182	2021	12	23	23	0	0.01
72382023182	2021	12	24	0	0	0.02
72382023182	2021	12	24	1	0	0.03
72382023182	2021	12	24	2	0	0.09
72382023182	2021	12	24	3	0	0.05
72382023182	2021	12	24	4	0	0.06
72382023182	2021	12	24	5	0	0.08
72382023182	2021	12	24	6	0	0.04
72382023182	2021	12	24	7	0	0.01
72382023182	2021	12	24	8	0	0.01
72382023182	2021	12	24	10	0	0.01
72382023182	2021	12	24	11	0	0.01
72382023182	2021	12	24	13	0	0.03
72382023182	2021	12	24	14	0	0.01
72382023182	2021	12	24	15	0	0.01
72382023182	2021	12	26	7	0	0.14
72382023182	2021	12	27	23	0	0.01
72382023182	2021	12	28	3	0	0.03
72382023182	2021	12	30	6	0	0.01
72382023182	2021	12	30	7	0	0.01
72382023182	2021	12	30	8	0	0.02
72382023182	2021	12	30	9	0	0.07
72382023182	2021	12	30	10	0	0.04
72382023182	2021	12	30	11	0	0.09
72382023182	2021	12	30	12	0	0.1
72382023182	2021	12	30	13	0	0.07
72382023182	2021	12	30	14	0	0.11
72382023182	2021	12	30	15	0	0.1
72382023182	2021	12	30	16	0	0.09
72382023182	2021	12	30	17	0	0.05
72382023182	2021	12	30	18	0	0.03
72382023182	2021	12	30	20	0	0.02
72382023182	2021	12	30	21	0	0.05
72382023182	2021	12	31	0	0	0.01
