72386023169	1990	1	2	8	0	0.010
72386023169	1990	1	14	5	0	0.010
72386023169	1990	1	14	7	0	0.010
72386023169	1990	1	16	16	0	0.010
72386023169	1990	1	17	6	0	0.040
72386023169	1990	1	17	7	0	0.030
72386023169	1990	1	17	8	0	0.010
72386023169	1990	1	17	9	0	0.030
72386023169	1990	1	17	11	0	0.090
72386023169	1990	1	17	12	0	0.030
72386023169	1990	1	17	13	0	0.080
72386023169	1990	1	17	14	0	0.010
72386023169	1990	1	17	15	0	0.030
72386023169	1990	1	17	21	0	0.010
72386023169	1990	1	17	22	0	0.080
72386023169	1990	1	17	23	0	0.100
72386023169	1990	1	18	0	0	0.130
72386023169	1990	1	18	1	0	0.120
72386023169	1990	1	18	2	0	0.100
72386023169	1990	1	18	3	0	0.080
72386023169	1990	1	18	4	0	0.080
72386023169	1990	1	18	5	0	0.040
72386023169	1990	1	18	6	0	0.020
72386023169	1990	1	18	7	0	0.010
72386023169	1990	1	18	8	0	0.020
72386023169	1990	2	1	11	0	0.020
72386023169	1990	2	17	16	0	0.040
72386023169	1990	2	17	17	0	0.050
72386023169	1990	2	17	18	0	0.010
72386023169	1990	2	17	19	0	0.010
72386023169	1990	2	18	11	0	0.020
72386023169	1990	2	18	12	0	0.010
72386023169	1990	2	19	1	0	0.010
72386023169	1990	2	19	2	0	0.030
72386023169	1990	2	19	3	0	0.010
72386023169	1990	2	19	4	0	0.020
72386023169	1990	2	19	5	0	0.050
72386023169	1990	2	19	6	0	0.040
72386023169	1990	2	19	7	0	0.050
72386023169	1990	4	20	13	0	0.010
72386023169	1990	4	20	14	0	0.170
72386023169	1990	6	9	17	0	0.010
72386023169	1990	6	9	19	0	0.070
72386023169	1990	6	9	20	0	0.040
72386023169	1990	6	9	21	0	0.030
72386023169	1990	6	10	5	0	0.050
72386023169	1990	6	10	6	0	0.010
72386023169	1990	6	10	12	0	0.700
72386023169	1990	6	10	13	0	0.060
72386023169	1990	7	9	17	0	0.040
72386023169	1990	7	14	20	0	0.130
72386023169	1990	7	14	21	0	0.130
72386023169	1990	7	14	22	0	0.050
72386023169	1990	7	14	23	0	0.020
72386023169	1990	7	15	22	0	0.140
72386023169	1990	7	15	23	0	0.010
72386023169	1990	7	16	0	0	0.020
72386023169	1990	7	16	1	0	0.020
72386023169	1990	7	16	5	0	0.030
72386023169	1990	9	5	11	0	0.020
72386023169	1990	9	21	14	0	0.040
72386023169	1990	9	21	15	0	0.020
72386023169	1990	9	21	21	0	0.010
72386023169	1990	9	21	22	0	0.010
72386023169	1990	9	23	14	0	0.080
72386023169	1990	9	23	15	0	0.010
72386023169	1990	10	19	12	0	0.070
72386023169	1990	10	19	13	0	0.080
72386023169	1990	10	19	14	0	0.020
72386023169	1990	11	1	14	0	0.010
72386023169	1990	11	1	15	0	0.010
72386023169	1990	11	2	0	0	0.080
72386023169	1991	1	3	15	0	0.020
72386023169	1991	1	3	16	0	0.010
72386023169	1991	1	3	17	0	0.030
72386023169	1991	1	3	18	0	0.020
72386023169	1991	1	3	19	0	0.010
72386023169	1991	1	3	21	0	0.010
72386023169	1991	1	3	23	0	0.010
72386023169	1991	1	4	2	0	0.020
72386023169	1991	1	4	3	0	0.020
72386023169	1991	1	4	4	0	0.020
72386023169	1991	1	4	5	0	0.030
72386023169	1991	1	4	6	0	0.010
72386023169	1991	2	27	19	0	0.010
72386023169	1991	2	27	21	0	0.020
72386023169	1991	2	27	22	0	0.030
72386023169	1991	2	27	23	0	0.040
72386023169	1991	2	28	0	0	0.080
72386023169	1991	2	28	1	0	0.130
72386023169	1991	2	28	2	0	0.160
72386023169	1991	2	28	3	0	0.060
72386023169	1991	2	28	17	0	0.010
72386023169	1991	3	1	5	0	0.020
72386023169	1991	3	1	6	0	0.010
72386023169	1991	3	1	7	0	0.080
72386023169	1991	3	1	8	0	0.100
72386023169	1991	3	1	9	0	0.100
72386023169	1991	3	13	20	0	0.010
72386023169	1991	3	14	1	0	0.010
72386023169	1991	3	15	9	0	0.010
72386023169	1991	3	19	6	0	0.010
72386023169	1991	3	19	7	0	0.100
72386023169	1991	3	19	8	0	0.030
72386023169	1991	3	19	9	0	0.020
72386023169	1991	3	19	10	0	0.010
72386023169	1991	3	20	13	0	0.020
72386023169	1991	3	20	14	0	0.010
72386023169	1991	3	20	15	0	0.020
72386023169	1991	3	20	16	0	0.060
72386023169	1991	3	27	3	0	0.010
72386023169	1991	3	27	4	0	0.040
72386023169	1991	3	27	5	0	0.040
72386023169	1991	3	27	6	0	0.020
72386023169	1991	3	27	7	0	0.050
72386023169	1991	3	27	8	0	0.070
72386023169	1991	3	27	9	0	0.070
72386023169	1991	3	27	10	0	0.080
72386023169	1991	3	27	11	0	0.010
72386023169	1991	5	30	19	0	0.030
72386023169	1991	5	30	20	0	0.010
72386023169	1991	5	31	23	0	0.010
72386023169	1991	6	1	0	0	0.120
72386023169	1991	6	1	1	0	0.070
72386023169	1991	7	7	23	0	0.060
72386023169	1991	7	8	2	0	0.030
72386023169	1991	7	30	23	0	0.010
72386023169	1991	7	31	19	0	0.160
72386023169	1991	7	31	21	0	0.210
72386023169	1991	7	31	22	0	0.070
72386023169	1991	8	10	18	0	0.070
72386023169	1991	8	10	19	0	0.490
72386023169	1991	8	10	20	0	0.040
72386023169	1991	8	10	21	0	0.080
72386023169	1991	8	10	22	0	0.060
72386023169	1991	8	26	13	0	0.040
72386023169	1991	9	5	8	0	0.040
72386023169	1991	9	6	12	0	0.010
72386023169	1991	9	27	14	0	0.010
72386023169	1991	10	29	18	0	0.010
72386023169	1991	10	29	24	0	0.030
72386023169	1991	10	30	1	0	0.010
72386023169	1991	10	30	2	0	0.010
72386023169	1991	11	14	16	0	0.030
72386023169	1991	11	14	17	0	0.040
72386023169	1991	11	14	18	0	0.010
72386023169	1991	11	15	3	0	0.010
72386023169	1991	11	15	4	0	0.010
72386023169	1991	11	15	8	0	0.010
72386023169	1991	11	15	9	0	0.040
72386023169	1991	11	15	10	0	0.040
72386023169	1991	11	15	11	0	0.040
72386023169	1991	11	15	13	0	0.030
72386023169	1991	11	15	14	0	0.030
72386023169	1991	11	15	15	0	0.030
72386023169	1991	11	15	16	0	0.030
72386023169	1991	11	15	17	0	0.020
72386023169	1991	11	15	18	0	0.010
72386023169	1991	12	10	15	0	0.010
72386023169	1991	12	10	19	0	0.010
72386023169	1991	12	10	23	0	0.010
72386023169	1991	12	10	24	0	0.010
72386023169	1991	12	11	3	0	0.010
72386023169	1991	12	11	4	0	0.020
72386023169	1991	12	11	5	0	0.010
72386023169	1991	12	11	8	0	0.010
72386023169	1991	12	18	2	0	0.010
72386023169	1991	12	30	2	0	0.020
72386023169	1991	12	30	3	0	0.050
72386023169	1991	12	30	4	0	0.070
72386023169	1992	1	3	16	0	0.010
72386023169	1992	1	3	19	0	0.020
72386023169	1992	1	5	10	0	0.010
72386023169	1992	1	5	18	0	0.100
72386023169	1992	1	5	19	0	0.080
72386023169	1992	1	5	20	0	0.110
72386023169	1992	1	5	21	0	0.080
72386023169	1992	1	5	22	0	0.040
72386023169	1992	2	6	23	0	0.010
72386023169	1992	2	6	24	0	0.050
72386023169	1992	2	7	1	0	0.040
72386023169	1992	2	7	2	0	0.030
72386023169	1992	2	7	3	0	0.030
72386023169	1992	2	7	4	0	0.050
72386023169	1992	2	7	5	0	0.050
72386023169	1992	2	7	6	0	0.030
72386023169	1992	2	7	7	0	0.040
72386023169	1992	2	7	8	0	0.010
72386023169	1992	2	7	14	0	0.010
72386023169	1992	2	7	15	0	0.020
72386023169	1992	2	7	16	0	0.020
72386023169	1992	2	7	17	0	0.040
72386023169	1992	2	10	5	0	0.020
72386023169	1992	2	12	14	0	0.010
72386023169	1992	2	12	15	0	0.020
72386023169	1992	2	12	16	0	0.030
72386023169	1992	2	12	17	0	0.130
72386023169	1992	2	12	18	0	0.090
72386023169	1992	2	12	19	0	0.040
72386023169	1992	2	12	20	0	0.110
72386023169	1992	2	12	21	0	0.100
72386023169	1992	2	12	22	0	0.020
72386023169	1992	2	12	23	0	0.050
72386023169	1992	2	13	0	0	0.050
72386023169	1992	2	13	1	0	0.020
72386023169	1992	2	13	2	0	0.010
72386023169	1992	2	13	10	0	0.030
72386023169	1992	2	13	11	0	0.040
72386023169	1992	2	15	14	0	0.020
72386023169	1992	2	15	16	0	0.070
72386023169	1992	2	15	17	0	0.010
72386023169	1992	3	2	5	0	0.060
72386023169	1992	3	2	6	0	0.010
72386023169	1992	3	2	7	0	0.010
72386023169	1992	3	2	9	0	0.040
72386023169	1992	3	2	11	0	0.010
72386023169	1992	3	2	12	0	0.050
72386023169	1992	3	2	13	0	0.090
72386023169	1992	3	2	14	0	0.060
72386023169	1992	3	2	15	0	0.010
72386023169	1992	3	2	18	0	0.050
72386023169	1992	3	2	19	0	0.060
72386023169	1992	3	2	20	0	0.010
72386023169	1992	3	7	4	0	0.030
72386023169	1992	3	7	5	0	0.050
72386023169	1992	3	7	9	0	0.130
72386023169	1992	3	7	10	0	0.090
72386023169	1992	3	7	11	0	0.030
72386023169	1992	3	7	12	0	0.050
72386023169	1992	3	7	13	0	0.060
72386023169	1992	3	7	21	0	0.020
72386023169	1992	3	7	22	0	0.080
72386023169	1992	3	7	23	0	0.110
72386023169	1992	3	8	0	0	0.180
72386023169	1992	3	8	1	0	0.090
72386023169	1992	3	8	2	0	0.080
72386023169	1992	3	8	3	0	0.060
72386023169	1992	3	8	4	0	0.040
72386023169	1992	3	8	5	0	0.020
72386023169	1992	3	8	6	0	0.010
72386023169	1992	3	8	7	0	0.030
72386023169	1992	3	8	8	0	0.030
72386023169	1992	3	8	15	0	0.020
72386023169	1992	3	8	16	0	0.070
72386023169	1992	3	8	17	0	0.020
72386023169	1992	3	8	20	0	0.030
72386023169	1992	3	8	21	0	0.070
72386023169	1992	3	8	23	0	0.010
72386023169	1992	3	20	21	0	0.060
72386023169	1992	3	20	22	0	0.010
72386023169	1992	3	22	11	0	0.120
72386023169	1992	3	22	16	0	0.060
72386023169	1992	3	22	19	0	0.020
72386023169	1992	3	23	9	0	0.010
72386023169	1992	3	23	10	0	0.090
72386023169	1992	3	26	22	0	0.020
72386023169	1992	3	26	23	0	0.050
72386023169	1992	3	27	0	0	0.080
72386023169	1992	3	27	1	0	0.200
72386023169	1992	3	27	2	0	0.090
72386023169	1992	3	27	3	0	0.120
72386023169	1992	3	27	4	0	0.090
72386023169	1992	3	27	5	0	0.010
72386023169	1992	3	27	6	0	0.010
72386023169	1992	3	27	7	0	0.030
72386023169	1992	3	27	8	0	0.120
72386023169	1992	3	27	9	0	0.060
72386023169	1992	3	27	12	0	0.160
72386023169	1992	3	27	13	0	0.060
72386023169	1992	3	27	14	0	0.160
72386023169	1992	3	27	15	0	0.010
72386023169	1992	3	29	13	0	0.040
72386023169	1992	3	29	14	0	0.060
72386023169	1992	3	30	11	0	0.410
72386023169	1992	3	30	12	0	0.080
72386023169	1992	3	30	13	0	0.170
72386023169	1992	3	30	14	0	0.020
72386023169	1992	3	30	15	0	0.010
72386023169	1992	3	30	18	0	0.050
72386023169	1992	3	30	19	0	0.160
72386023169	1992	3	30	23	0	0.040
72386023169	1992	3	31	0	0	0.090
72386023169	1992	3	31	1	0	0.060
72386023169	1992	3	31	2	0	0.010
72386023169	1992	3	31	3	0	0.060
72386023169	1992	3	31	4	0	0.020
72386023169	1992	3	31	5	0	0.010
72386023169	1992	4	1	14	0	0.020
72386023169	1992	5	5	8	0	0.010
72386023169	1992	5	5	9	0	0.010
72386023169	1992	5	8	19	0	0.010
72386023169	1992	5	28	19	0	0.010
72386023169	1992	5	28	20	0	0.010
72386023169	1992	6	2	14	0	0.090
72386023169	1992	7	8	10	0	0.010
72386023169	1992	7	13	7	0	0.010
72386023169	1992	7	13	16	0	0.010
72386023169	1992	8	12	17	0	0.150
72386023169	1992	8	30	7	0	0.060
72386023169	1992	10	23	22	0	0.020
72386023169	1992	10	23	23	0	0.020
72386023169	1992	10	24	0	0	0.190
72386023169	1992	10	24	1	0	0.080
72386023169	1992	10	24	2	0	0.070
72386023169	1992	10	24	3	0	0.010
72386023169	1992	10	24	6	0	0.050
72386023169	1992	10	24	7	0	0.170
72386023169	1992	10	24	8	0	0.010
72386023169	1992	10	24	9	0	0.010
72386023169	1992	10	24	10	0	0.100
72386023169	1992	10	24	11	0	0.070
72386023169	1992	10	24	12	0	0.090
72386023169	1992	10	24	13	0	0.130
72386023169	1992	10	24	14	0	0.060
72386023169	1992	10	24	15	0	0.010
72386023169	1992	10	28	0	0	0.070
72386023169	1992	10	28	1	0	0.040
72386023169	1992	10	28	2	0	0.010
72386023169	1992	10	30	16	0	0.010
72386023169	1992	12	4	15	0	0.020
72386023169	1992	12	4	16	0	0.070
72386023169	1992	12	4	17	0	0.040
72386023169	1992	12	4	18	0	0.030
72386023169	1992	12	4	19	0	0.060
72386023169	1992	12	4	20	0	0.010
72386023169	1992	12	7	12	0	0.040
72386023169	1992	12	7	13	0	0.100
72386023169	1992	12	7	14	0	0.100
72386023169	1992	12	7	15	0	0.050
72386023169	1992	12	7	16	0	0.030
72386023169	1992	12	7	17	0	0.040
72386023169	1992	12	7	18	0	0.040
72386023169	1992	12	7	19	0	0.050
72386023169	1992	12	7	20	0	0.080
72386023169	1992	12	7	21	0	0.090
72386023169	1992	12	7	22	0	0.070
72386023169	1992	12	7	23	0	0.070
72386023169	1992	12	8	0	0	0.060
72386023169	1992	12	8	1	0	0.020
72386023169	1992	12	12	1	0	0.020
72386023169	1992	12	18	0	0	0.010
72386023169	1992	12	27	21	0	0.030
72386023169	1992	12	27	22	0	0.070
72386023169	1992	12	27	23	0	0.090
72386023169	1992	12	28	0	0	0.090
72386023169	1992	12	28	1	0	0.070
72386023169	1992	12	28	2	0	0.080
72386023169	1992	12	28	3	0	0.070
72386023169	1992	12	28	4	0	0.040
72386023169	1992	12	28	5	0	0.020
72386023169	1992	12	29	18	0	0.040
72386023169	1992	12	30	2	0	0.010
72386023169	1993	1	6	6	0	0.010
72386023169	1993	1	6	7	0	0.010
72386023169	1993	1	6	8	0	0.020
72386023169	1993	1	6	9	0	0.030
72386023169	1993	1	6	10	0	0.040
72386023169	1993	1	6	11	0	0.040
72386023169	1993	1	6	12	0	0.030
72386023169	1993	1	6	13	0	0.020
72386023169	1993	1	6	14	0	0.060
72386023169	1993	1	6	16	0	0.020
72386023169	1993	1	6	18	0	0.010
72386023169	1993	1	7	4	0	0.020
72386023169	1993	1	7	5	0	0.020
72386023169	1993	1	7	6	0	0.020
72386023169	1993	1	7	7	0	0.010
72386023169	1993	1	7	17	0	0.010
72386023169	1993	1	7	19	0	0.010
72386023169	1993	1	8	0	0	0.030
72386023169	1993	1	10	10	0	0.060
72386023169	1993	1	10	20	0	0.010
72386023169	1993	1	12	18	0	0.010
72386023169	1993	1	12	19	0	0.050
72386023169	1993	1	12	20	0	0.010
72386023169	1993	1	12	21	0	0.030
72386023169	1993	1	12	22	0	0.070
72386023169	1993	1	12	24	0	0.030
72386023169	1993	1	13	3	0	0.010
72386023169	1993	1	13	4	0	0.010
72386023169	1993	1	13	5	0	0.030
72386023169	1993	1	13	6	0	0.020
72386023169	1993	1	13	13	0	0.020
72386023169	1993	1	13	14	0	0.010
72386023169	1993	1	13	15	0	0.010
72386023169	1993	1	14	0	0	0.020
72386023169	1993	1	14	1	0	0.060
72386023169	1993	1	14	2	0	0.030
72386023169	1993	1	15	11	0	0.010
72386023169	1993	1	15	15	0	0.010
72386023169	1993	1	15	16	0	0.020
72386023169	1993	1	15	21	0	0.010
72386023169	1993	1	16	8	0	0.010
72386023169	1993	1	16	9	0	0.060
72386023169	1993	1	16	10	0	0.040
72386023169	1993	1	16	13	0	0.010
72386023169	1993	1	16	14	0	0.010
72386023169	1993	1	16	16	0	0.010
72386023169	1993	1	16	18	0	0.030
72386023169	1993	1	16	19	0	0.100
72386023169	1993	1	16	20	0	0.040
72386023169	1993	1	18	18	0	0.200
72386023169	1993	1	18	19	0	0.060
72386023169	1993	1	18	20	0	0.060
72386023169	1993	1	18	21	0	0.010
72386023169	1993	1	30	11	0	0.010
72386023169	1993	1	30	12	0	0.010
72386023169	1993	1	30	14	0	0.010
72386023169	1993	1	31	7	0	0.010
72386023169	1993	2	7	23	0	0.010
72386023169	1993	2	7	24	0	0.040
72386023169	1993	2	8	1	0	0.040
72386023169	1993	2	8	2	0	0.080
72386023169	1993	2	8	3	0	0.060
72386023169	1993	2	8	4	0	0.090
72386023169	1993	2	8	5	0	0.140
72386023169	1993	2	8	6	0	0.170
72386023169	1993	2	8	7	0	0.150
72386023169	1993	2	8	8	0	0.090
72386023169	1993	2	8	9	0	0.020
72386023169	1993	2	8	10	0	0.020
72386023169	1993	2	8	11	0	0.050
72386023169	1993	2	8	12	0	0.140
72386023169	1993	2	8	13	0	0.010
72386023169	1993	2	8	16	0	0.090
72386023169	1993	2	8	17	0	0.100
72386023169	1993	2	9	2	0	0.030
72386023169	1993	2	9	3	0	0.010
72386023169	1993	2	9	4	0	0.010
72386023169	1993	2	18	15	0	0.010
72386023169	1993	2	18	16	0	0.020
72386023169	1993	2	18	17	0	0.010
72386023169	1993	2	18	18	0	0.050
72386023169	1993	2	18	19	0	0.020
72386023169	1993	2	19	1	0	0.010
72386023169	1993	2	19	11	0	0.010
72386023169	1993	2	19	12	0	0.040
72386023169	1993	2	19	13	0	0.040
72386023169	1993	2	19	14	0	0.030
72386023169	1993	2	19	15	0	0.010
72386023169	1993	2	19	21	0	0.010
72386023169	1993	2	19	22	0	0.010
72386023169	1993	2	26	13	0	0.010
72386023169	1993	2	26	14	0	0.030
72386023169	1993	2	26	15	0	0.020
72386023169	1993	2	26	16	0	0.070
72386023169	1993	2	26	17	0	0.060
72386023169	1993	2	26	18	0	0.080
72386023169	1993	2	26	19	0	0.070
72386023169	1993	2	26	20	0	0.010
72386023169	1993	2	26	21	0	0.020
72386023169	1993	2	26	22	0	0.020
72386023169	1993	2	26	23	0	0.020
72386023169	1993	2	27	0	0	0.020
72386023169	1993	2	27	2	0	0.030
72386023169	1993	2	27	4	0	0.030
72386023169	1993	2	27	5	0	0.020
72386023169	1993	2	27	6	0	0.060
72386023169	1993	2	27	7	0	0.030
72386023169	1993	2	27	8	0	0.040
72386023169	1993	2	27	9	0	0.010
72386023169	1993	2	27	10	0	0.010
72386023169	1993	2	27	21	0	0.030
72386023169	1993	2	27	22	0	0.060
72386023169	1993	2	27	23	0	0.010
72386023169	1993	2	28	3	0	0.010
72386023169	1993	2	28	6	0	0.030
72386023169	1993	2	28	7	0	0.020
72386023169	1993	2	28	8	0	0.020
72386023169	1993	2	28	9	0	0.040
72386023169	1993	2	28	19	0	0.010
72386023169	1993	2	28	20	0	0.010
72386023169	1993	3	26	11	0	0.040
72386023169	1993	3	26	21	0	0.020
72386023169	1993	3	26	22	0	0.020
72386023169	1993	3	28	5	0	0.020
72386023169	1993	3	28	6	0	0.010
72386023169	1993	3	28	7	0	0.020
72386023169	1993	3	28	10	0	0.010
72386023169	1993	4	5	19	0	0.010
72386023169	1993	5	14	14	0	0.010
72386023169	1993	6	5	16	0	0.010
72386023169	1993	6	5	17	0	0.060
72386023169	1993	6	5	18	0	0.010
72386023169	1993	8	5	1	0	0.190
72386023169	1993	8	6	14	0	0.020
72386023169	1993	8	7	12	0	0.030
72386023169	1993	8	7	13	0	0.020
72386023169	1993	10	4	15	0	0.020
72386023169	1993	11	11	6	0	0.030
72386023169	1993	11	12	6	0	0.030
72386023169	1993	11	12	7	0	0.030
72386023169	1993	11	14	7	0	0.020
72386023169	1993	11	14	8	0	0.020
72386023169	1993	11	14	9	0	0.020
72386023169	1993	11	21	20	0	0.010
72386023169	1993	11	21	22	0	0.010
72386023169	1993	12	11	18	0	0.020
72386023169	1993	12	11	19	0	0.010
72386023169	1993	12	14	22	0	0.010
72386023169	1993	12	14	23	0	0.040
72386023169	1993	12	15	0	0	0.040
72386023169	1993	12	15	1	0	0.060
72386023169	1993	12	15	2	0	0.030
72386023169	1994	1	25	5	0	0.010
72386023169	1994	1	25	12	0	0.010
72386023169	1994	1	25	13	0	0.020
72386023169	1994	2	4	1	0	0.030
72386023169	1994	2	4	2	0	0.110
72386023169	1994	2	4	3	0	0.090
72386023169	1994	2	4	4	0	0.010
72386023169	1994	2	4	5	0	0.030
72386023169	1994	2	4	6	0	0.040
72386023169	1994	2	4	9	0	0.010
72386023169	1994	2	7	15	0	0.010
72386023169	1994	2	7	16	0	0.070
72386023169	1994	2	7	22	0	0.010
72386023169	1994	2	7	23	0	0.010
72386023169	1994	2	8	0	0	0.020
72386023169	1994	2	8	2	0	0.020
72386023169	1994	2	17	12	0	0.020
72386023169	1994	3	25	4	0	0.020
72386023169	1994	3	25	6	0	0.020
72386023169	1994	3	25	7	0	0.020
72386023169	1994	3	25	9	0	0.040
72386023169	1994	3	25	10	0	0.030
72386023169	1994	5	31	3	0	0.010
72386023169	1994	7	18	20	0	0.040
72386023169	1994	7	18	21	0	0.060
72386023169	1994	7	23	13	0	0.010
72386023169	1994	8	9	12	0	0.020
72386023169	1994	8	19	3	0	0.060
72386023169	1994	9	19	15	0	0.010
72386023169	1994	9	19	16	0	0.130
72386023169	1994	9	19	17	0	0.040
72386023169	1994	9	19	19	0	0.050
72386023169	1994	9	20	20	0	0.110
72386023169	1994	9	20	21	0	0.010
72386023169	1994	11	11	13	0	0.010
72386023169	1994	11	11	14	0	0.010
72386023169	1994	11	11	15	0	0.010
72386023169	1994	11	11	16	0	0.030
72386023169	1994	11	11	17	0	0.030
72386023169	1994	11	11	18	0	0.060
72386023169	1994	11	11	19	0	0.080
72386023169	1994	11	11	20	0	0.020
72386023169	1994	11	11	21	0	0.020
72386023169	1994	11	26	12	0	0.010
72386023169	1994	12	23	2	0	0.010
72386023169	1994	12	23	20	0	0.020
72386023169	1994	12	23	21	0	0.010
72386023169	1994	12	24	6	0	0.010
72386023169	1994	12	24	7	0	0.020
72386023169	1994	12	24	8	0	0.040
72386023169	1994	12	24	23	0	0.050
72386023169	1994	12	25	0	0	0.030
72386023169	1994	12	25	1	0	0.080
72386023169	1994	12	25	2	0	0.050
72386023169	1994	12	25	3	0	0.040
72386023169	1994	12	25	4	0	0.060
72386023169	1994	12	25	5	0	0.020
72386023169	1994	12	25	6	0	0.020
72386023169	1994	12	25	7	0	0.040
72386023169	1994	12	25	8	0	0.170
72386023169	1994	12	25	9	0	0.040
72386023169	1994	12	25	10	0	0.050
72386023169	1994	12	25	11	0	0.030
72386023169	1994	12	25	12	0	0.010
72386023169	1994	12	25	13	0	0.020
72386023169	1994	12	29	6	0	0.020
72386023169	1994	12	29	7	0	0.060
72386023169	1994	12	29	10	0	0.020
72386023169	1994	12	29	11	0	0.080
72386023169	1994	12	29	12	0	0.010
72386023169	1994	12	30	0	0	0.030
72386023169	1994	12	30	1	0	0.020
72386023169	1994	12	30	2	0	0.020
72386023169	1995	1	3	14	0	0.020
72386023169	1995	1	3	15	0	0.100
72386023169	1995	1	3	16	0	0.080
72386023169	1995	1	3	17	0	0.040
72386023169	1995	1	3	18	0	0.040
72386023169	1995	1	4	13	0	0.090
72386023169	1995	1	4	14	0	0.060
72386023169	1995	1	4	15	0	0.060
72386023169	1995	1	4	16	0	0.100
72386023169	1995	1	4	17	0	0.090
72386023169	1995	1	4	18	0	0.140
72386023169	1995	1	4	19	0	0.050
72386023169	1995	1	4	20	0	0.030
72386023169	1995	1	4	21	0	0.020
72386023169	1995	1	4	22	0	0.020
72386023169	1995	1	4	23	0	0.080
72386023169	1995	1	5	0	0	0.050
72386023169	1995	1	5	1	0	0.020
72386023169	1995	1	5	2	0	0.010
72386023169	1995	1	5	3	0	0.010
72386023169	1995	1	5	7	0	0.010
72386023169	1995	1	7	7	0	0.030
72386023169	1995	1	7	8	0	0.090
72386023169	1995	1	7	9	0	0.120
72386023169	1995	1	7	10	0	0.070
72386023169	1995	1	7	20	0	0.010
72386023169	1995	1	7	21	0	0.020
72386023169	1995	1	8	7	0	0.010
72386023169	1995	1	10	11	0	0.010
72386023169	1995	1	10	12	0	0.040
72386023169	1995	1	10	13	0	0.030
72386023169	1995	1	10	15	0	0.040
72386023169	1995	1	10	16	0	0.050
72386023169	1995	1	10	17	0	0.070
72386023169	1995	1	10	18	0	0.100
72386023169	1995	1	10	19	0	0.040
72386023169	1995	1	11	13	0	0.020
72386023169	1995	1	11	15	0	0.010
72386023169	1995	1	12	12	0	0.010
72386023169	1995	1	12	15	0	0.010
72386023169	1995	1	15	18	0	0.010
72386023169	1995	1	21	5	0	0.030
72386023169	1995	1	21	6	0	0.020
72386023169	1995	1	21	8	0	0.020
72386023169	1995	1	24	1	0	0.010
72386023169	1995	1	24	2	0	0.030
72386023169	1995	1	24	3	0	0.030
72386023169	1995	1	24	4	0	0.060
72386023169	1995	1	24	5	0	0.070
72386023169	1995	1	24	6	0	0.050
72386023169	1995	1	24	7	0	0.040
72386023169	1995	1	24	8	0	0.060
72386023169	1995	1	24	10	0	0.010
72386023169	1995	1	25	1	0	0.020
72386023169	1995	1	25	2	0	0.030
72386023169	1995	1	25	3	0	0.010
72386023169	1995	1	25	5	0	0.010
72386023169	1995	1	25	6	0	0.020
72386023169	1995	1	25	7	0	0.020
72386023169	1995	1	25	8	0	0.010
72386023169	1995	1	25	9	0	0.040
72386023169	1995	1	25	10	0	0.080
72386023169	1995	1	25	11	0	0.060
72386023169	1995	1	25	12	0	0.080
72386023169	1995	1	25	13	0	0.020
72386023169	1995	1	25	16	0	0.150
72386023169	1995	1	25	17	0	0.100
72386023169	1995	1	26	0	0	0.010
72386023169	1995	2	14	7	0	0.010
72386023169	1995	2	28	13	0	0.010
72386023169	1995	2	28	22	0	0.010
72386023169	1995	3	2	14	0	0.010
72386023169	1995	3	2	15	0	0.010
72386023169	1995	3	5	22	0	0.010
72386023169	1995	3	5	23	0	0.100
72386023169	1995	3	10	20	0	0.010
72386023169	1995	3	10	23	0	0.010
72386023169	1995	3	11	3	0	0.060
72386023169	1995	3	11	4	0	0.040
72386023169	1995	3	11	5	0	0.020
72386023169	1995	3	11	6	0	0.010
72386023169	1995	3	11	7	0	0.010
72386023169	1995	3	11	10	0	0.020
72386023169	1995	3	21	13	0	0.010
72386023169	1995	3	21	14	0	0.050
72386023169	1995	3	23	12	0	0.010
72386023169	1995	3	23	19	0	0.010
72386023169	1995	4	16	23	0	0.020
72386023169	1995	4	19	14	0	0.010
72386023169	1995	5	5	10	0	0.010
72386023169	1995	5	23	16	0	0.010
72386023169	1995	5	23	18	0	0.010
72386023169	1995	5	23	19	0	0.040
72386023169	1995	5	23	20	0	0.010
72386023169	1995	5	24	11	0	0.010
72386023169	1995	5	24	13	0	0.040
72386023169	1995	5	24	16	0	0.010
72386023169	1995	5	27	17	0	0.020
72386023169	1995	6	17	1	0	0.020
72386023169	1995	8	20	8	0	0.010
72386023169	1995	8	20	9	0	0.020
72386023169	1995	8	20	10	0	0.010
72386023169	1995	8	22	15	0	0.010
72386023169	1995	11	28	12	0	0.040
72386023169	1995	12	14	6	0	0.010
72386023169	1996	1	31	9	0	0.020
72386023169	1996	1	31	16	0	0.010
72386023169	1996	1	31	17	0	0.020
72386023169	1996	1	31	18	0	0.010
72386023169	1996	1	31	19	0	0.010
72386023169	1996	1	31	20	0	0.050
72386023169	1996	1	31	21	0	0.010
72386023169	1996	2	1	0	0	0.020
72386023169	1996	2	20	14	0	0.060
72386023169	1996	2	20	15	0	0.040
72386023169	1996	2	26	12	0	0.020
72386023169	1996	3	4	22	0	0.040
72386023169	1996	3	4	23	0	0.010
72386023169	1996	3	12	18	0	0.010
72386023169	1996	3	12	20	0	0.010
72386023169	1996	3	12	22	0	0.010
72386023169	1996	3	13	14	0	0.010
72386023169	1996	3	13	15	0	0.010
72386023169	1996	5	24	9	0	0.020
72386023169	1996	5	26	0	0	0.020
72386023169	1996	5	26	1	0	0.050
72386023169	1996	5	26	2	0	0.030
72386023169	1996	5	26	4	0	0.010
72386023169	1996	7	15	13	0	0.160
72386023169	1996	7	23	17	0	0.020
72386023169	1996	7	26	22	0	0.200
72386023169	1996	7	28	13	0	0.310
72386023169	1996	7	28	14	0	0.050
72386023169	1996	10	28	14	0	0.030
72386023169	1996	10	30	19	0	0.040
72386023169	1996	10	30	20	0	0.020
72386023169	1996	11	3	3	0	0.030
72386023169	1996	11	21	13	0	0.020
72386023169	1996	11	21	14	0	0.090
72386023169	1996	11	21	15	0	0.070
72386023169	1996	11	21	16	0	0.090
72386023169	1996	11	21	17	0	0.240
72386023169	1996	11	21	18	0	0.160
72386023169	1996	11	21	19	0	0.050
72386023169	1996	12	9	18	0	0.040
72386023169	1997	1	13	9	0	0.050
72386023169	1997	1	13	11	0	0.090
72386023169	1997	1	13	12	0	0.060
72386023169	1997	7	20	14	0	0.050
72386023169	1997	7	20	15	0	0.200
72386023169	1997	7	22	5	0	0.030
72386023169	1997	7	22	6	0	0.090
72386023169	1997	7	22	7	0	0.020
72386023169	1997	7	28	8	0	0.020
72386023169	1997	7	28	9	0	0.110
72386023169	1997	7	28	10	0	0.040
72386023169	1997	7	31	13	0	0.040
72386023169	1997	8	8	14	0	0.070
72386023169	1997	8	8	15	0	0.060
72386023169	1997	8	8	16	0	0.030
72386023169	1997	8	8	17	0	0.080
72386023169	1997	8	9	4	0	0.030
72386023169	1997	8	10	11	0	0.060
72386023169	1997	9	1	14	0	0.090
72386023169	1997	9	1	15	0	0.080
72386023169	1997	9	1	16	0	0.080
72386023169	1997	9	1	17	0	0.100
72386023169	1997	9	1	18	0	0.140
72386023169	1997	9	1	19	0	0.090
72386023169	1997	9	1	20	0	0.060
72386023169	1997	9	1	21	0	0.030
72386023169	1997	9	1	22	0	0.030
72386023169	1997	9	3	1	0	0.110
72386023169	1997	9	3	2	0	0.020
72386023169	1997	9	3	7	0	0.020
72386023169	1997	9	3	17	0	0.030
72386023169	1997	9	3	18	0	0.020
72386023169	1997	9	3	22	0	0.070
72386023169	1997	9	3	23	0	0.290
72386023169	1997	9	7	20	0	0.060
72386023169	1997	9	15	8	0	0.020
72386023169	1997	9	25	6	0	0.100
72386023169	1997	9	25	7	0	0.050
72386023169	1997	9	25	8	0	0.090
72386023169	1997	9	25	13	0	0.020
72386023169	1997	9	25	14	0	0.020
72386023169	1997	9	25	16	0	0.040
72386023169	1997	9	25	17	0	0.100
72386023169	1997	9	25	18	0	0.120
72386023169	1997	9	25	19	0	0.070
72386023169	1997	9	25	20	0	0.070
72386023169	1997	9	25	21	0	0.020
72386023169	1997	11	10	22	0	0.060
72386023169	1997	11	10	23	0	0.040
72386023169	1997	11	13	19	0	0.050
72386023169	1997	11	26	16	0	0.050
72386023169	1997	12	6	15	0	0.020
72386023169	1997	12	6	16	0	0.030
72386023169	1998	1	9	16	0	0.040
72386023169	1998	1	9	17	0	0.030
72386023169	1998	1	9	21	0	0.030
72386023169	1998	1	10	2	0	0.020
72386023169	1998	2	3	20	0	0.060
72386023169	1998	2	3	21	0	0.080
72386023169	1998	2	3	22	0	0.080
72386023169	1998	2	3	23	0	0.060
72386023169	1998	2	3	24	0	0.050
72386023169	1998	2	4	1	0	0.050
72386023169	1998	2	6	16	0	0.030
72386023169	1998	2	6	17	0	0.020
72386023169	1998	2	6	20	0	0.190
72386023169	1998	2	6	21	0	0.240
72386023169	1998	2	14	14	0	0.020
72386023169	1998	2	14	16	0	0.020
72386023169	1998	2	14	19	0	0.030
72386023169	1998	2	14	22	0	0.040
72386023169	1998	2	17	5	0	0.020
72386023169	1998	2	17	6	0	0.110
72386023169	1998	2	17	7	0	0.090
72386023169	1998	2	17	8	0	0.060
72386023169	1998	2	17	9	0	0.050
72386023169	1998	2	17	10	0	0.090
72386023169	1998	2	17	11	0	0.110
72386023169	1998	2	17	12	0	0.070
72386023169	1998	2	20	0	0	0.100
72386023169	1998	2	20	1	0	0.040
72386023169	1998	2	20	2	0	0.020
72386023169	1998	2	20	3	0	0.060
72386023169	1998	2	20	4	0	0.090
72386023169	1998	2	20	5	0	0.030
72386023169	1998	2	20	6	0	0.060
72386023169	1998	2	20	7	0	0.050
72386023169	1998	2	23	22	0	0.040
72386023169	1998	2	23	23	0	0.110
72386023169	1998	2	24	0	0	0.210
72386023169	1998	2	24	1	0	0.100
72386023169	1998	2	24	2	0	0.070
72386023169	1998	2	24	4	0	0.060
72386023169	1998	2	24	5	0	0.020
72386023169	1998	2	24	7	0	0.040
72386023169	1998	2	24	11	0	0.030
72386023169	1998	3	14	3	0	0.060
72386023169	1998	3	14	4	0	0.050
72386023169	1998	3	25	20	0	0.020
72386023169	1998	3	25	21	0	0.080
72386023169	1998	3	25	22	0	0.220
72386023169	1998	3	25	23	0	0.160
72386023169	1998	3	26	0	0	0.050
72386023169	1998	3	26	3	0	0.030
72386023169	1998	3	26	9	0	0.020
72386023169	1998	3	28	6	0	0.040
72386023169	1998	3	28	7	0	0.190
72386023169	1998	3	28	8	0	0.020
72386023169	1998	4	1	4	0	0.050
72386023169	1998	4	15	13	0	0.020
72386023169	1998	4	25	9	0	0.020
72386023169	1998	4	25	10	0	0.050
72386023169	1998	5	13	17	0	0.100
72386023169	1998	6	8	21	0	0.030
72386023169	1998	7	5	10	0	0.040
72386023169	1998	7	9	11	0	0.030
72386023169	1998	7	9	12	0	0.020
72386023169	1998	7	20	0	0	0.150
72386023169	1998	7	20	1	0	0.020
72386023169	1998	7	20	2	0	0.030
72386023169	1998	7	20	3	0	0.050
72386023169	1998	7	20	4	0	0.030
72386023169	1998	8	6	21	0	0.030
72386023169	1998	8	14	20	0	0.020
72386023169	1998	8	14	21	0	0.020
72386023169	1998	8	15	15	0	0.080
72386023169	1998	8	15	16	0	0.010
72386023169	1998	8	15	19	0	0.010
72386023169	1998	8	16	1	0	0.030
72386023169	1998	8	30	15	0	0.010
72386023169	1998	8	30	21	0	0.010
72386023169	1998	8	30	23	0	0.010
72386023169	1998	9	1	19	0	0.010
72386023169	1998	9	3	22	0	0.030
72386023169	1998	9	4	9	0	0.050
72386023169	1998	9	4	10	0	0.020
72386023169	1998	9	7	2	0	0.010
72386023169	1998	9	7	3	0	0.010
72386023169	1998	9	8	13	0	0.500
72386023169	1998	9	9	15	0	0.050
72386023169	1998	9	11	10	0	0.270
72386023169	1998	9	11	11	0	0.220
72386023169	1998	10	29	16	0	0.010
72386023169	1998	10	29	23	0	0.010
72386023169	1998	10	29	24	0	0.020
72386023169	1998	10	30	5	0	0.080
72386023169	1998	10	30	6	0	0.040
72386023169	1998	10	30	7	0	0.010
72386023169	1998	10	30	8	0	0.040
72386023169	1998	10	30	9	0	0.010
72386023169	1998	11	8	23	0	0.030
72386023169	1998	11	11	5	0	0.010
72386023169	1998	11	11	6	0	0.090
72386023169	1998	11	11	7	0	0.020
72386023169	1998	11	11	8	0	0.040
72386023169	1998	11	11	9	0	0.030
72386023169	1998	11	11	11	0	0.020
72386023169	1998	11	28	14	0	0.060
72386023169	1998	11	28	15	0	0.030
72386023169	1998	12	6	7	0	0.020
72386023169	1998	12	6	8	0	0.020
72386023169	1999	2	4	21	0	0.050
72386023169	1999	2	4	22	0	0.010
72386023169	1999	2	5	0	0	0.010
72386023169	1999	2	9	18	0	0.010
72386023169	1999	4	3	19	0	0.020
72386023169	1999	4	12	20	0	0.050
72386023169	1999	4	22	21	0	0.010
72386023169	1999	4	24	11	0	0.010
72386023169	1999	4	24	12	0	0.100
72386023169	1999	4	24	13	0	0.040
72386023169	1999	4	29	20	0	0.010
72386023169	1999	4	29	21	0	0.010
72386023169	1999	4	29	22	0	0.090
72386023169	1999	4	29	23	0	0.100
72386023169	1999	4	29	24	0	0.050
72386023169	1999	4	30	1	0	0.080
72386023169	1999	4	30	2	0	0.030
72386023169	1999	4	30	3	0	0.030
72386023169	1999	4	30	4	0	0.010
72386023169	1999	4	30	5	0	0.060
72386023169	1999	4	30	7	0	0.020
72386023169	1999	4	30	9	0	0.010
72386023169	1999	6	2	5	0	0.030
72386023169	1999	6	2	7	0	0.050
72386023169	1999	6	4	5	0	0.030
72386023169	1999	6	4	6	0	0.030
72386023169	1999	7	7	7	0	0.010
72386023169	1999	7	7	8	0	0.030
72386023169	1999	7	8	9	0	0.020
72386023169	1999	7	8	10	0	1.050
72386023169	1999	7	8	11	0	0.110
72386023169	1999	7	8	12	0	0.070
72386023169	1999	7	8	13	0	0.040
72386023169	1999	7	12	6	0	0.010
72386023169	1999	7	12	7	0	0.040
72386023169	1999	7	12	8	0	0.050
72386023169	1999	7	12	9	0	0.010
72386023169	1999	7	12	12	0	0.060
72386023169	1999	7	12	13	0	0.010
72386023169	1999	7	13	22	0	0.010
72386023169	1999	7	13	23	0	0.120
72386023169	1999	7	14	0	0	0.010
72386023169	1999	7	15	20	0	0.110
72386023169	1999	7	15	21	0	0.370
72386023169	1999	7	15	22	0	0.050
72386023169	1999	8	10	2	0	0.100
72386023169	1999	8	10	3	0	0.100
72386023169	1999	8	10	4	0	0.010
72386023169	1999	8	24	15	0	0.040
72386023169	1999	9	12	18	0	0.030
72386023169	1999	9	12	21	0	0.010
72386023169	1999	9	18	2	0	0.030
72386023169	1999	9	18	8	0	0.010
72386023169	1999	9	18	9	0	0.020
72386023169	1999	9	22	8	0	0.010
72386023169	1999	9	22	9	0	0.030
72386023169	1999	9	22	10	0	0.040
72386023169	1999	9	22	11	0	0.010
72386023169	1999	9	22	12	0	0.030
72386023169	1999	9	22	13	0	0.050
72386023169	1999	9	22	15	0	0.020
72386023169	1999	9	22	16	0	0.030
72386023169	1999	9	22	17	0	0.030
72386023169	2000	2	10	20	0	0.010
72386023169	2000	2	10	21	0	0.040
72386023169	2000	2	10	22	0	0.010
72386023169	2000	2	12	6	0	0.050
72386023169	2000	2	12	7	0	0.010
72386023169	2000	2	16	17	0	0.060
72386023169	2000	2	16	19	0	0.230
72386023169	2000	2	16	20	0	0.060
72386023169	2000	2	16	21	0	0.010
72386023169	2000	2	20	10	0	0.010
72386023169	2000	2	20	11	0	0.010
72386023169	2000	2	20	12	0	0.030
72386023169	2000	2	20	13	0	0.010
72386023169	2000	2	21	0	0	0.050
72386023169	2000	2	21	1	0	0.010
72386023169	2000	2	21	4	0	0.010
72386023169	2000	2	21	5	0	0.010
72386023169	2000	2	21	6	0	0.040
72386023169	2000	2	21	7	0	0.240
72386023169	2000	2	21	8	0	0.050
72386023169	2000	2	21	9	0	0.110
72386023169	2000	2	21	10	0	0.120
72386023169	2000	2	21	11	0	0.120
72386023169	2000	2	21	12	0	0.010
72386023169	2000	2	23	10	0	0.010
72386023169	2000	2	23	12	0	0.020
72386023169	2000	2	23	13	0	0.030
72386023169	2000	2	23	14	0	0.010
72386023169	2000	2	23	15	0	0.040
72386023169	2000	2	23	16	0	0.050
72386023169	2000	2	23	19	0	0.030
72386023169	2000	2	23	20	0	0.010
72386023169	2000	2	27	19	0	0.010
72386023169	2000	3	5	16	0	0.010
72386023169	2000	3	5	21	0	0.020
72386023169	2000	3	5	22	0	0.060
72386023169	2000	3	8	14	0	0.010
72386023169	2000	3	8	15	0	0.020
72386023169	2000	3	8	16	0	0.010
72386023169	2000	3	8	18	0	0.080
72386023169	2000	8	2	6	0	0.070
72386023169	2000	8	3	12	0	0.030
72386023169	2000	8	26	2	0	0.110
72386023169	2000	8	29	4	0	0.010
72386023169	2000	8	29	5	0	0.010
72386023169	2000	8	29	10	0	0.070
72386023169	2000	8	29	13	0	0.010
72386023169	2000	8	29	17	0	0.010
72386023169	2000	8	29	21	0	0.240
72386023169	2000	8	29	22	0	0.110
72386023169	2000	8	30	7	0	0.010
72386023169	2000	8	31	12	0	0.020
72386023169	2000	10	4	11	0	0.040
72386023169	2000	10	4	12	0	0.070
72386023169	2000	10	22	20	0	0.010
72386023169	2000	10	22	21	0	0.010
72386023169	2000	10	23	6	0	0.010
72386023169	2000	10	23	9	0	0.040
72386023169	2000	10	23	10	0	0.120
72386023169	2000	10	23	11	0	0.060
72386023169	2000	10	27	3	0	0.010
72386023169	2000	10	27	5	0	0.010
72386023169	2000	10	27	6	0	0.040
72386023169	2000	10	27	7	0	0.050
72386023169	2000	10	27	8	0	0.020
72386023169	2000	10	27	9	0	0.010
72386023169	2000	10	27	10	0	0.030
72386023169	2000	10	27	11	0	0.050
72386023169	2000	10	27	12	0	0.070
72386023169	2000	10	27	13	0	0.080
72386023169	2000	10	27	14	0	0.020
72386023169	2000	10	30	1	0	0.040
72386023169	2000	10	30	2	0	0.120
72386023169	2000	10	30	3	0	0.010
72386023169	2000	12	12	13	0	0.040
72386023169	2001	1	8	16	0	0.010
72386023169	2001	1	8	18	0	0.010
72386023169	2001	1	8	20	0	0.020
72386023169	2001	1	8	21	0	0.040
72386023169	2001	1	8	22	0	0.040
72386023169	2001	1	8	23	0	0.050
72386023169	2001	1	9	0	0	0.050
72386023169	2001	1	9	1	0	0.020
72386023169	2001	1	9	2	0	0.010
72386023169	2001	1	9	4	0	0.010
72386023169	2001	1	9	5	0	0.010
72386023169	2001	1	9	6	0	0.010
72386023169	2001	1	9	8	0	0.010
72386023169	2001	1	11	0	0	0.010
72386023169	2001	1	11	6	0	0.020
72386023169	2001	1	11	7	0	0.020
72386023169	2001	1	11	8	0	0.050
72386023169	2001	1	11	9	0	0.030
72386023169	2001	1	11	10	0	0.040
72386023169	2001	1	26	18	0	0.040
72386023169	2001	1	26	19	0	0.070
72386023169	2001	1	26	20	0	0.010
72386023169	2001	1	27	4	0	0.050
72386023169	2001	1	27	5	0	0.030
72386023169	2001	1	27	6	0	0.030
72386023169	2001	1	27	7	0	0.040
72386023169	2001	1	27	8	0	0.010
72386023169	2001	1	27	9	0	0.020
72386023169	2001	1	27	10	0	0.020
72386023169	2001	1	27	11	0	0.010
72386023169	2001	1	27	12	0	0.010
72386023169	2001	1	27	15	0	0.020
72386023169	2001	1	27	16	0	0.010
72386023169	2001	1	27	17	0	0.010
72386023169	2001	1	27	18	0	0.020
72386023169	2001	1	27	21	0	0.010
72386023169	2001	2	7	18	0	0.020
72386023169	2001	2	7	21	0	0.030
72386023169	2001	2	8	1	0	0.020
72386023169	2001	2	13	12	0	0.020
72386023169	2001	2	13	13	0	0.120
72386023169	2001	2	25	16	0	0.020
72386023169	2001	2	25	17	0	0.040
72386023169	2001	2	25	18	0	0.030
72386023169	2001	2	25	19	0	0.060
72386023169	2001	2	25	20	0	0.070
72386023169	2001	2	25	21	0	0.060
72386023169	2001	2	25	22	0	0.030
72386023169	2001	2	25	23	0	0.020
72386023169	2001	2	26	0	0	0.020
72386023169	2001	2	26	1	0	0.010
72386023169	2001	2	26	2	0	0.040
72386023169	2001	2	26	3	0	0.040
72386023169	2001	2	26	4	0	0.060
72386023169	2001	2	26	5	0	0.050
72386023169	2001	2	26	6	0	0.060
72386023169	2001	2	26	7	0	0.050
72386023169	2001	2	26	8	0	0.050
72386023169	2001	2	26	9	0	0.060
72386023169	2001	2	26	10	0	0.070
72386023169	2001	2	26	11	0	0.020
72386023169	2001	2	26	12	0	0.010
72386023169	2001	2	26	13	0	0.010
72386023169	2001	2	26	14	0	0.020
72386023169	2001	2	27	19	0	0.030
72386023169	2001	2	27	20	0	0.090
72386023169	2001	2	27	21	0	0.200
72386023169	2001	2	27	22	0	0.200
72386023169	2001	2	27	23	0	0.130
72386023169	2001	2	28	0	0	0.080
72386023169	2001	2	28	1	0	0.040
72386023169	2001	2	28	2	0	0.050
72386023169	2001	2	28	3	0	0.050
72386023169	2001	2	28	4	0	0.030
72386023169	2001	2	28	5	0	0.020
72386023169	2001	2	28	6	0	0.030
72386023169	2001	2	28	7	0	0.050
72386023169	2001	2	28	8	0	0.060
72386023169	2001	2	28	9	0	0.030
72386023169	2001	2	28	10	0	0.010
72386023169	2001	3	6	8	0	0.010
72386023169	2001	3	6	9	0	0.020
72386023169	2001	3	6	10	0	0.020
72386023169	2001	3	7	2	0	0.020
72386023169	2001	3	7	3	0	0.050
72386023169	2001	3	7	4	0	0.020
72386023169	2001	3	7	6	0	0.010
72386023169	2001	3	9	14	0	0.010
72386023169	2001	4	7	13	0	0.020
72386023169	2001	4	7	14	0	0.010
72386023169	2001	4	7	15	0	0.010
72386023169	2001	5	12	23	0	0.020
72386023169	2001	7	6	12	0	0.220
72386023169	2001	7	6	13	0	0.030
72386023169	2001	7	6	14	0	0.140
72386023169	2001	8	8	22	0	0.040
72386023169	2001	8	9	0	0	0.010
72386023169	2001	11	24	15	0	0.060
72386023169	2001	11	24	16	0	0.030
72386023169	2002	3	24	5	0	0.010
72386023169	2002	3	24	8	0	0.080
72386023169	2002	3	24	9	0	0.010
72386023169	2002	7	17	12	0	0.150
72386023169	2002	7	17	14	0	0.010
72386023169	2002	7	17	15	0	0.010
72386023169	2002	7	17	16	0	0.250
72386023169	2002	7	17	17	0	0.020
72386023169	2002	7	17	18	0	0.070
72386023169	2002	7	17	19	0	0.010
72386023169	2002	9	5	7	0	0.030
72386023169	2002	9	6	2	0	0.010
72386023169	2002	9	11	2	0	0.230
72386023169	2002	9	11	3	0	0.040
72386023169	2002	10	2	5	0	0.010
72386023169	2002	10	2	6	0	0.010
72386023169	2002	10	2	7	0	0.020
72386023169	2002	10	2	12	0	0.010
72386023169	2002	10	26	0	0	0.010
72386023169	2002	10	26	1	0	0.020
72386023169	2002	10	26	2	0	0.040
72386023169	2002	10	26	3	0	0.030
72386023169	2002	10	27	3	0	0.060
72386023169	2002	10	27	4	0	0.030
72386023169	2002	10	27	5	0	0.080
72386023169	2002	11	30	5	0	0.020
72386023169	2002	11	30	6	0	0.040
72386023169	2002	11	30	7	0	0.050
72386023169	2002	11	30	8	0	0.010
72386023169	2002	12	16	23	0	0.010
72386023169	2002	12	20	9	0	0.010
72386023169	2002	12	20	10	0	0.010
72386023169	2002	12	20	12	0	0.010
72386023169	2002	12	21	11	0	0.010
72386023169	2002	12	21	12	0	0.020
72386023169	2003	1	8	8	0	0.020
72386023169	2003	2	12	0	0	0.030
72386023169	2003	2	12	10	0	0.030
72386023169	2003	2	12	11	0	0.020
72386023169	2003	2	12	13	0	0.020
72386023169	2003	2	12	14	0	0.020
72386023169	2003	2	12	15	0	0.070
72386023169	2003	2	12	16	0	0.140
72386023169	2003	2	12	17	0	0.060
72386023169	2003	2	12	18	0	0.090
72386023169	2003	2	12	19	0	0.080
72386023169	2003	2	12	20	0	0.060
72386023169	2003	2	12	21	0	0.030
72386023169	2003	2	12	22	0	0.040
72386023169	2003	2	12	23	0	0.050
72386023169	2003	2	13	0	0	0.030
72386023169	2003	2	13	1	0	0.030
72386023169	2003	2	13	2	0	0.030
72386023169	2003	2	13	3	0	0.010
72386023169	2003	2	13	4	0	0.010
72386023169	2003	2	20	3	0	0.040
72386023169	2003	2	24	16	0	0.010
72386023169	2003	2	25	11	0	0.030
72386023169	2003	2	25	12	0	0.010
72386023169	2003	2	25	13	0	0.080
72386023169	2003	2	25	14	0	0.040
72386023169	2003	2	25	15	0	0.040
72386023169	2003	2	25	16	0	0.040
72386023169	2003	2	25	17	0	0.040
72386023169	2003	2	25	18	0	0.060
72386023169	2003	2	25	19	0	0.080
72386023169	2003	2	25	20	0	0.050
72386023169	2003	2	25	21	0	0.080
72386023169	2003	2	25	22	0	0.120
72386023169	2003	2	25	23	0	0.100
72386023169	2003	2	25	24	0	0.120
72386023169	2003	2	26	1	0	0.050
72386023169	2003	2	26	2	0	0.030
72386023169	2003	2	26	3	0	0.010
72386023169	2003	2	27	12	0	0.040
72386023169	2003	2	27	13	0	0.010
72386023169	2003	2	28	5	0	0.030
72386023169	2003	2	28	6	0	0.020
72386023169	2003	2	28	7	0	0.040
72386023169	2003	2	28	8	0	0.030
72386023169	2003	2	28	9	0	0.040
72386023169	2003	2	28	10	0	0.040
72386023169	2003	3	1	14	0	0.040
72386023169	2003	3	1	16	0	0.030
72386023169	2003	3	15	13	0	0.030
72386023169	2003	3	16	4	0	0.030
72386023169	2003	3	16	5	0	0.010
72386023169	2003	3	16	6	0	0.060
72386023169	2003	3	16	7	0	0.050
72386023169	2003	3	16	8	0	0.020
72386023169	2003	3	16	9	0	0.010
72386023169	2003	3	16	14	0	0.010
72386023169	2003	3	16	17	0	0.010
72386023169	2003	3	17	12	0	0.010
72386023169	2003	3	17	16	0	0.010
72386023169	2003	4	14	19	0	0.010
72386023169	2003	4	14	20	0	0.120
72386023169	2003	4	14	21	0	0.120
72386023169	2003	4	14	22	0	0.010
72386023169	2003	4	14	23	0	0.010
72386023169	2003	4	15	1	0	0.030
72386023169	2003	4	15	4	0	0.010
72386023169	2003	4	15	5	0	0.020
72386023169	2003	4	18	15	0	0.050
72386023169	2003	5	7	18	0	0.010
72386023169	2003	7	16	12	0	0.030
72386023169	2003	7	16	16	0	0.140
72386023169	2003	7	24	11	0	0.400
72386023169	2003	7	24	12	0	0.010
72386023169	2003	7	25	10	0	0.110
72386023169	2003	7	25	11	0	0.050
72386023169	2003	7	25	12	0	0.010
72386023169	2003	7	30	20	0	0.010
72386023169	2003	7	31	11	0	0.300
72386023169	2003	7	31	12	0	0.020
72386023169	2003	8	16	3	0	0.010
72386023169	2003	8	16	20	0	0.500
72386023169	2003	8	19	14	0	0.010
72386023169	2003	8	19	16	0	0.070
72386023169	2003	8	19	17	0	0.100
72386023169	2003	8	26	3	0	0.010
72386023169	2003	8	26	6	0	0.060
72386023169	2003	8	26	7	0	0.040
72386023169	2003	8	26	18	0	0.020
72386023169	2003	8	26	19	0	0.010
72386023169	2003	9	1	24	0	0.480
72386023169	2003	9	2	1	0	0.040
72386023169	2003	11	12	9	0	0.020
72386023169	2003	11	12	10	0	0.020
72386023169	2003	11	12	11	0	0.030
72386023169	2003	11	12	12	0	0.040
72386023169	2003	11	12	13	0	0.080
72386023169	2003	11	12	14	0	0.070
72386023169	2003	11	12	15	0	0.040
72386023169	2003	11	12	16	0	0.090
72386023169	2003	11	12	17	0	0.100
72386023169	2003	11	16	2	0	0.030
72386023169	2003	11	16	4	0	0.020
72386023169	2003	11	16	5	0	0.040
72386023169	2003	11	16	6	0	0.030
72386023169	2003	12	11	12	0	0.030
72386023169	2003	12	11	13	0	0.090
72386023169	2003	12	11	14	0	0.060
72386023169	2003	12	11	15	0	0.130
72386023169	2003	12	11	16	0	0.030
72386023169	2003	12	11	17	0	0.020
72386023169	2003	12	14	17	0	0.010
72386023169	2003	12	23	21	0	0.010
72386023169	2003	12	23	22	0	0.020
72386023169	2003	12	25	15	0	0.020
72386023169	2003	12	25	16	0	0.100
72386023169	2003	12	25	17	0	0.030
72386023169	2003	12	25	18	0	0.050
72386023169	2003	12	25	19	0	0.030
72386023169	2003	12	25	20	0	0.040
72386023169	2003	12	25	21	0	0.040
72386023169	2003	12	30	0	0	0.010
72386023169	2003	12	30	1	0	0.050
72386023169	2003	12	30	2	0	0.040
72386023169	2003	12	30	3	0	0.040
72386023169	2003	12	30	4	0	0.080
72386023169	2003	12	30	5	0	0.030
72386023169	2004	1	28	6	0	0.010
72386023169	2004	2	3	2	0	0.010
72386023169	2004	2	3	3	0	0.020
72386023169	2004	2	3	8	0	0.010
72386023169	2004	2	3	9	0	0.010
72386023169	2004	2	20	19	0	0.030
72386023169	2004	2	20	20	0	0.030
72386023169	2004	2	20	21	0	0.010
72386023169	2004	2	21	2	0	0.030
72386023169	2004	2	21	3	0	0.050
72386023169	2004	2	21	4	0	0.020
72386023169	2004	2	21	5	0	0.040
72386023169	2004	2	21	6	0	0.030
72386023169	2004	2	21	7	0	0.010
72386023169	2004	2	21	23	0	0.010
72386023169	2004	2	21	24	0	0.010
72386023169	2004	2	22	4	0	0.010
72386023169	2004	2	22	5	0	0.010
72386023169	2004	2	22	6	0	0.020
72386023169	2004	2	22	7	0	0.020
72386023169	2004	2	22	8	0	0.020
72386023169	2004	2	22	10	0	0.030
72386023169	2004	2	22	11	0	0.060
72386023169	2004	2	22	12	0	0.060
72386023169	2004	2	22	13	0	0.030
72386023169	2004	2	22	17	0	0.010
72386023169	2004	2	22	18	0	0.190
72386023169	2004	2	22	19	0	0.040
72386023169	2004	2	22	20	0	0.050
72386023169	2004	2	22	21	0	0.110
72386023169	2004	2	22	22	0	0.010
72386023169	2004	2	23	0	0	0.020
72386023169	2004	2	23	1	0	0.020
72386023169	2004	2	23	2	0	0.020
72386023169	2004	2	23	3	0	0.010
72386023169	2004	2	23	4	0	0.010
72386023169	2004	2	23	5	0	0.030
72386023169	2004	2	23	7	0	0.010
72386023169	2004	2	23	8	0	0.010
72386023169	2004	2	23	12	0	0.010
72386023169	2004	2	23	13	0	0.010
72386023169	2004	2	23	15	0	0.030
72386023169	2004	2	25	20	0	0.010
72386023169	2004	2	25	21	0	0.010
72386023169	2004	2	25	22	0	0.010
72386023169	2004	2	25	23	0	0.020
72386023169	2004	2	26	1	0	0.030
72386023169	2004	2	26	2	0	0.030
72386023169	2004	2	26	4	0	0.030
72386023169	2004	2	26	5	0	0.050
72386023169	2004	2	26	6	0	0.030
72386023169	2004	2	26	7	0	0.030
72386023169	2004	2	26	8	0	0.030
72386023169	2004	2	26	9	0	0.010
72386023169	2004	3	1	21	0	0.010
72386023169	2004	3	1	22	0	0.040
72386023169	2004	3	1	23	0	0.010
72386023169	2004	3	2	4	0	0.020
72386023169	2004	3	2	5	0	0.080
72386023169	2004	3	2	7	0	0.040
72386023169	2004	3	2	8	0	0.030
72386023169	2004	4	2	0	0	0.010
72386023169	2004	4	2	1	0	0.060
72386023169	2004	4	2	2	0	0.030
72386023169	2004	4	2	3	0	0.020
72386023169	2004	4	2	4	0	0.040
72386023169	2004	4	2	5	0	0.100
72386023169	2004	4	2	6	0	0.070
72386023169	2004	4	2	7	0	0.020
72386023169	2004	4	2	8	0	0.030
72386023169	2004	4	2	10	0	0.040
72386023169	2004	4	2	11	0	0.060
72386023169	2004	4	2	12	0	0.020
72386023169	2004	4	2	13	0	0.020
72386023169	2004	4	2	14	0	0.070
72386023169	2004	4	2	15	0	0.040
72386023169	2004	4	3	4	0	0.020
72386023169	2004	4	3	7	0	0.010
72386023169	2004	4	3	8	0	0.150
72386023169	2004	4	3	9	0	0.040
72386023169	2004	4	3	10	0	0.060
72386023169	2004	4	8	17	0	0.010
72386023169	2004	7	17	15	0	0.050
72386023169	2004	8	1	20	0	0.010
72386023169	2004	8	1	21	0	0.040
72386023169	2004	8	1	22	0	0.040
72386023169	2004	8	2	12	0	0.020
72386023169	2004	8	12	21	0	0.080
72386023169	2004	8	12	22	0	0.010
72386023169	2004	8	16	13	0	0.230
72386023169	2004	8	16	14	0	0.080
72386023169	2004	9	9	12	0	0.140
72386023169	2004	9	9	13	0	0.010
72386023169	2004	9	9	18	0	0.020
72386023169	2004	9	11	10	0	0.010
72386023169	2004	10	19	15	0	0.010
72386023169	2004	10	20	10	0	0.180
72386023169	2004	10	20	11	0	0.020
72386023169	2004	10	20	12	0	0.100
72386023169	2004	10	20	13	0	0.060
72386023169	2004	10	21	18	0	0.070
72386023169	2004	10	21	21	0	0.010
72386023169	2004	10	21	22	0	0.020
72386023169	2004	10	27	6	0	0.010
72386023169	2004	10	27	7	0	0.020
72386023169	2004	10	27	9	0	0.010
72386023169	2004	10	27	14	0	0.010
72386023169	2004	10	27	20	0	0.020
72386023169	2004	10	27	21	0	0.050
72386023169	2004	11	7	13	0	0.120
72386023169	2004	11	7	14	0	0.050
72386023169	2004	11	7	15	0	0.150
72386023169	2004	11	7	16	0	0.040
72386023169	2004	11	7	17	0	0.010
72386023169	2004	11	7	18	0	0.060
72386023169	2004	11	7	19	0	0.060
72386023169	2004	11	7	20	0	0.050
72386023169	2004	11	7	21	0	0.020
72386023169	2004	11	7	23	0	0.050
72386023169	2004	11	8	1	0	0.060
72386023169	2004	11	21	6	0	0.010
72386023169	2004	11	21	7	0	0.030
72386023169	2004	11	21	10	0	0.020
72386023169	2004	11	21	11	0	0.010
72386023169	2004	11	21	12	0	0.020
72386023169	2004	11	21	13	0	0.060
72386023169	2004	11	21	14	0	0.040
72386023169	2004	11	21	15	0	0.070
72386023169	2004	11	21	16	0	0.110
72386023169	2004	11	21	17	0	0.200
72386023169	2004	11	21	18	0	0.080
72386023169	2004	11	21	19	0	0.100
72386023169	2004	11	21	20	0	0.030
72386023169	2004	11	22	1	0	0.020
72386023169	2004	11	22	2	0	0.040
72386023169	2004	11	22	3	0	0.010
72386023169	2004	11	22	4	0	0.060
72386023169	2004	11	22	5	0	0.090
72386023169	2004	11	22	6	0	0.030
72386023169	2004	11	22	7	0	0.010
72386023169	2004	12	28	12	0	0.160
72386023169	2004	12	28	13	0	0.170
72386023169	2004	12	28	14	0	0.130
72386023169	2004	12	28	15	0	0.060
72386023169	2004	12	28	16	0	0.070
72386023169	2004	12	28	17	0	0.020
72386023169	2004	12	28	18	0	0.040
72386023169	2004	12	28	19	0	0.060
72386023169	2004	12	28	20	0	0.030
72386023169	2004	12	28	21	0	0.100
72386023169	2004	12	28	22	0	0.040
72386023169	2004	12	28	23	0	0.090
72386023169	2004	12	29	0	0	0.210
72386023169	2004	12	29	1	0	0.210
72386023169	2004	12	29	2	0	0.160
72386023169	2004	12	29	3	0	0.170
72386023169	2004	12	29	4	0	0.210
72386023169	2004	12	29	5	0	0.130
72386023169	2004	12	29	7	0	0.040
72386023169	2005	1	3	7	0	0.010
72386023169	2005	1	3	8	0	0.060
72386023169	2005	1	3	9	0	0.080
72386023169	2005	1	3	10	0	0.060
72386023169	2005	1	3	11	0	0.080
72386023169	2005	1	3	12	0	0.050
72386023169	2005	1	3	13	0	0.060
72386023169	2005	1	3	14	0	0.090
72386023169	2005	1	3	15	0	0.080
72386023169	2005	1	3	16	0	0.150
72386023169	2005	1	3	17	0	0.040
72386023169	2005	1	3	21	0	0.010
72386023169	2005	1	3	23	0	0.040
72386023169	2005	1	4	0	0	0.090
72386023169	2005	1	4	1	0	0.040
72386023169	2005	1	7	9	0	0.030
72386023169	2005	1	7	10	0	0.090
72386023169	2005	1	7	11	0	0.040
72386023169	2005	1	7	12	0	0.020
72386023169	2005	1	7	13	0	0.030
72386023169	2005	1	7	15	0	0.010
72386023169	2005	1	9	12	0	0.060
72386023169	2005	1	9	13	0	0.020
72386023169	2005	1	9	15	0	0.010
72386023169	2005	1	9	19	0	0.070
72386023169	2005	1	9	20	0	0.020
72386023169	2005	1	10	10	0	0.010
72386023169	2005	1	10	11	0	0.050
72386023169	2005	1	10	12	0	0.010
72386023169	2005	1	10	17	0	0.010
72386023169	2005	1	11	1	0	0.010
72386023169	2005	1	11	4	0	0.040
72386023169	2005	1	11	5	0	0.010
72386023169	2005	1	26	6	0	0.030
72386023169	2005	1	26	7	0	0.070
72386023169	2005	1	26	8	0	0.070
72386023169	2005	1	26	9	0	0.050
72386023169	2005	1	26	10	0	0.030
72386023169	2005	1	26	11	0	0.020
72386023169	2005	1	26	13	0	0.010
72386023169	2005	1	26	16	0	0.010
72386023169	2005	1	27	6	0	0.010
72386023169	2005	1	28	14	0	0.010
72386023169	2005	1	28	15	0	0.040
72386023169	2005	1	28	16	0	0.020
72386023169	2005	1	28	17	0	0.020
72386023169	2005	1	28	18	0	0.020
72386023169	2005	1	28	19	0	0.010
72386023169	2005	1	28	20	0	0.130
72386023169	2005	1	28	21	0	0.010
72386023169	2005	1	29	12	0	0.010
72386023169	2005	1	29	13	0	0.020
72386023169	2005	2	11	2	0	0.020
72386023169	2005	2	11	3	0	0.020
72386023169	2005	2	11	4	0	0.040
72386023169	2005	2	11	5	0	0.030
72386023169	2005	2	11	6	0	0.030
72386023169	2005	2	11	7	0	0.070
72386023169	2005	2	11	8	0	0.030
72386023169	2005	2	11	9	0	0.030
72386023169	2005	2	11	10	0	0.040
72386023169	2005	2	11	11	0	0.070
72386023169	2005	2	11	12	0	0.120
72386023169	2005	2	11	13	0	0.100
72386023169	2005	2	11	14	0	0.070
72386023169	2005	2	11	15	0	0.020
72386023169	2005	2	11	16	0	0.030
72386023169	2005	2	11	17	0	0.020
72386023169	2005	2	11	23	0	0.040
72386023169	2005	2	12	0	0	0.030
72386023169	2005	2	12	1	0	0.020
72386023169	2005	2	12	6	0	0.010
72386023169	2005	2	17	23	0	0.020
72386023169	2005	2	17	24	0	0.010
72386023169	2005	2	18	10	0	0.010
72386023169	2005	2	18	11	0	0.060
72386023169	2005	2	18	12	0	0.040
72386023169	2005	2	18	13	0	0.210
72386023169	2005	2	18	14	0	0.030
72386023169	2005	2	18	18	0	0.020
72386023169	2005	2	18	20	0	0.030
72386023169	2005	2	19	13	0	0.010
72386023169	2005	2	19	16	0	0.040
72386023169	2005	2	19	17	0	0.020
72386023169	2005	2	21	0	0	0.010
72386023169	2005	2	21	1	0	0.010
72386023169	2005	2	21	2	0	0.020
72386023169	2005	2	21	3	0	0.010
72386023169	2005	2	21	4	0	0.010
72386023169	2005	2	21	5	0	0.050
72386023169	2005	2	21	6	0	0.030
72386023169	2005	2	21	7	0	0.020
72386023169	2005	2	21	8	0	0.020
72386023169	2005	2	21	9	0	0.060
72386023169	2005	2	21	10	0	0.080
72386023169	2005	2	21	11	0	0.010
72386023169	2005	2	21	12	0	0.010
72386023169	2005	2	21	13	0	0.050
72386023169	2005	2	21	14	0	0.030
72386023169	2005	2	21	15	0	0.010
72386023169	2005	2	21	16	0	0.010
72386023169	2005	2	21	19	0	0.020
72386023169	2005	2	21	20	0	0.040
72386023169	2005	2	21	21	0	0.010
72386023169	2005	2	21	22	0	0.130
72386023169	2005	2	21	23	0	0.030
72386023169	2005	2	22	2	0	0.010
72386023169	2005	2	22	14	0	0.050
72386023169	2005	2	22	17	0	0.040
72386023169	2005	2	22	18	0	0.060
72386023169	2005	2	22	19	0	0.140
72386023169	2005	2	22	20	0	0.030
72386023169	2005	2	25	16	0	0.020
72386023169	2005	2	25	18	0	0.090
72386023169	2005	3	4	20	0	0.020
72386023169	2005	3	4	21	0	0.050
72386023169	2005	3	4	22	0	0.060
72386023169	2005	3	4	23	0	0.020
72386023169	2005	3	5	21	0	0.020
72386023169	2005	3	19	19	0	0.070
72386023169	2005	3	19	20	0	0.010
72386023169	2005	3	22	18	0	0.020
72386023169	2005	3	22	19	0	0.060
72386023169	2005	3	22	20	0	0.010
72386023169	2005	3	22	23	0	0.080
72386023169	2005	3	23	0	0	0.050
72386023169	2005	4	4	10	0	0.010
72386023169	2005	4	8	23	0	0.020
72386023169	2005	4	28	8	0	0.010
72386023169	2005	4	28	9	0	0.020
72386023169	2005	6	22	3	0	0.010
72386023169	2005	6	22	11	0	0.020
72386023169	2005	6	22	17	0	0.010
72386023169	2005	6	22	19	0	0.030
72386023169	2005	7	24	1	0	0.010
72386023169	2005	7	24	3	0	0.370
72386023169	2005	7	24	4	0	0.100
72386023169	2005	7	24	5	0	0.010
72386023169	2005	7	24	8	0	0.010
72386023169	2005	7	24	9	0	0.010
72386023169	2005	7	24	10	0	0.010
72386023169	2005	8	14	15	0	0.040
72386023169	2005	8	14	18	0	0.020
72386023169	2005	8	14	19	0	0.020
72386023169	2005	8	14	20	0	0.140
72386023169	2005	8	14	21	0	0.040
72386023169	2005	10	17	9	0	0.010
72386023169	2005	10	17	10	0	0.010
72386023169	2005	10	17	11	0	0.020
72386023169	2005	10	17	13	0	0.050
72386023169	2005	10	17	14	0	0.020
72386023169	2005	10	17	17	0	0.010
72386023169	2005	10	17	18	0	0.030
72386023169	2005	10	17	20	0	0.040
72386023169	2005	10	17	21	0	0.080
72386023169	2005	10	17	22	0	0.140
72386023169	2005	10	17	23	0	0.070
72386023169	2005	10	18	0	0	0.020
72386023169	2005	10	18	1	0	0.130
72386023169	2005	10	18	4	0	0.330
72386023169	2005	10	18	5	0	0.140
72386023169	2005	10	18	7	0	0.030
72386023169	2005	10	18	9	0	0.140
72386023169	2005	10	18	10	0	0.070
72386023169	2005	10	18	11	0	0.070
72386023169	2005	10	18	14	0	0.010
72386023169	2005	10	25	9	0	0.030
72386023169	2005	12	18	11	0	0.010
72386023169	2005	12	31	18	0	0.010
72386023169	2006	1	1	19	0	0.010
72386023169	2006	1	2	15	0	0.010
72386023169	2006	1	2	16	0	0.010
72386023169	2006	2	19	10	0	0.010
72386023169	2006	2	28	9	0	0.040
72386023169	2006	3	21	5	0	0.100
72386023169	2006	3	21	6	0	0.020
72386023169	2006	3	21	12	0	0.010
72386023169	2006	3	21	14	0	0.010
72386023169	2006	3	28	7	0	0.010
72386023169	2006	3	28	18	0	0.010
72386023169	2006	3	28	19	0	0.020
72386023169	2006	3	28	20	0	0.010
72386023169	2006	6	7	10	0	0.020
72386023169	2006	6	7	11	0	0.040
72386023169	2006	7	17	21	0	0.120
72386023169	2006	7	18	18	0	0.010
72386023169	2006	8	3	12	0	0.040
72386023169	2006	10	5	9	0	0.020
72386023169	2006	10	5	10	0	0.020
72386023169	2006	10	5	11	0	0.050
72386023169	2006	10	5	12	0	0.040
72386023169	2006	10	5	13	0	0.060
72386023169	2006	10	5	14	0	0.030
72386023169	2006	10	5	15	0	0.010
72386023169	2006	10	5	18	0	0.010
72386023169	2006	10	5	21	0	0.030
72386023169	2006	10	5	22	0	0.010
72386023169	2006	10	5	23	0	0.030
72386023169	2006	10	5	24	0	0.020
72386023169	2006	10	6	4	0	0.110
72386023169	2006	10	9	7	0	0.010
72386023169	2006	10	13	18	0	0.040
72386023169	2006	10	13	19	0	0.020
72386023169	2006	10	13	23	0	0.170
72386023169	2006	10	13	24	0	0.050
72386023169	2006	10	14	1	0	0.030
72386023169	2006	10	14	4	0	0.010
72386023169	2006	10	14	5	0	0.010
72386023169	2006	10	14	6	0	0.110
72386023169	2006	10	14	7	0	0.180
72386023169	2006	12	16	21	0	0.030
72386023169	2006	12	19	4	0	0.010
72386023169	2006	12	27	22	0	0.010
72386023169	2006	12	27	24	0	0.060
72386023169	2006	12	28	1	0	0.010
72386023169	2007	1	5	10	0	0.06
72386023169	2007	2	14	6	0	0.11
72386023169	2007	2	20	0	0	0.02
72386023169	2007	4	16	11	0	0.03
72386023169	2007	4	16	12	0	0.02
72386023169	2007	4	16	13	0	0.03
72386023169	2007	7	24	5	0	0.26
72386023169	2007	7	25	1	0	0.01
72386023169	2007	7	25	2	0	0.02
72386023169	2007	8	1	17	0	0.16
72386023169	2007	8	1	18	0	0.02
72386023169	2007	8	27	8	0	0.02
72386023169	2007	8	27	9	0	0.3
72386023169	2007	8	27	10	0	0.15
72386023169	2007	8	27	15	0	0.01
72386023169	2007	8	27	16	0	0.1
72386023169	2007	9	21	7	0	0.01
72386023169	2007	9	22	2	0	0.05
72386023169	2007	9	22	3	0	0.14
72386023169	2007	9	22	4	0	0.15
72386023169	2007	9	22	9	0	0.06
72386023169	2007	9	22	10	0	0.03
72386023169	2007	9	22	11	0	0.14
72386023169	2007	9	22	12	0	0.09
72386023169	2007	11	12	2	0	0.03
72386023169	2007	11	12	4	0	0.01
72386023169	2007	11	30	17	0	0.02
72386023169	2007	11	30	19	0	0.13
72386023169	2007	11	30	20	0	0.08
72386023169	2007	11	30	22	0	0.04
72386023169	2007	11	30	23	0	0.07
72386023169	2007	12	1	0	0	0.07
72386023169	2007	12	1	1	0	0.07
72386023169	2007	12	1	2	0	0.08
72386023169	2007	12	1	3	0	0.01
72386023169	2007	12	1	4	0	0.02
72386023169	2007	12	1	5	0	0.01
72386023169	2008	1	5	9	0	0.01
72386023169	2008	1	5	10	0	0.01
72386023169	2008	1	5	11	0	0.03
72386023169	2008	1	5	12	0	0.02
72386023169	2008	1	27	8	0	0.01
72386023169	2008	1	27	9	0	0.04
72386023169	2008	1	27	10	0	0.09
72386023169	2008	1	27	11	0	0.02
72386023169	2008	1	27	12	0	0.03
72386023169	2008	1	27	13	0	0.13
72386023169	2008	1	27	14	0	0.09
72386023169	2008	1	27	15	0	0.02
72386023169	2008	1	27	16	0	0.02
72386023169	2008	1	27	17	0	0.02
72386023169	2008	2	20	21	0	0.02
72386023169	2008	2	20	22	0	0.02
72386023169	2008	2	22	19	0	0.01
72386023169	2008	3	16	12	0	0.03
72386023169	2008	3	16	13	0	0.04
72386023169	2008	3	16	14	0	0.01
72386023169	2008	5	23	20	0	0.01
72386023169	2008	5	24	1	0	0.02
72386023169	2008	5	24	14	0	0.01
72386023169	2008	5	24	15	0	0.01
72386023169	2008	5	24	19	0	0.05
72386023169	2008	5	25	1	0	0.03
72386023169	2008	7	12	7	0	0.04
72386023169	2008	7	16	20	0	0.01
72386023169	2008	7	26	15	0	0.03
72386023169	2008	8	7	1	0	0.01
72386023169	2008	8	7	22	0	0.06
72386023169	2008	9	8	23	0	0.03
72386023169	2008	10	5	7	0	0.01
72386023169	2008	11	9	15	0	0.01
72386023169	2008	11	26	13	0	0.03
72386023169	2008	11	26	14	0	0.13
72386023169	2008	11	26	15	0	0.07
72386023169	2008	11	26	16	0	0.01
72386023169	2008	11	26	18	0	0.03
72386023169	2008	11	26	22	0	0.01
72386023169	2008	11	27	0	0	0.02
72386023169	2008	11	27	1	0	0.01
72386023169	2008	11	27	3	0	0.01
72386023169	2008	11	27	15	0	0.01
72386023169	2008	11	27	21	0	0.03
72386023169	2008	11	27	22	0	0.06
72386023169	2008	11	27	23	0	0.04
72386023169	2008	12	15	17	0	0.02
72386023169	2008	12	15	18	0	0.04
72386023169	2008	12	15	19	0	0.05
72386023169	2008	12	15	20	0	0.04
72386023169	2008	12	15	21	0	0.06
72386023169	2008	12	15	22	0	0.04
72386023169	2008	12	15	23	0	0.03
72386023169	2008	12	16	2	0	0.01
72386023169	2008	12	17	20	0	0.003
72386023169	2008	12	17	21	0	0.07
72386023169	2008	12	17	22	0	0.09
72386023169	2008	12	17	23	0	0.1
72386023169	2008	12	18	0	0	0.13
72386023169	2008	12	18	1	0	0.07
72386023169	2008	12	18	2	0	0.09
72386023169	2008	12	18	3	0	0.11
72386023169	2008	12	18	4	0	0.02
72386023169	2008	12	18	5	0	0.03
72386023169	2008	12	18	6	0	0.01
72386023169	2008	12	25	2	0	0.01
72386023169	2008	12	25	8	0	0.03
72386023169	2008	12	26	0	0	0.09
72386023169	2009	1	23	5	0	0.01
72386023169	2009	1	23	16	0	0.01
72386023169	2009	1	23	17	0	0.02
72386023169	2009	2	7	12	0	0.02
72386023169	2009	2	7	17	0	0.02
72386023169	2009	2	7	18	0	0.16
72386023169	2009	2	7	19	0	0.07
72386023169	2009	2	7	20	0	0.02
72386023169	2009	2	7	21	0	0.05
72386023169	2009	2	7	22	0	0.19
72386023169	2009	2	7	23	0	0.04
72386023169	2009	2	8	7	0	0.01
72386023169	2009	2	8	9	0	0.01
72386023169	2009	2	9	14	0	0.07
72386023169	2009	2	9	15	0	0.01
72386023169	2009	2	14	2	0	0.01
72386023169	2009	2	16	9	0	0.04
72386023169	2009	2	16	10	0	0.01
72386023169	2009	2	16	19	0	0.01
72386023169	2009	2	16	20	0	0.01
72386023169	2009	2	16	22	0	0.01
72386023169	2009	2	16	23	0	0.01
72386023169	2009	2	17	2	0	0.01
72386023169	2009	4	11	7	0	0.02
72386023169	2009	4	11	13	0	0.02
72386023169	2009	4	15	13	0	0.01
72386023169	2009	6	24	21	0	0.09
72386023169	2009	6	24	22	0	0.01
72386023169	2009	7	19	5	0	0.01
72386023169	2009	7	19	6	0	0.02
72386023169	2009	7	21	4	0	0.18
72386023169	2009	7	21	5	0	0.02
72386023169	2009	7	21	6	0	0.02
72386023169	2009	7	21	7	0	0.02
72386023169	2009	7	23	6	0	0.02
72386023169	2009	8	22	22	0	0.02
72386023169	2009	11	29	2	0	0.01
72386023169	2009	11	29	4	0	0.01
72386023169	2009	12	7	21	0	0.01
72386023169	2009	12	7	22	0	0.03
72386023169	2009	12	7	23	0	0.02
72386023169	2009	12	8	0	0	0.02
72386023169	2009	12	8	1	0	0.06
72386023169	2009	12	8	2	0	0.12
72386023169	2009	12	8	3	0	0.02
72386023169	2009	12	12	19	0	0.01
72386023169	2010	1	18	16	0	0.01
72386023169	2010	1	18	19	0	0.01
72386023169	2010	1	19	0	0	0.01
72386023169	2010	1	19	2	0	0.01
72386023169	2010	1	19	23	0	0.01
72386023169	2010	1	20	0	0	0.07
72386023169	2010	1	20	1	0	0.32
72386023169	2010	1	20	2	0	0.08
72386023169	2010	1	20	3	0	0.01
72386023169	2010	1	20	23	0	0.02
72386023169	2010	1	21	0	0	0.03
72386023169	2010	1	21	1	0	0.02
72386023169	2010	1	21	2	0	0.01
72386023169	2010	1	21	3	0	0.06
72386023169	2010	1	21	4	0	0.08
72386023169	2010	1	21	5	0	0.05
72386023169	2010	1	21	16	0	0.02
72386023169	2010	1	21	17	0	0.1
72386023169	2010	1	21	18	0	0.14
72386023169	2010	1	21	19	0	0.1
72386023169	2010	1	21	20	0	0.11
72386023169	2010	1	21	21	0	0.12
72386023169	2010	1	21	22	0	0.15
72386023169	2010	1	21	23	0	0.07
72386023169	2010	1	22	0	0	0.01
72386023169	2010	1	22	1	0	0.05
72386023169	2010	1	22	4	0	0.02
72386023169	2010	1	22	8	0	0.01
72386023169	2010	1	27	8	0	0.01
72386023169	2010	1	27	9	0	0.04
72386023169	2010	1	27	10	0	0.01
72386023169	2010	1	27	13	0	0.01
72386023169	2010	1	27	14	0	0.03
72386023169	2010	1	27	15	0	0.02
72386023169	2010	1	27	16	0	0.02
72386023169	2010	1	27	17	0	0.05
72386023169	2010	1	27	18	0	0.02
72386023169	2010	1	27	19	0	0.04
72386023169	2010	1	27	20	0	0.02
72386023169	2010	1	27	21	0	0.05
72386023169	2010	1	27	22	0	0.01
72386023169	2010	1	27	23	0	0.01
72386023169	2010	2	6	1	0	0.01
72386023169	2010	2	6	2	0	0.01
72386023169	2010	2	6	17	0	0.03
72386023169	2010	2	6	18	0	0.09
72386023169	2010	2	6	19	0	0.12
72386023169	2010	2	6	20	0	0.07
72386023169	2010	2	6	21	0	0.03
72386023169	2010	2	7	2	0	0.009
72386023169	2010	2	7	4	0	0.03
72386023169	2010	2	9	19	0	0.06
72386023169	2010	2	9	22	0	0.01
72386023169	2010	2	9	23	0	0.04
72386023169	2010	2	10	4	0	0.01
72386023169	2010	2	10	6	0	0.08
72386023169	2010	2	10	7	0	0.01
72386023169	2010	2	10	8	0	0.03
72386023169	2010	2	22	9	0	0.04
72386023169	2010	2	22	10	0	0.12
72386023169	2010	2	22	11	0	0.05
72386023169	2010	2	22	12	0	0.01
72386023169	2010	2	22	13	0	0.01
72386023169	2010	2	22	14	0	0.01
72386023169	2010	2	28	0	0	0.01
72386023169	2010	2	28	2	0	0.01
72386023169	2010	2	28	4	0	0.04
72386023169	2010	2	28	5	0	0.05
72386023169	2010	2	28	6	0	0.03
72386023169	2010	3	7	6	0	0.01
72386023169	2010	3	7	8	0	0.03
72386023169	2010	3	7	9	0	0.01
72386023169	2010	3	8	1	0	0.01
72386023169	2010	3	8	2	0	0.02
72386023169	2010	3	8	3	0	0.04
72386023169	2010	3	8	4	0	0.02
72386023169	2010	3	8	5	0	0.01
72386023169	2010	4	5	20	0	0.01
72386023169	2010	4	22	16	0	0.02
72386023169	2010	4	22	19	0	0.02
72386023169	2010	9	7	16	0	0.01
72386023169	2010	10	2	22	0	0.03
72386023169	2010	10	17	21	0	0.01
72386023169	2010	10	18	0	0	0.13
72386023169	2010	10	18	1	0	0.12
72386023169	2010	10	18	5	0	0.02
72386023169	2010	10	18	8	0	0.05
72386023169	2010	10	20	4	0	0.11
72386023169	2010	10	20	13	0	0.02
72386023169	2010	10	20	14	0	0.02
72386023169	2010	10	20	20	0	0.07
72386023169	2010	10	20	23	0	0.005
72386023169	2010	10	21	0	0	0.16
72386023169	2010	10	21	1	0	0.02
72386023169	2010	11	21	16	0	0.01
72386023169	2010	12	6	7	0	0.03
72386023169	2010	12	6	10	0	0.05
72386023169	2010	12	6	11	0	0.05
72386023169	2010	12	17	20	0	0.01
72386023169	2010	12	17	23	0	0.02
72386023169	2010	12	18	0	0	0.01
72386023169	2010	12	18	4	0	0.01
72386023169	2010	12	18	5	0	0.01
72386023169	2010	12	18	6	0	0.01
72386023169	2010	12	20	20	0	0.02
72386023169	2010	12	20	21	0	0.03
72386023169	2010	12	20	22	0	0.07
72386023169	2010	12	20	23	0	0.02
72386023169	2010	12	21	0	0	0.08
72386023169	2010	12	21	1	0	0.1
72386023169	2010	12	21	2	0	0.03
72386023169	2010	12	21	4	0	0.01
72386023169	2010	12	21	6	0	0.01
72386023169	2010	12	21	7	0	0.03
72386023169	2010	12	21	8	0	0.02
72386023169	2010	12	21	9	0	0.01
72386023169	2010	12	21	10	0	0.02
72386023169	2010	12	21	11	0	0.01
72386023169	2010	12	21	12	0	0.01
72386023169	2010	12	21	17	0	0.01
72386023169	2010	12	21	19	0	0.01
72386023169	2010	12	21	20	0	0.01
72386023169	2010	12	21	22	0	0.01
72386023169	2010	12	21	23	0	0.01
72386023169	2010	12	22	1	0	0.01
72386023169	2010	12	22	6	0	0.01
72386023169	2010	12	22	12	0	0.17
72386023169	2010	12	22	13	0	0.16
72386023169	2010	12	22	14	0	0.21
72386023169	2010	12	22	15	0	0.1
72386023169	2010	12	22	16	0	0.07
72386023169	2010	12	22	17	0	0.057
72386023169	2010	12	22	18	0	0.05
72386023169	2010	12	22	19	0	0.02
72386023169	2010	12	22	21	0	0.01
72386023169	2010	12	22	22	0	0.12
72386023169	2010	12	22	23	0	0.03
72386023169	2010	12	23	8	0	0.001
72386023169	2010	12	23	10	0	0.01
72386023169	2010	12	23	12	0	0.001
72386023169	2010	12	26	11	0	0.01
72386023169	2011	1	3	17	0	0.01
72386023169	2011	2	19	10	0	0.02
72386023169	2011	2	19	11	0	0.01
72386023169	2011	2	19	12	0	0.01
72386023169	2011	2	19	15	0	0.01
72386023169	2011	2	20	14	0	0.01
72386023169	2011	2	20	16	0	0.01
72386023169	2011	3	21	10	0	0.05
72386023169	2011	3	21	11	0	0.08
72386023169	2011	3	21	12	0	0.02
72386023169	2011	3	24	6	0	0.02
72386023169	2011	5	18	23	0	0.01
72386023169	2011	7	4	1	0	0.66
72386023169	2011	7	4	2	0	0.08
72386023169	2011	7	9	3	0	0.02
72386023169	2011	7	10	22	0	0.01
72386023169	2011	7	31	14	0	0.01
72386023169	2011	7	31	22	0	0.05
72386023169	2011	8	13	18	0	0.01
72386023169	2011	9	11	7	0	0.03
72386023169	2011	9	11	21	0	0.02
72386023169	2011	9	13	9	0	0.03
72386023169	2011	9	13	14	0	0.004
72386023169	2011	9	13	15	0	0.3
72386023169	2011	9	14	10	0	0.16
72386023169	2011	9	14	11	0	0.02
72386023169	2011	9	14	13	0	0.01
72386023169	2011	9	14	14	0	0.03
72386023169	2011	9	14	16	0	0.01
72386023169	2011	9	14	22	0	0.02
72386023169	2011	9	25	0	0	0.02
72386023169	2011	10	3	20	0	0.02
72386023169	2011	10	3	21	0	0.01
72386023169	2011	10	3	22	0	0.02
72386023169	2011	10	4	6	0	0.01
72386023169	2011	10	4	9	0	0.01
72386023169	2011	10	4	10	0	0.02
72386023169	2011	10	5	22	0	0.01
72386023169	2011	10	6	0	0	0.07
72386023169	2011	10	6	1	0	0.02
72386023169	2011	10	6	20	0	0.02
72386023169	2011	11	5	0	0	0.02
72386023169	2011	11	5	1	0	0.01
72386023169	2011	11	5	2	0	0.01
72386023169	2011	12	1	6	0	0.05
72386023169	2011	12	1	7	0	0.02
72386023169	2011	12	13	2	0	0.02
72386023169	2011	12	13	3	0	0.04
72386023169	2011	12	13	4	0	0.01
72386023169	2011	12	13	5	0	0.02
72386023169	2011	12	18	11	0	0.01
72386023169	2011	12	18	15	0	0.04
72386023169	2012	2	14	12	0	0.02
72386023169	2012	2	14	13	0	0.04
72386023169	2012	3	17	23	0	0.01
72386023169	2012	3	18	0	0	0.17
72386023169	2012	4	14	15	0	0.01
72386023169	2012	7	4	21	0	0.03
72386023169	2012	7	13	14	0	0.01
72386023169	2012	7	13	16	0	0.01
72386023169	2012	7	13	17	0	0.04
72386023169	2012	7	14	10	0	0.02
72386023169	2012	7	23	20	0	0.01
72386023169	2012	7	31	15	0	0.01
72386023169	2012	7	31	16	0	0.01
72386023169	2012	8	1	7	0	0.03
72386023169	2012	8	1	8	0	0.05
72386023169	2012	8	1	9	0	0.09
72386023169	2012	8	1	10	0	0.07
72386023169	2012	8	1	11	0	0.03
72386023169	2012	8	13	22	0	0.01
72386023169	2012	8	21	20	0	0.05
72386023169	2012	8	22	3	0	0.17
72386023169	2012	8	22	15	0	0.01
72386023169	2012	8	22	16	0	0.46
72386023169	2012	8	22	17	0	0.397
72386023169	2012	8	22	18	0	0.15
72386023169	2012	8	22	19	0	0.2
72386023169	2012	8	22	20	0	0.05
72386023169	2012	8	22	22	0	0.01
72386023169	2012	8	22	23	0	0.04
72386023169	2012	9	11	20	0	0.99
72386023169	2012	9	11	21	0	0.17
72386023169	2012	9	11	22	0	0.01
72386023169	2012	9	11	23	0	0.01
72386023169	2012	10	11	5	0	0.09
72386023169	2012	10	11	6	0	0.03
72386023169	2012	10	11	7	0	0.04
72386023169	2012	10	11	8	0	0.24
72386023169	2012	10	11	12	0	0.03
72386023169	2012	10	11	15	0	0.08
72386023169	2012	10	11	16	0	0.13
72386023169	2012	10	11	17	0	0.08
72386023169	2012	10	11	20	0	0.01
72386023169	2012	10	12	3	0	0.09
72386023169	2012	10	12	5	0	0.11
72386023169	2012	10	12	6	0	0.01
72386023169	2012	12	13	22	0	0.02
72386023169	2012	12	13	23	0	0.03
72386023169	2012	12	14	0	0	0.06
72386023169	2012	12	14	3	0	0.02
72386023169	2012	12	14	4	0	0.02
72386023169	2012	12	14	5	0	0.06
72386023169	2012	12	14	6	0	0.05
72386023169	2012	12	14	7	0	0.03
72386023169	2012	12	14	8	0	0.02
72386023169	2012	12	14	9	0	0.01
72386023169	2012	12	14	10	0	0.04
72386023169	2012	12	14	11	0	0.03
72386023169	2012	12	14	12	0	0.03
72386023169	2012	12	14	13	0	0.03
72386023169	2012	12	14	14	0	0.01
72386023169	2012	12	15	5	0	0.03
72386023169	2013	1	24	17	0	0.01
72386023169	2013	1	26	5	0	0.01
72386023169	2013	1	26	6	0	0.01
72386023169	2013	1	26	7	0	0.04
72386023169	2013	1	26	8	0	0.03
72386023169	2013	1	26	9	0	0.08
72386023169	2013	1	26	10	0	0.1
72386023169	2013	1	26	11	0	0.07
72386023169	2013	1	26	12	0	0.02
72386023169	2013	1	26	13	0	0.01
72386023169	2013	1	26	16	0	0.02
72386023169	2013	1	26	17	0	0.01
72386023169	2013	1	26	18	0	0.02
72386023169	2013	3	8	15	0	0.01
72386023169	2013	3	8	16	0	0.01
72386023169	2013	3	8	20	0	0.001
72386023169	2013	3	9	3	0	0.01
72386023169	2013	4	8	15	0	0.03
72386023169	2013	7	6	14	0	0.01
72386023169	2013	7	11	13	0	0.04
72386023169	2013	7	20	3	0	0.22
72386023169	2013	7	21	6	0	0.03
72386023169	2013	8	18	22	0	0.05
72386023169	2013	8	18	23	0	0.02
72386023169	2013	8	19	0	0	0.02
72386023169	2013	8	19	1	0	0.02
72386023169	2013	8	19	2	0	0.01
72386023169	2013	8	19	6	0	0.01
72386023169	2013	8	19	7	0	0.03
72386023169	2013	8	19	8	0	0.01
72386023169	2013	8	26	19	0	0.01
72386023169	2013	8	26	22	0	0.05
72386023169	2013	8	30	16	0	0.02
72386023169	2013	8	30	17	0	0.03
72386023169	2013	9	3	8	0	0.01
72386023169	2013	9	8	13	0	0.02
72386023169	2013	9	8	14	0	0.01
72386023169	2013	9	8	15	0	0.01
72386023169	2013	9	10	1	0	0.02
72386023169	2013	9	10	2	0	0.01
72386023169	2013	9	10	16	0	0.01
72386023169	2013	9	11	10	0	0.03
72386023169	2013	9	12	0	0	0.11
72386023169	2013	9	12	1	0	0.07
72386023169	2013	9	12	2	0	0.03
72386023169	2013	9	12	10	0	0.02
72386023169	2013	11	21	20	0	0.01
72386023169	2013	11	21	21	0	0.07
72386023169	2013	11	21	22	0	0.12
72386023169	2013	11	21	23	0	0.03
72386023169	2013	11	22	0	0	0.11
72386023169	2013	11	22	1	0	0.05
72386023169	2013	11	22	2	0	0.12
72386023169	2013	11	22	3	0	0.11
72386023169	2013	11	22	4	0	0.04
72386023169	2013	11	22	6	0	0.02
72386023169	2013	11	22	11	0	0.01
72386023169	2013	11	22	12	0	0.01
72386023169	2013	11	22	13	0	0.05
72386023169	2013	11	22	14	0	0.01
72386023169	2013	11	22	15	0	0.01
72386023169	2013	11	22	18	0	0.03
72386023169	2013	11	22	19	0	0.01
72386023169	2013	11	22	20	0	0.02
72386023169	2013	11	22	21	0	0.1
72386023169	2013	11	22	22	0	0.04
72386023169	2013	11	23	9	0	0.01
72386023169	2013	11	23	12	0	0.01
72386023169	2013	11	23	13	0	0.01
72386023169	2013	11	23	14	0	0.01
72386023169	2013	11	23	15	0	0.02
72386023169	2013	11	23	16	0	0.02
72386023169	2013	11	23	17	0	0.01
72386023169	2013	11	23	19	0	0.05
72386023169	2013	11	23	20	0	0.02
72386023169	2013	11	23	21	0	0.01
72386023169	2013	11	23	23	0	0.01
72386023169	2013	12	4	7	0	0.03
72386023169	2013	12	4	8	0	0.02
72386023169	2014	2	28	17	0	0.02
72386023169	2014	2	28	21	0	0.03
72386023169	2014	2	28	22	0	0.07
72386023169	2014	2	28	23	0	0.14
72386023169	2014	3	1	0	0	0.03
72386023169	2014	3	1	3	0	0.01
72386023169	2014	7	5	5	0	0.08
72386023169	2014	7	8	16	0	0.002
72386023169	2014	7	8	23	0	0.01
72386023169	2014	7	10	16	0	0.08
72386023169	2014	7	15	11	0	0.04
72386023169	2014	7	28	3	0	0.01
72386023169	2014	8	3	19	0	0.02
72386023169	2014	8	4	5	0	0.04
72386023169	2014	8	4	6	0	0.18
72386023169	2014	8	4	7	0	0.04
72386023169	2014	8	4	11	0	0.02
72386023169	2014	8	4	12	0	0.04
72386023169	2014	8	4	13	0	0.01
72386023169	2014	9	8	0	0	0.02
72386023169	2014	9	8	20	0	0.15
72386023169	2014	9	8	21	0	0.04
72386023169	2014	9	8	22	0	0.02
72386023169	2014	9	8	23	0	0.06
72386023169	2014	9	21	6	0	0.01
72386023169	2014	9	27	1	0	0.19
72386023169	2014	9	27	2	0	0.13
72386023169	2014	9	29	7	0	0.02
72386023169	2014	12	3	0	0	0.03
72386023169	2014	12	3	1	0	0.03
72386023169	2014	12	3	2	0	0.05
72386023169	2014	12	3	3	0	0.04
72386023169	2014	12	3	6	0	0.01
72386023169	2014	12	4	3	0	0.01
72386023169	2014	12	4	9	0	0.07
72386023169	2014	12	12	20	0	0.003
72386023169	2014	12	12	22	0	0.02
72386023169	2014	12	17	6	0	0.01
72386023169	2014	12	17	8	0	0.01
72386023169	2015	1	11	16	0	0.01
72386023169	2015	1	11	17	0	0.12
72386023169	2015	1	11	18	0	0.13
72386023169	2015	1	11	19	0	0.09
72386023169	2015	1	11	20	0	0.06
72386023169	2015	1	11	21	0	0.04
72386023169	2015	1	11	22	0	0.01
72386023169	2015	1	21	5	0	0.01
72386023169	2015	1	27	1	0	0.01
72386023169	2015	1	27	2	0	0.04
72386023169	2015	1	27	3	0	0.01
72386023169	2015	1	27	6	0	0.01
72386023169	2015	1	27	7	0	0.02
72386023169	2015	1	27	8	0	0.06
72386023169	2015	1	27	9	0	0.04
72386023169	2015	1	27	10	0	0.01
72386023169	2015	1	30	15	0	0.01
72386023169	2015	1	30	16	0	0.02
72386023169	2015	1	30	17	0	0.05
72386023169	2015	1	30	18	0	0.03
72386023169	2015	1	30	19	0	0.03
72386023169	2015	1	30	20	0	0.02
72386023169	2015	1	30	21	0	0.01
72386023169	2015	1	31	10	0	0.02
72386023169	2015	1	31	11	0	0.01
72386023169	2015	2	23	2	0	0.02
72386023169	2015	2	23	3	0	0.02
72386023169	2015	2	23	5	0	0.03
72386023169	2015	2	23	6	0	0.05
72386023169	2015	2	23	7	0	0.05
72386023169	2015	2	23	8	0	0.07
72386023169	2015	2	23	9	0	0.06
72386023169	2015	2	23	10	0	0.11
72386023169	2015	2	23	11	0	0.11
72386023169	2015	2	23	13	0	0.01
72386023169	2015	2	23	14	0	0.01
72386023169	2015	3	1	23	0	0.01
72386023169	2015	3	2	0	0	0.02
72386023169	2015	3	2	1	0	0.02
72386023169	2015	3	2	2	0	0.03
72386023169	2015	3	2	3	0	0.04
72386023169	2015	3	2	4	0	0.07
72386023169	2015	3	2	5	0	0.03
72386023169	2015	3	2	9	0	0.03
72386023169	2015	3	2	11	0	0.01
72386023169	2015	3	2	12	0	0.01
72386023169	2015	3	3	21	0	0.01
72386023169	2015	4	26	0	0	0.05
72386023169	2015	4	26	1	0	0.2
72386023169	2015	4	26	2	0	0.01
72386023169	2015	5	5	6	0	0.01
72386023169	2015	5	8	21	0	0.01
72386023169	2015	5	18	17	0	0.02
72386023169	2015	5	18	19	0	0.03
72386023169	2015	5	18	20	0	0.01
72386023169	2015	5	18	21	0	0.01
72386023169	2015	5	22	18	0	0.12
72386023169	2015	5	22	19	0	0.02
72386023169	2015	5	25	6	0	0.01
72386023169	2015	7	2	9	0	0.03
72386023169	2015	7	2	10	0	0.06
72386023169	2015	7	2	13	0	0.04
72386023169	2015	7	7	2	0	0.01
72386023169	2015	7	7	3	0	0.04
72386023169	2015	7	20	10	0	0.01
72386023169	2015	8	1	18	0	0.04
72386023169	2015	8	1	19	0	0.01
72386023169	2015	8	7	5	0	0.01
72386023169	2015	8	7	12	0	0.05
72386023169	2015	8	13	22	0	0.09
72386023169	2015	8	13	23	0	0.36
72386023169	2015	8	14	0	0	0.1
72386023169	2015	8	14	1	0	0.02
72386023169	2015	9	14	20	0	0.01
72386023169	2015	9	15	19	0	0.01
72386023169	2015	10	5	9	0	0.01
72386023169	2015	10	5	13	0	0.17
72386023169	2015	10	5	15	0	0.03
72386023169	2015	10	5	17	0	0.01
72386023169	2015	10	5	19	0	0.11
72386023169	2015	10	5	20	0	0.05
72386023169	2015	10	6	0	0	0.01
72386023169	2015	10	6	1	0	0.01
72386023169	2015	10	6	2	0	0.02
72386023169	2015	10	6	3	0	0.05
72386023169	2015	10	6	4	0	0.13
72386023169	2015	10	6	5	0	0.02
72386023169	2015	10	17	5	0	0.05
72386023169	2015	10	17	6	0	0.01
72386023169	2015	10	17	9	0	0.07
72386023169	2015	10	17	10	0	0.27
72386023169	2015	10	18	18	0	0.13
72386023169	2015	10	21	11	0	0.01
72386023169	2015	11	4	15	0	0.04
72386023169	2015	11	4	16	0	0.1
72386023169	2015	11	4	17	0	0.01
72386023169	2015	11	5	0	0	0.03
72386023169	2015	11	5	1	0	0.01
72386023169	2015	11	16	1	0	0.01
72386023169	2015	11	16	9	0	0.01
72386023169	2015	12	12	0	0	0.01
72386023169	2016	1	4	15	0	0.01
72386023169	2016	1	5	23	0	0.014
72386023169	2016	1	6	0	0	0.05
72386023169	2016	1	6	1	0	0.02
72386023169	2016	1	6	2	0	0.01
72386023169	2016	1	6	3	0	0.04
72386023169	2016	1	6	4	0	0.01
72386023169	2016	1	6	5	0	0.07
72386023169	2016	1	6	6	0	0.02
72386023169	2016	1	19	22	0	0.01
72386023169	2016	1	19	23	0	0.02
72386023169	2016	1	20	0	0	0.02
72386023169	2016	1	31	21	0	0.01
72386023169	2016	1	31	22	0	0.05
72386023169	2016	1	31	23	0	0.04
72386023169	2016	2	1	2	0	0.04
72386023169	2016	2	1	3	0	0.01
72386023169	2016	2	1	10	0	0.04
72386023169	2016	2	1	11	0	0.05
72386023169	2016	4	9	3	0	0.06
72386023169	2016	4	9	4	0	0.02
72386023169	2016	4	9	10	0	0.02
72386023169	2016	4	9	12	0	0.08
72386023169	2016	4	9	13	0	0.01
72386023169	2016	4	9	19	0	0.29
72386023169	2016	4	9	20	0	0.05
72386023169	2016	4	9	22	0	0.09
72386023169	2016	4	10	0	0	0.05
72386023169	2016	4	10	4	0	0.06
72386023169	2016	4	10	5	0	0.08
72386023169	2016	4	10	6	0	0.03
72386023169	2016	4	10	7	0	0.05
72386023169	2016	4	10	8	0	0.03
72386023169	2016	4	10	9	0	0.01
72386023169	2016	4	10	11	0	0.01
72386023169	2016	4	10	16	0	0.01
72386023169	2016	4	10	17	0	0.05
72386023169	2016	4	10	18	0	0.02
72386023169	2016	4	10	20	0	0.01
72386023169	2016	4	25	12	0	0.01
72386023169	2016	4	25	13	0	0.01
72386023169	2016	4	28	4	0	0.04
72386023169	2016	4	28	11	0	0.05
72386023169	2016	4	28	12	0	0.04
72386023169	2016	4	29	0	0	0.13
72386023169	2016	4	29	3	0	0.02
72386023169	2016	4	30	12	0	0.1
72386023169	2016	4	30	13	0	0.11
72386023169	2016	4	30	14	0	0.15
72386023169	2016	4	30	15	0	0.11
72386023169	2016	4	30	16	0	0.07
72386023169	2016	4	30	17	0	0.02
72386023169	2016	5	1	0	0	0.37
72386023169	2016	5	7	23	0	0.01
72386023169	2016	5	8	0	0	0.01
72386023169	2016	5	8	2	0	0.02
72386023169	2016	6	11	10	0	0.02
72386023169	2016	6	30	21	0	0.36
72386023169	2016	6	30	22	0	0.11
72386023169	2016	7	1	8	0	0.04
72386023169	2016	7	1	9	0	0.06
72386023169	2016	7	1	10	0	0.04
72386023169	2016	7	2	6	0	0.01
72386023169	2016	7	2	7	0	0.02
72386023169	2016	7	31	23	0	0.03
72386023169	2016	8	4	5	0	0.01
72386023169	2016	8	4	11	0	0.01
72386023169	2016	8	4	12	0	0.02
72386023169	2016	8	4	19	0	0.01
72386023169	2016	8	18	21	0	0.08
72386023169	2016	8	23	10	0	0.001
72386023169	2016	8	23	11	0	0.001
72386023169	2016	8	23	12	0	0.002
72386023169	2016	8	24	6	0	0.03
72386023169	2016	8	27	14	0	0.01
72386023169	2016	10	24	3	0	0.01
72386023169	2016	10	24	13	0	0.05
72386023169	2016	10	24	14	0	0.01
72386023169	2016	10	24	19	0	0.06
72386023169	2016	10	24	20	0	0.05
72386023169	2016	10	24	21	0	0.05
72386023169	2016	12	22	0	0	0.01
72386023169	2016	12	22	11	0	0.04
72386023169	2016	12	22	12	0	0.05
72386023169	2016	12	22	13	0	0.06
72386023169	2016	12	22	14	0	0.02
72386023169	2016	12	22	20	0	0.13
72386023169	2016	12	22	21	0	0.11
72386023169	2016	12	22	22	0	0.1
72386023169	2016	12	22	23	0	0.05
72386023169	2016	12	23	0	0	0.02
72386023169	2016	12	24	7	0	0.04
72386023169	2016	12	24	8	0	0.07
72386023169	2016	12	24	9	0	0.05
72386023169	2016	12	24	10	0	0.05
72386023169	2016	12	24	11	0	0.01
72386023169	2016	12	24	12	0	0.01
72386023169	2016	12	31	6	0	0.01
72386023169	2017	1	12	23	0	0.01
72386023169	2017	1	13	0	0	0.01
72386023169	2017	1	13	1	0	0.01
72386023169	2017	1	13	15	0	0.03
72386023169	2017	1	13	16	0	0.01
72386023169	2017	1	13	17	0	0.03
72386023169	2017	1	19	19	0	0.01
72386023169	2017	1	20	18	0	0.01
72386023169	2017	1	20	20	0	0.05
72386023169	2017	1	20	21	0	0.03
72386023169	2017	1	20	22	0	0.03
72386023169	2017	1	20	23	0	0.12
72386023169	2017	1	21	0	0	0.03
72386023169	2017	1	22	13	0	0.01
72386023169	2017	1	22	15	0	0.02
72386023169	2017	1	22	16	0	0.03
72386023169	2017	1	22	17	0	0.04
72386023169	2017	1	22	18	0	0.05
72386023169	2017	1	22	19	0	0.07
72386023169	2017	1	22	20	0	0.03
72386023169	2017	1	22	21	0	0.07
72386023169	2017	1	22	22	0	0.03
72386023169	2017	1	22	23	0	0.02
72386023169	2017	1	23	0	0	0.02
72386023169	2017	1	23	1	0	0.03
72386023169	2017	1	23	2	0	0.01
72386023169	2017	1	23	3	0	0.01
72386023169	2017	1	23	4	0	0.01
72386023169	2017	1	23	6	0	0.03
72386023169	2017	1	23	11	0	0.03
72386023169	2017	1	23	12	0	0.01
72386023169	2017	2	11	23	0	0.05
72386023169	2017	2	12	6	0	0.01
72386023169	2017	2	12	9	0	0.02
72386023169	2017	2	12	10	0	0.02
72386023169	2017	2	17	11	0	0.01
72386023169	2017	2	17	17	0	0.01
72386023169	2017	2	18	10	0	0.01
72386023169	2017	2	18	12	0	0.02
72386023169	2017	2	18	13	0	0.02
72386023169	2017	2	18	14	0	0.13
72386023169	2017	2	18	15	0	0.01
72386023169	2017	2	18	16	0	0.01
72386023169	2017	2	18	17	0	0.05
72386023169	2017	2	18	20	0	0.02
72386023169	2017	2	18	21	0	0.01
72386023169	2017	2	18	23	0	0.07
72386023169	2017	2	19	0	0	0.06
72386023169	2017	2	19	1	0	0.01
72386023169	2017	2	19	2	0	0.01
72386023169	2017	2	19	8	0	0.01
72386023169	2017	3	27	20	0	0.01
72386023169	2017	4	3	20	0	0.04
72386023169	2017	5	7	5	0	0.01
72386023169	2017	5	7	20	0	0.02
72386023169	2017	5	7	21	0	0.05
72386023169	2017	7	10	21	0	0.001
72386023169	2017	7	19	15	0	0.04
72386023169	2017	7	19	16	0	0.01
72386023169	2017	7	19	17	0	0.03
72386023169	2017	7	19	18	0	0.01
72386023169	2017	8	4	19	0	0.01
72386023169	2017	8	4	20	0	0.15
72386023169	2017	8	5	7	0	0.05
72386023169	2017	8	5	8	0	0.02
72386023169	2017	8	21	14	0	0.01
72386023169	2017	9	6	5	0	0.11
72386023169	2017	9	8	19	0	0.11
72386023169	2017	9	9	1	0	0.04
72386023169	2017	9	9	2	0	0.14
72386023169	2017	9	9	3	0	0.06
72386023169	2018	1	9	0	0	0.01
72386023169	2018	1	9	1	0	0.01
72386023169	2018	1	9	2	0	0.03
72386023169	2018	1	9	4	0	0.06
72386023169	2018	1	9	5	0	0.03
72386023169	2018	1	9	9	0	0.04
72386023169	2018	1	9	10	0	0.14
72386023169	2018	1	9	11	0	0.1
72386023169	2018	1	9	12	0	0.04
72386023169	2018	1	9	13	0	0.03
72386023169	2018	1	9	14	0	0.1
72386023169	2018	1	9	15	0	0.29
72386023169	2018	1	9	16	0	0.13
72386023169	2018	1	9	17	0	0.04
72386023169	2018	1	9	18	0	0.02
72386023169	2018	1	9	19	0	0.02
72386023169	2018	1	9	20	0	0.1
72386023169	2018	1	9	21	0	0.08
72386023169	2018	1	9	22	0	0.1
72386023169	2018	1	9	23	0	0.1
72386023169	2018	2	13	7	0	0.01
72386023169	2018	3	10	23	0	0.01
72386023169	2018	3	11	4	0	0.01
72386023169	2018	3	11	5	0	0.03
72386023169	2018	3	11	6	0	0.01
72386023169	2018	3	11	7	0	0.06
72386023169	2018	3	11	8	0	0.05
72386023169	2018	3	11	9	0	0.03
72386023169	2018	3	11	10	0	0.02
72386023169	2018	3	15	20	0	0.02
72386023169	2018	3	22	13	0	0.01
72386023169	2018	3	22	15	0	0.01
72386023169	2018	5	1	20	0	0.001
72386023169	2018	5	1	23	0	0.04
72386023169	2018	5	2	1	0	0.05
72386023169	2018	5	2	2	0	0.08
72386023169	2018	5	2	3	0	0.04
72386023169	2018	7	10	4	0	0.08
72386023169	2018	7	10	5	0	0.24
72386023169	2018	7	10	6	0	0.13
72386023169	2018	7	10	7	0	0.12
72386023169	2018	7	10	8	0	0.09
72386023169	2018	7	15	4	0	0.08
72386023169	2018	7	19	21	0	0.02
72386023169	2018	7	19	22	0	0.02
72386023169	2018	7	30	21	0	0.002
72386023169	2018	7	30	22	0	0.007
72386023169	2018	8	12	4	0	0.08
72386023169	2018	8	12	5	0	0.01
72386023169	2018	10	4	7	0	0.02
72386023169	2018	10	21	9	0	0.03
72386023169	2018	10	21	11	0	0.02
72386023169	2018	10	21	12	0	0.06
72386023169	2018	10	21	13	0	0.01
72386023169	2018	11	22	13	0	0.01
72386023169	2018	11	29	20	0	0.06
72386023169	2018	11	29	21	0	0.12
72386023169	2018	11	29	22	0	0.04
72386023169	2018	12	6	20	0	0.01
72386023169	2018	12	7	9	0	0.01
72386023169	2018	12	7	10	0	0.03
72386023169	2018	12	7	11	0	0.04
72386023169	2018	12	7	12	0	0.01
72386023169	2018	12	25	16	0	0.06
72386023169	2018	12	25	17	0	0.01
72386023169	2019	1	6	3	0	0.05
72386023169	2019	1	6	4	0	0.04
72386023169	2019	1	6	5	0	0.15
72386023169	2019	1	6	6	0	0.06
72386023169	2019	1	6	7	0	0.02
72386023169	2019	1	15	0	0	0.01
72386023169	2019	1	15	1	0	0.05
72386023169	2019	1	15	2	0	0.04
72386023169	2019	1	15	3	0	0.04
72386023169	2019	1	15	4	0	0.08
72386023169	2019	1	15	6	0	0.04
72386023169	2019	1	15	7	0	0.02
72386023169	2019	1	15	10	0	0.01
72386023169	2019	1	15	15	0	0.02
72386023169	2019	1	15	17	0	0.01
72386023169	2019	1	15	18	0	0.02
72386023169	2019	1	15	19	0	0.03
72386023169	2019	1	15	20	0	0.03
72386023169	2019	1	15	21	0	0.07
72386023169	2019	1	15	22	0	0.08
72386023169	2019	1	15	23	0	0.05
72386023169	2019	1	16	0	0	0.02
72386023169	2019	1	16	4	0	0.03
72386023169	2019	1	16	5	0	0.01
72386023169	2019	1	16	6	0	0.01
72386023169	2019	1	17	8	0	0.02
72386023169	2019	1	17	17	0	0.01
72386023169	2019	1	17	18	0	0.02
72386023169	2019	2	2	12	0	0.01
72386023169	2019	2	2	13	0	0.01
72386023169	2019	2	2	16	0	0.01
72386023169	2019	2	3	1	0	0.01
72386023169	2019	2	3	2	0	0.02
72386023169	2019	2	3	3	0	0.11
72386023169	2019	2	3	4	0	0.06
72386023169	2019	2	3	5	0	0.02
72386023169	2019	2	5	2	0	0.01
72386023169	2019	2	11	1	0	0.02
72386023169	2019	2	14	13	0	0.03
72386023169	2019	2	14	14	0	0.11
72386023169	2019	2	14	15	0	0.12
72386023169	2019	2	14	16	0	0.17
72386023169	2019	2	14	17	0	0.14
72386023169	2019	2	14	18	0	0.11
72386023169	2019	2	14	19	0	0.07
72386023169	2019	2	14	20	0	0.06
72386023169	2019	2	14	21	0	0.09
72386023169	2019	2	14	22	0	0.1
72386023169	2019	2	14	23	0	0.09
72386023169	2019	2	15	0	0	0.02
72386023169	2019	2	16	5	0	0.01
72386023169	2019	2	16	21	0	0.03
72386023169	2019	2	18	4	0	0.02
72386023169	2019	2	18	5	0	0.03
72386023169	2019	2	18	6	0	0.07
72386023169	2019	2	18	7	0	0.01
72386023169	2019	2	18	8	0	0.05
72386023169	2019	2	21	2	0	0.01
72386023169	2019	2	21	3	0	0.05
72386023169	2019	2	21	4	0	0.02
72386023169	2019	2	21	5	0	0.1
72386023169	2019	2	21	6	0	0.02
72386023169	2019	2	21	7	0	0.03
72386023169	2019	2	21	8	0	0.04
72386023169	2019	2	21	9	0	0.01
72386023169	2019	2	21	10	0	0.01
72386023169	2019	2	21	12	0	0.01
72386023169	2019	2	21	14	0	0.03
72386023169	2019	2	21	15	0	0.03
72386023169	2019	2	21	17	0	0.01
72386023169	2019	2	21	18	0	0.01
72386023169	2019	2	21	22	0	0.02
72386023169	2019	2	21	23	0	0.04
72386023169	2019	3	2	14	0	0.02
72386023169	2019	3	2	15	0	0.01
72386023169	2019	3	2	17	0	0.01
72386023169	2019	3	6	8	0	0.03
72386023169	2019	3	6	9	0	0.01
72386023169	2019	3	6	10	0	0.05
72386023169	2019	3	6	12	0	0.04
72386023169	2019	3	6	13	0	0.01
72386023169	2019	3	6	14	0	0.01
72386023169	2019	3	6	16	0	0.05
72386023169	2019	3	6	17	0	0.03
72386023169	2019	3	6	18	0	0.01
72386023169	2019	3	6	20	0	0.01
72386023169	2019	3	8	21	0	0.01
72386023169	2019	3	12	5	0	0.01
72386023169	2019	3	12	7	0	0.01
72386023169	2019	3	12	8	0	0.01
72386023169	2019	3	20	22	0	0.01
72386023169	2019	3	20	23	0	0.01
72386023169	2019	3	21	4	0	0.01
72386023169	2019	4	16	21	0	0.01
72386023169	2019	4	16	22	0	0.04
72386023169	2019	4	16	23	0	0.05
72386023169	2019	4	29	20	0	0.13
72386023169	2019	4	29	21	0	0.1
72386023169	2019	4	29	22	0	0.02
72386023169	2019	5	10	4	0	0.04
72386023169	2019	5	10	5	0	0.09
72386023169	2019	5	10	6	0	0.21
72386023169	2019	5	10	7	0	0.11
72386023169	2019	5	10	8	0	0.11
72386023169	2019	5	10	9	0	0.12
72386023169	2019	5	10	10	0	0.03
72386023169	2019	5	22	18	0	0.04
72386023169	2019	5	22	19	0	0.05
72386023169	2019	7	12	23	0	0.02
72386023169	2019	7	13	0	0	0.01
72386023169	2019	7	31	22	0	0.01
72386023169	2019	9	23	22	0	0.07
72386023169	2019	9	23	23	0	0.17
72386023169	2019	11	20	6	0	0.02
72386023169	2019	11	20	7	0	0.01
72386023169	2019	11	20	8	0	0.01
72386023169	2019	11	20	9	0	0.02
72386023169	2019	11	20	10	0	0.03
72386023169	2019	11	20	13	0	0.19
72386023169	2019	11	20	14	0	0.05
72386023169	2019	11	20	15	0	0.05
72386023169	2019	11	20	16	0	0.06
72386023169	2019	11	20	17	0	0.07
72386023169	2019	11	20	18	0	0.02
72386023169	2019	11	21	3	0	0.03
72386023169	2019	11	21	5	0	0.12
72386023169	2019	11	21	6	0	0.02
72386023169	2019	11	28	21	0	0.07
72386023169	2019	11	28	22	0	0.08
72386023169	2019	11	28	23	0	0.11
72386023169	2019	11	29	0	0	0.04
72386023169	2019	11	29	2	0	0.02
72386023169	2019	12	4	15	0	0.003
72386023169	2019	12	4	16	0	0.01
72386023169	2019	12	4	19	0	0.09
72386023169	2019	12	4	20	0	0.05
72386023169	2019	12	4	21	0	0.15
72386023169	2019	12	4	22	0	0.04
72386023169	2019	12	15	13	0	0.06
72386023169	2019	12	15	14	0	0.01
72386023169	2019	12	23	21	0	0.01
72386023169	2019	12	23	22	0	0.06
72386023169	2019	12	23	23	0	0.05
72386023169	2019	12	24	0	0	0.02
72386023169	2019	12	24	1	0	0.01
72386023169	2019	12	24	2	0	0.01
72386023169	2019	12	26	16	0	0.01
72386023169	2019	12	26	17	0	0.01
72386023169	2019	12	26	23	0	0.02
72386023169	2019	12	27	0	0	0.03
72386023169	2019	12	27	1	0	0.09
72386023169	2019	12	27	2	0	0.04
72386023169	2019	12	27	3	0	0.02
72386023169	2019	12	27	4	0	0.04
72386023169	2019	12	27	5	0	0.04
72386023169	2019	12	27	6	0	0.02
72386023169	2019	12	27	7	0	0.01
72386023169	2019	12	27	9	0	0.02
72386023169	2019	12	27	10	0	0.01
