72381523161	2001	1	8	15	0	0.020
72381523161	2001	1	8	16	0	0.031
72381523161	2001	1	8	17	0	0.012
72381523161	2001	1	8	19	0	0.020
72381523161	2001	1	9	3	0	0.012
72381523161	2001	1	9	4	0	0.020
72381523161	2001	1	9	5	0	0.031
72381523161	2001	1	9	6	0	0.020
72381523161	2001	1	9	10	0	0.012
72381523161	2001	1	9	11	0	0.012
72381523161	2001	1	9	12	0	0.012
72381523161	2001	1	10	23	0	0.012
72381523161	2001	1	11	1	0	0.020
72381523161	2001	1	11	4	0	0.098
72381523161	2001	1	11	5	0	0.039
72381523161	2001	1	11	6	0	0.020
72381523161	2001	1	11	7	0	0.031
72381523161	2001	1	11	8	0	0.020
72381523161	2001	1	15	14	0	0.059
72381523161	2001	1	15	15	0	0.181
72381523161	2001	1	15	16	0	0.020
72381523161	2001	1	15	17	0	0.031
72381523161	2001	1	15	19	0	0.012
72381523161	2001	3	6	8	0	0.020
72381523161	2001	3	6	10	0	0.012
72381523161	2001	3	6	11	0	0.012
72381523161	2001	3	6	16	0	0.091
72381523161	2001	3	7	1	0	0.012
72381523161	2001	3	7	4	0	0.020
72381523161	2001	3	7	5	0	0.051
72381523161	2001	3	7	6	0	0.091
72381523161	2001	3	7	7	0	0.110
72381523161	2001	3	7	8	0	0.031
72381523161	2001	3	7	9	0	0.012
72381523161	2001	3	10	4	0	0.020
72381523161	2001	3	11	20	0	0.012
72381523161	2001	3	11	21	0	0.079
72381523161	2001	3	11	22	0	0.012
72381523161	2001	4	7	11	0	0.012
72381523161	2001	4	7	12	0	0.039
72381523161	2001	4	7	13	0	0.012
72381523161	2001	4	7	17	0	0.020
72381523161	2001	4	7	18	0	0.012
72381523161	2001	4	9	16	0	0.039
72381523161	2001	4	9	18	0	0.051
72381523161	2001	4	9	19	0	0.012
72381523161	2001	4	9	22	0	0.012
72381523161	2001	4	10	2	0	0.012
72381523161	2001	4	21	1	0	0.031
72381523161	2001	4	21	2	0	0.051
72381523161	2001	4	21	3	0	0.020
72381523161	2001	7	5	13	0	0.161
72381523161	2001	7	6	11	0	0.071
72381523161	2001	7	6	16	0	0.012
72381523161	2001	7	7	10	0	0.012
72381523161	2001	7	7	11	0	0.118
72381523161	2001	7	7	12	0	0.012
72381523161	2001	7	7	13	0	0.012
72381523161	2001	8	7	16	0	0.181
72381523161	2001	9	3	15	0	0.031
72381523161	2001	9	3	16	0	0.012
72381523161	2001	10	30	16	0	0.020
72381523161	2001	10	30	18	0	0.051
72381523161	2001	11	12	19	0	0.039
72381523161	2001	11	12	20	0	0.059
72381523161	2001	11	12	21	0	0.051
72381523161	2001	11	24	14	0	0.051
72381523161	2001	11	24	15	0	0.189
72381523161	2001	11	24	16	0	0.059
72381523161	2001	12	11	5	0	0.012
72381523161	2001	12	14	12	0	0.012
72381523161	2001	12	14	13	0	0.031
72381523161	2001	12	29	6	0	0.020
72381523161	2001	12	29	7	0	0.051
72381523161	2001	12	29	8	0	0.031
72381523161	2001	12	29	9	0	0.071
72381523161	2001	12	29	10	0	0.020
72381523161	2001	12	31	2	0	0.012
72381523161	2002	1	3	2	0	0.020
72381523161	2002	3	17	22	0	0.020
72381523161	2002	3	18	3	0	0.031
72381523161	2002	3	18	4	0	0.012
72381523161	2002	7	15	14	0	0.020
72381523161	2002	7	15	17	0	0.039
72381523161	2002	7	24	13	0	0.890
72381523161	2002	7	24	14	0	0.280
72381523161	2002	9	1	6	0	0.012
72381523161	2002	10	16	16	0	0.020
72381523161	2002	10	16	17	0	0.020
72381523161	2002	10	16	18	0	0.039
72381523161	2002	10	26	3	0	0.012
72381523161	2002	11	9	12	0	0.020
72381523161	2002	11	9	13	0	0.110
72381523161	2002	11	9	15	0	0.012
72381523161	2002	11	9	16	0	0.020
72381523161	2002	11	29	14	0	0.031
72381523161	2002	11	29	15	0	0.039
72381523161	2002	11	29	18	0	0.012
72381523161	2002	11	29	19	0	0.012
72381523161	2002	11	29	20	0	0.020
72381523161	2002	11	29	21	0	0.012
72381523161	2002	11	29	22	0	0.031
72381523161	2002	11	30	13	0	0.012
72381523161	2002	11	30	18	0	0.142
72381523161	2002	12	16	16	0	0.051
72381523161	2002	12	16	17	0	0.059
72381523161	2002	12	20	6	0	0.012
72381523161	2002	12	20	7	0	0.059
72381523161	2002	12	20	8	0	0.020
72381523161	2002	12	20	12	0	0.012
72381523161	2002	12	29	1	0	0.012
72381523161	2002	12	29	10	0	0.012
72381523161	2003	1	8	17	0	0.012
72381523161	2003	2	11	5	0	0.039
72381523161	2003	2	11	6	0	0.012
72381523161	2003	2	11	8	0	0.020
72381523161	2003	2	11	9	0	0.039
72381523161	2003	2	11	19	0	0.012
72381523161	2003	2	11	22	0	0.020
72381523161	2003	2	12	5	0	0.079
72381523161	2003	2	12	6	0	0.031
72381523161	2003	2	12	7	0	0.012
72381523161	2003	2	12	8	0	0.031
72381523161	2003	2	12	11	0	0.039
72381523161	2003	2	12	12	0	0.012
72381523161	2003	2	12	18	0	0.012
72381523161	2003	2	12	19	0	0.020
72381523161	2003	2	13	8	0	0.020
72381523161	2003	2	13	9	0	0.051
72381523161	2003	2	13	10	0	0.012
72381523161	2003	2	13	11	0	0.020
72381523161	2003	2	13	12	0	0.012
72381523161	2003	2	13	13	0	0.012
72381523161	2003	2	13	15	0	0.012
72381523161	2003	2	20	5	0	0.039
72381523161	2003	2	20	6	0	0.012
72381523161	2003	2	25	5	0	0.051
72381523161	2003	2	25	6	0	0.071
72381523161	2003	2	25	7	0	0.091
72381523161	2003	2	25	8	0	0.020
72381523161	2003	2	25	9	0	0.091
72381523161	2003	2	25	10	0	0.098
72381523161	2003	2	25	11	0	0.020
72381523161	2003	2	25	12	0	0.031
72381523161	2003	2	25	13	0	0.051
72381523161	2003	2	25	16	0	0.012
72381523161	2003	2	25	17	0	0.020
72381523161	2003	2	25	18	0	0.039
72381523161	2003	2	25	19	0	0.012
72381523161	2003	2	25	20	0	0.031
72381523161	2003	2	25	21	0	0.031
72381523161	2003	3	1	21	0	0.012
72381523161	2003	3	15	11	0	0.020
72381523161	2003	3	15	12	0	0.012
72381523161	2003	3	15	14	0	0.012
72381523161	2003	3	15	17	0	0.051
72381523161	2003	3	15	22	0	0.071
72381523161	2003	3	15	23	0	0.051
72381523161	2003	3	16	0	0	0.098
72381523161	2003	3	16	1	0	0.098
72381523161	2003	3	16	2	0	0.059
72381523161	2003	3	16	3	0	0.071
72381523161	2003	3	16	4	0	0.071
72381523161	2003	3	16	5	0	0.031
72381523161	2003	3	17	14	0	0.012
72381523161	2003	4	14	11	0	0.012
72381523161	2003	4	14	13	0	0.051
72381523161	2003	4	14	14	0	0.059
72381523161	2003	4	14	15	0	0.031
72381523161	2003	4	14	16	0	0.039
72381523161	2003	4	14	17	0	0.020
72381523161	2003	4	14	18	0	0.031
72381523161	2003	4	14	19	0	0.012
72381523161	2003	4	22	3	0	0.012
72381523161	2003	6	6	17	0	0.039
72381523161	2003	8	19	13	0	0.031
72381523161	2003	8	19	14	0	0.091
72381523161	2003	8	26	18	0	0.012
72381523161	2003	9	2	15	0	0.020
72381523161	2003	11	12	3	0	0.012
72381523161	2003	11	12	4	0	0.031
72381523161	2003	11	12	5	0	0.020
72381523161	2003	11	12	6	0	0.031
72381523161	2003	11	12	7	0	0.071
72381523161	2003	11	12	8	0	0.189
72381523161	2003	11	12	9	0	0.161
72381523161	2003	11	12	10	0	0.130
72381523161	2003	11	12	11	0	0.181
72381523161	2003	11	12	12	0	0.091
72381523161	2003	11	12	13	0	0.039
72381523161	2003	11	15	20	0	0.031
72381523161	2003	11	15	21	0	0.020
72381523161	2003	11	15	22	0	0.012
72381523161	2003	11	15	23	0	0.012
72381523161	2003	11	16	0	0	0.020
72381523161	2003	11	16	1	0	0.012
72381523161	2003	12	25	17	0	0.031
72381523161	2003	12	25	19	0	0.130
72381523161	2003	12	25	20	0	0.012
72381523161	2004	2	2	22	0	0.051
72381523161	2004	2	2	23	0	0.110
72381523161	2004	2	2	24	0	0.110
72381523161	2004	2	3	1	0	0.039
72381523161	2004	2	17	13	0	0.070
72381523161	2004	2	18	16	0	0.118
72381523161	2004	2	20	12	0	0.020
72381523161	2004	2	20	13	0	0.012
72381523161	2004	2	20	18	0	0.118
72381523161	2004	2	20	19	0	0.012
72381523161	2004	2	20	22	0	0.039
72381523161	2004	2	21	0	0	0.059
72381523161	2004	2	21	1	0	0.039
72381523161	2004	2	21	16	0	0.020
72381523161	2004	2	21	17	0	0.012
72381523161	2004	2	21	18	0	0.012
72381523161	2004	2	22	2	0	0.012
72381523161	2004	2	22	18	0	0.012
72381523161	2004	2	22	19	0	0.031
72381523161	2004	2	22	20	0	0.071
72381523161	2004	2	22	21	0	0.079
72381523161	2004	2	22	22	0	0.051
72381523161	2004	2	22	23	0	0.059
72381523161	2004	2	22	24	0	0.059
72381523161	2004	2	23	1	0	0.071
72381523161	2004	2	23	2	0	0.051
72381523161	2004	2	23	3	0	0.039
72381523161	2004	2	23	4	0	0.020
72381523161	2004	2	23	5	0	0.012
72381523161	2004	2	23	6	0	0.020
72381523161	2004	2	23	7	0	0.031
72381523161	2004	2	23	17	0	0.012
72381523161	2004	2	26	5	0	0.020
72381523161	2004	2	26	6	0	0.110
72381523161	2004	2	26	7	0	0.059
72381523161	2004	3	1	22	0	0.012
72381523161	2004	3	1	23	0	0.039
72381523161	2004	3	2	0	0	0.071
72381523161	2004	3	2	1	0	0.079
72381523161	2004	3	2	5	0	0.031
72381523161	2004	3	2	6	0	0.039
72381523161	2004	3	2	7	0	0.071
72381523161	2004	3	2	8	0	0.012
72381523161	2004	3	2	9	0	0.031
72381523161	2004	3	2	11	0	0.012
72381523161	2004	3	2	12	0	0.031
72381523161	2004	3	2	13	0	0.020
72381523161	2004	3	2	14	0	0.051
72381523161	2004	3	2	15	0	0.039
72381523161	2004	3	2	16	0	0.020
72381523161	2004	3	2	17	0	0.031
72381523161	2004	3	2	18	0	0.012
72381523161	2004	4	2	8	0	0.012
72381523161	2004	4	2	9	0	0.020
72381523161	2004	4	2	10	0	0.012
72381523161	2004	4	2	14	0	0.020
72381523161	2004	4	2	15	0	0.020
72381523161	2004	4	2	16	0	0.020
72381523161	2004	4	2	17	0	0.012
72381523161	2004	4	2	18	0	0.012
72381523161	2004	4	2	22	0	0.012
72381523161	2004	7	14	16	0	0.429
72381523161	2004	8	14	1	0	0.051
72381523161	2004	8	14	2	0	0.039
72381523161	2004	8	15	15	0	0.079
72381523161	2004	8	15	16	0	0.031
72381523161	2004	9	9	12	0	0.031
72381523161	2004	9	11	18	0	0.079
72381523161	2004	10	26	23	0	0.012
72381523161	2004	10	26	24	0	0.031
72381523161	2004	10	27	1	0	0.039
72381523161	2004	10	27	2	0	0.031
72381523161	2004	10	27	3	0	0.059
72381523161	2004	10	27	4	0	0.079
72381523161	2004	10	27	5	0	0.150
72381523161	2004	10	27	6	0	0.091
72381523161	2004	10	27	7	0	0.071
72381523161	2004	11	21	3	0	0.012
72381523161	2004	11	21	4	0	0.031
72381523161	2004	11	21	10	0	0.012
72381523161	2004	11	21	11	0	0.012
72381523161	2004	11	21	12	0	0.020
72381523161	2004	11	21	13	0	0.031
72381523161	2004	11	21	14	0	0.039
72381523161	2004	11	21	15	0	0.039
72381523161	2004	11	21	16	0	0.059
72381523161	2004	11	21	17	0	0.079
72381523161	2004	11	21	18	0	0.039
72381523161	2004	11	21	19	0	0.039
72381523161	2004	11	21	20	0	0.051
72381523161	2004	11	21	21	0	0.051
72381523161	2004	11	21	22	0	0.031
72381523161	2004	11	21	23	0	0.031
72381523161	2004	11	22	0	0	0.031
72381523161	2004	11	22	1	0	0.039
72381523161	2004	11	22	2	0	0.031
72381523161	2004	11	22	3	0	0.031
72381523161	2004	11	22	4	0	0.012
72381523161	2004	11	22	5	0	0.012
72381523161	2004	11	22	6	0	0.012
72381523161	2004	11	22	7	0	0.012
72381523161	2004	11	22	8	0	0.031
72381523161	2004	11	22	9	0	0.020
72381523161	2004	11	22	10	0	0.020
72381523161	2004	11	22	11	0	0.012
72381523161	2004	12	28	8	0	0.020
72381523161	2004	12	28	9	0	0.039
72381523161	2004	12	28	10	0	0.118
72381523161	2004	12	28	11	0	0.110
72381523161	2004	12	28	14	0	0.031
72381523161	2004	12	28	15	0	0.059
72381523161	2004	12	28	16	0	0.012
72381523161	2004	12	28	17	0	0.020
72381523161	2004	12	28	19	0	0.012
72381523161	2004	12	28	22	0	0.031
72381523161	2004	12	28	23	0	0.059
72381523161	2004	12	29	0	0	0.071
72381523161	2004	12	29	1	0	0.031
72381523161	2004	12	29	2	0	0.142
72381523161	2004	12	29	3	0	0.209
72381523161	2004	12	29	4	0	0.079
72381523161	2004	12	29	5	0	0.031
72381523161	2004	12	29	10	0	0.020
72381523161	2004	12	29	11	0	0.012
72381523161	2005	1	3	8	0	0.020
72381523161	2005	1	3	10	0	0.059
72381523161	2005	1	3	11	0	0.091
72381523161	2005	1	3	19	0	0.181
72381523161	2005	1	3	20	0	0.079
72381523161	2005	1	7	7	0	0.031
72381523161	2005	1	7	8	0	0.020
72381523161	2005	1	7	11	0	0.012
72381523161	2005	1	9	7	0	0.059
72381523161	2005	1	9	8	0	0.012
72381523161	2005	1	9	11	0	0.039
72381523161	2005	1	9	16	0	0.031
72381523161	2005	1	9	17	0	0.161
72381523161	2005	1	9	18	0	0.059
72381523161	2005	1	9	20	0	0.020
72381523161	2005	1	9	21	0	0.020
72381523161	2005	1	10	7	0	0.012
72381523161	2005	1	10	8	0	0.059
72381523161	2005	1	10	9	0	0.071
72381523161	2005	1	10	12	0	0.039
72381523161	2005	1	10	13	0	0.039
72381523161	2005	1	10	15	0	0.051
72381523161	2005	1	10	18	0	0.012
72381523161	2005	1	11	0	0	0.031
72381523161	2005	1	11	2	0	0.012
72381523161	2005	1	11	5	0	0.012
72381523161	2005	1	11	7	0	0.012
72381523161	2005	1	28	11	0	0.031
72381523161	2005	1	28	12	0	0.098
72381523161	2005	1	28	13	0	0.020
72381523161	2005	1	28	14	0	0.031
72381523161	2005	1	28	15	0	0.020
72381523161	2005	1	28	17	0	0.020
72381523161	2005	1	28	18	0	0.039
72381523161	2005	1	28	20	0	0.020
72381523161	2005	2	11	0	0	0.020
72381523161	2005	2	11	1	0	0.020
72381523161	2005	2	11	2	0	0.012
72381523161	2005	2	11	3	0	0.020
72381523161	2005	2	11	4	0	0.031
72381523161	2005	2	11	5	0	0.020
72381523161	2005	2	11	6	0	0.039
72381523161	2005	2	11	9	0	0.012
72381523161	2005	2	11	10	0	0.098
72381523161	2005	2	11	11	0	0.020
72381523161	2005	2	11	12	0	0.031
72381523161	2005	2	11	15	0	0.012
72381523161	2005	2	11	17	0	0.012
72381523161	2005	2	11	18	0	0.012
72381523161	2005	2	11	19	0	0.012
72381523161	2005	2	11	20	0	0.012
72381523161	2005	2	11	21	0	0.012
72381523161	2005	2	11	23	0	0.012
72381523161	2005	2	12	22	0	0.012
72381523161	2005	2	17	19	0	0.012
72381523161	2005	2	18	6	0	0.118
72381523161	2005	2	18	7	0	0.051
72381523161	2005	2	18	8	0	0.020
72381523161	2005	2	18	9	0	0.012
72381523161	2005	2	18	15	0	0.020
72381523161	2005	2	18	22	0	0.012
72381523161	2005	2	19	8	0	0.020
72381523161	2005	2	19	10	0	0.031
72381523161	2005	2	19	11	0	0.020
72381523161	2005	2	19	12	0	0.039
72381523161	2005	2	19	13	0	0.110
72381523161	2005	2	19	14	0	0.059
72381523161	2005	2	20	20	0	0.012
72381523161	2005	2	21	11	0	0.012
72381523161	2005	2	21	12	0	0.012
72381523161	2005	2	22	6	0	0.012
72381523161	2005	2	22	13	0	0.012
72381523161	2005	2	22	18	0	0.012
72381523161	2005	2	22	19	0	0.161
72381523161	2005	2	22	20	0	0.169
72381523161	2005	2	22	21	0	0.142
72381523161	2005	2	22	22	0	0.071
72381523161	2005	2	22	23	0	0.031
72381523161	2005	2	23	0	0	0.039
72381523161	2005	2	23	1	0	0.031
72381523161	2005	2	23	3	0	0.039
72381523161	2005	2	23	4	0	0.020
72381523161	2005	2	23	5	0	0.031
72381523161	2005	2	23	6	0	0.012
72381523161	2005	2	23	7	0	0.012
72381523161	2005	2	23	8	0	0.031
72381523161	2005	2	23	9	0	0.071
72381523161	2005	2	23	10	0	0.051
72381523161	2005	2	23	11	0	0.012
72381523161	2005	2	24	17	0	0.020
72381523161	2005	3	4	17	0	0.012
72381523161	2005	3	4	18	0	0.181
72381523161	2005	3	4	19	0	0.079
72381523161	2005	3	4	20	0	0.031
72381523161	2005	3	4	21	0	0.091
72381523161	2005	3	4	22	0	0.051
72381523161	2005	3	4	23	0	0.098
72381523161	2005	3	5	0	0	0.020
72381523161	2005	3	5	1	0	0.039
72381523161	2005	3	5	2	0	0.039
72381523161	2005	3	5	3	0	0.031
72381523161	2005	3	5	4	0	0.012
72381523161	2005	3	5	5	0	0.020
72381523161	2005	3	5	6	0	0.012
72381523161	2005	3	5	8	0	0.012
72381523161	2005	3	5	22	0	0.012
72381523161	2005	3	18	17	0	0.012
72381523161	2005	3	18	18	0	0.031
72381523161	2005	3	18	19	0	0.031
72381523161	2005	3	18	22	0	0.020
72381523161	2005	3	18	23	0	0.012
72381523161	2005	3	19	1	0	0.012
72381523161	2005	3	22	21	0	0.020
72381523161	2005	3	22	22	0	0.039
72381523161	2005	4	22	17	0	0.012
72381523161	2005	4	28	6	0	0.051
72381523161	2005	4	28	7	0	0.071
72381523161	2005	8	14	17	0	0.039
72381523161	2005	8	14	18	0	0.039
72381523161	2005	8	14	23	0	0.020
72381523161	2005	8	15	0	0	0.181
72381523161	2005	8	15	2	0	0.051
72381523161	2005	9	20	3	0	0.031
72381523161	2005	9	20	5	0	0.012
72381523161	2005	9	20	7	0	0.039
72381523161	2005	9	20	8	0	0.051
72381523161	2005	9	20	11	0	0.012
72381523161	2005	9	20	14	0	0.012
72381523161	2005	9	20	15	0	0.031
72381523161	2005	9	20	16	0	0.020
72381523161	2005	9	20	17	0	0.031
72381523161	2005	10	17	0	0	0.020
72381523161	2005	10	17	3	0	0.012
72381523161	2005	10	17	6	0	0.012
72381523161	2005	10	17	9	0	0.012
72381523161	2005	10	17	12	0	0.106
72381523161	2005	10	17	16	0	0.106
72381523161	2005	10	17	17	0	0.423
72381523161	2005	10	18	0	0	0.211
72381523161	2005	10	18	1	0	0.211
72381523161	2005	10	18	2	0	1.162
72381523161	2005	10	18	3	0	0.211
72381523161	2005	10	18	6	0	0.106
72381523161	2006	1	2	1	0	0.01
72381523161	2006	1	2	2	0	0.02
72381523161	2006	1	2	21	0	0.02
72381523161	2006	3	11	0	0	0.03
72381523161	2006	3	11	9	0	0.01
72381523161	2006	3	11	18	0	0.01
72381523161	2006	3	11	20	0	0.02
72381523161	2006	3	12	0	0	0.06
72381523161	2006	3	18	3	0	0.02
72381523161	2006	3	21	11	0	0.03
72381523161	2006	3	21	12	0	0.01
72381523161	2006	3	21	17	0	0.007
72381523161	2006	3	29	3	0	0.002
72381523161	2006	3	29	4	0	0.007
72381523161	2006	3	29	5	0	0.021
72381523161	2006	3	29	6	0	0.008
72381523161	2006	4	5	4	0	0.04
72381523161	2006	4	5	5	0	0.03
72381523161	2006	4	5	6	0	0.08
72381523161	2006	4	5	7	0	0.01
72381523161	2006	4	5	9	0	0.01
72381523161	2006	4	5	10	0	0.05
72381523161	2006	4	5	17	0	0.01
72381523161	2006	4	5	19	0	0.03
72381523161	2006	4	5	22	0	0.01
72381523161	2006	7	22	23	0	0.05
72381523161	2006	9	3	22	0	0.006
72381523161	2006	10	6	13	0	0.014
72381523161	2006	10	14	11	0	0.01
72381523161	2006	10	14	17	0	0.01
72381523161	2006	10	14	18	0	0.02
72381523161	2006	10	14	19	0	0.02
72381523161	2006	10	14	20	0	0.03
72381523161	2006	10	14	21	0	0.01
72381523161	2006	12	27	12	0	0.01
72381523161	2006	12	27	13	0	0.01
72381523161	2006	12	27	14	0	0.01
72381523161	2006	12	27	15	0	0.02
72381523161	2007	1	5	4	0	0.01
72381523161	2007	1	31	9	0	0.02
72381523161	2007	1	31	10	0	0.04
72381523161	2007	2	19	19	0	0.03
72381523161	2007	2	19	20	0	0.01
72381523161	2007	2	23	5	0	0.01
72381523161	2007	3	27	11	0	0.01
72381523161	2007	4	10	19	0	0.017
72381523161	2007	4	16	8	0	0.01
72381523161	2007	4	16	9	0	0.04
72381523161	2007	4	16	11	0	0.01
72381523161	2007	4	16	12	0	0.01
72381523161	2007	4	20	20	0	0.016
72381523161	2007	4	20	22	0	0.02
72381523161	2007	4	20	23	0	0.02
72381523161	2007	4	21	0	0	0.09
72381523161	2007	4	21	1	0	0.02
72381523161	2007	4	21	4	0	0.01
72381523161	2007	7	26	1	0	0.04
72381523161	2007	7	26	2	0	0.01
72381523161	2007	8	17	21	0	0.05
72381523161	2007	8	26	0	0	0.01
72381523161	2007	8	30	8	0	0.001
72381523161	2007	8	30	17	0	0.002
72381523161	2007	9	3	21	0	0.01
72381523161	2007	11	30	15	0	0.08
72381523161	2007	11	30	16	0	0.03
72381523161	2007	11	30	17	0	0.16
72381523161	2007	11	30	18	0	0.27
72381523161	2007	11	30	19	0	0.07
72381523161	2007	11	30	20	0	0.1
72381523161	2007	11	30	21	0	0.16
72381523161	2007	11	30	22	0	0.13
72381523161	2007	11	30	23	0	0.16
72381523161	2007	12	1	0	0	0.2
72381523161	2007	12	1	1	0	0.01
72381523161	2007	12	1	2	0	0.08
72381523161	2007	12	1	3	0	0.03
72381523161	2007	12	1	4	0	0.07
72381523161	2007	12	1	5	0	0.02
72381523161	2007	12	19	10	0	0.02
72381523161	2007	12	19	11	0	0.03
72381523161	2008	1	5	11	0	0.004
72381523161	2008	1	5	12	0	0.11
72381523161	2008	1	5	13	0	0.07
72381523161	2008	1	5	14	0	0.01
72381523161	2008	1	5	22	0	0.01
72381523161	2008	1	7	5	0	0.01
72381523161	2008	1	7	6	0	0.03
72381523161	2008	1	7	7	0	0.11
72381523161	2008	1	7	8	0	0.08
72381523161	2008	1	7	9	0	0.06
72381523161	2008	1	7	10	0	0.06
72381523161	2008	1	7	11	0	0.06
72381523161	2008	1	24	8	0	0.007
72381523161	2008	1	27	8	0	0.01
72381523161	2008	1	27	9	0	0.01
72381523161	2008	1	27	11	0	0.06
72381523161	2008	1	27	12	0	0.03
72381523161	2008	2	4	0	0	0.01
72381523161	2008	2	20	14	0	0.01
72381523161	2008	2	20	21	0	0.01
72381523161	2008	5	23	17	0	0.003
72381523161	2008	5	23	18	0	0.05
72381523161	2008	5	23	20	0	0.01
72381523161	2008	5	23	21	0	0.1
72381523161	2008	5	23	22	0	0.06
72381523161	2008	5	24	22	0	0.06
72381523161	2008	7	11	3	0	0.01
72381523161	2008	7	11	4	0	0.02
72381523161	2008	7	11	5	0	0.02
72381523161	2008	7	11	6	0	0.02
72381523161	2008	7	20	15	0	0.02
72381523161	2008	7	20	16	0	0.05
72381523161	2008	7	26	22	0	0.01
72381523161	2008	11	2	0	0	0.01
72381523161	2008	11	2	1	0	0.01
72381523161	2008	11	2	3	0	0.02
72381523161	2008	11	9	12	0	0.03
72381523161	2008	11	26	10	0	0.02
72381523161	2008	11	26	11	0	0.055
72381523161	2008	11	26	12	0	0.13
72381523161	2008	11	26	13	0	0.02
72381523161	2008	11	26	14	0	0.01
72381523161	2008	11	27	2	0	0.03
72381523161	2008	11	27	7	0	0.5
72381523161	2008	11	27	8	0	0.17
72381523161	2008	12	15	15	0	0.03
72381523161	2008	12	15	16	0	0.08
72381523161	2008	12	15	17	0	0.13
72381523161	2008	12	15	18	0	0.14
72381523161	2008	12	15	19	0	0.14
72381523161	2008	12	15	20	0	0.11
72381523161	2008	12	15	22	0	0.01
72381523161	2008	12	17	12	0	0.012
72381523161	2008	12	17	13	0	0.02
72381523161	2008	12	17	14	0	0.04
72381523161	2008	12	17	15	0	0.04
72381523161	2008	12	17	16	0	0.03
72381523161	2008	12	17	17	0	0.04
72381523161	2008	12	17	18	0	0.1
72381523161	2008	12	17	19	0	0.13
72381523161	2008	12	17	20	0	0.16
72381523161	2008	12	17	21	0	0.14
72381523161	2008	12	17	22	0	0.11
72381523161	2008	12	17	23	0	0.11
72381523161	2008	12	18	0	0	0.1
72381523161	2008	12	18	1	0	0.05
72381523161	2008	12	18	2	0	0.04
72381523161	2008	12	18	3	0	0.04
72381523161	2008	12	18	4	0	0.009
72381523161	2008	12	18	5	0	0.009
72381523161	2008	12	18	6	0	0.001
72381523161	2008	12	18	10	0	0.018
72381523161	2008	12	18	11	0	0.001
72381523161	2009	1	21	8	0	0.02
72381523161	2009	1	21	9	0	0.01
72381523161	2009	2	7	11	0	0.035
72381523161	2009	2	7	12	0	0.04
72381523161	2009	2	7	13	0	0.05
72381523161	2009	2	7	14	0	0.02
72381523161	2009	2	7	15	0	0.02
72381523161	2009	2	7	16	0	0.05
72381523161	2009	2	7	23	0	0.013
72381523161	2009	2	8	0	0	0.03
72381523161	2009	2	8	17	0	0.01
72381523161	2009	2	9	13	0	0.05
72381523161	2009	2	9	18	0	0.01
72381523161	2009	2	9	19	0	0.02
72381523161	2009	2	9	20	0	0.06
72381523161	2009	2	9	21	0	0.01
72381523161	2009	2	9	22	0	0.01
72381523161	2009	2	13	23	0	0.04
72381523161	2009	2	14	0	0	0.06
72381523161	2009	2	14	1	0	0.02
72381523161	2009	2	16	19	0	0.03
72381523161	2009	2	16	21	0	0.01
72381523161	2009	2	16	22	0	0.01
72381523161	2009	2	16	23	0	0.02
72381523161	2009	2	17	0	0	0.01
72381523161	2009	2	23	14	0	0.02
72381523161	2009	2	23	20	0	0.01
72381523161	2009	3	22	11	0	0.004
72381523161	2009	3	22	12	0	0.004
72381523161	2009	3	22	17	0	0.003
72381523161	2009	3	22	18	0	0.01
72381523161	2009	3	22	19	0	0.003
72381523161	2009	5	29	23	0	0.01
72381523161	2009	6	3	13	0	0.004
72381523161	2009	6	3	14	0	0.004
72381523161	2009	6	3	15	0	0.007
72381523161	2009	6	3	16	0	0.005
72381523161	2009	6	3	17	0	0.001
72381523161	2009	6	3	18	0	0.002
72381523161	2009	6	3	19	0	0.011
72381523161	2009	6	3	20	0	0.019
72381523161	2009	6	3	21	0	0.032
72381523161	2009	7	19	22	0	0.05
72381523161	2009	11	28	19	0	0.01
72381523161	2009	11	28	21	0	0.12
72381523161	2009	11	28	22	0	0.07
72381523161	2009	11	29	7	0	0.01
72381523161	2009	11	29	9	0	0.05
72381523161	2009	12	7	21	0	0.02
72381523161	2009	12	7	23	0	0.05
72381523161	2009	12	8	0	0	0.02
72381523161	2009	12	8	1	0	0.1
72381523161	2009	12	8	2	0	0.01
72381523161	2009	12	11	9	0	0.07
72381523161	2009	12	11	11	0	0.02
72381523161	2009	12	11	23	0	0.01
72381523161	2009	12	13	12	0	0.02
72381523161	2009	12	13	13	0	0.01
72381523161	2009	12	22	13	0	0.01
72381523161	2009	12	23	3	0	0.04
72381523161	2010	1	13	19	0	0.01
72381523161	2010	1	18	3	0	0.01
72381523161	2010	1	18	5	0	0.01
72381523161	2010	1	18	11	0	0.01
72381523161	2010	1	18	12	0	0.03
72381523161	2010	1	18	13	0	0.01
72381523161	2010	1	18	22	0	0.05
72381523161	2010	1	18	23	0	0.09
72381523161	2010	1	19	0	0	0.04
72381523161	2010	1	19	22	0	0.28
72381523161	2010	1	19	23	0	0.09
72381523161	2010	1	20	1	0	0.01
72381523161	2010	1	21	1	0	0.03
72381523161	2010	1	21	2	0	0.11
72381523161	2010	1	21	3	0	0.09
72381523161	2010	1	21	15	0	0.12
72381523161	2010	1	21	16	0	0.02
72381523161	2010	1	21	17	0	0.03
72381523161	2010	1	21	19	0	0.01
72381523161	2010	1	21	20	0	0.1
72381523161	2010	1	21	21	0	0.09
72381523161	2010	1	21	22	0	0.04
72381523161	2010	1	21	23	0	0.02
72381523161	2010	1	22	1	0	0.02
72381523161	2010	1	22	4	0	0.01
72381523161	2010	1	22	5	0	0.07
72381523161	2010	1	22	6	0	0.02
72381523161	2010	1	22	7	0	0.01
72381523161	2010	1	22	8	0	0.01
72381523161	2010	1	27	1	0	0.02
72381523161	2010	1	27	2	0	0.05
72381523161	2010	1	27	4	0	0.01
72381523161	2010	1	27	9	0	0.002
72381523161	2010	2	6	13	0	0.05
72381523161	2010	2	6	14	0	0.11
72381523161	2010	2	6	15	0	0.2
72381523161	2010	2	6	16	0	0.28
72381523161	2010	2	6	17	0	0.17
72381523161	2010	2	6	18	0	0.14
72381523161	2010	2	6	19	0	0.04
72381523161	2010	2	7	1	0	0.01
72381523161	2010	2	7	2	0	0.05
72381523161	2010	2	7	3	0	0.01
72381523161	2010	2	9	23	0	0.13
72381523161	2010	2	10	1	0	0.01
72381523161	2010	2	10	4	0	0.07
72381523161	2010	2	10	5	0	0.08
72381523161	2010	2	10	8	0	0.01
72381523161	2010	2	10	13	0	0.01
72381523161	2010	2	10	14	0	0.01
72381523161	2010	2	20	9	0	0.01
72381523161	2010	2	20	10	0	0.01
72381523161	2010	2	20	12	0	0.02
72381523161	2010	2	22	15	0	0.01
72381523161	2010	2	27	15	0	0.01
72381523161	2010	2	27	16	0	0.01
72381523161	2010	2	27	17	0	0.05
72381523161	2010	2	27	18	0	0.03
72381523161	2010	2	27	21	0	0.04
72381523161	2010	2	28	1	0	0.01
72381523161	2010	3	7	6	0	0.01
72381523161	2010	3	7	7	0	0.05
72381523161	2010	3	7	8	0	0.11
72381523161	2010	3	7	9	0	0.06
72381523161	2010	4	5	19	0	0.02
72381523161	2010	4	5	20	0	0.01
72381523161	2010	4	12	8	0	0.001
72381523161	2010	4	12	9	0	0.001
72381523161	2010	4	12	10	0	0.01
72381523161	2010	4	12	11	0	0.028
72381523161	2010	4	12	12	0	0.028
72381523161	2010	4	12	13	0	0.001
72381523161	2010	4	12	14	0	0.001
72381523161	2010	4	12	15	0	0.001
72381523161	2010	4	12	19	0	0.001
72381523161	2010	4	12	20	0	0.001
72381523161	2010	4	12	21	0	0.001
72381523161	2010	5	23	18	0	0.001
72381523161	2010	5	24	16	0	0.003
72381523161	2010	5	24	20	0	0.007
72381523161	2010	7	16	4	0	0.02
72381523161	2010	8	17	22	0	0.001
72381523161	2010	8	17	23	0	0.098
72381523161	2010	8	18	0	0	0.024
72381523161	2010	8	18	2	0	0.34
72381523161	2010	8	18	3	0	0.15
72381523161	2010	8	18	4	0	0.032
72381523161	2010	10	2	0	0	0.01
72381523161	2010	10	17	21	0	0.03
72381523161	2010	10	19	2	0	0.04
72381523161	2010	10	19	3	0	0.02
72381523161	2010	10	19	16	0	0.02
72381523161	2010	10	19	17	0	0.02
72381523161	2010	10	19	23	0	0.01
72381523161	2010	10	20	1	0	0.23
72381523161	2010	10	20	2	0	0.01
72381523161	2010	10	20	4	0	0.02
72381523161	2010	10	20	6	0	0.3
72381523161	2010	10	20	7	0	0.05
72381523161	2010	10	20	8	0	0.07
72381523161	2010	10	20	9	0	0.05
72381523161	2010	10	20	10	0	0.02
72381523161	2010	10	20	15	0	0.05
72381523161	2010	10	20	16	0	0.09
72381523161	2010	10	20	17	0	0.02
72381523161	2010	10	21	9	0	0.01
72381523161	2010	10	21	19	0	0.01
72381523161	2010	10	21	23	0	0.01
72381523161	2010	10	22	0	0	0.01
72381523161	2010	11	21	15	0	0.01
72381523161	2010	11	21	16	0	0.01
72381523161	2010	11	28	5	0	0.01
72381523161	2010	11	28	6	0	0.04
72381523161	2010	12	6	7	0	0.02
72381523161	2010	12	6	8	0	0.09
72381523161	2010	12	6	9	0	0.01
72381523161	2010	12	18	7	0	0.02
72381523161	2010	12	18	8	0	0.02
72381523161	2010	12	18	12	0	0.02
72381523161	2010	12	18	22	0	0.01
72381523161	2010	12	19	15	0	0.001
72381523161	2010	12	19	20	0	0.002
72381523161	2010	12	19	21	0	0.002
72381523161	2010	12	19	22	0	0.002
72381523161	2010	12	19	23	0	0.012
72381523161	2010	12	20	0	0	0.016
72381523161	2010	12	20	1	0	0.06
72381523161	2010	12	20	2	0	0.07
72381523161	2010	12	20	3	0	0.07
72381523161	2010	12	20	4	0	0.05
72381523161	2010	12	20	5	0	0.03
72381523161	2010	12	20	6	0	0.04
72381523161	2010	12	20	7	0	0.074
72381523161	2010	12	20	8	0	0.073
72381523161	2010	12	20	9	0	0.025
72381523161	2010	12	20	10	0	0.007
72381523161	2010	12	20	12	0	0.01
72381523161	2010	12	20	13	0	0.007
72381523161	2010	12	20	14	0	0.006
72381523161	2010	12	20	15	0	0.01
72381523161	2010	12	20	19	0	0.01
72381523161	2010	12	20	20	0	0.08
72381523161	2010	12	20	21	0	0.04
72381523161	2010	12	20	22	0	0.05
72381523161	2010	12	20	23	0	0.08
72381523161	2010	12	21	0	0	0.123
72381523161	2010	12	21	1	0	0.01
72381523161	2010	12	21	2	0	0.01
72381523161	2010	12	21	3	0	0.09
72381523161	2010	12	21	4	0	0.09
72381523161	2010	12	21	5	0	0.06
72381523161	2010	12	21	6	0	0.04
72381523161	2010	12	21	7	0	0.04
72381523161	2010	12	21	8	0	0.03
72381523161	2010	12	21	9	0	0.02
72381523161	2010	12	21	10	0	0.02
72381523161	2010	12	21	11	0	0.01
72381523161	2010	12	21	12	0	0.04
72381523161	2010	12	21	13	0	0.036
72381523161	2010	12	21	14	0	0.06
72381523161	2010	12	21	15	0	0.078
72381523161	2010	12	21	16	0	0.051
72381523161	2010	12	21	17	0	0.048
72381523161	2010	12	21	18	0	0.02
72381523161	2010	12	21	19	0	0.03
72381523161	2010	12	21	20	0	0.02
72381523161	2010	12	21	21	0	0.009
72381523161	2010	12	21	22	0	0.004
72381523161	2010	12	21	23	0	0.006
72381523161	2010	12	22	0	0	0.005
72381523161	2010	12	22	1	0	0.025
72381523161	2010	12	22	2	0	0.015
72381523161	2010	12	22	3	0	0.017
72381523161	2010	12	22	4	0	0.01
72381523161	2010	12	22	5	0	0.017
72381523161	2010	12	22	6	0	0.019
72381523161	2010	12	22	7	0	0.005
72381523161	2010	12	22	8	0	0.06
72381523161	2010	12	22	9	0	0.13
72381523161	2010	12	22	10	0	0.07
72381523161	2010	12	22	11	0	0.04
72381523161	2010	12	22	12	0	0.13
72381523161	2010	12	22	13	0	0.099
72381523161	2010	12	22	14	0	0.18
72381523161	2010	12	22	15	0	0.07
72381523161	2010	12	22	16	0	0.04
72381523161	2010	12	22	17	0	0.01
72381523161	2010	12	22	18	0	0.001
72381523161	2010	12	22	19	0	0.08
72381523161	2010	12	22	20	0	0.028
72381523161	2010	12	23	0	0	0.001
72381523161	2010	12	23	1	0	0.04
72381523161	2010	12	23	2	0	0.04
72381523161	2010	12	23	3	0	0.003
72381523161	2010	12	26	7	0	0.008
72381523161	2010	12	26	8	0	0.047
72381523161	2010	12	26	9	0	0.004
72381523161	2010	12	26	14	0	0.001
72381523161	2010	12	29	13	0	0.01
72381523161	2010	12	29	15	0	0.01
72381523161	2011	1	31	1	0	0.01
72381523161	2011	2	19	3	0	0.01
72381523161	2011	2	19	4	0	0.01
72381523161	2011	2	19	7	0	0.01
72381523161	2011	2	19	8	0	0.03
72381523161	2011	2	19	10	0	0.03
72381523161	2011	2	20	7	0	0.01
72381523161	2011	2	20	8	0	0.02
72381523161	2011	2	20	9	0	0.03
72381523161	2011	2	26	11	0	0.006
72381523161	2011	2	26	12	0	0.07
72381523161	2011	2	26	13	0	0.02
72381523161	2011	2	26	14	0	0.01
72381523161	2011	2	26	22	0	0.01
72381523161	2011	2	26	23	0	0.01
72381523161	2011	3	21	7	0	0.04
72381523161	2011	3	21	8	0	0.01
72381523161	2011	3	24	3	0	0.01
72381523161	2011	5	10	4	0	0.01
72381523161	2011	5	10	6	0	0.01
72381523161	2011	7	30	3	0	0.06
72381523161	2011	7	30	9	0	0.01
72381523161	2011	7	30	10	0	0.01
72381523161	2011	7	31	19	0	0.01
72381523161	2011	7	31	20	0	0.01
72381523161	2011	8	2	1	0	0.29
72381523161	2011	8	13	21	0	0.008
72381523161	2011	8	13	22	0	0.22
72381523161	2011	8	13	23	0	0.01
72381523161	2011	8	14	0	0	0.001
72381523161	2011	9	10	10	0	0.13
72381523161	2011	9	10	11	0	0.02
72381523161	2011	9	10	12	0	0.04
72381523161	2011	9	10	13	0	0.01
72381523161	2011	9	10	17	0	0.03
72381523161	2011	9	11	2	0	0.03
72381523161	2011	9	11	3	0	0.06
72381523161	2011	9	11	7	0	0.01
72381523161	2011	10	5	22	0	0.01
72381523161	2011	10	5	23	0	0.01
72381523161	2011	10	6	0	0	0.02
72381523161	2011	10	6	1	0	0.02
72381523161	2011	11	4	16	0	0.03
72381523161	2011	11	4	17	0	0.02
72381523161	2011	11	4	18	0	0.01
72381523161	2011	11	4	21	0	0.07
72381523161	2011	11	4	22	0	0.05
72381523161	2011	11	4	23	0	0.01
72381523161	2011	11	6	17	0	0.02
72381523161	2011	11	21	2	0	0.017
72381523161	2011	11	21	3	0	0.02
72381523161	2011	11	21	4	0	0.02
72381523161	2011	11	21	5	0	0.02
72381523161	2011	12	12	22	0	0.01
72381523161	2011	12	12	23	0	0.03
72381523161	2011	12	13	0	0	0.03
72381523161	2011	12	13	12	0	0.02
72381523161	2011	12	13	16	0	0.01
72381523161	2011	12	18	16	0	0.03
72381523161	2011	12	18	17	0	0.02
72381523161	2012	1	23	15	0	0.02
72381523161	2012	1	23	16	0	0.01
72381523161	2012	1	23	21	0	0.02
72381523161	2012	2	15	21	0	0.02
72381523161	2012	2	16	0	0	0.01
72381523161	2012	3	26	3	0	0.01
72381523161	2012	4	1	7	0	0.02
72381523161	2012	4	13	22	0	0.02
72381523161	2012	4	13	23	0	0.11
72381523161	2012	4	14	0	0	0.02
72381523161	2012	4	14	2	0	0.02
72381523161	2012	4	26	10	0	0.01
72381523161	2012	7	13	11	0	0.03
72381523161	2012	7	13	13	0	0.01
72381523161	2012	7	14	21	0	0.03
72381523161	2012	7	15	21	0	0.16
72381523161	2012	8	1	6	0	0.01
72381523161	2012	8	1	7	0	0.01
72381523161	2012	8	1	8	0	0.07
72381523161	2012	8	5	0	0	0.02
72381523161	2012	8	11	21	0	0.05
72381523161	2012	8	11	22	0	0.04
72381523161	2012	8	14	22	0	0.03
72381523161	2012	8	21	23	0	0.02
72381523161	2012	11	16	13	0	0.03
72381523161	2012	12	13	14	0	0.002
72381523161	2012	12	13	15	0	0.03
72381523161	2012	12	13	16	0	0.05
72381523161	2012	12	13	17	0	0.06
72381523161	2012	12	13	18	0	0.01
72381523161	2012	12	13	19	0	0.01
72381523161	2012	12	13	23	0	0.03
72381523161	2012	12	14	1	0	0.01
72381523161	2012	12	14	2	0	0.01
72381523161	2012	12	18	16	0	0.01
72381523161	2012	12	18	17	0	0.03
72381523161	2012	12	18	18	0	0.03
72381523161	2012	12	18	19	0	0.02
72381523161	2012	12	18	20	0	0.03
72381523161	2012	12	18	21	0	0.01
72381523161	2012	12	18	23	0	0.01
72381523161	2012	12	26	16	0	0.06
72381523161	2013	1	24	15	0	0.01
72381523161	2013	1	24	19	0	0.02
72381523161	2013	1	24	20	0	0.01
72381523161	2013	1	26	0	0	0.02
72381523161	2013	1	26	1	0	0.01
72381523161	2013	1	26	2	0	0.03
72381523161	2013	1	26	3	0	0.06
72381523161	2013	1	26	4	0	0.04
72381523161	2013	1	26	5	0	0.01
72381523161	2013	1	26	7	0	0.01
72381523161	2013	1	26	8	0	0.02
72381523161	2013	1	26	10	0	0.02
72381523161	2013	1	26	11	0	0.02
72381523161	2013	2	20	7	0	0.01
72381523161	2013	2	20	15	0	0.01
72381523161	2013	3	8	14	0	0.008
72381523161	2013	3	8	15	0	0.21
72381523161	2013	3	8	16	0	0.02
72381523161	2013	3	8	22	0	0.01
72381523161	2013	3	9	0	0	0.02
72381523161	2013	3	9	1	0	0.01
72381523161	2013	5	10	1	0	0.01
72381523161	2013	7	22	22	0	0.22
72381523161	2013	7	23	2	0	0.03
72381523161	2013	7	23	3	0	0.02
72381523161	2013	8	28	21	0	0.14
72381523161	2013	8	28	22	0	0.02
72381523161	2013	8	29	19	0	0.001
72381523161	2013	8	29	20	0	0.012
72381523161	2013	8	29	21	0	0.19
72381523161	2013	8	29	22	0	0.028
72381523161	2013	8	30	21	0	0.01
72381523161	2013	8	30	22	0	0.01
72381523161	2013	9	3	23	0	0.32
72381523161	2013	9	4	0	0	0.19
72381523161	2013	9	4	21	0	0.08
72381523161	2013	10	10	2	0	0.01
72381523161	2013	11	21	18	0	0.02
72381523161	2013	11	21	19	0	0.01
72381523161	2013	11	21	20	0	0.14
72381523161	2013	11	21	21	0	0.01
72381523161	2013	11	21	23	0	0.1
72381523161	2013	11	22	0	0	0.15
72381523161	2013	11	22	1	0	0.18
72381523161	2013	11	22	2	0	0.05
72381523161	2013	11	22	3	0	0.01
72381523161	2013	11	22	4	0	0.01
72381523161	2013	11	22	5	0	0.07
72381523161	2013	11	22	9	0	0.01
72381523161	2013	11	22	10	0	0.07
72381523161	2013	11	22	11	0	0.07
72381523161	2013	11	22	12	0	0.09
72381523161	2013	11	22	13	0	0.04
72381523161	2013	11	22	14	0	0.06
72381523161	2013	11	22	15	0	0.03
72381523161	2013	11	22	16	0	0.07
72381523161	2013	11	22	17	0	0.08
72381523161	2013	11	22	18	0	0.03
72381523161	2013	11	22	20	0	0.01
72381523161	2013	11	22	21	0	0.02
72381523161	2013	11	22	22	0	0.03
72381523161	2013	11	22	23	0	0.03
72381523161	2013	11	23	0	0	0.03
72381523161	2013	11	23	1	0	0.04
72381523161	2013	11	23	2	0	0.01
72381523161	2013	11	23	3	0	0.01
72381523161	2013	11	23	4	0	0.06
72381523161	2013	11	23	5	0	0.04
72381523161	2013	11	23	6	0	0.06
72381523161	2013	11	23	7	0	0.03
72381523161	2013	11	23	8	0	0.02
72381523161	2013	11	23	9	0	0.01
72381523161	2013	11	23	10	0	0.01
72381523161	2013	11	23	12	0	0.01
72381523161	2013	11	23	15	0	0.01
72381523161	2013	11	23	17	0	0.02
72381523161	2013	11	23	18	0	0.01
72381523161	2013	12	7	19	0	0.04
72381523161	2013	12	7	20	0	0.06
72381523161	2013	12	7	21	0	0.01
72381523161	2014	2	7	1	0	0.01
72381523161	2014	2	28	19	0	0.06
72381523161	2014	2	28	20	0	0.03
72381523161	2014	2	28	21	0	0.01
72381523161	2014	3	1	0	0	0.09
72381523161	2014	3	1	1	0	0.03
72381523161	2014	3	1	2	0	0.01
72381523161	2014	3	1	22	0	0.01
72381523161	2014	3	1	23	0	0.02
72381523161	2014	3	30	13	0	0.01
72381523161	2014	4	1	11	0	0.008
72381523161	2014	4	1	12	0	0.06
72381523161	2014	4	1	13	0	0.02
72381523161	2014	4	26	7	0	0.07
72381523161	2014	4	26	8	0	0.1
72381523161	2014	5	22	2	0	0.01
72381523161	2014	5	22	23	0	0.01
72381523161	2014	7	28	2	0	0.02
72381523161	2014	7	28	3	0	0.01
72381523161	2014	7	28	4	0	0.02
72381523161	2014	7	28	15	0	0.02
72381523161	2014	8	3	17	0	0.01
72381523161	2014	8	18	22	0	0.75
72381523161	2014	8	18	23	0	0.299
72381523161	2014	8	19	0	0	0.042
72381523161	2014	12	2	17	0	0.02
72381523161	2014	12	2	22	0	0.02
72381523161	2014	12	2	23	0	0.03
72381523161	2014	12	3	0	0	0.05
72381523161	2014	12	3	1	0	0.04
72381523161	2014	12	3	2	0	0.03
72381523161	2014	12	3	3	0	0.01
72381523161	2014	12	3	4	0	0.02
72381523161	2014	12	3	5	0	0.02
72381523161	2014	12	3	6	0	0.02
72381523161	2014	12	3	7	0	0.02
72381523161	2014	12	4	4	0	0.01
72381523161	2014	12	4	5	0	0.06
72381523161	2014	12	4	7	0	0.03
72381523161	2014	12	4	8	0	0.03
72381523161	2014	12	12	15	0	0.08
72381523161	2014	12	12	16	0	0.02
72381523161	2014	12	17	12	0	0.01
72381523161	2014	12	17	13	0	0.03
72381523161	2014	12	17	14	0	0.03
72381523161	2014	12	17	15	0	0.03
72381523161	2015	1	11	5	0	0.01
72381523161	2015	1	11	6	0	0.02
72381523161	2015	1	11	7	0	0.01
72381523161	2015	1	11	9	0	0.05
72381523161	2015	1	11	17	0	0.03
72381523161	2015	1	11	18	0	0.02
72381523161	2015	1	11	19	0	0.03
72381523161	2015	1	11	20	0	0.08
72381523161	2015	1	11	21	0	0.09
72381523161	2015	1	11	22	0	0.1
72381523161	2015	1	26	19	0	0.05
72381523161	2015	1	26	20	0	0.01
72381523161	2015	1	27	0	0	0.01
72381523161	2015	1	27	1	0	0.03
72381523161	2015	1	27	2	0	0.03
72381523161	2015	1	30	11	0	0.01
72381523161	2015	1	30	13	0	0.02
72381523161	2015	1	30	14	0	0.01
72381523161	2015	1	30	21	0	0.01
72381523161	2015	1	31	8	0	0.01
72381523161	2015	2	22	22	0	0.002
72381523161	2015	2	23	0	0	0.01
72381523161	2015	2	23	1	0	0.007
72381523161	2015	2	23	3	0	0.02
72381523161	2015	2	23	4	0	0.07
72381523161	2015	2	23	5	0	0.15
72381523161	2015	2	23	6	0	0.07
72381523161	2015	2	23	7	0	0.13
72381523161	2015	2	23	8	0	0.04
72381523161	2015	2	23	9	0	0.02
72381523161	2015	2	23	10	0	0.02
72381523161	2015	6	14	2	0	0.018
72381523161	2015	7	1	11	0	0.011
72381523161	2015	7	1	14	0	0.01
72381523161	2015	7	1	16	0	0.01
72381523161	2015	7	1	17	0	0.01
72381523161	2015	7	1	21	0	0.01
72381523161	2015	7	5	23	0	0.02
72381523161	2015	7	18	22	0	0.01
72381523161	2015	7	18	23	0	0.012
72381523161	2015	7	19	0	0	0.01
72381523161	2015	7	19	5	0	0.01
72381523161	2015	7	20	4	0	0.02
72381523161	2015	7	20	5	0	0.02
72381523161	2015	7	20	6	0	0.05
72381523161	2015	7	20	7	0	0.08
72381523161	2015	7	20	8	0	0.06
72381523161	2015	7	20	9	0	0.03
72381523161	2015	7	20	10	0	0.01
72381523161	2015	7	29	23	0	0.14
72381523161	2015	7	30	1	0	0.01
72381523161	2015	8	7	1	0	0.02
72381523161	2015	8	7	2	0	0.03
72381523161	2015	9	15	16	0	0.04
72381523161	2015	9	15	17	0	0.07
72381523161	2015	9	15	18	0	0.05
72381523161	2015	9	15	20	0	0.01
72381523161	2015	10	4	22	0	0.1
72381523161	2015	10	4	23	0	0.01
72381523161	2015	10	5	10	0	0.03
72381523161	2015	10	5	13	0	0.07
72381523161	2015	10	5	19	0	0.02
72381523161	2015	10	16	2	0	0.01
72381523161	2015	10	16	4	0	0.04
72381523161	2015	10	16	5	0	0.04
72381523161	2015	10	16	6	0	0.01
72381523161	2015	10	16	8	0	0.02
72381523161	2015	10	16	9	0	0.02
72381523161	2015	10	16	15	0	0.13
72381523161	2015	10	29	11	0	0.01
72381523161	2015	10	29	12	0	0.01
72381523161	2015	11	3	4	0	0.01
72381523161	2015	11	4	23	0	0.02
72381523161	2015	11	15	22	0	0.02
72381523161	2015	11	15	23	0	0.01
72381523161	2015	12	14	4	0	0.05
72381523161	2015	12	14	5	0	0.03
72381523161	2015	12	20	4	0	0.02
72381523161	2015	12	20	5	0	0.13
72381523161	2015	12	25	6	0	0.01
72381523161	2016	1	5	21	0	0.01
72381523161	2016	1	5	22	0	0.01
72381523161	2016	1	5	23	0	0.03
72381523161	2016	1	6	0	0	0.01
72381523161	2016	1	6	1	0	0.11
72381523161	2016	1	6	21	0	0.01
72381523161	2016	1	6	22	0	0.01
72381523161	2016	1	7	0	0	0.09
72381523161	2016	1	7	1	0	0.02
72381523161	2016	1	7	12	0	0.01
72381523161	2016	1	19	22	0	0.02
72381523161	2016	1	19	23	0	0.09
72381523161	2016	2	1	0	0	0.02
72381523161	2016	2	1	1	0	0.02
72381523161	2016	2	18	1	0	0.01
72381523161	2016	2	18	2	0	0.01
72381523161	2016	3	6	13	0	0.01
72381523161	2016	3	6	18	0	0.03
72381523161	2016	3	12	1	0	0.02
72381523161	2016	3	12	2	0	0.05
72381523161	2016	3	12	3	0	0.01
72381523161	2016	4	8	12	0	0.01
72381523161	2016	4	8	13	0	0.02
72381523161	2016	4	8	22	0	0.15
72381523161	2016	4	8	23	0	0.1
72381523161	2016	4	9	1	0	0.05
72381523161	2016	4	9	2	0	0.01
72381523161	2016	4	9	10	0	0.01
72381523161	2016	4	9	11	0	0.024
72381523161	2016	4	9	12	0	0.05
72381523161	2016	4	9	13	0	0.01
72381523161	2016	4	10	2	0	0.02
72381523161	2016	4	10	9	0	0.04
72381523161	2016	4	10	10	0	0.01
72381523161	2016	4	28	10	0	0.04
72381523161	2016	4	28	13	0	0.03
72381523161	2016	4	30	14	0	0.06
72381523161	2016	4	30	19	0	0.01
72381523161	2016	4	30	20	0	0.02
72381523161	2016	10	24	2	0	0.01
72381523161	2016	10	24	3	0	0.01
72381523161	2016	10	24	5	0	0.09
72381523161	2016	10	24	6	0	0.06
72381523161	2016	10	24	7	0	0.15
72381523161	2016	10	24	8	0	0.04
72381523161	2016	10	24	9	0	0.04
72381523161	2016	10	24	15	0	0.04
72381523161	2016	10	24	17	0	0.05
72381523161	2016	11	21	9	0	0.01
72381523161	2016	11	21	10	0	0.02
72381523161	2016	11	21	12	0	0.01
72381523161	2016	11	27	0	0	0.01
72381523161	2016	12	16	6	0	0.01
72381523161	2016	12	16	19	0	0.03
72381523161	2016	12	16	20	0	0.01
72381523161	2016	12	22	5	0	0.02
72381523161	2016	12	22	6	0	0.02
72381523161	2016	12	22	7	0	0.06
72381523161	2016	12	22	8	0	0.05
72381523161	2016	12	22	9	0	0.03
72381523161	2016	12	22	10	0	0.05
72381523161	2016	12	22	11	0	0.05
72381523161	2016	12	22	12	0	0.05
72381523161	2016	12	22	13	0	0.04
72381523161	2016	12	22	14	0	0.06
72381523161	2016	12	22	16	0	0.09
72381523161	2016	12	22	17	0	0.03
72381523161	2016	12	22	18	0	0.02
72381523161	2016	12	22	19	0	0.01
72381523161	2016	12	24	5	0	0.03
72381523161	2016	12	24	6	0	0.02
72381523161	2016	12	24	7	0	0.04
72381523161	2016	12	24	8	0	0.02
72381523161	2016	12	24	9	0	0.01
72381523161	2016	12	24	10	0	0.05
72381523161	2017	1	1	0	0	0.05
72381523161	2017	1	1	1	0	0.01
72381523161	2017	1	1	3	0	0.06
72381523161	2017	1	1	4	0	0.29
72381523161	2017	1	1	5	0	0.31
72381523161	2017	1	1	6	0	0.14
72381523161	2017	1	1	7	0	0.07
72381523161	2017	1	5	17	0	0.06
72381523161	2017	1	7	12	0	0.02
72381523161	2017	1	7	14	0	0.02
72381523161	2017	1	9	12	0	0.01
72381523161	2017	1	9	13	0	0.05
72381523161	2017	1	9	14	0	0.02
72381523161	2017	1	12	17	0	0.01
72381523161	2017	1	12	19	0	0.01
72381523161	2017	1	12	20	0	0.03
72381523161	2017	1	12	21	0	0.01
72381523161	2017	1	12	23	0	0.05
72381523161	2017	1	13	0	0	0.06
72381523161	2017	1	13	1	0	0.02
72381523161	2017	1	13	14	0	0.01
72381523161	2017	1	13	16	0	0.02
72381523161	2017	1	13	17	0	0.02
72381523161	2017	1	13	18	0	0.01
72381523161	2017	1	13	20	0	0.08
72381523161	2017	1	13	21	0	0.06
72381523161	2017	1	13	22	0	0.04
72381523161	2017	1	13	23	0	0.12
72381523161	2017	1	14	0	0	0.11
72381523161	2017	1	14	1	0	0.1
72381523161	2017	1	14	2	0	0.02
72381523161	2017	1	19	3	0	0.02
72381523161	2017	1	19	16	0	0.02
72381523161	2017	1	19	17	0	0.04
72381523161	2017	1	20	16	0	0.02
72381523161	2017	1	20	21	0	0.02
72381523161	2017	1	20	22	0	0.05
72381523161	2017	1	20	23	0	0.01
72381523161	2017	1	21	0	0	0.04
72381523161	2017	1	22	11	0	0.01
72381523161	2017	1	22	12	0	0.01
72381523161	2017	1	22	14	0	0.01
72381523161	2017	1	22	15	0	0.05
72381523161	2017	1	22	16	0	0.08
72381523161	2017	1	22	17	0	0.05
72381523161	2017	1	22	18	0	0.02
72381523161	2017	1	22	21	0	0.04
72381523161	2017	1	22	22	0	0.06
72381523161	2017	1	22	23	0	0.01
72381523161	2017	1	23	0	0	0.03
72381523161	2017	1	23	1	0	0.01
72381523161	2017	1	23	5	0	0.01
72381523161	2017	1	23	9	0	0.01
72381523161	2017	1	23	20	0	0.01
72381523161	2017	2	18	7	0	0.09
72381523161	2017	2	18	8	0	0.06
72381523161	2017	2	18	9	0	0.04
72381523161	2017	2	18	15	0	0.02
72381523161	2017	2	18	16	0	0.01
72381523161	2017	2	18	17	0	0.02
72381523161	2017	2	18	18	0	0.02
72381523161	2017	2	26	12	0	0.03
72381523161	2017	2	26	13	0	0.04
72381523161	2017	2	26	14	0	0.01
72381523161	2017	7	26	1	0	0.03
72381523161	2017	8	3	16	0	0.01
72381523161	2017	9	6	9	0	0.01
72381523161	2017	9	6	21	0	0.09
72381523161	2017	9	8	19	0	0.01
72381523161	2017	9	8	20	0	0.01
72381523161	2017	9	8	21	0	0.04
72381523161	2017	9	9	8	0	0.02
72381523161	2018	1	8	19	0	0.01
72381523161	2018	1	8	21	0	0.01
72381523161	2018	1	8	22	0	0.02
72381523161	2018	1	9	0	0	0.01
72381523161	2018	1	9	2	0	0.05
72381523161	2018	1	9	8	0	0.01
72381523161	2018	1	9	12	0	0.11
72381523161	2018	1	9	13	0	0.11
72381523161	2018	1	9	14	0	0.06
72381523161	2018	1	9	17	0	0.01
72381523161	2018	2	27	12	0	0.01
72381523161	2018	3	11	2	0	0.016
72381523161	2018	3	11	3	0	0.06
72381523161	2018	3	11	4	0	0.06
72381523161	2018	3	11	5	0	0.12
72381523161	2018	3	11	6	0	0.03
72381523161	2018	3	15	11	0	0.018
72381523161	2018	3	15	12	0	0.02
72381523161	2018	3	17	11	0	0.01
72381523161	2018	3	21	18	0	0.02
72381523161	2018	3	21	20	0	0.04
72381523161	2018	3	21	21	0	0.02
72381523161	2018	3	22	10	0	0.01
72381523161	2018	3	23	8	0	0.02
72381523161	2018	5	2	0	0	0.04
72381523161	2018	5	2	1	0	0.04
72381523161	2018	5	2	6	0	0.01
72381523161	2018	5	2	9	0	0.01
72381523161	2018	5	2	10	0	0.06
72381523161	2018	5	2	11	0	0.04
72381523161	2018	5	2	12	0	0.04
72381523161	2018	5	2	14	0	0.01
72381523161	2018	5	2	15	0	0.03
72381523161	2018	7	7	21	0	0.05
72381523161	2018	7	7	22	0	0.03
72381523161	2018	7	7	23	0	0.02
72381523161	2018	7	8	22	0	0.01
72381523161	2018	10	13	10	0	0.053
72381523161	2018	10	13	11	0	0.053
72381523161	2018	10	13	12	0	0.028
72381523161	2018	10	13	13	0	0.01
72381523161	2018	10	13	14	0	0.007
72381523161	2018	10	13	15	0	0.002
72381523161	2018	10	13	16	0	0.005
72381523161	2018	10	13	17	0	0.01
72381523161	2018	11	29	19	0	0.08
72381523161	2018	11	29	20	0	0.02
72381523161	2018	12	6	22	0	0.01
72381523161	2018	12	7	0	0	0.1
72381523161	2018	12	7	1	0	0.04
72381523161	2018	12	7	2	0	0.03
72381523161	2018	12	7	3	0	0.01
72381523161	2018	12	7	4	0	0.01
72381523161	2018	12	7	8	0	0.01
72381523161	2018	12	7	9	0	0.01
72381523161	2019	1	6	7	0	0.02
72381523161	2019	1	12	20	0	0.07
72381523161	2019	1	12	21	0	0.17
72381523161	2019	1	12	22	0	0.1
72381523161	2019	1	12	23	0	0.3
72381523161	2019	1	13	0	0	0.04
72381523161	2019	1	15	17	0	0.01
72381523161	2019	1	15	18	0	0.02
72381523161	2019	1	15	19	0	0.02
72381523161	2019	1	16	1	0	0.02
72381523161	2019	1	17	15	0	0.01
72381523161	2019	1	17	16	0	0.02
72381523161	2019	1	17	17	0	0.06
72381523161	2019	1	17	18	0	0.08
72381523161	2019	1	17	22	0	0.23
72381523161	2019	1	17	23	0	0.02
72381523161	2019	2	2	7	0	0.006
72381523161	2019	2	2	9	0	0.03
72381523161	2019	2	2	11	0	0.01
72381523161	2019	2	2	14	0	0.02
72381523161	2019	2	2	23	0	0.03
72381523161	2019	2	3	0	0	0.06
72381523161	2019	2	3	1	0	0.07
72381523161	2019	2	11	0	0	0.03
72381523161	2019	2	14	10	0	0.01
72381523161	2019	2	14	11	0	0.06
72381523161	2019	2	14	12	0	0.1
72381523161	2019	2	14	13	0	0.04
72381523161	2019	2	14	16	0	0.01
72381523161	2019	2	14	17	0	0.09
72381523161	2019	2	14	18	0	0.02
72381523161	2019	2	14	20	0	0.18
72381523161	2019	2	14	21	0	0.27
72381523161	2019	2	14	22	0	0.13
72381523161	2019	2	15	1	0	0.01
72381523161	2019	2	17	23	0	0.01
72381523161	2019	2	21	6	0	0.01
72381523161	2019	2	21	7	0	0.01
72381523161	2019	2	21	18	0	0.01
72381523161	2019	2	21	20	0	0.02
72381523161	2019	2	21	21	0	0.01
72381523161	2019	3	2	11	0	0.003
72381523161	2019	3	2	12	0	0.05
72381523161	2019	3	6	12	0	0.01
72381523161	2019	3	6	14	0	0.03
72381523161	2019	3	6	15	0	0.05
72381523161	2019	3	6	16	0	0.04
72381523161	2019	3	6	17	0	0.01
72381523161	2019	3	6	18	0	0.04
72381523161	2019	3	6	19	0	0.01
72381523161	2019	3	12	5	0	0.005
72381523161	2019	3	12	6	0	0.04
72381523161	2019	3	12	7	0	0.06
72381523161	2019	3	12	8	0	0.12
72381523161	2019	3	12	9	0	0.06
72381523161	2019	3	12	10	0	0.06
72381523161	2019	3	12	11	0	0.01
72381523161	2019	3	12	12	0	0.01
72381523161	2019	3	12	13	0	0.01
72381523161	2019	3	12	15	0	0.02
72381523161	2019	3	20	22	0	0.01
72381523161	2019	3	20	23	0	0.03
72381523161	2019	3	21	1	0	0.01
72381523161	2019	3	21	2	0	0.01
72381523161	2019	4	30	0	0	0.02
72381523161	2019	4	30	1	0	0.01
72381523161	2019	5	10	1	0	0.02
72381523161	2019	5	10	2	0	0.01
72381523161	2019	5	10	23	0	0.01
72381523161	2019	5	11	0	0	0.01
72381523161	2019	5	11	12	0	0.02
72381523161	2019	5	11	13	0	0.01
72381523161	2019	5	11	22	0	0.01
72381523161	2019	5	20	3	0	0.02
72381523161	2019	5	20	5	0	0.01
72381523161	2019	5	22	19	0	0.05
72381523161	2019	5	22	20	0	0.07
72381523161	2019	5	22	21	0	0.03
72381523161	2019	5	23	1	0	0.07
72381523161	2019	7	23	23	0	0.11
72381523161	2019	7	24	0	0	0.08
72381523161	2019	9	5	7	0	0.02
72381523161	2019	11	27	23	0	0.01
72381523161	2019	11	28	18	0	0.01
72381523161	2019	11	28	19	0	0.04
72381523161	2019	11	28	20	0	0.1
72381523161	2019	11	28	21	0	0.12
72381523161	2019	11	28	22	0	0.1
72381523161	2019	11	28	23	0	0.04
72381523161	2019	11	29	5	0	0.01
72381523161	2019	11	29	10	0	0.01
72381523161	2019	12	4	10	0	0.005
72381523161	2019	12	4	11	0	0.005
72381523161	2019	12	4	14	0	0.051
72381523161	2019	12	4	15	0	0.037
72381523161	2019	12	4	16	0	0.05
72381523161	2019	12	4	17	0	0.03
72381523161	2019	12	4	18	0	0.01
72381523161	2019	12	4	19	0	0.14
72381523161	2019	12	4	20	0	0.06
72381523161	2019	12	4	22	0	0.01
72381523161	2019	12	4	23	0	0.02
72381523161	2019	12	5	3	0	0.01
72381523161	2019	12	7	5	0	0.01
72381523161	2019	12	8	23	0	0.01
72381523161	2019	12	9	0	0	0.01
72381523161	2019	12	9	9	0	0.02
72381523161	2019	12	9	10	0	0.02
72381523161	2019	12	26	14	0	0.181
72381523161	2019	12	26	15	0	0.03
72381523161	2019	12	26	16	0	0.07
72381523161	2019	12	26	17	0	0.1
72381523161	2019	12	26	18	0	0.14
72381523161	2019	12	26	19	0	0.14
72381523161	2019	12	26	20	0	0.2
72381523161	2019	12	26	21	0	0.14
72381523161	2019	12	26	22	0	0.13
72381523161	2019	12	26	23	0	0.21
72381523161	2019	12	27	0	0	0.15
72381523161	2019	12	27	1	0	0.14
72381523161	2019	12	27	2	0	0.08
72381523161	2019	12	27	3	0	0.05
72381523161	2019	12	27	4	0	0.04
72381523161	2019	12	27	5	0	0.06
72381523161	2019	12	27	6	0	0.04
72381523161	2019	12	27	7	0	0.02
