72387003160	1990	1	2	8	0	0.020
72387003160	1990	1	13	11	0	0.010
72387003160	1990	1	14	5	0	0.015
72387003160	1990	1	14	7	0	0.015
72387003160	1990	1	16	20	0	0.016
72387003160	1990	1	16	22	0	0.032
72387003160	1990	1	16	23	0	0.032
72387003160	1990	1	17	6	0	0.041
72387003160	1990	1	17	7	0	0.030
72387003160	1990	1	17	8	0	0.010
72387003160	1990	1	17	9	0	0.031
72387003160	1990	1	17	11	0	0.092
72387003160	1990	1	17	12	0	0.030
72387003160	1990	1	17	13	0	0.082
72387003160	1990	1	17	14	0	0.010
72387003160	1990	1	17	15	0	0.030
72387003160	1990	1	17	21	0	0.011
72387003160	1990	1	17	22	0	0.081
72387003160	1990	1	17	23	0	0.102
72387003160	1990	2	1	11	0	0.020
72387003160	1990	2	18	11	0	0.020
72387003160	1990	2	18	12	0	0.010
72387003160	1990	2	19	2	0	0.020
72387003160	1990	2	19	3	0	0.020
72387003160	1990	3	5	11	0	0.050
72387003160	1990	3	11	11	0	0.010
72387003160	1990	3	12	11	0	0.010
72387003160	1990	4	16	22	0	0.020
72387003160	1990	4	17	10	0	0.040
72387003160	1990	4	20	13	0	0.001
72387003160	1990	4	20	14	0	0.019
72387003160	1990	4	23	11	0	0.010
72387003160	1990	5	28	8	0	0.090
72387003160	1990	5	28	17	0	0.090
72387003160	1990	5	28	20	0	0.090
72387003160	1990	6	9	22	0	0.020
72387003160	1990	7	9	17	0	0.040
72387003160	1990	7	12	15	0	0.020
72387003160	1990	7	14	18	0	1.950
72387003160	1990	7	16	0	0	0.011
72387003160	1990	7	16	1	0	0.012
72387003160	1990	7	16	5	0	0.017
72387003160	1990	8	9	19	0	0.130
72387003160	1990	8	14	22	0	0.830
72387003160	1990	8	15	23	0	0.090
72387003160	1990	8	16	11	0	0.010
72387003160	1990	9	5	11	0	0.030
72387003160	1990	9	21	14	0	0.035
72387003160	1990	9	21	15	0	0.018
72387003160	1990	9	21	21	0	0.008
72387003160	1990	9	21	22	0	0.009
72387003160	1990	9	23	14	0	0.044
72387003160	1990	9	23	15	0	0.006
72387003160	1990	10	19	14	0	0.080
72387003160	1990	11	20	5	0	0.080
72387003160	1990	11	20	6	0	0.080
72387003160	1990	11	26	6	0	0.130
72387003160	1990	12	12	8	0	0.020
72387003160	1991	1	3	15	0	0.090
72387003160	1991	1	3	20	0	0.090
72387003160	1991	1	4	2	0	0.012
72387003160	1991	1	4	3	0	0.012
72387003160	1991	1	4	4	0	0.012
72387003160	1991	1	4	5	0	0.018
72387003160	1991	1	4	6	0	0.006
72387003160	1991	2	27	22	0	0.120
72387003160	1991	2	27	23	0	0.120
72387003160	1991	2	28	2	0	0.142
72387003160	1991	2	28	4	0	0.142
72387003160	1991	2	28	15	0	0.284
72387003160	1991	2	28	19	0	0.142
72387003160	1991	3	1	10	0	0.090
72387003160	1991	3	13	20	0	0.070
72387003160	1991	3	19	6	0	0.090
72387003160	1991	3	19	9	0	0.090
72387003160	1991	3	19	13	0	0.090
72387003160	1991	3	20	22	0	0.140
72387003160	1991	3	27	5	0	0.135
72387003160	1991	3	27	9	0	0.135
72387003160	1991	5	3	11	0	0.060
72387003160	1991	5	14	9	0	0.050
72387003160	1991	5	21	10	0	0.006
72387003160	1991	5	21	11	0	0.019
72387003160	1991	5	21	12	0	0.019
72387003160	1991	5	21	13	0	0.006
72387003160	1991	5	30	18	0	0.066
72387003160	1991	5	30	19	0	0.066
72387003160	1991	5	30	20	0	0.132
72387003160	1991	5	30	22	0	0.066
72387003160	1991	5	31	23	0	0.020
72387003160	1991	6	1	20	0	0.020
72387003160	1991	7	7	13	0	0.180
72387003160	1991	7	8	19	0	0.150
72387003160	1991	7	31	23	0	0.020
72387003160	1991	8	1	4	0	0.292
72387003160	1991	8	1	11	0	0.098
72387003160	1991	8	2	15	0	0.080
72387003160	1991	8	10	20	0	0.080
72387003160	1991	8	25	19	0	0.050
72387003160	1991	9	5	21	0	0.055
72387003160	1991	9	5	23	0	0.055
72387003160	1991	9	6	10	0	0.175
72387003160	1991	9	6	11	0	0.087
72387003160	1991	9	6	13	0	0.088
72387003160	1991	9	6	18	0	0.087
72387003160	1991	9	6	21	0	0.175
72387003160	1991	9	6	22	0	0.088
72387003160	1991	9	7	11	0	0.050
72387003160	1991	9	26	9	0	0.008
72387003160	1991	9	26	10	0	0.033
72387003160	1991	9	26	11	0	0.048
72387003160	1991	9	26	12	0	0.033
72387003160	1991	9	26	13	0	0.008
72387003160	1991	10	26	22	0	0.020
72387003160	1991	10	26	24	0	0.100
72387003160	1991	11	14	16	0	0.022
72387003160	1991	11	14	17	0	0.030
72387003160	1991	11	14	18	0	0.008
72387003160	1991	11	15	10	0	0.060
72387003160	1991	12	7	22	0	0.060
72387003160	1991	12	8	2	0	0.020
72387003160	1991	12	10	18	0	0.113
72387003160	1991	12	10	19	0	0.114
72387003160	1991	12	10	21	0	0.113
72387003160	1991	12	11	1	0	0.030
72387003160	1991	12	19	12	0	0.140
72387003160	1991	12	28	11	0	0.010
72387003160	1991	12	30	6	0	0.105
72387003160	1991	12	30	8	0	0.105
72387003160	1992	1	3	14	0	0.120
72387003160	1992	1	4	18	0	0.090
72387003160	1992	1	5	10	0	0.011
72387003160	1992	1	5	18	0	0.107
72387003160	1992	1	5	19	0	0.086
72387003160	1992	1	5	20	0	0.117
72387003160	1992	1	5	21	0	0.086
72387003160	1992	1	5	22	0	0.043
72387003160	1992	2	6	23	0	0.010
72387003160	1992	2	7	2	0	0.011
72387003160	1992	2	7	3	0	0.011
72387003160	1992	2	7	10	0	0.028
72387003160	1992	2	10	4	0	0.090
72387003160	1992	2	10	14	0	0.090
72387003160	1992	2	11	3	0	0.095
72387003160	1992	2	11	5	0	0.095
72387003160	1992	2	12	11	0	0.095
72387003160	1992	2	12	17	0	0.095
72387003160	1992	2	12	19	0	0.095
72387003160	1992	2	12	20	0	0.095
72387003160	1992	2	13	0	0	0.080
72387003160	1992	2	13	1	0	0.080
72387003160	1992	2	13	8	0	0.080
72387003160	1992	2	13	15	0	0.080
72387003160	1992	2	13	19	0	0.080
72387003160	1992	3	2	16	0	0.120
72387003160	1992	3	2	20	0	0.120
72387003160	1992	3	3	10	0	0.040
72387003160	1992	3	6	2	0	0.030
72387003160	1992	3	7	8	0	0.196
72387003160	1992	3	7	9	0	0.098
72387003160	1992	3	7	12	0	0.098
72387003160	1992	3	7	20	0	0.098
72387003160	1992	3	8	8	0	0.120
72387003160	1992	3	20	21	0	0.026
72387003160	1992	3	20	22	0	0.004
72387003160	1992	3	21	11	0	0.105
72387003160	1992	3	21	12	0	0.105
72387003160	1992	3	22	22	0	0.039
72387003160	1992	3	22	23	0	0.011
72387003160	1992	3	23	1	0	0.103
72387003160	1992	3	23	2	0	0.104
72387003160	1992	3	23	3	0	0.103
72387003160	1992	3	27	10	0	0.100
72387003160	1992	3	30	2	0	0.150
72387003160	1992	3	30	20	0	0.075
72387003160	1992	3	30	21	0	0.075
72387003160	1992	3	31	15	0	0.050
72387003160	1992	4	1	14	0	0.010
72387003160	1992	5	5	8	0	0.010
72387003160	1992	5	5	9	0	0.010
72387003160	1992	5	8	19	0	0.030
72387003160	1992	6	2	14	0	0.080
72387003160	1992	7	12	18	0	0.150
72387003160	1992	8	2	11	0	0.010
72387003160	1992	10	23	24	0	0.228
72387003160	1992	10	24	7	0	0.228
72387003160	1992	10	24	8	0	0.114
72387003160	1992	10	27	23	0	0.080
72387003160	1992	10	30	16	0	0.020
72387003160	1992	12	7	3	0	0.114
72387003160	1992	12	7	5	0	0.227
72387003160	1992	12	7	6	0	0.114
72387003160	1992	12	7	8	0	0.114
72387003160	1992	12	7	11	0	0.114
72387003160	1992	12	7	15	0	0.113
72387003160	1992	12	7	16	0	0.114
72387003160	1992	12	12	4	0	0.140
72387003160	1992	12	18	3	0	0.090
72387003160	1992	12	18	4	0	0.090
72387003160	1992	12	27	22	0	0.130
72387003160	1992	12	28	17	0	0.090
72387003160	1992	12	28	23	0	0.090
72387003160	1993	1	2	11	0	0.120
72387003160	1993	1	6	14	0	0.100
72387003160	1993	1	6	17	0	0.100
72387003160	1993	1	7	1	0	0.100
72387003160	1993	1	7	23	0	0.100
72387003160	1993	1	10	13	0	0.025
72387003160	1993	1	10	14	0	0.102
72387003160	1993	1	10	15	0	0.013
72387003160	1993	1	12	19	0	0.021
72387003160	1993	1	12	22	0	0.019
72387003160	1993	1	13	9	0	0.192
72387003160	1993	1	13	10	0	0.096
72387003160	1993	1	13	11	0	0.096
72387003160	1993	1	13	23	0	0.096
72387003160	1993	1	15	9	0	0.031
72387003160	1993	1	15	10	0	0.042
72387003160	1993	1	15	11	0	0.041
72387003160	1993	1	15	12	0	0.042
72387003160	1993	1	15	13	0	0.041
72387003160	1993	1	15	14	0	0.031
72387003160	1993	1	15	15	0	0.021
72387003160	1993	1	15	16	0	0.021
72387003160	1993	1	15	23	0	0.010
72387003160	1993	1	16	5	0	0.100
72387003160	1993	1	16	11	0	0.100
72387003160	1993	1	17	13	0	0.102
72387003160	1993	1	17	14	0	0.103
72387003160	1993	1	17	22	0	0.102
72387003160	1993	1	17	23	0	0.103
72387003160	1993	1	18	18	0	0.194
72387003160	1993	1	18	19	0	0.058
72387003160	1993	1	18	20	0	0.058
72387003160	1993	1	18	21	0	0.010
72387003160	1993	1	31	4	0	0.060
72387003160	1993	1	31	5	0	0.060
72387003160	1993	2	7	19	0	0.080
72387003160	1993	2	8	1	0	0.105
72387003160	1993	2	8	3	0	0.104
72387003160	1993	2	8	4	0	0.105
72387003160	1993	2	8	5	0	0.104
72387003160	1993	2	8	6	0	0.105
72387003160	1993	2	8	9	0	0.104
72387003160	1993	2	8	11	0	0.105
72387003160	1993	2	8	13	0	0.104
72387003160	1993	2	8	19	0	0.105
72387003160	1993	2	8	20	0	0.209
72387003160	1993	2	9	1	0	0.100
72387003160	1993	2	18	8	0	0.108
72387003160	1993	2	18	11	0	0.109
72387003160	1993	2	18	12	0	0.108
72387003160	1993	2	18	14	0	0.108
72387003160	1993	2	18	21	0	0.217
72387003160	1993	2	19	6	0	0.120
72387003160	1993	2	19	10	0	0.120
72387003160	1993	2	23	11	0	0.030
72387003160	1993	2	23	12	0	0.020
72387003160	1993	2	26	13	0	0.010
72387003160	1993	2	26	14	0	0.031
72387003160	1993	2	26	15	0	0.020
72387003160	1993	2	26	16	0	0.072
72387003160	1993	2	26	17	0	0.062
72387003160	1993	2	26	18	0	0.082
72387003160	1993	2	26	19	0	0.071
72387003160	1993	2	26	20	0	0.011
72387003160	1993	2	26	21	0	0.020
72387003160	1993	2	26	22	0	0.021
72387003160	1993	2	26	23	0	0.020
72387003160	1993	2	27	1	0	0.127
72387003160	1993	2	27	2	0	0.126
72387003160	1993	2	27	3	0	0.127
72387003160	1993	2	28	2	0	0.110
72387003160	1993	2	28	18	0	0.110
72387003160	1993	3	26	11	0	0.040
72387003160	1993	3	26	21	0	0.020
72387003160	1993	3	26	22	0	0.020
72387003160	1993	3	27	23	0	0.030
72387003160	1993	3	28	1	0	0.125
72387003160	1993	3	28	7	0	0.125
72387003160	1993	4	5	19	0	0.030
72387003160	1993	5	16	15	0	0.015
72387003160	1993	5	16	16	0	0.005
72387003160	1993	6	5	5	0	0.097
72387003160	1993	6	5	20	0	0.098
72387003160	1993	6	5	21	0	0.097
72387003160	1993	6	5	22	0	0.098
72387003160	1993	6	20	19	0	0.020
72387003160	1993	8	4	22	0	0.030
72387003160	1993	8	5	9	0	0.060
72387003160	1993	9	17	10	0	0.010
72387003160	1993	9	17	11	0	0.020
72387003160	1993	9	17	12	0	0.010
72387003160	1993	10	11	5	0	0.167
72387003160	1993	10	11	6	0	0.083
72387003160	1993	10	16	24	0	0.010
72387003160	1993	11	11	3	0	0.080
72387003160	1993	11	12	6	0	0.010
72387003160	1993	11	12	7	0	0.010
72387003160	1993	11	21	20	0	0.005
72387003160	1993	11	21	22	0	0.005
72387003160	1993	11	30	5	0	0.050
72387003160	1993	12	11	20	0	0.240
72387003160	1993	12	14	12	0	0.140
72387003160	1994	1	25	6	0	0.120
72387003160	1994	2	3	23	0	0.030
72387003160	1994	2	4	6	0	0.115
72387003160	1994	2	4	11	0	0.115
72387003160	1994	2	7	14	0	0.120
72387003160	1994	2	7	24	0	0.010
72387003160	1994	2	8	2	0	0.010
72387003160	1994	2	11	11	0	0.010
72387003160	1994	2	17	10	0	0.075
72387003160	1994	2	17	12	0	0.075
72387003160	1994	2	20	4	0	0.020
72387003160	1994	3	6	5	0	0.013
72387003160	1994	3	6	12	0	0.012
72387003160	1994	3	6	19	0	0.019
72387003160	1994	3	6	21	0	0.006
72387003160	1994	3	25	1	0	0.120
72387003160	1994	3	25	2	0	0.120
72387003160	1994	4	9	17	0	0.040
72387003160	1994	4	25	17	0	0.020
72387003160	1994	4	26	15	0	0.020
72387003160	1994	4	27	16	0	0.007
72387003160	1994	4	27	17	0	0.003
72387003160	1994	4	28	11	0	0.070
72387003160	1994	5	6	9	0	0.040
72387003160	1994	5	8	11	0	0.010
72387003160	1994	5	24	11	0	0.010
72387003160	1994	5	31	2	0	0.050
72387003160	1994	7	19	17	0	0.210
72387003160	1994	8	18	24	0	0.080
72387003160	1994	8	27	9	0	0.120
72387003160	1994	9	19	20	0	0.040
72387003160	1994	9	29	11	0	0.010
72387003160	1994	10	15	9	0	0.020
72387003160	1994	11	3	1	0	0.003
72387003160	1994	11	3	4	0	0.004
72387003160	1994	11	3	11	0	0.003
72387003160	1994	11	10	11	0	0.100
72387003160	1994	11	10	12	0	0.100
72387003160	1994	11	11	11	0	0.010
72387003160	1994	11	12	21	0	0.030
72387003160	1994	11	18	15	0	0.020
72387003160	1994	12	13	6	0	0.020
72387003160	1994	12	24	12	0	0.093
72387003160	1994	12	24	15	0	0.093
72387003160	1994	12	24	16	0	0.093
72387003160	1994	12	24	17	0	0.092
72387003160	1994	12	24	21	0	0.186
72387003160	1994	12	24	23	0	0.093
72387003160	1994	12	25	1	0	0.052
72387003160	1994	12	25	8	0	0.053
72387003160	1994	12	25	10	0	0.157
72387003160	1994	12	25	12	0	0.158
72387003160	1994	12	28	7	0	0.160
72387003160	1994	12	29	10	0	0.020
72387003160	1995	1	3	20	0	0.070
72387003160	1995	1	4	13	0	0.094
72387003160	1995	1	4	16	0	0.094
72387003160	1995	1	4	18	0	0.094
72387003160	1995	1	4	19	0	0.094
72387003160	1995	1	4	21	0	0.094
72387003160	1995	1	5	0	0	0.063
72387003160	1995	1	5	1	0	0.024
72387003160	1995	1	5	2	0	0.014
72387003160	1995	1	5	3	0	0.015
72387003160	1995	1	5	7	0	0.014
72387003160	1995	1	7	1	0	0.092
72387003160	1995	1	7	2	0	0.184
72387003160	1995	1	7	3	0	0.092
72387003160	1995	1	7	4	0	0.092
72387003160	1995	1	10	15	0	0.074
72387003160	1995	1	10	18	0	0.074
72387003160	1995	1	10	19	0	0.074
72387003160	1995	1	10	20	0	0.074
72387003160	1995	1	10	21	0	0.074
72387003160	1995	1	12	12	0	0.010
72387003160	1995	1	12	15	0	0.010
72387003160	1995	1	15	18	0	0.125
72387003160	1995	1	15	22	0	0.125
72387003160	1995	1	16	14	0	0.020
72387003160	1995	1	21	6	0	0.110
72387003160	1995	1	23	4	0	0.095
72387003160	1995	1	23	14	0	0.095
72387003160	1995	1	24	1	0	0.012
72387003160	1995	1	24	2	0	0.032
72387003160	1995	1	24	3	0	0.032
72387003160	1995	1	24	4	0	0.059
72387003160	1995	1	24	5	0	0.072
72387003160	1995	1	24	6	0	0.052
72387003160	1995	1	24	7	0	0.039
72387003160	1995	1	24	8	0	0.060
72387003160	1995	1	24	10	0	0.012
72387003160	1995	1	24	24	0	0.029
72387003160	1995	1	25	1	0	0.029
72387003160	1995	1	25	10	0	0.108
72387003160	1995	1	25	11	0	0.077
72387003160	1995	1	25	12	0	0.020
72387003160	1995	1	25	15	0	0.010
72387003160	1995	1	25	16	0	0.009
72387003160	1995	1	25	17	0	0.010
72387003160	1995	1	25	19	0	0.010
72387003160	1995	1	25	20	0	0.010
72387003160	1995	1	25	21	0	0.039
72387003160	1995	1	25	22	0	0.009
72387003160	1995	1	25	23	0	0.010
72387003160	1995	1	25	24	0	0.068
72387003160	1995	1	26	2	0	0.067
72387003160	1995	1	26	3	0	0.203
72387003160	1995	1	26	4	0	0.135
72387003160	1995	1	26	7	0	0.067
72387003160	1995	2	14	7	0	0.020
72387003160	1995	2	28	13	0	0.100
72387003160	1995	2	28	14	0	0.100
72387003160	1995	2	28	21	0	0.100
72387003160	1995	3	1	10	0	0.120
72387003160	1995	3	1	12	0	0.120
72387003160	1995	3	2	20	0	0.050
72387003160	1995	3	5	18	0	0.390
72387003160	1995	3	10	10	0	0.100
72387003160	1995	3	10	16	0	0.100
72387003160	1995	3	11	6	0	0.087
72387003160	1995	3	11	7	0	0.087
72387003160	1995	3	11	9	0	0.087
72387003160	1995	3	11	10	0	0.088
72387003160	1995	3	11	11	0	0.087
72387003160	1995	3	11	18	0	0.087
72387003160	1995	3	11	21	0	0.087
72387003160	1995	3	21	7	0	0.043
72387003160	1995	3	21	8	0	0.044
72387003160	1995	3	21	9	0	0.076
72387003160	1995	3	21	10	0	0.087
72387003160	1995	3	23	6	0	0.162
72387003160	1995	3	23	8	0	0.163
72387003160	1995	3	23	14	0	0.325
72387003160	1995	4	13	20	0	0.047
72387003160	1995	4	13	22	0	0.023
72387003160	1995	4	16	23	0	0.030
72387003160	1995	4	18	2	0	0.085
72387003160	1995	4	18	4	0	0.085
72387003160	1995	4	18	6	0	0.085
72387003160	1995	4	18	19	0	0.085
72387003160	1995	4	19	14	0	0.020
72387003160	1995	4	20	12	0	0.020
72387003160	1995	5	7	10	0	0.030
72387003160	1995	5	15	1	0	0.020
72387003160	1995	5	22	14	0	0.010
72387003160	1995	5	23	17	0	0.140
72387003160	1995	5	23	20	0	0.140
72387003160	1995	5	23	23	0	0.140
72387003160	1995	5	24	14	0	0.015
72387003160	1995	5	24	15	0	0.015
72387003160	1995	5	27	17	0	0.010
72387003160	1995	6	2	11	0	0.010
72387003160	1995	6	7	13	0	0.020
72387003160	1995	6	28	16	0	0.022
72387003160	1995	6	28	17	0	0.008
72387003160	1995	6	29	11	0	0.020
72387003160	1995	7	17	7	0	0.005
72387003160	1995	7	17	17	0	0.015
72387003160	1995	8	20	17	0	0.120
72387003160	1995	8	21	19	0	0.010
72387003160	1995	8	22	1	0	0.197
72387003160	1995	8	22	22	0	0.393
72387003160	1996	1	19	11	0	0.010
72387003160	1996	1	21	21	0	0.020
72387003160	1996	1	31	11	0	0.068
72387003160	1996	1	31	12	0	0.067
72387003160	1996	1	31	21	0	0.068
72387003160	1996	1	31	22	0	0.067
72387003160	1996	2	1	0	0	0.020
72387003160	1996	2	20	0	0	0.158
72387003160	1996	2	20	1	0	0.079
72387003160	1996	2	20	2	0	0.079
72387003160	1996	2	20	3	0	0.078
72387003160	1996	2	20	9	0	0.079
72387003160	1996	2	20	13	0	0.079
72387003160	1996	2	20	14	0	0.079
72387003160	1996	2	20	15	0	0.079
72387003160	1996	2	21	0	0	0.020
72387003160	1996	2	25	16	0	0.090
72387003160	1996	2	25	17	0	0.090
72387003160	1996	2	25	18	0	0.090
72387003160	1996	2	27	17	0	0.025
72387003160	1996	2	27	18	0	0.025
72387003160	1996	2	28	12	0	0.050
72387003160	1996	3	12	15	0	0.093
72387003160	1996	3	12	18	0	0.094
72387003160	1996	3	12	23	0	0.093
72387003160	1996	3	13	11	0	0.060
72387003160	1996	3	14	14	0	0.110
72387003160	1996	5	24	14	0	0.080
72387003160	1996	5	25	1	0	0.020
72387003160	1996	6	26	15	0	0.050
72387003160	1996	10	29	15	0	0.021
72387003160	1996	10	29	16	0	0.064
72387003160	1996	10	29	17	0	0.064
72387003160	1996	10	29	18	0	0.034
72387003160	1996	10	29	19	0	0.021
72387003160	1996	10	29	20	0	0.034
72387003160	1996	10	29	21	0	0.034
72387003160	1996	10	29	22	0	0.034
72387003160	1996	10	29	23	0	0.022
72387003160	1996	10	30	14	0	0.124
72387003160	1996	10	30	15	0	0.125
72387003160	1996	10	30	16	0	0.124
72387003160	1996	10	30	17	0	0.124
72387003160	1996	10	30	18	0	0.124
72387003160	1996	10	31	3	0	0.034
72387003160	1996	11	22	0	0	0.099
72387003160	1996	11	22	1	0	0.198
72387003160	1996	11	22	2	0	0.098
72387003160	1996	12	9	21	0	0.113
72387003160	1996	12	11	8	0	0.328
72387003160	1996	12	27	12	0	0.034
72387003160	1997	1	12	12	0	0.009
72387003160	1997	1	12	13	0	0.002
72387003160	1997	1	13	8	0	0.034
72387003160	1997	1	15	11	0	0.006
72387003160	1997	1	15	12	0	0.005
72387003160	1997	4	2	11	0	0.006
72387003160	1997	4	2	13	0	0.005
72387003160	1997	4	2	14	0	0.006
72387003160	1997	4	2	16	0	0.006
72387003160	1997	6	12	22	0	0.203
72387003160	1997	6	13	7	0	0.153
72387003160	1997	6	13	12	0	0.076
72387003160	1997	6	13	13	0	0.076
72387003160	1997	6	13	14	0	0.076
72387003160	1997	6	13	20	0	0.077
72387003160	1997	6	13	23	0	0.152
72387003160	1997	6	14	12	0	0.011
72387003160	1997	7	22	13	0	0.011
72387003160	1997	7	22	14	0	0.012
72387003160	1997	9	1	22	0	0.079
72387003160	1997	9	2	23	0	0.418
72387003160	1997	9	25	1	0	0.104
72387003160	1997	9	25	2	0	0.103
72387003160	1997	9	25	3	0	0.104
72387003160	1997	9	25	6	0	0.207
72387003160	1997	9	25	7	0	0.103
72387003160	1997	9	25	8	0	0.104
72387003160	1997	9	25	9	0	0.103
72387003160	1997	9	25	10	0	0.104
72387003160	1997	9	25	11	0	0.103
72387003160	1997	9	25	13	0	0.104
72387003160	1997	9	25	14	0	0.104
72387003160	1997	9	26	5	0	0.181
72387003160	1997	10	11	5	0	0.079
72387003160	1997	11	11	1	0	0.107
72387003160	1997	11	11	11	0	0.108
72387003160	1997	11	13	20	0	0.090
72387003160	1997	11	13	24	0	0.102
72387003160	1997	11	26	16	0	0.034
72387003160	1997	12	6	9	0	0.113
72387003160	1997	12	6	11	0	0.113
72387003160	1997	12	6	18	0	0.113
72387003160	1997	12	7	10	0	0.056
72387003160	1998	1	10	2	0	0.090
72387003160	1998	1	30	12	0	0.011
72387003160	1998	2	2	11	0	0.034
72387003160	1998	2	3	24	0	0.098
72387003160	1998	2	4	1	0	0.099
72387003160	1998	2	4	2	0	0.197
72387003160	1998	2	4	3	0	0.098
72387003160	1998	2	4	4	0	0.099
72387003160	1998	2	4	7	0	0.098
72387003160	1998	2	6	21	0	0.085
72387003160	1998	2	6	22	0	0.084
72387003160	1998	2	6	24	0	0.113
72387003160	1998	2	7	13	0	0.113
72387003160	1998	2	8	22	0	0.136
72387003160	1998	2	14	23	0	0.056
72387003160	1998	2	15	2	0	0.192
72387003160	1998	2	17	5	0	0.019
72387003160	1998	2	17	6	0	0.106
72387003160	1998	2	17	7	0	0.086
72387003160	1998	2	17	8	0	0.058
72387003160	1998	2	17	9	0	0.048
72387003160	1998	2	17	10	0	0.086
72387003160	1998	2	17	11	0	0.106
72387003160	1998	2	17	12	0	0.067
72387003160	1998	2	20	4	0	0.102
72387003160	1998	2	23	10	0	0.095
72387003160	1998	2	23	11	0	0.190
72387003160	1998	2	23	12	0	0.095
72387003160	1998	2	23	16	0	0.094
72387003160	1998	2	23	17	0	0.095
72387003160	1998	2	23	18	0	0.190
72387003160	1998	2	23	20	0	0.095
72387003160	1998	2	23	21	0	0.190
72387003160	1998	2	23	22	0	0.190
72387003160	1998	2	23	23	0	0.189
72387003160	1998	2	24	6	0	0.094
72387003160	1998	2	24	7	0	0.188
72387003160	1998	2	24	8	0	0.095
72387003160	1998	2	24	13	0	0.094
72387003160	1998	2	24	14	0	0.094
72387003160	1998	3	3	15	0	0.011
72387003160	1998	3	13	23	0	0.011
72387003160	1998	3	13	24	0	0.014
72387003160	1998	3	14	3	0	0.071
72387003160	1998	3	14	4	0	0.062
72387003160	1998	3	25	12	0	0.076
72387003160	1998	3	25	13	0	0.077
72387003160	1998	3	25	15	0	0.076
72387003160	1998	3	25	19	0	0.076
72387003160	1998	3	26	1	0	0.116
72387003160	1998	3	26	3	0	0.116
72387003160	1998	3	26	4	0	0.115
72387003160	1998	3	26	5	0	0.116
72387003160	1998	3	26	7	0	0.116
72387003160	1998	3	26	9	0	0.116
72387003160	1998	3	26	16	0	0.116
72387003160	1998	3	26	20	0	0.115
72387003160	1998	3	28	11	0	0.056
72387003160	1998	3	29	14	0	0.011
72387003160	1998	4	1	4	0	0.056
72387003160	1998	4	3	15	0	0.011
72387003160	1998	4	5	5	0	0.107
72387003160	1998	4	5	6	0	0.108
72387003160	1998	4	5	8	0	0.107
72387003160	1998	4	5	9	0	0.107
72387003160	1998	4	5	10	0	0.108
72387003160	1998	4	5	23	0	0.107
72387003160	1998	4	14	13	0	0.011
72387003160	1998	4	25	9	0	0.016
72387003160	1998	4	25	10	0	0.040
72387003160	1998	5	5	9	0	0.079
72387003160	1998	5	5	15	0	0.079
72387003160	1998	5	7	13	0	0.113
72387003160	1998	5	7	16	0	0.113
72387003160	1998	6	3	4	0	0.099
72387003160	1998	6	3	5	0	0.100
72387003160	1998	6	3	6	0	0.199
72387003160	1998	6	3	7	0	0.099
72387003160	1998	6	8	3	0	0.249
72387003160	1998	6	8	4	0	0.248
72387003160	1998	6	9	13	0	0.166
72387003160	1998	6	9	14	0	0.083
72387003160	1998	6	12	23	0	0.124
72387003160	1998	6	13	7	0	0.034
72387003160	1998	7	23	7	0	0.056
72387003160	1998	7	24	5	0	0.056
72387003160	1998	8	13	9	0	0.005
72387003160	1998	8	13	10	0	0.027
72387003160	1998	8	13	11	0	0.053
72387003160	1998	8	13	12	0	0.053
72387003160	1998	8	13	13	0	0.026
72387003160	1998	8	13	14	0	0.005
72387003160	1998	8	31	8	0	0.094
72387003160	1998	8	31	9	0	0.094
72387003160	1998	8	31	10	0	0.094
72387003160	1998	9	4	4	0	0.093
72387003160	1998	9	4	7	0	0.092
72387003160	1998	9	4	11	0	0.093
72387003160	1998	9	4	12	0	0.093
72387003160	1998	9	4	13	0	0.092
72387003160	1998	9	8	13	0	0.339
72387003160	1998	9	9	15	0	0.034
72387003160	1998	10	26	16	0	0.056
72387003160	1998	10	30	4	0	0.034
72387003160	1998	11	9	2	0	0.011
72387003160	1998	11	28	14	0	0.023
72387003160	1998	11	28	15	0	0.011
72387003160	1999	1	25	23	0	0.113
72387003160	1999	1	26	22	0	0.007
72387003160	1999	1	26	23	0	0.027
72387003160	1999	1	27	10	0	0.011
72387003160	1999	3	15	11	0	0.010
72387003160	1999	3	31	14	0	0.040
72387003160	1999	4	3	12	0	0.070
72387003160	1999	4	4	9	0	0.310
72387003160	1999	4	6	24	0	0.020
72387003160	1999	4	9	2	0	0.040
72387003160	1999	4	12	20	0	0.020
72387003160	1999	4	22	22	0	0.060
72387003160	1999	4	23	5	0	0.090
72387003160	1999	4	23	9	0	0.090
72387003160	1999	4	24	3	0	0.120
72387003160	1999	4	24	4	0	0.120
72387003160	1999	4	24	5	0	0.120
72387003160	1999	4	24	10	0	0.120
72387003160	1999	4	24	11	0	0.120
72387003160	1999	4	29	5	0	0.185
72387003160	1999	4	29	6	0	0.062
72387003160	1999	4	29	9	0	0.061
72387003160	1999	4	29	21	0	0.062
72387003160	1999	4	29	24	0	0.060
72387003160	1999	6	2	5	0	0.004
72387003160	1999	6	2	7	0	0.006
72387003160	1999	6	4	5	0	0.025
72387003160	1999	6	4	6	0	0.025
72387003160	1999	7	8	19	0	0.288
72387003160	1999	7	8	20	0	0.192
72387003160	1999	7	9	21	0	0.127
72387003160	1999	7	9	22	0	0.063
72387003160	1999	7	12	12	0	0.040
72387003160	1999	7	13	12	0	0.050
72387003160	1999	7	14	16	0	0.080
72387003160	1999	7	15	8	0	0.020
72387003160	1999	7	30	10	0	0.007
72387003160	1999	7	30	11	0	0.015
72387003160	1999	7	30	12	0	0.008
72387003160	1999	8	26	21	0	0.310
72387003160	1999	9	17	22	0	0.480
72387003160	1999	9	18	1	0	0.390
72387003160	1999	9	18	14	0	0.390
72387003160	1999	9	19	9	0	0.120
72387003160	1999	9	22	6	0	0.009
72387003160	1999	9	22	7	0	0.002
72387003160	1999	9	22	8	0	0.007
72387003160	1999	9	22	10	0	0.002
72387003160	2000	1	2	11	0	0.010
72387003160	2000	1	24	11	0	0.010
72387003160	2000	1	24	12	0	0.010
72387003160	2000	1	25	4	0	0.005
72387003160	2000	1	25	5	0	0.002
72387003160	2000	1	25	6	0	0.005
72387003160	2000	1	25	7	0	0.001
72387003160	2000	1	25	8	0	0.006
72387003160	2000	1	25	13	0	0.001
72387003160	2000	1	26	0	0	0.080
72387003160	2000	1	26	1	0	0.160
72387003160	2000	1	26	2	0	0.080
72387003160	2000	1	26	3	0	0.080
72387003160	2000	1	30	17	0	0.002
72387003160	2000	1	30	18	0	0.014
72387003160	2000	1	30	19	0	0.011
72387003160	2000	1	30	20	0	0.003
72387003160	2000	2	10	18	0	0.090
72387003160	2000	2	10	19	0	0.090
72387003160	2000	2	10	20	0	0.090
72387003160	2000	2	12	6	0	0.120
72387003160	2000	2	16	22	0	0.105
72387003160	2000	2	16	23	0	0.105
72387003160	2000	2	17	11	0	0.050
72387003160	2000	2	20	19	0	0.083
72387003160	2000	2	20	20	0	0.084
72387003160	2000	2	20	21	0	0.083
72387003160	2000	2	21	3	0	0.115
72387003160	2000	2	21	13	0	0.115
72387003160	2000	2	23	11	0	0.062
72387003160	2000	2	23	14	0	0.062
72387003160	2000	2	23	16	0	0.063
72387003160	2000	2	23	18	0	0.062
72387003160	2000	2	23	19	0	0.062
72387003160	2000	2	23	20	0	0.062
72387003160	2000	2	23	21	0	0.063
72387003160	2000	2	23	22	0	0.062
72387003160	2000	2	23	23	0	0.062
72387003160	2000	2	28	1	0	0.070
72387003160	2000	2	29	22	0	0.207
72387003160	2000	2	29	23	0	0.103
72387003160	2000	3	5	11	0	0.019
72387003160	2000	3	5	12	0	0.046
72387003160	2000	3	5	13	0	0.009
72387003160	2000	3	5	14	0	0.009
72387003160	2000	3	5	15	0	0.028
72387003160	2000	3	5	17	0	0.028
72387003160	2000	3	5	18	0	0.092
72387003160	2000	3	5	19	0	0.019
72387003160	2000	3	8	9	0	0.105
72387003160	2000	3	8	23	0	0.105
72387003160	2000	4	17	18	0	0.065
72387003160	2000	4	17	19	0	0.065
72387003160	2000	4	17	20	0	0.065
72387003160	2000	4	17	22	0	0.065
72387003160	2000	6	22	24	0	0.034
72387003160	2000	9	8	6	0	0.130
72387003160	2000	10	12	8	0	0.090
72387003160	2000	10	23	15	0	0.040
72387003160	2000	10	29	23	0	0.130
72387003160	2000	10	29	24	0	0.060
72387003160	2000	11	10	11	0	0.010
72387003160	2001	1	8	18	0	0.117
72387003160	2001	1	8	19	0	0.116
72387003160	2001	1	8	21	0	0.117
72387003160	2001	1	11	6	0	0.066
72387003160	2001	1	11	9	0	0.065
72387003160	2001	1	11	10	0	0.132
72387003160	2001	1	11	11	0	0.066
72387003160	2001	1	11	13	0	0.065
72387003160	2001	1	11	14	0	0.066
72387003160	2001	1	24	17	0	0.020
72387003160	2001	1	26	16	0	0.103
72387003160	2001	1	26	18	0	0.104
72387003160	2001	1	26	21	0	0.103
72387003160	2001	1	27	10	0	0.040
72387003160	2001	2	7	14	0	0.060
72387003160	2001	2	7	21	0	0.060
72387003160	2001	2	8	1	0	0.010
72387003160	2001	2	12	5	0	0.072
72387003160	2001	2	12	9	0	0.071
72387003160	2001	2	12	10	0	0.072
72387003160	2001	2	12	11	0	0.072
72387003160	2001	2	12	12	0	0.071
72387003160	2001	2	12	13	0	0.072
72387003160	2001	2	13	12	0	0.018
72387003160	2001	2	13	13	0	0.092
72387003160	2001	2	18	7	0	0.010
72387003160	2001	2	26	11	0	0.220
72387003160	2001	2	27	24	0	0.105
72387003160	2001	2	28	1	0	0.052
72387003160	2001	2	28	2	0	0.066
72387003160	2001	2	28	3	0	0.065
72387003160	2001	2	28	4	0	0.040
72387003160	2001	2	28	5	0	0.026
72387003160	2001	2	28	6	0	0.039
72387003160	2001	2	28	7	0	0.066
72387003160	2001	2	28	8	0	0.079
72387003160	2001	2	28	9	0	0.039
72387003160	2001	2	28	10	0	0.013
72387003160	2001	3	6	15	0	0.185
72387003160	2001	3	6	16	0	0.185
72387003160	2001	3	10	12	0	0.070
72387003160	2001	4	7	11	0	0.010
72387003160	2001	4	7	12	0	0.033
72387003160	2001	4	7	13	0	0.010
72387003160	2001	4	7	17	0	0.017
72387003160	2001	4	7	18	0	0.010
72387003160	2001	4	10	2	0	0.010
72387003160	2001	4	11	22	0	0.050
72387003160	2001	4	20	11	0	0.010
72387003160	2001	4	21	2	0	0.010
72387003160	2001	5	12	8	0	0.050
72387003160	2001	5	16	10	0	0.007
72387003160	2001	5	16	11	0	0.015
72387003160	2001	5	16	12	0	0.008
72387003160	2001	5	17	11	0	0.010
72387003160	2001	5	18	11	0	0.010
72387003160	2001	7	2	11	0	0.010
72387003160	2001	7	4	17	0	0.047
72387003160	2001	7	4	21	0	0.093
72387003160	2001	7	5	13	0	0.220
72387003160	2001	7	6	1	0	0.075
72387003160	2001	7	6	3	0	0.075
72387003160	2001	8	8	22	0	0.060
72387003160	2001	9	3	15	0	0.044
72387003160	2001	9	3	16	0	0.016
72387003160	2001	9	12	11	0	0.010
72387003160	2001	10	30	13	0	0.113
72387003160	2001	10	30	16	0	0.338
72387003160	2001	10	30	17	0	0.113
72387003160	2001	10	30	22	0	0.113
72387003160	2001	10	30	23	0	0.113
72387003160	2001	11	12	23	0	0.070
72387003160	2001	11	24	15	0	0.007
72387003160	2001	11	24	16	0	0.003
72387003160	2001	12	2	14	0	0.001
72387003160	2001	12	2	15	0	0.006
72387003160	2001	12	2	16	0	0.002
72387003160	2001	12	2	19	0	0.001
72387003160	2001	12	14	23	0	0.140
72387003160	2002	1	14	9	0	0.006
72387003160	2002	1	14	10	0	0.022
72387003160	2002	1	14	11	0	0.034
72387003160	2002	1	14	12	0	0.022
72387003160	2002	1	14	13	0	0.006
72387003160	2002	1	27	18	0	0.070
72387003160	2002	1	27	19	0	0.070
72387003160	2002	1	28	11	0	0.010
72387003160	2002	1	29	11	0	0.010
72387003160	2002	2	17	11	0	0.020
72387003160	2002	3	17	14	0	0.090
72387003160	2002	3	17	16	0	0.090
72387003160	2002	3	17	18	0	0.090
72387003160	2002	3	17	20	0	0.090
72387003160	2002	3	18	1	0	0.170
72387003160	2002	3	24	5	0	0.005
72387003160	2002	3	24	8	0	0.040
72387003160	2002	3	24	9	0	0.005
72387003160	2002	7	24	15	0	0.060
72387003160	2002	9	11	16	0	0.060
72387003160	2002	10	1	5	0	0.026
72387003160	2002	10	1	15	0	0.010
72387003160	2002	10	1	20	0	0.175
72387003160	2002	10	1	21	0	0.066
72387003160	2002	10	1	23	0	0.033
72387003160	2002	10	26	1	0	0.040
72387003160	2002	10	27	2	0	0.013
72387003160	2002	10	27	3	0	0.064
72387003160	2002	10	27	5	0	0.013
72387003160	2002	11	8	11	0	0.010
72387003160	2002	11	30	2	0	0.114
72387003160	2002	11	30	4	0	0.228
72387003160	2002	11	30	5	0	0.114
72387003160	2002	11	30	7	0	0.114
72387003160	2002	12	16	23	0	0.030
72387003160	2002	12	16	24	0	0.070
72387003160	2003	1	10	12	0	0.080
72387003160	2003	2	11	10	0	0.010
72387003160	2003	2	12	6	0	0.113
72387003160	2003	2	12	7	0	0.114
72387003160	2003	2	12	10	0	0.113
72387003160	2003	2	12	11	0	0.113
72387003160	2003	2	12	12	0	0.114
72387003160	2003	2	12	13	0	0.113
72387003160	2003	2	12	14	0	0.113
72387003160	2003	2	12	15	0	0.114
72387003160	2003	2	12	22	0	0.113
72387003160	2003	2	13	0	0	0.032
72387003160	2003	2	13	1	0	0.032
72387003160	2003	2	13	2	0	0.032
72387003160	2003	2	13	3	0	0.012
72387003160	2003	2	13	4	0	0.012
72387003160	2003	2	14	13	0	0.143
72387003160	2003	2	14	16	0	0.144
72387003160	2003	2	14	18	0	0.143
72387003160	2003	2	20	3	0	0.010
72387003160	2003	2	24	21	0	0.090
72387003160	2003	2	25	1	0	0.075
72387003160	2003	2	25	2	0	0.075
72387003160	2003	2	25	3	0	0.075
72387003160	2003	2	25	10	0	0.075
72387003160	2003	2	27	16	0	0.080
72387003160	2003	2	28	5	0	0.033
72387003160	2003	2	28	6	0	0.021
72387003160	2003	2	28	7	0	0.041
72387003160	2003	2	28	8	0	0.033
72387003160	2003	2	28	9	0	0.041
72387003160	2003	2	28	10	0	0.041
72387003160	2003	3	1	21	0	0.020
72387003160	2003	3	4	12	0	0.020
72387003160	2003	3	15	16	0	0.090
72387003160	2003	3	16	4	0	0.036
72387003160	2003	3	16	5	0	0.014
72387003160	2003	3	16	6	0	0.068
72387003160	2003	3	16	7	0	0.059
72387003160	2003	3	16	8	0	0.022
72387003160	2003	3	16	9	0	0.014
72387003160	2003	3	16	14	0	0.013
72387003160	2003	3	16	17	0	0.014
72387003160	2003	3	17	12	0	0.120
72387003160	2003	4	4	10	0	0.015
72387003160	2003	4	4	15	0	0.015
72387003160	2003	4	5	11	0	0.010
72387003160	2003	4	14	14	0	0.109
72387003160	2003	4	14	15	0	0.108
72387003160	2003	4	14	17	0	0.217
72387003160	2003	4	14	19	0	0.109
72387003160	2003	4	14	21	0	0.217
72387003160	2003	4	14	24	0	0.130
72387003160	2003	4	15	7	0	0.130
72387003160	2003	4	22	12	0	0.090
72387003160	2003	5	2	16	0	0.130
72387003160	2003	5	3	8	0	0.030
72387003160	2003	5	7	17	0	0.050
72387003160	2003	7	30	4	0	0.257
72387003160	2003	7	30	5	0	0.256
72387003160	2003	7	30	6	0	0.257
72387003160	2003	7	31	11	0	0.010
72387003160	2003	8	19	13	0	0.013
72387003160	2003	8	19	14	0	0.037
72387003160	2003	8	20	16	0	0.860
72387003160	2003	8	26	3	0	0.009
72387003160	2003	8	26	6	0	0.056
72387003160	2003	8	26	7	0	0.037
72387003160	2003	8	26	18	0	0.019
72387003160	2003	8	26	19	0	0.009
72387003160	2003	11	1	7	0	0.020
72387003160	2003	11	16	2	0	0.030
72387003160	2003	11	16	4	0	0.020
72387003160	2003	11	16	5	0	0.040
72387003160	2003	11	16	6	0	0.030
72387003160	2003	12	25	16	0	0.276
72387003160	2003	12	25	18	0	0.184
72387003160	2003	12	25	19	0	0.092
72387003160	2003	12	25	20	0	0.092
72387003160	2003	12	25	21	0	0.184
72387003160	2003	12	25	22	0	0.092
72387003160	2003	12	26	3	0	0.007
72387003160	2003	12	26	12	0	0.006
72387003160	2003	12	26	15	0	0.007
72387003160	2004	1	31	7	0	0.020
72387003160	2004	2	3	1	0	0.103
72387003160	2004	2	3	7	0	0.104
72387003160	2004	2	3	11	0	0.103
72387003160	2004	2	23	4	0	0.007
72387003160	2004	2	23	5	0	0.035
72387003160	2004	2	23	6	0	0.014
72387003160	2004	2	23	7	0	0.007
72387003160	2004	2	23	8	0	0.007
72387003160	2004	2	25	20	0	0.006
72387003160	2004	2	25	21	0	0.006
72387003160	2004	2	25	22	0	0.006
72387003160	2004	2	25	23	0	0.012
72387003160	2004	2	26	2	0	0.107
72387003160	2004	2	26	4	0	0.106
72387003160	2004	2	26	6	0	0.107
72387003160	2004	3	1	16	0	0.115
72387003160	2004	3	1	22	0	0.115
72387003160	2004	3	2	6	0	0.135
72387003160	2004	3	2	9	0	0.135
72387003160	2004	8	16	13	0	0.453
72387003160	2004	8	16	14	0	0.157
72387003160	2004	9	3	10	0	0.009
72387003160	2004	9	3	11	0	0.026
72387003160	2004	9	3	12	0	0.026
72387003160	2004	9	3	13	0	0.009
72387003160	2004	9	9	12	0	0.115
72387003160	2004	9	9	13	0	0.009
72387003160	2004	9	9	18	0	0.016
72387003160	2004	9	11	18	0	0.180
72387003160	2004	10	19	20	0	0.180
72387003160	2004	10	20	15	0	1.410
72387003160	2004	10	21	20	0	0.080
72387003160	2004	10	21	21	0	0.080
72387003160	2004	10	27	7	0	0.097
72387003160	2004	10	27	13	0	0.194
72387003160	2004	10	27	14	0	0.098
72387003160	2004	10	27	15	0	0.097
72387003160	2004	10	27	19	0	0.097
72387003160	2004	10	27	21	0	0.097
72387003160	2004	10	28	1	0	0.030
72387003160	2004	11	7	23	0	0.410
72387003160	2004	11	8	5	0	0.060
72387003160	2004	11	8	8	0	0.060
72387003160	2004	11	22	11	0	0.040
72387003160	2004	11	27	19	0	0.020
72387003160	2004	12	28	18	0	0.102
72387003160	2004	12	28	19	0	0.103
72387003160	2004	12	28	22	0	0.102
72387003160	2004	12	28	23	0	0.103
72387003160	2004	12	28	24	0	0.202
72387003160	2004	12	29	1	0	0.101
72387003160	2004	12	29	3	0	0.202
72387003160	2004	12	29	4	0	0.505
72387003160	2005	1	3	5	0	0.125
72387003160	2005	1	3	15	0	0.125
72387003160	2005	1	4	2	0	0.057
72387003160	2005	1	4	11	0	0.056
72387003160	2005	1	4	12	0	0.057
72387003160	2005	1	5	1	0	0.040
72387003160	2005	1	6	13	0	0.030
72387003160	2005	1	7	9	0	0.031
72387003160	2005	1	7	10	0	0.094
72387003160	2005	1	7	11	0	0.042
72387003160	2005	1	7	12	0	0.021
72387003160	2005	1	7	13	0	0.032
72387003160	2005	1	7	15	0	0.010
72387003160	2005	1	8	11	0	0.060
72387003160	2005	1	9	22	0	0.110
72387003160	2005	1	10	20	0	0.150
72387003160	2005	1	10	24	0	0.080
72387003160	2005	1	11	1	0	0.080
72387003160	2005	1	11	4	0	0.080
72387003160	2005	1	26	6	0	0.028
72387003160	2005	1	26	7	0	0.064
72387003160	2005	1	26	8	0	0.063
72387003160	2005	1	26	9	0	0.029
72387003160	2005	1	26	10	0	0.017
72387003160	2005	1	26	11	0	0.018
72387003160	2005	1	26	13	0	0.010
72387003160	2005	1	26	16	0	0.011
72387003160	2005	1	27	6	0	0.010
72387003160	2005	1	28	15	0	0.010
72387003160	2005	1	29	12	0	0.019
72387003160	2005	1	29	13	0	0.031
72387003160	2005	2	11	8	0	0.115
72387003160	2005	2	11	11	0	0.115
72387003160	2005	2	11	24	0	0.015
72387003160	2005	2	12	1	0	0.010
72387003160	2005	2	12	6	0	0.005
72387003160	2005	2	18	4	0	0.124
72387003160	2005	2	18	17	0	0.124
72387003160	2005	2	18	18	0	0.248
72387003160	2005	2	18	19	0	0.124
72387003160	2005	2	19	8	0	0.014
72387003160	2005	2	19	10	0	0.023
72387003160	2005	2	19	11	0	0.014
72387003160	2005	2	19	12	0	0.028
72387003160	2005	2	19	13	0	0.079
72387003160	2005	2	19	14	0	0.042
72387003160	2005	2	21	1	0	0.185
72387003160	2005	2	21	3	0	0.093
72387003160	2005	2	21	4	0	0.092
72387003160	2005	2	21	5	0	0.093
72387003160	2005	2	21	7	0	0.092
72387003160	2005	2	21	10	0	0.093
72387003160	2005	2	21	23	0	0.092
72387003160	2005	2	22	4	0	0.075
72387003160	2005	2	22	5	0	0.075
72387003160	2005	2	23	15	0	0.080
72387003160	2005	2	26	13	0	0.140
72387003160	2005	3	2	19	0	0.020
72387003160	2005	3	19	1	0	0.030
72387003160	2005	3	22	21	0	0.003
72387003160	2005	3	22	22	0	0.007
72387003160	2005	3	24	19	0	0.060
72387003160	2005	3	25	18	0	0.010
72387003160	2005	3	28	15	0	0.090
72387003160	2005	4	3	24	0	0.080
72387003160	2005	4	28	13	0	0.060
72387003160	2005	5	5	16	0	0.080
72387003160	2005	5	6	12	0	0.080
72387003160	2005	5	6	15	0	0.080
72387003160	2005	6	22	3	0	0.006
72387003160	2005	6	22	17	0	0.007
72387003160	2005	6	22	19	0	0.017
72387003160	2005	7	21	4	0	0.030
72387003160	2005	7	22	7	0	0.440
72387003160	2005	7	23	24	0	0.070
72387003160	2005	7	24	17	0	0.070
72387003160	2005	7	28	20	0	0.147
72387003160	2005	7	28	22	0	0.073
72387003160	2005	7	31	9	0	0.005
72387003160	2005	7	31	10	0	0.027
72387003160	2005	7	31	11	0	0.053
72387003160	2005	7	31	12	0	0.053
72387003160	2005	7	31	13	0	0.027
72387003160	2005	7	31	14	0	0.005
72387003160	2005	8	9	8	0	0.100
72387003160	2005	8	14	23	0	0.020
72387003160	2005	9	20	12	0	0.095
72387003160	2005	9	20	13	0	0.095
72387003160	2005	9	20	17	0	0.095
72387003160	2005	9	20	21	0	0.095
72387003160	2005	9	26	14	0	0.010
72387003160	2005	9	27	9	0	0.020
72387003160	2005	10	17	6	0	0.068
72387003160	2005	10	17	12	0	0.068
72387003160	2005	10	17	18	0	0.068
72387003160	2005	10	17	21	0	0.136
72387003160	2005	10	17	24	0	0.140
72387003160	2005	10	25	1	0	0.110
72387003160	2005	10	27	11	0	0.010
72387003160	2005	11	11	8	0	0.090
72387003160	2006	1	1	14	0	0.090
72387003160	2006	1	1	19	0	0.090
72387003160	2006	1	2	21	0	0.075
72387003160	2006	1	2	22	0	0.075
72387003160	2006	2	19	4	0	0.040
72387003160	2006	2	27	17	0	0.075
72387003160	2006	2	27	19	0	0.150
72387003160	2006	2	27	21	0	0.075
72387003160	2006	2	28	2	0	0.097
72387003160	2006	2	28	9	0	0.098
72387003160	2006	2	28	10	0	0.097
72387003160	2006	2	28	11	0	0.098
72387003160	2006	3	3	20	0	0.050
72387003160	2006	3	7	23	0	0.080
72387003160	2006	3	11	11	0	0.010
72387003160	2006	3	12	1	0	0.020
72387003160	2006	3	18	11	0	0.050
72387003160	2006	3	21	7	0	0.040
72387003160	2006	3	27	24	0	0.060
72387003160	2006	3	28	1	0	0.119
72387003160	2006	3	28	2	0	0.059
72387003160	2006	3	28	4	0	0.060
72387003160	2006	3	28	5	0	0.119
72387003160	2006	3	28	7	0	0.059
72387003160	2006	3	28	8	0	0.060
72387003160	2006	3	28	9	0	0.059
72387003160	2006	3	28	10	0	0.060
72387003160	2006	3	28	11	0	0.060
72387003160	2006	3	28	12	0	0.059
72387003160	2006	3	28	13	0	0.060
72387003160	2006	3	28	15	0	0.059
72387003160	2006	3	28	18	0	0.060
72387003160	2006	3	28	19	0	0.059
72387003160	2006	3	28	20	0	0.179
72387003160	2006	3	28	21	0	0.119
72387003160	2006	4	3	24	0	0.106
72387003160	2006	4	4	1	0	0.079
72387003160	2006	4	4	4	0	0.079
72387003160	2006	4	4	5	0	0.027
72387003160	2006	4	4	6	0	0.053
72387003160	2006	4	4	8	0	0.026
72387003160	2006	4	4	24	0	0.070
72387003160	2006	4	5	1	0	0.070
72387003160	2006	4	5	3	0	0.070
72387003160	2006	6	7	10	0	0.023
72387003160	2006	6	7	11	0	0.047
72387003160	2006	6	13	15	0	0.060
72387003160	2006	7	17	21	0	0.110
72387003160	2006	9	3	19	0	0.050
72387003160	2006	9	5	11	0	0.010
72387003160	2006	9	7	1	0	0.110
72387003160	2006	9	8	18	0	0.070
72387003160	2006	10	2	2	0	0.020
72387003160	2006	10	13	23	0	0.060
72387003160	2006	10	14	6	0	0.080
72387003160	2006	12	10	3	0	0.010
72387003160	2006	12	16	18	0	0.060
72387003160	2006	12	16	19	0	0.120
72387003160	2006	12	16	20	0	0.060
72387003160	2006	12	16	21	0	0.060
72387003160	2006	12	16	23	0	0.060
72387003160	2006	12	27	1	0	0.030
72387003160	2008	1	5	0	0	0.045
72387003160	2008	1	5	7	0	0.04
72387003160	2008	1	5	8	0	0.07
72387003160	2008	1	5	9	0	0.07
72387003160	2008	1	5	10	0	0.11
72387003160	2008	1	5	11	0	0.02
72387003160	2008	1	5	12	0	0.016
72387003160	2008	1	5	15	0	0.001
72387003160	2008	1	5	21	0	0.01
72387003160	2008	1	5	22	0	0.01
72387003160	2008	1	5	23	0	0.01
72387003160	2008	1	6	0	0	0.01
72387003160	2008	1	24	12	0	0.03
72387003160	2008	1	27	10	0	0.08
72387003160	2008	1	27	11	0	0.02
72387003160	2008	1	27	12	0	0.13
72387003160	2008	1	27	13	0	0.06
72387003160	2008	1	27	14	0	0.02
72387003160	2008	1	27	15	0	0.02
72387003160	2008	1	27	16	0	0.02
72387003160	2008	1	28	0	0	0.01
72387003160	2008	2	3	22	0	0.02
72387003160	2008	2	3	23	0	0.02
72387003160	2008	2	4	0	0	0.02
72387003160	2008	2	20	20	0	0.01
72387003160	2008	2	22	22	0	0.02
72387003160	2008	2	24	8	0	0.01
72387003160	2008	2	24	9	0	0.02
72387003160	2008	2	24	10	0	0.01
72387003160	2008	2	24	12	0	0.01
72387003160	2008	5	24	9	0	0.01
72387003160	2008	5	25	11	0	0.01
72387003160	2008	5	25	13	0	0.02
72387003160	2008	5	25	14	0	0.01
72387003160	2008	5	25	17	0	0.02
72387003160	2008	5	25	18	0	0.01
72387003160	2008	7	17	1	0	0.01
72387003160	2008	7	20	12	0	0.01
72387003160	2008	7	20	13	0	0.01
72387003160	2008	7	20	19	0	0.03
72387003160	2008	10	5	3	0	0.15
72387003160	2008	11	1	22	0	0.07
72387003160	2008	11	1	23	0	0.28
72387003160	2008	11	2	0	0	0.22
72387003160	2008	11	2	1	0	0.01
72387003160	2008	11	9	18	0	0.01
72387003160	2008	11	9	19	0	0.01
72387003160	2008	11	26	13	0	0.04
72387003160	2008	11	26	14	0	0.1
72387003160	2008	11	26	15	0	0.2
72387003160	2008	11	26	16	0	0.04
72387003160	2008	11	27	0	0	0.05
72387003160	2008	11	27	2	0	0.05
72387003160	2008	11	27	4	0	0.02
72387003160	2008	11	27	5	0	0.02
72387003160	2008	11	27	6	0	0.01
72387003160	2008	11	27	22	0	0.08
72387003160	2008	12	8	1	0	0.01
72387003160	2008	12	8	2	0	0.02
72387003160	2008	12	8	3	0	0.02
72387003160	2008	12	15	14	0	0.01
72387003160	2008	12	15	17	0	0.07
72387003160	2008	12	15	18	0	0.07
72387003160	2008	12	18	0	0	0.01
72387003160	2008	12	18	1	0	0.02
72387003160	2008	12	18	2	0	0.01
72387003160	2008	12	18	7	0	0.03
72387003160	2008	12	18	8	0	0.02
72387003160	2008	12	18	9	0	0.04
72387003160	2008	12	18	10	0	0.02
72387003160	2008	12	18	11	0	0.01
72387003160	2008	12	25	3	0	0.01
72387003160	2008	12	25	4	0	0.02
72387003160	2008	12	25	5	0	0.01
72387003160	2008	12	25	22	0	0.01
72387003160	2009	1	23	0	0	0.02
72387003160	2009	1	23	1	0	0.03
72387003160	2009	1	23	19	0	0.02
72387003160	2009	1	23	20	0	0.01
72387003160	2009	1	23	21	0	0.04
72387003160	2009	1	24	2	0	0.01
72387003160	2009	1	24	3	0	0.02
72387003160	2009	1	24	7	0	0.02
72387003160	2009	1	26	0	0	0.02
72387003160	2009	1	26	1	0	0.07
72387003160	2009	1	26	4	0	0.01
72387003160	2009	1	26	20	0	0.03
72387003160	2009	2	6	3	0	0.01
72387003160	2009	2	6	5	0	0.04
72387003160	2009	2	6	6	0	0.02
72387003160	2009	2	6	17	0	0.01
72387003160	2009	2	6	18	0	0.02
72387003160	2009	2	7	10	0	0.01
72387003160	2009	2	7	21	0	0.06
72387003160	2009	2	7	22	0	0.03
72387003160	2009	2	7	23	0	0.12
72387003160	2009	2	8	0	0	0.07
72387003160	2009	2	8	11	0	0.01
72387003160	2009	2	9	13	0	0.02
72387003160	2009	2	10	1	0	0.02
72387003160	2009	2	12	4	0	0.01
72387003160	2009	2	13	23	0	0.01
72387003160	2009	2	17	0	0	0.11
72387003160	2009	2	17	1	0	0.01
72387003160	2009	2	23	10	0	0.01
72387003160	2009	2	23	15	0	0.01
72387003160	2009	2	23	16	0	0.01
72387003160	2009	2	23	17	0	0.04
72387003160	2009	3	22	22	0	0.01
72387003160	2009	3	22	23	0	0.031
72387003160	2009	4	11	3	0	0.03
72387003160	2009	4	15	2	0	0.02
72387003160	2009	5	28	19	0	0.02
72387003160	2009	5	30	19	0	0.08
72387003160	2009	6	18	8	0	0.01
72387003160	2009	6	25	13	0	0.006
72387003160	2009	7	21	6	0	0.04
72387003160	2009	7	23	5	0	0.02
72387003160	2009	8	23	0	0	0.03
72387003160	2009	8	23	1	0	0.01
72387003160	2009	8	23	2	0	0.01
72387003160	2009	8	23	5	0	0.01
72387003160	2009	8	23	6	0	0.01
72387003160	2009	11	13	3	0	0.01
72387003160	2009	11	13	4	0	0.03
72387003160	2009	11	13	5	0	0.03
72387003160	2009	11	13	6	0	0.02
72387003160	2009	11	13	9	0	0.01
72387003160	2009	12	7	23	0	0.02
72387003160	2009	12	8	6	0	0.04
72387003160	2009	12	8	7	0	0.01
72387003160	2009	12	12	20	0	0.01
72387003160	2009	12	12	21	0	0.04
72387003160	2009	12	12	22	0	0.03
72387003160	2009	12	12	23	0	0.03
72387003160	2009	12	13	3	0	0.01
72387003160	2009	12	13	7	0	0.01
72387003160	2009	12	22	16	0	0.02
72387003160	2009	12	22	17	0	0.09
72387003160	2009	12	22	18	0	0.01
72387003160	2010	1	13	13	0	0.04
72387003160	2010	1	13	19	0	0.02
72387003160	2010	1	13	20	0	0.02
72387003160	2010	1	18	4	0	0.02
72387003160	2010	1	18	5	0	0.01
72387003160	2010	1	18	6	0	0.01
72387003160	2010	1	18	7	0	0.01
72387003160	2010	1	18	8	0	0.01
72387003160	2010	1	18	11	0	0.02
72387003160	2010	1	18	12	0	0.02
72387003160	2010	1	18	13	0	0.05
72387003160	2010	1	18	14	0	0.02
72387003160	2010	1	18	15	0	0.07
72387003160	2010	1	18	16	0	0.07
72387003160	2010	1	18	17	0	0.06
72387003160	2010	1	19	0	0	0.13
72387003160	2010	1	19	1	0	0.14
72387003160	2010	1	20	0	0	0.01
72387003160	2010	1	20	1	0	0.08
72387003160	2010	1	20	2	0	0.1
72387003160	2010	1	20	3	0	0.02
72387003160	2010	1	20	7	0	0.01
72387003160	2010	1	21	21	0	0.01
72387003160	2010	1	21	22	0	0.07
72387003160	2010	1	21	23	0	0.12
72387003160	2010	1	22	0	0	0.02
72387003160	2010	1	22	1	0	0.09
72387003160	2010	1	22	2	0	0.01
72387003160	2010	1	27	4	0	0.01
72387003160	2010	1	27	8	0	0.01
72387003160	2010	1	27	9	0	0.01
72387003160	2010	1	27	10	0	0.06
72387003160	2010	1	27	11	0	0.05
72387003160	2010	1	27	12	0	0.05
72387003160	2010	2	5	23	0	0.01
72387003160	2010	2	6	1	0	0.04
72387003160	2010	2	6	4	0	0.01
72387003160	2010	2	6	8	0	0.01
72387003160	2010	2	6	10	0	0.01
72387003160	2010	2	6	11	0	0.05
72387003160	2010	2	6	16	0	0.02
72387003160	2010	2	6	17	0	0.01
72387003160	2010	2	6	18	0	0.06
72387003160	2010	2	6	19	0	0.12
72387003160	2010	2	7	1	0	0.14
72387003160	2010	2	7	2	0	0.05
72387003160	2010	2	7	3	0	0.02
72387003160	2010	2	7	6	0	0.01
72387003160	2010	2	9	15	0	0.01
72387003160	2010	2	9	18	0	0.05
72387003160	2010	2	9	19	0	0.02
72387003160	2010	2	9	21	0	0.03
72387003160	2010	2	9	22	0	0.2
72387003160	2010	2	9	23	0	0.02
72387003160	2010	2	21	1	0	0.04
72387003160	2010	2	22	8	0	0.01
72387003160	2010	2	22	9	0	0.02
72387003160	2010	2	22	10	0	0.01
72387003160	2010	2	22	11	0	0.01
72387003160	2010	2	27	14	0	0.02
72387003160	2010	2	27	15	0	0.02
72387003160	2010	2	27	16	0	0.04
72387003160	2010	2	27	17	0	0.05
72387003160	2010	2	27	18	0	0.07
72387003160	2010	2	27	20	0	0.01
72387003160	2010	2	27	23	0	0.01
72387003160	2010	2	28	1	0	0.01
72387003160	2010	2	28	2	0	0.04
72387003160	2010	2	28	3	0	0.07
72387003160	2010	2	28	4	0	0.04
72387003160	2010	2	28	5	0	0.02
72387003160	2010	3	7	5	0	0.02
72387003160	2010	3	7	7	0	0.04
72387003160	2010	3	7	8	0	0.02
72387003160	2010	3	7	10	0	0.01
72387003160	2010	3	9	14	0	0.12
72387003160	2010	3	9	15	0	0.03
72387003160	2010	4	1	3	0	0.05
72387003160	2010	4	12	10	0	0.11
72387003160	2010	4	12	11	0	0.07
72387003160	2010	4	21	5	0	0.02
72387003160	2010	4	21	6	0	0.01
72387003160	2010	4	22	14	0	0.03
72387003160	2010	4	22	15	0	0.01
72387003160	2010	4	22	16	0	0.02
72387003160	2010	4	22	17	0	0.01
72387003160	2010	4	22	21	0	0.04
72387003160	2010	5	23	19	0	0.05
72387003160	2010	5	23	20	0	0.06
72387003160	2010	7	26	15	0	0.01
72387003160	2010	7	28	10	0	0.055
72387003160	2010	10	3	22	0	0.14
72387003160	2010	10	4	3	0	0.01
72387003160	2010	10	5	2	0	0.09
72387003160	2010	10	5	4	0	0.01
72387003160	2010	10	18	1	0	0.01
72387003160	2010	10	18	2	0	0.02
72387003160	2010	10	18	3	0	0.01
72387003160	2010	10	18	6	0	0.09
72387003160	2010	10	18	7	0	0.01
72387003160	2010	10	18	8	0	0.02
72387003160	2010	10	20	15	0	0.07
72387003160	2010	10	20	17	0	0.01
72387003160	2010	10	21	16	0	0.01
72387003160	2010	10	30	15	0	0.01
72387003160	2010	11	7	4	0	0.02
72387003160	2010	11	7	5	0	0.03
72387003160	2010	11	8	16	0	0.09
72387003160	2010	11	28	7	0	0.01
72387003160	2010	11	28	8	0	0.03
72387003160	2010	12	6	5	0	0.04
72387003160	2010	12	6	6	0	0.05
72387003160	2010	12	6	7	0	0.06
72387003160	2010	12	6	8	0	0.01
72387003160	2010	12	6	9	0	0.13
72387003160	2010	12	6	10	0	0.05
72387003160	2010	12	17	15	0	0.05
72387003160	2010	12	17	16	0	0.05
72387003160	2010	12	17	17	0	0.02
72387003160	2010	12	17	19	0	0.02
72387003160	2010	12	17	20	0	0.04
72387003160	2010	12	17	22	0	0.01
72387003160	2010	12	17	23	0	0.01
72387003160	2010	12	18	4	0	0.02
72387003160	2010	12	18	7	0	0.07
72387003160	2010	12	19	11	0	0.02
72387003160	2010	12	19	14	0	0.01
72387003160	2010	12	19	15	0	0.03
72387003160	2010	12	19	16	0	0.018
72387003160	2010	12	19	17	0	0.02
72387003160	2010	12	19	18	0	0.031
72387003160	2010	12	19	19	0	0.023
72387003160	2010	12	19	20	0	0.02
72387003160	2010	12	19	21	0	0.034
72387003160	2010	12	19	22	0	0.03
72387003160	2010	12	19	23	0	0.031
72387003160	2010	12	20	0	0	0.031
72387003160	2010	12	20	1	0	0.028
72387003160	2010	12	20	2	0	0.019
72387003160	2010	12	20	3	0	0.011
72387003160	2010	12	20	4	0	0.017
72387003160	2010	12	20	5	0	0.007
72387003160	2010	12	20	6	0	0.001
72387003160	2010	12	20	7	0	0.004
72387003160	2010	12	20	10	0	0.001
72387003160	2010	12	20	11	0	0.04
72387003160	2010	12	20	12	0	0.001
72387003160	2010	12	20	13	0	0.03
72387003160	2010	12	20	14	0	0.043
72387003160	2010	12	20	15	0	0.053
72387003160	2010	12	20	16	0	0.034
72387003160	2010	12	20	17	0	0.038
72387003160	2010	12	20	18	0	0.01
72387003160	2010	12	20	19	0	0.04
72387003160	2010	12	20	20	0	0.09
72387003160	2010	12	20	21	0	0.08
72387003160	2010	12	20	22	0	0.08
72387003160	2010	12	20	23	0	0.12
72387003160	2010	12	21	0	0	0.11
72387003160	2010	12	21	1	0	0.1
72387003160	2010	12	21	2	0	0.09
72387003160	2010	12	21	3	0	0.19
72387003160	2010	12	21	4	0	0.1
72387003160	2010	12	21	5	0	0.14
72387003160	2010	12	21	6	0	0.16
72387003160	2010	12	21	7	0	0.11
72387003160	2010	12	21	8	0	0.12
72387003160	2010	12	21	9	0	0.12
72387003160	2010	12	21	10	0	0.01
72387003160	2010	12	21	11	0	0.05
72387003160	2010	12	21	12	0	0.01
72387003160	2010	12	21	13	0	0.022
72387003160	2010	12	21	14	0	0.007
72387003160	2010	12	22	0	0	0.01
72387003160	2010	12	22	1	0	0.01
72387003160	2010	12	22	2	0	0.07
72387003160	2010	12	22	3	0	0.11
72387003160	2010	12	22	4	0	0.07
72387003160	2010	12	22	5	0	0.15
72387003160	2010	12	22	6	0	0.13
72387003160	2010	12	22	7	0	0.04
72387003160	2010	12	22	8	0	0.01
72387003160	2010	12	22	9	0	0.02
72387003160	2010	12	22	10	0	0.04
72387003160	2010	12	22	11	0	0.28
72387003160	2010	12	22	12	0	0.2
72387003160	2010	12	22	13	0	0.23
72387003160	2010	12	22	14	0	0.13
72387003160	2010	12	22	15	0	0.06
72387003160	2010	12	22	16	0	0.05
72387003160	2010	12	22	17	0	0.03
72387003160	2010	12	22	18	0	0.005
72387003160	2010	12	22	19	0	0.1
72387003160	2010	12	22	20	0	0.06
72387003160	2010	12	22	21	0	0.12
72387003160	2010	12	22	22	0	0.18
72387003160	2010	12	22	23	0	0.02
72387003160	2010	12	23	0	0	0.077
72387003160	2010	12	23	1	0	0.01
72387003160	2010	12	23	2	0	0.07
72387003160	2010	12	23	3	0	0.07
72387003160	2010	12	23	4	0	0.017
72387003160	2010	12	23	7	0	0.017
72387003160	2010	12	26	8	0	0.01
72387003160	2010	12	26	9	0	0.06
72387003160	2010	12	26	10	0	0.02
72387003160	2010	12	30	2	0	0.05
72387003160	2010	12	30	3	0	0.01
72387003160	2011	1	3	5	0	0.01
72387003160	2011	1	3	7	0	0.01
72387003160	2011	1	3	9	0	0.01
72387003160	2011	1	3	12	0	0.01
72387003160	2011	1	3	13	0	0.01
72387003160	2011	1	3	14	0	0.03
72387003160	2011	1	3	15	0	0.01
72387003160	2011	1	3	19	0	0.01
72387003160	2011	1	3	20	0	0.02
72387003160	2011	1	3	23	0	0.01
72387003160	2011	1	31	0	0	0.02
72387003160	2011	2	19	12	0	0.17
72387003160	2011	2	19	13	0	0.01
72387003160	2011	2	26	10	0	0.01
72387003160	2011	2	26	11	0	0.03
72387003160	2011	2	26	12	0	0.06
72387003160	2011	2	26	13	0	0.02
72387003160	2011	3	21	9	0	0.01
72387003160	2011	3	21	10	0	0.06
72387003160	2011	3	21	11	0	0.01
72387003160	2011	3	22	3	0	0.05
72387003160	2011	3	24	3	0	0.02
72387003160	2011	3	24	4	0	0.15
72387003160	2011	3	24	5	0	0.1
72387003160	2011	5	9	6	0	0.08
72387003160	2011	5	9	7	0	0.01
72387003160	2011	5	10	4	0	0.01
72387003160	2011	5	10	6	0	0.01
72387003160	2011	5	18	20	0	0.04
72387003160	2011	5	18	22	0	0.01
72387003160	2011	5	29	18	0	0.05
72387003160	2011	7	6	3	0	0.26
72387003160	2011	7	6	4	0	0.01
72387003160	2011	7	7	2	0	0.019
72387003160	2011	7	30	4	0	0.02
72387003160	2011	7	30	5	0	0.01
72387003160	2011	7	31	19	0	0.08
72387003160	2011	7	31	20	0	0.18
72387003160	2011	7	31	21	0	0.08
72387003160	2011	9	11	9	0	0.04
72387003160	2011	9	14	7	0	0.01
72387003160	2011	9	14	11	0	0.02
72387003160	2011	9	14	12	0	0.02
72387003160	2011	9	14	13	0	0.01
72387003160	2011	10	1	7	0	0.01
72387003160	2011	10	5	18	0	0.01
72387003160	2011	10	5	21	0	0.05
72387003160	2011	10	5	22	0	0.13
72387003160	2011	10	5	23	0	0.07
72387003160	2011	10	6	0	0	0.01
72387003160	2011	10	26	4	0	0.01
72387003160	2011	11	12	12	0	0.01
72387003160	2011	12	13	4	0	0.01
72387003160	2011	12	13	5	0	0.03
72387003160	2011	12	13	6	0	0.03
72387003160	2011	12	13	7	0	0.02
72387003160	2011	12	18	18	0	0.01
72387003160	2012	1	21	20	0	0.02
72387003160	2012	1	23	14	0	0.02
72387003160	2012	1	23	20	0	0.01
72387003160	2012	1	23	22	0	0.01
72387003160	2012	1	23	23	0	0.01
72387003160	2012	1	24	1	0	0.01
72387003160	2012	2	14	9	0	0.04
72387003160	2012	2	14	10	0	0.05
72387003160	2012	2	14	11	0	0.01
72387003160	2012	2	15	18	0	0.03
72387003160	2012	2	15	19	0	0.04
72387003160	2012	2	15	20	0	0.01
72387003160	2012	2	28	2	0	0.01
72387003160	2012	3	17	20	0	0.03
72387003160	2012	3	17	21	0	0.08
72387003160	2012	3	17	22	0	0.1
72387003160	2012	3	17	23	0	0.14
72387003160	2012	3	18	0	0	0.37
72387003160	2012	3	18	1	0	0.01
72387003160	2012	3	26	4	0	0.11
72387003160	2012	3	26	5	0	0.11
72387003160	2012	4	14	0	0	0.02
72387003160	2012	4	14	1	0	0.03
72387003160	2012	4	14	2	0	0.03
72387003160	2012	4	14	3	0	0.03
72387003160	2012	4	14	4	0	0.1
72387003160	2012	4	14	5	0	0.03
72387003160	2012	4	14	6	0	0.01
72387003160	2012	4	14	9	0	0.01
72387003160	2012	4	14	10	0	0.01
72387003160	2012	4	14	11	0	0.03
72387003160	2012	4	14	12	0	0.03
72387003160	2012	4	14	13	0	0.01
72387003160	2012	4	15	2	0	0.01
72387003160	2012	7	13	4	0	0.03
72387003160	2012	7	22	20	0	0.001
72387003160	2012	7	23	20	0	0.03
72387003160	2012	7	23	21	0	0.14
72387003160	2012	7	23	22	0	0.09
72387003160	2012	8	1	5	0	0.02
72387003160	2012	8	12	0	0	0.07
72387003160	2012	8	12	7	0	0.05
72387003160	2012	8	22	11	0	0.09
72387003160	2012	8	22	12	0	0.14
72387003160	2012	8	22	15	0	0.19
72387003160	2012	8	22	16	0	0.07
72387003160	2012	8	22	17	0	0.01
72387003160	2012	8	22	18	0	0.01
72387003160	2012	8	22	19	0	0.06
72387003160	2012	8	30	10	0	0.01
72387003160	2012	10	11	10	0	0.04
72387003160	2012	10	11	11	0	0.04
72387003160	2012	10	11	12	0	0.1
72387003160	2012	10	11	13	0	0.07
72387003160	2012	10	11	14	0	0.01
72387003160	2012	10	11	15	0	0.19
72387003160	2012	10	11	22	0	0.01
72387003160	2012	10	11	23	0	0.03
72387003160	2012	10	12	0	0	0.02
72387003160	2012	10	12	4	0	0.05
72387003160	2012	10	12	7	0	0.01
72387003160	2012	10	12	8	0	0.02
72387003160	2012	11	10	3	0	0.03
72387003160	2012	11	10	4	0	0.03
72387003160	2012	11	10	5	0	0.01
72387003160	2012	11	16	23	0	0.01
72387003160	2012	11	17	8	0	0.02
72387003160	2012	12	13	19	0	0.08
72387003160	2012	12	13	20	0	0.09
72387003160	2012	12	13	21	0	0.17
72387003160	2012	12	13	22	0	0.02
72387003160	2012	12	15	9	0	0.04
72387003160	2012	12	15	10	0	0.04
72387003160	2012	12	15	11	0	0.01
72387003160	2012	12	15	13	0	0.01
72387003160	2012	12	15	14	0	0.02
72387003160	2012	12	19	1	0	0.01
72387003160	2012	12	19	2	0	0.02
72387003160	2013	1	24	14	0	0.01
72387003160	2013	1	24	16	0	0.01
72387003160	2013	1	24	22	0	0.01
72387003160	2013	1	25	0	0	0.01
72387003160	2013	1	26	5	0	0.04
72387003160	2013	1	26	6	0	0.03
72387003160	2013	1	26	7	0	0.02
72387003160	2013	1	26	8	0	0.01
72387003160	2013	1	26	9	0	0.03
72387003160	2013	1	26	10	0	0.04
72387003160	2013	1	26	11	0	0.08
72387003160	2013	1	26	12	0	0.04
72387003160	2013	1	26	13	0	0.01
72387003160	2013	1	26	18	0	0.01
72387003160	2013	1	26	19	0	0.01
72387003160	2013	2	8	21	0	0.02
72387003160	2013	2	8	22	0	0.02
72387003160	2013	2	8	23	0	0.01
72387003160	2013	3	8	17	0	0.02
72387003160	2013	3	8	18	0	0.04
72387003160	2013	3	8	19	0	0.05
72387003160	2013	3	8	20	0	0.01
72387003160	2013	3	9	0	0	0.02
72387003160	2013	3	9	1	0	0.04
72387003160	2013	3	9	2	0	0.02
72387003160	2013	3	9	3	0	0.01
72387003160	2013	3	9	7	0	0.01
72387003160	2013	4	8	13	0	0.05
72387003160	2013	4	8	22	0	0.01
72387003160	2013	5	9	20	0	0.11
72387003160	2013	5	9	21	0	0.03
72387003160	2013	5	9	22	0	0.04
72387003160	2013	7	23	6	0	0.02
72387003160	2013	7	27	10	0	0.11
72387003160	2013	7	29	0	0	0.1
72387003160	2013	7	29	1	0	0.17
72387003160	2013	8	18	22	0	0.03
72387003160	2013	8	19	2	0	0.004
72387003160	2013	8	19	3	0	0.01
72387003160	2013	9	3	11	0	0.01
72387003160	2013	9	4	23	0	0.045
72387003160	2013	9	11	0	0	0.2
72387003160	2013	9	11	22	0	0.29
72387003160	2013	10	10	0	0	0.05
72387003160	2013	10	10	3	0	0.05
72387003160	2013	10	10	4	0	0.06
72387003160	2013	10	10	5	0	0.03
72387003160	2013	10	10	6	0	0.01
72387003160	2013	10	10	7	0	0.02
72387003160	2013	10	10	9	0	0.01
72387003160	2013	10	10	10	0	0.01
72387003160	2013	10	30	5	0	0.01
72387003160	2013	11	21	19	0	0.01
72387003160	2013	11	21	20	0	0.149
72387003160	2013	11	21	21	0	0.12
72387003160	2013	11	21	22	0	0.16
72387003160	2013	11	21	23	0	0.17
72387003160	2013	11	22	0	0	0.06
72387003160	2013	11	22	1	0	0.05
72387003160	2013	11	22	2	0	0.03
72387003160	2013	11	22	8	0	0.019
72387003160	2013	11	22	9	0	0.02
72387003160	2013	11	22	10	0	0.02
72387003160	2013	11	23	1	0	0.01
72387003160	2013	11	23	21	0	0.01
72387003160	2013	11	23	22	0	0.04
72387003160	2013	11	23	23	0	0.04
72387003160	2013	11	24	0	0	0.03
72387003160	2013	11	24	1	0	0.02
72387003160	2013	11	24	3	0	0.01
72387003160	2013	12	4	5	0	0.01
72387003160	2013	12	4	6	0	0.02
72387003160	2013	12	4	7	0	0.03
72387003160	2014	1	31	12	0	0.07
72387003160	2014	1	31	13	0	0.02
72387003160	2014	2	28	16	0	0.01
72387003160	2014	2	28	17	0	0.01
72387003160	2014	2	28	20	0	0.01
72387003160	2014	2	28	21	0	0.03
72387003160	2014	2	28	22	0	0.09
72387003160	2014	2	28	23	0	0.01
72387003160	2014	3	1	0	0	0.03
72387003160	2014	3	1	2	0	0.19
72387003160	2014	3	1	3	0	0.04
72387003160	2014	3	26	19	0	0.01
72387003160	2014	3	30	16	0	0.03
72387003160	2014	4	2	17	0	0.01
72387003160	2014	4	26	11	0	0.01
72387003160	2014	4	26	12	0	0.03
72387003160	2014	4	26	13	0	0.06
72387003160	2014	4	26	15	0	0.02
72387003160	2014	5	6	22	0	0.02
72387003160	2014	5	6	23	0	0.05
72387003160	2014	5	7	3	0	0.09
72387003160	2014	5	7	4	0	0.02
72387003160	2014	7	6	5	0	0.01
72387003160	2014	7	7	8	0	0.01
72387003160	2014	7	8	6	0	0.05
72387003160	2014	7	8	7	0	0.01
72387003160	2014	7	15	19	0	0.11
72387003160	2014	7	28	23	0	0.01
72387003160	2014	8	3	8	0	0.02
72387003160	2014	8	3	13	0	0.02
72387003160	2014	8	3	14	0	0.03
72387003160	2014	8	3	21	0	0.02
72387003160	2014	8	3	22	0	0.01
72387003160	2014	8	4	7	0	0.02
72387003160	2014	8	4	8	0	0.04
72387003160	2014	8	4	9	0	0.5
72387003160	2014	8	4	10	0	0.17
72387003160	2014	8	4	11	0	0.04
72387003160	2014	8	4	12	0	0.02
72387003160	2014	8	4	16	0	0.01
72387003160	2014	8	4	21	0	0.14
72387003160	2014	8	11	21	0	0.09
72387003160	2014	8	11	22	0	0.01
72387003160	2014	8	12	5	0	0.01
72387003160	2014	8	12	23	0	0.05
72387003160	2014	9	8	18	0	0.19
72387003160	2014	9	21	4	0	0.09
72387003160	2014	9	21	5	0	0.06
72387003160	2014	11	1	12	0	0.04
72387003160	2014	11	1	13	0	0.004
72387003160	2014	11	1	14	0	0.004
72387003160	2014	12	2	20	0	0.05
72387003160	2014	12	2	21	0	0.05
72387003160	2014	12	2	22	0	0.03
72387003160	2014	12	2	23	0	0.05
72387003160	2014	12	3	0	0	0.02
72387003160	2014	12	3	1	0	0.06
72387003160	2014	12	3	2	0	0.04
72387003160	2014	12	3	5	0	0.01
72387003160	2014	12	3	12	0	0.01
72387003160	2014	12	3	13	0	0.009
72387003160	2014	12	4	6	0	0.07
72387003160	2014	12	4	7	0	0.038
72387003160	2014	12	4	8	0	0.02
72387003160	2014	12	4	9	0	0.022
72387003160	2014	12	6	11	0	0.01
72387003160	2014	12	6	12	0	0.01
72387003160	2014	12	12	18	0	0.16
72387003160	2014	12	12	19	0	0.08
72387003160	2014	12	12	20	0	0.09
72387003160	2014	12	12	21	0	0.03
72387003160	2014	12	13	13	0	0.03
72387003160	2014	12	13	14	0	0.01
72387003160	2014	12	17	12	0	0.03
72387003160	2014	12	17	13	0	0.04
72387003160	2014	12	17	14	0	0.01
72387003160	2014	12	17	15	0	0.02
72387003160	2014	12	17	16	0	0.05
72387003160	2014	12	17	17	0	0.02
72387003160	2014	12	17	18	0	0.01
72387003160	2015	1	27	4	0	0.01
72387003160	2015	1	27	5	0	0.03
72387003160	2015	1	27	6	0	0.05
72387003160	2015	1	27	7	0	0.04
72387003160	2015	1	27	8	0	0.01
72387003160	2015	1	27	9	0	0.01
72387003160	2015	1	27	11	0	0.02
72387003160	2015	1	27	13	0	0.02
72387003160	2015	1	27	14	0	0.1
72387003160	2015	1	27	15	0	0.03
72387003160	2015	1	30	13	0	0.01
72387003160	2015	1	30	20	0	0.01
72387003160	2015	1	30	21	0	0.01
72387003160	2015	1	30	22	0	0.01
72387003160	2015	1	31	0	0	0.01
72387003160	2015	1	31	2	0	0.01
72387003160	2015	1	31	4	0	0.01
72387003160	2015	2	23	2	0	0.03
72387003160	2015	2	23	3	0	0.02
72387003160	2015	2	23	4	0	0.06
72387003160	2015	2	23	5	0	0.1
72387003160	2015	2	23	6	0	0.01
72387003160	2015	2	23	7	0	0.04
72387003160	2015	2	23	9	0	0.02
72387003160	2015	2	23	10	0	0.01
72387003160	2015	2	23	11	0	0.01
72387003160	2015	2	23	12	0	0.01
72387003160	2015	3	2	4	0	0.03
72387003160	2015	3	2	5	0	0.02
72387003160	2015	3	2	6	0	0.01
72387003160	2015	3	2	7	0	0.01
72387003160	2015	3	2	9	0	0.02
72387003160	2015	3	2	10	0	0.01
72387003160	2015	3	2	12	0	0.03
72387003160	2015	3	2	13	0	0.06
72387003160	2015	3	2	14	0	0.04
72387003160	2015	3	2	17	0	0.01
72387003160	2015	3	2	22	0	0.01
72387003160	2015	3	3	0	0	0.25
72387003160	2015	3	3	1	0	0.15
72387003160	2015	4	25	22	0	0.04
72387003160	2015	4	25	23	0	0.01
72387003160	2015	4	26	0	0	0.04
72387003160	2015	4	26	1	0	0.01
72387003160	2015	5	9	22	0	0.02
72387003160	2015	5	15	1	0	0.02
72387003160	2015	5	15	5	0	0.03
72387003160	2015	5	22	20	0	0.06
72387003160	2015	5	24	2	0	0.01
72387003160	2015	5	25	3	0	0.036
72387003160	2015	5	25	4	0	0.193
72387003160	2015	7	1	11	0	0.03
72387003160	2015	7	6	0	0	0.16
72387003160	2015	7	6	1	0	0.01
72387003160	2015	7	6	2	0	0.22
72387003160	2015	7	6	3	0	0.15
72387003160	2015	7	6	4	0	0.03
72387003160	2015	7	20	8	0	0.019
72387003160	2015	7	20	9	0	0.12
72387003160	2015	7	20	10	0	0.02
72387003160	2015	7	20	11	0	0.02
72387003160	2015	7	20	12	0	0.07
72387003160	2015	7	20	13	0	0.04
72387003160	2015	7	20	14	0	0.02
72387003160	2015	7	20	15	0	0.01
72387003160	2015	7	20	16	0	0.02
72387003160	2015	7	20	18	0	0.01
72387003160	2015	7	31	19	0	0.005
72387003160	2015	7	31	20	0	0.01
72387003160	2015	7	31	21	0	0.001
72387003160	2015	7	31	22	0	0.001
72387003160	2015	8	1	19	0	0.28
72387003160	2015	8	13	21	0	0.12
72387003160	2015	8	13	22	0	0.78
72387003160	2015	8	26	14	0	0.01
72387003160	2015	8	28	0	0	0.011
72387003160	2015	8	28	1	0	0.039
72387003160	2015	8	28	2	0	0.022
72387003160	2015	9	12	23	0	0.003
72387003160	2015	9	13	0	0	0.004
72387003160	2015	9	13	1	0	0.002
72387003160	2015	9	13	2	0	0.015
72387003160	2015	9	13	3	0	0.005
72387003160	2015	9	14	12	0	0.001
72387003160	2015	9	15	2	0	0.004
72387003160	2015	9	15	17	0	0.052
72387003160	2015	10	4	11	0	0.01
72387003160	2015	10	4	12	0	0.01
72387003160	2015	10	4	17	0	0.01
72387003160	2015	10	4	18	0	0.02
72387003160	2015	10	4	19	0	0.38
72387003160	2015	10	4	20	0	0.09
72387003160	2015	10	4	23	0	0.02
72387003160	2015	10	5	1	0	0.01
72387003160	2015	10	5	16	0	0.11
72387003160	2015	10	5	17	0	0.01
72387003160	2015	10	6	6	0	0.3
72387003160	2015	10	6	7	0	0.04
72387003160	2015	10	6	8	0	0.01
72387003160	2015	10	15	14	0	0.01
72387003160	2015	10	16	5	0	0.01
72387003160	2015	10	16	15	0	0.01
72387003160	2015	10	16	16	0	0.06
72387003160	2015	10	16	17	0	0.02
72387003160	2015	10	16	18	0	0.01
72387003160	2015	10	16	19	0	0.01
72387003160	2015	10	17	9	0	0.01
72387003160	2015	10	17	15	0	0.07
72387003160	2015	10	17	16	0	0.06
72387003160	2015	10	17	17	0	0.01
72387003160	2015	10	18	12	0	0.33
72387003160	2015	10	18	15	0	0.03
72387003160	2015	10	18	18	0	0.01
72387003160	2015	10	18	19	0	0.23
72387003160	2015	11	4	13	0	0.02
72387003160	2015	11	4	23	0	0.01
72387003160	2015	11	16	6	0	0.03
72387003160	2015	12	14	6	0	0.02
72387003160	2015	12	14	7	0	0.01
72387003160	2015	12	25	7	0	0.05
72387003160	2015	12	25	8	0	0.01
72387003160	2016	1	5	0	0	0.01
72387003160	2016	1	5	16	0	0.01
72387003160	2016	1	5	17	0	0.01
72387003160	2016	1	5	21	0	0.04
72387003160	2016	1	5	22	0	0.13
72387003160	2016	1	5	23	0	0.12
72387003160	2016	1	6	0	0	0.11
72387003160	2016	1	6	1	0	0.09
72387003160	2016	1	6	2	0	0.02
72387003160	2016	1	6	3	0	0.06
72387003160	2016	1	6	4	0	0.15
72387003160	2016	1	6	5	0	0.08
72387003160	2016	1	6	6	0	0.01
72387003160	2016	1	6	11	0	0.01
72387003160	2016	1	7	4	0	0.01
72387003160	2016	1	7	5	0	0.01
72387003160	2016	1	8	3	0	0.01
72387003160	2016	1	19	23	0	0.01
72387003160	2016	1	31	18	0	0.01
72387003160	2016	1	31	19	0	0.01
72387003160	2016	1	31	21	0	0.02
72387003160	2016	2	1	0	0	0.19
72387003160	2016	2	1	1	0	0.01
72387003160	2016	2	1	5	0	0.03
72387003160	2016	2	1	6	0	0.03
72387003160	2016	2	1	7	0	0.02
72387003160	2016	2	1	8	0	0.01
72387003160	2016	2	1	9	0	0.02
72387003160	2016	2	18	2	0	0.04
72387003160	2016	2	18	3	0	0.16
72387003160	2016	2	18	4	0	0.2
72387003160	2016	2	18	5	0	0.07
72387003160	2016	3	6	22	0	0.08
72387003160	2016	3	7	21	0	0.01
72387003160	2016	3	12	3	0	0.07
72387003160	2016	3	12	4	0	0.04
72387003160	2016	3	12	8	0	0.01
72387003160	2016	4	9	2	0	0.01
72387003160	2016	4	9	9	0	0.01
72387003160	2016	4	9	11	0	0.03
72387003160	2016	4	9	12	0	0.05
72387003160	2016	4	9	14	0	0.01
72387003160	2016	4	10	12	0	0.08
72387003160	2016	4	11	22	0	0.02
72387003160	2016	4	25	10	0	0.02
72387003160	2016	4	25	11	0	0.024
72387003160	2016	4	25	12	0	0.02
72387003160	2016	4	25	13	0	0.01
72387003160	2016	4	28	5	0	0.01
72387003160	2016	4	28	9	0	0.06
72387003160	2016	4	28	10	0	0.01
72387003160	2016	4	30	8	0	0.023
72387003160	2016	4	30	9	0	0.15
72387003160	2016	4	30	10	0	0.04
72387003160	2016	4	30	11	0	0.01
72387003160	2016	4	30	13	0	0.05
72387003160	2016	4	30	14	0	0.04
72387003160	2016	4	30	15	0	0.06
72387003160	2016	4	30	16	0	0.01
72387003160	2016	5	7	12	0	0.02
72387003160	2016	5	7	13	0	0.03
72387003160	2016	5	7	15	0	0.01
72387003160	2016	5	8	0	0	0.04
72387003160	2016	5	8	1	0	0.01
72387003160	2016	5	17	10	0	0.024
72387003160	2016	5	17	11	0	0.025
72387003160	2016	5	17	12	0	0.099
72387003160	2016	5	17	13	0	0.135
72387003160	2016	5	17	14	0	0.135
72387003160	2016	5	17	15	0	0.244
72387003160	2016	5	17	16	0	0.068
72387003160	2016	5	17	21	0	0.034
72387003160	2016	5	18	3	0	0.017
72387003160	2016	6	11	10	0	0.03
72387003160	2016	6	11	11	0	0.05
72387003160	2016	6	11	12	0	0.15
72387003160	2016	6	11	13	0	0.05
72387003160	2016	7	1	5	0	0.02
72387003160	2016	7	1	6	0	0.02
72387003160	2016	7	1	7	0	0.03
72387003160	2016	7	1	8	0	0.07
72387003160	2016	7	1	9	0	0.03
72387003160	2016	7	2	4	0	0.04
72387003160	2016	7	2	5	0	0.3
72387003160	2016	7	2	6	0	0.05
72387003160	2016	8	5	5	0	0.01
72387003160	2016	9	28	17	0	0.01
72387003160	2016	10	24	4	0	0.04
72387003160	2016	10	24	5	0	0.01
72387003160	2016	10	24	7	0	0.07
72387003160	2016	10	24	8	0	0.09
72387003160	2016	10	24	12	0	0.07
72387003160	2016	10	24	15	0	0.15
72387003160	2016	10	24	16	0	0.06
72387003160	2016	10	24	17	0	0.07
72387003160	2016	10	24	18	0	0.02
72387003160	2016	10	24	19	0	0.01
72387003160	2016	10	28	14	0	0.02
72387003160	2016	10	28	15	0	0.03
72387003160	2016	10	28	19	0	0.03
72387003160	2016	10	28	20	0	0.01
72387003160	2016	10	30	22	0	0.01
72387003160	2016	11	20	19	0	0.04
72387003160	2016	11	20	20	0	0.03
72387003160	2016	11	21	15	0	0.01
72387003160	2016	11	21	16	0	0.01
72387003160	2016	11	27	19	0	0.01
72387003160	2016	11	27	20	0	0.05
72387003160	2016	11	28	12	0	0.01
72387003160	2016	12	16	3	0	0.01
72387003160	2016	12	16	4	0	0.03
72387003160	2016	12	16	5	0	0.02
72387003160	2016	12	16	9	0	0.05
72387003160	2016	12	22	4	0	0.01
72387003160	2016	12	22	13	0	0.01
72387003160	2016	12	22	14	0	0.02
72387003160	2016	12	22	15	0	0.01
72387003160	2016	12	22	16	0	0.01
72387003160	2016	12	22	17	0	0.01
72387003160	2016	12	22	18	0	0.06
72387003160	2016	12	22	21	0	0.02
72387003160	2016	12	24	2	0	0.02
72387003160	2016	12	24	3	0	0.02
72387003160	2016	12	24	4	0	0.03
72387003160	2016	12	24	5	0	0.13
72387003160	2016	12	24	6	0	0.1
72387003160	2016	12	24	7	0	0.06
72387003160	2016	12	24	8	0	0.23
72387003160	2016	12	24	9	0	0.15
72387003160	2016	12	24	10	0	0.04
72387003160	2016	12	24	15	0	0.01
72387003160	2016	12	24	19	0	0.09
72387003160	2016	12	30	23	0	0.01
72387003160	2017	1	9	13	0	0.01
72387003160	2017	1	13	0	0	0.04
72387003160	2017	1	13	1	0	0.06
72387003160	2017	1	13	2	0	0.14
72387003160	2017	1	13	3	0	0.01
72387003160	2017	1	13	4	0	0.01
72387003160	2017	1	13	5	0	0.02
72387003160	2017	1	13	6	0	0.02
72387003160	2017	1	13	7	0	0.01
72387003160	2017	1	13	8	0	0.03
72387003160	2017	1	13	17	0	0.02
72387003160	2017	1	13	18	0	0.02
72387003160	2017	1	13	19	0	0.05
72387003160	2017	1	13	20	0	0.01
72387003160	2017	1	19	4	0	0.01
72387003160	2017	1	19	5	0	0.01
72387003160	2017	1	19	12	0	0.01
72387003160	2017	1	19	13	0	0.01
72387003160	2017	1	20	16	0	0.03
72387003160	2017	1	20	17	0	0.05
72387003160	2017	1	20	18	0	0.01
72387003160	2017	1	20	19	0	0.02
72387003160	2017	1	20	20	0	0.01
72387003160	2017	1	20	22	0	0.01
72387003160	2017	1	22	11	0	0.01
72387003160	2017	1	22	13	0	0.01
72387003160	2017	1	22	14	0	0.02
72387003160	2017	1	22	15	0	0.03
72387003160	2017	1	22	16	0	0.02
72387003160	2017	1	22	17	0	0.06
72387003160	2017	1	22	18	0	0.04
72387003160	2017	1	22	19	0	0.04
72387003160	2017	1	22	20	0	0.04
72387003160	2017	1	22	22	0	0.01
72387003160	2017	1	22	23	0	0.02
72387003160	2017	1	23	0	0	0.02
72387003160	2017	1	23	6	0	0.01
72387003160	2017	1	23	10	0	0.02
72387003160	2017	1	24	3	0	0.07
72387003160	2017	1	24	4	0	0.01
72387003160	2017	2	11	1	0	0.03
72387003160	2017	2	11	2	0	0.02
72387003160	2017	2	11	20	0	0.02
72387003160	2017	2	12	5	0	0.01
72387003160	2017	2	17	11	0	0.01
72387003160	2017	2	17	12	0	0.03
72387003160	2017	2	17	13	0	0.04
72387003160	2017	2	17	14	0	0.01
72387003160	2017	2	17	16	0	0.01
72387003160	2017	2	17	17	0	0.02
72387003160	2017	2	17	19	0	0.01
72387003160	2017	2	18	11	0	0.03
72387003160	2017	2	18	12	0	0.03
72387003160	2017	2	18	13	0	0.03
72387003160	2017	2	18	14	0	0.03
72387003160	2017	2	18	15	0	0.03
72387003160	2017	2	18	16	0	0.04
72387003160	2017	2	18	17	0	0.01
72387003160	2017	2	18	18	0	0.03
72387003160	2017	2	18	19	0	0.04
72387003160	2017	2	18	21	0	0.04
72387003160	2017	2	18	22	0	0.06
72387003160	2017	3	23	11	0	0.01
72387003160	2017	3	23	12	0	0.03
72387003160	2017	3	23	13	0	0.02
72387003160	2017	3	25	15	0	0.01
72387003160	2017	3	25	22	0	0.02
72387003160	2017	3	25	23	0	0.04
72387003160	2017	4	3	18	0	0.01
72387003160	2017	7	11	3	0	0.01
72387003160	2017	7	11	4	0	0.01
72387003160	2017	7	11	14	0	0.06
72387003160	2017	7	11	15	0	0.03
72387003160	2017	7	24	21	0	0.49
72387003160	2017	7	24	22	0	0.03
72387003160	2017	7	25	9	0	0.02
72387003160	2017	8	3	1	0	0.05
72387003160	2017	8	3	3	0	0.01
72387003160	2017	8	4	6	0	0.08
72387003160	2017	8	4	19	0	0.14
72387003160	2017	8	4	20	0	0.03
72387003160	2017	8	4	21	0	0.05
72387003160	2017	8	4	22	0	0.01
72387003160	2017	8	24	14	0	0.12
72387003160	2017	8	31	6	0	0.01
72387003160	2017	8	31	7	0	0.03
72387003160	2017	9	9	0	0	0.44
72387003160	2017	9	9	1	0	0.03
72387003160	2017	9	9	3	0	0.01
72387003160	2017	9	9	12	0	0.01
72387003160	2017	9	9	13	0	0.1
72387003160	2017	9	9	14	0	0.05
72387003160	2018	1	8	16	0	0.01
72387003160	2018	1	8	17	0	0.02
72387003160	2018	1	8	18	0	0.01
72387003160	2018	1	8	19	0	0.02
72387003160	2018	1	8	20	0	0.03
72387003160	2018	1	8	21	0	0.01
72387003160	2018	1	8	23	0	0.01
72387003160	2018	1	9	0	0	0.03
72387003160	2018	1	9	1	0	0.03
72387003160	2018	1	9	2	0	0.03
72387003160	2018	1	9	3	0	0.08
72387003160	2018	1	9	4	0	0.09
72387003160	2018	1	9	5	0	0.04
72387003160	2018	1	9	6	0	0.01
72387003160	2018	1	9	9	0	0.01
72387003160	2018	1	9	13	0	0.01
72387003160	2018	1	9	15	0	0.08
72387003160	2018	1	9	16	0	0.21
72387003160	2018	1	9	19	0	0.07
72387003160	2018	1	9	20	0	0.03
72387003160	2018	1	9	21	0	0.19
72387003160	2018	1	9	22	0	0.06
72387003160	2018	1	9	23	0	0.01
72387003160	2018	3	11	3	0	0.02
72387003160	2018	3	11	4	0	0.02
72387003160	2018	3	11	5	0	0.02
72387003160	2018	3	11	6	0	0.04
72387003160	2018	3	11	7	0	0.06
72387003160	2018	3	11	8	0	0.05
72387003160	2018	3	11	9	0	0.02
72387003160	2018	3	15	18	0	0.04
72387003160	2018	3	22	11	0	0.01
72387003160	2018	3	22	12	0	0.01
72387003160	2018	3	22	17	0	0.01
72387003160	2018	3	22	19	0	0.03
72387003160	2018	3	22	21	0	0.03
72387003160	2018	4	17	7	0	0.01
72387003160	2018	4	17	8	0	0.01
72387003160	2018	4	19	19	0	0.04
72387003160	2018	5	2	3	0	0.01
72387003160	2018	5	2	4	0	0.09
72387003160	2018	5	2	5	0	0.01
72387003160	2018	5	2	6	0	0.03
72387003160	2018	5	2	7	0	0.01
72387003160	2018	5	2	11	0	0.01
72387003160	2018	5	2	12	0	0.02
72387003160	2018	5	2	14	0	0.02
72387003160	2018	5	2	15	0	0.02
72387003160	2018	5	2	18	0	0.01
72387003160	2018	5	2	21	0	0.02
72387003160	2018	5	15	2	0	0.01
72387003160	2018	5	27	22	0	0.02
72387003160	2018	7	10	10	0	0.02
72387003160	2018	7	13	2	0	0.01
72387003160	2018	7	13	3	0	0.06
72387003160	2018	7	13	4	0	0.01
72387003160	2018	7	13	7	0	0.01
72387003160	2018	7	24	18	0	0.03
72387003160	2018	9	4	0	0	0.18
72387003160	2018	9	4	23	0	0.23
72387003160	2018	10	6	18	0	0.03
72387003160	2018	10	21	13	0	0.01
72387003160	2018	11	22	12	0	0.03
72387003160	2018	11	29	11	0	0.03
72387003160	2018	11	29	12	0	0.07
72387003160	2018	11	29	18	0	0.01
72387003160	2018	11	29	19	0	0.06
72387003160	2018	11	29	20	0	0.03
72387003160	2018	12	6	14	0	0.01
72387003160	2018	12	6	15	0	0.01
72387003160	2018	12	7	0	0	0.02
72387003160	2018	12	7	1	0	0.02
72387003160	2018	12	7	3	0	0.03
72387003160	2018	12	7	7	0	0.01
72387003160	2018	12	25	10	0	0.07
72387003160	2018	12	25	11	0	0.13
72387003160	2018	12	25	12	0	0.12
72387003160	2018	12	25	13	0	0.07
72387003160	2019	1	5	23	0	0.015
72387003160	2019	1	6	0	0	0.05
72387003160	2019	1	6	1	0	0.07
72387003160	2019	1	6	2	0	0.02
72387003160	2019	1	6	3	0	0.07
72387003160	2019	1	6	4	0	0.05
72387003160	2019	1	6	5	0	0.02
72387003160	2019	1	6	6	0	0.01
72387003160	2019	1	6	7	0	0.02
72387003160	2019	1	6	8	0	0.01
72387003160	2019	1	15	2	0	0.02
72387003160	2019	1	15	3	0	0.1
72387003160	2019	1	15	6	0	0.01
72387003160	2019	1	15	7	0	0.03
72387003160	2019	1	15	8	0	0.03
72387003160	2019	1	15	9	0	0.06
72387003160	2019	1	15	10	0	0.04
72387003160	2019	1	15	11	0	0.01
72387003160	2019	1	15	18	0	0.07
72387003160	2019	1	15	19	0	0.02
72387003160	2019	1	15	20	0	0.02
72387003160	2019	1	15	21	0	0.04
72387003160	2019	1	15	22	0	0.02
72387003160	2019	1	15	23	0	0.01
72387003160	2019	1	16	3	0	0.05
72387003160	2019	1	16	4	0	0.06
72387003160	2019	1	16	5	0	0.05
72387003160	2019	1	17	7	0	0.01
72387003160	2019	1	17	14	0	0.03
72387003160	2019	1	17	17	0	0.01
72387003160	2019	1	21	12	0	0.03
72387003160	2019	2	2	12	0	0.01
72387003160	2019	2	2	13	0	0.03
72387003160	2019	2	2	14	0	0.01
72387003160	2019	2	2	15	0	0.01
72387003160	2019	2	2	16	0	0.01
72387003160	2019	2	2	17	0	0.01
72387003160	2019	2	2	18	0	0.02
72387003160	2019	2	2	22	0	0.01
72387003160	2019	2	3	1	0	0.01
72387003160	2019	2	3	2	0	0.06
72387003160	2019	2	3	3	0	0.3
72387003160	2019	2	4	21	0	0.04
72387003160	2019	2	13	19	0	0.01
72387003160	2019	2	13	20	0	0.01
72387003160	2019	2	14	13	0	0.04
72387003160	2019	2	14	14	0	0.14
72387003160	2019	2	14	15	0	0.19
72387003160	2019	2	14	17	0	0.04
72387003160	2019	2	14	18	0	0.06
72387003160	2019	2	14	19	0	0.05
72387003160	2019	2	14	20	0	0.04
72387003160	2019	2	16	10	0	0.02
72387003160	2019	2	21	23	0	0.01
72387003160	2019	3	2	15	0	0.07
72387003160	2019	3	2	16	0	0.03
72387003160	2019	3	2	20	0	0.02
72387003160	2019	3	6	3	0	0.01
72387003160	2019	3	6	4	0	0.01
72387003160	2019	3	6	7	0	0.011
72387003160	2019	3	6	8	0	0.13
72387003160	2019	3	6	9	0	0.15
72387003160	2019	3	6	10	0	0.03
72387003160	2019	3	6	11	0	0.16
72387003160	2019	3	6	12	0	0.04
72387003160	2019	3	6	13	0	0.23
72387003160	2019	3	6	14	0	0.14
72387003160	2019	3	6	15	0	0.2
72387003160	2019	3	6	16	0	0.06
72387003160	2019	3	6	17	0	0.04
72387003160	2019	3	13	4	0	0.01
72387003160	2019	3	13	5	0	0.04
72387003160	2019	3	20	23	0	0.03
72387003160	2019	3	21	11	0	0.01
72387003160	2019	4	6	6	0	0.03
72387003160	2019	4	6	7	0	0.01
72387003160	2019	4	16	17	0	0.01
72387003160	2019	4	29	16	0	0.01
72387003160	2019	4	29	17	0	0.01
72387003160	2019	4	29	18	0	0.08
72387003160	2019	4	29	19	0	0.13
72387003160	2019	4	29	20	0	0.02
72387003160	2019	4	29	21	0	0.08
72387003160	2019	4	29	22	0	0.01
72387003160	2019	5	8	0	0	0.03
72387003160	2019	5	10	0	0	0.02
72387003160	2019	5	10	2	0	0.1
72387003160	2019	5	10	3	0	0.32
72387003160	2019	5	10	4	0	0.2
72387003160	2019	5	10	5	0	0.08
72387003160	2019	5	10	6	0	0.01
72387003160	2019	5	10	7	0	0.01
72387003160	2019	5	10	8	0	0.11
72387003160	2019	5	10	9	0	0.25
72387003160	2019	5	10	10	0	0.08
72387003160	2019	5	10	11	0	0.01
72387003160	2019	5	10	12	0	0.104
72387003160	2019	5	10	13	0	0.04
72387003160	2019	5	10	14	0	0.08
72387003160	2019	5	10	15	0	0.01
72387003160	2019	5	10	16	0	0.007
72387003160	2019	5	10	17	0	0.015
72387003160	2019	5	10	18	0	0.002
72387003160	2019	5	10	19	0	0.004
72387003160	2019	5	10	21	0	0.005
72387003160	2019	5	10	22	0	0.004
72387003160	2019	5	16	16	0	0.03
72387003160	2019	5	16	20	0	0.01
72387003160	2019	5	19	6	0	0.01
72387003160	2019	5	19	7	0	0.01
72387003160	2019	5	19	8	0	0.01
72387003160	2019	5	20	11	0	0.01
72387003160	2019	5	23	0	0	0.02
72387003160	2019	5	23	17	0	0.001
72387003160	2019	5	27	11	0	0.01
72387003160	2019	5	27	14	0	0.01
72387003160	2019	5	28	20	0	0.02
72387003160	2019	5	29	16	0	0.001
72387003160	2019	5	29	17	0	0.001
72387003160	2019	7	24	21	0	0.001
72387003160	2019	7	24	22	0	0.02
72387003160	2019	7	24	23	0	0.08
72387003160	2019	7	25	6	0	0.019
72387003160	2019	7	25	7	0	0.047
72387003160	2019	7	25	8	0	0.003
72387003160	2019	7	25	17	0	0.001
72387003160	2019	7	25	19	0	0.002
72387003160	2019	7	25	20	0	0.002
72387003160	2019	7	25	21	0	0.001
72387003160	2019	9	5	13	0	0.001
72387003160	2019	9	5	14	0	0.001
72387003160	2019	9	5	15	0	0.02
72387003160	2019	9	5	16	0	0.003
72387003160	2019	9	5	19	0	0.001
72387003160	2019	9	5	22	0	0.006
72387003160	2019	9	5	23	0	0.004
72387003160	2019	11	20	15	0	0.01
72387003160	2019	11	20	16	0	0.02
72387003160	2019	11	20	18	0	0.02
72387003160	2019	11	20	19	0	0.02
72387003160	2019	11	20	20	0	0.01
72387003160	2019	11	20	21	0	0.03
72387003160	2019	11	20	22	0	0.06
72387003160	2019	11	20	23	0	0.01
72387003160	2019	11	21	8	0	0.02
72387003160	2019	11	21	9	0	0.09
72387003160	2019	11	21	10	0	0.03
72387003160	2019	11	21	11	0	0.01
72387003160	2019	11	21	12	0	0.02
72387003160	2019	11	27	17	0	0.03
72387003160	2019	11	27	18	0	0.02
72387003160	2019	11	27	19	0	0.05
72387003160	2019	11	27	20	0	0.02
72387003160	2019	11	27	21	0	0.04
72387003160	2019	11	27	22	0	0.05
72387003160	2019	11	28	22	0	0.07
72387003160	2019	11	28	23	0	0.06
72387003160	2019	11	29	0	0	0.07
72387003160	2019	11	29	1	0	0.07
72387003160	2019	11	29	2	0	0.03
72387003160	2019	11	29	3	0	0.02
72387003160	2019	11	29	4	0	0.01
72387003160	2019	11	29	14	0	0.02
72387003160	2019	11	29	15	0	0.03
72387003160	2019	11	29	16	0	0.01
72387003160	2019	11	29	21	0	0.02
72387003160	2019	11	29	23	0	0.02
72387003160	2019	12	4	17	0	0.01
72387003160	2019	12	4	18	0	0.04
72387003160	2019	12	4	19	0	0.03
72387003160	2019	12	4	20	0	0.05
72387003160	2019	12	4	21	0	0.1
72387003160	2019	12	4	22	0	0.05
72387003160	2019	12	7	9	0	0.02
72387003160	2019	12	9	1	0	0.01
72387003160	2019	12	9	2	0	0.06
72387003160	2019	12	15	6	0	0.11
72387003160	2019	12	15	10	0	0.07
72387003160	2019	12	24	0	0	0.04
72387003160	2019	12	24	1	0	0.04
72387003160	2019	12	24	2	0	0.04
72387003160	2019	12	24	3	0	0.02
72387003160	2019	12	24	4	0	0.03
72387003160	2019	12	24	5	0	0.01
72387003160	2019	12	24	6	0	0.03
72387003160	2019	12	24	7	0	0.01
72387003160	2019	12	24	8	0	0.03
72387003160	2019	12	24	9	0	0.01
72387003160	2019	12	24	12	0	0.01
