99999927503	2005	2	7	4	0	0.01
99999927503	2005	2	12	1	0	0.01
99999927503	2005	2	14	19	0	0.01
99999927503	2005	2	16	9	0	0.01
99999927503	2005	3	6	22	0	0.01
99999927503	2005	3	6	23	0	0.06
99999927503	2005	3	7	0	0	0.01
99999927503	2005	3	10	21	0	0.01
99999927503	2005	3	10	22	0	0.01
99999927503	2005	3	10	23	0	0.02
99999927503	2005	3	11	7	0	0.01
99999927503	2005	4	23	9	0	0.03
99999927503	2005	4	23	10	0	0.02
99999927503	2005	4	23	13	0	0.01
99999927503	2005	5	13	21	0	0.01
99999927503	2005	6	7	18	0	0.01
99999927503	2005	6	7	19	0	0.04
99999927503	2005	6	7	20	0	0.09
99999927503	2005	6	7	21	0	0.03
99999927503	2005	6	7	22	0	0.02
99999927503	2005	6	7	23	0	0.2
99999927503	2005	6	8	0	0	0.13
99999927503	2005	6	8	1	0	0.05
99999927503	2005	6	9	10	0	0.03
99999927503	2005	6	9	11	0	0.02
99999927503	2005	6	9	12	0	0.01
99999927503	2005	6	10	23	0	0.01
99999927503	2005	6	13	15	0	0.007
99999927503	2005	6	13	16	0	0.007
99999927503	2005	6	13	17	0	0.007
99999927503	2005	6	13	18	0	0.005
99999927503	2005	6	13	19	0	0.005
99999927503	2005	6	13	20	0	0.005
99999927503	2005	6	13	21	0	0.006
99999927503	2005	6	13	22	0	0.006
99999927503	2005	6	20	18	0	0.01
99999927503	2005	7	2	9	0	0.01
99999927503	2005	7	5	5	0	0.01
99999927503	2005	7	5	12	0	0.01
99999927503	2005	7	5	13	0	0.01
99999927503	2005	7	6	1	0	0.01
99999927503	2005	7	6	2	0	0.02
99999927503	2005	7	6	3	0	0.06
99999927503	2005	7	6	4	0	0.05
99999927503	2005	7	6	5	0	0.01
99999927503	2005	7	8	6	0	0.13
99999927503	2005	7	8	7	0	0.09
99999927503	2005	7	8	12	0	0.01
99999927503	2005	7	10	0	0	0.02
99999927503	2005	7	10	14	0	0.01
99999927503	2005	7	11	5	0	0.01
99999927503	2005	7	11	7	0	0.01
99999927503	2005	7	11	8	0	0.01
99999927503	2005	7	11	9	0	0.03
99999927503	2005	7	11	11	0	0.01
99999927503	2005	7	11	20	0	0.01
99999927503	2005	7	12	3	0	0.01
99999927503	2005	7	12	6	0	0.01
99999927503	2005	7	12	9	0	0.01
99999927503	2005	7	12	11	0	0.01
99999927503	2005	7	14	17	0	0.01
99999927503	2005	7	14	18	0	0.03
99999927503	2005	7	14	19	0	0.01
99999927503	2005	7	14	22	0	0.01
99999927503	2005	7	15	1	0	0.02
99999927503	2005	7	15	2	0	0.01
99999927503	2005	7	15	6	0	0.01
99999927503	2005	7	15	7	0	0.01
99999927503	2005	7	15	8	0	0.09
99999927503	2005	7	15	9	0	0.02
99999927503	2005	7	15	10	0	0.02
99999927503	2005	8	5	13	0	0.03
99999927503	2005	8	5	15	0	0.01
99999927503	2005	8	5	16	0	0.01
99999927503	2005	8	6	12	0	0.01
99999927503	2005	8	6	13	0	0.04
99999927503	2005	8	6	14	0	0.03
99999927503	2005	8	6	15	0	0.05
99999927503	2005	8	6	16	0	0.03
99999927503	2005	8	6	17	0	0.02
99999927503	2005	8	6	18	0	0.01
99999927503	2005	8	7	0	0	0.01
99999927503	2005	8	7	4	0	0.01
99999927503	2005	8	7	5	0	0.02
99999927503	2005	8	7	6	0	0.02
99999927503	2005	8	7	10	0	0.01
99999927503	2005	8	7	17	0	0.01
99999927503	2005	8	7	20	0	0.01
99999927503	2005	8	7	21	0	0.01
99999927503	2005	8	8	19	0	0.01
99999927503	2005	8	8	20	0	0.11
99999927503	2005	8	8	21	0	0.17
99999927503	2005	8	8	22	0	0.1
99999927503	2005	8	8	23	0	0.06
99999927503	2005	8	9	0	0	0.06
99999927503	2005	8	9	1	0	0.02
99999927503	2005	8	9	2	0	0.02
99999927503	2005	8	9	3	0	0.01
99999927503	2005	8	9	4	0	0.01
99999927503	2005	8	9	5	0	0.07
99999927503	2005	8	9	6	0	0.07
99999927503	2005	8	9	7	0	0.03
99999927503	2005	8	9	10	0	0.01
99999927503	2005	8	9	11	0	0.01
99999927503	2005	8	9	12	0	0.03
99999927503	2005	8	9	13	0	0.07
99999927503	2005	8	9	14	0	0.01
99999927503	2005	8	9	15	0	0.03
99999927503	2005	8	9	16	0	0.01
99999927503	2005	8	9	17	0	0.14
99999927503	2005	8	9	18	0	0.06
99999927503	2005	8	9	20	0	0.01
99999927503	2005	8	11	4	0	0.03
99999927503	2005	8	11	7	0	0.01
99999927503	2005	8	11	11	0	0.02
99999927503	2005	8	11	12	0	0.01
99999927503	2005	8	11	14	0	0.01
99999927503	2005	8	13	9	0	0.01
99999927503	2005	8	13	13	0	0.01
99999927503	2005	8	13	15	0	0.01
99999927503	2005	8	13	16	0	0.01
99999927503	2005	8	14	10	0	0.01
99999927503	2005	8	16	0	0	0.01
99999927503	2005	8	23	12	0	0.01
99999927503	2005	8	23	13	0	0.01
99999927503	2005	8	23	16	0	0.01
99999927503	2005	8	23	17	0	0.01
99999927503	2005	8	23	18	0	0.09
99999927503	2005	8	23	19	0	0.01
99999927503	2005	8	23	20	0	0.02
99999927503	2005	8	23	21	0	0.02
99999927503	2005	8	24	1	0	0.01
99999927503	2005	8	24	17	0	0.01
99999927503	2005	8	25	8	0	0.01
99999927503	2005	8	25	9	0	0.01
99999927503	2005	8	25	10	0	0.01
99999927503	2005	8	25	11	0	0.01
99999927503	2005	8	25	12	0	0.02
99999927503	2005	8	25	13	0	0.01
99999927503	2005	8	25	14	0	0.02
99999927503	2005	8	25	15	0	0.03
99999927503	2005	8	25	16	0	0.02
99999927503	2005	8	25	17	0	0.003
99999927503	2005	8	25	18	0	0.02
99999927503	2005	8	25	21	0	0.01
99999927503	2005	8	30	15	0	0.01
99999927503	2005	8	30	18	0	0.004
99999927503	2005	9	1	20	0	0.04
99999927503	2005	9	1	21	0	0.04
99999927503	2005	9	1	22	0	0.02
99999927503	2005	9	1	23	0	0.05
99999927503	2005	9	2	0	0	0.08
99999927503	2005	9	2	1	0	0.07
99999927503	2005	9	2	2	0	0.04
99999927503	2005	9	2	3	0	0.01
99999927503	2005	9	2	18	0	0.01
99999927503	2005	9	3	1	0	0.01
99999927503	2005	9	3	3	0	0.01
99999927503	2005	9	3	8	0	0.01
99999927503	2005	9	3	9	0	0.03
99999927503	2005	9	3	10	0	0.02
99999927503	2005	9	3	13	0	0.01
99999927503	2005	9	3	15	0	0.01
99999927503	2005	9	3	16	0	0.03
99999927503	2005	9	3	17	0	0.01
99999927503	2005	9	3	19	0	0.01
99999927503	2005	9	3	20	0	0.01
99999927503	2005	9	3	21	0	0.01
99999927503	2005	9	3	22	0	0.04
99999927503	2005	9	4	1	0	0.01
99999927503	2005	9	5	1	0	0.01
99999927503	2005	9	5	13	0	0.01
99999927503	2005	9	12	18	0	0.01
99999927503	2005	9	14	5	0	0.01
99999927503	2005	9	14	13	0	0.01
99999927503	2005	9	14	15	0	0.04
99999927503	2005	9	14	16	0	0.05
99999927503	2005	9	16	12	0	0.02
99999927503	2005	9	17	12	0	0.01
99999927503	2005	9	30	15	0	0.01
99999927503	2005	10	13	1	0	0.03
99999927503	2005	10	13	19	0	0.01
99999927503	2005	10	14	15	0	0.01
99999927503	2005	10	21	1	0	0.01
99999927503	2005	10	22	20	0	0.01
99999927503	2005	10	22	22	0	0.01
99999927503	2005	10	24	3	0	0.01
99999927503	2005	10	24	7	0	0.01
99999927503	2005	10	24	10	0	0.03
99999927503	2005	10	24	11	0	0.02
99999927503	2005	10	24	12	0	0.02
99999927503	2005	10	24	14	0	0.01
99999927503	2005	10	24	15	0	0.01
99999927503	2005	10	24	23	0	0.01
99999927503	2005	10	25	15	0	0.01
99999927503	2005	11	3	23	0	0.01
99999927503	2005	11	5	15	0	0.01
99999927503	2005	11	5	16	0	0.01
99999927503	2005	11	5	21	0	0.01
99999927503	2005	11	10	23	0	0.01
99999927503	2005	11	11	23	0	0.01
99999927503	2005	11	23	3	0	0.01
99999927503	2005	12	4	1	0	0.02
99999927503	2005	12	9	6	0	0.01
99999927503	2005	12	10	12	0	0.02
99999927503	2005	12	10	13	0	0.01
99999927503	2005	12	10	14	0	0.01
99999927503	2005	12	10	15	0	0.01
99999927503	2005	12	19	2	0	0.01
72467393009	2020	1	2	0	0	0.01
72467393009	2020	1	2	2	0	0.03
72467393009	2020	1	2	3	0	0.07
72467393009	2020	1	2	4	0	0.01
72467393009	2020	1	2	7	0	0.02
72467393009	2020	1	2	8	0	0.01
72467393009	2020	1	2	10	0	0.01
72467393009	2020	1	2	11	0	0.01
72467393009	2020	1	2	22	0	0.01
72467393009	2020	1	6	2	0	0.01
72467393009	2020	1	6	8	0	0.01
72467393009	2020	1	9	6	0	0.01
72467393009	2020	1	10	2	0	0.01
72467393009	2020	1	10	3	0	0.01
72467393009	2020	1	13	16	0	0.01
72467393009	2020	1	13	17	0	0.01
72467393009	2020	1	13	18	0	0.02
72467393009	2020	1	13	19	0	0.03
72467393009	2020	1	17	15	0	0.01
72467393009	2020	1	17	16	0	0.01
72467393009	2020	1	17	20	0	0.02
72467393009	2020	1	17	21	0	0.01
72467393009	2020	1	17	23	0	0.06
72467393009	2020	1	18	1	0	0.01
72467393009	2020	1	18	2	0	0.01
72467393009	2020	1	18	3	0	0.01
72467393009	2020	1	18	18	0	0.01
72467393009	2020	1	18	20	0	0.02
72467393009	2020	1	22	9	0	0.01
72467393009	2020	1	22	10	0	0.01
72467393009	2020	1	22	14	0	0.01
72467393009	2020	1	22	16	0	0.01
72467393009	2020	1	23	2	0	0.01
72467393009	2020	1	23	3	0	0.03
72467393009	2020	1	23	4	0	0.03
72467393009	2020	1	23	5	0	0.02
72467393009	2020	1	23	6	0	0.01
72467393009	2020	1	23	8	0	0.01
72467393009	2020	1	23	9	0	0.01
72467393009	2020	1	23	12	0	0.01
72467393009	2020	1	23	15	0	0.01
72467393009	2020	1	23	16	0	0.01
72467393009	2020	1	23	17	0	0.01
72467393009	2020	1	25	11	0	0.01
72467393009	2020	1	27	21	0	0.01
72467393009	2020	1	29	23	0	0.001
72467393009	2020	1	30	11	0	0.01
72467393009	2020	1	30	12	0	0.01
72467393009	2020	2	3	23	0	0.01
72467393009	2020	2	4	0	0	0.01
72467393009	2020	2	4	1	0	0.01
72467393009	2020	2	4	5	0	0.02
72467393009	2020	2	4	6	0	0.02
72467393009	2020	2	4	7	0	0.02
72467393009	2020	2	4	8	0	0.01
72467393009	2020	2	4	9	0	0.02
72467393009	2020	2	4	10	0	0.01
72467393009	2020	2	4	11	0	0.01
72467393009	2020	2	4	12	0	0.01
72467393009	2020	2	4	13	0	0.01
72467393009	2020	2	4	15	0	0.01
72467393009	2020	2	4	16	0	0.01
72467393009	2020	2	6	5	0	0.01
72467393009	2020	2	6	7	0	0.01
72467393009	2020	2	6	12	0	0.01
72467393009	2020	2	6	13	0	0.01
72467393009	2020	2	6	14	0	0.01
72467393009	2020	2	6	15	0	0.01
72467393009	2020	2	6	16	0	0.02
72467393009	2020	2	6	17	0	0.02
72467393009	2020	2	6	18	0	0.01
72467393009	2020	2	6	20	0	0.02
72467393009	2020	2	6	21	0	0.02
72467393009	2020	2	6	22	0	0.02
72467393009	2020	2	6	23	0	0.02
72467393009	2020	2	7	0	0	0.02
72467393009	2020	2	7	1	0	0.02
72467393009	2020	2	7	2	0	0.02
72467393009	2020	2	7	3	0	0.04
72467393009	2020	2	7	4	0	0.04
72467393009	2020	2	7	5	0	0.02
72467393009	2020	2	7	6	0	0.03
72467393009	2020	2	7	7	0	0.05
72467393009	2020	2	7	8	0	0.04
72467393009	2020	2	7	9	0	0.05
72467393009	2020	2	7	10	0	0.06
72467393009	2020	2	7	11	0	0.05
72467393009	2020	2	7	12	0	0.07
72467393009	2020	2	7	13	0	0.06
72467393009	2020	2	7	14	0	0.07
72467393009	2020	2	7	15	0	0.05
72467393009	2020	2	7	16	0	0.09
72467393009	2020	2	7	17	0	0.06
72467393009	2020	2	7	18	0	0.06
72467393009	2020	2	7	19	0	0.06
72467393009	2020	2	7	20	0	0.05
72467393009	2020	2	7	21	0	0.07
72467393009	2020	2	7	22	0	0.05
72467393009	2020	2	7	23	0	0.03
72467393009	2020	2	8	0	0	0.02
72467393009	2020	2	8	1	0	0.02
72467393009	2020	2	8	2	0	0.03
72467393009	2020	2	8	3	0	0.01
72467393009	2020	2	8	4	0	0.01
72467393009	2020	2	8	5	0	0.02
72467393009	2020	2	8	6	0	0.01
72467393009	2020	2	9	7	0	0.02
72467393009	2020	2	9	8	0	0.02
72467393009	2020	2	9	13	0	0.01
72467393009	2020	2	9	22	0	0.01
72467393009	2020	2	9	23	0	0.01
72467393009	2020	2	10	9	0	0.01
72467393009	2020	2	10	11	0	0.01
72467393009	2020	2	10	13	0	0.02
72467393009	2020	2	11	4	0	0.03
72467393009	2020	2	11	5	0	0.05
72467393009	2020	2	11	6	0	0.01
72467393009	2020	2	11	7	0	0.01
72467393009	2020	2	11	9	0	0.01
72467393009	2020	2	12	16	0	0.01
72467393009	2020	2	13	3	0	0.01
72467393009	2020	2	13	5	0	0.01
72467393009	2020	2	13	7	0	0.01
72467393009	2020	2	13	9	0	0.01
72467393009	2020	2	13	10	0	0.01
72467393009	2020	2	13	13	0	0.01
72467393009	2020	2	13	14	0	0.01
72467393009	2020	2	13	15	0	0.02
72467393009	2020	2	13	19	0	0.01
72467393009	2020	2	16	18	0	0.01
72467393009	2020	2	16	19	0	0.02
72467393009	2020	2	16	20	0	0.01
72467393009	2020	2	16	21	0	0.01
72467393009	2020	2	17	1	0	0.01
72467393009	2020	2	17	2	0	0.01
72467393009	2020	2	17	7	0	0.01
72467393009	2020	2	17	8	0	0.02
72467393009	2020	2	17	9	0	0.03
72467393009	2020	2	17	10	0	0.03
72467393009	2020	2	17	12	0	0.01
72467393009	2020	2	23	9	0	0.03
72467393009	2020	2	23	10	0	0.02
72467393009	2020	2	23	12	0	0.04
72467393009	2020	2	23	13	0	0.19
72467393009	2020	2	23	14	0	0.08
72467393009	2020	2	23	15	0	0.06
72467393009	2020	2	23	16	0	0.1
72467393009	2020	2	23	17	0	0.04
72467393009	2020	2	23	18	0	0.01
72467393009	2020	2	23	21	0	0.01
72467393009	2020	2	23	23	0	0.01
72467393009	2020	2	24	15	0	0.03
72467393009	2020	2	24	16	0	0.05
72467393009	2020	2	24	17	0	0.04
72467393009	2020	2	24	18	0	0.01
72467393009	2020	2	24	22	0	0.02
72467393009	2020	2	24	23	0	0.01
72467393009	2020	2	25	0	0	0.01
72467393009	2020	2	27	9	0	0.01
72467393009	2020	2	27	11	0	0.01
72467393009	2020	3	2	4	0	0.03
72467393009	2020	3	2	6	0	0.01
72467393009	2020	3	2	8	0	0.03
72467393009	2020	3	2	9	0	0.07
72467393009	2020	3	2	10	0	0.04
72467393009	2020	3	2	11	0	0.03
72467393009	2020	3	2	12	0	0.01
72467393009	2020	3	2	13	0	0.03
72467393009	2020	3	2	17	0	0.01
72467393009	2020	3	12	1	0	0.01
72467393009	2020	3	12	2	0	0.01
72467393009	2020	3	12	12	0	0.01
72467393009	2020	3	12	13	0	0.03
72467393009	2020	3	12	14	0	0.02
72467393009	2020	3	13	14	0	0.04
72467393009	2020	3	13	15	0	0.01
72467393009	2020	3	13	16	0	0.01
72467393009	2020	3	13	17	0	0.01
72467393009	2020	3	13	18	0	0.01
72467393009	2020	3	13	20	0	0.02
72467393009	2020	3	13	21	0	0.04
72467393009	2020	3	13	22	0	0.14
72467393009	2020	3	13	23	0	0.02
72467393009	2020	3	19	9	0	0.01
72467393009	2020	3	19	10	0	0.02
72467393009	2020	3	19	11	0	0.04
72467393009	2020	3	19	12	0	0.01
72467393009	2020	3	19	13	0	0.06
72467393009	2020	3	19	14	0	0.02
72467393009	2020	3	19	15	0	0.07
72467393009	2020	3	19	16	0	0.13
72467393009	2020	3	19	19	0	0.01
72467393009	2020	3	19	21	0	0.01
72467393009	2020	3	20	4	0	0.01
72467393009	2020	3	20	5	0	0.01
72467393009	2020	3	22	14	0	0.02
72467393009	2020	3	28	5	0	0.01
72467393009	2020	3	30	9	0	0.01
72467393009	2020	3	30	11	0	0.01
72467393009	2020	3	30	18	0	0.02
72467393009	2020	3	30	19	0	0.03
72467393009	2020	3	30	21	0	0.02
72467393009	2020	3	30	22	0	0.01
72467393009	2020	4	10	7	0	0.05
72467393009	2020	4	10	15	0	0.02
72467393009	2020	4	12	9	0	0.03
72467393009	2020	4	12	10	0	0.03
72467393009	2020	4	12	11	0	0.01
72467393009	2020	4	12	12	0	0.08
72467393009	2020	4	12	13	0	0.04
72467393009	2020	4	12	21	0	0.01
72467393009	2020	4	12	22	0	0.01
72467393009	2020	4	13	0	0	0.02
72467393009	2020	4	13	1	0	0.01
72467393009	2020	4	13	2	0	0.03
72467393009	2020	4	13	3	0	0.04
72467393009	2020	4	13	4	0	0.03
72467393009	2020	4	13	5	0	0.01
72467393009	2020	4	14	1	0	0.03
72467393009	2020	4	14	3	0	0.01
72467393009	2020	4	16	12	0	0.01
72467393009	2020	4	16	13	0	0.02
72467393009	2020	4	16	15	0	0.01
72467393009	2020	4	16	16	0	0.04
72467393009	2020	4	16	17	0	0.04
72467393009	2020	4	16	18	0	0.03
72467393009	2020	4	16	19	0	0.04
72467393009	2020	4	16	20	0	0.01
72467393009	2020	4	16	22	0	0.01
72467393009	2020	4	17	0	0	0.01
72467393009	2020	4	17	2	0	0.01
72467393009	2020	4	19	4	0	0.02
72467393009	2020	4	19	7	0	0.02
72467393009	2020	4	19	8	0	0.01
72467393009	2020	4	19	9	0	0.03
72467393009	2020	4	19	10	0	0.02
72467393009	2020	4	21	23	0	0.01
72467393009	2020	4	24	1	0	0.01
72467393009	2020	4	24	2	0	0.006
72467393009	2020	4	24	3	0	0.02
72467393009	2020	4	24	4	0	0.06
72467393009	2020	4	24	5	0	0.03
72467393009	2020	4	24	6	0	0.04
72467393009	2020	4	24	7	0	0.02
72467393009	2020	4	24	13	0	0.01
72467393009	2020	4	24	15	0	0.01
72467393009	2020	4	26	23	0	0.02
72467393009	2020	4	27	0	0	0.02
72467393009	2020	5	11	15	0	0.03
72467393009	2020	5	11	16	0	0.02
72467393009	2020	5	11	17	0	0.01
72467393009	2020	5	11	18	0	0.04
72467393009	2020	5	11	19	0	0.03
72467393009	2020	5	12	0	0	0.05
72467393009	2020	5	12	1	0	0.2
72467393009	2020	5	12	2	0	0.14
72467393009	2020	5	12	3	0	0.14
72467393009	2020	5	12	9	0	0.01
72467393009	2020	5	12	10	0	0.11
72467393009	2020	5	12	11	0	0.02
72467393009	2020	5	24	17	0	0.04
72467393009	2020	5	24	18	0	0.02
72467393009	2020	5	24	19	0	0.02
72467393009	2020	5	24	21	0	0.05
72467393009	2020	5	24	22	0	0.01
72467393009	2020	5	24	23	0	0.04
72467393009	2020	5	25	0	0	0.04
72467393009	2020	5	25	2	0	0.01
72467393009	2020	5	27	22	0	0.01
72467393009	2020	5	28	1	0	0.04
72467393009	2020	5	28	2	0	0.05
72467393009	2020	5	30	3	0	0.03
72467393009	2020	5	30	4	0	0.02
72467393009	2020	5	31	7	0	0.02
72467393009	2020	6	2	0	0	0.06
72467393009	2020	6	2	1	0	0.01
72467393009	2020	6	6	12	0	0.01
72467393009	2020	6	6	13	0	0.05
72467393009	2020	6	6	14	0	0.06
72467393009	2020	6	6	17	0	0.03
72467393009	2020	6	6	18	0	0.03
72467393009	2020	6	6	20	0	0.06
72467393009	2020	6	9	4	0	0.05
72467393009	2020	6	9	5	0	0.12
72467393009	2020	6	9	6	0	0.05
72467393009	2020	6	9	7	0	0.01
72467393009	2020	6	9	8	0	0.01
72467393009	2020	6	9	9	0	0.01
72467393009	2020	6	14	3	0	0.04
72467393009	2020	6	14	6	0	0.05
72467393009	2020	6	14	10	0	0.01
72467393009	2020	6	19	0	0	0.02
72467393009	2020	6	19	1	0	0.04
72467393009	2020	6	19	3	0	0.03
72467393009	2020	6	19	4	0	0.05
72467393009	2020	6	19	5	0	0.01
72467393009	2020	6	19	9	0	0.06
72467393009	2020	6	19	10	0	0.02
72467393009	2020	6	25	23	0	0.01
72467393009	2020	6	26	0	0	0.06
72467393009	2020	6	27	4	0	0.03
72467393009	2020	7	3	22	0	0.16
72467393009	2020	7	4	1	0	0.17
72467393009	2020	7	5	19	0	0.01
72467393009	2020	7	5	22	0	0.01
72467393009	2020	7	6	1	0	0.01
72467393009	2020	7	13	1	0	0.03
72467393009	2020	7	13	6	0	0.05
72467393009	2020	7	13	7	0	0.01
72467393009	2020	7	13	9	0	0.002
72467393009	2020	7	13	15	0	0.01
72467393009	2020	7	13	18	0	0.015
72467393009	2020	7	13	19	0	0.003
72467393009	2020	7	14	1	0	0.009
72467393009	2020	7	16	18	0	0.01
72467393009	2020	7	16	22	0	0.04
72467393009	2020	7	16	23	0	0.04
72467393009	2020	7	17	2	0	0.01
72467393009	2020	7	18	0	0	0.01
72467393009	2020	7	18	1	0	0.04
72467393009	2020	7	18	19	0	0.02
72467393009	2020	7	23	3	0	0.03
72467393009	2020	7	23	5	0	0.01
72467393009	2020	7	25	2	0	0.002
72467393009	2020	7	25	3	0	0.03
72467393009	2020	7	25	7	0	0.15
72467393009	2020	7	25	8	0	0.01
72467393009	2020	7	25	18	0	0.06
72467393009	2020	7	25	22	0	0.04
72467393009	2020	7	26	1	0	0.08
72467393009	2020	7	26	2	0	0.12
72467393009	2020	7	26	3	0	0.06
72467393009	2020	7	26	4	0	0.01
72467393009	2020	7	26	21	0	0.1
72467393009	2020	7	26	22	0	0.18
72467393009	2020	7	27	0	0	0.11
72467393009	2020	7	27	1	0	0.09
72467393009	2020	7	27	2	0	0.11
72467393009	2020	7	27	3	0	0.01
72467393009	2020	7	28	23	0	0.04
72467393009	2020	7	29	7	0	0.01
72467393009	2020	7	31	21	0	0.01
72467393009	2020	8	2	1	0	0.02
72467393009	2020	8	3	22	0	0.01
72467393009	2020	8	6	17	0	0.01
72467393009	2020	8	25	23	0	0.07
72467393009	2020	8	26	0	0	0.04
72467393009	2020	8	26	1	0	0.01
72467393009	2020	8	26	22	0	0.02
72467393009	2020	8	26	23	0	0.16
72467393009	2020	8	27	0	0	0.19
72467393009	2020	8	28	19	0	0.02
72467393009	2020	8	28	20	0	0.05
72467393009	2020	8	28	21	0	0.01
72467393009	2020	8	29	15	0	0.01
72467393009	2020	8	29	17	0	0.04
72467393009	2020	8	29	18	0	0.15
72467393009	2020	8	29	19	0	0.03
72467393009	2020	8	30	1	0	0.07
72467393009	2020	9	1	0	0	0.01
72467393009	2020	9	1	2	0	0.01
72467393009	2020	9	1	8	0	0.011
72467393009	2020	9	1	9	0	0.01
72467393009	2020	9	8	19	0	0.02
72467393009	2020	9	8	20	0	0.007
72467393009	2020	9	8	21	0	0.01
72467393009	2020	9	8	22	0	0.14
72467393009	2020	9	8	23	0	0.1
72467393009	2020	9	9	0	0	0.03
72467393009	2020	9	9	1	0	0.01
72467393009	2020	9	9	2	0	0.24
72467393009	2020	9	9	16	0	0.01
72467393009	2020	9	10	7	0	0.01
72467393009	2020	9	10	8	0	0.01
72467393009	2020	9	10	12	0	0.02
72467393009	2020	9	10	23	0	0.006
72467393009	2020	9	11	0	0	0.07
72467393009	2020	9	11	1	0	0.03
72467393009	2020	9	11	2	0	0.01
72467393009	2020	9	22	18	0	0.03
72467393009	2020	9	23	2	0	0.01
72467393009	2020	9	23	3	0	0.04
72467393009	2020	9	28	8	0	0.001
72467393009	2020	10	11	19	0	0.01
72467393009	2020	10	11	20	0	0.04
72467393009	2020	10	11	21	0	0.02
72467393009	2020	10	11	22	0	0.01
72467393009	2020	10	25	18	0	0.02
72467393009	2020	10	25	23	0	0.02
72467393009	2020	10	26	0	0	0.02
72467393009	2020	10	26	1	0	0.07
72467393009	2020	10	26	2	0	0.1
72467393009	2020	10	26	3	0	0.02
72467393009	2020	10	26	9	0	0.01
72467393009	2020	10	26	10	0	0.03
72467393009	2020	10	26	11	0	0.01
72467393009	2020	10	26	13	0	0.01
72467393009	2020	10	26	15	0	0.01
72467393009	2020	10	26	16	0	0.02
72467393009	2020	10	26	17	0	0.01
72467393009	2020	11	8	0	0	0.08
72467393009	2020	11	8	1	0	0.03
72467393009	2020	11	8	2	0	0.04
72467393009	2020	11	8	3	0	0.03
72467393009	2020	11	8	4	0	0.02
72467393009	2020	11	8	5	0	0.1
72467393009	2020	11	8	6	0	0.05
72467393009	2020	11	8	7	0	0.03
72467393009	2020	11	8	8	0	0.02
72467393009	2020	11	8	9	0	0.09
72467393009	2020	11	8	10	0	0.02
72467393009	2020	11	8	12	0	0.01
72467393009	2020	11	9	4	0	0.02
72467393009	2020	11	9	5	0	0.01
72467393009	2020	11	9	6	0	0.01
72467393009	2020	11	9	11	0	0.01
72467393009	2020	11	9	12	0	0.01
72467393009	2020	11	9	13	0	0.01
72467393009	2020	11	9	14	0	0.02
72467393009	2020	11	9	15	0	0.03
72467393009	2020	11	9	16	0	0.02
72467393009	2020	11	9	21	0	0.02
72467393009	2020	11	10	7	0	0.01
72467393009	2020	11	10	9	0	0.01
72467393009	2020	11	12	11	0	0.01
72467393009	2020	11	12	14	0	0.01
72467393009	2020	11	14	12	0	0.02
72467393009	2020	11	14	14	0	0.01
72467393009	2020	11	14	15	0	0.02
72467393009	2020	11	14	16	0	0.02
72467393009	2020	11	21	13	0	0.01
72467393009	2020	11	23	3	0	0.01
72467393009	2020	11	23	4	0	0.01
72467393009	2020	11	23	6	0	0.01
72467393009	2020	11	23	15	0	0.01
72467393009	2020	11	23	16	0	0.01
72467393009	2020	11	24	7	0	0.01
72467393009	2020	11	24	8	0	0.09
72467393009	2020	11	24	9	0	0.07
72467393009	2020	11	24	10	0	0.1
72467393009	2020	11	24	11	0	0.07
72467393009	2020	11	24	12	0	0.07
72467393009	2020	11	24	13	0	0.02
72467393009	2020	11	24	14	0	0.02
72467393009	2020	11	24	16	0	0.01
72467393009	2020	12	1	14	0	0.01
72467393009	2020	12	1	15	0	0.01
72467393009	2020	12	11	2	0	0.03
72467393009	2020	12	11	3	0	0.03
72467393009	2020	12	11	4	0	0.02
72467393009	2020	12	11	5	0	0.01
72467393009	2020	12	11	6	0	0.02
72467393009	2020	12	11	7	0	0.01
72467393009	2020	12	11	9	0	0.01
72467393009	2020	12	11	13	0	0.01
72467393009	2020	12	11	14	0	0.01
72467393009	2020	12	11	15	0	0.02
72467393009	2020	12	12	17	0	0.01
72467393009	2020	12	12	18	0	0.01
72467393009	2020	12	12	20	0	0.01
72467393009	2020	12	12	22	0	0.01
72467393009	2020	12	12	23	0	0.01
72467393009	2020	12	13	1	0	0.01
72467393009	2020	12	13	2	0	0.01
72467393009	2020	12	14	23	0	0.01
72467393009	2020	12	18	8	0	0.01
72467393009	2020	12	18	9	0	0.01
72467393009	2020	12	18	10	0	0.01
72467393009	2020	12	18	11	0	0.01
72467393009	2020	12	18	13	0	0.01
72467393009	2020	12	18	14	0	0.01
72467393009	2020	12	18	15	0	0.01
72467393009	2020	12	19	2	0	0.01
72467393009	2020	12	20	2	0	0.01
72467393009	2020	12	22	23	0	0.01
72467393009	2020	12	23	0	0	0.03
72467393009	2020	12	23	1	0	0.06
72467393009	2020	12	23	2	0	0.01
72467393009	2020	12	23	3	0	0.04
72467393009	2020	12	23	4	0	0.07
72467393009	2020	12	23	5	0	0.04
72467393009	2020	12	23	10	0	0.01
72467393009	2020	12	23	11	0	0.01
72467393009	2020	12	23	12	0	0.01
72467393009	2020	12	23	20	0	0.02
72467393009	2020	12	27	5	0	0.01
72467393009	2020	12	27	7	0	0.01
72467393009	2020	12	27	8	0	0.01
72467393009	2020	12	27	10	0	0.02
72467393009	2020	12	27	11	0	0.01
72467393009	2020	12	28	13	0	0.01
72467393009	2020	12	28	14	0	0.01
72467393009	2020	12	28	15	0	0.02
72467393009	2020	12	28	19	0	0.01
72467393009	2020	12	28	20	0	0.02
72467393009	2020	12	28	22	0	0.01
72467393009	2020	12	28	23	0	0.01
72467393009	2020	12	29	0	0	0.03
72467393009	2020	12	29	1	0	0.05
72467393009	2020	12	29	2	0	0.08
72467393009	2020	12	29	3	0	0.07
72467393009	2020	12	29	4	0	0.07
72467393009	2020	12	29	5	0	0.03
72467393009	2020	12	29	6	0	0.04
72467393009	2020	12	29	7	0	0.02
72467393009	2020	12	29	8	0	0.02
72467393009	2020	12	29	9	0	0.02
72467393009	2020	12	29	21	0	0.01
72467393009	2021	1	3	23	0	0.01
72467393009	2021	1	4	3	0	0.02
72467393009	2021	1	4	4	0	0.02
72467393009	2021	1	4	5	0	0.01
72467393009	2021	1	5	17	0	0.01
72467393009	2021	1	5	20	0	0.02
72467393009	2021	1	5	21	0	0.02
72467393009	2021	1	5	22	0	0.01
72467393009	2021	1	5	23	0	0.01
72467393009	2021	1	9	23	0	0.01
72467393009	2021	1	14	5	0	0.01
72467393009	2021	1	14	6	0	0.01
72467393009	2021	1	18	6	0	0.01
72467393009	2021	1	18	7	0	0.01
72467393009	2021	1	18	8	0	0.02
72467393009	2021	1	18	9	0	0.01
72467393009	2021	1	19	11	0	0.01
72467393009	2021	1	23	11	0	0.01
72467393009	2021	1	24	19	0	0.01
72467393009	2021	1	24	22	0	0.01
72467393009	2021	1	25	3	0	0.01
72467393009	2021	1	25	4	0	0.01
72467393009	2021	1	26	21	0	0.02
72467393009	2021	1	26	22	0	0.03
72467393009	2021	1	27	3	0	0.01
72467393009	2021	1	27	6	0	0.01
72467393009	2021	1	30	10	0	0.01
72467393009	2021	1	30	12	0	0.01
72467393009	2021	1	30	20	0	0.01
72467393009	2021	1	31	2	0	0.01
72467393009	2021	1	31	5	0	0.01
72467393009	2021	2	3	20	0	0.01
72467393009	2021	2	3	21	0	0.01
72467393009	2021	2	3	22	0	0.06
72467393009	2021	2	3	23	0	0.09
72467393009	2021	2	4	0	0	0.04
72467393009	2021	2	4	1	0	0.13
72467393009	2021	2	4	2	0	0.03
72467393009	2021	2	4	3	0	0.08
72467393009	2021	2	4	4	0	0.02
72467393009	2021	2	4	5	0	0.01
72467393009	2021	2	4	9	0	0.04
72467393009	2021	2	4	11	0	0.01
72467393009	2021	2	5	8	0	0.01
72467393009	2021	2	5	12	0	0.01
72467393009	2021	2	5	20	0	0.01
72467393009	2021	2	5	21	0	0.01
72467393009	2021	2	5	22	0	0.02
72467393009	2021	2	5	23	0	0.02
72467393009	2021	2	6	0	0	0.03
72467393009	2021	2	6	1	0	0.03
72467393009	2021	2	6	2	0	0.04
72467393009	2021	2	6	3	0	0.01
72467393009	2021	2	6	4	0	0.02
72467393009	2021	2	6	5	0	0.01
72467393009	2021	2	6	6	0	0.01
72467393009	2021	2	6	8	0	0.02
72467393009	2021	2	6	9	0	0.01
72467393009	2021	2	6	10	0	0.01
72467393009	2021	2	6	11	0	0.01
72467393009	2021	2	6	12	0	0.01
72467393009	2021	2	6	13	0	0.01
72467393009	2021	2	6	15	0	0.01
72467393009	2021	2	6	16	0	0.01
72467393009	2021	2	10	0	0	0.01
72467393009	2021	2	10	1	0	0.01
72467393009	2021	2	12	23	0	0.01
72467393009	2021	2	13	5	0	0.01
72467393009	2021	2	13	7	0	0.05
72467393009	2021	2	13	8	0	0.02
72467393009	2021	2	13	9	0	0.01
72467393009	2021	2	13	10	0	0.01
72467393009	2021	2	14	2	0	0.01
72467393009	2021	2	14	8	0	0.01
72467393009	2021	2	14	14	0	0.002
72467393009	2021	2	14	15	0	0.01
72467393009	2021	2	15	8	0	0.01
72467393009	2021	2	16	4	0	0.01
72467393009	2021	2	16	5	0	0.01
72467393009	2021	2	16	7	0	0.01
72467393009	2021	2	16	11	0	0.01
72467393009	2021	2	16	19	0	0.01
72467393009	2021	2	16	20	0	0.03
72467393009	2021	2	16	21	0	0.03
72467393009	2021	2	16	22	0	0.01
72467393009	2021	2	16	23	0	0.01
72467393009	2021	2	17	2	0	0.01
72467393009	2021	2	17	4	0	0.01
72467393009	2021	2	17	22	0	0.01
72467393009	2021	2	18	8	0	0.01
72467393009	2021	2	21	1	0	0.02
72467393009	2021	2	21	2	0	0.04
72467393009	2021	2	25	9	0	0.01
72467393009	2021	2	25	10	0	0.01
72467393009	2021	2	27	16	0	0.01
72467393009	2021	3	4	12	0	0.02
72467393009	2021	3	4	13	0	0.02
72467393009	2021	3	4	14	0	0.04
72467393009	2021	3	4	15	0	0.04
72467393009	2021	3	4	16	0	0.01
72467393009	2021	3	4	18	0	0.01
72467393009	2021	3	4	23	0	0.01
72467393009	2021	3	10	6	0	0.04
72467393009	2021	3	10	7	0	0.03
72467393009	2021	3	10	14	0	0.01
72467393009	2021	3	11	0	0	0.01
72467393009	2021	3	13	20	0	0.02
72467393009	2021	3	13	21	0	0.09
72467393009	2021	3	13	22	0	0.06
72467393009	2021	3	13	23	0	0.05
72467393009	2021	3	14	0	0	0.02
72467393009	2021	3	14	1	0	0.02
72467393009	2021	3	14	2	0	0.03
72467393009	2021	3	14	3	0	0.05
72467393009	2021	3	14	4	0	0.1
72467393009	2021	3	14	5	0	0.04
72467393009	2021	3	14	8	0	0.02
72467393009	2021	3	14	9	0	0.03
72467393009	2021	3	14	10	0	0.01
72467393009	2021	3	14	11	0	0.01
72467393009	2021	3	14	12	0	0.02
72467393009	2021	3	15	5	0	0.01
72467393009	2021	3	15	6	0	0.01
72467393009	2021	3	16	19	0	0.01
72467393009	2021	3	16	22	0	0.06
72467393009	2021	3	16	23	0	0.04
72467393009	2021	3	17	0	0	0.01
72467393009	2021	3	17	2	0	0.01
72467393009	2021	3	21	7	0	0.06
72467393009	2021	3	21	8	0	0.02
72467393009	2021	3	21	17	0	0.003
72467393009	2021	3	22	6	0	0.03
72467393009	2021	3	22	7	0	0.05
72467393009	2021	3	22	8	0	0.09
72467393009	2021	3	22	9	0	0.04
72467393009	2021	3	22	10	0	0.04
72467393009	2021	3	22	11	0	0.03
72467393009	2021	3	22	12	0	0.01
72467393009	2021	3	22	13	0	0.01
72467393009	2021	3	22	22	0	0.01
72467393009	2021	3	25	0	0	0.01
72467393009	2021	3	25	2	0	0.01
72467393009	2021	3	25	5	0	0.01
72467393009	2021	3	27	0	0	0.01
72467393009	2021	3	27	1	0	0.01
72467393009	2021	3	27	5	0	0.01
72467393009	2021	3	27	9	0	0.01
72467393009	2021	3	30	4	0	0.01
72467393009	2021	3	30	5	0	0.02
72467393009	2021	3	30	6	0	0.02
72467393009	2021	3	30	10	0	0.01
72467393009	2021	4	13	13	0	0.01
72467393009	2021	4	13	14	0	0.01
72467393009	2021	4	14	2	0	0.001
72467393009	2021	4	15	21	0	0.04
72467393009	2021	4	15	22	0	0.02
72467393009	2021	4	15	23	0	0.01
72467393009	2021	4	16	5	0	0.01
72467393009	2021	4	16	8	0	0.05
72467393009	2021	4	16	9	0	0.02
72467393009	2021	4	16	23	0	0.02
72467393009	2021	4	17	1	0	0.02
72467393009	2021	4	17	2	0	0.07
72467393009	2021	4	17	3	0	0.05
72467393009	2021	4	17	4	0	0.03
72467393009	2021	4	17	5	0	0.01
72467393009	2021	4	17	6	0	0.02
72467393009	2021	4	17	7	0	0.01
72467393009	2021	4	17	8	0	0.01
72467393009	2021	4	17	9	0	0.01
72467393009	2021	4	17	11	0	0.03
72467393009	2021	4	20	0	0	0.06
72467393009	2021	4	20	1	0	0.06
72467393009	2021	4	20	2	0	0.1
72467393009	2021	4	20	3	0	0.09
72467393009	2021	4	20	4	0	0.05
72467393009	2021	4	20	5	0	0.03
72467393009	2021	4	20	7	0	0.02
72467393009	2021	4	20	8	0	0.02
72467393009	2021	4	21	16	0	0.01
72467393009	2021	4	23	1	0	0.07
72467393009	2021	4	23	2	0	0.08
72467393009	2021	4	23	3	0	0.01
72467393009	2021	4	23	4	0	0.02
72467393009	2021	4	23	20	0	0.04
72467393009	2021	4	27	21	0	0.01
72467393009	2021	4	28	14	0	0.01
72467393009	2021	4	28	17	0	0.01
72467393009	2021	5	3	1	0	0.07
72467393009	2021	5	3	4	0	0.01
72467393009	2021	5	3	7	0	0.04
72467393009	2021	5	3	8	0	0.02
72467393009	2021	5	3	11	0	0.01
72467393009	2021	5	3	12	0	0.04
72467393009	2021	5	3	14	0	0.03
72467393009	2021	5	4	3	0	0.02
72467393009	2021	5	4	6	0	0.01
72467393009	2021	5	4	7	0	0.01
72467393009	2021	5	4	9	0	0.01
72467393009	2021	5	4	23	0	0.02
72467393009	2021	5	5	1	0	0.01
72467393009	2021	5	5	4	0	0.01
72467393009	2021	5	5	5	0	0.01
72467393009	2021	5	5	6	0	0.04
72467393009	2021	5	9	3	0	0.01
72467393009	2021	5	10	8	0	0.01
72467393009	2021	5	10	10	0	0.01
72467393009	2021	5	10	17	0	0.03
72467393009	2021	5	10	18	0	0.01
72467393009	2021	5	10	19	0	0.01
72467393009	2021	5	11	2	0	0.02
72467393009	2021	5	11	3	0	0.01
72467393009	2021	5	11	4	0	0.04
72467393009	2021	5	11	5	0	0.01
72467393009	2021	5	11	10	0	0.01
72467393009	2021	5	11	11	0	0.01
72467393009	2021	5	17	18	0	0.001
72467393009	2021	5	17	21	0	0.001
72467393009	2021	5	17	22	0	0.007
72467393009	2021	5	17	23	0	0.002
72467393009	2021	5	18	0	0	0.03
72467393009	2021	5	18	19	0	0.01
72467393009	2021	5	18	20	0	0.08
72467393009	2021	5	18	21	0	0.13
72467393009	2021	5	18	22	0	0.01
72467393009	2021	5	21	20	0	0.01
72467393009	2021	5	22	22	0	0.01
72467393009	2021	5	22	23	0	0.01
72467393009	2021	5	23	0	0	0.02
72467393009	2021	5	23	1	0	0.01
72467393009	2021	5	23	4	0	0.01
72467393009	2021	5	30	19	0	0.02
72467393009	2021	5	30	20	0	0.04
72467393009	2021	5	30	21	0	0.01
72467393009	2021	5	31	21	0	0.03
72467393009	2021	6	1	0	0	0.02
72467393009	2021	6	5	1	0	0.01
72467393009	2021	6	5	2	0	0.07
72467393009	2021	6	6	0	0	0.03
72467393009	2021	6	6	19	0	0.01
72467393009	2021	6	6	21	0	0.01
72467393009	2021	6	6	23	0	0.03
72467393009	2021	6	19	0	0	0.06
72467393009	2021	6	19	1	0	0.04
72467393009	2021	6	19	3	0	0.02
72467393009	2021	6	24	5	0	0.015
72467393009	2021	6	24	6	0	0.01
72467393009	2021	6	24	18	0	0.01
72467393009	2021	6	24	23	0	0.01
72467393009	2021	6	25	0	0	0.06
72467393009	2021	6	25	1	0	0.03
72467393009	2021	6	26	4	0	0.02
72467393009	2021	6	26	5	0	0.01
72467393009	2021	6	26	20	0	0.01
72467393009	2021	6	26	21	0	0.03
72467393009	2021	6	26	22	0	0.07
72467393009	2021	6	26	23	0	0.01
72467393009	2021	6	27	4	0	0.13
72467393009	2021	6	27	5	0	0.01
72467393009	2021	6	29	4	0	0.02
72467393009	2021	7	1	2	0	0.011
72467393009	2021	7	1	3	0	0.06
72467393009	2021	7	1	5	0	0.01
72467393009	2021	7	5	21	0	0.03
72467393009	2021	7	5	22	0	0.02
72467393009	2021	7	6	1	0	0.02
72467393009	2021	7	6	2	0	0.12
72467393009	2021	7	6	3	0	0.01
72467393009	2021	7	6	4	0	0.05
72467393009	2021	7	6	7	0	0.01
72467393009	2021	7	14	0	0	0.07
72467393009	2021	7	14	2	0	0.02
72467393009	2021	7	14	3	0	0.01
72467393009	2021	7	14	15	0	0.01
72467393009	2021	7	14	16	0	0.02
72467393009	2021	7	14	18	0	0.01
72467393009	2021	7	14	19	0	0.04
72467393009	2021	7	14	20	0	0.02
72467393009	2021	7	14	23	0	0.14
72467393009	2021	7	16	23	0	0.02
72467393009	2021	7	18	0	0	0.04
72467393009	2021	7	18	1	0	0.07
72467393009	2021	7	21	22	0	0.98
72467393009	2021	7	21	23	0	0.39
72467393009	2021	7	22	3	0	0.01
72467393009	2021	7	22	21	0	0.01
72467393009	2021	7	22	23	0	0.02
72467393009	2021	7	23	22	0	0.11
72467393009	2021	7	23	23	0	0.01
72467393009	2021	7	24	1	0	0.06
72467393009	2021	7	24	3	0	0.03
72467393009	2021	7	26	2	0	0.009
72467393009	2021	7	26	3	0	0.02
72467393009	2021	7	30	21	0	0.03
72467393009	2021	7	30	22	0	0.33
72467393009	2021	7	30	23	0	0.05
72467393009	2021	7	31	1	0	0.12
72467393009	2021	7	31	2	0	0.04
72467393009	2021	7	31	20	0	0.007
72467393009	2021	7	31	21	0	0.08
72467393009	2021	7	31	22	0	0.12
72467393009	2021	7	31	23	0	0.08
72467393009	2021	8	1	0	0	0.03
72467393009	2021	8	1	13	0	0.01
72467393009	2021	8	1	18	0	0.01
72467393009	2021	8	1	23	0	0.01
72467393009	2021	8	3	1	0	0.05
72467393009	2021	8	3	2	0	0.05
72467393009	2021	8	3	4	0	0.01
72467393009	2021	8	3	10	0	0.09
72467393009	2021	8	3	11	0	0.05
72467393009	2021	8	3	12	0	0.02
72467393009	2021	8	3	13	0	0.01
72467393009	2021	8	3	14	0	0.03
72467393009	2021	8	3	15	0	0.04
72467393009	2021	8	3	16	0	0.09
72467393009	2021	8	3	18	0	0.01
72467393009	2021	8	3	22	0	0.02
72467393009	2021	8	3	23	0	0.004
72467393009	2021	8	4	0	0	0.01
72467393009	2021	8	4	4	0	0.03
72467393009	2021	8	15	3	0	0.05
72467393009	2021	8	15	19	0	0.03
72467393009	2021	8	15	20	0	0.01
72467393009	2021	8	17	20	0	0.33
72467393009	2021	8	18	4	0	0.01
72467393009	2021	8	19	14	0	0.01
72467393009	2021	8	19	16	0	0.01
72467393009	2021	8	19	21	0	0.01
72467393009	2021	8	20	6	0	0.01
72467393009	2021	8	20	7	0	0.01
72467393009	2021	8	22	0	0	0.01
72467393009	2021	8	22	1	0	0.01
72467393009	2021	9	1	20	0	0.02
72467393009	2021	9	1	23	0	0.02
72467393009	2021	9	2	0	0	0.03
72467393009	2021	9	2	1	0	0.01
72467393009	2021	9	2	6	0	0.03
72467393009	2021	9	2	14	0	0.02
72467393009	2021	9	2	22	0	0.01
72467393009	2021	9	3	5	0	0.01
72467393009	2021	9	3	10	0	0.04
72467393009	2021	9	3	11	0	0.02
72467393009	2021	9	3	20	0	0.01
72467393009	2021	9	20	8	0	0.02
72467393009	2021	9	20	9	0	0.05
72467393009	2021	9	20	10	0	0.05
72467393009	2021	9	20	11	0	0.01
72467393009	2021	9	29	16	0	0.02
72467393009	2021	9	29	17	0	0.05
72467393009	2021	9	29	18	0	0.01
72467393009	2021	9	30	11	0	0.02
72467393009	2021	9	30	13	0	0.01
72467393009	2021	10	1	13	0	0.01
72467393009	2021	10	1	14	0	0.01
72467393009	2021	10	9	1	0	0.02
72467393009	2021	10	9	2	0	0.05
72467393009	2021	10	9	3	0	0.03
72467393009	2021	10	9	4	0	0.01
72467393009	2021	10	9	5	0	0.02
72467393009	2021	10	9	6	0	0.02
72467393009	2021	10	9	8	0	0.01
72467393009	2021	10	9	9	0	0.03
72467393009	2021	10	9	10	0	0.05
72467393009	2021	10	9	11	0	0.05
72467393009	2021	10	10	3	0	0.02
72467393009	2021	10	13	1	0	0.01
72467393009	2021	10	13	9	0	0.01
72467393009	2021	10	13	10	0	0.01
72467393009	2021	10	14	18	0	0.01
72467393009	2021	10	15	5	0	0.01
72467393009	2021	10	15	10	0	0.01
72467393009	2021	10	15	11	0	0.04
72467393009	2021	10	15	12	0	0.01
72467393009	2021	10	24	13	0	0.01
72467393009	2021	10	26	16	0	0.04
72467393009	2021	10	26	18	0	0.02
72467393009	2021	10	27	3	0	0.01
72467393009	2021	10	27	9	0	0.01
72467393009	2021	10	27	10	0	0.01
72467393009	2021	10	27	14	0	0.01
72467393009	2021	10	28	12	0	0.01
72467393009	2021	11	1	11	0	0.02
72467393009	2021	11	1	12	0	0.01
72467393009	2021	11	1	13	0	0.01
72467393009	2021	11	1	16	0	0.02
72467393009	2021	11	2	17	0	0.01
72467393009	2021	11	2	18	0	0.01
72467393009	2021	11	2	19	0	0.01
72467393009	2021	11	2	20	0	0.01
72467393009	2021	11	10	7	0	0.02
72467393009	2021	11	10	10	0	0.01
72467393009	2021	11	10	11	0	0.08
72467393009	2021	11	10	12	0	0.07
72467393009	2021	11	10	13	0	0.02
72467393009	2021	11	10	14	0	0.02
72467393009	2021	11	10	19	0	0.01
72467393009	2021	11	11	1	0	0.02
72467393009	2021	11	11	2	0	0.02
72467393009	2021	11	11	4	0	0.02
72467393009	2021	11	11	5	0	0.02
72467393009	2021	11	11	7	0	0.01
72467393009	2021	11	11	8	0	0.01
72467393009	2021	11	11	9	0	0.01
72467393009	2021	11	11	10	0	0.01
72467393009	2021	11	11	11	0	0.01
72467393009	2021	11	11	12	0	0.01
72467393009	2021	11	11	13	0	0.01
72467393009	2021	11	11	22	0	0.01
72467393009	2021	11	11	23	0	0.01
72467393009	2021	11	12	1	0	0.01
72467393009	2021	11	12	2	0	0.01
72467393009	2021	11	12	3	0	0.02
72467393009	2021	11	12	4	0	0.03
72467393009	2021	11	12	5	0	0.04
72467393009	2021	11	12	6	0	0.02
72467393009	2021	11	12	8	0	0.01
72467393009	2021	11	17	13	0	0.01
72467393009	2021	11	17	14	0	0.01
72467393009	2021	11	20	22	0	0.07
72467393009	2021	11	20	23	0	0.01
72467393009	2021	11	21	2	0	0.01
72467393009	2021	11	21	4	0	0.01
72467393009	2021	11	24	12	0	0.01
72467393009	2021	12	7	0	0	0.01
72467393009	2021	12	7	1	0	0.01
72467393009	2021	12	7	3	0	0.03
72467393009	2021	12	7	4	0	0.04
72467393009	2021	12	7	5	0	0.01
72467393009	2021	12	7	6	0	0.01
72467393009	2021	12	7	8	0	0.01
72467393009	2021	12	9	4	0	0.01
72467393009	2021	12	9	6	0	0.01
72467393009	2021	12	10	3	0	0.01
72467393009	2021	12	10	4	0	0.01
72467393009	2021	12	10	5	0	0.01
72467393009	2021	12	10	6	0	0.01
72467393009	2021	12	10	8	0	0.01
72467393009	2021	12	10	10	0	0.01
72467393009	2021	12	10	11	0	0.02
72467393009	2021	12	10	12	0	0.02
72467393009	2021	12	10	13	0	0.01
72467393009	2021	12	10	14	0	0.01
72467393009	2021	12	10	15	0	0.02
72467393009	2021	12	10	16	0	0.01
72467393009	2021	12	10	21	0	0.01
72467393009	2021	12	10	23	0	0.01
72467393009	2021	12	11	0	0	0.01
72467393009	2021	12	15	11	0	0.02
72467393009	2021	12	15	13	0	0.06
72467393009	2021	12	15	14	0	0.02
72467393009	2021	12	15	15	0	0.02
72467393009	2021	12	15	17	0	0.01
72467393009	2021	12	23	23	0	0.01
72467393009	2021	12	24	0	0	0.01
72467393009	2021	12	24	1	0	0.02
72467393009	2021	12	24	2	0	0.03
72467393009	2021	12	24	3	0	0.02
72467393009	2021	12	24	4	0	0.01
72467393009	2021	12	24	5	0	0.03
72467393009	2021	12	24	6	0	0.03
72467393009	2021	12	24	7	0	0.02
72467393009	2021	12	24	8	0	0.01
72467393009	2021	12	24	9	0	0.02
72467393009	2021	12	24	10	0	0.01
72467393009	2021	12	24	11	0	0.03
72467393009	2021	12	24	12	0	0.02
72467393009	2021	12	24	13	0	0.03
72467393009	2021	12	24	14	0	0.02
72467393009	2021	12	24	15	0	0.03
72467393009	2021	12	24	16	0	0.02
72467393009	2021	12	24	17	0	0.02
72467393009	2021	12	24	18	0	0.05
72467393009	2021	12	24	19	0	0.03
72467393009	2021	12	24	20	0	0.02
72467393009	2021	12	24	21	0	0.08
72467393009	2021	12	24	22	0	0.03
72467393009	2021	12	24	23	0	0.01
72467393009	2021	12	25	4	0	0.01
72467393009	2021	12	25	5	0	0.01
72467393009	2021	12	25	10	0	0.01
72467393009	2021	12	26	14	0	0.03
72467393009	2021	12	26	15	0	0.02
72467393009	2021	12	26	20	0	0.01
72467393009	2021	12	26	22	0	0.03
72467393009	2021	12	27	11	0	0.01
72467393009	2021	12	27	12	0	0.01
72467393009	2021	12	27	15	0	0.01
72467393009	2021	12	28	0	0	0.01
72467393009	2021	12	28	1	0	0.01
72467393009	2021	12	28	4	0	0.02
72467393009	2021	12	28	5	0	0.01
72467393009	2021	12	28	6	0	0.05
72467393009	2021	12	28	7	0	0.04
72467393009	2021	12	28	8	0	0.03
72467393009	2021	12	28	9	0	0.01
72467393009	2021	12	28	10	0	0.02
72467393009	2021	12	28	12	0	0.01
72467393009	2021	12	29	11	0	0.01
72467393009	2021	12	29	13	0	0.01
72467393009	2021	12	29	15	0	0.01
72467393009	2021	12	30	7	0	0.001
72467393009	2021	12	30	10	0	0.001
72467393009	2021	12	30	11	0	0.01
72467393009	2021	12	30	12	0	0.01
72467393009	2021	12	30	13	0	0.002
72467393009	2021	12	30	14	0	0.002
72467393009	2021	12	30	15	0	0.005
72467393009	2021	12	30	20	0	0.002
72467393009	2021	12	31	0	0	0.001
72467393009	2021	12	31	1	0	0.002
72467393009	2021	12	31	2	0	0.001
72467393009	2021	12	31	3	0	0.001
72467393009	2021	12	31	4	0	0.002
72467393009	2021	12	31	6	0	0.01
72467393009	2021	12	31	7	0	0.02
72467393009	2021	12	31	9	0	0.02
72467393009	2021	12	31	13	0	0.01
72467393009	2021	12	31	15	0	0.01
72467393009	2021	12	31	16	0	0.01
72467393009	2021	12	31	17	0	0.02
72467393009	2021	12	31	18	0	0.01
72467393009	2021	12	31	19	0	0.01
72467393009	2021	12	31	21	0	0.01
