72477003170	2010	8	27	6	0	0.01
72477003170	2010	9	9	4	0	0.03
72477003170	2010	9	9	5	0	0.1
72477003170	2010	9	9	6	0	0.2
72477003170	2010	9	9	7	0	0.12
72477003170	2010	10	4	6	0	0.05
72477003170	2010	10	4	7	0	0.03
72477003170	2010	10	4	8	0	0.01
72477003170	2010	10	4	9	0	0.02
72477003170	2010	10	4	11	0	0.02
72477003170	2010	10	4	12	0	0.01
72477003170	2010	10	4	14	0	0.01
72477003170	2010	10	4	23	0	0.006
72477003170	2010	10	5	0	0	0.03
72477003170	2010	10	5	1	0	0.03
72477003170	2010	10	5	4	0	0.01
72477003170	2010	10	5	5	0	0.05
72477003170	2010	10	5	6	0	0.02
72477003170	2010	10	5	7	0	0.09
72477003170	2010	10	5	8	0	0.01
72477003170	2010	10	5	9	0	0.01
72477003170	2010	10	5	10	0	0.01
72477003170	2010	10	6	3	0	0.01
72477003170	2010	10	6	4	0	0.01
72477003170	2010	10	6	15	0	0.01
72477003170	2010	10	6	22	0	0.02
72477003170	2010	10	6	23	0	0.02
72477003170	2010	10	7	21	0	0.01
72477003170	2010	10	7	22	0	0.01
72477003170	2010	10	17	21	0	0.06
72477003170	2010	10	23	0	0	0.07
72477003170	2010	10	24	8	0	0.01
72477003170	2010	10	24	9	0	0.01
72477003170	2010	10	24	10	0	0.04
72477003170	2010	10	24	11	0	0.03
72477003170	2010	10	24	12	0	0.01
72477003170	2010	10	25	1	0	0.04
72477003170	2010	10	25	2	0	0.07
72477003170	2010	10	25	3	0	0.11
72477003170	2010	10	25	4	0	0.12
72477003170	2010	10	25	5	0	0.05
72477003170	2010	10	25	6	0	0.07
72477003170	2010	10	25	9	0	0.01
72477003170	2010	10	26	21	0	0.01
72477003170	2010	10	30	18	0	0.02
72477003170	2010	10	30	19	0	0.02
72477003170	2010	10	30	20	0	0.05
72477003170	2010	11	8	4	0	0.08
72477003170	2010	11	8	5	0	0.17
72477003170	2010	11	8	6	0	0.1
72477003170	2010	11	8	7	0	0.06
72477003170	2010	11	8	8	0	0.04
72477003170	2010	11	8	9	0	0.04
72477003170	2010	11	8	10	0	0.06
72477003170	2010	11	8	11	0	0.06
72477003170	2010	11	8	12	0	0.01
72477003170	2010	11	8	14	0	0.04
72477003170	2010	11	8	15	0	0.02
72477003170	2010	11	8	16	0	0.02
72477003170	2010	11	10	6	0	0.03
72477003170	2010	11	10	7	0	0.01
72477003170	2010	11	10	10	0	0.05
72477003170	2010	11	10	11	0	0.07
72477003170	2010	11	10	14	0	0.01
72477003170	2010	11	10	15	0	0.05
72477003170	2010	11	10	16	0	0.07
72477003170	2010	11	10	18	0	0.04
72477003170	2010	11	20	17	0	0.03
72477003170	2010	11	20	18	0	0.05
72477003170	2010	11	20	19	0	0.01
72477003170	2010	11	20	22	0	0.02
72477003170	2010	11	21	15	0	0.04
72477003170	2010	11	21	16	0	0.04
72477003170	2010	11	23	21	0	0.02
72477003170	2010	11	23	22	0	0.03
72477003170	2010	11	28	5	0	0.01
72477003170	2010	11	28	6	0	0.05
72477003170	2010	11	28	7	0	0.01
72477003170	2010	11	28	22	0	0.01
72477003170	2010	11	28	23	0	0.03
72477003170	2010	11	29	6	0	0.01
72477003170	2010	12	6	9	0	0.01
72477003170	2010	12	9	18	0	0.05
72477003170	2010	12	9	19	0	0.04
72477003170	2010	12	9	20	0	0.01
72477003170	2010	12	10	19	0	0.02
72477003170	2010	12	15	4	0	0.01
72477003170	2010	12	15	5	0	0.02
72477003170	2010	12	15	6	0	0.01
72477003170	2010	12	15	7	0	0.01
72477003170	2010	12	15	8	0	0.02
72477003170	2010	12	15	9	0	0.02
72477003170	2010	12	15	10	0	0.01
72477003170	2010	12	15	12	0	0.01
72477003170	2010	12	19	10	0	0.03
72477003170	2010	12	19	12	0	0.03
72477003170	2010	12	19	13	0	0.08
72477003170	2010	12	19	14	0	0.01
72477003170	2010	12	19	15	0	0.01
72477003170	2010	12	19	16	0	0.03
72477003170	2010	12	19	17	0	0.03
72477003170	2010	12	19	18	0	0.03
72477003170	2010	12	20	3	0	0.01
72477003170	2010	12	20	6	0	0.01
72477003170	2010	12	20	7	0	0.005
72477003170	2010	12	20	8	0	0.01
72477003170	2010	12	20	14	0	0.03
72477003170	2010	12	20	15	0	0.02
72477003170	2010	12	20	16	0	0.02
72477003170	2010	12	20	18	0	0.01
72477003170	2010	12	20	21	0	0.01
72477003170	2010	12	20	22	0	0.01
72477003170	2010	12	21	0	0	0.02
72477003170	2010	12	21	1	0	0.01
72477003170	2010	12	21	2	0	0.02
72477003170	2010	12	21	4	0	0.02
72477003170	2010	12	21	5	0	0.05
72477003170	2010	12	21	6	0	0.04
72477003170	2010	12	21	7	0	0.01
72477003170	2010	12	21	8	0	0.02
72477003170	2010	12	23	3	0	0.01
72477003170	2010	12	26	13	0	0.04
72477003170	2010	12	26	14	0	0.04
72477003170	2010	12	26	15	0	0.01
72477003170	2010	12	29	3	0	0.01
72477003170	2010	12	29	21	0	0.03
72477003170	2010	12	30	19	0	0.01
72477003170	2010	12	30	23	0	0.02
72477003170	2011	1	11	18	0	0.01
72477003170	2011	1	16	13	0	0.03
72477003170	2011	2	1	10	0	0.02
72477003170	2011	2	6	6	0	0.01
72477003170	2011	2	16	21	0	0.14
72477003170	2011	2	16	22	0	0.08
72477003170	2011	2	16	23	0	0.01
72477003170	2011	2	17	0	0	0.01
72477003170	2011	2	17	1	0	0.01
72477003170	2011	2	19	12	0	0.04
72477003170	2011	2	19	13	0	0.01
72477003170	2011	2	19	22	0	0.04
72477003170	2011	2	20	1	0	0.01
72477003170	2011	2	25	5	0	0.01
72477003170	2011	2	25	6	0	0.01
72477003170	2011	2	25	7	0	0.01
72477003170	2011	2	26	0	0	0.01
72477003170	2011	2	26	3	0	0.02
72477003170	2011	2	26	4	0	0.03
72477003170	2011	2	26	5	0	0.01
72477003170	2011	2	26	6	0	0.02
72477003170	2011	2	26	7	0	0.05
72477003170	2011	2	26	8	0	0.02
72477003170	2011	2	26	9	0	0.05
72477003170	2011	2	26	10	0	0.01
72477003170	2011	2	26	11	0	0.01
72477003170	2011	3	3	22	0	0.01
72477003170	2011	3	6	15	0	0.01
72477003170	2011	3	6	16	0	0.01
72477003170	2011	3	6	17	0	0.01
72477003170	2011	3	6	20	0	0.01
72477003170	2011	3	6	21	0	0.04
72477003170	2011	3	6	22	0	0.04
72477003170	2011	3	7	10	0	0.02
72477003170	2011	3	7	11	0	0.01
72477003170	2011	3	7	12	0	0.06
72477003170	2011	3	7	14	0	0.23
72477003170	2011	3	7	19	0	0.06
72477003170	2011	3	16	18	0	0.01
72477003170	2011	3	16	20	0	0.01
72477003170	2011	3	19	12	0	0.01
72477003170	2011	3	19	13	0	0.04
72477003170	2011	3	21	12	0	0.01
72477003170	2011	3	21	15	0	0.01
72477003170	2011	3	21	18	0	0.02
72477003170	2011	3	22	0	0	0.02
72477003170	2011	3	24	7	0	0.05
72477003170	2011	3	24	8	0	0.11
72477003170	2011	3	24	9	0	0.09
72477003170	2011	3	24	10	0	0.05
72477003170	2011	3	24	11	0	0.03
72477003170	2011	3	25	10	0	0.07
72477003170	2011	3	25	11	0	0.05
72477003170	2011	3	25	12	0	0.01
72477003170	2011	3	26	16	0	0.01
72477003170	2011	3	26	17	0	0.01
72477003170	2011	3	28	13	0	0.01
72477003170	2011	3	28	18	0	0.01
72477003170	2011	4	2	23	0	0.007
72477003170	2011	4	3	0	0	0.008
72477003170	2011	4	3	1	0	0.003
72477003170	2011	4	3	2	0	0.01
72477003170	2011	4	3	3	0	0.019
72477003170	2011	4	3	4	0	0.03
72477003170	2011	4	3	5	0	0.03
72477003170	2011	4	6	2	0	0.01
72477003170	2011	4	6	3	0	0.04
72477003170	2011	4	6	4	0	0.05
72477003170	2011	4	7	17	0	0.01
72477003170	2011	4	7	19	0	0.01
72477003170	2011	4	7	20	0	0.01
72477003170	2011	4	7	21	0	0.04
72477003170	2011	4	7	22	0	0.01
72477003170	2011	4	7	23	0	0.06
72477003170	2011	4	8	1	0	0.01
72477003170	2011	4	8	2	0	0.03
72477003170	2011	4	8	6	0	0.02
72477003170	2011	4	8	8	0	0.01
72477003170	2011	4	8	9	0	0.01
72477003170	2011	4	8	11	0	0.01
72477003170	2011	4	8	12	0	0.01
72477003170	2011	4	8	14	0	0.01
72477003170	2011	4	8	18	0	0.01
72477003170	2011	4	9	13	0	0.01
72477003170	2011	4	9	17	0	0.01
72477003170	2011	4	9	18	0	0.03
72477003170	2011	4	9	19	0	0.04
72477003170	2011	4	9	20	0	0.01
72477003170	2011	4	9	21	0	0.03
72477003170	2011	4	9	22	0	0.01
72477003170	2011	4	9	23	0	0.01
72477003170	2011	4	10	1	0	0.02
72477003170	2011	4	10	2	0	0.02
72477003170	2011	4	14	5	0	0.01
72477003170	2011	4	18	14	0	0.01
72477003170	2011	4	19	1	0	0.01
72477003170	2011	4	19	6	0	0.01
72477003170	2011	4	19	10	0	0.01
72477003170	2011	4	19	11	0	0.01
72477003170	2011	4	23	12	0	0.01
72477003170	2011	4	23	13	0	0.01
72477003170	2011	4	24	9	0	0.01
72477003170	2011	4	24	10	0	0.01
72477003170	2011	4	24	11	0	0.02
72477003170	2011	4	24	18	0	0.01
72477003170	2011	4	24	21	0	0.02
72477003170	2011	4	24	23	0	0.01
72477003170	2011	4	25	1	0	0.01
72477003170	2011	4	25	5	0	0.01
72477003170	2011	4	25	6	0	0.01
72477003170	2011	4	26	6	0	0.01
72477003170	2011	4	26	7	0	0.07
72477003170	2011	4	26	14	0	0.01
72477003170	2011	4	29	8	0	0.01
72477003170	2011	4	29	9	0	0.03
72477003170	2011	4	29	10	0	0.03
72477003170	2011	4	29	12	0	0.03
72477003170	2011	5	8	11	0	0.001
72477003170	2011	5	8	12	0	0.03
72477003170	2011	5	8	13	0	0.03
72477003170	2011	5	8	14	0	0.01
72477003170	2011	5	8	19	0	0.04
72477003170	2011	5	8	20	0	0.02
72477003170	2011	5	8	21	0	0.05
72477003170	2011	5	9	3	0	0.01
72477003170	2011	5	10	13	0	0.04
72477003170	2011	5	10	15	0	0.03
72477003170	2011	5	15	19	0	0.01
72477003170	2011	5	15	20	0	0.03
72477003170	2011	5	15	21	0	0.05
72477003170	2011	5	15	22	0	0.01
72477003170	2011	5	17	20	0	0.01
72477003170	2011	5	18	0	0	0.05
72477003170	2011	5	18	2	0	0.05
72477003170	2011	5	18	3	0	0.15
72477003170	2011	5	18	4	0	0.11
72477003170	2011	5	18	7	0	0.01
72477003170	2011	5	18	16	0	0.01
72477003170	2011	5	19	1	0	0.01
72477003170	2011	5	19	12	0	0.04
72477003170	2011	5	19	14	0	0.01
72477003170	2011	5	22	7	0	0.02
72477003170	2011	5	22	20	0	0.02
72477003170	2011	5	23	1	0	0.07
72477003170	2011	5	23	2	0	0.07
72477003170	2011	5	23	3	0	0.04
72477003170	2011	5	23	9	0	0.01
72477003170	2011	5	23	10	0	0.04
72477003170	2011	5	23	11	0	0.07
72477003170	2011	5	23	12	0	0.17
72477003170	2011	5	23	13	0	0.09
72477003170	2011	5	23	14	0	0.06
72477003170	2011	5	23	15	0	0.03
72477003170	2011	5	23	18	0	0.1
72477003170	2011	5	23	20	0	0.03
72477003170	2011	5	23	22	0	0.06
72477003170	2011	5	24	10	0	0.02
72477003170	2011	5	24	11	0	0.01
72477003170	2011	5	29	7	0	0.01
72477003170	2011	5	29	8	0	0.006
72477003170	2011	5	29	12	0	0.02
72477003170	2011	5	29	13	0	0.01
72477003170	2011	5	29	16	0	0.01
72477003170	2011	5	29	18	0	0.01
72477003170	2011	5	29	19	0	0.02
72477003170	2011	5	29	20	0	0.02
72477003170	2011	5	29	21	0	0.03
72477003170	2011	5	29	22	0	0.04
72477003170	2011	5	29	23	0	0.02
72477003170	2011	5	30	0	0	0.01
72477003170	2011	5	30	5	0	0.04
72477003170	2011	6	6	18	0	0.02
72477003170	2011	6	6	19	0	0.01
72477003170	2011	6	13	12	0	0.01
72477003170	2011	6	19	6	0	0.06
72477003170	2011	6	19	7	0	0.22
72477003170	2011	6	19	8	0	0.05
72477003170	2011	6	19	9	0	0.15
72477003170	2011	6	19	10	0	0.09
72477003170	2011	6	19	13	0	0.06
72477003170	2011	6	19	14	0	0.03
72477003170	2011	6	19	17	0	0.01
72477003170	2011	6	30	1	0	0.02
72477003170	2011	6	30	2	0	0.06
72477003170	2011	7	8	1	0	0.03
72477003170	2011	7	30	23	0	0.01
72477003170	2011	7	31	0	0	0.03
72477003170	2011	7	31	10	0	0.03
72477003170	2011	7	31	11	0	0.07
72477003170	2011	7	31	23	0	0.01
72477003170	2011	8	1	0	0	0.03
72477003170	2011	8	1	1	0	0.18
72477003170	2011	8	1	2	0	0.1
72477003170	2011	8	1	3	0	0.01
72477003170	2011	8	1	4	0	0.02
72477003170	2011	8	1	7	0	0.01
72477003170	2011	8	1	8	0	0.011
72477003170	2011	8	1	9	0	0.007
72477003170	2011	8	1	10	0	0.008
72477003170	2011	8	2	20	0	0.03
72477003170	2011	8	2	22	0	0.03
72477003170	2011	8	3	20	0	0.11
72477003170	2011	8	4	1	0	0.02
72477003170	2011	8	15	1	0	0.05
72477003170	2011	8	15	3	0	0.02
72477003170	2011	8	28	0	0	0.02
72477003170	2011	8	28	2	0	0.01
72477003170	2011	8	28	4	0	0.01
72477003170	2011	8	28	21	0	0.05
72477003170	2011	8	29	2	0	0.03
72477003170	2011	9	10	22	0	0.01
72477003170	2011	9	11	17	0	0.01
72477003170	2011	9	11	20	0	0.01
72477003170	2011	9	12	15	0	0.01
72477003170	2011	9	16	1	0	0.01
72477003170	2011	9	16	8	0	0.02
72477003170	2011	9	16	9	0	0.04
72477003170	2011	9	16	10	0	0.03
72477003170	2011	9	16	14	0	0.047
72477003170	2011	9	16	21	0	0.09
72477003170	2011	9	17	0	0	0.01
72477003170	2011	10	4	7	0	0.05
72477003170	2011	10	4	19	0	0.21
72477003170	2011	10	5	13	0	0.03
72477003170	2011	10	5	14	0	0.01
72477003170	2011	10	5	19	0	0.01
72477003170	2011	10	5	20	0	0.12
72477003170	2011	10	5	21	0	0.05
72477003170	2011	10	5	22	0	0.11
72477003170	2011	10	5	23	0	0.08
72477003170	2011	10	6	1	0	0.02
72477003170	2011	10	6	22	0	0.01
72477003170	2011	10	7	0	0	0.07
72477003170	2011	10	10	21	0	0.04
72477003170	2011	10	10	22	0	0.02
72477003170	2012	1	21	13	0	0.023
72477003170	2012	1	21	14	0	0.006
72477003170	2012	1	21	16	0	0.023
72477003170	2012	1	21	17	0	0.153
72477003170	2012	1	21	18	0	0.04
72477003170	2012	1	21	19	0	0.01
72477003170	2012	1	26	23	0	0.01
72477003170	2012	1	27	1	0	0.01
72477003170	2012	1	27	4	0	0.01
72477003170	2012	1	27	5	0	0.01
72477003170	2012	2	2	8	0	0.03
72477003170	2012	2	2	9	0	0.01
72477003170	2012	2	2	10	0	0.03
72477003170	2012	2	12	7	0	0.03
72477003170	2012	2	12	9	0	0.01
72477003170	2012	2	12	22	0	0.01
72477003170	2012	2	12	23	0	0.01
72477003170	2012	2	13	13	0	0.01
72477003170	2012	2	13	14	0	0.01
72477003170	2012	2	13	15	0	0.01
72477003170	2012	2	13	17	0	0.01
72477003170	2012	2	13	18	0	0.03
72477003170	2012	2	13	19	0	0.03
72477003170	2012	2	13	20	0	0.02
72477003170	2012	2	13	21	0	0.04
72477003170	2012	2	13	22	0	0.01
72477003170	2012	2	14	0	0	0.01
72477003170	2012	2	14	1	0	0.03
72477003170	2012	2	14	10	0	0.01
72477003170	2012	2	14	11	0	0.01
72477003170	2012	2	15	12	0	0.05
72477003170	2012	2	15	13	0	0.05
72477003170	2012	2	15	14	0	0.03
72477003170	2012	2	19	6	0	0.01
72477003170	2012	2	19	7	0	0.04
72477003170	2012	2	19	8	0	0.03
72477003170	2012	2	27	18	0	0.02
72477003170	2012	2	27	19	0	0.04
72477003170	2012	2	27	20	0	0.07
72477003170	2012	2	27	21	0	0.05
72477003170	2012	2	27	22	0	0.02
72477003170	2012	2	27	23	0	0.02
72477003170	2012	2	28	0	0	0.04
72477003170	2012	2	28	1	0	0.01
72477003170	2012	2	28	2	0	0.02
72477003170	2012	2	29	22	0	0.01
72477003170	2012	2	29	23	0	0.05
72477003170	2012	3	1	0	0	0.01
72477003170	2012	3	1	1	0	0.03
72477003170	2012	3	1	2	0	0.02
72477003170	2012	3	1	4	0	0.01
72477003170	2012	3	1	10	0	0.06
72477003170	2012	3	1	21	0	0.01
72477003170	2012	3	1	22	0	0.01
72477003170	2012	3	2	0	0	0.01
72477003170	2012	3	6	21	0	0.02
72477003170	2012	3	17	16	0	0.05
72477003170	2012	3	17	17	0	0.14
72477003170	2012	3	17	18	0	0.05
72477003170	2012	3	17	19	0	0.09
72477003170	2012	3	17	20	0	0.11
72477003170	2012	3	17	21	0	0.08
72477003170	2012	3	17	22	0	0.08
72477003170	2012	3	17	23	0	0.15
72477003170	2012	3	18	0	0	0.11
72477003170	2012	3	18	1	0	0.06
72477003170	2012	3	18	3	0	0.02
72477003170	2012	3	18	4	0	0.01
72477003170	2012	3	18	5	0	0.01
72477003170	2012	3	18	13	0	0.01
72477003170	2012	3	26	12	0	0.08
72477003170	2012	3	26	13	0	0.07
72477003170	2012	4	1	9	0	0.01
72477003170	2012	4	1	21	0	0.01
72477003170	2012	4	2	10	0	0.01
72477003170	2012	4	5	23	0	0.008
72477003170	2012	4	6	0	0	0.08
72477003170	2012	4	11	22	0	0.01
72477003170	2012	4	12	23	0	0.01
72477003170	2012	4	14	10	0	0.01
72477003170	2012	4	14	14	0	0.01
72477003170	2012	4	15	0	0	0.07
72477003170	2012	4	15	1	0	0.02
72477003170	2012	4	17	4	0	0.01
72477003170	2012	4	17	5	0	0.02
72477003170	2012	4	17	6	0	0.01
72477003170	2012	4	26	22	0	0.02
72477003170	2012	4	26	23	0	0.01
72477003170	2012	4	27	0	0	0.04
72477003170	2012	5	26	15	0	0.01
72477003170	2012	5	26	19	0	0.04
72477003170	2012	5	26	20	0	0.01
72477003170	2012	5	26	21	0	0.01
72477003170	2012	6	5	12	0	0.01
72477003170	2012	6	5	13	0	0.04
72477003170	2012	7	5	6	0	0.03
72477003170	2012	7	5	7	0	0.03
72477003170	2012	7	13	19	0	0.001
72477003170	2012	7	13	21	0	0.001
72477003170	2012	7	13	22	0	0.009
72477003170	2012	7	13	23	0	0.018
72477003170	2012	7	14	2	0	0.032
72477003170	2012	7	14	3	0	0.033
72477003170	2012	7	14	4	0	0.05
72477003170	2012	7	14	5	0	0.01
72477003170	2012	7	14	6	0	0.02
72477003170	2012	7	14	22	0	0.03
72477003170	2012	7	14	23	0	0.02
72477003170	2012	7	16	9	0	0.01
72477003170	2012	7	16	10	0	0.01
72477003170	2012	7	20	1	0	0.03
72477003170	2012	7	22	19	0	0.11
72477003170	2012	8	5	17	0	0.01
72477003170	2012	8	8	9	0	0.01
72477003170	2012	8	8	18	0	0.01
72477003170	2012	8	8	20	0	0.02
72477003170	2012	8	11	0	0	0.01
72477003170	2012	8	11	6	0	0.01
72477003170	2012	8	11	21	0	0.09
72477003170	2012	8	11	22	0	0.01
72477003170	2012	8	16	0	0	0.09
72477003170	2012	8	16	1	0	0.08
72477003170	2012	8	19	20	0	0.01
72477003170	2012	8	19	21	0	0.01
72477003170	2012	8	21	19	0	0.43
72477003170	2012	8	21	22	0	0.04
72477003170	2012	8	22	3	0	0.01
72477003170	2012	8	30	21	0	0.04
72477003170	2012	8	31	3	0	0.01
72477003170	2012	8	31	5	0	0.016
72477003170	2012	8	31	6	0	0.17
72477003170	2012	8	31	8	0	0.07
72477003170	2012	8	31	23	0	0.041
72477003170	2012	9	1	5	0	0.07
72477003170	2012	9	1	6	0	0.04
72477003170	2012	9	1	8	0	0.01
72477003170	2012	9	9	22	0	0.03
72477003170	2012	9	9	23	0	0.21
72477003170	2012	9	10	0	0	0.08
72477003170	2012	9	10	3	0	0.02
72477003170	2012	9	10	4	0	0.01
72477003170	2012	9	24	6	0	0.01
72477003170	2012	9	24	7	0	0.08
72477003170	2012	9	24	8	0	0.09
72477003170	2012	9	24	9	0	0.1
72477003170	2012	9	24	15	0	0.02
72477003170	2012	9	24	16	0	0.08
72477003170	2012	9	24	17	0	0.05
72477003170	2012	9	24	18	0	0.02
72477003170	2012	10	11	21	0	0.02
72477003170	2012	10	12	3	0	0.01
72477003170	2012	10	12	6	0	0.03
72477003170	2012	10	13	4	0	0.02
72477003170	2012	10	13	5	0	0.01
72477003170	2012	10	24	21	0	0.01
72477003170	2012	10	25	14	0	0.02
72477003170	2012	10	25	15	0	0.03
72477003170	2012	10	25	17	0	0.04
72477003170	2012	10	25	18	0	0.01
72477003170	2012	11	9	4	0	0.1
72477003170	2012	11	9	5	0	0.01
72477003170	2012	11	9	9	0	0.01
72477003170	2012	11	9	21	0	0.01
72477003170	2012	11	11	1	0	0.05
72477003170	2012	11	11	2	0	0.02
72477003170	2012	11	11	3	0	0.02
72477003170	2012	11	11	4	0	0.01
72477003170	2012	11	18	21	0	0.02
72477003170	2012	12	3	0	0	0.03
72477003170	2012	12	3	1	0	0.05
72477003170	2012	12	3	2	0	0.01
72477003170	2012	12	5	17	0	0.01
72477003170	2012	12	13	15	0	0.02
72477003170	2012	12	13	16	0	0.02
72477003170	2012	12	13	18	0	0.01
72477003170	2012	12	14	22	0	0.01
72477003170	2012	12	15	2	0	0.01
72477003170	2012	12	15	3	0	0.03
72477003170	2012	12	15	4	0	0.02
72477003170	2012	12	17	0	0	0.07
72477003170	2012	12	17	1	0	0.07
72477003170	2012	12	18	2	0	0.04
72477003170	2012	12	18	3	0	0.01
72477003170	2012	12	18	8	0	0.02
72477003170	2012	12	18	16	0	0.02
72477003170	2012	12	18	18	0	0.01
72477003170	2012	12	18	21	0	0.01
72477003170	2012	12	18	22	0	0.01
72477003170	2012	12	23	2	0	0.01
72477003170	2012	12	23	4	0	0.01
72477003170	2012	12	24	9	0	0.12
72477003170	2012	12	24	10	0	0.02
72477003170	2012	12	24	11	0	0.05
72477003170	2012	12	24	12	0	0.01
72477003170	2012	12	24	14	0	0.01
72477003170	2012	12	24	15	0	0.04
72477003170	2012	12	24	16	0	0.08
72477003170	2012	12	24	17	0	0.01
72477003170	2012	12	26	10	0	0.03
72477003170	2012	12	26	11	0	0.02
72477003170	2012	12	26	12	0	0.01
72477003170	2012	12	27	16	0	0.01
72477003170	2012	12	27	22	0	0.01
72477003170	2012	12	30	11	0	0.01
72477003170	2012	12	30	12	0	0.01
72477003170	2012	12	30	14	0	0.01
72477003170	2013	1	10	13	0	0.08
72477003170	2013	1	10	14	0	0.03
72477003170	2013	1	10	17	0	0.02
72477003170	2013	1	10	18	0	0.01
72477003170	2013	1	10	21	0	0.02
72477003170	2013	1	11	0	0	0.01
72477003170	2013	1	11	4	0	0.01
72477003170	2013	1	12	21	0	0.01
72477003170	2013	1	24	9	0	0.01
72477003170	2013	1	24	10	0	0.02
72477003170	2013	1	24	11	0	0.01
72477003170	2013	1	24	13	0	0.03
72477003170	2013	1	24	14	0	0.04
72477003170	2013	1	24	15	0	0.03
72477003170	2013	1	24	16	0	0.02
72477003170	2013	1	24	17	0	0.01
72477003170	2013	1	24	21	0	0.01
72477003170	2013	1	26	4	0	0.01
72477003170	2013	1	27	9	0	0.06
72477003170	2013	1	27	10	0	0.22
72477003170	2013	1	27	11	0	0.1
72477003170	2013	1	27	12	0	0.01
72477003170	2013	1	27	15	0	0.02
72477003170	2013	1	27	16	0	0.02
72477003170	2013	1	27	17	0	0.05
72477003170	2013	1	27	18	0	0.04
72477003170	2013	1	27	19	0	0.03
72477003170	2013	1	27	20	0	0.01
72477003170	2013	1	27	21	0	0.02
72477003170	2013	1	27	23	0	0.04
72477003170	2013	1	28	0	0	0.03
72477003170	2013	1	29	5	0	0.01
72477003170	2013	1	29	7	0	0.01
72477003170	2013	1	29	8	0	0.01
72477003170	2013	1	29	22	0	0.01
72477003170	2013	1	30	0	0	0.02
72477003170	2013	2	8	6	0	0.01
72477003170	2013	2	8	8	0	0.01
72477003170	2013	2	8	9	0	0.05
72477003170	2013	2	8	16	0	0.01
72477003170	2013	2	8	19	0	0.01
72477003170	2013	2	8	20	0	0.03
72477003170	2013	2	8	21	0	0.01
72477003170	2013	2	9	0	0	0.01
72477003170	2013	2	9	1	0	0.03
72477003170	2013	2	9	2	0	0.03
72477003170	2013	2	9	3	0	0.04
72477003170	2013	2	9	4	0	0.01
72477003170	2013	2	9	5	0	0.01
72477003170	2013	2	9	11	0	0.02
72477003170	2013	2	9	12	0	0.01
72477003170	2013	2	9	14	0	0.01
72477003170	2013	2	20	1	0	0.01
72477003170	2013	2	20	2	0	0.02
72477003170	2013	2	20	3	0	0.02
72477003170	2013	2	20	5	0	0.02
72477003170	2013	2	20	6	0	0.04
72477003170	2013	2	20	7	0	0.02
72477003170	2013	2	20	8	0	0.01
72477003170	2013	2	20	9	0	0.04
72477003170	2013	2	20	10	0	0.04
72477003170	2013	2	20	11	0	0.03
72477003170	2013	2	20	12	0	0.06
72477003170	2013	2	20	13	0	0.05
72477003170	2013	2	20	14	0	0.01
72477003170	2013	2	20	15	0	0.03
72477003170	2013	2	20	16	0	0.01
72477003170	2013	2	23	13	0	0.03
72477003170	2013	2	23	14	0	0.05
72477003170	2013	2	23	17	0	0.01
72477003170	2013	2	23	21	0	0.01
72477003170	2013	2	26	12	0	0.01
72477003170	2013	3	3	17	0	0.01
72477003170	2013	3	3	18	0	0.02
72477003170	2013	3	7	14	0	0.01
72477003170	2013	3	7	15	0	0.01
72477003170	2013	3	7	17	0	0.01
72477003170	2013	3	9	5	0	0.02
72477003170	2013	4	1	0	0	0.04
72477003170	2013	4	1	1	0	0.04
72477003170	2013	4	1	14	0	0.01
72477003170	2013	4	1	15	0	0.01
72477003170	2013	4	1	16	0	0.02
72477003170	2013	4	1	21	0	0.02
72477003170	2013	4	1	22	0	0.01
72477003170	2013	4	2	2	0	0.03
72477003170	2013	4	5	7	0	0.05
72477003170	2013	4	5	8	0	0.02
72477003170	2013	4	8	11	0	0.05
72477003170	2013	4	8	12	0	0.02
72477003170	2013	4	8	13	0	0.01
72477003170	2013	4	11	8	0	0.004
72477003170	2013	4	11	11	0	0.002
72477003170	2013	4	11	13	0	0.01
72477003170	2013	4	11	14	0	0.01
72477003170	2013	4	15	5	0	0.02
72477003170	2013	4	15	6	0	0.02
72477003170	2013	4	15	10	0	0.01
72477003170	2013	4	15	11	0	0.01
72477003170	2013	4	15	16	0	0.01
72477003170	2013	4	15	20	0	0.01
72477003170	2013	4	15	21	0	0.01
72477003170	2013	4	16	3	0	0.01
72477003170	2013	4	16	10	0	0.01
72477003170	2013	4	16	12	0	0.01
72477003170	2013	4	16	23	0	0.01
72477003170	2013	4	17	10	0	0.01
72477003170	2013	5	8	0	0	0.13
72477003170	2013	5	9	20	0	0.03
72477003170	2013	5	10	0	0	0.01
72477003170	2013	5	17	10	0	0.01
72477003170	2013	5	17	12	0	0.01
72477003170	2013	5	17	13	0	0.01
72477003170	2013	5	17	15	0	0.01
72477003170	2013	5	17	21	0	0.13
72477003170	2013	5	17	23	0	0.12
72477003170	2013	5	19	13	0	0.01
72477003170	2013	5	28	12	0	0.02
72477003170	2013	5	28	13	0	0.01
72477003170	2013	5	28	14	0	0.03
72477003170	2013	5	28	15	0	0.01
72477003170	2013	5	28	17	0	0.03
72477003170	2013	5	28	20	0	0.02
72477003170	2013	6	11	22	0	0.02
72477003170	2013	6	11	23	0	0.01
72477003170	2013	7	3	22	0	0.05
72477003170	2013	7	5	21	0	0.02
72477003170	2013	7	11	16	0	0.08
72477003170	2013	7	11	17	0	0.08
72477003170	2013	7	11	18	0	0.07
72477003170	2013	7	11	19	0	0.02
72477003170	2013	7	12	1	0	0.06
72477003170	2013	7	12	2	0	0.03
72477003170	2013	7	12	21	0	0.03
72477003170	2013	7	12	22	0	0.01
72477003170	2013	7	15	23	0	0.09
72477003170	2013	7	24	11	0	0.01
72477003170	2013	7	24	20	0	0.15
72477003170	2013	7	25	2	0	0.04
72477003170	2013	7	26	22	0	0.01
72477003170	2013	7	27	21	0	0.02
72477003170	2013	7	28	22	0	0.11
72477003170	2013	7	29	21	0	0.14
72477003170	2013	8	20	8	0	0.002
72477003170	2013	8	21	22	0	0.03
72477003170	2013	8	22	3	0	0.01
72477003170	2013	8	22	4	0	0.02
72477003170	2013	8	22	6	0	0.03
72477003170	2013	8	27	22	0	0.05
72477003170	2013	9	2	6	0	0.01
72477003170	2013	9	2	7	0	0.02
72477003170	2013	9	2	21	0	0.04
72477003170	2013	9	4	2	0	0.08
72477003170	2013	9	4	3	0	0.11
72477003170	2013	9	4	4	0	0.12
72477003170	2013	9	4	5	0	0.03
72477003170	2013	9	6	18	0	0.02
72477003170	2013	9	7	21	0	0.02
72477003170	2013	9	7	23	0	0.01
72477003170	2013	9	11	13	0	0.01
72477003170	2013	9	11	14	0	0.02
72477003170	2013	9	11	19	0	0.02
72477003170	2013	9	11	20	0	0.06
72477003170	2013	9	11	21	0	0.02
72477003170	2013	9	11	22	0	0.01
72477003170	2013	9	12	0	0	0.01
72477003170	2013	9	12	1	0	0.02
72477003170	2013	9	12	2	0	0.08
72477003170	2013	9	12	3	0	0.01
72477003170	2013	9	12	4	0	0.01
72477003170	2013	9	12	5	0	0.02
72477003170	2013	9	12	13	0	0.01
72477003170	2013	9	12	14	0	0.03
72477003170	2013	9	12	15	0	0.01
72477003170	2013	9	12	20	0	0.01
72477003170	2013	9	13	12	0	0.01
72477003170	2013	9	13	20	0	0.11
72477003170	2013	9	13	21	0	0.05
72477003170	2013	9	13	22	0	0.01
72477003170	2013	9	14	1	0	0.01
72477003170	2013	9	22	8	0	0.03
72477003170	2013	9	22	9	0	0.04
72477003170	2013	9	22	10	0	0.05
72477003170	2013	9	22	11	0	0.01
72477003170	2013	9	22	15	0	0.01
72477003170	2013	9	27	0	0	0.01
72477003170	2013	10	10	21	0	0.02
72477003170	2013	10	13	5	0	0.004
72477003170	2013	10	13	6	0	0.13
72477003170	2013	10	13	7	0	0.05
72477003170	2013	10	13	9	0	0.01
72477003170	2013	10	28	11	0	0.01
72477003170	2013	10	28	12	0	0.09
72477003170	2013	10	28	13	0	0.07
72477003170	2013	10	28	14	0	0.04
72477003170	2013	10	28	23	0	0.02
72477003170	2013	10	29	14	0	0.02
72477003170	2013	10	29	16	0	0.01
72477003170	2013	10	29	17	0	0.02
72477003170	2013	10	29	18	0	0.05
72477003170	2013	10	29	19	0	0.04
72477003170	2013	10	29	20	0	0.04
72477003170	2013	10	29	21	0	0.01
72477003170	2013	10	29	22	0	0.01
72477003170	2013	10	30	0	0	0.01
72477003170	2013	11	3	13	0	0.01
72477003170	2013	11	3	14	0	0.01
72477003170	2013	11	3	16	0	0.01
72477003170	2013	11	15	13	0	0.01
72477003170	2013	11	15	14	0	0.01
72477003170	2013	11	20	15	0	0.02
72477003170	2013	11	20	16	0	0.05
72477003170	2013	11	20	17	0	0.01
72477003170	2013	11	20	20	0	0.01
72477003170	2013	11	20	21	0	0.02
72477003170	2013	11	20	22	0	0.01
72477003170	2013	11	20	23	0	0.01
72477003170	2013	11	21	0	0	0.03
72477003170	2013	11	21	11	0	0.024
72477003170	2013	11	21	12	0	0.09
72477003170	2013	11	21	13	0	0.1
72477003170	2013	11	21	14	0	0.11
72477003170	2013	11	21	15	0	0.05
72477003170	2013	11	21	16	0	0.03
72477003170	2013	11	21	17	0	0.01
72477003170	2013	12	3	14	0	0.01
72477003170	2013	12	3	15	0	0.03
72477003170	2013	12	3	16	0	0.05
72477003170	2013	12	3	17	0	0.05
72477003170	2013	12	3	18	0	0.04
72477003170	2013	12	3	19	0	0.06
72477003170	2013	12	3	20	0	0.06
72477003170	2013	12	3	21	0	0.01
72477003170	2013	12	7	18	0	0.05
72477003170	2013	12	8	1	0	0.01
72477003170	2013	12	19	6	0	0.16
72477003170	2013	12	19	7	0	0.22
72477003170	2013	12	19	8	0	0.09
72477003170	2013	12	19	9	0	0.05
72477003170	2013	12	19	10	0	0.06
72477003170	2013	12	19	11	0	0.02
72477003170	2013	12	19	13	0	0.02
72477003170	2013	12	19	14	0	0.02
72477003170	2013	12	19	15	0	0.02
72477003170	2013	12	19	16	0	0.02
72477003170	2013	12	19	17	0	0.01
72477003170	2013	12	21	14	0	0.01
72477003170	2014	1	9	18	0	0.01
72477003170	2014	1	9	19	0	0.01
72477003170	2014	1	12	9	0	0.03
72477003170	2014	1	29	10	0	0.01
72477003170	2014	1	29	22	0	0.01
72477003170	2014	1	30	4	0	0.02
72477003170	2014	1	30	5	0	0.06
72477003170	2014	1	30	6	0	0.06
72477003170	2014	1	30	7	0	0.05
72477003170	2014	1	30	8	0	0.09
72477003170	2014	1	30	9	0	0.1
72477003170	2014	1	30	10	0	0.08
72477003170	2014	1	30	11	0	0.03
72477003170	2014	1	30	12	0	0.02
72477003170	2014	1	30	13	0	0.04
72477003170	2014	1	30	14	0	0.04
72477003170	2014	1	30	15	0	0.03
72477003170	2014	1	30	16	0	0.03
72477003170	2014	1	30	17	0	0.04
72477003170	2014	1	30	22	0	0.01
72477003170	2014	1	30	23	0	0.02
72477003170	2014	2	6	17	0	0.01
72477003170	2014	2	7	4	0	0.02
72477003170	2014	2	7	7	0	0.03
72477003170	2014	2	8	21	0	0.03
72477003170	2014	2	9	5	0	0.01
72477003170	2014	2	9	11	0	0.002
72477003170	2014	2	9	12	0	0.07
72477003170	2014	2	9	13	0	0.04
72477003170	2014	2	9	14	0	0.03
72477003170	2014	2	9	15	0	0.01
72477003170	2014	2	9	16	0	0.02
72477003170	2014	2	9	19	0	0.01
72477003170	2014	2	9	20	0	0.01
72477003170	2014	2	10	3	0	0.04
72477003170	2014	2	10	4	0	0.02
72477003170	2014	2	10	5	0	0.01
72477003170	2014	2	10	8	0	0.007
72477003170	2014	2	10	9	0	0.02
72477003170	2014	2	14	6	0	0.06
72477003170	2014	2	14	7	0	0.01
72477003170	2014	2	19	19	0	0.01
72477003170	2014	2	27	12	0	0.01
72477003170	2014	2	27	13	0	0.11
72477003170	2014	2	27	14	0	0.12
72477003170	2014	2	27	17	0	0.03
72477003170	2014	2	27	20	0	0.03
72477003170	2014	2	28	23	0	0.01
72477003170	2014	3	1	4	0	0.01
72477003170	2014	3	1	5	0	0.03
72477003170	2014	3	1	8	0	0.01
72477003170	2014	3	2	0	0	0.02
72477003170	2014	3	2	1	0	0.01
72477003170	2014	3	4	13	0	0.03
72477003170	2014	3	4	16	0	0.01
72477003170	2014	3	6	14	0	0.01
72477003170	2014	3	6	15	0	0.01
72477003170	2014	3	26	15	0	0.01
72477003170	2014	3	26	16	0	0.04
72477003170	2014	3	26	17	0	0.05
72477003170	2014	3	26	18	0	0.04
72477003170	2014	3	26	19	0	0.01
72477003170	2014	3	30	11	0	0.01
72477003170	2014	3	30	12	0	0.08
72477003170	2014	3	30	13	0	0.1
72477003170	2014	3	30	14	0	0.07
72477003170	2014	3	30	15	0	0.03
72477003170	2014	3	30	16	0	0.01
72477003170	2014	3	30	19	0	0.03
72477003170	2014	3	30	20	0	0.01
72477003170	2014	3	30	21	0	0.01
72477003170	2014	4	1	10	0	0.02
72477003170	2014	4	1	11	0	0.01
72477003170	2014	4	2	22	0	0.01
72477003170	2014	4	4	23	0	0.02
72477003170	2014	4	5	0	0	0.01
72477003170	2014	4	5	1	0	0.04
72477003170	2014	4	5	20	0	0.02
72477003170	2014	4	22	19	0	0.008
72477003170	2014	4	22	20	0	0.04
72477003170	2014	4	22	21	0	0.01
72477003170	2014	4	25	7	0	0.01
72477003170	2014	4	25	20	0	0.03
72477003170	2014	4	25	21	0	0.11
72477003170	2014	4	25	22	0	0.23
72477003170	2014	4	26	2	0	0.12
72477003170	2014	4	26	3	0	0.04
72477003170	2014	4	26	4	0	0.12
72477003170	2014	4	26	5	0	0.18
72477003170	2014	4	26	6	0	0.02
72477003170	2014	4	26	7	0	0.04
72477003170	2014	4	26	8	0	0.03
72477003170	2014	4	26	9	0	0.03
72477003170	2014	4	26	10	0	0.04
72477003170	2014	4	26	11	0	0.03
72477003170	2014	4	26	12	0	0.02
72477003170	2014	4	26	13	0	0.02
72477003170	2014	4	26	14	0	0.01
72477003170	2014	5	6	4	0	0.01
72477003170	2014	5	6	7	0	0.06
72477003170	2014	5	6	8	0	0.13
72477003170	2014	5	6	9	0	0.02
72477003170	2014	5	6	10	0	0.06
72477003170	2014	5	6	11	0	0.1
72477003170	2014	5	6	12	0	0.1
72477003170	2014	5	6	13	0	0.14
72477003170	2014	5	6	14	0	0.1
72477003170	2014	5	6	15	0	0.04
72477003170	2014	5	6	17	0	0.02
72477003170	2014	5	6	18	0	0.01
72477003170	2014	5	6	19	0	0.04
72477003170	2014	5	6	20	0	0.04
72477003170	2014	5	6	21	0	0.01
72477003170	2014	5	6	22	0	0.01
72477003170	2014	5	6	23	0	0.03
72477003170	2014	5	20	19	0	0.01
72477003170	2014	5	20	20	0	0.01
72477003170	2014	5	21	17	0	0.01
72477003170	2014	6	17	18	0	0.08
72477003170	2014	6	26	22	0	0.01
72477003170	2014	7	7	23	0	0.05
72477003170	2014	7	9	0	0	0.01
72477003170	2014	7	10	20	0	0.035
72477003170	2014	7	10	21	0	0.02
72477003170	2014	7	11	19	0	0.04
72477003170	2014	7	15	21	0	0.02
72477003170	2014	7	19	0	0	0.01
72477003170	2014	7	21	1	0	0.05
72477003170	2014	7	28	22	0	0.02
72477003170	2014	7	29	6	0	0.01
72477003170	2014	7	29	11	0	0.01
72477003170	2014	7	29	13	0	0.003
72477003170	2014	7	30	0	0	0.02
72477003170	2014	8	4	8	0	0.03
72477003170	2014	8	4	10	0	0.01
72477003170	2014	8	4	12	0	0.01
72477003170	2014	8	4	21	0	0.02
72477003170	2014	8	4	23	0	0.03
72477003170	2014	8	5	0	0	0.03
72477003170	2014	8	5	1	0	0.09
72477003170	2014	8	5	2	0	0.03
72477003170	2014	8	5	3	0	0.01
72477003170	2014	8	5	5	0	0.01
72477003170	2014	8	5	19	0	0.05
72477003170	2014	8	6	22	0	0.09
72477003170	2014	8	7	16	0	0.01
72477003170	2014	8	11	19	0	0.06
72477003170	2014	8	11	21	0	0.01
72477003170	2014	8	11	22	0	0.01
72477003170	2014	8	12	1	0	0.01
72477003170	2014	8	12	21	0	0.36
72477003170	2014	8	12	22	0	0.03
72477003170	2014	8	13	4	0	0.64
72477003170	2014	8	13	5	0	0.07
72477003170	2014	8	13	8	0	0.03
72477003170	2014	8	13	22	0	0.01
72477003170	2014	8	20	21	0	0.11
72477003170	2014	8	22	20	0	0.01
72477003170	2014	8	22	21	0	0.03
72477003170	2014	9	20	22	0	0.07
72477003170	2014	9	21	0	0	0.07
72477003170	2014	9	21	3	0	0.05
72477003170	2014	9	21	4	0	0.02
72477003170	2014	9	21	5	0	0.08
72477003170	2014	9	21	6	0	0.09
72477003170	2014	9	21	7	0	0.1
72477003170	2014	9	21	8	0	0.02
72477003170	2014	9	21	9	0	0.1
72477003170	2014	9	21	10	0	0.27
72477003170	2014	9	21	11	0	0.03
72477003170	2014	9	21	21	0	0.15
72477003170	2014	9	21	22	0	0.05
72477003170	2014	11	1	13	0	0.05
72477003170	2014	11	1	14	0	0.01
72477003170	2014	11	1	17	0	0.06
72477003170	2014	11	2	14	0	0.01
72477003170	2014	11	2	16	0	0.01
72477003170	2014	11	13	19	0	0.01
72477003170	2014	11	13	21	0	0.05
72477003170	2014	11	13	22	0	0.01
72477003170	2014	11	14	16	0	0.01
72477003170	2014	11	15	22	0	0.02
72477003170	2014	11	15	23	0	0.02
72477003170	2014	11	22	18	0	0.01
72477003170	2014	11	22	21	0	0.01
72477003170	2014	11	23	0	0	0.05
72477003170	2014	12	2	23	0	0.04
72477003170	2014	12	3	0	0	0.02
72477003170	2014	12	3	1	0	0.02
72477003170	2014	12	12	19	0	0.01
72477003170	2014	12	12	20	0	0.01
72477003170	2014	12	13	1	0	0.06
72477003170	2014	12	13	3	0	0.01
72477003170	2014	12	13	5	0	0.03
72477003170	2014	12	13	6	0	0.02
72477003170	2014	12	13	7	0	0.02
72477003170	2014	12	13	8	0	0.02
72477003170	2014	12	13	10	0	0.01
72477003170	2014	12	14	16	0	0.02
72477003170	2014	12	16	16	0	0.01
72477003170	2014	12	20	17	0	0.02
72477003170	2014	12	20	18	0	0.01
72477003170	2014	12	20	19	0	0.01
72477003170	2014	12	20	20	0	0.01
72477003170	2014	12	20	21	0	0.01
72477003170	2014	12	20	23	0	0.02
72477003170	2014	12	21	0	0	0.02
72477003170	2014	12	21	1	0	0.03
72477003170	2014	12	21	2	0	0.07
72477003170	2014	12	21	3	0	0.03
72477003170	2014	12	21	4	0	0.01
72477003170	2014	12	21	5	0	0.03
72477003170	2014	12	21	6	0	0.02
72477003170	2014	12	21	7	0	0.01
72477003170	2014	12	22	20	0	0.01
72477003170	2014	12	22	22	0	0.01
72477003170	2014	12	25	2	0	0.01
72477003170	2014	12	25	3	0	0.09
72477003170	2014	12	25	4	0	0.01
72477003170	2014	12	25	6	0	0.01
72477003170	2014	12	26	19	0	0.01
72477003170	2014	12	29	8	0	0.03
72477003170	2014	12	29	20	0	0.01
72477003170	2015	1	12	13	0	0.02
72477003170	2015	1	12	14	0	0.03
72477003170	2015	1	12	15	0	0.01
72477003170	2015	1	12	17	0	0.01
72477003170	2015	1	12	18	0	0.01
72477003170	2015	1	12	19	0	0.04
72477003170	2015	1	12	20	0	0.05
72477003170	2015	1	12	21	0	0.02
72477003170	2015	1	13	1	0	0.01
72477003170	2015	1	13	3	0	0.03
72477003170	2015	1	27	13	0	0.01
72477003170	2015	1	28	2	0	0.01
72477003170	2015	1	31	2	0	0.01
72477003170	2015	2	9	12	0	0.06
72477003170	2015	2	9	13	0	0.03
72477003170	2015	2	27	20	0	0.01
72477003170	2015	2	27	23	0	0.01
72477003170	2015	2	28	3	0	0.1
72477003170	2015	2	28	4	0	0.12
72477003170	2015	3	2	13	0	0.01
72477003170	2015	3	2	15	0	0.01
72477003170	2015	3	2	16	0	0.04
72477003170	2015	3	2	17	0	0.09
72477003170	2015	3	2	18	0	0.03
72477003170	2015	3	2	19	0	0.02
72477003170	2015	3	2	22	0	0.03
72477003170	2015	3	2	23	0	0.02
72477003170	2015	3	3	8	0	0.02
72477003170	2015	3	3	12	0	0.02
72477003170	2015	3	3	15	0	0.01
72477003170	2015	3	12	10	0	0.01
72477003170	2015	4	8	3	0	0.06
72477003170	2015	4	8	4	0	0.06
72477003170	2015	4	8	5	0	0.03
72477003170	2015	4	8	8	0	0.01
72477003170	2015	4	8	10	0	0.01
72477003170	2015	4	8	11	0	0.03
72477003170	2015	4	9	0	0	0.01
72477003170	2015	4	14	22	0	0.01
72477003170	2015	4	15	0	0	0.01
72477003170	2015	4	15	2	0	0.01
72477003170	2015	4	24	16	0	0.01
72477003170	2015	4	24	18	0	0.01
72477003170	2015	4	25	20	0	0.01
72477003170	2015	4	25	21	0	0.02
72477003170	2015	4	26	0	0	0.02
72477003170	2015	4	26	7	0	0.01
72477003170	2015	4	26	8	0	0.01
72477003170	2015	4	26	10	0	0.02
72477003170	2015	5	3	19	0	0.01
72477003170	2015	5	6	17	0	0.01
72477003170	2015	5	6	18	0	0.05
72477003170	2015	5	6	19	0	0.03
72477003170	2015	5	6	21	0	0.01
72477003170	2015	5	7	9	0	0.01
72477003170	2015	5	7	10	0	0.06
72477003170	2015	5	7	11	0	0.03
72477003170	2015	5	7	12	0	0.06
72477003170	2015	5	7	13	0	0.01
72477003170	2015	5	7	18	0	0.07
72477003170	2015	5	7	19	0	0.05
72477003170	2015	5	7	20	0	0.01
72477003170	2015	5	8	11	0	0.04
72477003170	2015	5	8	13	0	0.02
72477003170	2015	5	8	14	0	0.02
72477003170	2015	5	8	15	0	0.01
72477003170	2015	5	8	16	0	0.03
72477003170	2015	5	8	17	0	0.02
72477003170	2015	5	8	18	0	0.11
72477003170	2015	5	8	19	0	0.01
72477003170	2015	5	9	6	0	0.01
72477003170	2015	5	9	7	0	0.04
72477003170	2015	5	9	8	0	0.07
72477003170	2015	5	9	9	0	0.02
72477003170	2015	5	9	10	0	0.01
72477003170	2015	5	9	12	0	0.01
72477003170	2015	5	9	13	0	0.03
72477003170	2015	5	9	14	0	0.02
72477003170	2015	5	9	15	0	0.01
72477003170	2015	5	15	18	0	0.01
72477003170	2015	5	15	21	0	0.03
72477003170	2015	5	15	22	0	0.01
72477003170	2015	5	17	20	0	0.002
72477003170	2015	5	17	21	0	0.01
72477003170	2015	5	17	23	0	0.01
72477003170	2015	5	18	0	0	0.04
72477003170	2015	5	18	5	0	0.02
72477003170	2015	5	18	11	0	0.01
72477003170	2015	5	18	19	0	0.05
72477003170	2015	5	19	19	0	0.01
72477003170	2015	5	20	2	0	0.05
72477003170	2015	5	20	16	0	0.01
72477003170	2015	5	20	22	0	0.01
72477003170	2015	5	20	23	0	0.01
72477003170	2015	5	22	3	0	0.04
72477003170	2015	5	22	4	0	0.03
72477003170	2015	5	23	0	0	0.01
72477003170	2015	5	23	1	0	0.01
72477003170	2015	5	23	10	0	0.02
72477003170	2015	5	23	17	0	0.01
72477003170	2015	5	23	18	0	0.01
72477003170	2015	5	23	19	0	0.07
72477003170	2015	5	24	6	0	0.03
72477003170	2015	5	24	15	0	0.02
72477003170	2015	5	24	16	0	0.02
72477003170	2015	5	24	22	0	0.09
72477003170	2015	5	26	2	0	0.1
72477003170	2015	5	26	3	0	0.1
72477003170	2015	5	26	4	0	0.04
72477003170	2015	5	26	5	0	0.02
72477003170	2015	5	27	0	0	0.03
72477003170	2015	5	27	14	0	0.03
72477003170	2015	5	27	15	0	0.02
72477003170	2015	5	27	22	0	0.02
72477003170	2015	5	27	23	0	0.04
72477003170	2015	6	6	19	0	0.01
72477003170	2015	6	6	21	0	0.06
72477003170	2015	6	6	22	0	0.08
72477003170	2015	6	10	19	0	0.35
72477003170	2015	6	10	20	0	0.19
72477003170	2015	6	11	11	0	0.01
72477003170	2015	6	11	20	0	0.11
72477003170	2015	7	2	6	0	0.05
72477003170	2015	7	2	7	0	0.02
72477003170	2015	7	6	23	0	0.03
72477003170	2015	7	8	4	0	0.01
72477003170	2015	7	8	22	0	0.19
72477003170	2015	7	8	23	0	0.19
72477003170	2015	7	10	21	0	0.01
72477003170	2015	7	14	2	0	0.01
72477003170	2015	7	17	22	0	0.14
72477003170	2015	7	18	13	0	0.04
72477003170	2015	7	23	1	0	0.14
72477003170	2015	7	23	2	0	0.03
72477003170	2015	7	23	8	0	0.01
72477003170	2015	7	23	9	0	0.01
72477003170	2015	8	7	18	0	0.24
72477003170	2015	8	7	19	0	0.3
72477003170	2015	8	7	22	0	0.18
72477003170	2015	9	15	9	0	0.06
72477003170	2015	9	15	14	0	0.05
72477003170	2015	9	16	5	0	0.002
72477003170	2015	9	16	6	0	0.32
72477003170	2015	9	16	7	0	0.14
72477003170	2015	9	16	8	0	0.25
72477003170	2015	9	16	9	0	0.22
72477003170	2015	9	16	10	0	0.06
72477003170	2015	9	16	11	0	0.05
72477003170	2015	10	2	6	0	0.01
72477003170	2015	10	2	7	0	0.01
72477003170	2015	10	2	16	0	0.01
72477003170	2015	10	2	17	0	0.01
72477003170	2015	10	2	18	0	0.02
72477003170	2015	10	2	19	0	0.02
72477003170	2015	10	4	11	0	0.01
72477003170	2015	10	5	6	0	0.06
72477003170	2015	10	5	7	0	0.01
72477003170	2015	10	6	18	0	0.01
72477003170	2015	10	6	19	0	0.01
72477003170	2015	10	17	13	0	0.01
72477003170	2015	10	17	14	0	0.01
72477003170	2015	10	17	15	0	0.03
72477003170	2015	10	17	16	0	0.01
72477003170	2015	10	17	21	0	0.05
72477003170	2015	10	17	22	0	0.01
72477003170	2015	10	18	2	0	0.021
72477003170	2015	10	18	3	0	0.01
72477003170	2015	10	18	4	0	0.08
72477003170	2015	10	18	7	0	0.01
72477003170	2015	10	18	8	0	0.08
72477003170	2015	10	18	10	0	0.11
72477003170	2015	10	18	11	0	0.1
72477003170	2015	10	18	12	0	0.15
72477003170	2015	10	18	13	0	0.09
72477003170	2015	10	18	14	0	0.05
72477003170	2015	10	18	15	0	0.03
72477003170	2015	10	18	16	0	0.03
72477003170	2015	10	18	17	0	0.02
72477003170	2015	10	18	18	0	0.01
72477003170	2015	10	18	20	0	0.04
72477003170	2015	10	18	23	0	0.01
72477003170	2015	10	19	13	0	0.013
72477003170	2015	10	19	14	0	0.013
72477003170	2015	10	20	4	0	0.01
72477003170	2015	10	20	5	0	0.01
72477003170	2015	10	20	6	0	0.02
72477003170	2015	10	28	19	0	0.03
72477003170	2015	10	28	20	0	0.03
72477003170	2015	10	28	22	0	0.01
72477003170	2015	10	29	0	0	0.05
72477003170	2015	10	29	1	0	0.01
72477003170	2015	10	29	2	0	0.01
72477003170	2015	10	29	6	0	0.01
72477003170	2015	10	29	7	0	0.01
72477003170	2015	10	29	8	0	0.01
72477003170	2015	10	29	9	0	0.01
72477003170	2015	11	3	3	0	0.02
72477003170	2015	11	3	4	0	0.04
72477003170	2015	11	3	5	0	0.02
72477003170	2015	11	3	6	0	0.11
72477003170	2015	11	3	7	0	0.14
72477003170	2015	11	3	8	0	0.08
72477003170	2015	11	3	9	0	0.08
72477003170	2015	11	3	10	0	0.06
72477003170	2015	11	3	11	0	0.07
72477003170	2015	11	3	12	0	0.04
72477003170	2015	11	3	13	0	0.01
72477003170	2015	11	3	14	0	0.01
72477003170	2015	11	3	20	0	0.01
72477003170	2015	11	3	21	0	0.01
72477003170	2015	11	3	22	0	0.02
72477003170	2015	11	10	8	0	0.01
72477003170	2015	11	10	10	0	0.03
72477003170	2015	11	10	11	0	0.01
72477003170	2015	11	10	12	0	0.03
72477003170	2015	11	10	13	0	0.01
72477003170	2015	11	10	14	0	0.02
72477003170	2015	11	10	15	0	0.02
72477003170	2015	11	16	3	0	0.02
72477003170	2015	11	16	5	0	0.07
72477003170	2015	11	16	7	0	0.03
72477003170	2015	11	25	7	0	0.01
72477003170	2015	11	25	8	0	0.01
72477003170	2015	11	25	9	0	0.04
72477003170	2015	11	25	10	0	0.04
72477003170	2015	11	25	11	0	0.04
72477003170	2015	11	25	12	0	0.03
72477003170	2015	11	25	13	0	0.01
72477003170	2015	12	11	0	0	0.02
72477003170	2015	12	11	20	0	0.002
72477003170	2015	12	11	23	0	0.01
72477003170	2015	12	12	0	0	0.02
72477003170	2015	12	13	5	0	0.01
72477003170	2015	12	14	0	0	0.06
72477003170	2015	12	14	1	0	0.01
72477003170	2015	12	14	11	0	0.01
72477003170	2015	12	14	19	0	0.01
72477003170	2015	12	17	22	0	0.01
72477003170	2015	12	18	3	0	0.01
72477003170	2015	12	21	0	0	0.02
72477003170	2015	12	21	1	0	0.01
72477003170	2015	12	21	2	0	0.02
72477003170	2015	12	21	8	0	0.01
72477003170	2015	12	21	9	0	0.01
72477003170	2015	12	21	10	0	0.03
72477003170	2015	12	21	11	0	0.01
72477003170	2015	12	21	14	0	0.01
72477003170	2015	12	22	1	0	0.02
72477003170	2015	12	22	5	0	0.01
72477003170	2015	12	22	6	0	0.02
72477003170	2015	12	22	7	0	0.06
72477003170	2015	12	22	8	0	0.04
72477003170	2015	12	22	9	0	0.07
72477003170	2015	12	22	10	0	0.07
72477003170	2015	12	22	11	0	0.07
72477003170	2015	12	22	12	0	0.03
72477003170	2015	12	22	13	0	0.13
72477003170	2015	12	22	14	0	0.11
72477003170	2015	12	22	15	0	0.03
72477003170	2015	12	22	16	0	0.046
72477003170	2015	12	22	17	0	0.01
72477003170	2015	12	22	20	0	0.053
72477003170	2015	12	22	21	0	0.02
72477003170	2015	12	22	22	0	0.02
72477003170	2015	12	22	23	0	0.02
72477003170	2015	12	23	0	0	0.05
72477003170	2015	12	23	1	0	0.02
72477003170	2015	12	23	2	0	0.01
72477003170	2015	12	23	3	0	0.05
72477003170	2015	12	23	4	0	0.06
72477003170	2015	12	23	7	0	0.02
72477003170	2015	12	23	9	0	0.02
72477003170	2015	12	23	11	0	0.02
72477003170	2015	12	23	12	0	0.03
72477003170	2015	12	25	0	0	0.02
72477003170	2015	12	25	1	0	0.01
72477003170	2015	12	25	20	0	0.149
72477003170	2015	12	25	21	0	0.01
72477003170	2015	12	25	22	0	0.03
72477003170	2015	12	25	23	0	0.02
72477003170	2015	12	28	14	0	0.02
72477003170	2015	12	28	16	0	0.02
72477003170	2015	12	28	17	0	0.01
72477003170	2015	12	28	19	0	0.01
72477003170	2015	12	28	20	0	0.02
72477003170	2015	12	28	21	0	0.02
72477003170	2015	12	28	22	0	0.01
72477003170	2015	12	28	23	0	0.01
72477003170	2015	12	29	3	0	0.01
72477003170	2015	12	29	20	0	0.01
72477003170	2015	12	30	20	0	0.02
72477003170	2015	12	30	21	0	0.01
72477003170	2015	12	30	22	0	0.01
72477003170	2015	12	30	23	0	0.01
72477003170	2015	12	31	0	0	0.01
72477003170	2016	1	6	19	0	0.019
72477003170	2016	1	6	20	0	0.023
72477003170	2016	1	7	14	0	0.01
72477003170	2016	1	7	17	0	0.01
72477003170	2016	1	7	18	0	0.01
72477003170	2016	1	7	21	0	0.01
72477003170	2016	1	7	22	0	0.01
72477003170	2016	1	7	23	0	0.01
72477003170	2016	1	8	3	0	0.01
72477003170	2016	1	8	20	0	0.01
72477003170	2016	1	14	6	0	0.01
72477003170	2016	1	15	7	0	0.01
72477003170	2016	1	15	8	0	0.02
72477003170	2016	1	15	9	0	0.04
72477003170	2016	1	15	10	0	0.08
72477003170	2016	1	15	11	0	0.18
72477003170	2016	1	15	12	0	0.08
72477003170	2016	1	15	13	0	0.01
72477003170	2016	1	15	15	0	0.01
72477003170	2016	1	15	16	0	0.01
72477003170	2016	1	16	13	0	0.01
72477003170	2016	1	16	15	0	0.02
72477003170	2016	1	18	13	0	0.01
72477003170	2016	1	18	14	0	0.03
72477003170	2016	1	18	15	0	0.01
72477003170	2016	1	18	16	0	0.03
72477003170	2016	1	18	17	0	0.02
72477003170	2016	1	19	2	0	0.01
72477003170	2016	1	19	21	0	0.01
72477003170	2016	1	23	21	0	0.02
72477003170	2016	1	23	22	0	0.08
72477003170	2016	1	23	23	0	0.05
72477003170	2016	1	24	8	0	0.01
72477003170	2016	1	24	9	0	0.01
72477003170	2016	1	24	13	0	0.02
72477003170	2016	1	24	14	0	0.03
72477003170	2016	1	29	17	0	0.02
72477003170	2016	1	30	12	0	0.03
72477003170	2016	1	30	13	0	0.12
72477003170	2016	1	30	14	0	0.16
72477003170	2016	1	30	15	0	0.07
72477003170	2016	1	30	16	0	0.07
72477003170	2016	1	30	17	0	0.03
72477003170	2016	1	30	18	0	0.01
72477003170	2016	1	30	19	0	0.01
72477003170	2016	1	31	15	0	0.01
72477003170	2016	1	31	16	0	0.01
72477003170	2016	1	31	17	0	0.01
72477003170	2016	1	31	19	0	0.01
72477003170	2016	1	31	20	0	0.02
72477003170	2016	1	31	21	0	0.01
72477003170	2016	1	31	22	0	0.02
72477003170	2016	1	31	23	0	0.02
72477003170	2016	2	1	0	0	0.01
72477003170	2016	2	1	1	0	0.01
72477003170	2016	2	1	2	0	0.03
72477003170	2016	2	1	3	0	0.03
72477003170	2016	2	1	4	0	0.01
72477003170	2016	2	1	5	0	0.01
72477003170	2016	2	1	6	0	0.01
72477003170	2016	2	4	9	0	0.03
72477003170	2016	2	4	10	0	0.02
72477003170	2016	2	18	13	0	0.04
72477003170	2016	2	18	14	0	0.1
72477003170	2016	2	18	15	0	0.11
72477003170	2016	2	18	16	0	0.03
72477003170	2016	3	6	17	0	0.003
72477003170	2016	3	6	18	0	0.06
72477003170	2016	3	12	9	0	0.04
72477003170	2016	3	22	10	0	0.02
72477003170	2016	3	22	11	0	0.01
72477003170	2016	3	22	12	0	0.03
72477003170	2016	3	22	15	0	0.01
72477003170	2016	3	22	16	0	0.03
72477003170	2016	3	23	0	0	0.02
72477003170	2016	3	23	1	0	0.05
72477003170	2016	3	28	16	0	0.01
72477003170	2016	3	28	17	0	0.02
72477003170	2016	3	28	18	0	0.03
72477003170	2016	3	28	19	0	0.02
72477003170	2016	3	28	20	0	0.1
72477003170	2016	3	28	21	0	0.06
72477003170	2016	3	28	22	0	0.09
72477003170	2016	3	28	23	0	0.07
72477003170	2016	3	29	0	0	0.03
72477003170	2016	3	29	1	0	0.03
72477003170	2016	3	29	2	0	0.04
72477003170	2016	3	29	3	0	0.02
72477003170	2016	3	29	4	0	0.03
72477003170	2016	3	29	5	0	0.01
72477003170	2016	3	29	6	0	0.05
72477003170	2016	3	29	7	0	0.03
72477003170	2016	3	29	8	0	0.02
72477003170	2016	3	29	9	0	0.01
72477003170	2016	3	29	10	0	0.01
72477003170	2016	3	29	11	0	0.01
72477003170	2016	3	29	12	0	0.01
72477003170	2016	3	29	14	0	0.01
72477003170	2016	3	29	15	0	0.02
72477003170	2016	3	29	17	0	0.02
72477003170	2016	3	29	19	0	0.03
72477003170	2016	3	29	20	0	0.03
72477003170	2016	3	29	21	0	0.06
72477003170	2016	3	30	1	0	0.01
72477003170	2016	3	30	2	0	0.02
72477003170	2016	3	30	3	0	0.01
72477003170	2016	3	30	4	0	0.01
72477003170	2016	3	30	5	0	0.01
72477003170	2016	3	30	12	0	0.02
72477003170	2016	3	30	13	0	0.02
72477003170	2016	3	30	14	0	0.01
72477003170	2016	4	4	1	0	0.01
72477003170	2016	4	9	21	0	0.01
72477003170	2016	4	9	22	0	0.01
72477003170	2016	4	9	23	0	0.11
72477003170	2016	4	10	0	0	0.04
72477003170	2016	4	11	2	0	0.009
72477003170	2016	4	11	3	0	0.03
72477003170	2016	4	11	20	0	0.02
72477003170	2016	4	13	0	0	0.01
72477003170	2016	4	13	1	0	0.04
72477003170	2016	4	13	5	0	0.04
72477003170	2016	4	13	6	0	0.06
72477003170	2016	4	13	12	0	0.01
72477003170	2016	4	13	18	0	0.02
72477003170	2016	4	13	20	0	0.05
72477003170	2016	4	15	13	0	0.01
72477003170	2016	4	23	3	0	0.03
72477003170	2016	4	23	4	0	0.06
72477003170	2016	4	23	5	0	0.09
72477003170	2016	4	23	6	0	0.13
72477003170	2016	4	23	7	0	0.06
72477003170	2016	4	23	8	0	0.02
72477003170	2016	4	23	12	0	0.01
72477003170	2016	4	25	0	0	0.01
72477003170	2016	4	25	1	0	0.04
72477003170	2016	4	25	2	0	0.05
72477003170	2016	4	25	3	0	0.01
72477003170	2016	4	25	6	0	0.02
72477003170	2016	4	25	7	0	0.04
72477003170	2016	4	25	8	0	0.03
72477003170	2016	4	25	9	0	0.02
72477003170	2016	4	25	10	0	0.02
72477003170	2016	4	25	12	0	0.01
72477003170	2016	4	25	13	0	0.01
72477003170	2016	4	25	14	0	0.02
72477003170	2016	4	25	15	0	0.03
72477003170	2016	4	25	16	0	0.01
72477003170	2016	4	25	17	0	0.01
72477003170	2016	4	25	23	0	0.01
72477003170	2016	4	26	0	0	0.02
72477003170	2016	4	26	1	0	0.01
72477003170	2016	4	27	14	0	0.01
72477003170	2016	4	27	16	0	0.01
72477003170	2016	4	27	17	0	0.01
72477003170	2016	4	27	21	0	0.11
72477003170	2016	4	27	22	0	0.01
72477003170	2016	4	27	23	0	0.03
72477003170	2016	4	28	0	0	0.02
72477003170	2016	4	28	1	0	0.03
72477003170	2016	4	28	13	0	0.01
72477003170	2016	4	28	14	0	0.03
72477003170	2016	4	28	15	0	0.05
72477003170	2016	4	28	16	0	0.1
72477003170	2016	4	28	17	0	0.12
72477003170	2016	4	28	18	0	0.09
72477003170	2016	4	28	19	0	0.03
72477003170	2016	4	28	20	0	0.03
72477003170	2016	4	28	21	0	0.02
72477003170	2016	4	29	3	0	0.01
72477003170	2016	4	29	17	0	0.08
72477003170	2016	4	29	20	0	0.01
72477003170	2016	4	29	21	0	0.02
72477003170	2016	4	30	6	0	0.01
72477003170	2016	5	6	21	0	0.04
72477003170	2016	5	7	10	0	0.07
72477003170	2016	5	7	11	0	0.04
72477003170	2016	5	7	12	0	0.04
72477003170	2016	5	7	13	0	0.05
72477003170	2016	5	7	14	0	0.02
72477003170	2016	5	7	15	0	0.03
72477003170	2016	5	8	0	0	0.15
72477003170	2016	5	8	1	0	0.1
72477003170	2016	5	8	16	0	0.05
72477003170	2016	5	8	17	0	0.03
72477003170	2016	5	9	0	0	0.09
72477003170	2016	5	9	1	0	0.09
72477003170	2016	5	9	5	0	0.01
72477003170	2016	5	9	6	0	0.01
72477003170	2016	5	16	13	0	0.03
72477003170	2016	5	16	14	0	0.02
72477003170	2016	5	16	16	0	0.01
72477003170	2016	5	16	17	0	0.05
72477003170	2016	5	16	21	0	0.05
72477003170	2016	5	16	22	0	0.12
72477003170	2016	5	17	0	0	0.04
72477003170	2016	5	17	6	0	0.01
72477003170	2016	5	17	9	0	0.05
72477003170	2016	5	17	10	0	0.025
72477003170	2016	5	20	19	0	0.006
72477003170	2016	5	20	20	0	0.006
72477003170	2016	5	21	2	0	0.007
72477003170	2016	5	21	3	0	0.033
72477003170	2016	5	21	4	0	0.022
72477003170	2016	5	24	19	0	0.02
72477003170	2016	5	25	23	0	0.011
72477003170	2016	5	26	0	0	0.02
72477003170	2016	5	26	5	0	0.001
72477003170	2016	5	26	6	0	0.028
72477003170	2016	5	28	20	0	0.08
72477003170	2016	6	11	22	0	0.01
72477003170	2016	6	12	9	0	0.01
72477003170	2016	6	12	10	0	0.03
72477003170	2016	6	12	13	0	0.02
72477003170	2016	6	12	16	0	0.01
72477003170	2016	6	12	19	0	0.11
72477003170	2016	6	12	20	0	0.11
72477003170	2016	6	12	21	0	0.1
72477003170	2016	6	13	0	0	0.03
72477003170	2016	6	13	1	0	0.11
72477003170	2016	7	30	22	0	0.06
72477003170	2016	9	13	8	0	0.01
72477003170	2016	9	13	10	0	0.04
72477003170	2016	9	13	19	0	0.02
72477003170	2016	9	14	10	0	0.01
72477003170	2016	9	21	20	0	0.029
72477003170	2016	9	21	21	0	0.03
72477003170	2016	9	21	22	0	0.01
72477003170	2016	9	21	23	0	0.01
72477003170	2016	9	22	0	0	0.27
72477003170	2016	9	22	1	0	0.01
72477003170	2016	9	22	2	0	0.02
72477003170	2016	9	22	3	0	0.02
72477003170	2016	9	22	9	0	0.05
72477003170	2016	9	22	10	0	0.03
72477003170	2016	9	22	11	0	0.28
72477003170	2016	9	22	12	0	0.07
72477003170	2016	9	22	16	0	0.01
72477003170	2016	9	22	17	0	0.01
72477003170	2016	9	22	19	0	0.04
72477003170	2016	10	15	4	0	0.01
72477003170	2016	10	17	0	0	0.03
72477003170	2016	10	17	11	0	0.003
72477003170	2016	10	17	13	0	0.01
72477003170	2016	10	28	23	0	0.03
72477003170	2016	10	29	4	0	0.09
72477003170	2016	10	29	5	0	0.02
72477003170	2016	10	31	1	0	0.01
72477003170	2016	10	31	2	0	0.1
72477003170	2016	10	31	3	0	0.15
72477003170	2016	10	31	4	0	0.03
72477003170	2016	11	16	21	0	0.01
72477003170	2016	11	16	22	0	0.02
72477003170	2016	11	16	23	0	0.01
72477003170	2016	11	21	5	0	0.02
72477003170	2016	11	21	7	0	0.05
72477003170	2016	11	21	8	0	0.05
72477003170	2016	11	21	9	0	0.02
72477003170	2016	11	21	12	0	0.02
72477003170	2016	11	21	15	0	0.02
72477003170	2016	11	21	16	0	0.01
72477003170	2016	11	21	17	0	0.02
72477003170	2016	11	21	18	0	0.01
72477003170	2016	11	23	19	0	0.05
72477003170	2016	11	23	20	0	0.04
72477003170	2016	11	23	22	0	0.02
72477003170	2016	11	27	18	0	0.01
72477003170	2016	11	27	21	0	0.01
72477003170	2016	11	28	8	0	0.01
72477003170	2016	11	28	9	0	0.02
72477003170	2016	11	28	13	0	0.02
72477003170	2016	11	28	14	0	0.01
72477003170	2016	11	28	15	0	0.01
72477003170	2016	11	28	17	0	0.05
72477003170	2016	11	29	5	0	0.05
72477003170	2016	11	29	7	0	0.01
72477003170	2016	11	29	12	0	0.01
72477003170	2016	12	1	2	0	0.01
72477003170	2016	12	1	16	0	0.01
72477003170	2016	12	8	7	0	0.01
72477003170	2016	12	8	8	0	0.02
72477003170	2016	12	8	9	0	0.01
72477003170	2016	12	11	3	0	0.12
72477003170	2016	12	11	4	0	0.1
72477003170	2016	12	11	5	0	0.15
72477003170	2016	12	11	6	0	0.01
72477003170	2016	12	11	9	0	0.06
72477003170	2016	12	11	10	0	0.01
72477003170	2016	12	14	3	0	0.01
72477003170	2016	12	16	13	0	0.01
72477003170	2016	12	16	15	0	0.08
72477003170	2016	12	16	16	0	0.04
72477003170	2016	12	16	17	0	0.01
72477003170	2016	12	16	22	0	0.01
72477003170	2016	12	21	15	0	0.01
72477003170	2016	12	21	17	0	0.01
72477003170	2016	12	21	18	0	0.01
72477003170	2016	12	21	20	0	0.01
72477003170	2016	12	24	10	0	0.179
72477003170	2016	12	24	13	0	0.06
72477003170	2016	12	24	14	0	0.01
72477003170	2016	12	24	15	0	0.02
72477003170	2016	12	24	16	0	0.01
72477003170	2016	12	24	17	0	0.012
72477003170	2016	12	24	18	0	0.01
72477003170	2017	1	4	15	0	0.01
72477003170	2017	1	4	16	0	0.02
72477003170	2017	1	4	17	0	0.03
72477003170	2017	1	4	18	0	0.02
72477003170	2017	1	5	1	0	0.02
72477003170	2017	1	5	2	0	0.05
72477003170	2017	1	5	3	0	0.06
72477003170	2017	1	5	4	0	0.08
72477003170	2017	1	5	5	0	0.11
72477003170	2017	1	5	6	0	0.09
72477003170	2017	1	5	7	0	0.07
72477003170	2017	1	5	8	0	0.02
72477003170	2017	1	5	9	0	0.02
72477003170	2017	1	5	10	0	0.02
72477003170	2017	1	5	11	0	0.01
72477003170	2017	1	5	13	0	0.01
72477003170	2017	1	5	14	0	0.02
72477003170	2017	1	5	16	0	0.02
72477003170	2017	1	5	17	0	0.04
72477003170	2017	1	5	18	0	0.03
72477003170	2017	1	5	23	0	0.06
72477003170	2017	1	6	0	0	0.02
72477003170	2017	1	6	2	0	0.13
72477003170	2017	1	6	3	0	0.02
72477003170	2017	1	6	4	0	0.02
72477003170	2017	1	6	5	0	0.03
72477003170	2017	1	6	6	0	0.01
72477003170	2017	1	6	7	0	0.02
72477003170	2017	1	6	8	0	0.02
72477003170	2017	1	6	9	0	0.03
72477003170	2017	1	6	10	0	0.06
72477003170	2017	1	6	11	0	0.03
72477003170	2017	1	6	12	0	0.01
72477003170	2017	1	6	13	0	0.04
72477003170	2017	1	6	14	0	0.02
72477003170	2017	1	6	15	0	0.08
72477003170	2017	1	6	16	0	0.01
72477003170	2017	1	6	18	0	0.01
72477003170	2017	1	6	23	0	0.03
72477003170	2017	1	7	0	0	0.01
72477003170	2017	1	7	1	0	0.01
72477003170	2017	1	7	3	0	0.01
72477003170	2017	1	7	4	0	0.01
72477003170	2017	1	7	7	0	0.01
72477003170	2017	1	7	8	0	0.03
72477003170	2017	1	7	9	0	0.01
72477003170	2017	1	7	10	0	0.01
72477003170	2017	1	9	9	0	0.01
72477003170	2017	1	9	10	0	0.02
72477003170	2017	1	9	19	0	0.05
72477003170	2017	1	11	11	0	0.06
72477003170	2017	1	11	12	0	0.05
72477003170	2017	1	11	13	0	0.017
72477003170	2017	1	11	17	0	0.006
72477003170	2017	1	11	18	0	0.019
72477003170	2017	1	12	16	0	0.05
72477003170	2017	1	12	22	0	0.01
72477003170	2017	1	13	1	0	0.01
72477003170	2017	1	13	3	0	0.02
72477003170	2017	1	13	4	0	0.03
72477003170	2017	1	13	7	0	0.01
72477003170	2017	1	13	8	0	0.02
72477003170	2017	1	13	9	0	0.03
72477003170	2017	1	19	4	0	0.01
72477003170	2017	1	21	3	0	0.03
72477003170	2017	1	22	19	0	0.01
72477003170	2017	1	22	20	0	0.01
72477003170	2017	1	23	1	0	0.01
72477003170	2017	1	23	2	0	0.02
72477003170	2017	1	23	3	0	0.01
72477003170	2017	1	23	4	0	0.02
72477003170	2017	1	23	8	0	0.01
72477003170	2017	1	23	9	0	0.04
72477003170	2017	1	23	10	0	0.09
72477003170	2017	1	23	11	0	0.14
72477003170	2017	1	23	12	0	0.05
72477003170	2017	1	23	13	0	0.07
72477003170	2017	1	23	14	0	0.02
72477003170	2017	1	25	3	0	0.01
72477003170	2017	2	7	9	0	0.01
72477003170	2017	2	8	16	0	0.01
72477003170	2017	2	10	18	0	0.01
72477003170	2017	2	11	3	0	0.04
72477003170	2017	2	11	4	0	0.06
72477003170	2017	2	11	5	0	0.02
72477003170	2017	2	11	6	0	0.03
72477003170	2017	2	17	18	0	0.01
72477003170	2017	2	17	22	0	0.01
72477003170	2017	2	21	23	0	0.03
72477003170	2017	2	22	0	0	0.01
72477003170	2017	2	22	14	0	0.01
72477003170	2017	2	22	15	0	0.02
72477003170	2017	2	22	16	0	0.04
72477003170	2017	2	24	4	0	0.03
72477003170	2017	2	27	6	0	0.01
72477003170	2017	2	27	7	0	0.01
72477003170	2017	2	27	8	0	0.02
72477003170	2017	2	27	10	0	0.02
72477003170	2017	2	27	14	0	0.03
72477003170	2017	2	27	15	0	0.03
72477003170	2017	3	5	20	0	0.01
72477003170	2017	3	5	21	0	0.03
72477003170	2017	3	5	22	0	0.04
72477003170	2017	3	5	23	0	0.01
72477003170	2017	3	6	4	0	0.01
72477003170	2017	3	6	5	0	0.02
72477003170	2017	3	8	0	0	0.01
72477003170	2017	3	22	4	0	0.06
72477003170	2017	3	22	23	0	0.006
72477003170	2017	3	23	0	0	0.11
72477003170	2017	3	23	1	0	0.07
72477003170	2017	3	23	2	0	0.04
72477003170	2017	3	23	3	0	0.04
72477003170	2017	3	23	4	0	0.05
72477003170	2017	3	23	6	0	0.06
72477003170	2017	3	23	7	0	0.03
72477003170	2017	3	23	8	0	0.03
72477003170	2017	3	23	9	0	0.01
72477003170	2017	3	23	10	0	0.013
72477003170	2017	3	23	11	0	0.02
72477003170	2017	3	23	12	0	0.04
72477003170	2017	3	23	13	0	0.03
72477003170	2017	3	23	14	0	0.01
72477003170	2017	3	25	5	0	0.02
72477003170	2017	3	25	6	0	0.06
72477003170	2017	3	25	7	0	0.03
72477003170	2017	3	25	8	0	0.02
72477003170	2017	3	25	9	0	0.06
72477003170	2017	3	25	10	0	0.08
72477003170	2017	3	25	11	0	0.1
72477003170	2017	3	25	12	0	0.04
72477003170	2017	3	25	13	0	0.03
72477003170	2017	3	25	14	0	0.01
72477003170	2017	3	27	14	0	0.01
72477003170	2017	3	27	20	0	0.01
72477003170	2017	3	30	14	0	0.03
72477003170	2017	3	30	17	0	0.02
72477003170	2017	3	30	18	0	0.03
72477003170	2017	3	30	19	0	0.03
72477003170	2017	3	31	13	0	0.01
72477003170	2017	4	2	20	0	0.01
72477003170	2017	4	3	15	0	0.06
72477003170	2017	4	3	16	0	0.04
72477003170	2017	4	3	17	0	0.01
72477003170	2017	4	8	0	0	0.01
72477003170	2017	4	8	1	0	0.01
72477003170	2017	4	8	2	0	0.01
72477003170	2017	4	8	3	0	0.03
72477003170	2017	4	8	4	0	0.15
72477003170	2017	4	8	5	0	0.27
72477003170	2017	4	8	6	0	0.23
72477003170	2017	4	8	7	0	0.05
72477003170	2017	4	8	18	0	0.01
72477003170	2017	4	8	20	0	0.02
72477003170	2017	4	8	21	0	0.02
72477003170	2017	4	8	22	0	0.02
72477003170	2017	4	13	20	0	0.01
72477003170	2017	4	13	21	0	0.05
72477003170	2017	4	13	22	0	0.09
72477003170	2017	4	13	23	0	0.12
72477003170	2017	4	14	0	0	0.1
72477003170	2017	4	14	1	0	0.03
72477003170	2017	4	18	7	0	0.02
72477003170	2017	4	18	8	0	0.05
72477003170	2017	4	18	15	0	0.02
72477003170	2017	4	18	19	0	0.09
72477003170	2017	4	18	20	0	0.01
72477003170	2017	4	18	21	0	0.05
72477003170	2017	4	18	22	0	0.15
72477003170	2017	4	18	23	0	0.07
72477003170	2017	4	19	0	0	0.02
72477003170	2017	4	25	11	0	0.02
72477003170	2017	4	25	12	0	0.01
72477003170	2017	4	25	14	0	0.01
72477003170	2017	4	26	15	0	0.03
72477003170	2017	4	26	22	0	0.04
72477003170	2017	4	27	3	0	0.07
72477003170	2017	4	27	5	0	0.01
72477003170	2017	4	27	7	0	0.01
72477003170	2017	4	28	14	0	0.01
72477003170	2017	4	28	17	0	0.04
72477003170	2017	5	6	20	0	0.02
72477003170	2017	5	16	2	0	0.01
72477003170	2017	5	17	1	0	0.02
72477003170	2017	5	17	6	0	0.02
72477003170	2017	5	17	8	0	0.02
72477003170	2017	5	17	9	0	0.01
72477003170	2017	5	17	10	0	0.03
72477003170	2017	5	18	7	0	0.01
72477003170	2017	5	18	8	0	0.02
72477003170	2017	5	18	9	0	0.03
72477003170	2017	5	18	10	0	0.03
72477003170	2017	5	18	11	0	0.03
72477003170	2017	5	18	12	0	0.04
72477003170	2017	5	18	13	0	0.04
72477003170	2017	5	18	14	0	0.01
72477003170	2017	5	18	15	0	0.01
72477003170	2017	5	18	16	0	0.04
72477003170	2017	5	24	20	0	0.01
72477003170	2017	6	12	8	0	0.01
72477003170	2017	6	12	9	0	0.03
72477003170	2017	6	12	10	0	0.03
72477003170	2017	6	12	18	0	0.01
72477003170	2017	6	19	20	0	0.01
72477003170	2017	6	19	21	0	0.08
72477003170	2017	6	19	22	0	0.04
72477003170	2017	6	20	1	0	0.09
72477003170	2017	7	25	3	0	0.02
72477003170	2017	7	25	4	0	0.08
72477003170	2017	7	26	0	0	0.04
72477003170	2017	7	26	22	0	0.03
72477003170	2017	7	27	1	0	0.01
72477003170	2017	7	27	2	0	0.01
72477003170	2017	7	28	8	0	0.001
72477003170	2017	7	28	9	0	0.005
72477003170	2017	7	28	10	0	0.017
72477003170	2017	7	28	11	0	0.01
72477003170	2017	8	6	23	0	0.41
72477003170	2017	8	7	21	0	0.04
72477003170	2017	8	19	20	0	0.03
72477003170	2017	8	22	15	0	0.01
72477003170	2017	8	22	22	0	0.02
72477003170	2017	8	22	23	0	0.01
72477003170	2017	8	23	0	0	0.05
72477003170	2017	8	30	11	0	0.01
72477003170	2017	8	31	21	0	0.11
72477003170	2017	8	31	22	0	0.06
72477003170	2017	9	7	0	0	0.02
72477003170	2017	9	12	15	0	0.02
72477003170	2017	9	12	16	0	0.01
72477003170	2017	9	13	9	0	0.03
72477003170	2017	9	13	22	0	0.05
72477003170	2017	9	13	23	0	0.01
72477003170	2017	9	14	13	0	0.001
72477003170	2017	9	15	1	0	0.01
72477003170	2017	9	21	12	0	0.03
72477003170	2017	9	21	13	0	0.07
72477003170	2017	9	21	14	0	0.08
72477003170	2017	9	21	15	0	0.08
72477003170	2017	9	21	16	0	0.04
72477003170	2017	9	21	17	0	0.04
72477003170	2017	9	21	18	0	0.03
72477003170	2017	9	22	1	0	0.01
72477003170	2017	9	22	2	0	0.05
72477003170	2017	9	22	3	0	0.02
72477003170	2017	9	22	4	0	0.01
72477003170	2017	9	22	5	0	0.01
72477003170	2017	9	22	6	0	0.03
72477003170	2017	9	22	7	0	0.02
72477003170	2017	9	22	11	0	0.02
72477003170	2017	9	22	12	0	0.02
72477003170	2017	9	22	18	0	0.12
72477003170	2017	9	22	20	0	0.01
72477003170	2017	9	22	22	0	0.02
72477003170	2017	10	4	2	0	0.006
72477003170	2017	10	4	3	0	0.02
72477003170	2017	10	4	4	0	0.01
72477003170	2017	10	4	6	0	0.07
72477003170	2017	10	4	7	0	0.01
72477003170	2017	10	4	8	0	0.06
72477003170	2017	10	4	9	0	0.07
72477003170	2017	11	17	1	0	0.03
72477003170	2017	11	17	2	0	0.03
72477003170	2017	11	17	3	0	0.04
72477003170	2017	11	17	4	0	0.02
72477003170	2017	11	17	14	0	0.002
72477003170	2017	11	17	15	0	0.01
72477003170	2017	11	27	14	0	0.01
72477003170	2017	11	27	15	0	0.12
72477003170	2017	11	27	16	0	0.23
72477003170	2017	11	27	17	0	0.12
72477003170	2017	11	27	18	0	0.06
72477003170	2017	12	3	18	0	0.02
72477003170	2017	12	3	20	0	0.01
72477003170	2017	12	16	14	0	0.01
72477003170	2017	12	16	16	0	0.01
72477003170	2017	12	16	17	0	0.01
72477003170	2017	12	20	19	0	0.03
72477003170	2017	12	20	20	0	0.03
72477003170	2017	12	21	5	0	0.01
72477003170	2018	1	6	17	0	0.05
72477003170	2018	1	6	18	0	0.03
72477003170	2018	1	6	19	0	0.01
72477003170	2018	1	6	21	0	0.02
72477003170	2018	1	11	1	0	0.01
72477003170	2018	1	19	18	0	0.03
72477003170	2018	1	19	19	0	0.15
72477003170	2018	1	19	20	0	0.08
72477003170	2018	1	19	21	0	0.06
72477003170	2018	1	19	22	0	0.05
72477003170	2018	1	19	23	0	0.04
72477003170	2018	1	20	0	0	0.01
72477003170	2018	1	20	1	0	0.01
72477003170	2018	1	20	6	0	0.01
72477003170	2018	1	20	7	0	0.01
72477003170	2018	1	20	8	0	0.02
72477003170	2018	1	20	9	0	0.02
72477003170	2018	1	20	10	0	0.01
72477003170	2018	1	22	12	0	0.02
72477003170	2018	1	22	14	0	0.01
72477003170	2018	1	22	15	0	0.01
72477003170	2018	1	25	16	0	0.02
72477003170	2018	1	25	17	0	0.05
72477003170	2018	2	12	8	0	0.01
72477003170	2018	2	12	10	0	0.01
72477003170	2018	2	12	11	0	0.01
72477003170	2018	2	15	9	0	0.03
72477003170	2018	2	19	4	0	0.01
72477003170	2018	2	19	5	0	0.02
72477003170	2018	2	19	6	0	0.05
72477003170	2018	2	19	7	0	0.03
72477003170	2018	2	19	8	0	0.01
72477003170	2018	2	19	17	0	0.01
72477003170	2018	2	19	18	0	0.01
72477003170	2018	2	24	21	0	0.01
72477003170	2018	2	24	23	0	0.01
72477003170	2018	2	25	0	0	0.03
72477003170	2018	2	25	3	0	0.02
72477003170	2018	2	25	4	0	0.01
72477003170	2018	2	27	0	0	0.01
72477003170	2018	2	27	1	0	0.01
72477003170	2018	2	27	2	0	0.01
72477003170	2018	2	27	3	0	0.01
72477003170	2018	2	27	4	0	0.02
72477003170	2018	2	27	5	0	0.02
72477003170	2018	2	27	6	0	0.02
72477003170	2018	2	27	7	0	0.04
72477003170	2018	2	27	8	0	0.02
72477003170	2018	2	27	9	0	0.03
72477003170	2018	2	27	10	0	0.01
72477003170	2018	2	27	11	0	0.02
72477003170	2018	2	27	12	0	0.01
72477003170	2018	3	2	16	0	0.06
72477003170	2018	3	2	17	0	0.05
72477003170	2018	3	2	18	0	0.03
72477003170	2018	3	2	19	0	0.03
72477003170	2018	3	2	20	0	0.01
72477003170	2018	3	2	21	0	0.02
72477003170	2018	3	2	22	0	0.02
72477003170	2018	3	2	23	0	0.02
72477003170	2018	3	3	0	0	0.05
72477003170	2018	3	3	1	0	0.06
72477003170	2018	3	3	2	0	0.07
72477003170	2018	3	3	3	0	0.05
72477003170	2018	3	3	4	0	0.03
72477003170	2018	3	3	12	0	0.01
72477003170	2018	3	3	14	0	0.08
72477003170	2018	3	3	15	0	0.07
72477003170	2018	3	3	16	0	0.1
72477003170	2018	3	3	17	0	0.06
72477003170	2018	3	3	18	0	0.03
72477003170	2018	3	3	19	0	0.01
72477003170	2018	3	3	20	0	0.01
72477003170	2018	3	3	21	0	0.02
72477003170	2018	3	3	22	0	0.05
72477003170	2018	3	3	23	0	0.06
72477003170	2018	3	4	0	0	0.03
72477003170	2018	3	4	1	0	0.03
72477003170	2018	3	4	2	0	0.04
72477003170	2018	3	4	4	0	0.01
72477003170	2018	3	14	17	0	0.01
72477003170	2018	3	14	18	0	0.12
72477003170	2018	3	14	19	0	0.12
72477003170	2018	3	14	20	0	0.12
72477003170	2018	3	14	21	0	0.16
72477003170	2018	3	14	22	0	0.1
72477003170	2018	3	14	23	0	0.03
72477003170	2018	3	15	6	0	0.03
72477003170	2018	3	17	3	0	0.02
72477003170	2018	3	17	4	0	0.16
72477003170	2018	3	17	5	0	0.13
72477003170	2018	3	17	6	0	0.01
72477003170	2018	3	23	0	0	0.2
72477003170	2018	3	23	1	0	0.08
72477003170	2018	3	23	2	0	0.07
72477003170	2018	3	23	3	0	0.04
72477003170	2018	3	23	4	0	0.1
72477003170	2018	3	25	13	0	0.01
72477003170	2018	3	25	14	0	0.02
72477003170	2018	3	25	15	0	0.01
72477003170	2018	3	25	16	0	0.01
72477003170	2018	4	6	11	0	0.01
72477003170	2018	4	6	20	0	0.01
72477003170	2018	4	6	21	0	0.01
72477003170	2018	4	6	22	0	0.01
72477003170	2018	4	6	23	0	0.04
72477003170	2018	4	7	0	0	0.03
72477003170	2018	4	7	1	0	0.04
72477003170	2018	4	7	2	0	0.08
72477003170	2018	4	7	3	0	0.05
72477003170	2018	4	7	4	0	0.01
72477003170	2018	4	7	5	0	0.01
72477003170	2018	4	7	6	0	0.01
72477003170	2018	4	7	18	0	0.08
72477003170	2018	4	13	9	0	0.01
72477003170	2018	4	16	17	0	0.05
72477003170	2018	4	16	18	0	0.06
72477003170	2018	4	16	19	0	0.04
72477003170	2018	4	16	20	0	0.05
72477003170	2018	4	16	21	0	0.06
72477003170	2018	4	16	22	0	0.03
72477003170	2018	4	16	23	0	0.02
72477003170	2018	4	17	0	0	0.03
72477003170	2018	4	17	2	0	0.04
72477003170	2018	4	17	3	0	0.02
72477003170	2018	4	29	22	0	0.01
72477003170	2018	4	29	23	0	0.01
72477003170	2018	5	11	19	0	0.02
72477003170	2018	5	11	20	0	0.01
72477003170	2018	5	11	21	0	0.01
72477003170	2018	5	12	20	0	0.01
72477003170	2018	5	12	21	0	0.01
72477003170	2018	5	13	14	0	0.01
72477003170	2018	5	13	15	0	0.03
72477003170	2018	5	13	17	0	0.02
72477003170	2018	5	13	18	0	0.04
72477003170	2018	5	13	19	0	0.03
72477003170	2018	5	13	20	0	0.08
72477003170	2018	5	13	21	0	0.04
72477003170	2018	5	14	1	0	0.06
72477003170	2018	5	14	3	0	0.04
72477003170	2018	5	14	4	0	0.01
72477003170	2018	5	15	7	0	0.02
72477003170	2018	5	15	9	0	0.01
72477003170	2018	5	15	10	0	0.06
72477003170	2018	5	15	13	0	0.02
72477003170	2018	5	15	15	0	0.02
72477003170	2018	5	16	0	0	0.03
72477003170	2018	5	18	19	0	0.04
72477003170	2018	5	18	20	0	0.13
72477003170	2018	5	19	19	0	0.1
72477003170	2018	5	19	20	0	0.05
72477003170	2018	5	20	20	0	0.01
72477003170	2018	5	21	0	0	0.04
72477003170	2018	5	21	1	0	0.03
72477003170	2018	5	21	20	0	0.02
72477003170	2018	5	21	21	0	0.01
72477003170	2018	5	21	23	0	0.04
72477003170	2018	5	23	1	0	0.02
72477003170	2018	5	23	2	0	0.06
72477003170	2018	5	23	3	0	0.01
72477003170	2018	5	23	22	0	0.02
72477003170	2018	5	28	6	0	0.05
72477003170	2018	5	29	4	0	0.01
72477003170	2018	5	30	22	0	0.04
72477003170	2018	5	31	0	0	0.11
72477003170	2018	5	31	6	0	0.002
72477003170	2018	6	1	0	0	0.01
72477003170	2018	6	17	21	0	0.02
72477003170	2018	6	17	23	0	0.03
72477003170	2018	6	18	0	0	0.01
72477003170	2018	7	12	0	0	0.18
72477003170	2018	7	13	22	0	0.24
72477003170	2018	7	13	23	0	0.18
72477003170	2018	7	14	2	0	0.01
72477003170	2018	7	14	3	0	0.01
72477003170	2018	7	21	19	0	0.19
72477003170	2018	7	21	20	0	0.06
72477003170	2018	7	21	21	0	0.03
72477003170	2018	7	22	1	0	0.04
72477003170	2018	7	22	5	0	0.01
72477003170	2018	7	22	6	0	0.14
72477003170	2018	7	22	7	0	0.02
72477003170	2018	7	24	5	0	0.01
72477003170	2018	7	24	21	0	0.04
72477003170	2018	8	2	0	0	0.003
72477003170	2018	8	2	1	0	0.256
72477003170	2018	8	2	2	0	0.014
72477003170	2018	9	5	23	0	0.01
72477003170	2018	10	2	21	0	0.2
72477003170	2018	10	2	22	0	0.09
72477003170	2018	10	2	23	0	0.04
72477003170	2018	10	3	0	0	0.01
72477003170	2018	10	3	12	0	0.04
72477003170	2018	10	3	13	0	0.02
72477003170	2018	10	5	1	0	0.06
72477003170	2018	10	5	2	0	0.17
72477003170	2018	10	5	3	0	0.13
72477003170	2018	10	5	4	0	0.03
72477003170	2018	10	6	12	0	0.01
72477003170	2018	10	6	13	0	0.04
72477003170	2018	10	6	17	0	0.07
72477003170	2018	10	6	18	0	0.01
72477003170	2018	10	6	21	0	0.04
72477003170	2018	10	6	22	0	0.03
72477003170	2018	10	10	0	0	0.01
72477003170	2018	10	10	1	0	0.02
72477003170	2018	11	22	13	0	0.05
72477003170	2018	11	22	14	0	0.02
72477003170	2018	11	22	15	0	0.05
72477003170	2018	11	22	16	0	0.1
72477003170	2018	11	23	15	0	0.02
72477003170	2018	11	23	16	0	0.01
72477003170	2018	11	24	15	0	0.07
72477003170	2018	11	24	16	0	0.02
72477003170	2018	11	24	17	0	0.01
72477003170	2018	11	28	1	0	0.01
72477003170	2018	11	28	12	0	0.04
72477003170	2018	11	28	13	0	0.07
72477003170	2018	11	28	19	0	0.01
72477003170	2018	11	28	20	0	0.01
72477003170	2018	11	28	21	0	0.01
72477003170	2018	11	28	22	0	0.06
72477003170	2018	11	28	23	0	0.04
72477003170	2018	11	29	0	0	0.01
72477003170	2018	11	29	19	0	0.04
72477003170	2018	11	29	20	0	0.06
72477003170	2018	11	29	21	0	0.01
72477003170	2018	11	30	9	0	0.08
72477003170	2018	11	30	10	0	0.01
72477003170	2018	11	30	12	0	0.01
72477003170	2018	11	30	19	0	0.01
72477003170	2018	12	1	19	0	0.02
72477003170	2018	12	1	20	0	0.03
72477003170	2018	12	1	21	0	0.02
72477003170	2018	12	1	23	0	0.07
72477003170	2018	12	2	15	0	0.03
72477003170	2018	12	2	16	0	0.02
72477003170	2018	12	5	7	0	0.01
72477003170	2018	12	7	8	0	0.01
72477003170	2018	12	7	13	0	0.01
72477003170	2018	12	24	7	0	0.01
72477003170	2018	12	24	8	0	0.01
72477003170	2018	12	25	0	0	0.01
72477003170	2018	12	25	1	0	0.1
72477003170	2018	12	25	3	0	0.01
72477003170	2018	12	25	9	0	0.04
72477003170	2018	12	25	13	0	0.02
72477003170	2018	12	25	14	0	0.03
72477003170	2018	12	25	15	0	0.03
72477003170	2018	12	25	16	0	0.04
72477003170	2018	12	25	17	0	0.04
72477003170	2018	12	25	18	0	0.02
72477003170	2018	12	25	19	0	0.01
72477003170	2018	12	25	20	0	0.02
72477003170	2018	12	25	21	0	0.01
72477003170	2018	12	25	22	0	0.01
72477003170	2018	12	27	7	0	0.01
72477003170	2018	12	27	8	0	0.03
72477003170	2018	12	27	12	0	0.01
72477003170	2018	12	27	17	0	0.01
72477003170	2018	12	31	3	0	0.01
72477003170	2018	12	31	4	0	0.01
72477003170	2018	12	31	9	0	0.01
72477003170	2019	1	6	15	0	0.01
72477003170	2019	1	7	9	0	0.01
72477003170	2019	1	7	11	0	0.01
72477003170	2019	1	7	12	0	0.01
72477003170	2019	1	7	13	0	0.01
72477003170	2019	1	10	7	0	0.01
72477003170	2019	1	15	6	0	0.01
72477003170	2019	1	15	7	0	0.01
72477003170	2019	1	15	9	0	0.02
72477003170	2019	1	17	14	0	0.01
72477003170	2019	1	17	15	0	0.03
72477003170	2019	1	17	16	0	0.03
72477003170	2019	1	17	21	0	0.01
72477003170	2019	1	17	23	0	0.04
72477003170	2019	1	18	6	0	0.01
72477003170	2019	1	18	7	0	0.01
72477003170	2019	1	21	8	0	0.15
72477003170	2019	1	21	9	0	0.1
72477003170	2019	1	21	10	0	0.02
72477003170	2019	1	21	11	0	0.01
72477003170	2019	1	21	12	0	0.01
72477003170	2019	1	21	14	0	0.05
72477003170	2019	1	21	15	0	0.02
72477003170	2019	1	21	16	0	0.01
72477003170	2019	1	22	0	0	0.01
72477003170	2019	2	3	1	0	0.02
72477003170	2019	2	3	2	0	0.03
72477003170	2019	2	3	3	0	0.06
72477003170	2019	2	3	4	0	0.06
72477003170	2019	2	3	5	0	0.04
72477003170	2019	2	3	6	0	0.11
72477003170	2019	2	5	6	0	0.01
72477003170	2019	2	5	8	0	0.01
72477003170	2019	2	5	10	0	0.04
72477003170	2019	2	5	11	0	0.08
72477003170	2019	2	5	12	0	0.01
72477003170	2019	2	5	14	0	0.01
72477003170	2019	2	5	15	0	0.01
72477003170	2019	2	5	16	0	0.01
72477003170	2019	2	5	17	0	0.02
72477003170	2019	2	5	18	0	0.05
72477003170	2019	2	5	19	0	0.01
72477003170	2019	2	6	17	0	0.01
72477003170	2019	2	6	22	0	0.02
72477003170	2019	2	7	0	0	0.02
72477003170	2019	2	7	1	0	0.02
72477003170	2019	2	9	17	0	0.01
72477003170	2019	2	10	17	0	0.01
72477003170	2019	2	10	18	0	0.1
72477003170	2019	2	10	19	0	0.04
72477003170	2019	2	10	20	0	0.02
72477003170	2019	2	10	21	0	0.02
72477003170	2019	2	13	18	0	0.06
72477003170	2019	2	13	19	0	0.05
72477003170	2019	2	13	21	0	0.01
72477003170	2019	2	15	1	0	0.15
72477003170	2019	2	15	2	0	0.1
72477003170	2019	2	15	22	0	0.1
72477003170	2019	2	15	23	0	0.06
72477003170	2019	2	16	0	0	0.04
72477003170	2019	2	16	1	0	0.02
72477003170	2019	2	16	2	0	0.01
72477003170	2019	2	16	21	0	0.01
72477003170	2019	2	16	23	0	0.01
72477003170	2019	2	17	22	0	0.01
72477003170	2019	2	18	15	0	0.01
72477003170	2019	2	20	14	0	0.02
72477003170	2019	2	20	15	0	0.01
72477003170	2019	2	21	3	0	0.01
72477003170	2019	2	21	4	0	0.01
72477003170	2019	2	21	13	0	0.01
72477003170	2019	2	21	14	0	0.03
72477003170	2019	2	21	15	0	0.01
72477003170	2019	2	21	16	0	0.01
72477003170	2019	3	2	16	0	0.01
72477003170	2019	3	2	17	0	0.02
72477003170	2019	3	2	18	0	0.02
72477003170	2019	3	2	19	0	0.04
72477003170	2019	3	2	21	0	0.03
72477003170	2019	3	2	22	0	0.02
72477003170	2019	3	3	0	0	0.02
72477003170	2019	3	3	5	0	0.01
72477003170	2019	3	3	6	0	0.01
72477003170	2019	3	3	8	0	0.01
72477003170	2019	3	3	9	0	0.04
72477003170	2019	3	3	11	0	0.01
72477003170	2019	3	3	12	0	0.02
72477003170	2019	3	3	14	0	0.01
72477003170	2019	3	3	18	0	0.08
72477003170	2019	3	3	19	0	0.05
72477003170	2019	3	3	20	0	0.06
72477003170	2019	3	3	21	0	0.05
72477003170	2019	3	3	22	0	0.04
72477003170	2019	3	3	23	0	0.04
72477003170	2019	3	4	0	0	0.01
72477003170	2019	3	4	1	0	0.02
72477003170	2019	3	4	2	0	0.01
72477003170	2019	3	4	3	0	0.01
72477003170	2019	3	6	18	0	0.01
72477003170	2019	3	6	22	0	0.01
72477003170	2019	3	7	13	0	0.01
72477003170	2019	3	8	2	0	0.001
72477003170	2019	3	8	4	0	0.009
72477003170	2019	3	8	5	0	0.012
72477003170	2019	3	8	6	0	0.066
72477003170	2019	3	8	7	0	0.009
72477003170	2019	3	8	8	0	0.02
72477003170	2019	3	8	12	0	0.04
72477003170	2019	3	8	13	0	0.02
72477003170	2019	3	8	15	0	0.01
72477003170	2019	3	10	15	0	0.01
72477003170	2019	3	11	0	0	0.02
72477003170	2019	3	11	1	0	0.01
72477003170	2019	3	11	3	0	0.03
72477003170	2019	3	13	14	0	0.01
72477003170	2019	3	13	15	0	0.01
72477003170	2019	3	21	2	0	0.01
72477003170	2019	3	21	21	0	0.001
72477003170	2019	3	22	0	0	0.02
72477003170	2019	3	22	1	0	0.15
72477003170	2019	3	22	2	0	0.19
72477003170	2019	3	22	3	0	0.15
72477003170	2019	3	22	4	0	0.19
72477003170	2019	3	22	5	0	0.1
72477003170	2019	3	22	6	0	0.076
72477003170	2019	3	22	7	0	0.026
72477003170	2019	3	22	8	0	0.035
72477003170	2019	3	22	9	0	0.033
72477003170	2019	3	22	10	0	0.02
72477003170	2019	3	24	0	0	0.06
72477003170	2019	3	24	1	0	0.05
72477003170	2019	3	24	2	0	0.05
72477003170	2019	3	24	3	0	0.01
72477003170	2019	3	28	7	0	0.09
72477003170	2019	3	28	8	0	0.02
72477003170	2019	3	28	19	0	0.22
72477003170	2019	3	28	20	0	0.04
72477003170	2019	3	28	21	0	0.03
72477003170	2019	4	2	10	0	0.101
72477003170	2019	4	2	20	0	0.006
72477003170	2019	4	2	21	0	0.009
72477003170	2019	4	2	22	0	0.009
72477003170	2019	4	2	23	0	0.01
72477003170	2019	4	3	0	0	0.05
72477003170	2019	4	3	1	0	0.03
72477003170	2019	4	5	22	0	0.01
72477003170	2019	4	5	23	0	0.01
72477003170	2019	4	6	0	0	0.01
72477003170	2019	4	6	1	0	0.03
72477003170	2019	4	6	2	0	0.05
72477003170	2019	4	6	3	0	0.02
72477003170	2019	4	9	16	0	0.02
72477003170	2019	4	10	10	0	0.01
72477003170	2019	4	11	19	0	0.02
72477003170	2019	4	11	20	0	0.03
72477003170	2019	4	11	21	0	0.01
72477003170	2019	4	12	0	0	0.03
72477003170	2019	4	12	1	0	0.02
72477003170	2019	4	12	2	0	0.06
72477003170	2019	4	12	3	0	0.02
72477003170	2019	4	12	4	0	0.02
72477003170	2019	4	12	5	0	0.03
72477003170	2019	4	12	6	0	0.02
72477003170	2019	4	12	17	0	0.029
72477003170	2019	4	12	18	0	0.02
72477003170	2019	4	16	1	0	0.12
72477003170	2019	4	16	2	0	0.02
72477003170	2019	4	16	3	0	0.13
72477003170	2019	4	16	4	0	0.09
72477003170	2019	4	16	6	0	0.03
72477003170	2019	4	16	8	0	0.01
72477003170	2019	4	16	9	0	0.02
72477003170	2019	4	16	10	0	0.02
72477003170	2019	4	16	16	0	0.01
72477003170	2019	4	16	20	0	0.01
72477003170	2019	4	20	19	0	0.01
72477003170	2019	4	20	20	0	0.03
72477003170	2019	4	20	21	0	0.03
72477003170	2019	4	20	23	0	0.01
72477003170	2019	4	21	0	0	0.03
72477003170	2019	4	21	1	0	0.06
72477003170	2019	4	21	3	0	0.06
72477003170	2019	4	21	6	0	0.01
72477003170	2019	4	21	7	0	0.06
72477003170	2019	4	21	9	0	0.02
72477003170	2019	4	21	10	0	0.06
72477003170	2019	4	21	11	0	0.02
72477003170	2019	4	21	14	0	0.01
72477003170	2019	4	21	15	0	0.02
72477003170	2019	4	21	16	0	0.06
72477003170	2019	4	21	17	0	0.02
72477003170	2019	4	21	18	0	0.02
72477003170	2019	4	22	0	0	0.01
72477003170	2019	4	22	2	0	0.01
72477003170	2019	4	22	3	0	0.01
72477003170	2019	4	22	4	0	0.01
72477003170	2019	4	22	5	0	0.03
72477003170	2019	4	22	6	0	0.05
72477003170	2019	4	22	7	0	0.03
72477003170	2019	4	22	8	0	0.02
72477003170	2019	4	22	9	0	0.02
72477003170	2019	4	22	10	0	0.01
72477003170	2019	4	26	0	0	0.01
72477003170	2019	4	26	4	0	0.03
72477003170	2019	4	26	7	0	0.04
72477003170	2019	4	26	8	0	0.03
72477003170	2019	5	16	20	0	0.07
72477003170	2019	5	16	21	0	0.07
72477003170	2019	5	16	22	0	0.07
72477003170	2019	5	16	23	0	0.07
72477003170	2019	5	17	6	0	0.01
72477003170	2019	5	17	7	0	0.01
72477003170	2019	5	17	15	0	0.01
72477003170	2019	5	17	16	0	0.01
72477003170	2019	5	17	17	0	0.02
72477003170	2019	5	17	18	0	0.01
72477003170	2019	5	19	12	0	0.02
72477003170	2019	5	19	13	0	0.05
72477003170	2019	5	19	14	0	0.02
72477003170	2019	5	19	15	0	0.03
72477003170	2019	5	19	16	0	0.02
72477003170	2019	5	19	18	0	0.03
72477003170	2019	5	19	21	0	0.21
72477003170	2019	5	19	22	0	0.13
72477003170	2019	5	20	5	0	0.01
72477003170	2019	5	20	6	0	0.07
72477003170	2019	5	20	7	0	0.02
72477003170	2019	5	22	13	0	0.01
72477003170	2019	5	22	14	0	0.02
72477003170	2019	5	22	16	0	0.01
72477003170	2019	5	22	17	0	0.03
72477003170	2019	5	22	18	0	0.02
72477003170	2019	5	22	19	0	0.04
72477003170	2019	5	22	20	0	0.05
72477003170	2019	5	22	21	0	0.09
72477003170	2019	5	22	22	0	0.17
72477003170	2019	5	23	10	0	0.02
72477003170	2019	5	23	11	0	0.04
72477003170	2019	5	23	12	0	0.02
72477003170	2019	5	23	13	0	0.09
72477003170	2019	5	23	14	0	0.05
72477003170	2019	5	23	15	0	0.05
72477003170	2019	5	23	16	0	0.02
72477003170	2019	5	23	17	0	0.01
72477003170	2019	5	23	18	0	0.08
72477003170	2019	5	23	22	0	0.02
72477003170	2019	5	24	0	0	0.16
72477003170	2019	5	24	1	0	0.04
72477003170	2019	5	24	4	0	0.04
72477003170	2019	5	24	5	0	0.01
72477003170	2019	5	24	20	0	0.02
72477003170	2019	5	25	0	0	0.01
72477003170	2019	5	25	1	0	0.02
72477003170	2019	5	25	11	0	0.01
72477003170	2019	5	25	12	0	0.01
72477003170	2019	5	25	13	0	0.02
72477003170	2019	5	25	14	0	0.07
72477003170	2019	5	25	15	0	0.01
72477003170	2019	5	25	16	0	0.02
72477003170	2019	5	26	0	0	0.04
72477003170	2019	5	26	1	0	0.01
72477003170	2019	5	26	18	0	0.06
72477003170	2019	5	26	19	0	0.05
72477003170	2019	5	26	20	0	0.01
72477003170	2019	5	27	4	0	0.02
72477003170	2019	5	27	5	0	0.01
72477003170	2019	5	27	6	0	0.03
72477003170	2019	5	27	8	0	0.04
72477003170	2019	5	27	9	0	0.03
72477003170	2019	5	27	20	0	0.02
72477003170	2019	5	27	21	0	0.03
72477003170	2019	5	27	23	0	0.01
72477003170	2019	5	28	0	0	0.01
72477003170	2019	5	28	1	0	0.04
72477003170	2019	5	28	2	0	0.07
72477003170	2019	5	28	3	0	0.02
72477003170	2019	5	28	4	0	0.04
72477003170	2019	5	28	5	0	0.04
72477003170	2019	5	28	6	0	0.11
72477003170	2019	5	28	7	0	0.02
72477003170	2019	5	28	9	0	0.04
72477003170	2019	5	28	10	0	0.04
72477003170	2019	5	28	11	0	0.04
72477003170	2019	5	28	12	0	0.01
72477003170	2019	5	28	13	0	0.01
72477003170	2019	5	28	22	0	0.01
72477003170	2019	5	29	2	0	0.02
72477003170	2019	5	30	2	0	0.34
72477003170	2019	5	30	3	0	0.03
72477003170	2019	5	30	16	0	0.01
72477003170	2019	5	30	20	0	0.021
72477003170	2019	5	30	21	0	0.04
72477003170	2019	5	30	22	0	0.03
72477003170	2019	5	31	10	0	0.01
72477003170	2019	6	1	0	0	0.05
72477003170	2019	6	1	1	0	0.1
72477003170	2019	6	1	21	0	0.1
72477003170	2019	6	2	20	0	0.3
72477003170	2019	6	6	20	0	0.02
72477003170	2019	6	6	21	0	0.03
72477003170	2019	6	7	3	0	0.01
72477003170	2019	6	13	22	0	0.01
72477003170	2019	6	18	0	0	0.01
72477003170	2019	7	26	0	0	0.02
72477003170	2019	7	26	1	0	0.12
72477003170	2019	7	26	2	0	0.02
72477003170	2019	7	26	3	0	0.02
72477003170	2019	7	26	4	0	0.02
72477003170	2019	7	26	5	0	0.01
72477003170	2019	7	26	14	0	0.01
72477003170	2019	7	26	15	0	0.01
72477003170	2019	7	26	22	0	0.2
72477003170	2019	8	8	18	0	0.25
72477003170	2019	8	8	19	0	0.02
72477003170	2019	8	9	0	0	0.01
72477003170	2019	8	28	23	0	0.01
72477003170	2019	8	29	0	0	0.01
72477003170	2019	9	5	3	0	0.01
72477003170	2019	9	5	20	0	0.03
72477003170	2019	9	5	21	0	0.08
72477003170	2019	9	6	11	0	0.001
72477003170	2019	9	6	12	0	0.05
72477003170	2019	9	8	10	0	0.05
72477003170	2019	9	19	19	0	0.01
72477003170	2019	9	19	20	0	0.03
72477003170	2019	9	20	2	0	0.02
72477003170	2019	9	29	16	0	0.02
72477003170	2019	9	29	17	0	0.03
72477003170	2019	9	30	9	0	0.05
72477003170	2019	9	30	10	0	0.01
72477003170	2019	10	27	0	0	0.001
72477003170	2019	11	21	10	0	0.01
72477003170	2019	11	21	11	0	0.01
72477003170	2019	11	21	12	0	0.02
72477003170	2019	11	21	13	0	0.05
72477003170	2019	11	21	14	0	0.06
72477003170	2019	11	21	15	0	0.06
72477003170	2019	11	21	16	0	0.04
72477003170	2019	11	21	17	0	0.03
72477003170	2019	11	21	18	0	0.02
72477003170	2019	11	21	19	0	0.04
72477003170	2019	11	21	20	0	0.041
72477003170	2019	11	21	21	0	0.025
72477003170	2019	11	21	22	0	0.006
72477003170	2019	11	21	23	0	0.005
72477003170	2019	11	25	15	0	0.01
72477003170	2019	11	26	3	0	0.02
72477003170	2019	11	26	5	0	0.01
72477003170	2019	11	26	7	0	0.01
72477003170	2019	11	26	9	0	0.01
72477003170	2019	11	27	9	0	0.032
72477003170	2019	11	27	13	0	0.01
72477003170	2019	11	27	22	0	0.02
72477003170	2019	11	27	23	0	0.02
72477003170	2019	11	28	0	0	0.04
72477003170	2019	11	28	1	0	0.04
72477003170	2019	11	28	2	0	0.04
72477003170	2019	11	28	3	0	0.01
72477003170	2019	11	28	4	0	0.01
72477003170	2019	11	28	5	0	0.03
72477003170	2019	11	28	6	0	0.08
72477003170	2019	11	29	3	0	0.01
72477003170	2019	11	29	4	0	0.02
72477003170	2019	11	29	5	0	0.02
72477003170	2019	11	29	6	0	0.01
72477003170	2019	11	29	7	0	0.01
72477003170	2019	12	1	16	0	0.01
72477003170	2019	12	4	21	0	0.007
72477003170	2019	12	4	22	0	0.005
72477003170	2019	12	5	0	0	0.01
72477003170	2019	12	5	1	0	0.009
72477003170	2019	12	5	2	0	0.05
72477003170	2019	12	5	3	0	0.04
72477003170	2019	12	5	4	0	0.07
72477003170	2019	12	5	5	0	0.04
72477003170	2019	12	5	6	0	0.05
72477003170	2019	12	5	7	0	0.03
72477003170	2019	12	5	8	0	0.02
72477003170	2019	12	5	9	0	0.03
72477003170	2019	12	5	10	0	0.01
72477003170	2019	12	8	10	0	0.01
72477003170	2019	12	8	11	0	0.02
72477003170	2019	12	8	12	0	0.01
72477003170	2019	12	9	5	0	0.01
72477003170	2019	12	9	7	0	0.02
72477003170	2019	12	12	7	0	0.01
72477003170	2019	12	12	8	0	0.04
72477003170	2019	12	12	18	0	0.002
72477003170	2019	12	13	21	0	0.02
72477003170	2019	12	13	22	0	0.02
72477003170	2019	12	13	23	0	0.03
72477003170	2019	12	14	0	0	0.001
72477003170	2019	12	14	19	0	0.01
72477003170	2019	12	15	12	0	0.01
72477003170	2019	12	15	13	0	0.03
72477003170	2019	12	15	14	0	0.03
72477003170	2019	12	15	15	0	0.02
72477003170	2019	12	15	16	0	0.05
72477003170	2019	12	15	17	0	0.01
72477003170	2019	12	15	21	0	0.01
72477003170	2019	12	15	22	0	0.02
72477003170	2019	12	15	23	0	0.01
72477003170	2019	12	24	4	0	0.01
72477003170	2019	12	24	5	0	0.01
72477003170	2019	12	24	6	0	0.01
72477003170	2019	12	24	7	0	0.04
72477003170	2019	12	24	8	0	0.02
72477003170	2019	12	25	3	0	0.08
72477003170	2019	12	25	4	0	0.03
72477003170	2019	12	25	15	0	0.01
72477003170	2019	12	25	16	0	0.01
72477003170	2019	12	25	21	0	0.01
72477003170	2019	12	26	1	0	0.01
72477003170	2019	12	28	5	0	0.01
72477003170	2020	1	2	0	0	0.01
72477003170	2020	1	2	1	0	0.07
72477003170	2020	1	2	3	0	0.08
72477003170	2020	1	2	4	0	0.01
72477003170	2020	1	9	23	0	0.11
72477003170	2020	1	11	21	0	0.01
72477003170	2020	1	12	1	0	0.02
72477003170	2020	1	12	12	0	0.01
72477003170	2020	1	17	6	0	0.02
72477003170	2020	1	17	7	0	0.03
72477003170	2020	1	24	11	0	0.04
72477003170	2020	1	24	12	0	0.02
72477003170	2020	1	24	17	0	0.01
72477003170	2020	1	24	18	0	0.05
72477003170	2020	1	24	20	0	0.02
72477003170	2020	1	26	22	0	0.01
72477003170	2020	1	26	23	0	0.021
72477003170	2020	1	27	5	0	0.01
72477003170	2020	1	29	7	0	0.03
72477003170	2020	2	3	1	0	0.02
72477003170	2020	2	3	2	0	0.01
72477003170	2020	3	1	11	0	0.01
72477003170	2020	3	1	12	0	0.02
72477003170	2020	3	1	13	0	0.05
72477003170	2020	3	1	14	0	0.03
72477003170	2020	3	1	15	0	0.02
72477003170	2020	3	1	16	0	0.02
72477003170	2020	3	1	17	0	0.02
72477003170	2020	3	8	5	0	0.01
72477003170	2020	3	8	6	0	0.01
72477003170	2020	3	17	4	0	0.02
72477003170	2020	3	17	5	0	0.03
72477003170	2020	3	17	6	0	0.01
72477003170	2020	3	17	8	0	0.03
72477003170	2020	3	17	11	0	0.01
72477003170	2020	3	17	14	0	0.01
72477003170	2020	3	17	15	0	0.01
72477003170	2020	3	17	16	0	0.01
72477003170	2020	3	25	22	0	0.01
72477003170	2020	3	25	23	0	0.02
72477003170	2020	3	26	0	0	0.03
72477003170	2020	3	26	1	0	0.03
72477003170	2020	3	26	2	0	0.03
72477003170	2020	3	26	3	0	0.01
72477003170	2020	3	26	4	0	0.02
72477003170	2020	3	29	23	0	0.07
72477003170	2020	4	6	7	0	0.01
72477003170	2020	4	9	10	0	0.01
72477003170	2020	4	9	11	0	0.01
72477003170	2020	4	9	12	0	0.01
72477003170	2020	4	19	15	0	0.001
72477003170	2020	4	19	23	0	0.002
72477003170	2020	4	20	0	0	0.001
72477003170	2020	4	23	7	0	0.001
72477003170	2020	4	23	8	0	0.01
72477003170	2020	4	23	10	0	0.02
72477003170	2020	4	23	11	0	0.01
72477003170	2020	5	18	22	0	0.01
72477003170	2020	5	19	2	0	0.04
72477003170	2020	5	19	3	0	0.01
72477003170	2020	5	19	4	0	0.01
72477003170	2020	5	19	5	0	0.01
72477003170	2020	5	19	6	0	0.002
72477003170	2020	5	19	17	0	0.01
72477003170	2020	5	19	18	0	0.01
72477003170	2020	5	19	19	0	0.03
72477003170	2020	5	20	1	0	0.01
72477003170	2020	5	22	22	0	0.01
72477003170	2020	5	22	23	0	0.003
72477003170	2020	5	23	0	0	0.08
72477003170	2020	5	23	1	0	0.01
72477003170	2020	6	6	13	0	0.001
72477003170	2020	6	6	14	0	0.004
72477003170	2020	6	6	17	0	0.002
72477003170	2020	6	6	18	0	0.158
72477003170	2020	6	25	20	0	0.005
72477003170	2020	6	25	21	0	0.11
72477003170	2020	6	25	22	0	0.02
72477003170	2020	7	21	22	0	0.01
72477003170	2020	7	22	23	0	0.005
72477003170	2020	7	23	0	0	0.05
72477003170	2020	7	27	20	0	0.01
72477003170	2020	8	24	0	0	0.01
72477003170	2020	8	24	20	0	0.06
72477003170	2020	8	24	22	0	0.01
72477003170	2020	8	25	3	0	0.01
72477003170	2020	8	25	10	0	0.01
72477003170	2020	8	25	16	0	0.04
72477003170	2020	9	19	6	0	0.01
72477003170	2020	9	19	8	0	0.01
72477003170	2020	11	7	12	0	0.04
72477003170	2020	11	7	14	0	0.04
72477003170	2020	11	7	20	0	0.01
72477003170	2020	11	8	4	0	0.01
72477003170	2020	11	8	5	0	0.03
72477003170	2020	11	8	6	0	0.01
72477003170	2020	11	8	7	0	0.01
72477003170	2020	11	14	1	0	0.01
72477003170	2020	11	14	2	0	0.02
72477003170	2020	11	14	3	0	0.06
72477003170	2020	11	14	4	0	0.08
72477003170	2020	11	14	5	0	0.1
72477003170	2020	11	14	6	0	0.02
72477003170	2020	11	14	8	0	0.04
72477003170	2020	12	12	6	0	0.03
72477003170	2020	12	12	7	0	0.07
72477003170	2020	12	12	8	0	0.09
72477003170	2020	12	12	9	0	0.05
72477003170	2020	12	12	10	0	0.02
72477003170	2020	12	12	11	0	0.01
72477003170	2020	12	12	15	0	0.01
72477003170	2020	12	12	17	0	0.01
72477003170	2020	12	14	1	0	0.01
72477003170	2020	12	14	4	0	0.09
72477003170	2020	12	14	6	0	0.01
72477003170	2020	12	14	7	0	0.01
72477003170	2020	12	14	8	0	0.01
72477003170	2020	12	14	11	0	0.01
72477003170	2020	12	14	12	0	0.03
72477003170	2020	12	14	13	0	0.03
72477003170	2020	12	14	14	0	0.01
72477003170	2020	12	14	16	0	0.01
72477003170	2020	12	17	14	0	0.01
72477003170	2020	12	17	15	0	0.03
72477003170	2020	12	17	20	0	0.022
72477003170	2020	12	17	21	0	0.06
72477003170	2020	12	17	22	0	0.02
72477003170	2020	12	18	0	0	0.03
72477003170	2020	12	26	21	0	0.01
72477003170	2020	12	28	10	0	0.02
72477003170	2020	12	28	11	0	0.02
72477003170	2020	12	28	13	0	0.02
72477003170	2020	12	28	16	0	0.01
72477003170	2020	12	28	17	0	0.01
72477003170	2020	12	28	18	0	0.02
72477003170	2020	12	28	19	0	0.02
72477003170	2020	12	28	20	0	0.02
72477003170	2020	12	28	21	0	0.01
72477003170	2020	12	31	11	0	0.03
72477003170	2021	1	5	4	0	0.08
72477003170	2021	1	11	20	0	0.21
72477003170	2021	1	23	6	0	0.05
72477003170	2021	1	23	10	0	0.01
72477003170	2021	1	23	15	0	0.01
72477003170	2021	1	23	19	0	0.01
72477003170	2021	1	23	20	0	0.01
72477003170	2021	1	23	21	0	0.01
72477003170	2021	1	23	22	0	0.02
72477003170	2021	1	23	23	0	0.01
72477003170	2021	1	24	0	0	0.01
72477003170	2021	1	24	2	0	0.01
72477003170	2021	1	24	3	0	0.01
72477003170	2021	1	24	4	0	0.01
72477003170	2021	1	24	5	0	0.01
72477003170	2021	1	29	17	0	0.007
72477003170	2021	1	29	18	0	0.04
72477003170	2021	1	29	19	0	0.01
72477003170	2021	2	4	4	0	0.01
72477003170	2021	2	12	5	0	0.01
72477003170	2021	2	12	6	0	0.01
72477003170	2021	2	12	7	0	0.02
72477003170	2021	2	12	12	0	0.008
72477003170	2021	2	12	15	0	0.02
72477003170	2021	2	13	11	0	0.03
72477003170	2021	2	13	12	0	0.04
72477003170	2021	2	13	13	0	0.02
72477003170	2021	2	13	14	0	0.03
72477003170	2021	2	13	15	0	0.04
72477003170	2021	2	13	16	0	0.01
72477003170	2021	2	13	17	0	0.02
72477003170	2021	2	13	18	0	0.02
72477003170	2021	2	13	19	0	0.01
72477003170	2021	2	13	20	0	0.01
72477003170	2021	2	14	0	0	0.01
72477003170	2021	2	15	9	0	0.01
72477003170	2021	2	15	10	0	0.02
72477003170	2021	2	15	11	0	0.02
72477003170	2021	2	15	12	0	0.02
72477003170	2021	2	15	13	0	0.02
72477003170	2021	2	15	15	0	0.02
72477003170	2021	2	15	16	0	0.01
72477003170	2021	2	15	17	0	0.01
72477003170	2021	2	16	7	0	0.01
72477003170	2021	2	16	21	0	0.01
72477003170	2021	2	17	10	0	0.01
72477003170	2021	2	17	11	0	0.02
72477003170	2021	2	17	13	0	0.01
72477003170	2021	2	17	14	0	0.06
72477003170	2021	2	19	8	0	0.003
72477003170	2021	2	19	9	0	0.003
72477003170	2021	2	19	10	0	0.003
72477003170	2021	2	19	11	0	0.003
72477003170	2021	2	19	12	0	0.003
72477003170	2021	2	20	17	0	0.01
72477003170	2021	2	21	3	0	0.03
72477003170	2021	2	27	12	0	0.01
72477003170	2021	2	27	13	0	0.01
72477003170	2021	2	27	14	0	0.02
72477003170	2021	2	27	19	0	0.01
72477003170	2021	2	27	21	0	0.02
72477003170	2021	2	28	2	0	0.01
72477003170	2021	3	11	1	0	0.04
72477003170	2021	3	11	2	0	0.01
72477003170	2021	3	11	3	0	0.01
72477003170	2021	3	11	4	0	0.01
72477003170	2021	3	11	5	0	0.02
72477003170	2021	3	11	6	0	0.03
72477003170	2021	3	11	7	0	0.01
72477003170	2021	3	11	8	0	0.01
72477003170	2021	3	12	7	0	0.01
72477003170	2021	3	16	0	0	0.01
72477003170	2021	3	16	6	0	0.01
72477003170	2021	3	16	7	0	0.03
72477003170	2021	3	16	8	0	0.02
72477003170	2021	3	16	10	0	0.01
72477003170	2021	3	16	11	0	0.05
72477003170	2021	3	16	13	0	0.01
72477003170	2021	3	20	5	0	0.004
72477003170	2021	3	20	6	0	0.07
72477003170	2021	3	20	7	0	0.01
72477003170	2021	3	20	8	0	0.1
72477003170	2021	3	20	9	0	0.08
72477003170	2021	3	20	13	0	0.03
72477003170	2021	3	20	14	0	0.05
72477003170	2021	3	20	15	0	0.02
72477003170	2021	3	20	16	0	0.02
72477003170	2021	3	20	17	0	0.1
72477003170	2021	3	20	18	0	0.03
72477003170	2021	3	20	19	0	0.05
72477003170	2021	3	20	20	0	0.08
72477003170	2021	3	20	21	0	0.02
72477003170	2021	3	22	19	0	0.02
72477003170	2021	3	22	20	0	0.01
72477003170	2021	3	23	8	0	0.007
72477003170	2021	3	23	9	0	0.01
72477003170	2021	3	23	10	0	0.01
72477003170	2021	3	25	13	0	0.02
72477003170	2021	3	25	14	0	0.04
72477003170	2021	3	25	15	0	0.04
72477003170	2021	3	25	16	0	0.02
72477003170	2021	3	25	17	0	0.03
72477003170	2021	3	25	18	0	0.08
72477003170	2021	3	25	19	0	0.04
72477003170	2021	3	25	21	0	0.01
72477003170	2021	3	25	22	0	0.02
72477003170	2021	3	26	0	0	0.02
72477003170	2021	3	26	3	0	0.02
72477003170	2021	3	26	7	0	0.01
72477003170	2021	3	26	11	0	0.01
72477003170	2021	4	14	3	0	0.01
72477003170	2021	4	14	10	0	0.07
72477003170	2021	4	14	11	0	0.03
72477003170	2021	4	14	12	0	0.01
72477003170	2021	4	14	13	0	0.01
72477003170	2021	4	14	14	0	0.02
72477003170	2021	4	14	16	0	0.03
72477003170	2021	4	14	17	0	0.01
72477003170	2021	4	15	17	0	0.01
72477003170	2021	4	15	20	0	0.01
72477003170	2021	4	21	21	0	0.03
72477003170	2021	4	21	22	0	0.05
72477003170	2021	4	21	23	0	0.01
72477003170	2021	4	26	2	0	0.01
72477003170	2021	4	26	3	0	0.09
72477003170	2021	4	26	4	0	0.09
72477003170	2021	4	26	5	0	0.08
72477003170	2021	4	26	6	0	0.028
72477003170	2021	4	26	7	0	0.003
72477003170	2021	4	26	8	0	0.04
72477003170	2021	4	26	13	0	0.02
72477003170	2021	4	26	14	0	0.021
72477003170	2021	4	26	15	0	0.02
72477003170	2021	4	26	16	0	0.02
72477003170	2021	4	27	0	0	0.009
72477003170	2021	5	15	20	0	0.024
72477003170	2021	5	15	21	0	0.02
72477003170	2021	5	16	21	0	0.05
72477003170	2021	5	16	22	0	0.04
72477003170	2021	5	16	23	0	0.03
72477003170	2021	5	17	0	0	0.01
72477003170	2021	5	17	15	0	0.05
72477003170	2021	5	17	16	0	0.03
72477003170	2021	5	21	7	0	0.01
72477003170	2021	5	21	9	0	0.02
72477003170	2021	5	21	10	0	0.04
72477003170	2021	5	21	11	0	0.06
72477003170	2021	5	21	12	0	0.09
72477003170	2021	5	21	13	0	0.11
72477003170	2021	5	21	14	0	0.07
72477003170	2021	5	21	15	0	0.04
72477003170	2021	5	21	16	0	0.05
72477003170	2021	5	21	17	0	0.04
72477003170	2021	5	21	18	0	0.01
72477003170	2021	5	21	23	0	0.02
72477003170	2021	5	22	0	0	0.06
72477003170	2021	5	22	8	0	0.01
72477003170	2021	5	22	12	0	0.02
72477003170	2021	5	22	20	0	0.07
72477003170	2021	5	22	21	0	0.01
72477003170	2021	5	22	23	0	0.006
72477003170	2021	5	23	0	0	0.12
72477003170	2021	5	23	9	0	0.03
72477003170	2021	5	23	10	0	0.01
72477003170	2021	5	23	22	0	0.05
72477003170	2021	5	23	23	0	0.02
72477003170	2021	6	24	10	0	0.01
72477003170	2021	6	24	21	0	0.02
72477003170	2021	6	24	22	0	0.03
72477003170	2021	6	30	20	0	0.04
72477003170	2021	7	1	2	0	0.02
72477003170	2021	7	14	23	0	0.02
72477003170	2021	7	15	19	0	0.49
72477003170	2021	7	19	13	0	0.05
72477003170	2021	7	19	14	0	0.04
72477003170	2021	7	19	21	0	0.03
72477003170	2021	7	19	22	0	0.11
72477003170	2021	7	19	23	0	0.05
72477003170	2021	7	21	23	0	0.02
72477003170	2021	7	22	19	0	0.002
72477003170	2021	7	22	20	0	0.002
72477003170	2021	7	22	21	0	0.002
72477003170	2021	7	22	22	0	0.002
72477003170	2021	7	22	23	0	0.002
72477003170	2021	7	23	0	0	0.007
72477003170	2021	7	23	1	0	0.026
72477003170	2021	7	23	2	0	0.016
72477003170	2021	7	23	3	0	0.009
72477003170	2021	7	28	0	0	0.13
72477003170	2021	7	30	22	0	0.01
72477003170	2021	7	30	23	0	0.17
72477003170	2021	7	31	0	0	0.01
72477003170	2021	7	31	5	0	0.01
72477003170	2021	7	31	7	0	0.03
72477003170	2021	7	31	8	0	0.03
72477003170	2021	7	31	11	0	0.01
72477003170	2021	7	31	20	0	0.15
72477003170	2021	7	31	21	0	0.02
72477003170	2021	7	31	22	0	0.06
72477003170	2021	7	31	23	0	0.01
72477003170	2021	8	1	0	0	0.02
72477003170	2021	8	1	1	0	0.01
72477003170	2021	8	21	21	0	0.1
72477003170	2021	8	21	22	0	0.05
72477003170	2021	9	11	6	0	0.04
72477003170	2021	9	11	7	0	0.016
72477003170	2021	9	11	8	0	0.016
72477003170	2021	9	11	14	0	0.01
72477003170	2021	10	6	19	0	0.05
72477003170	2021	10	6	20	0	0.07
72477003170	2021	10	7	3	0	0.01
72477003170	2021	10	7	4	0	0.05
72477003170	2021	10	7	5	0	0.02
72477003170	2021	10	8	20	0	0.019
72477003170	2021	10	8	21	0	0.05
72477003170	2021	10	8	22	0	0.02
72477003170	2021	10	11	16	0	0.04
72477003170	2021	10	11	17	0	0.02
72477003170	2021	10	11	19	0	0.01
72477003170	2021	10	11	20	0	0.01
72477003170	2021	10	14	14	0	0.01
72477003170	2021	10	18	16	0	0.02
72477003170	2021	10	18	17	0	0.01
72477003170	2021	10	18	19	0	0.01
72477003170	2021	10	23	12	0	0.08
72477003170	2021	10	23	13	0	0.04
72477003170	2021	10	23	14	0	0.01
72477003170	2021	10	23	15	0	0.01
72477003170	2021	10	23	16	0	0.01
72477003170	2021	10	24	14	0	0.01
72477003170	2021	10	25	13	0	0.018
72477003170	2021	10	25	14	0	0.016
72477003170	2021	10	25	15	0	0.014
72477003170	2021	10	25	16	0	0.013
72477003170	2021	10	25	17	0	0.014
72477003170	2021	10	25	18	0	0.012
72477003170	2021	10	25	19	0	0.12
72477003170	2021	10	25	20	0	0.17
72477003170	2021	10	25	21	0	0.16
72477003170	2021	10	25	22	0	0.06
72477003170	2021	10	25	23	0	0.05
72477003170	2021	10	26	0	0	0.05
72477003170	2021	10	26	1	0	0.01
72477003170	2021	11	2	0	0	0.04
72477003170	2021	11	10	3	0	0.01
72477003170	2021	11	20	7	0	0.05
72477003170	2021	11	20	8	0	0.02
72477003170	2021	12	7	1	0	0.01
72477003170	2021	12	9	9	0	0.02
72477003170	2021	12	9	10	0	0.02
72477003170	2021	12	9	11	0	0.04
72477003170	2021	12	9	12	0	0.02
72477003170	2021	12	9	13	0	0.04
72477003170	2021	12	9	14	0	0.03
72477003170	2021	12	9	15	0	0.03
72477003170	2021	12	9	16	0	0.04
72477003170	2021	12	9	17	0	0.04
72477003170	2021	12	9	18	0	0.03
72477003170	2021	12	9	19	0	0.02
72477003170	2021	12	9	21	0	0.01
72477003170	2021	12	9	22	0	0.01
72477003170	2021	12	14	18	0	0.06
72477003170	2021	12	14	19	0	0.11
72477003170	2021	12	14	20	0	0.15
72477003170	2021	12	14	21	0	0.12
72477003170	2021	12	14	22	0	0.04
72477003170	2021	12	14	23	0	0.06
72477003170	2021	12	15	0	0	0.03
72477003170	2021	12	15	1	0	0.02
72477003170	2021	12	15	2	0	0.01
72477003170	2021	12	16	14	0	0.01
72477003170	2021	12	16	15	0	0.04
72477003170	2021	12	16	16	0	0.05
72477003170	2021	12	16	22	0	0.01
72477003170	2021	12	23	23	0	0.028
72477003170	2021	12	24	0	0	0.15
72477003170	2021	12	24	1	0	0.12
72477003170	2021	12	24	2	0	0.02
72477003170	2021	12	24	3	0	0.01
72477003170	2021	12	24	8	0	0.003
72477003170	2021	12	24	9	0	0.005
72477003170	2021	12	24	10	0	0.004
72477003170	2021	12	24	11	0	0.004
72477003170	2021	12	24	12	0	0.005
72477003170	2021	12	26	9	0	0.06
72477003170	2021	12	26	10	0	0.13
72477003170	2021	12	26	11	0	0.01
72477003170	2021	12	27	23	0	0.02
72477003170	2021	12	28	1	0	0.01
72477003170	2021	12	28	2	0	0.01
72477003170	2021	12	28	3	0	0.01
72477003170	2021	12	28	8	0	0.03
72477003170	2021	12	28	9	0	0.01
72477003170	2021	12	28	10	0	0.01
72477003170	2021	12	28	14	0	0.01
72477003170	2021	12	28	16	0	0.01
72477003170	2021	12	28	19	0	0.01
72477003170	2021	12	29	22	0	0.01
72477003170	2021	12	30	5	0	0.01
72477003170	2021	12	31	13	0	0.01
72477003170	2021	12	31	15	0	0.01
72477003170	2021	12	31	23	0	0.02
