72477693075	2006	1	3	9	0	0.05
72477693075	2006	1	16	6	0	0.03
72477693075	2006	1	19	7	0	0.01
72477693075	2006	1	26	3	0	0.02
72477693075	2006	1	26	4	0	0.06
72477693075	2006	1	26	5	0	0.01
72477693075	2006	1	26	12	0	0.05
72477693075	2006	1	26	13	0	0.05
72477693075	2006	1	27	22	0	0.01
72477693075	2006	1	28	0	0	0.01
72477693075	2006	2	2	15	0	0.01
72477693075	2006	2	28	22	0	0.01
72477693075	2006	3	1	9	0	0.01
72477693075	2006	3	8	3	0	0.02
72477693075	2006	3	8	4	0	0.02
72477693075	2006	3	8	5	0	0.02
72477693075	2006	3	8	7	0	0.09
72477693075	2006	3	8	12	0	0.03
72477693075	2006	3	8	13	0	0.03
72477693075	2006	3	8	14	0	0.04
72477693075	2006	3	8	16	0	0.02
72477693075	2006	3	9	21	0	0.02
72477693075	2006	3	9	23	0	0.01
72477693075	2006	3	10	7	0	0.06
72477693075	2006	3	10	8	0	0.01
72477693075	2006	3	10	9	0	0.01
72477693075	2006	3	10	10	0	0.03
72477693075	2006	3	10	11	0	0.01
72477693075	2006	3	10	12	0	0.02
72477693075	2006	3	10	16	0	0.01
72477693075	2006	3	11	13	0	0.01
72477693075	2006	3	19	3	0	0.03
72477693075	2006	3	19	4	0	0.01
72477693075	2006	3	19	9	0	0.01
72477693075	2006	3	29	6	0	0.01
72477693075	2006	3	29	17	0	0.01
72477693075	2006	3	29	21	0	0.01
72477693075	2006	3	30	3	0	0.09
72477693075	2006	3	30	4	0	0.03
72477693075	2006	3	30	5	0	0.06
72477693075	2006	3	30	7	0	0.01
72477693075	2006	4	1	7	0	0.02
72477693075	2006	4	1	8	0	0.01
72477693075	2006	4	1	10	0	0.02
72477693075	2006	4	2	1	0	0.01
72477693075	2006	4	2	2	0	0.01
72477693075	2006	4	5	19	0	0.01
72477693075	2006	4	5	20	0	0.009
72477693075	2006	4	15	4	0	0.01
72477693075	2006	4	15	5	0	0.01
72477693075	2006	4	15	8	0	0.01
72477693075	2006	4	15	10	0	0.05
72477693075	2006	4	15	11	0	0.01
72477693075	2006	4	15	12	0	0.02
72477693075	2006	5	2	20	0	0.04
72477693075	2006	6	8	23	0	0.01
72477693075	2006	6	9	0	0	0.03
72477693075	2006	6	9	1	0	0.01
72477693075	2006	7	2	11	0	0.03
72477693075	2006	7	5	23	0	0.01
72477693075	2006	7	6	1	0	0.02
72477693075	2006	7	6	12	0	0.01
72477693075	2006	7	6	15	0	0.01
72477693075	2006	7	7	0	0	0.07
72477693075	2006	7	7	1	0	0.04
72477693075	2006	7	8	18	0	0.02
72477693075	2006	7	8	19	0	0.03
72477693075	2006	7	8	20	0	0.06
72477693075	2006	7	8	21	0	0.02
72477693075	2006	7	9	7	0	0.01
72477693075	2006	7	10	0	0	0.01
72477693075	2006	7	10	1	0	0.01
72477693075	2006	7	12	0	0	0.01
72477693075	2006	7	12	9	0	0.01
72477693075	2006	7	31	20	0	0.01
72477693075	2006	8	1	5	0	0.14
72477693075	2006	8	1	7	0	0.01
72477693075	2006	8	4	19	0	0.13
72477693075	2006	8	4	20	0	0.08
72477693075	2006	8	15	23	0	0.01
72477693075	2006	8	16	0	0	0.03
72477693075	2006	8	16	1	0	0.04
72477693075	2006	8	26	20	0	0.02
72477693075	2006	8	26	22	0	0.01
72477693075	2006	9	6	2	0	0.02
72477693075	2006	9	7	21	0	0.13
72477693075	2006	9	8	1	0	0.05
72477693075	2006	9	8	2	0	0.16
72477693075	2006	9	8	3	0	0.1
72477693075	2006	9	8	4	0	0.01
72477693075	2006	9	8	5	0	0.02
72477693075	2006	9	8	7	0	0.05
72477693075	2006	9	8	8	0	0.02
72477693075	2006	9	8	11	0	0.03
72477693075	2006	9	8	12	0	0.02
72477693075	2006	9	8	13	0	0.03
72477693075	2006	9	8	14	0	0.01
72477693075	2006	9	14	12	0	0.07
72477693075	2006	9	14	22	0	0.07
72477693075	2006	9	14	23	0	0.15
72477693075	2006	9	15	0	0	0.04
72477693075	2006	9	15	7	0	0.02
72477693075	2006	9	15	8	0	0.11
72477693075	2006	9	15	9	0	0.1
72477693075	2006	9	15	16	0	0.01
72477693075	2006	9	20	20	0	0.03
72477693075	2006	9	22	7	0	0.001
72477693075	2006	9	22	8	0	0.06
72477693075	2006	9	22	10	0	0.01
72477693075	2006	9	22	12	0	0.34
72477693075	2006	9	22	13	0	0.11
72477693075	2006	9	23	0	0	0.12
72477693075	2006	9	23	1	0	0.01
72477693075	2006	10	3	4	0	0.01
72477693075	2006	10	3	9	0	0.01
72477693075	2006	10	3	16	0	0.16
72477693075	2006	10	3	17	0	0.11
72477693075	2006	10	5	17	0	0.01
72477693075	2006	10	5	18	0	0.01
72477693075	2006	10	5	19	0	0.05
72477693075	2006	10	5	20	0	0.02
72477693075	2006	10	5	22	0	0.001
72477693075	2006	10	5	23	0	0.19
72477693075	2006	10	6	2	0	0.02
72477693075	2006	10	6	3	0	0.02
72477693075	2006	10	6	4	0	0.22
72477693075	2006	10	6	5	0	0.15
72477693075	2006	10	6	6	0	0.01
72477693075	2006	10	6	9	0	0.04
72477693075	2006	10	6	10	0	0.36
72477693075	2006	10	6	11	0	0.15
72477693075	2006	10	6	12	0	0.08
72477693075	2006	10	6	16	0	0.02
72477693075	2006	10	6	17	0	0.01
72477693075	2006	10	6	18	0	0.17
72477693075	2006	10	6	19	0	0.06
72477693075	2006	10	6	20	0	0.17
72477693075	2006	10	6	21	0	0.04
72477693075	2006	10	7	2	0	0.005
72477693075	2006	10	7	3	0	0.15
72477693075	2006	10	7	5	0	0.17
72477693075	2006	10	7	8	0	0.08
72477693075	2006	10	7	9	0	0.03
72477693075	2006	10	7	10	0	0.02
72477693075	2006	10	7	13	0	0.01
72477693075	2006	10	9	14	0	0.04
72477693075	2006	10	9	15	0	0.09
72477693075	2006	10	9	19	0	0.01
72477693075	2006	10	9	20	0	0.011
72477693075	2006	10	9	21	0	0.06
72477693075	2006	10	10	6	0	0.01
72477693075	2006	10	10	7	0	0.01
72477693075	2006	10	11	2	0	0.01
72477693075	2006	10	11	3	0	0.03
72477693075	2006	10	14	11	0	0.02
72477693075	2006	10	14	17	0	0.01
72477693075	2006	10	14	18	0	0.02
72477693075	2006	10	14	19	0	0.02
72477693075	2006	10	14	21	0	0.01
72477693075	2006	10	14	23	0	0.01
72477693075	2006	10	15	0	0	0.02
72477693075	2006	10	15	6	0	0.01
72477693075	2006	10	16	12	0	0.01
72477693075	2006	10	17	0	0	0.01
72477693075	2006	10	17	1	0	0.05
72477693075	2006	10	17	2	0	0.01
72477693075	2006	10	17	4	0	0.04
72477693075	2006	10	17	8	0	0.02
72477693075	2006	10	17	9	0	0.01
72477693075	2006	10	17	10	0	0.08
72477693075	2006	10	17	11	0	0.01
72477693075	2006	10	17	12	0	0.19
72477693075	2006	10	17	14	0	0.05
72477693075	2006	10	17	15	0	0.05
72477693075	2006	10	17	22	0	0.01
72477693075	2006	10	17	23	0	0.01
72477693075	2006	10	18	0	0	0.01
72477693075	2006	10	18	3	0	0.03
72477693075	2006	10	18	4	0	0.02
72477693075	2006	10	25	9	0	0.03
72477693075	2006	10	25	10	0	0.06
72477693075	2006	10	25	19	0	0.05
72477693075	2006	10	25	20	0	0.04
72477693075	2006	11	12	3	0	0.02
72477693075	2006	11	12	4	0	0.03
72477693075	2006	11	12	5	0	0.01
72477693075	2006	11	12	6	0	0.02
72477693075	2006	11	12	7	0	0.01
72477693075	2006	11	28	19	0	0.05
72477693075	2006	11	28	21	0	0.02
72477693075	2006	12	10	21	0	0.059
72477693075	2006	12	19	9	0	0.01
72477693075	2006	12	19	11	0	0.1
72477693075	2006	12	19	12	0	0.01
72477693075	2006	12	19	14	0	0.01
72477693075	2006	12	20	5	0	0.01
72477693075	2007	1	5	6	0	0.03
72477693075	2007	1	5	7	0	0.01
72477693075	2007	1	5	8	0	0.01
72477693075	2007	1	5	9	0	0.04
72477693075	2007	1	5	10	0	0.02
72477693075	2007	1	5	11	0	0.06
72477693075	2007	1	5	12	0	0.01
72477693075	2007	1	12	18	0	0.01
72477693075	2007	1	12	19	0	0.02
72477693075	2007	1	12	20	0	0.05
72477693075	2007	1	13	3	0	0.01
72477693075	2007	2	13	11	0	0.02
72477693075	2007	2	13	12	0	0.03
72477693075	2007	2	13	13	0	0.03
72477693075	2007	2	13	14	0	0.04
72477693075	2007	2	13	15	0	0.04
72477693075	2007	2	13	16	0	0.03
72477693075	2007	2	13	17	0	0.01
72477693075	2007	2	14	4	0	0.02
72477693075	2007	2	20	0	0	0.02
72477693075	2007	2	20	1	0	0.08
72477693075	2007	2	20	2	0	0.03
72477693075	2007	2	20	3	0	0.01
72477693075	2007	2	20	19	0	0.009
72477693075	2007	2	20	20	0	0.01
72477693075	2007	2	23	18	0	0.02
72477693075	2007	2	23	19	0	0.02
72477693075	2007	2	23	20	0	0.012
72477693075	2007	2	24	0	0	0.01
72477693075	2007	2	24	1	0	0.012
72477693075	2007	2	28	12	0	0.02
72477693075	2007	2	28	13	0	0.01
72477693075	2007	3	21	12	0	0.01
72477693075	2007	3	21	13	0	0.01
72477693075	2007	3	21	15	0	0.01
72477693075	2007	3	21	17	0	0.01
72477693075	2007	3	21	18	0	0.01
72477693075	2007	3	23	19	0	0.03
72477693075	2007	3	23	21	0	0.03
72477693075	2007	3	23	22	0	0.12
72477693075	2007	3	23	23	0	0.06
72477693075	2007	3	24	0	0	0.02
72477693075	2007	3	24	4	0	0.01
72477693075	2007	3	24	10	0	0.01
72477693075	2007	3	24	11	0	0.04
72477693075	2007	3	24	14	0	0.01
72477693075	2007	3	24	15	0	0.01
72477693075	2007	3	29	11	0	0.02
72477693075	2007	3	30	0	0	0.01
72477693075	2007	4	8	11	0	0.01
72477693075	2007	4	8	19	0	0.03
72477693075	2007	4	8	20	0	0.01
72477693075	2007	4	9	3	0	0.18
72477693075	2007	4	9	4	0	0.04
72477693075	2007	4	9	5	0	0.01
72477693075	2007	4	16	21	0	0.01
72477693075	2007	4	23	9	0	0.01
72477693075	2007	4	23	10	0	0.01
72477693075	2007	4	23	16	0	0.01
72477693075	2007	4	23	17	0	0.023
72477693075	2007	4	23	18	0	0.18
72477693075	2007	4	24	4	0	0.01
72477693075	2007	4	24	5	0	0.07
72477693075	2007	4	24	6	0	0.01
72477693075	2007	4	24	10	0	0.01
72477693075	2007	5	3	18	0	0.002
72477693075	2007	5	3	19	0	0.001
72477693075	2007	5	5	0	0	0.07
72477693075	2007	5	5	1	0	0.06
72477693075	2007	5	5	19	0	0.01
72477693075	2007	5	6	1	0	0.01
72477693075	2007	5	6	2	0	0.02
72477693075	2007	5	7	2	0	0.01
72477693075	2007	7	24	3	0	0.09
72477693075	2007	7	24	4	0	0.02
72477693075	2007	7	24	5	0	0.02
72477693075	2007	7	28	3	0	0.03
72477693075	2007	7	28	4	0	0.01
72477693075	2007	8	5	21	0	0.24
72477693075	2007	8	5	22	0	0.01
72477693075	2007	8	6	3	0	0.01
72477693075	2007	8	6	5	0	0.02
72477693075	2007	8	6	6	0	0.03
72477693075	2007	8	6	7	0	0.01
72477693075	2007	8	14	2	0	0.025
72477693075	2007	8	14	3	0	0.01
72477693075	2007	8	18	21	0	0.02
72477693075	2007	8	27	5	0	0.01
72477693075	2007	8	27	6	0	0.13
72477693075	2007	8	27	8	0	0.02
72477693075	2007	8	27	9	0	0.21
72477693075	2007	8	27	10	0	0.17
72477693075	2007	8	27	11	0	0.23
72477693075	2007	8	27	12	0	0.01
72477693075	2007	8	27	13	0	0.01
72477693075	2007	8	28	1	0	0.01
72477693075	2007	8	28	2	0	0.01
72477693075	2007	8	28	8	0	0.01
72477693075	2007	9	17	8	0	0.003
72477693075	2007	9	17	9	0	0.05
72477693075	2007	9	17	17	0	0.01
72477693075	2007	9	22	22	0	0.01
72477693075	2007	9	22	23	0	0.03
72477693075	2007	9	23	0	0	0.02
72477693075	2007	9	23	3	0	0.11
72477693075	2007	9	23	5	0	0.01
72477693075	2007	9	23	7	0	0.19
72477693075	2007	9	23	8	0	0.05
72477693075	2007	9	23	9	0	0.25
72477693075	2007	9	23	10	0	0.06
72477693075	2007	9	23	12	0	0.01
72477693075	2007	10	1	21	0	0.01
72477693075	2007	10	2	3	0	0.01
72477693075	2007	10	2	4	0	0.03
72477693075	2007	10	2	5	0	0.01
72477693075	2007	10	2	17	0	0.01
72477693075	2007	12	1	0	0	0.01
72477693075	2007	12	1	1	0	0.08
72477693075	2007	12	1	2	0	0.06
72477693075	2007	12	1	3	0	0.01
72477693075	2007	12	1	6	0	0.03
72477693075	2007	12	1	11	0	0.02
72477693075	2007	12	7	2	0	0.01
72477693075	2007	12	7	3	0	0.01
72477693075	2007	12	7	4	0	0.02
72477693075	2007	12	7	5	0	0.02
72477693075	2007	12	7	6	0	0.01
72477693075	2007	12	7	8	0	0.03
72477693075	2007	12	7	9	0	0.06
72477693075	2007	12	7	10	0	0.11
72477693075	2007	12	7	11	0	0.11
72477693075	2007	12	7	12	0	0.09
72477693075	2007	12	7	13	0	0.1
72477693075	2007	12	7	14	0	0.05
72477693075	2007	12	10	23	0	0.02
72477693075	2007	12	11	0	0	0.02
72477693075	2007	12	11	1	0	0.04
72477693075	2007	12	11	2	0	0.05
72477693075	2007	12	11	3	0	0.08
72477693075	2007	12	11	4	0	0.04
72477693075	2007	12	11	5	0	0.08
72477693075	2007	12	11	6	0	0.06
72477693075	2007	12	11	7	0	0.03
72477693075	2007	12	11	8	0	0.01
72477693075	2007	12	14	1	0	0.01
72477693075	2007	12	21	7	0	0.02
72477693075	2007	12	21	8	0	0.01
72477693075	2008	1	6	1	0	0.01
72477693075	2008	1	6	2	0	0.03
72477693075	2008	1	6	6	0	0.01
72477693075	2008	1	9	12	0	0.01
72477693075	2008	1	9	13	0	0.02
72477693075	2008	1	9	15	0	0.03
72477693075	2008	1	9	16	0	0.04
72477693075	2008	1	9	18	0	0.01
72477693075	2008	1	25	0	0	0.01
72477693075	2008	1	27	22	0	0.01
72477693075	2008	1	27	23	0	0.03
72477693075	2008	1	28	0	0	0.02
72477693075	2008	1	28	1	0	0.01
72477693075	2008	1	28	2	0	0.02
72477693075	2008	1	28	23	0	0.03
72477693075	2008	2	3	14	0	0.01
72477693075	2008	2	3	15	0	0.04
72477693075	2008	2	3	23	0	0.01
72477693075	2008	2	4	0	0	0.04
72477693075	2008	2	4	1	0	0.08
72477693075	2008	2	4	2	0	0.09
72477693075	2008	2	4	3	0	0.03
72477693075	2008	2	4	4	0	0.02
72477693075	2008	2	4	5	0	0.03
72477693075	2008	2	4	6	0	0.01
72477693075	2008	2	14	6	0	0.08
72477693075	2008	2	14	8	0	0.01
72477693075	2008	2	21	15	0	0.01
72477693075	2008	2	21	16	0	0.01
72477693075	2008	2	21	19	0	0.01
72477693075	2008	2	22	15	0	0.01
72477693075	2008	2	25	1	0	0.05
72477693075	2008	2	25	2	0	0.08
72477693075	2008	2	25	3	0	0.02
72477693075	2008	3	16	23	0	0.002
72477693075	2008	3	17	0	0	0.21
72477693075	2008	3	17	1	0	0.11
72477693075	2008	3	17	2	0	0.03
72477693075	2008	3	17	5	0	0.01
72477693075	2008	3	31	3	0	0.01
72477693075	2008	3	31	4	0	0.01
72477693075	2008	4	1	21	0	0.003
72477693075	2008	4	1	22	0	0.003
72477693075	2008	4	7	3	0	0.002
72477693075	2008	4	7	6	0	0.001
72477693075	2008	4	7	13	0	0.004
72477693075	2008	4	7	14	0	0.062
72477693075	2008	4	7	15	0	0.007
72477693075	2008	4	7	19	0	0.004
72477693075	2008	4	9	8	0	0.027
72477693075	2008	4	9	18	0	0.019
72477693075	2008	4	9	19	0	0.007
72477693075	2008	4	9	21	0	0.052
72477693075	2008	4	9	22	0	0.09
72477693075	2008	4	10	0	0	0.016
72477693075	2008	4	10	1	0	0.011
72477693075	2008	4	10	18	0	0.005
72477693075	2008	4	10	19	0	0.012
72477693075	2008	4	10	22	0	0.001
72477693075	2008	5	8	3	0	0.03
72477693075	2008	5	10	3	0	0.01
72477693075	2008	5	10	4	0	0.03
72477693075	2008	5	12	21	0	0.01
72477693075	2008	5	12	22	0	0.07
72477693075	2008	5	12	23	0	0.01
72477693075	2008	5	21	20	0	0.01
72477693075	2008	5	21	21	0	0.01
72477693075	2008	5	22	13	0	0.02
72477693075	2008	5	22	19	0	0.01
72477693075	2008	5	23	18	0	0.03
72477693075	2008	5	24	0	0	0.01
72477693075	2008	5	24	10	0	0.01
72477693075	2008	6	5	0	0	0.06
72477693075	2008	6	5	6	0	0.01
72477693075	2008	6	5	9	0	0.14
72477693075	2008	6	5	10	0	0.02
72477693075	2008	6	5	11	0	0.02
72477693075	2008	6	5	12	0	0.01
72477693075	2008	6	5	13	0	0.01
72477693075	2008	6	6	9	0	0.01
72477693075	2008	8	6	3	0	0.04
72477693075	2008	8	6	5	0	0.01
72477693075	2008	8	6	6	0	0.06
72477693075	2008	8	6	9	0	0.01
72477693075	2008	8	7	18	0	0.02
72477693075	2008	8	7	20	0	0.01
72477693075	2008	8	27	8	0	0.01
72477693075	2008	8	31	2	0	0.023
72477693075	2008	8	31	3	0	0.01
72477693075	2008	8	31	9	0	0.01
72477693075	2008	8	31	11	0	0.01
72477693075	2008	8	31	12	0	0.02
72477693075	2008	8	31	14	0	0.01
72477693075	2008	9	1	19	0	0.03
72477693075	2008	9	1	20	0	0.32
72477693075	2008	9	20	19	0	0.12
72477693075	2008	10	4	16	0	0.03
72477693075	2008	10	4	17	0	0.05
72477693075	2008	10	4	18	0	0.08
72477693075	2008	10	4	19	0	0.11
72477693075	2008	10	4	20	0	0.1
72477693075	2008	10	4	21	0	0.03
72477693075	2008	10	4	22	0	0.01
72477693075	2008	11	2	20	0	0.05
72477693075	2008	11	2	21	0	0.07
72477693075	2008	11	2	22	0	0.02
72477693075	2008	11	5	0	0	0.01
72477693075	2008	11	5	1	0	0.07
72477693075	2008	11	27	2	0	0.004
72477693075	2008	11	27	3	0	0.03
72477693075	2008	11	27	4	0	0.04
72477693075	2008	11	27	5	0	0.05
72477693075	2008	11	27	7	0	0.01
72477693075	2008	11	27	18	0	0.03
72477693075	2008	11	27	19	0	0.06
72477693075	2008	11	27	20	0	0.09
72477693075	2008	11	27	21	0	0.09
72477693075	2008	11	27	22	0	0.04
72477693075	2008	11	27	23	0	0.03
72477693075	2008	11	28	0	0	0.03
72477693075	2008	11	28	1	0	0.02
72477693075	2008	11	28	2	0	0.01
72477693075	2008	11	28	3	0	0.02
72477693075	2008	11	28	4	0	0.02
72477693075	2008	11	28	5	0	0.02
72477693075	2008	11	28	8	0	0.01
72477693075	2008	11	28	10	0	0.01
72477693075	2008	11	28	12	0	0.01
72477693075	2008	11	28	15	0	0.01
72477693075	2008	12	16	0	0	0.02
72477693075	2008	12	16	1	0	0.01
72477693075	2008	12	16	2	0	0.02
72477693075	2008	12	16	3	0	0.01
72477693075	2008	12	16	4	0	0.03
72477693075	2008	12	16	5	0	0.02
72477693075	2008	12	16	6	0	0.02
72477693075	2008	12	18	3	0	0.01
72477693075	2008	12	18	4	0	0.02
72477693075	2008	12	18	5	0	0.01
72477693075	2008	12	18	6	0	0.01
72477693075	2008	12	18	7	0	0.02
72477693075	2008	12	18	8	0	0.03
72477693075	2008	12	18	9	0	0.06
72477693075	2008	12	18	12	0	0.03
72477693075	2008	12	18	13	0	0.01
72477693075	2008	12	22	12	0	0.04
72477693075	2008	12	22	13	0	0.03
72477693075	2008	12	22	21	0	0.02
72477693075	2008	12	23	4	0	0.04
72477693075	2008	12	25	5	0	0.01
72477693075	2008	12	25	6	0	0.02
72477693075	2008	12	25	7	0	0.04
72477693075	2008	12	25	8	0	0.04
72477693075	2008	12	25	9	0	0.02
72477693075	2008	12	25	11	0	0.02
72477693075	2008	12	25	12	0	0.06
72477693075	2008	12	25	13	0	0.02
72477693075	2008	12	25	14	0	0.04
72477693075	2008	12	26	6	0	0.03
72477693075	2008	12	26	8	0	0.01
72477693075	2009	1	23	5	0	0.01
72477693075	2009	1	24	9	0	0.01
72477693075	2009	1	24	10	0	0.01
72477693075	2009	1	24	11	0	0.05
72477693075	2009	1	24	12	0	0.02
72477693075	2009	1	26	6	0	0.04
72477693075	2009	1	26	7	0	0.03
72477693075	2009	2	13	6	0	0.01
72477693075	2009	2	23	16	0	0.01
72477693075	2009	2	23	17	0	0.02
72477693075	2009	2	23	18	0	0.009
72477693075	2009	2	23	20	0	0.01
72477693075	2009	2	23	21	0	0.02
72477693075	2009	2	23	22	0	0.03
72477693075	2009	3	7	16	0	0.09
72477693075	2009	3	26	21	0	0.02
72477693075	2009	4	3	11	0	0.01
72477693075	2009	4	3	12	0	0.01
72477693075	2009	4	3	14	0	0.01
72477693075	2009	4	3	15	0	0.01
72477693075	2009	4	3	17	0	0.01
72477693075	2009	4	3	22	0	0.04
72477693075	2009	4	3	23	0	0.03
72477693075	2009	4	4	0	0	0.01
72477693075	2009	4	4	4	0	0.01
72477693075	2009	4	4	7	0	0.01
72477693075	2009	4	4	8	0	0.02
72477693075	2009	4	11	13	0	0.02
72477693075	2009	4	11	14	0	0.02
72477693075	2009	4	11	19	0	0.03
72477693075	2009	4	11	21	0	0.02
72477693075	2009	4	11	22	0	0.03
72477693075	2009	4	12	11	0	0.01
72477693075	2009	4	15	22	0	0.01
72477693075	2009	4	15	23	0	0.01
72477693075	2009	4	16	16	0	0.01
72477693075	2009	4	27	1	0	0.01
72477693075	2009	5	2	15	0	0.05
72477693075	2009	5	2	16	0	0.03
72477693075	2009	5	2	17	0	0.01
72477693075	2009	5	2	19	0	0.09
72477693075	2009	5	4	10	0	0.02
72477693075	2009	5	4	11	0	0.02
72477693075	2009	5	19	21	0	0.03
72477693075	2009	5	22	17	0	0.01
72477693075	2009	5	23	1	0	0.04
72477693075	2009	5	23	2	0	0.02
72477693075	2009	5	23	3	0	0.01
72477693075	2009	5	23	5	0	0.02
72477693075	2009	5	23	6	0	0.06
72477693075	2009	5	23	7	0	0.02
72477693075	2009	5	23	8	0	0.01
72477693075	2009	5	23	10	0	0.03
72477693075	2009	5	23	11	0	0.02
72477693075	2009	5	23	13	0	0.01
72477693075	2009	5	23	19	0	0.01
72477693075	2009	5	23	21	0	0.11
72477693075	2009	5	23	22	0	0.16
72477693075	2009	5	24	7	0	0.07
72477693075	2009	5	24	22	0	0.05
72477693075	2009	5	25	22	0	0.19
72477693075	2009	5	25	23	0	0.02
72477693075	2009	5	26	0	0	0.02
72477693075	2009	6	17	22	0	0.03
72477693075	2009	6	17	23	0	0.01
72477693075	2009	6	20	21	0	0.01
72477693075	2009	6	21	13	0	0.05
72477693075	2009	6	26	9	0	0.01
72477693075	2009	6	26	10	0	0.03
72477693075	2009	6	26	11	0	0.11
72477693075	2009	6	26	12	0	0.02
72477693075	2009	6	26	22	0	0.02
72477693075	2009	6	27	12	0	0.01
72477693075	2009	7	6	5	0	0.01
72477693075	2009	8	23	1	0	0.05
72477693075	2009	9	13	22	0	0.01
72477693075	2009	9	14	1	0	0.02
72477693075	2009	9	15	1	0	0.01
72477693075	2009	9	15	2	0	0.01
72477693075	2009	9	15	5	0	0.06
72477693075	2009	9	15	7	0	0.02
72477693075	2009	9	15	8	0	0.03
72477693075	2009	9	15	9	0	0.07
72477693075	2009	9	15	10	0	0.01
72477693075	2009	9	15	12	0	0.08
72477693075	2009	9	15	13	0	0.01
72477693075	2009	9	19	7	0	0.09
72477693075	2009	10	20	18	0	0.03
72477693075	2009	10	20	19	0	0.08
72477693075	2009	10	20	20	0	0.07
72477693075	2009	10	20	21	0	0.07
72477693075	2009	10	20	22	0	0.02
72477693075	2009	10	28	5	0	0.01
72477693075	2009	10	28	6	0	0.02
72477693075	2009	10	28	7	0	0.01
72477693075	2009	11	13	13	0	0.02
72477693075	2009	11	13	14	0	0.03
72477693075	2009	11	14	12	0	0.01
72477693075	2009	11	14	21	0	0.01
72477693075	2009	11	14	23	0	0.15
72477693075	2009	11	15	0	0	0.02
72477693075	2009	11	15	5	0	0.01
72477693075	2009	11	15	6	0	0.01
72477693075	2009	11	15	7	0	0.007
72477693075	2009	12	8	3	0	0.01
72477693075	2009	12	8	4	0	0.03
72477693075	2009	12	8	5	0	0.03
72477693075	2009	12	8	6	0	0.05
72477693075	2009	12	8	7	0	0.04
72477693075	2009	12	8	8	0	0.09
72477693075	2009	12	8	9	0	0.05
72477693075	2009	12	8	10	0	0.03
72477693075	2009	12	8	11	0	0.02
72477693075	2009	12	13	15	0	0.03
72477693075	2009	12	13	17	0	0.03
72477693075	2009	12	13	18	0	0.01
72477693075	2009	12	22	16	0	0.01
72477693075	2009	12	22	17	0	0.02
72477693075	2009	12	23	16	0	0.02
72477693075	2009	12	29	12	0	0.018
72477693075	2009	12	29	13	0	0.01
72477693075	2009	12	29	14	0	0.01
72477693075	2009	12	29	15	0	0.01
72477693075	2009	12	29	16	0	0.01
72477693075	2009	12	30	15	0	0.02
72477693075	2009	12	30	16	0	0.02
72477693075	2009	12	30	17	0	0.01
72477693075	2009	12	30	18	0	0.01
72477693075	2009	12	30	19	0	0.018
72477693075	2010	1	18	15	0	0.02
72477693075	2010	1	18	23	0	0.02
72477693075	2010	1	19	4	0	0.01
72477693075	2010	1	19	5	0	0.01
72477693075	2010	1	19	8	0	0.01
72477693075	2010	1	20	7	0	0.02
72477693075	2010	1	20	8	0	0.03
72477693075	2010	1	20	11	0	0.02
72477693075	2010	1	20	14	0	0.02
72477693075	2010	1	20	15	0	0.01
72477693075	2010	1	20	16	0	0.01
72477693075	2010	1	21	23	0	0.01
72477693075	2010	1	22	2	0	0.02
72477693075	2010	1	22	3	0	0.04
72477693075	2010	1	22	4	0	0.03
72477693075	2010	1	22	5	0	0.08
72477693075	2010	1	22	6	0	0.03
72477693075	2010	1	26	15	0	0.01
72477693075	2010	1	27	15	0	0.01
72477693075	2010	1	27	16	0	0.02
72477693075	2010	1	27	17	0	0.03
72477693075	2010	1	27	18	0	0.01
72477693075	2010	1	27	19	0	0.02
72477693075	2010	1	27	22	0	0.02
72477693075	2010	1	27	23	0	0.02
72477693075	2010	1	28	0	0	0.02
72477693075	2010	1	28	1	0	0.04
72477693075	2010	1	28	2	0	0.04
72477693075	2010	1	28	3	0	0.04
72477693075	2010	1	28	4	0	0.04
72477693075	2010	1	28	5	0	0.04
72477693075	2010	1	28	6	0	0.01
72477693075	2010	1	28	10	0	0.01
72477693075	2010	1	28	12	0	0.01
72477693075	2010	1	28	13	0	0.01
72477693075	2010	1	28	14	0	0.01
72477693075	2010	1	28	15	0	0.02
72477693075	2010	2	6	11	0	0.01
72477693075	2010	2	6	12	0	0.09
72477693075	2010	2	6	13	0	0.04
72477693075	2010	2	6	14	0	0.01
72477693075	2010	2	7	10	0	0.02
72477693075	2010	2	7	11	0	0.02
72477693075	2010	2	7	13	0	0.01
72477693075	2010	2	7	14	0	0.08
72477693075	2010	2	7	15	0	0.16
72477693075	2010	2	7	16	0	0.1
72477693075	2010	2	7	17	0	0.06
72477693075	2010	2	7	18	0	0.03
72477693075	2010	2	7	21	0	0.01
72477693075	2010	2	8	1	0	0.01
72477693075	2010	2	19	14	0	0.01
72477693075	2010	2	19	16	0	0.01
72477693075	2010	2	19	17	0	0.03
72477693075	2010	2	19	18	0	0.03
72477693075	2010	2	19	19	0	0.01
72477693075	2010	2	19	20	0	0.01
72477693075	2010	2	20	0	0	0.02
72477693075	2010	2	20	2	0	0.01
72477693075	2010	2	20	3	0	0.01
72477693075	2010	2	20	4	0	0.08
72477693075	2010	2	20	5	0	0.02
72477693075	2010	2	20	6	0	0.03
72477693075	2010	2	20	7	0	0.03
72477693075	2010	2	20	8	0	0.04
72477693075	2010	2	20	18	0	0.01
72477693075	2010	2	20	19	0	0.02
72477693075	2010	2	20	20	0	0.05
72477693075	2010	2	21	12	0	0.01
72477693075	2010	2	21	18	0	0.01
72477693075	2010	2	21	19	0	0.01
72477693075	2010	2	25	2	0	0.01
72477693075	2010	2	25	5	0	0.01
72477693075	2010	2	25	6	0	0.01
72477693075	2010	2	25	7	0	0.01
72477693075	2010	3	5	0	0	0.02
72477693075	2010	3	5	1	0	0.02
72477693075	2010	3	8	8	0	0.01
72477693075	2010	3	8	9	0	0.04
72477693075	2010	3	8	10	0	0.02
72477693075	2010	3	9	10	0	0.02
72477693075	2010	3	9	11	0	0.015
72477693075	2010	3	9	21	0	0.03
72477693075	2010	3	9	22	0	0.04
72477693075	2010	3	14	1	0	0.03
72477693075	2010	3	14	2	0	0.18
72477693075	2010	3	14	3	0	0.07
72477693075	2010	3	14	14	0	0.01
72477693075	2010	3	14	15	0	0.04
72477693075	2010	3	14	16	0	0.037
72477693075	2010	3	14	21	0	0.01
72477693075	2010	3	26	16	0	0.01
72477693075	2010	4	22	0	0	0.01
72477693075	2010	4	22	4	0	0.01
72477693075	2010	4	22	11	0	0.02
72477693075	2010	5	15	20	0	0.05
72477693075	2010	5	18	19	0	0.01
72477693075	2010	6	12	12	0	0.06
72477693075	2010	6	12	21	0	0.08
72477693075	2010	6	13	3	0	0.09
72477693075	2010	6	13	8	0	0.12
72477693075	2010	6	13	9	0	0.17
72477693075	2010	6	13	10	0	0.08
72477693075	2010	6	13	11	0	0.01
72477693075	2010	6	13	20	0	0.01
72477693075	2010	6	13	22	0	0.01
72477693075	2010	7	20	23	0	0.04
72477693075	2010	7	21	1	0	0.01
72477693075	2010	7	21	11	0	0.01
72477693075	2010	7	21	12	0	0.02
72477693075	2010	7	21	18	0	0.03
72477693075	2010	7	22	3	0	0.01
72477693075	2010	7	22	7	0	0.01
72477693075	2010	8	1	14	0	0.01
72477693075	2010	8	1	15	0	0.01
72477693075	2010	8	1	17	0	0.01
72477693075	2010	8	1	18	0	0.01
72477693075	2010	8	3	0	0	0.002
72477693075	2010	8	3	1	0	0.24
72477693075	2010	8	3	2	0	0.05
72477693075	2010	8	3	3	0	0.05
72477693075	2010	8	5	4	0	0.02
72477693075	2010	8	8	0	0	0.01
72477693075	2010	8	8	1	0	0.01
72477693075	2010	8	16	10	0	0.02
72477693075	2010	8	16	21	0	0.16
72477693075	2010	8	19	0	0	0.08
72477693075	2010	8	19	4	0	0.02
72477693075	2010	8	19	20	0	0.036
72477693075	2010	8	19	21	0	0.03
72477693075	2010	8	29	19	0	0.01
72477693075	2010	8	30	0	0	0.01
72477693075	2010	9	7	23	0	0.008
72477693075	2010	9	8	0	0	0.02
72477693075	2010	9	8	7	0	0.01
72477693075	2010	9	8	8	0	0.02
72477693075	2010	9	8	9	0	0.01
72477693075	2010	9	8	10	0	0.005
72477693075	2010	9	8	11	0	0.03
72477693075	2010	9	8	12	0	0.013
72477693075	2010	9	8	14	0	0.17
72477693075	2010	9	8	15	0	0.02
72477693075	2010	9	8	16	0	0.01
72477693075	2010	9	22	21	0	0.07
72477693075	2010	9	22	22	0	0.02
72477693075	2010	9	22	23	0	0.01
72477693075	2010	9	23	3	0	0.03
72477693075	2010	10	4	3	0	0.01
72477693075	2010	10	4	4	0	0.04
72477693075	2010	10	4	5	0	0.03
72477693075	2010	10	4	23	0	0.002
72477693075	2010	10	5	0	0	0.07
72477693075	2010	10	5	4	0	0.01
72477693075	2010	10	5	5	0	0.02
72477693075	2010	10	6	3	0	0.01
72477693075	2010	10	6	4	0	0.01
72477693075	2010	10	6	5	0	0.01
72477693075	2010	10	6	9	0	0.04
72477693075	2010	10	6	10	0	0.11
72477693075	2010	10	6	13	0	0.01
72477693075	2010	10	6	21	0	0.16
72477693075	2010	10	6	22	0	0.1
72477693075	2010	10	7	6	0	0.01
72477693075	2010	10	18	12	0	0.01
72477693075	2010	10	18	13	0	0.02
72477693075	2010	10	18	14	0	0.03
72477693075	2010	10	18	21	0	0.02
72477693075	2010	10	19	13	0	0.01
72477693075	2010	10	22	3	0	0.02
72477693075	2010	10	22	4	0	0.03
72477693075	2010	10	22	5	0	0.06
72477693075	2010	10	22	6	0	0.03
72477693075	2010	10	22	8	0	0.01
72477693075	2010	10	22	12	0	0.06
72477693075	2010	10	22	13	0	0.11
72477693075	2010	10	22	14	0	0.02
72477693075	2010	10	22	15	0	0.01
72477693075	2010	10	22	18	0	0.01
72477693075	2010	10	22	20	0	0.03
72477693075	2010	10	22	21	0	0.01
72477693075	2010	10	23	2	0	0.04
72477693075	2010	10	23	3	0	0.01
72477693075	2010	10	25	12	0	0.05
72477693075	2010	10	25	13	0	0.09
72477693075	2010	10	31	0	0	0.02
72477693075	2010	10	31	1	0	0.01
72477693075	2010	10	31	4	0	0.01
72477693075	2010	11	9	1	0	0.03
72477693075	2010	11	9	3	0	0.01
72477693075	2010	11	9	8	0	0.02
72477693075	2010	11	9	9	0	0.01
72477693075	2010	11	10	22	0	0.01
72477693075	2010	11	10	23	0	0.05
72477693075	2010	11	11	0	0	0.01
72477693075	2010	11	11	3	0	0.02
72477693075	2010	11	11	4	0	0.02
72477693075	2010	11	11	5	0	0.01
72477693075	2010	11	11	6	0	0.02
72477693075	2010	11	11	7	0	0.01
72477693075	2010	11	11	8	0	0.01
72477693075	2010	11	21	9	0	0.01
72477693075	2010	11	21	10	0	0.01
72477693075	2010	11	21	19	0	0.03
72477693075	2010	11	21	22	0	0.01
72477693075	2010	12	18	13	0	0.03
72477693075	2010	12	18	14	0	0.02
72477693075	2010	12	18	15	0	0.02
72477693075	2010	12	18	16	0	0.01
72477693075	2010	12	19	13	0	0.01
72477693075	2010	12	20	13	0	0.01
72477693075	2010	12	20	14	0	0.04
72477693075	2010	12	20	15	0	0.02
72477693075	2010	12	20	16	0	0.02
72477693075	2010	12	20	17	0	0.02
72477693075	2010	12	20	18	0	0.03
72477693075	2010	12	20	19	0	0.01
72477693075	2010	12	22	0	0	0.02
72477693075	2010	12	22	1	0	0.01
72477693075	2010	12	22	2	0	0.02
72477693075	2010	12	22	23	0	0.01
72477693075	2010	12	23	4	0	0.02
72477693075	2010	12	23	8	0	0.008
72477693075	2010	12	23	9	0	0.02
72477693075	2010	12	23	11	0	0.01
72477693075	2010	12	23	12	0	0.03
72477693075	2010	12	23	13	0	0.02
72477693075	2010	12	23	17	0	0.01
72477693075	2010	12	23	18	0	0.01
72477693075	2010	12	23	19	0	0.01
72477693075	2010	12	26	20	0	0.01
72477693075	2010	12	26	21	0	0.01
72477693075	2010	12	29	12	0	0.04
72477693075	2010	12	29	13	0	0.05
72477693075	2010	12	29	14	0	0.02
72477693075	2010	12	29	16	0	0.01
72477693075	2010	12	29	21	0	0.01
72477693075	2010	12	29	22	0	0.01
72477693075	2010	12	29	23	0	0.06
72477693075	2010	12	30	0	0	0.01
72477693075	2010	12	30	8	0	0.01
72477693075	2010	12	30	9	0	0.01
72477693075	2010	12	30	10	0	0.01
72477693075	2010	12	30	15	0	0.02
72477693075	2010	12	30	17	0	0.01
72477693075	2010	12	30	18	0	0.01
72477693075	2010	12	30	20	0	0.01
72477693075	2010	12	30	23	0	0.01
72477693075	2010	12	31	7	0	0.01
72477693075	2011	1	4	3	0	0.005
72477693075	2011	1	4	5	0	0.005
72477693075	2011	1	9	19	0	0.002
72477693075	2011	1	25	22	0	0.006
72477693075	2011	2	8	5	0	0.039
72477693075	2011	2	17	9	0	0.005
72477693075	2011	2	17	14	0	0.005
72477693075	2011	2	20	0	0	0.043
72477693075	2011	2	20	1	0	0.047
72477693075	2011	2	20	5	0	0.008
72477693075	2011	3	7	20	0	0.01
72477693075	2011	3	7	21	0	0.027
72477693075	2011	3	7	22	0	0.027
72477693075	2011	3	8	2	0	0.016
72477693075	2011	3	8	3	0	0.01
72477693075	2011	3	8	6	0	0.01
72477693075	2011	3	8	7	0	0.01
72477693075	2011	3	17	23	0	0.001
72477693075	2011	3	18	0	0	0.001
72477693075	2011	3	25	23	0	0.053
72477693075	2011	3	26	0	0	0.011
72477693075	2011	3	26	19	0	0.002
72477693075	2011	3	27	16	0	0.004
72477693075	2011	3	27	17	0	0.007
72477693075	2011	3	27	18	0	0.002
72477693075	2011	3	28	18	0	0.004
72477693075	2011	3	28	19	0	0.001
72477693075	2011	3	28	21	0	0.001
72477693075	2011	4	3	14	0	0.002
72477693075	2011	4	3	15	0	0.013
72477693075	2011	4	3	16	0	0.062
72477693075	2011	4	3	17	0	0.017
72477693075	2011	4	18	13	0	0.002
72477693075	2011	4	18	14	0	0.006
72477693075	2011	4	18	15	0	0.007
72477693075	2011	4	18	16	0	0.002
72477693075	2011	4	19	1	0	0.102
72477693075	2011	4	19	2	0	0.019
72477693075	2011	4	19	3	0	0.005
72477693075	2011	4	19	4	0	0.004
72477693075	2011	4	19	14	0	0.005
72477693075	2011	4	21	8	0	0.018
72477693075	2011	4	21	9	0	0.015
72477693075	2011	4	21	10	0	0.038
72477693075	2011	4	21	11	0	0.014
72477693075	2011	4	23	15	0	0.008
72477693075	2011	4	25	1	0	0.056
72477693075	2011	4	25	3	0	0.101
72477693075	2011	4	25	4	0	0.007
72477693075	2011	4	26	0	0	0.009
72477693075	2011	4	26	1	0	0.059
72477693075	2011	4	26	9	0	0.027
72477693075	2011	4	26	10	0	0.01
72477693075	2011	4	26	11	0	0.01
72477693075	2011	4	26	16	0	0.007
72477693075	2011	5	9	8	0	0.011
72477693075	2011	5	9	13	0	0.004
72477693075	2011	5	9	14	0	0.082
72477693075	2011	5	9	15	0	0.082
72477693075	2011	5	10	0	0	0.001
72477693075	2011	5	17	3	0	0.002
72477693075	2011	5	17	9	0	0.013
72477693075	2011	5	17	10	0	0.011
72477693075	2011	5	17	11	0	0.002
72477693075	2011	5	17	14	0	0.014
72477693075	2011	5	17	15	0	0.024
72477693075	2011	5	18	15	0	0.017
72477693075	2011	5	18	16	0	0.007
72477693075	2011	5	18	17	0	0.066
72477693075	2011	5	18	18	0	0.013
72477693075	2011	5	18	21	0	0.048
72477693075	2011	5	19	0	0	0.001
72477693075	2011	5	19	2	0	0.007
72477693075	2011	5	19	3	0	0.053
72477693075	2011	5	19	4	0	0.014
72477693075	2011	5	19	5	0	0.011
72477693075	2011	5	19	7	0	0.031
72477693075	2011	5	19	12	0	0.011
72477693075	2011	5	19	14	0	0.035
72477693075	2011	5	19	15	0	0.081
72477693075	2011	5	19	16	0	0.067
72477693075	2011	5	19	17	0	0.013
72477693075	2011	5	19	22	0	0.004
72477693075	2011	5	19	23	0	0.043
72477693075	2011	5	20	0	0	0.002
72477693075	2011	5	20	12	0	0.013
72477693075	2011	5	20	21	0	0.038
72477693075	2011	5	20	22	0	0.026
72477693075	2011	5	20	23	0	0.006
72477693075	2011	5	23	10	0	0.002
72477693075	2011	5	23	15	0	0.001
72477693075	2011	5	23	16	0	0.016
72477693075	2011	5	23	20	0	0.023
72477693075	2011	5	23	21	0	0.065
72477693075	2011	5	23	22	0	0.003
72477693075	2011	5	23	23	0	0.032
72477693075	2011	5	24	12	0	0.007
72477693075	2011	5	24	22	0	0.017
72477693075	2011	5	25	4	0	0.002
72477693075	2011	6	18	1	0	0.001
72477693075	2011	6	18	2	0	0.001
72477693075	2011	6	18	3	0	0.001
72477693075	2011	6	18	4	0	0.001
72477693075	2011	6	18	5	0	0.001
72477693075	2011	6	18	6	0	0.003
72477693075	2011	6	18	7	0	0.003
72477693075	2011	6	18	8	0	0.001
72477693075	2011	6	19	15	0	0.004
72477693075	2011	6	19	16	0	0.008
72477693075	2011	6	19	17	0	0.014
72477693075	2011	6	19	18	0	0.007
72477693075	2011	6	19	19	0	0.024
72477693075	2011	6	19	20	0	0.02
72477693075	2011	6	20	0	0	0.012
72477693075	2011	6	20	3	0	0.004
72477693075	2011	6	29	13	0	0.001
72477693075	2011	6	29	21	0	0.001
72477693075	2011	6	29	22	0	0.006
72477693075	2011	6	29	23	0	0.011
72477693075	2011	6	30	0	0	0.045
72477693075	2011	6	30	3	0	0.054
72477693075	2011	6	30	4	0	0.006
72477693075	2011	6	30	5	0	0.004
72477693075	2011	6	30	6	0	0.028
72477693075	2011	6	30	13	0	0.004
72477693075	2011	6	30	16	0	0.001
72477693075	2011	6	30	17	0	0.055
72477693075	2011	7	8	20	0	0.02
72477693075	2011	7	8	21	0	0.002
72477693075	2011	7	9	21	0	0.024
72477693075	2011	7	9	22	0	0.007
72477693075	2011	7	9	23	0	0.001
72477693075	2011	7	10	8	0	0.001
72477693075	2011	7	10	9	0	0.018
72477693075	2011	7	10	20	0	0.001
72477693075	2011	7	10	21	0	0.115
72477693075	2011	7	10	22	0	0.008
72477693075	2011	7	12	1	0	0.036
72477693075	2011	7	12	2	0	0.031
72477693075	2011	7	13	20	0	0.002
72477693075	2011	7	13	21	0	0.033
72477693075	2011	7	14	1	0	0.029
72477693075	2011	7	14	2	0	0.019
72477693075	2011	7	17	21	0	0.008
72477693075	2011	7	18	0	0	0.01
72477693075	2011	7	18	1	0	0.048
72477693075	2011	7	18	2	0	0.016
72477693075	2011	7	18	3	0	0.008
72477693075	2011	7	18	4	0	0.002
72477693075	2011	7	18	11	0	0.002
72477693075	2011	7	19	1	0	0.001
72477693075	2011	7	19	2	0	0.048
72477693075	2011	7	19	3	0	0.118
72477693075	2011	7	19	4	0	0.001
72477693075	2011	7	19	5	0	0.001
72477693075	2011	7	19	7	0	0.003
72477693075	2011	7	19	8	0	0.025
72477693075	2011	7	19	9	0	0.017
72477693075	2011	7	19	10	0	0.016
72477693075	2011	7	19	23	0	0.052
72477693075	2011	7	20	0	0	0.018
72477693075	2011	7	20	4	0	0.051
72477693075	2011	7	20	5	0	0.001
72477693075	2011	7	25	23	0	0.001
72477693075	2011	7	26	2	0	0.007
72477693075	2011	7	26	3	0	0.022
72477693075	2011	7	26	4	0	0.032
72477693075	2011	7	26	5	0	0.009
72477693075	2011	7	26	6	0	0.015
72477693075	2011	7	26	7	0	0.003
72477693075	2011	7	26	8	0	0.018
72477693075	2011	7	26	11	0	0.018
72477693075	2011	7	26	12	0	0.058
72477693075	2011	7	26	14	0	0.006
72477693075	2011	7	26	15	0	0.013
72477693075	2011	7	26	16	0	0.027
72477693075	2011	7	26	17	0	0.055
72477693075	2011	7	26	19	0	0.013
72477693075	2011	7	26	20	0	0.011
72477693075	2011	7	26	22	0	0.009
72477693075	2011	7	27	7	0	0.021
72477693075	2011	7	27	8	0	0.109
72477693075	2011	7	27	9	0	0.1
72477693075	2011	7	27	23	0	0.002
72477693075	2011	7	28	0	0	0.028
72477693075	2011	7	28	1	0	0.006
72477693075	2011	8	1	1	0	0.008
72477693075	2011	8	1	7	0	0.001
72477693075	2011	8	3	10	0	0.011
72477693075	2011	8	4	22	0	0.001
72477693075	2011	8	4	23	0	0.114
72477693075	2011	8	5	0	0	0.134
72477693075	2011	8	5	1	0	0.029
72477693075	2011	8	5	2	0	0.03
72477693075	2011	8	14	21	0	0.005
72477693075	2011	8	15	0	0	0.001
72477693075	2011	8	18	23	0	0.004
72477693075	2011	8	19	0	0	0.008
72477693075	2011	8	19	3	0	0.002
72477693075	2011	8	19	4	0	0.001
72477693075	2011	8	19	5	0	0.003
72477693075	2011	8	19	6	0	0.017
72477693075	2011	8	21	0	0	0.126
72477693075	2011	8	21	1	0	0.011
72477693075	2011	8	21	2	0	0.004
72477693075	2011	8	21	3	0	0.002
72477693075	2011	8	22	0	0	0.001
72477693075	2011	8	22	1	0	0.016
72477693075	2011	8	22	2	0	0.003
72477693075	2011	8	26	3	0	0.005
72477693075	2011	8	26	4	0	0.045
72477693075	2011	8	26	5	0	0.015
72477693075	2011	8	28	14	0	0.061
72477693075	2011	8	29	3	0	0.009
72477693075	2011	8	29	4	0	0.008
72477693075	2011	8	29	5	0	0.001
72477693075	2011	8	29	23	0	0.005
72477693075	2011	8	30	2	0	0.009
72477693075	2011	8	30	3	0	0.018
72477693075	2011	9	5	22	0	0.001
72477693075	2011	9	5	23	0	0.018
72477693075	2011	9	6	0	0	0.045
72477693075	2011	9	6	1	0	0.014
72477693075	2011	9	6	4	0	0.003
72477693075	2011	9	6	9	0	0.015
72477693075	2011	9	6	11	0	0.001
72477693075	2011	9	6	13	0	0.005
72477693075	2011	9	6	14	0	0.008
72477693075	2011	9	6	19	0	0.001
72477693075	2011	9	11	12	0	0.011
72477693075	2011	9	11	13	0	0.014
72477693075	2011	9	12	2	0	0.002
72477693075	2011	9	14	15	0	0.001
72477693075	2011	9	14	20	0	0.063
72477693075	2011	9	14	21	0	0.095
72477693075	2011	9	14	22	0	0.056
72477693075	2011	9	14	23	0	0.051
72477693075	2011	9	15	0	0	0.046
72477693075	2011	9	15	5	0	0.006
72477693075	2011	9	16	12	0	0.033
72477693075	2011	9	16	23	0	0.005
72477693075	2011	9	17	0	0	0.2
72477693075	2011	9	17	1	0	0.027
72477693075	2011	9	17	11	0	0.005
72477693075	2011	9	17	16	0	0.043
72477693075	2011	10	4	7	0	0.002
72477693075	2011	10	4	20	0	0.001
72477693075	2011	10	4	21	0	0.085
72477693075	2011	10	5	1	0	0.004
72477693075	2011	10	5	3	0	0.001
72477693075	2011	10	5	7	0	0.001
72477693075	2011	10	5	19	0	0.002
72477693075	2011	10	5	23	0	0.005
72477693075	2011	10	6	0	0	0.007
72477693075	2011	10	6	1	0	0.002
72477693075	2011	10	6	2	0	0.002
72477693075	2011	10	6	3	0	0.001
72477693075	2011	10	6	4	0	0.001
72477693075	2011	10	6	5	0	0.028
72477693075	2011	10	6	12	0	0.069
72477693075	2011	10	6	14	0	0.01
72477693075	2011	10	6	15	0	0.008
72477693075	2011	10	6	18	0	0.008
72477693075	2011	10	6	19	0	0.027
72477693075	2011	10	6	20	0	0.024
72477693075	2011	10	8	12	0	0.018
72477693075	2011	10	8	13	0	0.042
72477693075	2011	10	25	22	0	0.011
72477693075	2011	10	25	23	0	0.012
72477693075	2011	10	26	3	0	0.077
72477693075	2011	10	26	4	0	0.004
72477693075	2011	10	26	6	0	0.014
72477693075	2011	10	26	7	0	0.153
72477693075	2011	10	26	8	0	0.03
72477693075	2011	10	26	9	0	0.067
72477693075	2011	10	26	10	0	0.117
72477693075	2011	10	26	11	0	0.091
72477693075	2011	10	26	12	0	0.041
72477693075	2011	10	26	13	0	0.013
72477693075	2011	10	26	15	0	0.021
72477693075	2011	10	26	16	0	0.013
72477693075	2011	10	26	19	0	0.021
72477693075	2011	11	2	4	0	0.001
72477693075	2011	11	2	5	0	0.08
72477693075	2011	11	2	7	0	0.055
72477693075	2011	11	5	8	0	0.033
72477693075	2011	11	5	9	0	0.069
72477693075	2011	11	5	10	0	0.032
72477693075	2011	11	5	11	0	0.106
72477693075	2011	11	5	12	0	0.019
72477693075	2011	11	5	13	0	0.009
72477693075	2011	11	5	14	0	0.009
72477693075	2011	11	5	15	0	0.046
72477693075	2011	11	5	16	0	0.047
72477693075	2011	11	5	17	0	0.032
72477693075	2011	11	6	20	0	0.002
72477693075	2011	11	6	21	0	0.003
72477693075	2011	11	7	21	0	0.002
72477693075	2011	11	13	16	0	0.005
72477693075	2011	11	13	17	0	0.029
72477693075	2011	11	13	18	0	0.011
72477693075	2011	11	22	2	0	0.005
72477693075	2011	12	12	22	0	0.002
72477693075	2011	12	12	23	0	0.002
72477693075	2011	12	13	0	0	0.002
72477693075	2011	12	13	1	0	0.003
72477693075	2011	12	13	2	0	0.003
72477693075	2011	12	13	3	0	0.003
72477693075	2011	12	13	4	0	0.007
72477693075	2011	12	13	5	0	0.007
72477693075	2011	12	13	6	0	0.007
72477693075	2011	12	13	7	0	0.009
72477693075	2011	12	13	8	0	0.009
72477693075	2011	12	13	9	0	0.009
72477693075	2011	12	13	10	0	0.014
72477693075	2011	12	13	11	0	0.014
72477693075	2011	12	13	12	0	0.014
72477693075	2011	12	14	7	0	0.028
72477693075	2011	12	22	22	0	0.006
72477693075	2012	1	16	21	0	0.002
72477693075	2012	1	21	16	0	0.004
72477693075	2012	1	21	17	0	0.007
72477693075	2012	1	21	18	0	0.004
72477693075	2012	1	21	21	0	0.011
72477693075	2012	1	21	22	0	0.06
72477693075	2012	1	21	23	0	0.007
72477693075	2012	1	22	7	0	0.007
72477693075	2012	1	24	2	0	0.038
72477693075	2012	1	24	3	0	0.011
72477693075	2012	1	24	4	0	0.038
72477693075	2012	1	24	5	0	0.011
72477693075	2012	1	24	6	0	0.018
72477693075	2012	1	24	8	0	0.011
72477693075	2012	1	27	6	0	0.001
72477693075	2012	1	27	7	0	0.001
72477693075	2012	1	27	8	0	0.009
72477693075	2012	2	2	12	0	0.008
72477693075	2012	2	12	23	0	0.001
72477693075	2012	2	13	0	0	0.011
72477693075	2012	2	13	1	0	0.011
72477693075	2012	2	14	8	0	0.004
72477693075	2012	2	14	9	0	0.023
72477693075	2012	2	19	15	0	0.136
72477693075	2012	2	28	3	0	0.002
72477693075	2012	2	28	11	0	0.035
72477693075	2012	2	28	20	0	0.015
72477693075	2012	2	28	22	0	0.013
72477693075	2012	2	28	23	0	0.018
72477693075	2012	3	7	14	0	0.01
72477693075	2012	3	18	17	0	0.03
72477693075	2012	3	18	18	0	0.01
72477693075	2012	3	19	2	0	0.01
72477693075	2012	4	2	9	0	0.02
72477693075	2012	4	19	2	0	0.01
72477693075	2012	4	26	21	0	0.01
72477693075	2012	7	5	15	0	0.01
72477693075	2012	7	5	19	0	0.02
72477693075	2012	7	14	3	0	0.01
72477693075	2012	7	14	20	0	0.18
72477693075	2012	7	14	21	0	0.02
72477693075	2012	7	21	5	0	0.03
72477693075	2012	7	22	22	0	0.01
72477693075	2012	7	23	10	0	0.001
72477693075	2012	7	23	11	0	0.001
72477693075	2012	7	23	22	0	0.003
72477693075	2012	7	29	5	0	0.01
72477693075	2012	7	29	6	0	0.03
72477693075	2012	7	29	11	0	0.01
72477693075	2012	7	29	12	0	0.03
72477693075	2012	7	31	12	0	0.04
72477693075	2012	8	1	4	0	0.01
72477693075	2012	8	6	0	0	0.05
72477693075	2012	8	6	23	0	0.22
72477693075	2012	8	13	23	0	0.013
72477693075	2012	8	22	20	0	0.01
72477693075	2012	8	22	21	0	0.01
72477693075	2012	8	23	13	0	0.08
72477693075	2012	8	23	14	0	0.14
72477693075	2012	8	23	15	0	0.04
72477693075	2012	8	23	17	0	0.03
72477693075	2012	8	23	18	0	0.07
72477693075	2012	8	23	19	0	0.01
72477693075	2012	8	23	20	0	0.01
72477693075	2012	8	25	1	0	0.03
72477693075	2012	8	28	4	0	0.02
72477693075	2012	9	1	0	0	0.01
72477693075	2012	9	11	16	0	0.06
72477693075	2012	9	11	17	0	0.13
72477693075	2012	9	11	18	0	0.02
72477693075	2012	9	12	6	0	0.01
72477693075	2012	9	12	8	0	0.03
72477693075	2012	9	12	9	0	0.01
72477693075	2012	9	12	10	0	0.02
72477693075	2012	9	24	12	0	0.001
72477693075	2012	9	24	20	0	0.005
72477693075	2012	9	24	21	0	0.008
72477693075	2012	9	25	6	0	0.01
72477693075	2012	9	25	19	0	0.01
72477693075	2012	9	26	7	0	0.01
72477693075	2012	9	26	14	0	0.01
72477693075	2012	9	26	16	0	0.01
72477693075	2012	10	12	11	0	0.08
72477693075	2012	10	12	12	0	0.06
72477693075	2012	10	12	13	0	0.01
72477693075	2012	10	12	15	0	0.01
72477693075	2012	10	12	16	0	0.11
72477693075	2012	10	12	17	0	0.08
72477693075	2012	10	12	18	0	0.03
72477693075	2012	10	12	20	0	0.04
72477693075	2012	10	12	21	0	0.01
72477693075	2012	11	9	22	0	0.01
72477693075	2012	11	10	5	0	0.01
72477693075	2012	11	10	6	0	0.01
72477693075	2012	11	10	23	0	0.03
72477693075	2012	12	14	14	0	0.02
72477693075	2012	12	14	15	0	0.02
72477693075	2012	12	15	1	0	0.01
72477693075	2012	12	19	3	0	0.02
72477693075	2012	12	19	4	0	0.01
72477693075	2012	12	19	5	0	0.09
72477693075	2012	12	19	6	0	0.11
72477693075	2012	12	19	7	0	0.1
72477693075	2012	12	19	8	0	0.04
72477693075	2012	12	19	9	0	0.05
72477693075	2012	12	19	10	0	0.01
72477693075	2012	12	24	16	0	0.01
72477693075	2012	12	24	17	0	0.05
72477693075	2012	12	24	18	0	0.03
72477693075	2012	12	24	19	0	0.02
72477693075	2012	12	24	21	0	0.02
72477693075	2012	12	24	22	0	0.01
72477693075	2012	12	31	4	0	0.01
72477693075	2012	12	31	5	0	0.01
72477693075	2012	12	31	7	0	0.01
72477693075	2012	12	31	8	0	0.01
72477693075	2013	1	11	8	0	0.005
72477693075	2013	1	13	7	0	0.004
72477693075	2013	1	13	8	0	0.004
72477693075	2013	1	25	3	0	0.007
72477693075	2013	1	26	10	0	0.089
72477693075	2013	1	26	15	0	0.012
72477693075	2013	1	26	16	0	0.032
72477693075	2013	1	26	17	0	0.052
72477693075	2013	1	26	18	0	0.012
72477693075	2013	1	26	19	0	0.032
72477693075	2013	1	26	20	0	0.032
72477693075	2013	1	26	21	0	0.032
72477693075	2013	1	26	22	0	0.012
72477693075	2013	1	26	23	0	0.021
72477693075	2013	1	27	0	0	0.012
72477693075	2013	1	27	1	0	0.012
72477693075	2013	1	27	2	0	0.032
72477693075	2013	1	27	3	0	0.032
72477693075	2013	1	27	4	0	0.019
72477693075	2013	1	27	5	0	0.041
72477693075	2013	1	27	6	0	0.019
72477693075	2013	1	27	7	0	0.012
72477693075	2013	1	28	4	0	0.018
72477693075	2013	1	28	14	0	0.012
72477693075	2013	1	28	19	0	0.012
72477693075	2013	2	9	5	0	0.013
72477693075	2013	2	11	8	0	0.084
72477693075	2013	2	11	9	0	0.051
72477693075	2013	2	11	12	0	0.031
72477693075	2013	2	11	13	0	0.021
72477693075	2013	2	11	14	0	0.008
72477693075	2013	2	23	23	0	0.031
72477693075	2013	2	24	0	0	0.012
72477693075	2013	3	4	2	0	0.001
72477693075	2013	3	4	4	0	0.003
72477693075	2013	3	4	6	0	0.036
72477693075	2013	3	4	8	0	0.009
72477693075	2013	3	9	5	0	0.028
72477693075	2013	3	9	21	0	0.014
72477693075	2013	4	2	19	0	0.002
72477693075	2013	4	5	22	0	0.005
72477693075	2013	4	8	20	0	0.011
72477693075	2013	4	8	21	0	0.029
72477693075	2013	4	8	22	0	0.063
72477693075	2013	4	8	23	0	0.025
72477693075	2013	4	9	1	0	0.016
72477693075	2013	4	9	9	0	0.016
72477693075	2013	4	9	17	0	0.023
72477693075	2013	4	9	18	0	0.013
72477693075	2013	4	11	12	0	0.006
72477693075	2013	4	11	23	0	0.007
72477693075	2013	4	15	13	0	0.009
72477693075	2013	4	15	15	0	0.005
72477693075	2013	4	15	16	0	0.01
72477693075	2013	4	15	17	0	0.011
72477693075	2013	4	15	18	0	0.006
72477693075	2013	4	15	19	0	0.002
72477693075	2013	4	15	20	0	0.01
72477693075	2013	4	15	21	0	0.01
72477693075	2013	4	15	23	0	0.015
72477693075	2013	4	16	0	0	0.009
72477693075	2013	4	17	0	0	0.19
72477693075	2013	4	17	13	0	0.008
72477693075	2013	4	17	16	0	0.008
72477693075	2013	4	20	0	0	0.008
72477693075	2013	4	20	15	0	0.046
72477693075	2013	4	20	16	0	0.075
72477693075	2013	4	20	17	0	0.019
72477693075	2013	5	7	2	0	0.032
72477693075	2013	5	7	4	0	0.006
72477693075	2013	5	7	6	0	0.026
72477693075	2013	5	7	18	0	0.133
72477693075	2013	5	7	19	0	0.032
72477693075	2013	5	7	20	0	0.004
72477693075	2013	5	7	21	0	0.01
72477693075	2013	5	7	22	0	0.034
72477693075	2013	5	8	3	0	0.055
72477693075	2013	5	8	7	0	0.008
72477693075	2013	5	8	8	0	0.01
72477693075	2013	5	8	9	0	0.004
72477693075	2013	5	8	10	0	0.038
72477693075	2013	5	8	11	0	0.038
72477693075	2013	5	8	12	0	0.001
72477693075	2013	5	8	13	0	0.053
72477693075	2013	5	8	14	0	0.053
72477693075	2013	5	9	14	0	0.017
72477693075	2013	5	29	0	0	0.001
72477693075	2013	5	29	1	0	0.005
72477693075	2013	5	29	2	0	0.007
72477693075	2013	5	29	3	0	0.014
72477693075	2013	7	6	5	0	0.001
72477693075	2013	7	8	3	0	0.006
72477693075	2013	7	8	4	0	0.001
72477693075	2013	7	11	23	0	0.001
72477693075	2013	7	16	2	0	0.016
72477693075	2013	7	17	5	0	0.147
72477693075	2013	7	17	10	0	0.002
72477693075	2013	7	18	1	0	0.02
72477693075	2013	7	18	5	0	0.001
72477693075	2013	7	18	7	0	0.002
72477693075	2013	7	19	4	0	0.022
72477693075	2013	7	22	5	0	0.002
72477693075	2013	7	24	1	0	0.002
72477693075	2013	7	24	2	0	0.008
72477693075	2013	7	24	3	0	0.049
72477693075	2013	7	29	2	0	0.002
72477693075	2013	7	29	4	0	0.143
72477693075	2013	7	29	5	0	0.278
72477693075	2013	7	29	6	0	0.136
72477693075	2013	7	29	7	0	0.022
72477693075	2013	7	29	8	0	0.009
72477693075	2013	7	29	21	0	0.008
72477693075	2013	7	29	22	0	0.029
72477693075	2013	7	29	23	0	0.005
72477693075	2013	8	1	16	0	0.005
72477693075	2013	8	1	17	0	0.028
72477693075	2013	8	1	18	0	0.021
72477693075	2013	8	1	19	0	0.022
72477693075	2013	8	1	20	0	0.05
72477693075	2013	8	1	21	0	0.017
72477693075	2013	8	1	22	0	0.007
72477693075	2013	8	2	4	0	0.107
72477693075	2013	8	2	5	0	0.025
72477693075	2013	8	5	4	0	0.007
72477693075	2013	8	5	5	0	0.012
72477693075	2013	8	5	6	0	0.005
72477693075	2013	8	5	7	0	0.002
72477693075	2013	8	5	22	0	0.018
72477693075	2013	8	5	23	0	0.123
72477693075	2013	8	6	0	0	0.092
72477693075	2013	8	8	4	0	0.009
72477693075	2013	8	8	5	0	0.017
72477693075	2013	8	8	6	0	0.017
72477693075	2013	8	8	7	0	0.017
72477693075	2013	8	8	8	0	0.009
72477693075	2013	8	9	21	0	0.004
72477693075	2013	8	9	22	0	0.008
72477693075	2013	8	9	23	0	0.01
72477693075	2013	8	10	0	0	0.004
72477693075	2013	8	10	17	0	0.003
72477693075	2013	8	10	18	0	0.013
72477693075	2013	8	10	19	0	0.005
72477693075	2013	8	12	23	0	0.001
72477693075	2013	8	13	0	0	0.008
72477693075	2013	8	19	21	0	0.002
72477693075	2013	8	19	22	0	0.003
72477693075	2013	8	23	19	0	0.003
72477693075	2013	8	23	20	0	0.02
72477693075	2013	8	23	21	0	0.037
72477693075	2013	8	24	2	0	0.002
72477693075	2013	8	24	3	0	0.004
72477693075	2013	8	25	4	0	0.062
72477693075	2013	8	25	18	0	0.003
72477693075	2013	8	25	19	0	0.012
72477693075	2013	8	25	20	0	0.016
72477693075	2013	8	25	21	0	0.215
72477693075	2013	8	25	22	0	0.026
72477693075	2013	8	26	4	0	0.009
72477693075	2013	8	26	9	0	0.009
72477693075	2013	8	26	12	0	0.005
72477693075	2013	8	26	18	0	0.001
72477693075	2013	8	27	0	0	0.012
72477693075	2013	8	27	1	0	0.022
72477693075	2013	8	27	5	0	0.009
72477693075	2013	8	27	6	0	0.002
72477693075	2013	8	27	7	0	0.014
72477693075	2013	8	27	9	0	0.001
72477693075	2013	8	27	10	0	0.012
72477693075	2013	8	27	13	0	0.009
72477693075	2013	8	31	3	0	0.004
72477693075	2013	8	31	4	0	0.008
72477693075	2013	8	31	5	0	0.001
72477693075	2013	8	31	7	0	0.001
72477693075	2013	8	31	8	0	0.002
72477693075	2013	8	31	9	0	0.002
72477693075	2013	8	31	10	0	0.003
72477693075	2013	8	31	11	0	0.001
72477693075	2013	9	8	6	0	0.001
72477693075	2013	9	8	22	0	0.006
72477693075	2013	9	8	23	0	0.017
72477693075	2013	9	9	0	0	0.03
72477693075	2013	9	9	3	0	0.022
72477693075	2013	9	9	5	0	0.033
72477693075	2013	9	9	6	0	0.102
72477693075	2013	9	9	9	0	0.013
72477693075	2013	9	9	11	0	0.045
72477693075	2013	9	9	12	0	0.07
72477693075	2013	9	9	13	0	0.135
72477693075	2013	9	9	14	0	0.155
72477693075	2013	9	9	15	0	0.042
72477693075	2013	9	9	16	0	0.001
72477693075	2013	9	9	17	0	0.044
72477693075	2013	9	9	18	0	0.028
72477693075	2013	9	10	3	0	0.003
72477693075	2013	9	10	4	0	0.02
72477693075	2013	9	10	5	0	0.014
72477693075	2013	9	10	6	0	0.025
72477693075	2013	9	10	7	0	0.015
72477693075	2013	9	10	8	0	0.023
72477693075	2013	9	10	9	0	0.022
72477693075	2013	9	10	10	0	0.014
72477693075	2013	9	10	13	0	0.012
72477693075	2013	9	10	14	0	0.031
72477693075	2013	9	10	15	0	0.021
72477693075	2013	9	11	1	0	0.002
72477693075	2013	9	11	2	0	0.023
72477693075	2013	9	11	7	0	0.045
72477693075	2013	9	11	8	0	0.001
72477693075	2013	9	11	23	0	0.003
72477693075	2013	9	13	22	0	0.064
72477693075	2013	9	14	17	0	0.006
72477693075	2013	9	14	18	0	0.027
72477693075	2013	9	14	19	0	0.054
72477693075	2013	9	18	5	0	0.001
72477693075	2013	9	22	16	0	0.069
72477693075	2013	9	22	17	0	0.011
72477693075	2013	9	22	18	0	0.061
72477693075	2013	9	22	19	0	0.049
72477693075	2013	9	22	20	0	0.021
72477693075	2013	9	22	21	0	0.009
72477693075	2013	9	23	0	0	0.034
72477693075	2013	9	23	1	0	0.01
72477693075	2013	9	27	1	0	0.001
72477693075	2013	9	27	2	0	0.003
72477693075	2013	9	27	3	0	0.003
72477693075	2013	9	27	6	0	0.006
72477693075	2013	10	3	22	0	0.003
72477693075	2013	10	3	23	0	0.001
72477693075	2013	10	4	3	0	0.008
72477693075	2013	10	4	4	0	0.017
72477693075	2013	10	4	5	0	0.008
72477693075	2013	10	4	23	0	0.003
72477693075	2013	10	5	0	0	0.007
72477693075	2013	10	10	10	0	0.048
72477693075	2013	10	10	12	0	0.021
72477693075	2013	10	10	13	0	0.096
72477693075	2013	10	10	14	0	0.031
72477693075	2013	10	10	15	0	0.077
72477693075	2013	10	10	16	0	0.032
72477693075	2013	10	10	17	0	0.011
72477693075	2013	10	10	23	0	0.038
72477693075	2013	10	11	5	0	0.011
72477693075	2013	10	11	19	0	0.002
72477693075	2013	10	11	20	0	0.002
72477693075	2013	10	11	21	0	0.002
72477693075	2013	10	11	22	0	0.002
72477693075	2013	10	11	23	0	0.002
72477693075	2013	10	12	0	0	0.002
72477693075	2013	10	14	4	0	0.004
72477693075	2013	10	14	5	0	0.001
72477693075	2013	10	14	6	0	0.014
72477693075	2013	10	29	12	0	0.014
72477693075	2013	10	30	3	0	0.017
72477693075	2013	10	30	4	0	0.035
72477693075	2013	10	30	13	0	0.001
72477693075	2013	10	30	14	0	0.001
72477693075	2013	10	30	15	0	0.001
72477693075	2013	10	30	16	0	0.003
72477693075	2013	10	30	17	0	0.003
72477693075	2013	10	30	18	0	0.003
72477693075	2013	10	30	19	0	0.001
72477693075	2013	10	30	20	0	0.001
72477693075	2013	10	30	21	0	0.001
72477693075	2013	10	30	22	0	0.002
72477693075	2013	10	30	23	0	0.002
72477693075	2013	10	31	0	0	0.002
72477693075	2013	11	21	1	0	0.011
72477693075	2013	11	21	2	0	0.018
72477693075	2013	11	21	3	0	0.011
72477693075	2013	11	21	5	0	0.011
72477693075	2013	11	21	10	0	0.011
72477693075	2013	11	21	16	0	0.011
72477693075	2013	11	21	17	0	0.011
72477693075	2013	11	21	22	0	0.045
72477693075	2013	11	21	23	0	0.017
72477693075	2013	11	23	0	0	0.058
72477693075	2013	11	23	1	0	0.13
72477693075	2013	11	23	2	0	0.066
72477693075	2013	11	23	3	0	0.044
72477693075	2013	11	23	4	0	0.058
72477693075	2013	11	23	5	0	0.078
72477693075	2013	11	23	6	0	0.129
72477693075	2013	11	23	7	0	0.08
72477693075	2013	11	23	8	0	0.013
72477693075	2013	11	23	9	0	0.013
72477693075	2013	11	23	10	0	0.066
72477693075	2013	11	23	11	0	0.107
72477693075	2013	11	23	13	0	0.038
72477693075	2013	11	23	14	0	0.011
72477693075	2013	11	23	18	0	0.018
72477693075	2013	11	23	19	0	0.048
72477693075	2013	11	23	20	0	0.018
72477693075	2013	11	23	21	0	0.011
72477693075	2013	11	24	0	0	0.018
72477693075	2013	11	24	2	0	0.018
72477693075	2013	11	24	3	0	0.011
72477693075	2013	11	24	4	0	0.011
72477693075	2013	11	24	6	0	0.011
72477693075	2013	11	30	17	0	0.001
72477693075	2013	12	4	7	0	0.049
72477693075	2013	12	4	9	0	0.049
72477693075	2013	12	4	11	0	0.049
72477693075	2013	12	4	13	0	0.008
72477693075	2013	12	8	1	0	0.012
72477693075	2013	12	8	2	0	0.04
72477693075	2013	12	8	3	0	0.032
72477693075	2013	12	8	5	0	0.012
72477693075	2014	1	30	20	0	0.02
72477693075	2014	1	31	0	0	0.01
72477693075	2014	1	31	1	0	0.01
72477693075	2014	1	31	15	0	0.01
72477693075	2014	1	31	17	0	0.02
72477693075	2014	1	31	18	0	0.05
72477693075	2014	1	31	19	0	0.09
72477693075	2014	1	31	20	0	0.06
72477693075	2014	2	3	17	0	0.01
72477693075	2014	2	10	11	0	0.01
72477693075	2014	2	19	22	0	0.02
72477693075	2014	2	27	21	0	0.02
72477693075	2014	3	1	9	0	0.08
72477693075	2014	3	1	10	0	0.12
72477693075	2014	3	1	11	0	0.01
72477693075	2014	3	2	0	0	0.09
72477693075	2014	3	7	10	0	0.01
72477693075	2014	4	2	21	0	0.01
72477693075	2014	4	13	12	0	0.01
72477693075	2014	4	13	14	0	0.01
72477693075	2014	4	13	15	0	0.01
72477693075	2014	4	13	17	0	0.01
72477693075	2014	4	13	19	0	0.04
72477693075	2014	4	26	15	0	0.01
72477693075	2014	4	26	16	0	0.15
72477693075	2014	4	26	19	0	0.01
72477693075	2014	4	26	22	0	0.01
72477693075	2014	4	26	23	0	0.02
72477693075	2014	4	27	12	0	0.01
72477693075	2014	5	11	2	0	0.005
72477693075	2014	5	11	3	0	0.11
72477693075	2014	5	11	4	0	0.05
72477693075	2014	5	11	5	0	0.01
72477693075	2014	5	11	6	0	0.09
72477693075	2014	5	11	7	0	0.13
72477693075	2014	5	11	8	0	0.08
72477693075	2014	5	11	9	0	0.06
72477693075	2014	5	11	10	0	0.06
72477693075	2014	5	11	11	0	0.02
72477693075	2014	5	11	12	0	0.08
72477693075	2014	5	11	17	0	0.11
72477693075	2014	5	11	18	0	0.17
72477693075	2014	5	11	19	0	0.04
72477693075	2014	5	11	20	0	0.02
72477693075	2014	5	11	21	0	0.06
72477693075	2014	5	23	10	0	0.08
72477693075	2014	5	23	11	0	0.06
72477693075	2014	5	23	23	0	0.006
72477693075	2014	5	24	0	0	0.03
72477693075	2014	5	26	1	0	0.06
72477693075	2014	5	26	3	0	0.01
72477693075	2014	5	26	4	0	0.03
72477693075	2014	5	26	5	0	0.01
72477693075	2014	7	10	1	0	0.06
72477693075	2014	7	10	2	0	0.06
72477693075	2014	7	11	3	0	0.07
72477693075	2014	7	11	4	0	0.01
72477693075	2014	7	11	5	0	0.01
72477693075	2014	7	11	6	0	0.01
72477693075	2014	7	16	1	0	0.02
72477693075	2014	7	16	2	0	0.04
72477693075	2014	7	28	5	0	0.02
72477693075	2014	7	28	8	0	0.02
72477693075	2014	7	29	3	0	0.04
72477693075	2014	7	29	4	0	0.21
72477693075	2014	7	29	5	0	0.21
72477693075	2014	7	29	6	0	0.01
72477693075	2014	7	29	22	0	0.31
72477693075	2014	7	29	23	0	0.13
72477693075	2014	7	30	0	0	0.14
72477693075	2014	8	1	4	0	0.014
72477693075	2014	8	1	5	0	0.007
72477693075	2014	8	4	1	0	0.06
72477693075	2014	8	4	6	0	0.14
72477693075	2014	8	4	11	0	0.06
72477693075	2014	8	4	17	0	0.02
72477693075	2014	8	4	19	0	0.08
72477693075	2014	8	4	20	0	0.04
72477693075	2014	8	5	7	0	0.01
72477693075	2014	8	5	8	0	0.05
72477693075	2014	8	5	9	0	0.01
72477693075	2014	8	5	14	0	0.01
72477693075	2014	8	13	15	0	0.01
72477693075	2014	8	14	0	0	0.01
72477693075	2014	8	14	4	0	0.1
72477693075	2014	8	14	5	0	0.31
72477693075	2014	8	14	6	0	0.12
72477693075	2014	8	14	7	0	0.1
72477693075	2014	8	19	23	0	0.04
72477693075	2014	8	20	0	0	0.21
72477693075	2014	8	23	11	0	0.04
72477693075	2014	8	23	12	0	0.023
72477693075	2014	8	23	13	0	0.039
72477693075	2014	8	23	14	0	0.063
72477693075	2014	8	23	17	0	0.02
72477693075	2014	8	27	10	0	0.06
72477693075	2014	9	9	2	0	0.007
72477693075	2014	9	9	3	0	0.34
72477693075	2014	9	9	4	0	0.01
72477693075	2014	9	9	6	0	0.02
72477693075	2014	9	9	12	0	0.01
72477693075	2014	9	9	13	0	0.01
72477693075	2014	9	9	21	0	0.01
72477693075	2014	9	21	19	0	0.17
72477693075	2014	9	21	20	0	0.11
72477693075	2014	9	21	21	0	0.03
72477693075	2014	9	22	10	0	0.01
72477693075	2014	9	28	1	0	0.2
72477693075	2014	9	28	2	0	0.02
72477693075	2014	9	28	3	0	0.13
72477693075	2014	9	28	4	0	0.05
72477693075	2014	9	28	6	0	0.09
72477693075	2014	9	28	7	0	0.08
72477693075	2014	9	28	8	0	0.04
72477693075	2014	9	28	10	0	0.05
72477693075	2014	9	28	11	0	0.01
72477693075	2014	9	28	15	0	0.08
72477693075	2014	9	28	16	0	0.01
72477693075	2014	9	29	1	0	0.01
72477693075	2014	10	1	12	0	0.08
72477693075	2014	10	1	17	0	0.01
72477693075	2014	11	2	17	0	0.01
72477693075	2014	11	3	6	0	0.01
72477693075	2014	11	3	8	0	0.01
72477693075	2014	12	13	13	0	0.01
72477693075	2014	12	13	14	0	0.02
72477693075	2014	12	13	16	0	0.02
72477693075	2014	12	13	17	0	0.08
72477693075	2014	12	13	18	0	0.02
72477693075	2014	12	13	19	0	0.03
72477693075	2014	12	14	3	0	0.01
72477693075	2014	12	14	4	0	0.01
72477693075	2014	12	23	4	0	0.01
72477693075	2014	12	25	15	0	0.02
72477693075	2014	12	25	17	0	0.01
72477693075	2014	12	25	18	0	0.01
72477693075	2014	12	29	7	0	0.01
72477693075	2015	1	11	9	0	0.06
72477693075	2015	1	13	6	0	0.02
72477693075	2015	1	13	7	0	0.03
72477693075	2015	1	13	8	0	0.02
72477693075	2015	1	13	12	0	0.01
72477693075	2015	3	2	21	0	0.03
72477693075	2015	3	3	23	0	0.01
72477693075	2015	4	17	7	0	0.05
72477693075	2015	4	17	8	0	0.06
72477693075	2015	4	17	9	0	0.03
72477693075	2015	4	19	2	0	0.01
72477693075	2015	4	25	10	0	0.02
72477693075	2015	4	25	11	0	0.06
72477693075	2015	4	25	12	0	0.01
72477693075	2015	4	25	20	0	0.13
72477693075	2015	4	25	22	0	0.01
72477693075	2015	4	26	1	0	0.07
72477693075	2015	4	26	4	0	0.03
72477693075	2015	4	26	19	0	0.01
72477693075	2015	4	26	20	0	0.06
72477693075	2015	4	27	0	0	0.02
72477693075	2015	5	4	23	0	0.06
72477693075	2015	5	6	0	0	0.13
72477693075	2015	5	6	1	0	0.02
72477693075	2015	5	6	17	0	0.04
72477693075	2015	5	6	19	0	0.04
72477693075	2015	5	6	22	0	0.04
72477693075	2015	5	7	6	0	0.01
72477693075	2015	5	8	21	0	0.04
72477693075	2015	5	8	22	0	0.01
72477693075	2015	5	9	0	0	0.06
72477693075	2015	5	9	1	0	0.03
72477693075	2015	5	14	16	0	0.08
72477693075	2015	5	14	17	0	0.03
72477693075	2015	5	14	22	0	0.01
72477693075	2015	5	15	11	0	0.04
72477693075	2015	5	16	10	0	0.01
72477693075	2015	5	16	11	0	0.06
72477693075	2015	5	16	12	0	0.07
72477693075	2015	5	16	13	0	0.1
72477693075	2015	5	16	23	0	0.01
72477693075	2015	5	18	23	0	0.07
72477693075	2015	5	19	2	0	0.02
72477693075	2015	5	19	3	0	0.04
72477693075	2015	5	23	17	0	0.01
72477693075	2015	5	23	20	0	0.01
72477693075	2015	5	24	1	0	0.02
72477693075	2015	5	24	2	0	0.04
72477693075	2015	5	26	19	0	0.03
72477693075	2015	6	5	19	0	0.07
72477693075	2015	6	5	23	0	0.03
72477693075	2015	6	6	0	0	0.02
72477693075	2015	6	6	3	0	0.04
72477693075	2015	6	6	4	0	0.25
72477693075	2015	6	6	5	0	0.45
72477693075	2015	6	6	6	0	0.19
72477693075	2015	6	6	7	0	0.04
72477693075	2015	6	6	8	0	0.02
72477693075	2015	6	6	23	0	0.001
72477693075	2015	6	7	0	0	0.01
72477693075	2015	6	7	2	0	0.01
72477693075	2015	6	7	6	0	0.03
72477693075	2015	6	11	0	0	0.01
72477693075	2015	6	11	2	0	0.06
72477693075	2015	6	11	3	0	0.01
72477693075	2015	6	11	17	0	0.21
72477693075	2015	6	11	18	0	0.05
72477693075	2015	6	11	19	0	0.01
72477693075	2015	7	5	2	0	0.001
72477693075	2015	7	5	3	0	0.01
72477693075	2015	7	5	4	0	0.01
72477693075	2015	7	5	5	0	0.03
72477693075	2015	7	5	6	0	0.01
72477693075	2015	7	5	8	0	0.01
72477693075	2015	7	5	9	0	0.02
72477693075	2015	7	5	10	0	0.02
72477693075	2015	7	6	6	0	0.01
72477693075	2015	7	6	23	0	0.07
72477693075	2015	7	8	23	0	0.05
72477693075	2015	7	9	0	0	0.08
72477693075	2015	7	9	22	0	0.04
72477693075	2015	7	9	23	0	0.01
72477693075	2015	7	10	2	0	0.01
72477693075	2015	7	10	4	0	0.01
72477693075	2015	7	10	5	0	0.03
72477693075	2015	7	10	6	0	0.05
72477693075	2015	7	10	7	0	0.01
72477693075	2015	7	11	17	0	0.01
72477693075	2015	7	15	23	0	0.2
72477693075	2015	7	16	4	0	0.02
72477693075	2015	7	21	22	0	0.22
72477693075	2015	7	21	23	0	0.05
72477693075	2015	7	22	5	0	0.04
72477693075	2015	8	3	3	0	0.25
72477693075	2015	8	3	23	0	0.03
72477693075	2015	8	4	0	0	0.13
72477693075	2015	8	4	3	0	0.14
72477693075	2015	8	4	4	0	0.01
72477693075	2015	8	11	18	0	0.02
72477693075	2015	8	11	19	0	0.02
72477693075	2015	8	12	0	0	0.01
72477693075	2015	8	21	22	0	0.02
72477693075	2015	8	26	16	0	0.1
72477693075	2015	8	26	18	0	0.01
72477693075	2015	8	26	20	0	0.01
72477693075	2015	8	30	23	0	0.06
72477693075	2015	9	2	3	0	0.1
72477693075	2015	9	4	18	0	0.01
72477693075	2015	9	5	3	0	0.02
72477693075	2015	9	7	15	0	0.01
72477693075	2015	9	15	2	0	0.03
72477693075	2015	9	15	7	0	0.02
72477693075	2015	9	15	8	0	0.03
72477693075	2015	9	15	10	0	0.02
72477693075	2015	9	15	14	0	0.06
72477693075	2015	9	15	20	0	0.04
72477693075	2015	9	16	3	0	0.01
72477693075	2015	10	5	9	0	0.05
72477693075	2015	10	5	10	0	0.04
72477693075	2015	10	5	12	0	0.03
72477693075	2015	10	5	17	0	0.09
72477693075	2015	10	5	18	0	0.02
72477693075	2015	10	5	19	0	0.06
72477693075	2015	10	5	20	0	0.01
72477693075	2015	10	19	8	0	0.01
72477693075	2015	10	19	9	0	0.08
72477693075	2015	10	19	10	0	0.07
72477693075	2015	10	19	11	0	0.02
72477693075	2015	10	20	3	0	0.05
72477693075	2015	10	20	7	0	0.03
72477693075	2015	10	20	8	0	0.03
72477693075	2015	10	20	21	0	0.03
72477693075	2015	10	20	22	0	0.02
72477693075	2015	10	21	5	0	0.012
72477693075	2015	10	21	6	0	0.01
72477693075	2015	10	21	21	0	0.01
72477693075	2015	10	22	13	0	0.01
72477693075	2015	10	22	14	0	0.01
72477693075	2015	10	22	16	0	0.03
72477693075	2015	10	23	1	0	0.01
72477693075	2015	10	23	2	0	0.013
72477693075	2015	10	23	3	0	0.23
72477693075	2015	10	23	4	0	0.01
72477693075	2015	10	26	8	0	0.01
72477693075	2015	10	26	13	0	0.01
72477693075	2015	10	30	3	0	0.02
72477693075	2015	10	30	4	0	0.01
72477693075	2015	10	30	7	0	0.01
72477693075	2015	10	30	8	0	0.01
72477693075	2015	11	3	22	0	0.01
72477693075	2015	11	3	23	0	0.09
72477693075	2015	11	4	0	0	0.01
72477693075	2015	11	4	1	0	0.03
72477693075	2015	11	4	3	0	0.01
72477693075	2015	11	4	4	0	0.02
72477693075	2015	11	4	5	0	0.01
72477693075	2015	11	5	3	0	0.01
72477693075	2015	11	10	21	0	0.02
72477693075	2015	11	10	22	0	0.05
72477693075	2015	11	10	23	0	0.01
72477693075	2015	11	11	1	0	0.03
72477693075	2015	11	11	4	0	0.01
72477693075	2015	11	11	5	0	0.03
72477693075	2015	11	16	3	0	0.01
72477693075	2015	11	16	6	0	0.02
72477693075	2015	11	16	7	0	0.01
72477693075	2015	11	16	8	0	0.03
72477693075	2015	11	16	11	0	0.02
72477693075	2015	12	12	0	0	0.02
72477693075	2015	12	12	1	0	0.06
72477693075	2015	12	12	2	0	0.01
72477693075	2015	12	12	3	0	0.01
72477693075	2015	12	14	16	0	0.02
72477693075	2015	12	23	1	0	0.04
72477693075	2015	12	23	2	0	0.01
72477693075	2015	12	25	19	0	0.01
72477693075	2015	12	25	20	0	0.01
72477693075	2016	1	5	18	0	0.01
72477693075	2016	1	6	15	0	0.01
72477693075	2016	1	6	22	0	0.01
72477693075	2016	1	6	23	0	0.01
72477693075	2016	1	7	1	0	0.01
72477693075	2016	1	7	15	0	0.01
72477693075	2016	1	7	16	0	0.01
72477693075	2016	1	31	1	0	0.01
72477693075	2016	2	1	17	0	0.01
72477693075	2016	2	1	18	0	0.04
72477693075	2016	2	1	19	0	0.03
72477693075	2016	2	1	20	0	0.1
72477693075	2016	2	1	21	0	0.06
72477693075	2016	3	7	12	0	0.02
72477693075	2016	3	22	23	0	0.02
72477693075	2016	3	29	12	0	0.03
72477693075	2016	3	29	13	0	0.06
72477693075	2016	3	29	18	0	0.08
72477693075	2016	4	26	12	0	0.001
72477693075	2016	4	26	13	0	0.107
72477693075	2016	4	28	8	0	0.254
72477693075	2016	4	28	9	0	0.086
72477693075	2016	4	28	15	0	0.05
72477693075	2016	4	28	18	0	0.002
72477693075	2016	4	28	19	0	0.117
72477693075	2016	4	28	20	0	0.008
72477693075	2016	4	29	0	0	0.015
72477693075	2016	4	29	1	0	0.046
72477693075	2016	4	29	5	0	0.001
72477693075	2016	4	29	23	0	0.02
72477693075	2016	5	7	21	0	0.02
72477693075	2016	5	9	2	0	0.01
72477693075	2016	5	9	3	0	0.03
72477693075	2016	5	9	11	0	0.02
72477693075	2016	5	9	12	0	0.06
72477693075	2016	5	9	13	0	0.02
72477693075	2016	5	10	8	0	0.01
72477693075	2016	5	16	18	0	0.14
72477693075	2016	5	16	19	0	0.025
72477693075	2016	5	16	20	0	0.007
72477693075	2016	5	17	1	0	0.049
72477693075	2016	5	17	2	0	0.035
72477693075	2016	5	17	9	0	0.09
72477693075	2016	5	17	10	0	0.02
72477693075	2016	5	17	15	0	0.01
72477693075	2016	6	23	12	0	0.02
72477693075	2016	6	29	22	0	0.29
72477693075	2016	7	1	1	0	0.14
72477693075	2016	7	2	4	0	0.02
72477693075	2016	7	2	5	0	0.01
72477693075	2016	7	19	9	0	0.02
72477693075	2016	7	19	10	0	0.16
72477693075	2016	7	31	6	0	0.03
72477693075	2016	8	6	3	0	0.02
72477693075	2016	8	6	4	0	0.03
72477693075	2016	8	8	15	0	0.02
72477693075	2016	8	19	2	0	0.12
72477693075	2016	8	23	2	0	0.14
72477693075	2016	8	23	3	0	0.02
72477693075	2016	8	23	4	0	0.02
72477693075	2016	8	23	5	0	0.02
72477693075	2016	8	24	2	0	0.28
72477693075	2016	9	4	12	0	0.03
72477693075	2016	9	13	20	0	0.12
72477693075	2016	9	13	22	0	0.04
72477693075	2016	9	21	21	0	0.15
72477693075	2016	9	21	22	0	0.04
72477693075	2016	9	21	23	0	0.04
72477693075	2016	9	22	1	0	0.02
72477693075	2016	9	22	2	0	0.02
72477693075	2016	9	23	0	0	0.18
72477693075	2016	9	23	6	0	0.08
72477693075	2016	9	23	9	0	0.07
72477693075	2016	9	29	12	0	0.03
72477693075	2016	9	29	13	0	0.02
72477693075	2016	9	29	14	0	0.17
72477693075	2016	10	2	19	0	0.02
72477693075	2016	10	3	12	0	0.03
72477693075	2016	10	3	13	0	0.07
72477693075	2016	10	11	2	0	0.02
72477693075	2016	10	25	2	0	0.02
72477693075	2016	10	25	3	0	0.02
72477693075	2016	10	25	4	0	0.05
72477693075	2016	10	25	5	0	0.08
72477693075	2016	10	25	6	0	0.14
72477693075	2016	11	17	12	0	0.03
72477693075	2016	11	17	13	0	0.05
72477693075	2016	11	21	20	0	0.14
72477693075	2016	11	21	21	0	0.1
72477693075	2016	12	17	2	0	0.02
72477693075	2016	12	23	2	0	0.03
72477693075	2016	12	23	3	0	0.14
72477693075	2016	12	23	4	0	0.02
72477693075	2016	12	25	4	0	0.06
72477693075	2017	1	19	21	0	0.01
72477693075	2017	1	20	0	0	0.01
72477693075	2017	1	20	1	0	0.01
72477693075	2017	1	20	3	0	0.01
72477693075	2017	1	20	7	0	0.01
72477693075	2017	1	20	8	0	0.02
72477693075	2017	1	20	9	0	0.01
72477693075	2017	1	23	20	0	0.02
72477693075	2017	2	19	17	0	0.04
72477693075	2017	2	19	20	0	0.02
72477693075	2017	2	19	21	0	0.01
72477693075	2017	2	19	22	0	0.02
72477693075	2017	2	20	2	0	0.02
72477693075	2017	2	23	7	0	0.01
72477693075	2017	3	25	21	0	0.01
72477693075	2017	3	25	22	0	0.01
72477693075	2017	3	26	1	0	0.006
72477693075	2017	3	26	2	0	0.001
72477693075	2017	3	26	3	0	0.006
72477693075	2017	3	28	1	0	0.001
72477693075	2017	3	28	3	0	0.01
72477693075	2017	4	1	5	0	0.05
72477693075	2017	4	1	6	0	0.01
72477693075	2017	4	1	7	0	0.01
72477693075	2017	4	1	8	0	0.01
72477693075	2017	4	1	9	0	0.05
72477693075	2017	4	1	10	0	0.01
72477693075	2017	5	6	23	0	0.01
72477693075	2017	5	8	0	0	0.02
72477693075	2017	5	8	6	0	0.01
72477693075	2017	5	9	3	0	0.02
72477693075	2017	5	10	12	0	0.02
72477693075	2017	5	10	13	0	0.1
72477693075	2017	5	10	14	0	0.09
72477693075	2017	5	10	15	0	0.09
72477693075	2017	5	17	15	0	0.01
72477693075	2017	5	17	16	0	0.02
72477693075	2017	5	17	21	0	0.01
72477693075	2017	5	22	1	0	0.05
72477693075	2017	7	12	5	0	0.01
72477693075	2017	7	16	0	0	0.19
72477693075	2017	7	16	1	0	0.01
72477693075	2017	7	19	23	0	0.02
72477693075	2017	7	20	0	0	0.13
72477693075	2017	7	20	4	0	0.01
72477693075	2017	7	21	0	0	0.04
72477693075	2017	7	21	1	0	0.02
72477693075	2017	7	21	2	0	0.07
72477693075	2017	7	22	1	0	0.031
72477693075	2017	7	22	2	0	0.006
72477693075	2017	7	22	3	0	0.007
72477693075	2017	7	25	3	0	0.08
72477693075	2017	7	25	4	0	0.07
72477693075	2017	7	25	5	0	0.22
72477693075	2017	7	25	6	0	0.02
72477693075	2017	7	25	7	0	0.02
72477693075	2017	7	25	11	0	0.02
72477693075	2017	7	25	12	0	0.21
72477693075	2017	7	25	13	0	0.05
72477693075	2017	7	25	14	0	0.04
72477693075	2017	7	25	18	0	0.06
72477693075	2017	7	25	19	0	0.01
72477693075	2017	7	25	21	0	0.03
72477693075	2017	7	25	23	0	0.01
72477693075	2017	7	29	1	0	0.03
72477693075	2017	8	10	4	0	0.04
72477693075	2017	8	11	3	0	0.05
72477693075	2017	9	14	20	0	0.05
72477693075	2017	9	14	22	0	0.07
72477693075	2017	9	14	23	0	0.17
72477693075	2017	9	15	0	0	0.03
72477693075	2017	9	16	0	0	0.01
72477693075	2017	9	16	1	0	0.06
72477693075	2017	9	16	2	0	0.02
72477693075	2017	9	27	16	0	0.06
72477693075	2017	9	27	17	0	0.02
72477693075	2017	9	28	3	0	0.01
72477693075	2017	9	28	6	0	0.03
72477693075	2017	9	28	8	0	0.01
72477693075	2017	9	28	9	0	0.03
72477693075	2017	9	28	11	0	0.04
72477693075	2017	9	30	15	0	0.01
72477693075	2017	9	30	16	0	0.15
72477693075	2017	9	30	17	0	0.03
72477693075	2017	9	30	18	0	0.02
72477693075	2017	10	1	0	0	0.07
72477693075	2017	10	2	9	0	0.01
72477693075	2017	10	2	10	0	0.04
72477693075	2017	10	2	11	0	0.02
72477693075	2017	10	2	12	0	0.02
72477693075	2017	10	2	13	0	0.02
72477693075	2017	10	2	14	0	0.07
72477693075	2017	10	2	15	0	0.06
72477693075	2017	10	2	16	0	0.05
72477693075	2017	10	2	17	0	0.02
72477693075	2017	12	21	10	0	0.02
72477693075	2017	12	21	11	0	0.01
72477693075	2017	12	21	12	0	0.01
72477693075	2017	12	21	14	0	0.02
72477693075	2017	12	21	15	0	0.01
72477693075	2017	12	21	16	0	0.07
72477693075	2017	12	21	17	0	0.08
72477693075	2017	12	21	18	0	0.03
72477693075	2017	12	21	19	0	0.06
72477693075	2017	12	21	20	0	0.03
72477693075	2017	12	21	21	0	0.01
72477693075	2018	1	7	1	0	0.01
72477693075	2018	1	7	2	0	0.03
72477693075	2018	1	9	3	0	0.02
72477693075	2018	1	9	6	0	0.01
72477693075	2018	1	9	17	0	0.01
72477693075	2018	1	10	9	0	0.02
72477693075	2018	1	10	13	0	0.03
72477693075	2018	1	10	14	0	0.04
72477693075	2018	1	20	23	0	0.01
72477693075	2018	1	21	3	0	0.01
72477693075	2018	1	21	4	0	0.06
72477693075	2018	2	6	10	0	0.07
72477693075	2018	2	6	11	0	0.063
72477693075	2018	2	10	21	0	0.02
72477693075	2018	2	12	18	0	0.05
72477693075	2018	2	12	19	0	0.01
72477693075	2018	2	12	21	0	0.01
72477693075	2018	2	13	1	0	0.01
72477693075	2018	2	13	2	0	0.01
72477693075	2018	2	13	4	0	0.01
72477693075	2018	2	13	7	0	0.15
72477693075	2018	2	13	8	0	0.08
72477693075	2018	2	13	9	0	0.06
72477693075	2018	2	13	10	0	0.04
72477693075	2018	2	13	11	0	0.02
72477693075	2018	2	13	12	0	0.02
72477693075	2018	2	13	18	0	0.01
72477693075	2018	2	13	19	0	0.01
72477693075	2018	2	15	13	0	0.01
72477693075	2018	2	20	0	0	0.01
72477693075	2018	2	23	15	0	0.02
72477693075	2018	3	4	15	0	0.01
72477693075	2018	3	15	9	0	0.04
72477693075	2018	3	15	21	0	0.01
72477693075	2018	3	18	11	0	0.01
72477693075	2018	3	18	12	0	0.17
72477693075	2018	3	18	13	0	0.02
72477693075	2018	3	18	14	0	0.02
72477693075	2018	3	18	15	0	0.03
72477693075	2018	3	18	16	0	0.01
72477693075	2018	3	23	10	0	0.02
72477693075	2018	3	23	11	0	0.01
72477693075	2018	3	23	12	0	0.01
72477693075	2018	3	23	13	0	0.06
72477693075	2018	3	23	14	0	0.08
72477693075	2018	4	7	22	0	0.01
72477693075	2018	4	7	23	0	0.01
72477693075	2018	4	8	1	0	0.17
72477693075	2018	4	8	2	0	0.04
72477693075	2018	4	21	5	0	0.02
72477693075	2018	4	21	6	0	0.02
72477693075	2018	5	1	13	0	0.02
72477693075	2018	5	1	14	0	0.01
72477693075	2018	5	1	15	0	0.01
72477693075	2018	5	1	16	0	0.01
72477693075	2018	5	1	17	0	0.01
72477693075	2018	5	1	21	0	0.07
72477693075	2018	5	2	6	0	0.03
72477693075	2018	5	2	7	0	0.07
72477693075	2018	5	2	8	0	0.08
72477693075	2018	5	2	9	0	0.03
72477693075	2018	5	2	10	0	0.05
72477693075	2018	5	2	18	0	0.18
72477693075	2018	5	2	19	0	0.01
72477693075	2018	5	3	1	0	0.09
72477693075	2018	5	3	2	0	0.06
72477693075	2018	5	3	5	0	0.02
72477693075	2018	5	3	6	0	0.03
72477693075	2018	5	3	7	0	0.01
72477693075	2018	5	3	8	0	0.01
72477693075	2018	5	3	9	0	0.01
72477693075	2018	5	22	19	0	0.02
72477693075	2018	5	22	21	0	0.07
72477693075	2018	5	22	22	0	0.01
72477693075	2018	7	12	3	0	0.12
72477693075	2018	7	12	4	0	0.07
72477693075	2018	7	12	5	0	0.02
72477693075	2018	7	18	1	0	0.03
72477693075	2018	7	28	21	0	0.03
72477693075	2018	7	28	22	0	0.02
72477693075	2018	8	17	6	0	0.05
72477693075	2018	8	18	10	0	0.01
72477693075	2018	8	21	4	0	0.01
72477693075	2018	8	21	5	0	0.02
72477693075	2018	8	21	21	0	0.03
72477693075	2018	8	21	22	0	0.15
72477693075	2018	8	21	23	0	0.2
72477693075	2018	8	22	0	0	0.04
72477693075	2018	8	31	23	0	0.16
72477693075	2018	9	1	3	0	0.01
72477693075	2018	10	2	14	0	0.01
72477693075	2018	10	2	18	0	0.04
72477693075	2018	10	2	19	0	0.01
72477693075	2018	10	2	20	0	0.02
72477693075	2018	10	4	14	0	0.14
72477693075	2018	10	6	23	0	0.02
72477693075	2018	10	7	0	0	0.01
72477693075	2018	10	7	2	0	0.01
72477693075	2018	10	7	4	0	0.07
72477693075	2018	10	7	5	0	0.08
72477693075	2018	10	7	6	0	0.01
72477693075	2018	10	7	9	0	0.01
72477693075	2018	10	7	12	0	0.1
72477693075	2018	10	7	13	0	0.09
72477693075	2018	10	7	14	0	0.07
72477693075	2018	10	7	15	0	0.01
72477693075	2018	10	7	18	0	0.01
72477693075	2018	10	7	19	0	0.03
72477693075	2018	10	7	20	0	0.01
72477693075	2018	10	7	23	0	0.01
72477693075	2018	10	8	1	0	0.01
72477693075	2018	10	8	9	0	0.01
72477693075	2018	10	8	14	0	0.01
72477693075	2018	10	8	16	0	0.01
72477693075	2018	10	8	17	0	0.04
72477693075	2018	10	8	18	0	0.01
72477693075	2018	10	9	1	0	0.02
72477693075	2018	10	9	2	0	0.03
72477693075	2018	10	9	3	0	0.02
72477693075	2018	10	10	3	0	0.05
72477693075	2018	10	10	4	0	0.11
72477693075	2018	10	10	9	0	0.01
72477693075	2018	10	10	10	0	0.02
72477693075	2018	10	11	5	0	0.01
72477693075	2018	10	11	6	0	0.016
72477693075	2018	10	11	8	0	0.03
72477693075	2018	10	11	11	0	0.05
72477693075	2018	10	11	14	0	0.01
72477693075	2018	10	11	16	0	0.05
72477693075	2018	10	11	17	0	0.04
72477693075	2018	10	17	15	0	0.01
72477693075	2018	10	17	16	0	0.01
72477693075	2018	10	18	0	0	0.16
72477693075	2018	10	18	1	0	0.13
72477693075	2018	10	18	2	0	0.03
72477693075	2018	10	18	3	0	0.01
72477693075	2018	10	18	4	0	0.01
72477693075	2018	10	18	5	0	0.05
72477693075	2018	10	18	6	0	0.06
72477693075	2018	10	18	8	0	0.04
72477693075	2018	10	18	9	0	0.1
72477693075	2018	10	18	10	0	0.04
72477693075	2018	10	18	12	0	0.01
72477693075	2018	10	23	2	0	0.011
72477693075	2018	10	23	3	0	0.03
72477693075	2018	12	1	8	0	0.002
72477693075	2018	12	2	14	0	0.01
72477693075	2018	12	2	15	0	0.01
72477693075	2018	12	2	17	0	0.04
72477693075	2018	12	2	18	0	0.08
72477693075	2018	12	2	19	0	0.02
72477693075	2018	12	2	20	0	0.01
72477693075	2018	12	2	21	0	0.03
72477693075	2018	12	2	22	0	0.02
72477693075	2018	12	2	23	0	0.02
72477693075	2018	12	3	0	0	0.01
72477693075	2018	12	26	0	0	0.01
72477693075	2018	12	26	2	0	0.05
72477693075	2018	12	26	3	0	0.01
72477693075	2018	12	31	14	0	0.02
72477693075	2018	12	31	15	0	0.01
72477693075	2018	12	31	16	0	0.01
72477693075	2018	12	31	17	0	0.01
72477693075	2018	12	31	19	0	0.01
72477693075	2019	1	6	8	0	0.01
72477693075	2019	1	6	9	0	0.03
72477693075	2019	1	6	10	0	0.03
72477693075	2019	1	6	11	0	0.03
72477693075	2019	1	6	12	0	0.03
72477693075	2019	1	6	13	0	0.04
72477693075	2019	1	6	14	0	0.05
72477693075	2019	1	6	15	0	0.03
72477693075	2019	1	6	16	0	0.03
72477693075	2019	1	6	23	0	0.01
72477693075	2019	1	15	22	0	0.01
72477693075	2019	1	15	23	0	0.03
72477693075	2019	1	16	0	0	0.04
72477693075	2019	1	16	1	0	0.02
72477693075	2019	1	16	2	0	0.04
72477693075	2019	1	16	3	0	0.04
72477693075	2019	1	16	4	0	0.03
72477693075	2019	1	16	5	0	0.03
72477693075	2019	1	17	20	0	0.03
72477693075	2019	1	17	21	0	0.03
72477693075	2019	1	17	22	0	0.01
72477693075	2019	1	18	6	0	0.02
72477693075	2019	1	18	7	0	0.08
72477693075	2019	1	18	8	0	0.01
72477693075	2019	2	3	7	0	0.01
72477693075	2019	2	3	8	0	0.02
72477693075	2019	2	3	14	0	0.03
72477693075	2019	2	6	9	0	0.03
72477693075	2019	2	6	10	0	0.01
72477693075	2019	2	13	23	0	0.01
72477693075	2019	2	14	0	0	0.01
72477693075	2019	2	14	19	0	0.06
72477693075	2019	2	14	20	0	0.11
72477693075	2019	2	14	21	0	0.08
72477693075	2019	2	14	22	0	0.09
72477693075	2019	2	14	23	0	0.11
72477693075	2019	2	15	0	0	0.05
72477693075	2019	2	15	1	0	0.08
72477693075	2019	2	15	2	0	0.05
72477693075	2019	2	15	3	0	0.02
72477693075	2019	2	15	4	0	0.01
72477693075	2019	2	18	0	0	0.01
72477693075	2019	2	18	5	0	0.01
72477693075	2019	2	18	6	0	0.02
72477693075	2019	2	18	17	0	0.01
72477693075	2019	2	18	18	0	0.01
72477693075	2019	2	19	1	0	0.02
72477693075	2019	2	19	2	0	0.03
72477693075	2019	2	19	3	0	0.02
72477693075	2019	2	19	4	0	0.01
72477693075	2019	2	19	5	0	0.01
72477693075	2019	2	19	12	0	0.01
72477693075	2019	2	21	1	0	0.01
72477693075	2019	2	21	2	0	0.02
72477693075	2019	2	21	6	0	0.01
72477693075	2019	2	21	8	0	0.04
72477693075	2019	2	21	9	0	0.01
72477693075	2019	2	21	10	0	0.01
72477693075	2019	2	22	1	0	0.01
72477693075	2019	2	22	2	0	0.07
72477693075	2019	2	22	3	0	0.04
72477693075	2019	2	22	4	0	0.01
72477693075	2019	3	2	20	0	0.02
72477693075	2019	3	2	21	0	0.12
72477693075	2019	3	2	22	0	0.13
72477693075	2019	3	2	23	0	0.14
72477693075	2019	3	3	0	0	0.02
72477693075	2019	3	3	1	0	0.04
72477693075	2019	3	3	2	0	0.02
72477693075	2019	3	6	14	0	0.01
72477693075	2019	3	6	16	0	0.01
72477693075	2019	3	6	21	0	0.02
72477693075	2019	3	6	22	0	0.08
72477693075	2019	3	6	23	0	0.03
72477693075	2019	3	7	1	0	0.01
72477693075	2019	3	8	8	0	0.01
72477693075	2019	3	8	9	0	0.03
72477693075	2019	3	8	16	0	0.02
72477693075	2019	3	13	3	0	0.03
72477693075	2019	3	13	4	0	0.01
72477693075	2019	3	13	5	0	0.02
72477693075	2019	3	13	7	0	0.02
72477693075	2019	3	13	8	0	0.05
72477693075	2019	3	13	9	0	0.09
72477693075	2019	3	13	10	0	0.08
72477693075	2019	3	13	11	0	0.02
72477693075	2019	3	13	12	0	0.05
72477693075	2019	3	13	13	0	0.03
72477693075	2019	3	13	14	0	0.11
72477693075	2019	3	13	15	0	0.03
72477693075	2019	3	13	16	0	0.05
72477693075	2019	3	13	17	0	0.08
72477693075	2019	3	13	18	0	0.07
72477693075	2019	3	13	19	0	0.01
72477693075	2019	3	13	20	0	0.01
72477693075	2019	3	21	15	0	0.12
72477693075	2019	3	21	16	0	0.04
72477693075	2019	3	21	17	0	0.07
72477693075	2019	3	21	18	0	0.03
72477693075	2019	3	21	19	0	0.05
72477693075	2019	3	21	23	0	0.05
72477693075	2019	3	22	0	0	0.03
72477693075	2019	3	22	1	0	0.01
72477693075	2019	3	22	2	0	0.06
72477693075	2019	3	22	4	0	0.03
72477693075	2019	3	24	11	0	0.02
72477693075	2019	3	24	12	0	0.01
72477693075	2019	4	3	16	0	0.01
72477693075	2019	4	10	9	0	0.02
72477693075	2019	4	10	13	0	0.01
72477693075	2019	4	10	15	0	0.03
72477693075	2019	4	10	16	0	0.09
72477693075	2019	4	10	17	0	0.04
72477693075	2019	4	10	18	0	0.02
72477693075	2019	4	10	19	0	0.01
72477693075	2019	4	11	22	0	0.07
72477693075	2019	4	17	4	0	0.05
72477693075	2019	4	17	12	0	0.02
72477693075	2019	4	28	19	0	0.04
72477693075	2019	4	28	22	0	0.02
72477693075	2019	4	29	22	0	0.07
72477693075	2019	4	29	23	0	0.03
72477693075	2019	4	30	1	0	0.03
72477693075	2019	4	30	2	0	0.03
72477693075	2019	4	30	6	0	0.05
72477693075	2019	4	30	7	0	0.1
72477693075	2019	4	30	8	0	0.07
72477693075	2019	4	30	14	0	0.1
72477693075	2019	4	30	15	0	0.01
72477693075	2019	5	1	3	0	0.03
72477693075	2019	5	1	4	0	0.09
72477693075	2019	5	1	5	0	0.07
72477693075	2019	5	20	0	0	0.01
72477693075	2019	5	20	9	0	0.01
72477693075	2019	5	20	23	0	0.06
72477693075	2019	5	21	0	0	0.01
72477693075	2019	5	21	21	0	0.01
72477693075	2019	5	21	22	0	0.02
72477693075	2019	5	22	7	0	0.01
72477693075	2019	5	22	19	0	0.03
72477693075	2019	5	22	20	0	0.01
72477693075	2019	5	22	21	0	0.04
72477693075	2019	5	22	23	0	0.05
72477693075	2019	5	23	0	0	0.02
72477693075	2019	5	23	11	0	0.019
72477693075	2019	5	23	12	0	0.07
72477693075	2019	5	23	13	0	0.14
72477693075	2019	5	23	14	0	0.14
72477693075	2019	5	23	15	0	0.04
72477693075	2019	5	23	16	0	0.01
72477693075	2019	5	23	19	0	0.12
72477693075	2019	5	23	20	0	0.02
72477693075	2019	5	23	21	0	0.06
72477693075	2019	5	27	20	0	0.01
72477693075	2019	5	28	7	0	0.01
72477693075	2019	5	28	11	0	0.01
72477693075	2019	5	28	13	0	0.02
72477693075	2019	6	18	0	0	0.06
72477693075	2019	6	21	23	0	0.01
72477693075	2019	6	22	0	0	0.01
72477693075	2019	6	22	3	0	0.04
72477693075	2019	7	8	10	0	0.01
72477693075	2019	7	14	7	0	0.01
72477693075	2019	7	25	9	0	0.03
72477693075	2019	7	28	2	0	0.013
72477693075	2019	9	8	15	0	0.01
72477693075	2019	9	8	16	0	0.01
72477693075	2019	9	28	4	0	0.05
72477693075	2019	11	20	6	0	0.07
72477693075	2019	11	20	7	0	0.11
72477693075	2019	11	20	8	0	0.03
72477693075	2019	11	20	11	0	0.04
72477693075	2019	11	20	12	0	0.01
72477693075	2019	11	20	15	0	0.01
72477693075	2019	11	20	16	0	0.01
72477693075	2019	11	21	7	0	0.12
72477693075	2019	11	21	23	0	0.01
72477693075	2019	11	22	0	0	0.01
72477693075	2019	11	22	1	0	0.04
72477693075	2019	11	22	2	0	0.01
72477693075	2019	11	26	0	0	0.04
72477693075	2019	11	26	1	0	0.07
72477693075	2019	11	26	2	0	0.04
72477693075	2019	11	26	3	0	0.02
72477693075	2019	11	26	4	0	0.01
72477693075	2019	11	26	7	0	0.01
72477693075	2019	11	26	8	0	0.01
72477693075	2019	11	29	12	0	0.01
72477693075	2019	11	29	13	0	0.1
72477693075	2019	11	29	14	0	0.06
72477693075	2019	11	29	15	0	0.08
72477693075	2019	11	29	16	0	0.04
72477693075	2019	11	29	17	0	0.01
72477693075	2019	11	29	21	0	0.02
72477693075	2019	12	5	3	0	0.02
72477693075	2019	12	5	5	0	0.02
72477693075	2019	12	5	6	0	0.04
72477693075	2019	12	5	7	0	0.01
72477693075	2019	12	5	13	0	0.02
72477693075	2019	12	5	14	0	0.03
72477693075	2019	12	14	4	0	0.012
72477693075	2019	12	25	0	0	0.03
72477693075	2019	12	25	1	0	0.08
72477693075	2019	12	25	2	0	0.04
72477693075	2019	12	25	3	0	0.04
72477693075	2019	12	25	4	0	0.03
72477693075	2019	12	25	5	0	0.02
72477693075	2019	12	25	6	0	0.05
72477693075	2019	12	26	8	0	0.03
72477693075	2019	12	27	13	0	0.01
72477693075	2019	12	27	14	0	0.01
72477693075	2019	12	27	16	0	0.02
72477693075	2019	12	27	17	0	0.01
72477693075	2019	12	27	20	0	0.08
72477693075	2019	12	27	21	0	0.03
72477693075	2019	12	27	22	0	0.01
72477693075	2019	12	27	23	0	0.01
72477693075	2019	12	28	0	0	0.03
72477693075	2019	12	28	1	0	0.02
72477693075	2019	12	28	2	0	0.03
72477693075	2019	12	28	4	0	0.02
72477693075	2019	12	28	6	0	0.02
72477693075	2019	12	28	7	0	0.02
72477693075	2019	12	28	8	0	0.02
72477693075	2019	12	28	9	0	0.01
