72484653123	2006	1	2	3	0	0.03
72484653123	2006	1	2	4	0	0.01
72484653123	2006	1	2	6	0	0.01
72484653123	2006	1	3	0	0	0.01
72484653123	2006	2	28	13	0	0.01
72484653123	2006	2	28	17	0	0.04
72484653123	2006	3	19	10	0	0.01
72484653123	2006	3	21	13	0	0.05
72484653123	2006	3	21	14	0	0.01
72484653123	2006	3	21	19	0	0.03
72484653123	2006	3	21	20	0	0.01
72484653123	2006	3	21	23	0	0.01
72484653123	2006	3	28	9	0	0.01
72484653123	2006	3	28	15	0	0.01
72484653123	2006	3	28	18	0	0.01
72484653123	2006	3	29	0	0	0.02
72484653123	2006	3	29	1	0	0.05
72484653123	2006	3	29	3	0	0.03
72484653123	2006	6	7	19	0	0.1
72484653123	2006	6	7	20	0	0.03
72484653123	2006	6	8	12	0	0.01
72484653123	2006	7	18	6	0	0.01
72484653123	2006	9	7	3	0	0.01
72484653123	2006	10	5	19	0	0.03
72484653123	2006	10	5	20	0	0.04
72484653123	2006	10	5	21	0	0.05
72484653123	2006	10	5	22	0	0.03
72484653123	2006	10	5	23	0	0.01
72484653123	2006	10	6	3	0	0.01
72484653123	2006	10	6	6	0	0.02
72484653123	2006	10	6	7	0	0.02
72484653123	2006	10	6	8	0	0.08
72484653123	2006	10	6	9	0	0.01
72484653123	2006	10	6	11	0	0.04
72484653123	2006	10	6	12	0	0.08
72484653123	2006	10	6	20	0	0.01
72484653123	2006	10	14	3	0	0.03
72484653123	2006	10	14	4	0	0.01
72484653123	2006	10	14	7	0	0.04
72484653123	2006	10	14	8	0	0.07
72484653123	2006	10	14	9	0	0.05
72484653123	2006	10	14	11	0	0.01
72484653123	2006	10	14	12	0	0.03
72484653123	2006	10	14	14	0	0.02
72484653123	2006	10	14	15	0	0.2
72484653123	2006	10	14	20	0	0.01
72484653123	2006	10	15	2	0	0.02
72484653123	2006	10	15	11	0	0.01
72484653123	2006	12	17	4	0	0.01
72484653123	2006	12	17	5	0	0.003
72484653123	2006	12	17	6	0	0.05
72484653123	2006	12	28	7	0	0.01
72484653123	2006	12	28	8	0	0.02
72484653123	2007	2	14	6	0	0.01
72484653123	2007	4	12	19	0	0.01
72484653123	2007	4	16	10	0	0.02
72484653123	2007	4	16	11	0	0.05
72484653123	2007	4	16	12	0	0.04
72484653123	2007	4	16	13	0	0.01
72484653123	2007	4	23	9	0	0.01
72484653123	2007	7	23	17	0	0.01
72484653123	2007	7	31	5	0	0.02
72484653123	2007	8	27	9	0	0.01
72484653123	2007	8	27	10	0	0.17
72484653123	2007	8	27	11	0	0.54
72484653123	2007	8	27	12	0	0.01
72484653123	2007	8	27	13	0	0.03
72484653123	2007	8	27	14	0	0.02
72484653123	2007	8	27	15	0	0.09
72484653123	2007	9	21	7	0	0.01
72484653123	2007	9	21	8	0	0.01
72484653123	2007	9	21	9	0	0.01
72484653123	2007	9	22	3	0	0.1
72484653123	2007	9	22	4	0	0.09
72484653123	2007	9	22	9	0	0.1
72484653123	2007	9	22	10	0	0.03
72484653123	2007	9	22	11	0	0.13
72484653123	2007	9	22	12	0	0.07
72484653123	2007	11	30	19	0	0.06
72484653123	2007	11	30	20	0	0.02
72484653123	2007	11	30	22	0	0.03
72484653123	2007	11	30	23	0	0.02
72484653123	2007	12	1	0	0	0.08
72484653123	2007	12	1	1	0	0.04
72484653123	2007	12	1	2	0	0.04
72484653123	2007	12	8	9	0	0.01
72484653123	2007	12	8	10	0	0.01
72484653123	2008	1	5	9	0	0.04
72484653123	2008	1	5	10	0	0.07
72484653123	2008	1	5	11	0	0.06
72484653123	2008	1	5	12	0	0.02
72484653123	2008	1	24	14	0	0.04
72484653123	2008	1	27	8	0	0.01
72484653123	2008	1	27	9	0	0.05
72484653123	2008	1	27	10	0	0.1
72484653123	2008	1	27	11	0	0.03
72484653123	2008	1	27	12	0	0.04
72484653123	2008	1	27	13	0	0.14
72484653123	2008	1	27	14	0	0.07
72484653123	2008	1	27	15	0	0.01
72484653123	2008	1	27	17	0	0.01
72484653123	2008	1	28	5	0	0.01
72484653123	2008	2	3	16	0	0.01
72484653123	2008	2	3	17	0	0.01
72484653123	2008	2	3	20	0	0.001
72484653123	2008	2	4	1	0	0.01
72484653123	2008	2	20	21	0	0.01
72484653123	2008	2	23	1	0	0.04
72484653123	2008	2	23	2	0	0.01
72484653123	2008	2	23	5	0	0.01
72484653123	2008	2	24	6	0	0.01
72484653123	2008	3	16	12	0	0.02
72484653123	2008	3	16	13	0	0.02
72484653123	2008	5	23	19	0	0.05
72484653123	2008	5	23	23	0	0.01
72484653123	2008	5	24	1	0	0.02
72484653123	2008	5	24	19	0	0.03
72484653123	2008	9	9	0	0	0.02
72484653123	2008	10	5	4	0	0.04
72484653123	2008	10	5	5	0	0.01
72484653123	2008	11	2	6	0	0.01
72484653123	2008	11	9	15	0	0.02
72484653123	2008	11	26	13	0	0.06
72484653123	2008	11	26	14	0	0.15
72484653123	2008	11	26	15	0	0.12
72484653123	2008	11	26	16	0	0.02
72484653123	2008	11	26	17	0	0.01
72484653123	2008	11	26	18	0	0.02
72484653123	2008	11	26	19	0	0.01
72484653123	2008	11	26	21	0	0.01
72484653123	2008	11	26	23	0	0.02
72484653123	2008	11	27	0	0	0.01
72484653123	2008	11	27	4	0	0.02
72484653123	2008	11	27	5	0	0.01
72484653123	2008	11	27	13	0	0.02
72484653123	2008	11	27	14	0	0.02
72484653123	2008	11	27	21	0	0.04
72484653123	2008	11	27	22	0	0.02
72484653123	2008	11	28	3	0	0.01
72484653123	2008	12	8	6	0	0.01
72484653123	2008	12	15	17	0	0.02
72484653123	2008	12	15	18	0	0.09
72484653123	2008	12	15	19	0	0.07
72484653123	2008	12	15	20	0	0.05
72484653123	2008	12	15	21	0	0.04
72484653123	2008	12	15	22	0	0.04
72484653123	2008	12	15	23	0	0.03
72484653123	2008	12	16	0	0	0.01
72484653123	2008	12	16	2	0	0.01
72484653123	2008	12	16	3	0	0.01
72484653123	2008	12	17	21	0	0.01
72484653123	2008	12	17	22	0	0.06
72484653123	2008	12	17	23	0	0.04
72484653123	2008	12	18	0	0	0.1
72484653123	2008	12	18	1	0	0.09
72484653123	2008	12	18	2	0	0.14
72484653123	2008	12	18	3	0	0.04
72484653123	2008	12	18	4	0	0.03
72484653123	2008	12	18	5	0	0.04
72484653123	2008	12	18	6	0	0.02
72484653123	2008	12	18	8	0	0.01
72484653123	2008	12	18	10	0	0.02
72484653123	2008	12	18	11	0	0.01
72484653123	2008	12	25	8	0	0.01
72484653123	2008	12	25	23	0	0.01
72484653123	2008	12	26	0	0	0.08
72484653123	2009	1	23	5	0	0.01
72484653123	2009	1	23	6	0	0.02
72484653123	2009	1	24	6	0	0.01
72484653123	2009	2	6	22	0	0.01
72484653123	2009	2	6	23	0	0.01
72484653123	2009	2	7	9	0	0.02
72484653123	2009	2	7	10	0	0.03
72484653123	2009	2	7	12	0	0.06
72484653123	2009	2	7	17	0	0.01
72484653123	2009	2	7	18	0	0.15
72484653123	2009	2	7	19	0	0.17
72484653123	2009	2	7	20	0	0.03
72484653123	2009	2	7	21	0	0.02
72484653123	2009	2	7	22	0	0.13
72484653123	2009	2	7	23	0	0.06
72484653123	2009	2	8	4	0	0.01
72484653123	2009	2	8	6	0	0.03
72484653123	2009	2	8	8	0	0.01
72484653123	2009	2	8	9	0	0.07
72484653123	2009	2	8	10	0	0.08
72484653123	2009	2	8	14	0	0.02
72484653123	2009	2	9	14	0	0.04
72484653123	2009	2	16	9	0	0.07
72484653123	2009	2	16	10	0	0.03
72484653123	2009	2	16	19	0	0.01
72484653123	2009	2	16	20	0	0.01
72484653123	2009	2	16	22	0	0.02
72484653123	2009	2	17	0	0	0.05
72484653123	2009	2	17	1	0	0.01
72484653123	2009	2	17	2	0	0.01
72484653123	2009	4	11	7	0	0.01
72484653123	2009	4	11	13	0	0.02
72484653123	2009	4	20	19	0	0.05
72484653123	2009	7	19	0	0	0.003
72484653123	2009	7	19	6	0	0.007
72484653123	2009	7	19	7	0	0.003
72484653123	2009	7	19	8	0	0.001
72484653123	2009	7	20	8	0	0.004
72484653123	2009	7	20	16	0	0.05
72484653123	2009	7	21	4	0	0.38
72484653123	2009	7	21	5	0	0.01
72484653123	2009	7	21	6	0	0.17
72484653123	2009	7	21	7	0	0.02
72484653123	2009	7	21	8	0	0.03
72484653123	2009	7	23	8	0	0.01
72484653123	2009	8	22	22	0	0.01
72484653123	2009	12	7	22	0	0.08
72484653123	2009	12	7	23	0	0.06
72484653123	2009	12	8	0	0	0.11
72484653123	2009	12	8	1	0	0.08
72484653123	2009	12	8	2	0	0.12
72484653123	2009	12	8	6	0	0.01
72484653123	2009	12	12	14	0	0.016
72484653123	2009	12	12	21	0	0.01
72484653123	2009	12	13	8	0	0.01
72484653123	2009	12	13	9	0	0.02
72484653123	2009	12	13	10	0	0.02
72484653123	2010	1	18	17	0	0.01
72484653123	2010	1	18	19	0	0.03
72484653123	2010	1	19	0	0	0.02
72484653123	2010	1	19	1	0	0.01
72484653123	2010	1	19	23	0	0.01
72484653123	2010	1	20	0	0	0.02
72484653123	2010	1	20	1	0	0.16
72484653123	2010	1	20	2	0	0.1
72484653123	2010	1	20	3	0	0.05
72484653123	2010	1	20	23	0	0.007
72484653123	2010	1	21	0	0	0.05
72484653123	2010	1	21	1	0	0.03
72484653123	2010	1	21	2	0	0.05
72484653123	2010	1	21	3	0	0.08
72484653123	2010	1	21	4	0	0.08
72484653123	2010	1	21	5	0	0.05
72484653123	2010	1	21	7	0	0.01
72484653123	2010	1	21	16	0	0.01
72484653123	2010	1	21	17	0	0.1
72484653123	2010	1	21	18	0	0.09
72484653123	2010	1	21	19	0	0.1
72484653123	2010	1	21	20	0	0.11
72484653123	2010	1	21	21	0	0.13
72484653123	2010	1	21	22	0	0.12
72484653123	2010	1	21	23	0	0.05
72484653123	2010	1	22	0	0	0.01
72484653123	2010	1	22	1	0	0.04
72484653123	2010	1	22	2	0	0.02
72484653123	2010	1	22	3	0	0.06
72484653123	2010	1	22	6	0	0.01
72484653123	2010	1	22	7	0	0.02
72484653123	2010	1	27	9	0	0.03
72484653123	2010	1	27	10	0	0.03
72484653123	2010	1	27	11	0	0.01
72484653123	2010	1	27	12	0	0.02
72484653123	2010	1	27	13	0	0.02
72484653123	2010	1	27	14	0	0.04
72484653123	2010	1	27	15	0	0.06
72484653123	2010	1	27	17	0	0.02
72484653123	2010	1	27	18	0	0.04
72484653123	2010	1	27	19	0	0.04
72484653123	2010	1	27	20	0	0.04
72484653123	2010	1	27	21	0	0.03
72484653123	2010	2	6	2	0	0.02
72484653123	2010	2	6	3	0	0.01
72484653123	2010	2	6	4	0	0.02
72484653123	2010	2	6	13	0	0.01
72484653123	2010	2	6	17	0	0.02
72484653123	2010	2	6	18	0	0.09
72484653123	2010	2	6	19	0	0.13
72484653123	2010	2	6	20	0	0.09
72484653123	2010	2	7	1	0	0.03
72484653123	2010	2	7	2	0	0.08
72484653123	2010	2	7	4	0	0.06
72484653123	2010	2	9	20	0	0.05
72484653123	2010	2	9	22	0	0.03
72484653123	2010	2	9	23	0	0.02
72484653123	2010	2	10	2	0	0.01
72484653123	2010	2	10	3	0	0.01
72484653123	2010	2	10	6	0	0.03
72484653123	2010	2	10	7	0	0.08
72484653123	2010	2	22	8	0	0.01
72484653123	2010	2	22	9	0	0.03
72484653123	2010	2	22	10	0	0.02
72484653123	2010	2	22	11	0	0.08
72484653123	2010	2	25	4	0	0.003
72484653123	2010	2	28	3	0	0.01
72484653123	2010	2	28	4	0	0.01
72484653123	2010	2	28	5	0	0.01
72484653123	2010	2	28	18	0	0.01
72484653123	2010	3	7	6	0	0.01
72484653123	2010	3	7	8	0	0.07
72484653123	2010	3	7	9	0	0.01
72484653123	2010	3	8	2	0	0.01
72484653123	2010	3	8	3	0	0.02
72484653123	2010	3	8	4	0	0.01
72484653123	2010	3	8	5	0	0.01
72484653123	2010	3	8	21	0	0.01
72484653123	2010	4	22	16	0	0.03
72484653123	2010	4	22	17	0	0.01
72484653123	2010	4	22	18	0	0.1
72484653123	2010	4	22	19	0	0.01
72484653123	2010	5	24	0	0	0.04
72484653123	2010	8	8	11	0	0.01
72484653123	2010	8	9	1	0	0.03
72484653123	2010	9	7	17	0	0.02
72484653123	2010	10	1	16	0	0.02
72484653123	2010	10	2	22	0	0.01
72484653123	2010	10	18	1	0	0.01
72484653123	2010	10	18	8	0	0.003
72484653123	2010	10	18	9	0	0.08
72484653123	2010	10	20	9	0	0.001
72484653123	2010	10	20	13	0	0.01
72484653123	2010	10	20	14	0	0.12
72484653123	2010	10	20	15	0	0.01
72484653123	2010	10	21	0	0	0.35
72484653123	2010	10	21	1	0	0.15
72484653123	2010	10	21	2	0	0.01
72484653123	2010	10	22	20	0	0.01
72484653123	2010	11	21	0	0	0.01
72484653123	2010	12	6	7	0	0.01
72484653123	2010	12	6	8	0	0.01
72484653123	2010	12	6	9	0	0.01
72484653123	2010	12	6	10	0	0.02
72484653123	2010	12	6	11	0	0.01
72484653123	2010	12	17	17	0	0.01
72484653123	2010	12	17	22	0	0.01
72484653123	2010	12	17	23	0	0.01
72484653123	2010	12	18	0	0	0.01
72484653123	2010	12	18	1	0	0.01
72484653123	2010	12	18	4	0	0.01
72484653123	2010	12	18	5	0	0.02
72484653123	2010	12	18	8	0	0.01
72484653123	2010	12	19	16	0	0.01
72484653123	2010	12	19	20	0	0.001
72484653123	2010	12	20	21	0	0.04
72484653123	2010	12	20	22	0	0.04
72484653123	2010	12	20	23	0	0.03
72484653123	2010	12	21	0	0	0.14
72484653123	2010	12	21	1	0	0.07
72484653123	2010	12	21	2	0	0.03
72484653123	2010	12	21	3	0	0.01
72484653123	2010	12	21	4	0	0.01
72484653123	2010	12	21	5	0	0.02
72484653123	2010	12	21	6	0	0.05
72484653123	2010	12	21	7	0	0.01
72484653123	2010	12	21	8	0	0.01
72484653123	2010	12	21	9	0	0.01
72484653123	2010	12	21	10	0	0.03
72484653123	2010	12	21	11	0	0.01
72484653123	2010	12	21	17	0	0.01
72484653123	2010	12	21	21	0	0.01
72484653123	2010	12	21	22	0	0.02
72484653123	2010	12	21	23	0	0.01
72484653123	2010	12	22	0	0	0.01
72484653123	2010	12	22	2	0	0.01
72484653123	2010	12	22	4	0	0.07
72484653123	2010	12	22	5	0	0.01
72484653123	2010	12	22	6	0	0.01
72484653123	2010	12	22	11	0	0.02
72484653123	2010	12	22	12	0	0.18
72484653123	2010	12	22	13	0	0.18
72484653123	2010	12	22	14	0	0.21
72484653123	2010	12	22	15	0	0.09
72484653123	2010	12	22	16	0	0.06
72484653123	2010	12	22	17	0	0.05
72484653123	2010	12	22	18	0	0.08
72484653123	2010	12	22	19	0	0.02
72484653123	2010	12	22	20	0	0.01
72484653123	2010	12	22	21	0	0.02
72484653123	2010	12	22	22	0	0.11
72484653123	2010	12	22	23	0	0.03
72484653123	2010	12	23	6	0	0.03
72484653123	2010	12	24	7	0	0.01
72484653123	2010	12	26	10	0	0.01
72484653123	2010	12	26	11	0	0.01
72484653123	2010	12	30	4	0	0.01
72484653123	2011	1	3	8	0	0.01
72484653123	2011	1	3	15	0	0.01
72484653123	2011	1	3	16	0	0.02
72484653123	2011	1	3	17	0	0.05
72484653123	2011	2	19	9	0	0.05
72484653123	2011	2	19	10	0	0.05
72484653123	2011	2	19	11	0	0.01
72484653123	2011	2	19	12	0	0.02
72484653123	2011	2	20	12	0	0.01
72484653123	2011	2	27	10	0	0.01
72484653123	2011	3	21	9	0	0.02
72484653123	2011	3	21	10	0	0.06
72484653123	2011	3	21	11	0	0.05
72484653123	2011	3	21	12	0	0.01
72484653123	2011	4	9	18	0	0.01
72484653123	2011	4	9	19	0	0.02
72484653123	2011	5	9	10	0	0.01
72484653123	2011	5	9	19	0	0.03
72484653123	2011	5	9	20	0	0.02
72484653123	2011	5	9	21	0	0.02
72484653123	2011	5	10	5	0	0.01
72484653123	2011	5	10	12	0	0.01
72484653123	2011	5	18	18	0	0.09
72484653123	2011	5	18	22	0	0.01
72484653123	2011	7	9	1	0	0.01
72484653123	2011	7	9	2	0	0.01
72484653123	2011	7	10	2	0	0.08
72484653123	2011	7	10	3	0	0.01
72484653123	2011	7	10	20	0	0.08
72484653123	2011	7	26	17	0	0.01
72484653123	2011	7	31	15	0	0.01
72484653123	2011	7	31	16	0	0.01
72484653123	2011	7	31	22	0	0.04
72484653123	2011	7	31	23	0	0.01
72484653123	2011	8	1	0	0	0.01
72484653123	2011	8	13	18	0	0.04
72484653123	2011	9	11	21	0	0.01
72484653123	2011	9	13	10	0	0.52
72484653123	2011	9	14	9	0	0.01
72484653123	2011	9	14	10	0	0.08
72484653123	2011	9	14	11	0	0.01
72484653123	2011	9	14	12	0	0.11
72484653123	2011	9	14	13	0	0.09
72484653123	2011	9	14	14	0	0.28
72484653123	2011	9	14	15	0	0.18
72484653123	2011	9	14	16	0	0.01
72484653123	2011	10	3	22	0	0.01
72484653123	2011	10	3	23	0	0.05
72484653123	2011	10	4	1	0	0.02
72484653123	2011	10	4	5	0	0.01
72484653123	2011	10	4	7	0	0.01
72484653123	2011	10	4	9	0	0.01
72484653123	2011	10	4	10	0	0.03
72484653123	2011	10	4	12	0	0.01
72484653123	2011	10	5	22	0	0.02
72484653123	2011	10	5	23	0	0.08
72484653123	2011	10	6	0	0	0.04
72484653123	2011	10	6	1	0	0.01
72484653123	2011	10	6	3	0	0.01
72484653123	2011	11	4	22	0	0.01
72484653123	2011	11	4	23	0	0.01
72484653123	2011	12	1	6	0	0.01
72484653123	2011	12	1	10	0	0.01
72484653123	2011	12	13	2	0	0.02
72484653123	2011	12	13	3	0	0.04
72484653123	2011	12	13	4	0	0.03
72484653123	2011	12	13	5	0	0.02
72484653123	2011	12	13	6	0	0.02
72484653123	2011	12	18	15	0	0.11
72484653123	2011	12	18	16	0	0.01
72484653123	2012	1	21	21	0	0.01
72484653123	2012	1	23	15	0	0.01
72484653123	2012	1	23	19	0	0.01
72484653123	2012	1	23	21	0	0.01
72484653123	2012	2	14	12	0	0.02
72484653123	2012	2	14	13	0	0.01
72484653123	2012	2	16	11	0	0.01
72484653123	2012	2	16	12	0	0.02
72484653123	2012	2	28	9	0	0.01
72484653123	2012	2	28	10	0	0.05
72484653123	2012	3	17	23	0	0.001
72484653123	2012	3	18	0	0	0.08
72484653123	2012	4	14	14	0	0.02
72484653123	2012	4	14	15	0	0.01
72484653123	2012	4	15	1	0	0.01
72484653123	2012	4	15	3	0	0.02
72484653123	2012	4	15	4	0	0.01
72484653123	2012	7	4	23	0	0.01
72484653123	2012	7	13	18	0	0.02
72484653123	2012	7	14	9	0	0.15
72484653123	2012	7	14	10	0	0.07
72484653123	2012	7	15	5	0	0.003
72484653123	2012	7	15	6	0	0.07
72484653123	2012	7	16	5	0	0.28
72484653123	2012	7	31	14	0	0.01
72484653123	2012	7	31	15	0	0.01
72484653123	2012	7	31	16	0	0.01
72484653123	2012	8	1	5	0	0.01
72484653123	2012	8	1	9	0	0.07
72484653123	2012	8	1	10	0	0.04
72484653123	2012	8	1	11	0	0.04
72484653123	2012	8	12	3	0	0.17
72484653123	2012	8	12	4	0	0.04
72484653123	2012	8	18	6	0	0.46
72484653123	2012	8	18	7	0	0.02
72484653123	2012	8	22	16	0	0.03
72484653123	2012	8	22	17	0	0.12
72484653123	2012	8	22	18	0	0.14
72484653123	2012	8	22	19	0	0.22
72484653123	2012	8	22	20	0	0.06
72484653123	2012	8	22	23	0	0.01
72484653123	2012	8	23	9	0	0.01
72484653123	2012	8	30	0	0	0.02
72484653123	2012	8	31	19	0	0.04
72484653123	2012	8	31	20	0	0.01
72484653123	2012	9	11	20	0	0.005
72484653123	2012	9	11	21	0	0.04
72484653123	2012	9	11	22	0	0.02
72484653123	2012	10	10	22	0	0.02
72484653123	2012	10	11	5	0	0.002
72484653123	2012	10	11	6	0	0.04
72484653123	2012	10	11	7	0	0.05
72484653123	2012	10	11	8	0	0.28
72484653123	2012	10	11	9	0	0.12
72484653123	2012	10	11	12	0	0.09
72484653123	2012	10	11	13	0	0.07
72484653123	2012	10	11	15	0	0.02
72484653123	2012	10	11	16	0	0.03
72484653123	2012	10	11	17	0	0.13
72484653123	2012	10	11	18	0	0.03
72484653123	2012	10	11	19	0	0.01
72484653123	2012	10	12	3	0	0.72
72484653123	2012	10	12	4	0	0.02
72484653123	2012	10	12	5	0	0.12
72484653123	2012	10	12	6	0	0.04
72484653123	2012	12	13	22	0	0.01
72484653123	2012	12	13	23	0	0.01
72484653123	2012	12	14	0	0	0.03
72484653123	2012	12	14	2	0	0.01
72484653123	2012	12	14	3	0	0.01
72484653123	2012	12	14	4	0	0.02
72484653123	2012	12	14	5	0	0.04
72484653123	2012	12	14	6	0	0.05
72484653123	2012	12	14	7	0	0.03
72484653123	2012	12	14	9	0	0.01
72484653123	2012	12	14	10	0	0.01
72484653123	2012	12	14	11	0	0.04
72484653123	2012	12	14	12	0	0.02
72484653123	2012	12	14	13	0	0.02
72484653123	2012	12	14	14	0	0.02
72484653123	2012	12	14	21	0	0.01
72484653123	2012	12	15	11	0	0.01
72484653123	2012	12	15	13	0	0.03
72484653123	2012	12	18	18	0	0.01
72484653123	2013	1	24	15	0	0.01
72484653123	2013	1	26	5	0	0.01
72484653123	2013	1	26	6	0	0.01
72484653123	2013	1	26	7	0	0.04
72484653123	2013	1	26	8	0	0.02
72484653123	2013	1	26	9	0	0.05
72484653123	2013	1	26	10	0	0.1
72484653123	2013	1	26	11	0	0.05
72484653123	2013	1	26	12	0	0.02
72484653123	2013	1	26	13	0	0.01
72484653123	2013	1	26	14	0	0.01
72484653123	2013	1	26	16	0	0.01
72484653123	2013	1	26	18	0	0.01
72484653123	2013	1	27	9	0	0.01
72484653123	2013	3	8	14	0	0.01
72484653123	2013	3	8	15	0	0.01
72484653123	2013	3	8	16	0	0.03
72484653123	2013	3	8	17	0	0.05
72484653123	2013	3	8	20	0	0.001
72484653123	2013	3	8	21	0	0.04
72484653123	2013	3	9	0	0	0.08
72484653123	2013	3	9	1	0	0.12
72484653123	2013	3	9	2	0	0.01
72484653123	2013	3	9	3	0	0.01
72484653123	2013	3	9	4	0	0.03
72484653123	2013	4	8	14	0	0.002
72484653123	2013	4	8	15	0	0.01
72484653123	2013	4	8	23	0	0.02
72484653123	2013	4	9	0	0	0.01
72484653123	2013	7	7	15	0	0.02
72484653123	2013	7	11	14	0	0.01
72484653123	2013	7	20	2	0	0.08
72484653123	2013	7	21	5	0	0.02
72484653123	2013	7	21	6	0	0.01
72484653123	2013	8	18	23	0	0.54
72484653123	2013	8	19	2	0	0.01
72484653123	2013	8	19	3	0	0.06
72484653123	2013	8	19	7	0	0.04
72484653123	2013	8	26	1	0	0.24
72484653123	2013	8	26	16	0	0.01
72484653123	2013	8	26	19	0	0.01
72484653123	2013	8	26	21	0	0.03
72484653123	2013	8	26	22	0	0.1
72484653123	2013	8	30	15	0	0.01
72484653123	2013	8	30	16	0	0.02
72484653123	2013	8	30	17	0	0.04
72484653123	2013	8	30	18	0	0.01
72484653123	2013	9	1	4	0	0.24
72484653123	2013	9	1	5	0	0.03
72484653123	2013	9	3	8	0	0.06
72484653123	2013	9	8	14	0	0.02
72484653123	2013	9	8	15	0	0.02
72484653123	2013	9	10	0	0	0.11
72484653123	2013	9	10	1	0	0.04
72484653123	2013	9	10	2	0	0.01
72484653123	2013	9	11	8	0	0.05
72484653123	2013	9	11	9	0	0.02
72484653123	2013	9	11	10	0	0.08
72484653123	2013	9	11	15	0	0.01
72484653123	2013	9	12	1	0	0.01
72484653123	2013	10	10	3	0	0.01
72484653123	2013	11	21	18	0	0.03
72484653123	2013	11	21	19	0	0.01
72484653123	2013	11	21	20	0	0.06
72484653123	2013	11	21	21	0	0.14
72484653123	2013	11	21	22	0	0.06
72484653123	2013	11	21	23	0	0.01
72484653123	2013	11	22	1	0	0.08
72484653123	2013	11	22	2	0	0.02
72484653123	2013	11	22	3	0	0.06
72484653123	2013	11	22	4	0	0.01
72484653123	2013	11	22	5	0	0.03
72484653123	2013	11	22	6	0	0.01
72484653123	2013	11	22	17	0	0.01
72484653123	2013	11	22	20	0	0.01
72484653123	2013	11	22	21	0	0.03
72484653123	2013	11	22	22	0	0.04
72484653123	2013	11	23	20	0	0.01
72484653123	2013	11	23	23	0	0.01
72484653123	2014	1	31	17	0	0.05
72484653123	2014	1	31	18	0	0.01
72484653123	2014	2	27	17	0	0.01
72484653123	2014	2	28	17	0	0.01
72484653123	2014	2	28	18	0	0.01
72484653123	2014	2	28	21	0	0.01
72484653123	2014	2	28	22	0	0.02
72484653123	2014	2	28	23	0	0.18
72484653123	2014	3	1	0	0	0.03
72484653123	2014	3	1	3	0	0.02
72484653123	2014	7	5	4	0	0.14
72484653123	2014	7	5	6	0	0.01
72484653123	2014	8	4	7	0	0.181
72484653123	2014	8	4	8	0	0.071
72484653123	2014	8	4	9	0	0.006
72484653123	2014	8	4	10	0	0.004
72484653123	2014	8	4	11	0	0.002
72484653123	2014	8	4	12	0	0.018
72484653123	2014	8	4	13	0	0.032
72484653123	2014	8	4	14	0	0.014
72484653123	2014	8	4	15	0	0.001
72484653123	2014	8	4	16	0	0.002
72484653123	2014	8	4	17	0	0.001
72484653123	2014	8	4	18	0	0.002
72484653123	2014	8	4	19	0	0.002
72484653123	2014	8	4	20	0	0.001
72484653123	2014	8	12	8	0	0.06
72484653123	2014	8	14	0	0	0.07
72484653123	2014	9	8	23	0	0.142
72484653123	2014	9	9	0	0	0.127
72484653123	2014	9	9	1	0	0.005
72484653123	2014	9	9	2	0	0.003
72484653123	2014	9	9	3	0	0.004
72484653123	2014	9	9	4	0	0.003
72484653123	2014	9	9	5	0	0.003
72484653123	2014	9	9	6	0	0.003
72484653123	2014	9	9	7	0	0.002
72484653123	2014	9	9	8	0	0.002
72484653123	2014	9	9	9	0	0.002
72484653123	2014	9	9	10	0	0.002
72484653123	2014	9	9	11	0	0.002
72484653123	2014	9	9	12	0	0.003
72484653123	2014	9	27	1	0	0.11
72484653123	2014	12	2	23	0	0.005
72484653123	2014	12	3	0	0	0.06
72484653123	2014	12	3	1	0	0.11
72484653123	2014	12	3	2	0	0.07
72484653123	2014	12	3	3	0	0.01
72484653123	2014	12	3	6	0	0.01
72484653123	2014	12	4	8	0	0.001
72484653123	2014	12	4	9	0	0.01
72484653123	2014	12	12	20	0	0.002
72484653123	2014	12	12	21	0	0.03
72484653123	2014	12	12	22	0	0.01
72484653123	2014	12	13	2	0	0.01
72484653123	2014	12	17	7	0	0.01
72484653123	2015	1	11	17	0	0.007
72484653123	2015	1	11	18	0	0.09
72484653123	2015	1	11	19	0	0.07
72484653123	2015	1	11	20	0	0.09
72484653123	2015	1	11	21	0	0.13
72484653123	2015	1	11	22	0	0.06
72484653123	2015	1	11	23	0	0.05
72484653123	2015	1	12	0	0	0.01
72484653123	2015	1	12	1	0	0.01
72484653123	2015	1	27	2	0	0.013
72484653123	2015	1	27	3	0	0.01
72484653123	2015	1	27	6	0	0.01
72484653123	2015	1	27	7	0	0.01
72484653123	2015	1	27	8	0	0.05
72484653123	2015	1	27	9	0	0.02
72484653123	2015	1	27	10	0	0.01
72484653123	2015	1	27	11	0	0.01
72484653123	2015	1	30	11	0	0.01
72484653123	2015	1	30	14	0	0.01
72484653123	2015	1	30	15	0	0.03
72484653123	2015	1	30	16	0	0.02
72484653123	2015	1	30	17	0	0.06
72484653123	2015	1	30	18	0	0.03
72484653123	2015	1	30	19	0	0.04
72484653123	2015	1	30	20	0	0.04
72484653123	2015	1	30	21	0	0.01
72484653123	2015	1	31	7	0	0.01
72484653123	2015	1	31	8	0	0.01
72484653123	2015	1	31	9	0	0.02
72484653123	2015	1	31	10	0	0.03
72484653123	2015	1	31	13	0	0.01
72484653123	2015	2	23	3	0	0.02
72484653123	2015	2	23	5	0	0.01
72484653123	2015	2	23	6	0	0.02
72484653123	2015	2	23	7	0	0.02
72484653123	2015	2	23	8	0	0.07
72484653123	2015	2	23	9	0	0.13
72484653123	2015	2	23	10	0	0.14
72484653123	2015	2	23	11	0	0.08
72484653123	2015	2	23	12	0	0.02
72484653123	2015	3	1	23	0	0.04
72484653123	2015	3	2	0	0	0.04
72484653123	2015	3	2	1	0	0.02
72484653123	2015	3	2	2	0	0.03
72484653123	2015	3	2	3	0	0.02
72484653123	2015	3	2	4	0	0.06
72484653123	2015	3	2	5	0	0.01
72484653123	2015	3	2	6	0	0.02
72484653123	2015	3	2	7	0	0.01
72484653123	2015	3	2	9	0	0.02
72484653123	2015	3	2	10	0	0.01
72484653123	2015	3	2	12	0	0.02
72484653123	2015	3	2	13	0	0.04
72484653123	2015	3	2	14	0	0.01
72484653123	2015	3	3	20	0	0.02
72484653123	2015	3	3	21	0	0.01
72484653123	2015	4	26	1	0	0.053
72484653123	2015	4	26	2	0	0.081
72484653123	2015	4	26	3	0	0.006
72484653123	2015	4	26	4	0	0.001
72484653123	2015	4	26	5	0	0.001
72484653123	2015	5	25	5	0	0.001
72484653123	2015	10	5	15	0	0.048
72484653123	2015	10	5	16	0	0.017
72484653123	2015	10	6	3	0	0.185
72484653123	2015	10	6	4	0	0.124
72484653123	2015	10	6	5	0	0.039
72484653123	2015	10	6	6	0	0.03
72484653123	2015	10	6	7	0	0.002
72484653123	2015	10	6	8	0	0.009
72484653123	2015	10	6	9	0	0.001
72484653123	2015	10	6	10	0	0.001
72484653123	2015	10	6	11	0	0.002
72484653123	2015	10	6	12	0	0.003
72484653123	2015	10	17	5	0	0.002
72484653123	2015	10	17	6	0	0.024
72484653123	2015	10	17	7	0	0.011
72484653123	2015	10	17	8	0	0.004
72484653123	2015	10	17	9	0	0.003
72484653123	2015	10	17	10	0	0.025
72484653123	2015	10	17	11	0	0.077
72484653123	2015	10	17	12	0	0.007
72484653123	2015	10	17	13	0	0.001
72484653123	2015	10	17	14	0	0.001
72484653123	2015	10	17	15	0	0.001
72484653123	2015	10	17	16	0	0.009
72484653123	2015	10	17	17	0	0.004
72484653123	2015	10	17	18	0	0.001
72484653123	2015	10	17	19	0	0.001
72484653123	2015	10	17	20	0	0.001
72484653123	2015	10	17	21	0	0.001
72484653123	2015	10	17	22	0	0.001
72484653123	2015	10	17	23	0	0.005
72484653123	2015	10	18	0	0	0.001
72484653123	2015	10	18	1	0	0.001
72484653123	2015	10	18	2	0	0.001
72484653123	2015	10	18	3	0	0.002
72484653123	2015	10	18	4	0	0.001
72484653123	2015	10	18	5	0	0.001
72484653123	2015	10	18	6	0	0.001
72484653123	2015	10	18	7	0	0.001
72484653123	2015	10	18	8	0	0.001
72484653123	2015	10	18	9	0	0.001
72484653123	2015	10	18	10	0	0.001
72484653123	2015	10	18	11	0	0.001
72484653123	2015	10	18	12	0	0.001
72484653123	2015	10	18	13	0	0.001
72484653123	2015	10	18	14	0	0.001
72484653123	2015	10	18	15	0	0.014
72484653123	2015	10	18	16	0	0.003
72484653123	2015	10	18	17	0	0.002
72484653123	2015	10	18	18	0	0.001
72484653123	2015	10	18	19	0	0.035
72484653123	2015	10	18	20	0	0.005
72484653123	2015	10	18	21	0	0.021
72484653123	2015	10	18	22	0	0.079
72484653123	2015	10	18	23	0	0.001
72484653123	2015	10	19	0	0	0.002
72484653123	2015	10	19	1	0	0.009
72484653123	2015	10	19	2	0	0.012
72484653123	2015	10	19	4	0	0.001
72484653123	2015	10	19	11	0	0.002
72484653123	2015	10	19	13	0	0.001
72484653123	2015	10	19	14	0	0.001
72484653123	2015	11	4	13	0	0.01
72484653123	2015	11	4	14	0	0.03
72484653123	2015	11	4	15	0	0.03
72484653123	2015	11	4	16	0	0.08
72484653123	2016	1	4	16	0	0.01
72484653123	2016	1	4	17	0	0.01
72484653123	2016	1	5	23	0	0.06
72484653123	2016	1	6	0	0	0.07
72484653123	2016	1	6	1	0	0.01
72484653123	2016	1	6	2	0	0.02
72484653123	2016	1	6	3	0	0.02
72484653123	2016	1	6	4	0	0.03
72484653123	2016	1	6	5	0	0.05
72484653123	2016	1	6	6	0	0.01
72484653123	2016	1	6	11	0	0.003
72484653123	2016	1	6	12	0	0.11
72484653123	2016	1	7	3	0	0.01
72484653123	2016	1	19	23	0	0.01
72484653123	2016	1	31	21	0	0.02
72484653123	2016	1	31	22	0	0.02
72484653123	2016	1	31	23	0	0.02
72484653123	2016	2	1	2	0	0.001
72484653123	2016	2	1	9	0	0.02
72484653123	2016	3	6	20	0	0.01
72484653123	2016	4	8	21	0	0.01
72484653123	2016	4	8	22	0	0.01
72484653123	2016	4	9	3	0	0.03
72484653123	2016	4	9	5	0	0.01
72484653123	2016	4	9	10	0	0.02
72484653123	2016	4	9	11	0	0.01
72484653123	2016	4	9	12	0	0.07
72484653123	2016	4	9	13	0	0.01
72484653123	2016	4	9	19	0	0.48
72484653123	2016	4	9	20	0	0.75
72484653123	2016	4	9	21	0	0.08
72484653123	2016	4	9	22	0	0.13
72484653123	2016	4	10	0	0	0.04
72484653123	2016	4	10	5	0	0.06
72484653123	2016	4	10	6	0	0.01
72484653123	2016	4	10	7	0	0.03
72484653123	2016	4	10	10	0	0.01
72484653123	2016	4	11	23	0	0.01
72484653123	2016	4	25	20	0	0.01
72484653123	2016	4	25	21	0	0.01
72484653123	2016	4	28	11	0	0.05
72484653123	2016	4	28	12	0	0.01
72484653123	2016	4	29	0	0	0.13
72484653123	2016	4	29	3	0	0.05
72484653123	2016	4	30	8	0	0.05
72484653123	2016	4	30	9	0	0.04
72484653123	2016	4	30	10	0	0.01
72484653123	2016	4	30	11	0	0.03
72484653123	2016	4	30	12	0	0.12
72484653123	2016	4	30	13	0	0.04
72484653123	2016	4	30	14	0	0.11
72484653123	2016	4	30	15	0	0.12
72484653123	2016	4	30	16	0	0.01
72484653123	2016	4	30	23	0	0.01
72484653123	2016	5	1	0	0	0.02
72484653123	2016	5	6	14	0	0.25
72484653123	2016	5	6	15	0	0.02
72484653123	2016	5	7	23	0	0.2
72484653123	2016	5	8	0	0	0.01
72484653123	2016	7	1	11	0	0.028
72484653123	2016	7	1	12	0	0.002
72484653123	2016	7	1	13	0	0.001
72484653123	2016	7	1	14	0	0.001
72484653123	2016	8	26	23	0	0.001
72484653123	2016	8	27	0	0	0.004
72484653123	2016	8	27	1	0	0.001
72484653123	2016	8	27	2	0	0.001
72484653123	2016	8	27	3	0	0.001
72484653123	2016	8	27	4	0	0.002
72484653123	2016	8	27	5	0	0.001
72484653123	2016	8	27	6	0	0.001
72484653123	2016	8	27	7	0	0.001
72484653123	2016	8	27	8	0	0.001
72484653123	2016	8	27	9	0	0.001
72484653123	2016	8	27	10	0	0.001
72484653123	2016	8	27	11	0	0.004
72484653123	2016	8	27	12	0	0.002
72484653123	2016	8	27	14	0	0.001
72484653123	2016	8	27	15	0	0.001
72484653123	2016	10	24	2	0	0.02
72484653123	2016	10	24	3	0	0.05
72484653123	2016	10	24	13	0	0.04
72484653123	2016	10	24	14	0	0.01
72484653123	2016	10	24	17	0	0.01
72484653123	2016	10	24	19	0	0.03
72484653123	2016	10	24	20	0	0.06
72484653123	2016	10	24	21	0	0.01
72484653123	2016	12	16	18	0	0.01
72484653123	2016	12	22	11	0	0.003
72484653123	2016	12	22	12	0	0.05
72484653123	2016	12	22	13	0	0.04
72484653123	2016	12	22	14	0	0.01
72484653123	2016	12	22	15	0	0.01
72484653123	2016	12	22	20	0	0.011
72484653123	2016	12	22	21	0	0.09
72484653123	2016	12	22	22	0	0.07
72484653123	2016	12	22	23	0	0.02
72484653123	2016	12	23	0	0	0.03
72484653123	2016	12	24	7	0	0.1
72484653123	2016	12	24	8	0	0.13
72484653123	2016	12	24	9	0	0.07
72484653123	2016	12	24	10	0	0.06
72484653123	2016	12	24	11	0	0.01
72484653123	2016	12	24	13	0	0.01
72484653123	2016	12	31	4	0	0.01
72484653123	2017	1	12	21	0	0.02
72484653123	2017	1	12	22	0	0.01
72484653123	2017	1	12	23	0	0.02
72484653123	2017	1	13	0	0	0.02
72484653123	2017	1	13	1	0	0.01
72484653123	2017	1	13	3	0	0.01
72484653123	2017	1	13	8	0	0.01
72484653123	2017	1	13	14	0	0.01
72484653123	2017	1	13	15	0	0.02
72484653123	2017	1	13	16	0	0.06
72484653123	2017	1	20	17	0	0.01
72484653123	2017	1	20	18	0	0.03
72484653123	2017	1	20	19	0	0.02
72484653123	2017	1	20	20	0	0.09
72484653123	2017	1	20	21	0	0.07
72484653123	2017	1	20	22	0	0.03
72484653123	2017	1	20	23	0	0.13
72484653123	2017	1	21	0	0	0.02
72484653123	2017	1	22	17	0	0.01
72484653123	2017	1	22	18	0	0.04
72484653123	2017	1	22	19	0	0.06
72484653123	2017	1	22	20	0	0.04
72484653123	2017	1	22	21	0	0.05
72484653123	2017	1	22	22	0	0.07
72484653123	2017	1	22	23	0	0.04
72484653123	2017	1	23	0	0	0.05
72484653123	2017	1	23	1	0	0.01
72484653123	2017	1	23	2	0	0.02
72484653123	2017	1	23	3	0	0.03
72484653123	2017	1	23	4	0	0.03
72484653123	2017	1	23	5	0	0.05
72484653123	2017	1	23	6	0	0.1
72484653123	2017	1	23	11	0	0.09
72484653123	2017	1	23	12	0	0.01
72484653123	2017	2	11	22	0	0.01
72484653123	2017	2	11	23	0	0.02
72484653123	2017	2	12	0	0	0.04
72484653123	2017	2	12	1	0	0.01
72484653123	2017	2	12	11	0	0.01
72484653123	2017	2	17	16	0	0.01
72484653123	2017	2	17	17	0	0.03
72484653123	2017	2	17	18	0	0.01
72484653123	2017	2	18	9	0	0.03
72484653123	2017	2	18	10	0	0.04
72484653123	2017	2	18	11	0	0.03
72484653123	2017	2	18	12	0	0.06
72484653123	2017	2	18	13	0	0.07
72484653123	2017	2	18	14	0	0.13
72484653123	2017	2	18	15	0	0.04
72484653123	2017	2	18	16	0	0.04
72484653123	2017	2	18	17	0	0.03
72484653123	2017	2	18	18	0	0.01
72484653123	2017	2	18	19	0	0.01
72484653123	2017	2	18	20	0	0.02
72484653123	2017	2	18	21	0	0.01
72484653123	2017	2	18	22	0	0.01
72484653123	2017	2	18	23	0	0.01
72484653123	2017	2	19	0	0	0.15
72484653123	2017	2	19	1	0	0.01
72484653123	2017	2	19	2	0	0.01
72484653123	2017	2	19	9	0	0.04
72484653123	2017	4	3	20	0	0.13
72484653123	2017	7	10	21	0	0.11
72484653123	2017	8	5	7	0	0.048
72484653123	2017	8	5	8	0	0.05
72484653123	2017	8	5	9	0	0.02
72484653123	2017	8	5	10	0	0.007
72484653123	2017	8	5	11	0	0.003
72484653123	2017	8	5	12	0	0.004
72484653123	2017	8	11	21	0	0.04
72484653123	2017	8	11	23	0	0.01
72484653123	2017	8	21	15	0	0.04
72484653123	2017	8	21	16	0	0.02
72484653123	2017	8	21	17	0	0.02
72484653123	2017	8	24	13	0	0.06
72484653123	2017	8	24	14	0	0.06
72484653123	2017	9	9	4	0	0.076
72484653123	2017	9	9	5	0	0.005
72484653123	2017	9	9	6	0	0.003
72484653123	2017	9	9	7	0	0.003
72484653123	2017	9	9	8	0	0.004
72484653123	2017	9	9	9	0	0.002
72484653123	2017	9	9	10	0	0.002
72484653123	2017	9	9	11	0	0.002
72484653123	2017	9	9	12	0	0.003
72484653123	2017	9	9	13	0	0.001
72484653123	2017	9	9	14	0	0.002
72484653123	2017	9	9	15	0	0.01
72484653123	2018	1	8	23	0	0.01
72484653123	2018	1	9	0	0	0.05
72484653123	2018	1	9	1	0	0.01
72484653123	2018	1	9	2	0	0.03
72484653123	2018	1	9	3	0	0.01
72484653123	2018	1	9	4	0	0.07
72484653123	2018	1	9	5	0	0.03
72484653123	2018	1	9	6	0	0.01
72484653123	2018	1	9	8	0	0.01
72484653123	2018	1	9	9	0	0.03
72484653123	2018	1	9	10	0	0.08
72484653123	2018	1	9	11	0	0.14
72484653123	2018	1	9	12	0	0.02
72484653123	2018	1	9	13	0	0.04
72484653123	2018	1	9	14	0	0.05
72484653123	2018	1	9	15	0	0.23
72484653123	2018	1	9	16	0	0.07
72484653123	2018	1	9	17	0	0.07
72484653123	2018	1	9	18	0	0.03
72484653123	2018	1	9	19	0	0.02
72484653123	2018	1	9	20	0	0.05
72484653123	2018	1	9	21	0	0.05
72484653123	2018	1	9	22	0	0.08
72484653123	2018	1	9	23	0	0.06
72484653123	2018	1	10	0	0	0.01
72484653123	2018	1	10	8	0	0.01
72484653123	2018	2	14	17	0	0.01
72484653123	2018	3	11	4	0	0.02
72484653123	2018	3	11	5	0	0.02
72484653123	2018	3	11	6	0	0.03
72484653123	2018	3	11	7	0	0.05
72484653123	2018	3	11	8	0	0.04
72484653123	2018	3	11	9	0	0.05
72484653123	2018	3	11	10	0	0.01
72484653123	2018	3	11	11	0	0.04
72484653123	2018	3	11	12	0	0.05
72484653123	2018	3	15	20	0	0.01
72484653123	2018	3	22	13	0	0.02
72484653123	2018	3	23	7	0	0.01
72484653123	2018	5	1	13	0	0.02
72484653123	2018	5	1	21	0	0.06
72484653123	2018	5	2	0	0	0.01
72484653123	2018	5	2	2	0	0.01
72484653123	2018	5	2	11	0	0.01
72484653123	2018	5	2	15	0	0.05
72484653123	2018	5	2	18	0	0.02
72484653123	2018	5	21	16	0	0.01
72484653123	2018	7	10	6	0	0.108
72484653123	2018	7	10	7	0	0.125
72484653123	2018	7	10	8	0	0.082
72484653123	2018	7	10	9	0	0.038
72484653123	2018	7	10	10	0	0.007
72484653123	2018	7	10	11	0	0.002
72484653123	2018	7	10	12	0	0.002
72484653123	2018	7	15	4	0	0.01
72484653123	2018	9	4	5	0	0.01
72484653123	2018	10	4	7	0	0.14
72484653123	2018	10	4	8	0	0.02
72484653123	2018	10	21	9	0	0.06
72484653123	2018	10	21	12	0	0.08
72484653123	2018	10	21	13	0	0.05
72484653123	2018	11	29	19	0	0.01
72484653123	2018	11	29	20	0	0.04
72484653123	2018	11	29	21	0	0.09
72484653123	2018	11	29	22	0	0.01
72484653123	2018	12	7	9	0	0.01
72484653123	2018	12	7	10	0	0.04
72484653123	2018	12	7	11	0	0.05
72484653123	2018	12	7	12	0	0.02
72484653123	2018	12	25	15	0	0.01
72484653123	2019	1	6	3	0	0.01
72484653123	2019	1	6	4	0	0.03
72484653123	2019	1	6	5	0	0.09
72484653123	2019	1	6	6	0	0.03
72484653123	2019	1	6	7	0	0.01
72484653123	2019	1	15	1	0	0.05
72484653123	2019	1	15	2	0	0.07
72484653123	2019	1	15	3	0	0.05
72484653123	2019	1	15	4	0	0.11
72484653123	2019	1	15	6	0	0.04
72484653123	2019	1	15	7	0	0.03
72484653123	2019	1	15	16	0	0.01
72484653123	2019	1	15	18	0	0.01
72484653123	2019	1	15	19	0	0.02
72484653123	2019	1	15	20	0	0.03
72484653123	2019	1	15	21	0	0.05
72484653123	2019	1	15	22	0	0.06
72484653123	2019	1	15	23	0	0.09
72484653123	2019	1	16	0	0	0.2
72484653123	2019	1	16	1	0	0.01
72484653123	2019	1	16	4	0	0.02
72484653123	2019	1	16	5	0	0.01
72484653123	2019	1	16	6	0	0.01
72484653123	2019	1	17	8	0	0.02
72484653123	2019	1	17	16	0	0.01
72484653123	2019	1	17	17	0	0.04
72484653123	2019	1	17	18	0	0.01
72484653123	2019	2	2	12	0	0.01
72484653123	2019	2	2	13	0	0.03
72484653123	2019	2	2	14	0	0.01
72484653123	2019	2	2	15	0	0.01
72484653123	2019	2	2	17	0	0.01
72484653123	2019	2	3	0	0	0.02
72484653123	2019	2	3	1	0	0.03
72484653123	2019	2	3	2	0	0.04
72484653123	2019	2	3	3	0	0.13
72484653123	2019	2	3	4	0	0.05
72484653123	2019	2	3	5	0	0.01
72484653123	2019	2	5	22	0	0.01
72484653123	2019	2	14	13	0	0.02
72484653123	2019	2	14	14	0	0.1
72484653123	2019	2	14	15	0	0.13
72484653123	2019	2	14	16	0	0.16
72484653123	2019	2	14	17	0	0.09
72484653123	2019	2	14	18	0	0.12
72484653123	2019	2	14	19	0	0.1
72484653123	2019	2	14	20	0	0.11
72484653123	2019	2	14	21	0	0.13
72484653123	2019	2	14	22	0	0.11
72484653123	2019	2	14	23	0	0.11
72484653123	2019	2	15	0	0	0.02
72484653123	2019	2	18	4	0	0.05
72484653123	2019	2	18	5	0	0.16
72484653123	2019	2	18	6	0	0.09
72484653123	2019	2	18	7	0	0.03
72484653123	2019	2	21	3	0	0.04
72484653123	2019	2	21	4	0	0.05
72484653123	2019	2	21	8	0	0.01
72484653123	2019	2	21	9	0	0.01
72484653123	2019	2	21	10	0	0.01
72484653123	2019	2	21	11	0	0.01
72484653123	2019	2	21	12	0	0.02
72484653123	2019	2	21	15	0	0.02
72484653123	2019	2	21	16	0	0.08
72484653123	2019	2	21	17	0	0.08
72484653123	2019	2	21	21	0	0.01
72484653123	2019	2	21	22	0	0.02
72484653123	2019	2	21	23	0	0.02
72484653123	2019	3	2	14	0	0.01
72484653123	2019	3	2	16	0	0.01
72484653123	2019	3	6	8	0	0.005
72484653123	2019	3	6	9	0	0.03
72484653123	2019	3	6	10	0	0.07
72484653123	2019	3	6	11	0	0.01
72484653123	2019	3	6	14	0	0.003
72484653123	2019	3	6	15	0	0.05
72484653123	2019	3	6	16	0	0.03
72484653123	2019	3	6	17	0	0.02
72484653123	2019	3	6	18	0	0.01
72484653123	2019	3	6	20	0	0.01
72484653123	2019	3	12	5	0	0.02
72484653123	2019	3	12	6	0	0.06
72484653123	2019	3	12	7	0	0.01
72484653123	2019	3	12	8	0	0.01
72484653123	2019	3	12	10	0	0.01
72484653123	2019	3	13	6	0	0.02
72484653123	2019	3	20	22	0	0.02
72484653123	2019	3	21	1	0	0.01
72484653123	2019	3	21	11	0	0.01
72484653123	2019	4	29	19	0	0.01
72484653123	2019	4	29	20	0	0.049
72484653123	2019	4	29	21	0	0.11
72484653123	2019	4	29	22	0	0.06
72484653123	2019	4	29	23	0	0.01
72484653123	2019	5	8	4	0	0.01
72484653123	2019	5	10	4	0	0.04
72484653123	2019	5	10	5	0	0.16
72484653123	2019	5	10	6	0	0.19
72484653123	2019	5	10	7	0	0.04
72484653123	2019	5	10	8	0	0.06
72484653123	2019	5	10	9	0	0.02
72484653123	2019	5	10	10	0	0.02
72484653123	2019	5	22	14	0	0.01
72484653123	2019	5	22	15	0	0.01
72484653123	2019	5	23	13	0	0.01
72484653123	2019	5	31	1	0	0.01
72484653123	2019	9	24	0	0	0.11
72484653123	2019	11	20	6	0	0.02
72484653123	2019	11	20	9	0	0.03
72484653123	2019	11	20	10	0	0.01
72484653123	2019	11	20	13	0	0.15
72484653123	2019	11	20	14	0	0.08
72484653123	2019	11	20	15	0	0.03
72484653123	2019	11	20	16	0	0.07
72484653123	2019	11	20	17	0	0.16
72484653123	2019	11	20	18	0	0.01
72484653123	2019	11	20	19	0	0.03
72484653123	2019	11	20	22	0	0.01
72484653123	2019	11	21	5	0	0.001
72484653123	2019	11	21	6	0	0.02
72484653123	2019	11	21	7	0	0.02
72484653123	2019	11	21	14	0	0.01
72484653123	2019	11	28	1	0	0.01
72484653123	2019	11	28	2	0	0.01
72484653123	2019	11	28	21	0	0.19
72484653123	2019	11	28	22	0	0.23
72484653123	2019	11	28	23	0	0.13
72484653123	2019	11	29	0	0	0.05
72484653123	2019	11	29	1	0	0.01
72484653123	2019	11	29	2	0	0.02
72484653123	2019	11	29	3	0	0.02
72484653123	2019	12	4	19	0	0.09
72484653123	2019	12	4	20	0	0.06
72484653123	2019	12	4	21	0	0.15
72484653123	2019	12	4	22	0	0.07
72484653123	2019	12	7	9	0	0.01
72484653123	2019	12	15	4	0	0.03
72484653123	2019	12	15	12	0	0.01
72484653123	2019	12	23	22	0	0.07
72484653123	2019	12	23	23	0	0.03
72484653123	2019	12	24	0	0	0.03
72484653123	2019	12	24	3	0	0.01
72484653123	2019	12	24	4	0	0.01
72484653123	2019	12	26	15	0	0.01
72484653123	2019	12	26	16	0	0.02
72484653123	2019	12	26	17	0	0.02
72484653123	2019	12	27	0	0	0.03
72484653123	2019	12	27	1	0	0.05
72484653123	2019	12	27	2	0	0.01
72484653123	2019	12	27	3	0	0.02
72484653123	2019	12	27	4	0	0.02
72484653123	2019	12	27	5	0	0.02
72484653123	2019	12	27	6	0	0.01
