72491723233	2001	4	6	21	0	0.05
72491723233	2001	4	6	22	0	0.06
72491723233	2001	4	6	23	0	0.032
72491723233	2001	4	7	0	0	0.01
72491723233	2001	4	7	1	0	0.03
72491723233	2001	4	7	2	0	0.06
72491723233	2001	4	7	3	0	0.14
72491723233	2001	4	7	4	0	0.06
72491723233	2001	4	7	5	0	0.01
72491723233	2001	4	7	6	0	0.04
72491723233	2001	4	7	7	0	0.031
72491723233	2001	4	7	8	0	0.02
72491723233	2001	4	7	9	0	0.11
72491723233	2001	4	7	10	0	0.072
72491723233	2001	4	7	11	0	0.1
72491723233	2001	4	7	12	0	0.05
72491723233	2001	4	7	13	0	0.039
72491723233	2001	4	7	14	0	0.12
72491723233	2001	4	7	15	0	0.06
72491723233	2001	4	9	6	0	0.01
72491723233	2001	4	9	23	0	0.006
72491723233	2001	4	10	1	0	0.23
72491723233	2001	4	11	17	0	0.007
72491723233	2001	4	12	2	0	0.022
72491723233	2001	4	19	7	0	0.03
72491723233	2001	4	19	8	0	0.06
72491723233	2001	4	20	2	0	0.001
72491723233	2001	4	20	3	0	0.05
72491723233	2001	4	20	10	0	0.03
72491723233	2001	4	20	17	0	0.01
72491723233	2001	4	20	20	0	0.04
72491723233	2001	4	20	21	0	0.1
72491723233	2001	4	20	22	0	0.06
72491723233	2001	4	20	23	0	0.062
72491723233	2001	4	21	1	0	0.22
72491723233	2001	4	21	2	0	0.01
72491723233	2001	4	21	5	0	0.01
72491723233	2001	4	21	6	0	0.01
72491723233	2001	4	21	9	0	0.03
72491723233	2001	4	28	10	0	0.012
72491723233	2001	9	2	15	0	0.001
72491723233	2001	9	25	2	0	0.03
72491723233	2001	9	25	3	0	0.017
72491723233	2001	9	25	4	0	0.01
72491723233	2001	9	25	5	0	0.02
72491723233	2001	9	25	7	0	0.003
72491723233	2001	10	30	13	0	0.01
72491723233	2001	10	30	15	0	0.003
72491723233	2001	10	30	20	0	0.003
72491723233	2001	10	30	21	0	0.02
72491723233	2001	11	12	17	0	0.015
72491723233	2001	11	12	18	0	0.4
72491723233	2001	11	12	21	0	0.198
72491723233	2001	11	13	2	0	0.003
72491723233	2001	11	24	15	0	0.05
72491723233	2001	11	24	16	0	0.01
72491723233	2001	11	24	17	0	0.06
72491723233	2001	11	25	5	0	0.06
72491723233	2001	11	25	6	0	0.01
72491723233	2001	11	25	7	0	0.02
72491723233	2001	11	29	10	0	0.055
72491723233	2001	11	29	17	0	0.003
72491723233	2001	11	29	19	0	0.1
72491723233	2001	11	29	20	0	0.294
72491723233	2001	11	29	21	0	0.02
72491723233	2001	12	1	22	0	0.01
72491723233	2001	12	2	13	0	0.03
72491723233	2001	12	2	16	0	0.043
72491723233	2001	12	2	17	0	0.14
72491723233	2001	12	2	18	0	0.01
72491723233	2001	12	3	11	0	0.03
72491723233	2001	12	3	13	0	0.02
72491723233	2001	12	3	15	0	0.003
72491723233	2001	12	9	13	0	0.01
72491723233	2001	12	9	14	0	0.01
72491723233	2001	12	9	19	0	0.007
72491723233	2001	12	14	8	0	0.05
72491723233	2001	12	14	9	0	0.02
72491723233	2001	12	14	10	0	0.02
72491723233	2001	12	14	11	0	0.039
72491723233	2001	12	14	12	0	0.11
72491723233	2001	12	14	13	0	0.05
72491723233	2001	12	17	18	0	0.01
72491723233	2001	12	20	9	0	0.01
72491723233	2001	12	20	21	0	0.042
72491723233	2001	12	20	22	0	0.1
72491723233	2001	12	21	7	0	0.03
72491723233	2001	12	21	8	0	0.059
72491723233	2001	12	21	9	0	0.08
72491723233	2001	12	21	11	0	0.22
72491723233	2001	12	23	1	0	0.013
72491723233	2001	12	23	11	0	0.019
72491723233	2001	12	23	13	0	0.015
72491723233	2001	12	29	13	0	0.11
72491723233	2001	12	29	14	0	0.08
72491723233	2001	12	29	15	0	0.06
72491723233	2001	12	30	23	0	0.02
72491723233	2001	12	31	1	0	0.01
72491723233	2001	12	31	2	0	0.01
72491723233	2001	12	31	4	0	0.003
72491723233	2001	12	31	5	0	0.01
72491723233	2002	1	2	23	0	0.011
72491723233	2002	1	3	3	0	0.01
72491723233	2002	1	26	23	0	0.01
72491723233	2002	1	27	0	0	0.1
72491723233	2002	1	27	1	0	0.143
72491723233	2002	1	28	10	0	0.02
72491723233	2002	1	28	14	0	0.01
72491723233	2002	1	28	20	0	0.026
72491723233	2002	1	28	21	0	0.01
72491723233	2002	2	8	0	0	0.04
72491723233	2002	2	8	1	0	0.03
72491723233	2002	2	8	6	0	0.015
72491723233	2002	2	8	9	0	0.007
72491723233	2002	2	17	2	0	0.01
72491723233	2002	2	17	3	0	0.05
72491723233	2002	2	17	4	0	0.01
72491723233	2002	2	17	5	0	0.014
72491723233	2002	2	17	13	0	0.02
72491723233	2002	2	17	14	0	0.08
72491723233	2002	2	17	15	0	0.06
72491723233	2002	2	17	16	0	0.111
72491723233	2002	2	18	5	0	0.01
72491723233	2002	2	19	14	0	0.01
72491723233	2002	3	6	15	0	0.04
72491723233	2002	3	6	16	0	0.04
72491723233	2002	3	7	14	0	0.01
72491723233	2002	3	7	20	0	0.005
72491723233	2002	3	7	21	0	0.04
72491723233	2002	3	7	22	0	0.01
72491723233	2002	3	10	20	0	0.003
72491723233	2002	3	17	16	0	0.06
72491723233	2002	3	17	17	0	0.01
72491723233	2002	3	17	18	0	0.08
72491723233	2002	3	17	19	0	0.01
72491723233	2002	3	17	20	0	0.04
72491723233	2002	3	17	21	0	0.02
72491723233	2002	3	17	22	0	0.02
72491723233	2002	3	18	2	0	0.01
72491723233	2002	3	22	22	0	0.01
72491723233	2002	4	17	5	0	0.001
72491723233	2002	4	17	6	0	0.05
72491723233	2002	4	17	9	0	0.03
72491723233	2002	4	27	12	0	0.01
72491723233	2002	4	29	12	0	0.01
72491723233	2002	4	30	22	0	0.01
72491723233	2002	5	20	12	0	0.01
72491723233	2002	5	20	20	0	0.01
72491723233	2002	5	21	15	0	0.01
72491723233	2002	11	7	9	0	0.01
72491723233	2002	11	7	10	0	0.02
72491723233	2002	11	7	14	0	0.06
72491723233	2002	11	7	15	0	0.01
72491723233	2002	11	7	16	0	0.03
72491723233	2002	11	8	1	0	0.05
72491723233	2002	11	8	3	0	0.04
72491723233	2002	11	8	4	0	0.02
72491723233	2002	11	8	5	0	0.05
72491723233	2002	11	8	6	0	0.01
72491723233	2002	11	8	11	0	0.17
72491723233	2002	11	8	13	0	0.04
72491723233	2002	11	8	14	0	0.08
72491723233	2002	11	8	15	0	0.04
72491723233	2002	11	8	17	0	0.077
72491723233	2002	11	8	18	0	0.15
72491723233	2002	11	8	19	0	0.05
72491723233	2002	11	8	20	0	0.01
72491723233	2002	11	8	23	0	0.02
72491723233	2002	11	10	23	0	0.06
72491723233	2002	12	7	0	0	0.01
72491723233	2002	12	9	18	0	0.01
72491723233	2002	12	9	19	0	0.019
72491723233	2002	12	9	20	0	0.02
72491723233	2002	12	9	22	0	0.01
72491723233	2002	12	9	23	0	0.02
72491723233	2002	12	13	18	0	0.02
72491723233	2002	12	13	21	0	0.02
72491723233	2002	12	14	0	0	0.01
72491723233	2002	12	14	1	0	0.01
72491723233	2002	12	14	2	0	0.01
72491723233	2002	12	14	3	0	0.01
72491723233	2002	12	15	0	0	0.021
72491723233	2002	12	15	1	0	0.23
72491723233	2002	12	15	3	0	0.09
72491723233	2002	12	15	21	0	0.01
72491723233	2002	12	16	11	0	0.04
72491723233	2002	12	16	12	0	0.03
72491723233	2002	12	16	13	0	0.02
72491723233	2002	12	16	14	0	0.27
72491723233	2002	12	16	15	0	0.09
72491723233	2002	12	17	1	0	0.12
72491723233	2002	12	17	3	0	0.11
72491723233	2002	12	17	4	0	0.01
72491723233	2002	12	17	6	0	0.03
72491723233	2002	12	17	13	0	0.02
72491723233	2002	12	17	15	0	0.09
72491723233	2002	12	17	16	0	0.04
72491723233	2002	12	18	0	0	0.02
72491723233	2002	12	18	1	0	0.02
72491723233	2002	12	18	4	0	0.01
72491723233	2002	12	18	8	0	0.06
72491723233	2002	12	19	22	0	0.01
72491723233	2002	12	20	0	0	0.47
72491723233	2002	12	20	1	0	0.06
72491723233	2002	12	20	13	0	0.08
72491723233	2002	12	20	23	0	0.01
72491723233	2002	12	21	13	0	0.01
72491723233	2002	12	28	21	0	0.05
72491723233	2002	12	28	22	0	0.1
72491723233	2002	12	28	23	0	0.07
72491723233	2002	12	29	1	0	0.05
72491723233	2002	12	29	9	0	0.02
72491723233	2002	12	29	10	0	0.02
72491723233	2002	12	29	11	0	0.03
72491723233	2002	12	29	16	0	0.07
72491723233	2002	12	29	18	0	0.02
72491723233	2002	12	31	10	0	0.13
72491723233	2002	12	31	11	0	0.03
72491723233	2003	1	10	3	0	0.02
72491723233	2003	1	10	6	0	0.01
72491723233	2003	1	10	11	0	0.1
72491723233	2003	1	10	12	0	0.07
72491723233	2003	1	10	13	0	0.19
72491723233	2003	1	10	14	0	0.04
72491723233	2003	1	10	15	0	0.08
72491723233	2003	1	10	16	0	0.09
72491723233	2003	1	21	8	0	0.04
72491723233	2003	1	21	9	0	0.04
72491723233	2003	2	12	14	0	0.02
72491723233	2003	2	12	15	0	0.03
72491723233	2003	2	12	18	0	0.003
72491723233	2003	2	13	9	0	0.01
72491723233	2003	2	16	7	0	0.01
72491723233	2003	2	16	8	0	0.04
72491723233	2003	2	16	9	0	0.31
72491723233	2003	2	16	10	0	0.01
72491723233	2003	2	19	16	0	0.01
72491723233	2003	2	19	17	0	0.01
72491723233	2003	2	19	19	0	0.01
72491723233	2003	2	27	7	0	0.03
72491723233	2003	2	27	8	0	0.16
72491723233	2003	2	27	9	0	0.02
72491723233	2003	3	15	7	0	0.06
72491723233	2003	3	15	8	0	0.03
72491723233	2003	3	15	10	0	0.09
72491723233	2003	3	15	11	0	0.05
72491723233	2003	3	15	13	0	0.044
72491723233	2003	3	15	14	0	0.27
72491723233	2003	3	16	19	0	0.08
72491723233	2003	4	1	21	0	0.01
72491723233	2003	4	2	12	0	0.02
72491723233	2003	4	2	13	0	0.05
72491723233	2003	4	2	14	0	0.05
72491723233	2003	4	2	20	0	0.04
72491723233	2003	4	3	5	0	0.03
72491723233	2003	4	4	13	0	0.02
72491723233	2003	4	4	14	0	0.01
72491723233	2003	4	4	16	0	0.08
72491723233	2003	4	12	23	0	0.103
72491723233	2003	4	13	13	0	0.09
72491723233	2003	4	13	14	0	0.223
72491723233	2003	4	13	15	0	0.01
72491723233	2003	4	17	2	0	0.01
72491723233	2003	4	17	3	0	0.03
72491723233	2003	4	21	13	0	0.01
72491723233	2003	4	21	15	0	0.01
72491723233	2003	4	21	22	0	0.01
72491723233	2003	4	21	23	0	0.01
72491723233	2003	4	22	9	0	0.06
72491723233	2003	4	22	10	0	0.03
72491723233	2003	4	22	11	0	0.03
72491723233	2003	4	22	12	0	0.04
72491723233	2003	4	22	13	0	0.13
72491723233	2003	4	22	14	0	0.064
72491723233	2003	4	22	15	0	0.04
72491723233	2003	4	24	16	0	0.02
72491723233	2003	4	24	17	0	0.058
72491723233	2003	4	24	18	0	0.03
72491723233	2003	4	24	19	0	0.02
72491723233	2003	4	28	5	0	0.01
72491723233	2003	4	28	6	0	0.02
72491723233	2003	4	28	7	0	0.05
72491723233	2003	4	28	8	0	0.06
72491723233	2003	4	28	9	0	0.04
72491723233	2003	4	29	12	0	0.03
72491723233	2003	4	29	13	0	0.03
72491723233	2003	4	29	14	0	0.01
72491723233	2003	5	2	12	0	0.01
72491723233	2003	5	3	11	0	0.01
72491723233	2003	5	3	12	0	0.01
72491723233	2003	5	8	17	0	0.14
72491723233	2003	5	8	18	0	0.02
72491723233	2003	5	24	15	0	0.012
72491723233	2003	8	2	12	0	0.06
72491723233	2003	8	21	19	0	0.01
72491723233	2003	8	26	7	0	0.01
72491723233	2003	8	26	15	0	0.01
72491723233	2003	10	31	15	0	0.09
72491723233	2003	10	31	16	0	0.07
72491723233	2003	10	31	17	0	0.02
72491723233	2003	11	3	10	0	0.08
72491723233	2003	11	3	12	0	0.03
72491723233	2003	11	3	13	0	0.02
72491723233	2003	11	3	14	0	0.03
72491723233	2003	11	7	8	0	0.04
72491723233	2003	11	7	9	0	0.11
72491723233	2003	11	7	10	0	0.01
72491723233	2003	11	7	19	0	0.01
72491723233	2003	11	7	20	0	0.01
72491723233	2003	11	7	21	0	0.01
72491723233	2003	11	8	9	0	0.01
72491723233	2003	11	9	4	0	0.04
72491723233	2003	11	9	5	0	0.01
72491723233	2003	11	9	6	0	0.05
72491723233	2003	11	9	7	0	0.01
72491723233	2003	11	9	8	0	0.04
72491723233	2003	11	15	1	0	0.02
72491723233	2003	11	15	2	0	0.01
72491723233	2003	11	15	16	0	0.01
72491723233	2003	11	15	17	0	0.01
72491723233	2003	11	15	18	0	0.01
72491723233	2003	11	15	19	0	0.02
72491723233	2003	11	30	14	0	0.02
72491723233	2003	11	30	15	0	0.03
72491723233	2003	11	30	16	0	0.03
72491723233	2003	11	30	17	0	0.07
72491723233	2003	11	30	18	0	0.04
72491723233	2003	11	30	19	0	0.01
72491723233	2003	12	1	10	0	0.02
72491723233	2003	12	5	10	0	0.03
72491723233	2003	12	5	11	0	0.04
72491723233	2003	12	5	12	0	0.08
72491723233	2003	12	5	13	0	0.02
72491723233	2003	12	5	17	0	0.02
72491723233	2003	12	7	4	0	0.01
72491723233	2003	12	7	5	0	0.07
72491723233	2003	12	7	6	0	0.06
72491723233	2003	12	7	7	0	0.01
72491723233	2003	12	7	11	0	0.02
72491723233	2003	12	7	12	0	0.02
72491723233	2003	12	7	13	0	0.02
72491723233	2003	12	10	9	0	0.01
72491723233	2003	12	10	11	0	0.01
72491723233	2003	12	10	13	0	0.02
72491723233	2003	12	10	18	0	0.02
72491723233	2003	12	11	8	0	0.09
72491723233	2003	12	11	9	0	0.01
72491723233	2003	12	13	12	0	0.01
72491723233	2003	12	13	13	0	0.02
72491723233	2003	12	14	12	0	0.14
72491723233	2003	12	14	13	0	0.07
72491723233	2003	12	14	14	0	0.1
72491723233	2003	12	14	15	0	0.03
72491723233	2003	12	20	0	0	0.09
72491723233	2003	12	20	1	0	0.08
72491723233	2003	12	20	2	0	0.03
72491723233	2003	12	20	23	0	0.05
72491723233	2003	12	21	6	0	0.01
72491723233	2003	12	21	7	0	0.01
72491723233	2003	12	23	16	0	0.01
72491723233	2003	12	24	19	0	0.06
72491723233	2003	12	24	20	0	0.106
72491723233	2003	12	24	21	0	0.13
72491723233	2003	12	25	12	0	0.1
72491723233	2003	12	25	13	0	0.06
72491723233	2003	12	25	14	0	0.07
72491723233	2003	12	25	15	0	0.09
72491723233	2003	12	25	16	0	0.11
72491723233	2003	12	25	17	0	0.11
72491723233	2003	12	25	18	0	0.11
72491723233	2003	12	25	19	0	0.06
72491723233	2003	12	25	20	0	0.099
72491723233	2003	12	25	21	0	0.07
72491723233	2003	12	25	22	0	0.09
72491723233	2003	12	25	23	0	0.01
72491723233	2003	12	29	18	0	0.01
72491723233	2003	12	29	19	0	0.06
72491723233	2003	12	29	20	0	0.11
72491723233	2003	12	29	21	0	0.12
72491723233	2003	12	29	22	0	0.07
72491723233	2003	12	29	23	0	0.06
72491723233	2003	12	30	0	0	0.02
72491723233	2003	12	30	1	0	0.02
72491723233	2003	12	30	2	0	0.02
72491723233	2003	12	30	3	0	0.17
72491723233	2003	12	30	4	0	0.32
72491723233	2003	12	30	5	0	0.28
72491723233	2003	12	30	6	0	0.22
72491723233	2003	12	30	7	0	0.01
72491723233	2004	1	1	11	0	0.01
72491723233	2004	1	1	12	0	0.02
72491723233	2004	1	1	13	0	0.01
72491723233	2004	1	1	14	0	0.04
72491723233	2004	1	1	15	0	0.01
72491723233	2004	1	1	16	0	0.02
72491723233	2004	1	1	17	0	0.02
72491723233	2004	1	1	18	0	0.04
72491723233	2004	1	1	19	0	0.07
72491723233	2004	1	1	20	0	0.16
72491723233	2004	1	1	21	0	0.1
72491723233	2004	1	1	22	0	0.05
72491723233	2004	1	1	23	0	0.057
72491723233	2004	1	2	0	0	0.01
72491723233	2004	1	2	14	0	0.01
72491723233	2004	1	2	22	0	0.01
72491723233	2004	1	2	23	0	0.03
72491723233	2004	1	3	1	0	0.02
72491723233	2004	1	3	2	0	0.05
72491723233	2004	1	3	3	0	0.01
72491723233	2004	1	7	3	0	0.01
72491723233	2004	1	7	4	0	0.01
72491723233	2004	1	7	8	0	0.001
72491723233	2004	1	7	9	0	0.001
72491723233	2004	1	7	11	0	0.001
72491723233	2004	1	14	21	0	0.005
72491723233	2004	1	15	0	0	0.01
72491723233	2004	1	15	1	0	0.01
72491723233	2004	1	24	9	0	0.01
72491723233	2004	1	24	10	0	0.13
72491723233	2004	1	24	11	0	0.08
72491723233	2004	1	24	12	0	0.12
72491723233	2004	1	24	13	0	0.292
72491723233	2004	1	24	14	0	0.05
72491723233	2004	1	24	15	0	0.02
72491723233	2004	1	24	16	0	0.01
72491723233	2004	1	27	19	0	0.03
72491723233	2004	1	27	20	0	0.01
72491723233	2004	1	27	21	0	0.04
72491723233	2004	1	28	1	0	0.03
72491723233	2004	2	2	16	0	0.01
72491723233	2004	2	2	19	0	0.014
72491723233	2004	2	2	20	0	0.27
72491723233	2004	2	2	21	0	0.01
72491723233	2004	2	2	22	0	0.01
72491723233	2004	2	3	0	0	0.03
72491723233	2004	2	3	2	0	0.01
72491723233	2004	2	3	3	0	0.02
72491723233	2004	2	3	5	0	0.03
72491723233	2004	2	3	10	0	0.08
72491723233	2004	2	3	11	0	0.01
72491723233	2004	2	3	13	0	0.03
72491723233	2004	2	3	16	0	0.08
72491723233	2004	2	3	18	0	0.06
72491723233	2004	2	3	19	0	0.05
72491723233	2004	2	3	20	0	0.01
72491723233	2004	2	3	21	0	0.02
72491723233	2004	2	3	23	0	0.01
72491723233	2004	2	7	7	0	0.02
72491723233	2004	2	16	10	0	0.03
72491723233	2004	2	16	11	0	0.05
72491723233	2004	2	16	12	0	0.02
72491723233	2004	2	16	13	0	0.02
72491723233	2004	2	16	14	0	0.01
72491723233	2004	2	16	17	0	0.01
72491723233	2004	2	18	4	0	0.17
72491723233	2004	2	18	5	0	0.01
72491723233	2004	2	18	6	0	0.26
72491723233	2004	2	18	7	0	0.16
72491723233	2004	2	18	8	0	0.069
72491723233	2004	2	18	9	0	0.06
72491723233	2004	2	18	10	0	0.01
72491723233	2004	2	18	12	0	0.06
72491723233	2004	2	18	13	0	0.01
72491723233	2004	2	18	14	0	0.03
72491723233	2004	2	18	15	0	0.02
72491723233	2004	2	18	16	0	0.025
72491723233	2004	2	18	22	0	0.002
72491723233	2004	2	20	1	0	0.01
72491723233	2004	2	20	10	0	0.01
72491723233	2004	2	21	10	0	0.02
72491723233	2004	2	21	12	0	0.01
72491723233	2004	2	21	13	0	0.01
72491723233	2004	2	21	14	0	0.01
72491723233	2004	2	21	23	0	0.01
72491723233	2004	2	22	2	0	0.01
72491723233	2004	2	22	7	0	0.01
72491723233	2004	2	22	15	0	0.02
72491723233	2004	2	22	16	0	0.01
72491723233	2004	2	24	16	0	0.01
72491723233	2004	2	24	17	0	0.03
72491723233	2004	2	25	12	0	0.01
72491723233	2004	2	25	14	0	0.04
72491723233	2004	2	25	15	0	0.09
72491723233	2004	2	25	16	0	0.15
72491723233	2004	2	25	17	0	0.1
72491723233	2004	2	25	18	0	0.13
72491723233	2004	2	25	19	0	0.15
72491723233	2004	2	25	20	0	0.17
72491723233	2004	2	26	9	0	0.03
72491723233	2004	2	26	10	0	0.04
72491723233	2004	2	26	14	0	0.01
72491723233	2004	2	26	15	0	0.021
72491723233	2004	2	26	16	0	0.02
72491723233	2004	2	26	17	0	0.05
72491723233	2004	2	26	18	0	0.03
72491723233	2004	3	1	17	0	0.01
72491723233	2004	3	1	18	0	0.01
72491723233	2004	3	1	19	0	0.06
72491723233	2004	3	1	20	0	0.02
72491723233	2004	3	2	5	0	0.05
72491723233	2004	3	26	0	0	0.01
72491723233	2004	3	26	1	0	0.03
72491723233	2004	3	26	2	0	0.09
72491723233	2004	3	26	3	0	0.17
72491723233	2004	3	26	4	0	0.02
72491723233	2004	5	28	14	0	0.03
72491723233	2004	6	9	9	0	0.009
72491723233	2004	7	31	15	0	0.01
72491723233	2004	9	30	16	0	0.01
72491723233	2004	10	17	3	0	0.01
72491723233	2004	10	17	5	0	0.05
72491723233	2004	10	17	6	0	0.09
72491723233	2004	10	17	7	0	0.11
72491723233	2004	10	17	8	0	0.19
72491723233	2004	10	17	9	0	0.06
72491723233	2004	10	17	11	0	0.01
72491723233	2004	10	17	12	0	0.02
72491723233	2004	10	18	2	0	0.01
72491723233	2004	10	18	3	0	0.03
72491723233	2004	10	18	4	0	0.21
72491723233	2004	10	18	5	0	0.08
72491723233	2004	10	19	10	0	0.01
72491723233	2004	10	19	12	0	0.01
72491723233	2004	10	19	13	0	0.03
72491723233	2004	10	19	14	0	0.07
72491723233	2004	10	19	15	0	0.04
72491723233	2004	10	19	16	0	0.16
72491723233	2004	10	19	17	0	0.18
72491723233	2004	10	19	18	0	0.05
72491723233	2004	10	19	19	0	0.04
72491723233	2004	10	19	21	0	0.01
72491723233	2004	10	19	22	0	0.23
72491723233	2004	10	19	23	0	0.02
72491723233	2004	10	20	0	0	0.01
72491723233	2004	10	20	8	0	0.04
72491723233	2004	10	20	12	0	0.002
72491723233	2004	10	20	13	0	0.05
72491723233	2004	10	20	14	0	0.03
72491723233	2004	10	24	2	0	0.01
72491723233	2004	10	24	9	0	0.009
72491723233	2004	10	26	11	0	0.04
72491723233	2004	10	26	12	0	0.39
72491723233	2004	10	26	13	0	0.29
72491723233	2004	10	26	14	0	0.14
72491723233	2004	10	26	15	0	0.03
72491723233	2004	10	26	16	0	0.01
72491723233	2004	10	26	17	0	0.02
72491723233	2004	10	26	19	0	0.006
72491723233	2004	11	3	16	0	0.01
72491723233	2004	11	4	4	0	0.01
72491723233	2004	11	8	3	0	0.01
72491723233	2004	11	10	23	0	0.03
72491723233	2004	11	11	14	0	0.02
72491723233	2004	11	11	15	0	0.01
72491723233	2004	11	11	16	0	0.01
72491723233	2004	11	11	21	0	0.1
72491723233	2004	11	11	22	0	0.01
72491723233	2004	11	11	23	0	0.03
72491723233	2004	11	12	0	0	0.01
72491723233	2004	11	12	14	0	0.004
72491723233	2004	11	27	16	0	0.07
72491723233	2004	11	27	17	0	0.04
72491723233	2004	12	7	9	0	0.06
72491723233	2004	12	7	10	0	0.07
72491723233	2004	12	7	11	0	0.09
72491723233	2004	12	7	12	0	0.12
72491723233	2004	12	7	13	0	0.13
72491723233	2004	12	7	14	0	0.1
72491723233	2004	12	7	15	0	0.07
72491723233	2004	12	7	16	0	0.01
72491723233	2004	12	7	17	0	0.01
72491723233	2004	12	8	6	0	0.01
72491723233	2004	12	8	7	0	0.01
72491723233	2004	12	8	8	0	0.01
72491723233	2004	12	8	9	0	0.06
72491723233	2004	12	8	10	0	0.06
72491723233	2004	12	8	11	0	0.02
72491723233	2004	12	8	12	0	0.05
72491723233	2004	12	8	13	0	0.05
72491723233	2004	12	8	14	0	0.04
72491723233	2004	12	8	15	0	0.02
72491723233	2004	12	8	20	0	0.01
72491723233	2004	12	8	22	0	0.02
72491723233	2004	12	8	23	0	0.025
72491723233	2004	12	9	0	0	0.07
72491723233	2004	12	27	14	0	0.01
72491723233	2004	12	27	16	0	0.012
72491723233	2004	12	27	17	0	0.01
72491723233	2004	12	27	18	0	0.024
72491723233	2004	12	28	3	0	0.01
72491723233	2004	12	28	4	0	0.02
72491723233	2004	12	28	20	0	0.01
72491723233	2004	12	28	21	0	0.01
72491723233	2004	12	28	22	0	0.01
72491723233	2004	12	29	3	0	0.01
72491723233	2004	12	29	6	0	0.03
72491723233	2004	12	29	9	0	0.002
72491723233	2004	12	29	11	0	0.01
72491723233	2004	12	29	12	0	0.04
72491723233	2004	12	30	5	0	0.01
72491723233	2004	12	30	7	0	0.02
72491723233	2004	12	30	8	0	0.02
72491723233	2004	12	30	9	0	0.18
72491723233	2004	12	30	16	0	0.008
72491723233	2004	12	30	17	0	0.24
72491723233	2004	12	30	18	0	0.1
72491723233	2004	12	30	19	0	0.03
72491723233	2004	12	30	20	0	0.1
72491723233	2004	12	30	21	0	0.08
72491723233	2004	12	30	22	0	0.04
72491723233	2004	12	30	23	0	0.01
72491723233	2004	12	31	0	0	0.02
72491723233	2004	12	31	1	0	0.01
72491723233	2004	12	31	4	0	0.01
72491723233	2004	12	31	5	0	0.12
72491723233	2004	12	31	6	0	0.06
72491723233	2004	12	31	7	0	0.12
72491723233	2004	12	31	8	0	0.07
72491723233	2004	12	31	9	0	0.2
72491723233	2004	12	31	10	0	0.11
72491723233	2004	12	31	11	0	0.06
72491723233	2004	12	31	13	0	0.07
72491723233	2004	12	31	14	0	0.01
72491723233	2004	12	31	15	0	0.02
72491723233	2004	12	31	16	0	0.04
72491723233	2004	12	31	18	0	0.09
72491723233	2004	12	31	21	0	0.01
72491723233	2005	1	1	4	0	0.05
72491723233	2005	1	1	7	0	0.08
72491723233	2005	1	1	8	0	0.01
72491723233	2005	1	1	10	0	0.01
72491723233	2005	1	1	11	0	0.03
72491723233	2005	1	1	12	0	0.01
72491723233	2005	1	1	15	0	0.02
72491723233	2005	1	1	16	0	0.01
72491723233	2005	1	1	22	0	0.01
72491723233	2005	1	1	23	0	0.07
72491723233	2005	1	2	20	0	0.01
72491723233	2005	1	2	21	0	0.03
72491723233	2005	1	2	22	0	0.04
72491723233	2005	1	2	23	0	0.02
72491723233	2005	1	3	0	0	0.02
72491723233	2005	1	3	2	0	0.01
72491723233	2005	1	3	3	0	0.07
72491723233	2005	1	3	4	0	0.01
72491723233	2005	1	3	6	0	0.02
72491723233	2005	1	3	7	0	0.01
72491723233	2005	1	5	1	0	0.01
72491723233	2005	1	5	2	0	0.01
72491723233	2005	1	5	21	0	0.01
72491723233	2005	1	7	7	0	0.01
72491723233	2005	1	7	8	0	0.01
72491723233	2005	1	7	9	0	0.04
72491723233	2005	1	7	10	0	0.04
72491723233	2005	1	7	12	0	0.01
72491723233	2005	1	7	14	0	0.01
72491723233	2005	1	7	16	0	0.03
72491723233	2005	1	7	17	0	0.02
72491723233	2005	1	7	18	0	0.01
72491723233	2005	1	7	22	0	0.01
72491723233	2005	1	8	3	0	0.01
72491723233	2005	1	8	8	0	0.02
72491723233	2005	1	8	9	0	0.01
72491723233	2005	1	8	10	0	0.01
72491723233	2005	1	8	12	0	0.01
72491723233	2005	1	8	13	0	0.04
72491723233	2005	1	8	14	0	0.08
72491723233	2005	1	8	15	0	0.1
72491723233	2005	1	8	16	0	0.01
72491723233	2005	1	8	20	0	0.004
72491723233	2005	1	8	21	0	0.08
72491723233	2005	1	8	23	0	0.01
72491723233	2005	1	9	0	0	0.02
72491723233	2005	1	9	1	0	0.03
72491723233	2005	1	9	7	0	0.01
72491723233	2005	1	9	13	0	0.02
72491723233	2005	1	9	14	0	0.01
72491723233	2005	1	9	15	0	0.02
72491723233	2005	1	9	16	0	0.01
72491723233	2005	1	9	19	0	0.03
72491723233	2005	1	9	20	0	0.06
72491723233	2005	1	9	21	0	0.01
72491723233	2005	1	9	22	0	0.01
72491723233	2005	1	10	8	0	0.01
72491723233	2005	1	10	11	0	0.01
72491723233	2005	1	10	15	0	0.01
72491723233	2005	1	11	2	0	0.01
72491723233	2005	1	11	3	0	0.02
72491723233	2005	1	11	4	0	0.16
72491723233	2005	1	11	5	0	0.11
72491723233	2005	1	11	6	0	0.01
72491723233	2005	1	11	11	0	0.01
72491723233	2005	1	11	13	0	0.02
72491723233	2005	1	11	14	0	0.01
72491723233	2005	1	11	15	0	0.07
72491723233	2005	1	11	16	0	0.04
72491723233	2005	1	11	17	0	0.09
72491723233	2005	1	11	19	0	0.04
72491723233	2005	1	11	20	0	0.05
72491723233	2005	1	11	22	0	0.01
72491723233	2005	1	11	23	0	0.01
72491723233	2005	1	21	14	0	0.01
72491723233	2005	1	26	3	0	0.02
72491723233	2005	1	26	4	0	0.01
72491723233	2005	1	26	5	0	0.05
72491723233	2005	1	26	6	0	0.02
72491723233	2005	1	26	13	0	0.01
72491723233	2005	1	26	16	0	0.03
72491723233	2005	1	26	17	0	0.14
72491723233	2005	1	26	18	0	0.06
72491723233	2005	1	26	19	0	0.04
72491723233	2005	1	27	14	0	0.01
72491723233	2005	1	28	4	0	0.01
72491723233	2005	1	28	5	0	0.01
72491723233	2005	1	28	7	0	0.01
72491723233	2005	1	28	8	0	0.02
72491723233	2005	1	28	9	0	0.04
72491723233	2005	1	28	10	0	0.02
72491723233	2005	1	28	11	0	0.06
72491723233	2005	1	28	13	0	0.01
72491723233	2005	1	28	14	0	0.05
72491723233	2005	1	28	18	0	0.07
72491723233	2005	1	29	2	0	0.01
72491723233	2005	2	7	12	0	0.01
72491723233	2005	2	7	14	0	0.01
72491723233	2005	2	7	16	0	0.01
72491723233	2005	2	7	17	0	0.03
72491723233	2005	2	7	18	0	0.02
72491723233	2005	2	7	19	0	0.07
72491723233	2005	2	7	20	0	0.01
72491723233	2005	2	11	19	0	0.01
72491723233	2005	2	11	20	0	0.01
72491723233	2005	2	11	21	0	0.01
72491723233	2005	2	11	22	0	0.01
72491723233	2005	2	12	0	0	0.01
72491723233	2005	2	12	1	0	0.01
72491723233	2005	2	12	2	0	0.02
72491723233	2005	2	12	3	0	0.03
72491723233	2005	2	12	4	0	0.03
72491723233	2005	2	12	5	0	0.04
72491723233	2005	2	12	6	0	0.04
72491723233	2005	2	12	7	0	0.01
72491723233	2005	2	12	9	0	0.01
72491723233	2005	2	12	10	0	0.02
72491723233	2005	2	12	11	0	0.02
72491723233	2005	2	15	1	0	0.01
72491723233	2005	2	15	2	0	0.01
72491723233	2005	2	15	3	0	0.01
72491723233	2005	2	15	5	0	0.01
72491723233	2005	2	15	6	0	0.01
72491723233	2005	2	15	9	0	0.03
72491723233	2005	2	15	10	0	0.1
72491723233	2005	2	15	11	0	0.08
72491723233	2005	2	15	12	0	0.03
72491723233	2005	2	15	13	0	0.02
72491723233	2005	2	15	14	0	0.12
72491723233	2005	2	15	15	0	0.06
72491723233	2005	2	15	16	0	0.12
72491723233	2005	2	15	17	0	0.04
72491723233	2005	2	15	20	0	0.05
72491723233	2005	2	15	21	0	0.08
72491723233	2005	2	15	22	0	0.07
72491723233	2005	2	15	23	0	0.06
72491723233	2005	2	16	0	0	0.02
72491723233	2005	2	16	1	0	0.02
72491723233	2005	2	16	2	0	0.06
72491723233	2005	2	16	3	0	0.05
72491723233	2005	2	16	5	0	0.01
72491723233	2005	2	16	6	0	0.04
72491723233	2005	2	16	8	0	0.09
72491723233	2005	2	16	9	0	0.01
72491723233	2005	2	16	10	0	0.01
72491723233	2005	2	17	21	0	0.01
72491723233	2005	2	17	22	0	0.05
72491723233	2005	2	17	23	0	0.04
72491723233	2005	2	18	0	0	0.02
72491723233	2005	2	18	5	0	0.01
72491723233	2005	2	18	8	0	0.01
72491723233	2005	2	18	10	0	0.01
72491723233	2005	2	18	11	0	0.016
72491723233	2005	2	18	12	0	0.11
72491723233	2005	2	18	13	0	0.01
72491723233	2005	2	19	18	0	0.01
72491723233	2005	2	19	20	0	0.06
72491723233	2005	2	19	22	0	0.01
72491723233	2005	2	20	3	0	0.05
72491723233	2005	2	20	4	0	0.01
72491723233	2005	2	20	6	0	0.07
72491723233	2005	2	20	7	0	0.02
72491723233	2005	2	20	8	0	0.02
72491723233	2005	2	20	9	0	0.04
72491723233	2005	2	20	10	0	0.04
72491723233	2005	2	21	3	0	0.01
72491723233	2005	2	21	5	0	0.04
72491723233	2005	2	21	6	0	0.01
72491723233	2005	2	21	7	0	0.01
72491723233	2005	2	21	8	0	0.14
72491723233	2005	2	21	9	0	0.05
72491723233	2005	2	21	10	0	0.03
72491723233	2005	2	21	11	0	0.01
72491723233	2005	2	21	13	0	0.02
72491723233	2005	2	21	21	0	0.04
72491723233	2005	2	21	22	0	0.01
72491723233	2005	2	27	12	0	0.01
72491723233	2005	2	28	1	0	0.01
72491723233	2005	2	28	4	0	0.14
72491723233	2005	2	28	5	0	0.3
72491723233	2005	2	28	6	0	0.08
72491723233	2005	2	28	7	0	0.02
72491723233	2005	3	2	9	0	0.01
72491723233	2005	3	3	10	0	0.01
72491723233	2005	3	4	3	0	0.03
72491723233	2005	3	4	4	0	0.05
72491723233	2005	3	4	5	0	0.08
72491723233	2005	3	4	6	0	0.01
72491723233	2005	3	4	7	0	0.12
72491723233	2005	3	4	8	0	0.04
72491723233	2005	3	4	16	0	0.01
72491723233	2005	3	4	17	0	0.03
72491723233	2005	3	4	18	0	0.18
72491723233	2005	3	4	19	0	0.28
72491723233	2005	3	4	20	0	0.09
72491723233	2005	3	4	21	0	0.02
72491723233	2005	3	4	22	0	0.05
72491723233	2005	3	4	23	0	0.06
72491723233	2005	3	5	11	0	0.01
72491723233	2005	3	6	10	0	0.01
72491723233	2005	3	7	13	0	0.01
72491723233	2005	3	9	11	0	0.01
72491723233	2005	3	12	12	0	0.01
72491723233	2005	3	18	20	0	0.01
72491723233	2005	3	18	21	0	0.01
72491723233	2005	3	18	22	0	0.02
72491723233	2005	3	18	23	0	0.01
72491723233	2005	3	19	8	0	0.03
72491723233	2005	3	19	13	0	0.03
72491723233	2005	3	19	14	0	0.01
72491723233	2005	3	19	15	0	0.02
72491723233	2005	3	19	16	0	0.02
72491723233	2005	3	19	17	0	0.05
72491723233	2005	3	19	18	0	0.01
72491723233	2005	3	20	11	0	0.01
72491723233	2005	3	20	13	0	0.03
72491723233	2005	3	21	3	0	0.05
72491723233	2005	3	21	23	0	0.02
72491723233	2005	3	22	0	0	0.02
72491723233	2005	3	22	1	0	0.04
72491723233	2005	3	22	2	0	0.02
72491723233	2005	3	22	3	0	0.04
72491723233	2005	3	22	5	0	0.03
72491723233	2005	3	22	6	0	0.11
72491723233	2005	3	22	7	0	0.03
72491723233	2005	3	22	8	0	0.1
72491723233	2005	3	22	9	0	0.22
72491723233	2005	3	22	10	0	0.03
72491723233	2005	3	22	11	0	0.2
72491723233	2005	3	22	12	0	0.03
72491723233	2005	3	22	13	0	0.03
72491723233	2005	3	22	21	0	0.21
72491723233	2005	3	22	22	0	0.21
72491723233	2005	3	22	23	0	0.11
72491723233	2005	3	23	0	0	0.04
72491723233	2005	3	23	1	0	0.01
72491723233	2005	3	23	2	0	0.03
72491723233	2005	3	23	3	0	0.03
72491723233	2005	3	23	4	0	0.01
72491723233	2005	3	23	5	0	0.09
72491723233	2005	3	23	6	0	0.03
72491723233	2005	3	23	7	0	0.01
72491723233	2005	3	23	9	0	0.02
72491723233	2005	3	23	11	0	0.03
72491723233	2005	3	23	12	0	0.01
72491723233	2005	3	23	14	0	0.01
72491723233	2005	3	23	17	0	0.05
72491723233	2005	3	23	18	0	0.04
72491723233	2005	3	23	19	0	0.02
72491723233	2005	3	24	10	0	0.01
72491723233	2005	3	28	3	0	0.02
72491723233	2005	3	28	5	0	0.002
72491723233	2005	3	28	6	0	0.21
72491723233	2005	3	28	7	0	0.01
72491723233	2005	3	28	10	0	0.01
72491723233	2005	3	28	12	0	0.24
72491723233	2005	3	28	13	0	0.02
72491723233	2005	3	28	14	0	0.02
72491723233	2005	3	28	15	0	0.02
72491723233	2005	3	28	16	0	0.01
72491723233	2005	3	29	15	0	0.05
72491723233	2005	3	29	16	0	0.12
72491723233	2005	3	29	18	0	0.04
72491723233	2005	4	4	3	0	0.15
72491723233	2005	4	4	4	0	0.12
72491723233	2005	4	4	6	0	0.09
72491723233	2005	4	4	7	0	0.01
72491723233	2005	4	4	9	0	0.08
72491723233	2005	4	7	10	0	0.05
72491723233	2005	4	7	11	0	0.05
72491723233	2005	4	7	16	0	0.03
72491723233	2005	4	8	17	0	0.03
72491723233	2005	4	8	18	0	0.06
72491723233	2005	4	8	19	0	0.15
72491723233	2005	4	8	20	0	0.03
72491723233	2005	4	8	23	0	0.01
72491723233	2005	4	9	0	0	0.03
72491723233	2005	4	9	4	0	0.01
72491723233	2005	4	9	7	0	0.02
72491723233	2005	4	9	8	0	0.04
72491723233	2005	4	23	11	0	0.01
72491723233	2005	4	23	13	0	0.01
72491723233	2005	4	23	17	0	0.01
72491723233	2005	4	27	19	0	0.02
72491723233	2005	4	27	20	0	0.01
72491723233	2005	4	27	23	0	0.01
72491723233	2005	4	28	6	0	0.01
72491723233	2005	4	28	7	0	0.06
72491723233	2005	4	28	8	0	0.01
72491723233	2005	4	28	9	0	0.05
72491723233	2005	4	28	10	0	0.07
72491723233	2005	4	28	12	0	0.01
72491723233	2005	4	28	18	0	0.16
72491723233	2005	5	4	23	0	0.003
72491723233	2005	5	5	0	0	0.02
72491723233	2005	5	5	1	0	0.01
72491723233	2005	5	5	3	0	0.02
72491723233	2005	5	5	4	0	0.06
72491723233	2005	5	5	5	0	0.08
72491723233	2005	5	5	6	0	0.01
72491723233	2005	5	5	8	0	0.04
72491723233	2005	5	5	9	0	0.08
72491723233	2005	5	5	10	0	0.04
72491723233	2005	5	5	11	0	0.01
72491723233	2005	5	6	6	0	0.01
72491723233	2005	5	8	18	0	0.02
72491723233	2005	5	9	5	0	0.01
72491723233	2005	5	9	7	0	0.02
72491723233	2005	5	9	8	0	0.02
72491723233	2005	5	9	9	0	0.06
72491723233	2005	5	9	12	0	0.12
72491723233	2005	5	9	15	0	0.09
72491723233	2005	5	16	14	0	0.01
72491723233	2005	6	9	7	0	0.02
72491723233	2005	6	9	8	0	0.02
72491723233	2005	6	9	9	0	0.06
72491723233	2005	6	9	10	0	0.04
72491723233	2005	6	9	11	0	0.01
72491723233	2005	6	9	12	0	0.01
72491723233	2005	6	17	2	0	0.02
72491723233	2005	6	17	3	0	0.02
72491723233	2005	6	17	16	0	0.01
72491723233	2005	6	28	13	0	0.01
72491723233	2005	7	21	21	0	0.01
72491723233	2005	7	21	22	0	0.03
72491723233	2005	10	15	4	0	0.01
72491723233	2005	10	15	10	0	0.01
72491723233	2005	10	15	11	0	0.02
72491723233	2005	10	15	12	0	0.02
72491723233	2005	10	21	19	0	0.01
72491723233	2005	10	25	9	0	0.02
72491723233	2005	10	25	15	0	0.01
72491723233	2005	10	25	16	0	0.01
72491723233	2005	10	27	14	0	0.01
72491723233	2005	11	9	14	0	0.03
72491723233	2005	11	9	15	0	0.04
72491723233	2005	11	9	16	0	0.01
72491723233	2005	11	9	17	0	0.01
72491723233	2005	11	9	21	0	0.01
72491723233	2005	11	9	22	0	0.07
72491723233	2005	11	9	23	0	0.06
72491723233	2005	11	10	15	0	0.01
72491723233	2005	11	10	16	0	0.026
72491723233	2005	11	14	11	0	0.01
72491723233	2005	11	25	11	0	0.01
72491723233	2005	11	25	18	0	0.03
72491723233	2005	11	25	19	0	0.07
72491723233	2005	11	25	20	0	0.02
72491723233	2005	11	29	6	0	0.04
72491723233	2005	11	29	7	0	0.01
72491723233	2005	11	29	8	0	0.02
72491723233	2005	12	1	19	0	0.01
72491723233	2005	12	1	20	0	0.02
72491723233	2005	12	1	21	0	0.09
72491723233	2005	12	1	22	0	0.05
72491723233	2005	12	1	23	0	0.01
72491723233	2005	12	2	0	0	0.03
72491723233	2005	12	2	1	0	0.04
72491723233	2005	12	2	2	0	0.09
72491723233	2005	12	2	3	0	0.05
72491723233	2005	12	2	4	0	0.01
72491723233	2005	12	2	7	0	0.04
72491723233	2005	12	2	8	0	0.05
72491723233	2005	12	2	9	0	0.04
72491723233	2005	12	18	1	0	0.01
72491723233	2005	12	18	5	0	0.01
72491723233	2005	12	18	6	0	0.06
72491723233	2005	12	18	7	0	0.03
72491723233	2005	12	18	8	0	0.03
72491723233	2005	12	18	9	0	0.04
72491723233	2005	12	18	10	0	0.03
72491723233	2005	12	18	11	0	0.08
72491723233	2005	12	18	12	0	0.06
72491723233	2005	12	18	14	0	0.01
72491723233	2005	12	18	15	0	0.03
72491723233	2005	12	18	16	0	0.08
72491723233	2005	12	18	18	0	0.01
72491723233	2005	12	18	19	0	0.08
72491723233	2005	12	18	20	0	0.02
72491723233	2005	12	18	21	0	0.09
72491723233	2005	12	18	22	0	0.11
72491723233	2005	12	18	23	0	0.18
72491723233	2005	12	19	9	0	0.01
72491723233	2005	12	22	1	0	0.01
72491723233	2005	12	22	10	0	0.01
72491723233	2005	12	22	11	0	0.01
72491723233	2005	12	22	22	0	0.03
72491723233	2005	12	22	23	0	0.18
72491723233	2005	12	23	0	0	0.04
72491723233	2005	12	23	1	0	0.01
72491723233	2005	12	23	2	0	0.02
72491723233	2005	12	23	3	0	0.02
72491723233	2005	12	23	5	0	0.03
72491723233	2005	12	24	3	0	0.01
72491723233	2005	12	25	13	0	0.01
72491723233	2005	12	26	1	0	0.02
72491723233	2005	12	26	2	0	0.03
72491723233	2005	12	26	3	0	0.02
72491723233	2005	12	26	4	0	0.04
72491723233	2005	12	26	5	0	0.11
72491723233	2005	12	26	6	0	0.16
72491723233	2005	12	26	8	0	0.02
72491723233	2005	12	26	9	0	0.04
72491723233	2005	12	26	10	0	0.09
72491723233	2005	12	26	11	0	0.04
72491723233	2005	12	28	15	0	0.15
72491723233	2005	12	28	16	0	0.02
72491723233	2005	12	28	18	0	0.02
72491723233	2005	12	28	19	0	0.01
72491723233	2005	12	28	20	0	0.04
72491723233	2005	12	29	13	0	0.01
72491723233	2005	12	31	1	0	0.01
72491723233	2005	12	31	10	0	0.01
72491723233	2005	12	31	11	0	0.03
72491723233	2005	12	31	12	0	0.01
72491723233	2005	12	31	13	0	0.04
72491723233	2005	12	31	14	0	0.13
72491723233	2005	12	31	15	0	0.08
72491723233	2005	12	31	16	0	0.07
72491723233	2005	12	31	17	0	0.04
72491723233	2005	12	31	19	0	0.01
72491723233	2006	1	1	16	0	0.01
72491723233	2006	1	1	17	0	0.05
72491723233	2006	1	1	18	0	0.07
72491723233	2006	1	1	19	0	0.09
72491723233	2006	1	1	20	0	0.05
72491723233	2006	1	1	21	0	0.01
72491723233	2006	1	1	23	0	0.01
72491723233	2006	1	2	0	0	0.021
72491723233	2006	1	2	1	0	0.024
72491723233	2006	1	2	2	0	0.017
72491723233	2006	1	2	3	0	0.02
72491723233	2006	1	2	4	0	0.029
72491723233	2006	1	2	5	0	0.027
72491723233	2006	1	2	6	0	0.05
72491723233	2006	1	2	7	0	0.064
72491723233	2006	1	2	8	0	0.064
72491723233	2006	1	2	9	0	0.076
72491723233	2006	1	2	10	0	0.057
72491723233	2006	1	2	11	0	0.061
72491723233	2006	1	2	12	0	0.03
72491723233	2006	1	2	13	0	0.078
72491723233	2006	1	2	14	0	0.25
72491723233	2006	1	2	15	0	0.178
72491723233	2006	1	2	16	0	0.073
72491723233	2006	1	2	17	0	0.049
72491723233	2006	1	2	18	0	0.181
72491723233	2006	1	2	20	0	0.02
72491723233	2006	1	2	22	0	0.1
72491723233	2006	1	2	23	0	0.04
72491723233	2006	1	3	0	0	0.02
72491723233	2006	1	3	13	0	0.01
72491723233	2006	1	7	7	0	0.01
72491723233	2006	1	7	8	0	0.02
72491723233	2006	1	7	9	0	0.08
72491723233	2006	1	7	10	0	0.04
72491723233	2006	1	7	11	0	0.01
72491723233	2006	1	14	9	0	0.12
72491723233	2006	1	14	10	0	0.03
72491723233	2006	1	14	11	0	0.04
72491723233	2006	1	14	12	0	0.01
72491723233	2006	1	14	14	0	0.01
72491723233	2006	1	14	18	0	0.07
72491723233	2006	1	14	19	0	0.03
72491723233	2006	1	14	20	0	0.05
72491723233	2006	1	14	21	0	0.01
72491723233	2006	1	14	22	0	0.12
72491723233	2006	1	14	23	0	0.01
72491723233	2006	1	15	0	0	0.04
72491723233	2006	1	15	1	0	0.01
72491723233	2006	1	15	2	0	0.02
72491723233	2006	1	15	3	0	0.1
72491723233	2006	1	15	7	0	0.01
72491723233	2006	1	18	6	0	0.01
72491723233	2006	1	18	7	0	0.03
72491723233	2006	1	18	8	0	0.03
72491723233	2006	1	18	11	0	0.05
72491723233	2006	1	18	12	0	0.01
72491723233	2006	1	18	22	0	0.01
72491723233	2006	1	19	3	0	0.02
72491723233	2006	1	19	4	0	0.01
72491723233	2006	1	26	10	0	0.01
72491723233	2006	1	26	11	0	0.09
72491723233	2006	1	26	12	0	0.01
72491723233	2006	1	26	18	0	0.01
72491723233	2006	1	29	9	0	0.03
72491723233	2006	1	29	11	0	0.04
72491723233	2006	1	29	12	0	0.01
72491723233	2006	1	29	13	0	0.03
72491723233	2006	1	29	15	0	0.01
72491723233	2006	1	30	22	0	0.01
72491723233	2006	1	30	23	0	0.003
72491723233	2006	1	31	0	0	0.05
72491723233	2006	2	2	10	0	0.01
72491723233	2006	2	2	11	0	0.03
72491723233	2006	2	2	12	0	0.02
72491723233	2006	2	2	14	0	0.02
72491723233	2006	2	2	18	0	0.01
72491723233	2006	2	17	13	0	0.01
72491723233	2006	2	17	17	0	0.02
72491723233	2006	2	17	18	0	0.01
72491723233	2006	2	17	19	0	0.01
72491723233	2006	2	17	21	0	0.03
72491723233	2006	2	17	22	0	0.01
72491723233	2006	2	18	1	0	0.01
72491723233	2006	2	18	7	0	0.07
72491723233	2006	2	18	22	0	0.17
72491723233	2006	2	19	4	0	0.01
72491723233	2006	2	19	10	0	0.01
72491723233	2006	2	26	22	0	0.01
72491723233	2006	2	26	23	0	0.04
72491723233	2006	2	27	0	0	0.03
72491723233	2006	2	27	1	0	0.01
72491723233	2006	2	27	15	0	0.04
72491723233	2006	2	27	16	0	0.05
72491723233	2006	2	27	19	0	0.01
72491723233	2006	2	27	23	0	0.06
72491723233	2006	2	28	0	0	0.02
72491723233	2006	2	28	1	0	0.01
72491723233	2006	2	28	2	0	0.04
72491723233	2006	2	28	3	0	0.02
72491723233	2006	2	28	4	0	0.01
72491723233	2006	2	28	5	0	0.01
72491723233	2006	2	28	9	0	0.04
72491723233	2006	2	28	10	0	0.02
72491723233	2006	3	2	10	0	0.05
72491723233	2006	3	2	11	0	0.1
72491723233	2006	3	2	12	0	0.08
72491723233	2006	3	2	13	0	0.04
72491723233	2006	3	3	10	0	0.2
72491723233	2006	3	3	11	0	0.04
72491723233	2006	3	3	12	0	0.05
72491723233	2006	3	3	13	0	0.06
72491723233	2006	3	3	14	0	0.01
72491723233	2006	3	3	15	0	0.07
72491723233	2006	3	3	16	0	0.09
72491723233	2006	3	3	17	0	0.1
72491723233	2006	3	3	20	0	0.04
72491723233	2006	3	4	1	0	0.05
72491723233	2006	3	4	2	0	0.02
72491723233	2006	3	6	8	0	0.02
72491723233	2006	3	6	9	0	0.02
72491723233	2006	3	6	10	0	0.15
72491723233	2006	3	6	11	0	0.1
72491723233	2006	3	6	12	0	0.09
72491723233	2006	3	6	13	0	0.02
72491723233	2006	3	7	13	0	0.06
72491723233	2006	3	7	16	0	0.05
72491723233	2006	3	9	13	0	0.02
72491723233	2006	3	10	3	0	0.08
72491723233	2006	3	10	4	0	0.04
72491723233	2006	3	10	5	0	0.01
72491723233	2006	3	10	6	0	0.01
72491723233	2006	3	10	9	0	0.02
72491723233	2006	3	10	12	0	0.01
72491723233	2006	3	10	13	0	0.03
72491723233	2006	3	10	14	0	0.1
72491723233	2006	3	10	16	0	0.02
72491723233	2006	3	11	9	0	0.04
72491723233	2006	3	11	11	0	0.1
72491723233	2006	3	12	4	0	0.01
72491723233	2006	3	12	5	0	0.009
72491723233	2006	3	12	6	0	0.02
72491723233	2006	3	12	8	0	0.03
72491723233	2006	3	12	9	0	0.08
72491723233	2006	3	12	10	0	0.02
72491723233	2006	3	12	11	0	0.03
72491723233	2006	3	12	14	0	0.01
72491723233	2006	3	12	15	0	0.04
72491723233	2006	3	12	16	0	0.02
72491723233	2006	3	12	18	0	0.05
72491723233	2006	3	14	10	0	0.01
72491723233	2006	3	14	11	0	0.02
72491723233	2006	3	14	12	0	0.03
72491723233	2006	3	14	13	0	0.15
72491723233	2006	3	14	14	0	0.06
72491723233	2006	3	14	15	0	0.02
72491723233	2006	3	14	16	0	0.05
72491723233	2006	3	14	17	0	0.03
72491723233	2006	3	15	5	0	0.01
72491723233	2006	3	15	11	0	0.01
72491723233	2006	3	15	14	0	0.01
72491723233	2006	3	15	19	0	0.01
72491723233	2006	3	17	7	0	0.03
72491723233	2006	3	17	8	0	0.08
72491723233	2006	3	17	13	0	0.11
72491723233	2006	3	17	14	0	0.13
72491723233	2006	3	17	15	0	0.02
72491723233	2006	3	17	18	0	0.03
72491723233	2006	3	17	19	0	0.01
72491723233	2006	3	17	21	0	0.03
72491723233	2006	3	17	22	0	0.02
72491723233	2006	3	17	23	0	0.01
72491723233	2006	3	20	18	0	0.02
72491723233	2006	3	20	19	0	0.07
72491723233	2006	3	20	20	0	0.17
72491723233	2006	3	20	21	0	0.06
72491723233	2006	3	20	22	0	0.03
72491723233	2006	3	20	23	0	0.02
72491723233	2006	3	21	3	0	0.01
72491723233	2006	3	21	4	0	0.05
72491723233	2006	3	21	6	0	0.05
72491723233	2006	3	21	7	0	0.01
72491723233	2006	3	21	10	0	0.09
72491723233	2006	3	21	11	0	0.01
72491723233	2006	3	21	16	0	0.02
72491723233	2006	3	25	12	0	0.04
72491723233	2006	3	25	13	0	0.08
72491723233	2006	3	25	14	0	0.28
72491723233	2006	3	25	15	0	0.05
72491723233	2006	3	25	16	0	0.01
72491723233	2006	3	27	22	0	0.04
72491723233	2006	3	27	23	0	0.04
72491723233	2006	3	28	0	0	0.03
72491723233	2006	3	28	1	0	0.06
72491723233	2006	3	28	2	0	0.01
72491723233	2006	3	28	21	0	0.01
72491723233	2006	3	28	22	0	0.05
72491723233	2006	3	28	23	0	0.01
72491723233	2006	3	29	12	0	0.01
72491723233	2006	3	29	13	0	0.01
72491723233	2006	3	29	14	0	0.01
72491723233	2006	3	29	15	0	0.05
72491723233	2006	3	29	18	0	0.02
72491723233	2006	3	29	19	0	0.03
72491723233	2006	3	29	20	0	0.02
72491723233	2006	3	29	21	0	0.02
72491723233	2006	3	29	23	0	0.03
72491723233	2006	3	31	4	0	0.01
72491723233	2006	3	31	13	0	0.01
72491723233	2006	4	1	0	0	0.01
72491723233	2006	4	1	1	0	0.21
72491723233	2006	4	1	2	0	0.05
72491723233	2006	4	1	13	0	0.01
72491723233	2006	4	3	1	0	0.01
72491723233	2006	4	3	2	0	0.02
72491723233	2006	4	3	4	0	0.01
72491723233	2006	4	3	5	0	0.02
72491723233	2006	4	3	6	0	0.01
72491723233	2006	4	3	8	0	0.03
72491723233	2006	4	3	9	0	0.01
72491723233	2006	4	3	19	0	0.01
72491723233	2006	4	3	20	0	0.01
72491723233	2006	4	3	21	0	0.02
72491723233	2006	4	4	1	0	0.05
72491723233	2006	4	4	2	0	0.01
72491723233	2006	4	4	3	0	0.08
72491723233	2006	4	4	5	0	0.02
72491723233	2006	4	4	6	0	0.01
72491723233	2006	4	4	8	0	0.02
72491723233	2006	4	4	9	0	0.05
72491723233	2006	4	4	14	0	0.03
72491723233	2006	4	4	15	0	0.01
72491723233	2006	4	4	17	0	0.03
72491723233	2006	4	4	19	0	0.01
72491723233	2006	4	4	20	0	0.05
72491723233	2006	4	4	21	0	0.02
72491723233	2006	4	5	0	0	0.01
72491723233	2006	4	5	1	0	0.21
72491723233	2006	4	5	2	0	0.06
72491723233	2006	4	5	3	0	0.06
72491723233	2006	4	5	4	0	0.08
72491723233	2006	4	5	5	0	0.01
72491723233	2006	4	5	6	0	0.01
72491723233	2006	4	5	7	0	0.06
72491723233	2006	4	5	8	0	0.02
72491723233	2006	4	5	9	0	0.04
72491723233	2006	4	5	11	0	0.07
72491723233	2006	4	5	12	0	0.04
72491723233	2006	4	5	13	0	0.14
72491723233	2006	4	5	14	0	0.11
72491723233	2006	4	5	15	0	0.11
72491723233	2006	4	5	16	0	0.06
72491723233	2006	4	7	22	0	0.03
72491723233	2006	4	8	0	0	0.01
72491723233	2006	4	8	1	0	0.02
72491723233	2006	4	8	7	0	0.01
72491723233	2006	4	9	21	0	0.01
72491723233	2006	4	9	22	0	0.01
72491723233	2006	4	9	23	0	0.02
72491723233	2006	4	10	11	0	0.03
72491723233	2006	4	10	12	0	0.03
72491723233	2006	4	10	13	0	0.01
72491723233	2006	4	10	15	0	0.02
72491723233	2006	4	10	16	0	0.02
72491723233	2006	4	10	20	0	0.15
72491723233	2006	4	10	21	0	0.12
72491723233	2006	4	11	10	0	0.03
72491723233	2006	4	11	11	0	0.02
72491723233	2006	4	12	22	0	0.07
72491723233	2006	4	12	23	0	0.14
72491723233	2006	4	13	0	0	0.13
72491723233	2006	4	13	1	0	0.01
72491723233	2006	4	13	2	0	0.01
72491723233	2006	4	13	4	0	0.01
72491723233	2006	4	15	10	0	0.03
72491723233	2006	4	15	11	0	0.01
72491723233	2006	4	15	13	0	0.01
72491723233	2006	4	15	14	0	0.01
72491723233	2006	4	15	17	0	0.01
72491723233	2006	4	16	16	0	0.01
72491723233	2006	4	16	17	0	0.01
72491723233	2006	4	17	6	0	0.11
72491723233	2006	4	17	8	0	0.01
72491723233	2006	4	17	10	0	0.07
72491723233	2006	4	17	11	0	0.06
72491723233	2006	4	26	14	0	0.03
72491723233	2006	4	29	12	0	0.01
72491723233	2006	5	21	14	0	0.02
72491723233	2006	5	21	15	0	0.01
72491723233	2006	5	21	16	0	0.01
72491723233	2006	5	21	17	0	0.01
72491723233	2006	5	21	18	0	0.08
72491723233	2006	5	21	21	0	0.32
72491723233	2006	5	21	22	0	0.03
72491723233	2006	5	21	23	0	0.04
72491723233	2006	5	22	0	0	0.02
72491723233	2006	5	22	2	0	0.01
72491723233	2006	5	22	5	0	0.01
72491723233	2006	5	22	6	0	0.02
72491723233	2006	5	22	7	0	0.03
72491723233	2006	5	22	8	0	0.09
72491723233	2006	7	30	5	0	0.004
72491723233	2006	11	11	13	0	0.026
72491723233	2006	11	11	14	0	0.073
72491723233	2006	11	11	15	0	0.009
72491723233	2006	11	11	16	0	0.006
72491723233	2006	11	11	17	0	0.029
72491723233	2006	11	11	18	0	0.009
72491723233	2006	11	11	19	0	0.002
72491723233	2006	11	11	20	0	0.003
72491723233	2006	11	11	21	0	0.004
72491723233	2006	11	13	18	0	0.003
72491723233	2006	11	13	19	0	0.002
72491723233	2006	11	13	22	0	0.01
72491723233	2006	11	13	23	0	0.05
72491723233	2006	11	14	0	0	0.1
72491723233	2006	11	14	1	0	0.05
72491723233	2006	11	14	2	0	0.11
72491723233	2006	11	14	3	0	0.09
72491723233	2006	11	14	4	0	0.17
72491723233	2006	11	14	5	0	0.1
72491723233	2006	11	14	6	0	0.05
72491723233	2006	11	14	7	0	0.09
72491723233	2006	11	14	8	0	0.15
72491723233	2006	11	14	9	0	0.1
72491723233	2006	11	14	10	0	0.02
72491723233	2006	11	14	11	0	0.01
72491723233	2006	11	23	8	0	0.01
72491723233	2006	11	26	22	0	0.01
72491723233	2006	11	26	23	0	0.09
72491723233	2006	11	27	0	0	0.03
72491723233	2006	11	27	1	0	0.02
72491723233	2006	11	27	11	0	0.02
72491723233	2006	11	27	12	0	0.03
72491723233	2006	11	27	15	0	0.01
72491723233	2006	12	9	6	0	0.01
72491723233	2006	12	9	8	0	0.01
72491723233	2006	12	9	9	0	0.01
72491723233	2006	12	9	10	0	0.01
72491723233	2006	12	9	11	0	0.02
72491723233	2006	12	9	18	0	0.01
72491723233	2006	12	9	19	0	0.05
72491723233	2006	12	9	20	0	0.03
72491723233	2006	12	10	0	0	0.03
72491723233	2006	12	10	1	0	0.06
72491723233	2006	12	10	2	0	0.29
72491723233	2006	12	10	3	0	0.11
72491723233	2006	12	10	4	0	0.12
72491723233	2006	12	10	14	0	0.05
72491723233	2006	12	10	15	0	0.09
72491723233	2006	12	10	16	0	0.04
72491723233	2006	12	10	17	0	0.06
72491723233	2006	12	10	18	0	0.08
72491723233	2006	12	10	19	0	0.02
72491723233	2006	12	12	12	0	0.02
72491723233	2006	12	12	13	0	0.03
72491723233	2006	12	12	14	0	0.04
72491723233	2006	12	12	16	0	0.01
72491723233	2006	12	12	18	0	0.01
72491723233	2006	12	12	19	0	0.01
72491723233	2006	12	12	20	0	0.07
72491723233	2006	12	12	21	0	0.01
72491723233	2006	12	12	22	0	0.01
72491723233	2006	12	14	11	0	0.01
72491723233	2006	12	14	16	0	0.01
72491723233	2006	12	15	14	0	0.01
72491723233	2006	12	15	15	0	0.03
72491723233	2006	12	15	16	0	0.02
72491723233	2006	12	17	1	0	0.01
72491723233	2006	12	17	6	0	0.01
72491723233	2006	12	21	23	0	0.001
72491723233	2006	12	22	2	0	0.04
72491723233	2006	12	22	3	0	0.4
72491723233	2006	12	22	4	0	0.07
72491723233	2006	12	22	5	0	0.02
72491723233	2006	12	27	0	0	0.03
72491723233	2006	12	27	1	0	0.02
72491723233	2006	12	27	3	0	0.05
72491723233	2006	12	27	4	0	0.13
72491723233	2006	12	27	5	0	0.08
72491723233	2006	12	27	10	0	0.04
72491723233	2006	12	27	13	0	0.01
72491723233	2007	1	4	11	0	0.01
72491723233	2007	1	4	12	0	0.02
72491723233	2007	1	4	14	0	0.01
72491723233	2007	1	4	15	0	0.06
72491723233	2007	1	4	16	0	0.08
72491723233	2007	1	4	17	0	0.06
72491723233	2007	1	4	18	0	0.05
72491723233	2007	1	4	19	0	0.04
72491723233	2007	1	4	20	0	0.01
72491723233	2007	1	17	6	0	0.1
72491723233	2007	1	17	7	0	0.05
72491723233	2007	1	17	10	0	0.02
72491723233	2007	1	27	1	0	0.02
72491723233	2007	1	27	3	0	0.01
72491723233	2007	1	27	6	0	0.01
72491723233	2007	1	27	7	0	0.01
72491723233	2007	1	27	14	0	0.01
72491723233	2007	1	28	2	0	0.005
72491723233	2007	1	28	3	0	0.01
72491723233	2007	1	28	8	0	0.001
72491723233	2007	1	28	9	0	0.04
72491723233	2007	1	29	11	0	0.01
72491723233	2007	1	29	12	0	0.01
72491723233	2007	2	7	22	0	0.01
72491723233	2007	2	8	7	0	0.02
72491723233	2007	2	8	8	0	0.01
72491723233	2007	2	8	9	0	0.01
72491723233	2007	2	9	15	0	0.01
72491723233	2007	2	9	17	0	0.01
72491723233	2007	2	9	20	0	0.01
72491723233	2007	2	10	1	0	0.02
72491723233	2007	2	10	2	0	0.01
72491723233	2007	2	10	9	0	0.02
72491723233	2007	2	10	10	0	0.02
72491723233	2007	2	10	11	0	0.02
72491723233	2007	2	10	12	0	0.05
72491723233	2007	2	10	13	0	0.01
72491723233	2007	2	10	15	0	0.1
72491723233	2007	2	10	18	0	0.01
72491723233	2007	2	11	0	0	0.01
72491723233	2007	2	11	1	0	0.06
72491723233	2007	2	11	2	0	0.08
72491723233	2007	2	11	3	0	0.02
72491723233	2007	2	11	7	0	0.01
72491723233	2007	2	11	8	0	0.03
72491723233	2007	2	11	9	0	0.01
72491723233	2007	2	11	11	0	0.1
72491723233	2007	2	13	1	0	0.01
72491723233	2007	2	13	4	0	0.08
72491723233	2007	2	13	5	0	0.13
72491723233	2007	2	13	9	0	0.01
72491723233	2007	2	22	13	0	0.09
72491723233	2007	2	22	14	0	0.14
72491723233	2007	2	22	15	0	0.09
72491723233	2007	2	22	16	0	0.04
72491723233	2007	2	22	17	0	0.07
72491723233	2007	2	22	21	0	0.01
72491723233	2007	2	23	2	0	0.02
72491723233	2007	2	23	3	0	0.05
72491723233	2007	2	23	5	0	0.01
72491723233	2007	2	23	6	0	0.02
72491723233	2007	2	23	8	0	0.07
72491723233	2007	2	23	10	0	0.04
72491723233	2007	2	25	9	0	0.01
72491723233	2007	2	25	10	0	0.02
72491723233	2007	2	25	13	0	0.04
72491723233	2007	2	25	18	0	0.04
72491723233	2007	2	25	22	0	0.01
72491723233	2007	2	26	5	0	0.01
72491723233	2007	2	26	11	0	0.01
72491723233	2007	2	26	13	0	0.02
72491723233	2007	2	27	0	0	0.01
72491723233	2007	2	27	2	0	0.01
72491723233	2007	2	27	3	0	0.02
72491723233	2007	2	27	4	0	0.06
72491723233	2007	2	27	5	0	0.02
72491723233	2007	2	27	7	0	0.08
72491723233	2007	2	27	8	0	0.02
72491723233	2007	2	27	9	0	0.03
72491723233	2007	2	27	10	0	0.04
72491723233	2007	2	27	12	0	0.02
72491723233	2007	2	27	14	0	0.01
72491723233	2007	2	28	0	0	0.02
72491723233	2007	2	28	1	0	0.12
72491723233	2007	2	28	2	0	0.05
72491723233	2007	2	28	3	0	0.01
72491723233	2007	2	28	4	0	0.05
72491723233	2007	2	28	5	0	0.04
72491723233	2007	2	28	8	0	0.03
72491723233	2007	2	28	9	0	0.03
72491723233	2007	2	28	10	0	0.02
72491723233	2007	2	28	11	0	0.02
72491723233	2007	2	28	22	0	0.01
72491723233	2007	3	20	19	0	0.04
72491723233	2007	3	20	20	0	0.1
72491723233	2007	3	20	21	0	0.02
72491723233	2007	3	20	22	0	0.03
72491723233	2007	3	26	23	0	0.12
72491723233	2007	3	27	0	0	0.05
72491723233	2007	3	27	1	0	0.07
72491723233	2007	3	27	2	0	0.01
72491723233	2007	3	27	4	0	0.03
72491723233	2007	3	27	7	0	0.02
72491723233	2007	3	27	8	0	0.01
72491723233	2007	4	11	15	0	0.03
72491723233	2007	4	11	16	0	0.03
72491723233	2007	4	11	17	0	0.06
72491723233	2007	4	14	18	0	0.24
72491723233	2007	4	14	19	0	0.08
72491723233	2007	4	14	20	0	0.02
72491723233	2007	4	14	21	0	0.02
72491723233	2007	4	20	7	0	0.01
72491723233	2007	4	20	9	0	0.02
72491723233	2007	4	20	10	0	0.04
72491723233	2007	4	20	11	0	0.04
72491723233	2007	4	20	12	0	0.08
72491723233	2007	4	20	13	0	0.07
72491723233	2007	4	20	14	0	0.05
72491723233	2007	4	20	15	0	0.02
72491723233	2007	4	22	2	0	0.01
72491723233	2007	4	22	3	0	0.01
72491723233	2007	4	22	4	0	0.01
72491723233	2007	4	22	9	0	0.04
72491723233	2007	4	22	10	0	0.06
72491723233	2007	4	22	11	0	0.05
72491723233	2007	4	22	13	0	0.01
72491723233	2007	5	2	17	0	0.01
72491723233	2007	5	4	10	0	0.03
72491723233	2007	5	4	11	0	0.02
72491723233	2007	5	4	12	0	0.01
72491723233	2007	5	4	13	0	0.04
72491723233	2007	5	4	15	0	0.01
72491723233	2007	6	5	8	0	0.01
72491723233	2007	6	5	9	0	0.01
72491723233	2007	8	5	17	0	0.01
72491723233	2007	9	20	6	0	0.01
72491723233	2007	9	22	3	0	0.01
72491723233	2007	9	22	4	0	0.01
72491723233	2007	9	22	5	0	0.03
72491723233	2007	9	22	7	0	0.03
72491723233	2007	9	22	13	0	0.02
72491723233	2007	9	22	14	0	0.02
72491723233	2007	9	22	15	0	0.03
72491723233	2007	9	22	16	0	0.17
72491723233	2007	9	22	17	0	0.11
72491723233	2007	9	22	18	0	0.01
72491723233	2007	10	5	7	0	0.04
72491723233	2007	10	10	9	0	0.09
72491723233	2007	10	10	10	0	0.08
72491723233	2007	10	10	11	0	0.01
72491723233	2007	10	10	12	0	0.01
72491723233	2007	10	12	12	0	0.01
72491723233	2007	10	12	13	0	0.11
72491723233	2007	10	12	14	0	0.03
72491723233	2007	10	12	18	0	0.01
72491723233	2007	10	12	23	0	0.01
72491723233	2007	10	13	0	0	0.01
72491723233	2007	10	13	1	0	0.04
72491723233	2007	10	13	2	0	0.01
72491723233	2007	10	17	0	0	0.05
72491723233	2007	10	17	1	0	0.15
72491723233	2007	10	17	2	0	0.1
72491723233	2007	10	17	3	0	0.06
72491723233	2007	10	17	4	0	0.16
72491723233	2007	10	17	5	0	0.04
72491723233	2007	10	20	6	0	0.02
72491723233	2007	10	29	21	0	0.02
72491723233	2007	10	30	0	0	0.03
72491723233	2007	11	11	2	0	0.01
72491723233	2007	11	11	5	0	0.02
72491723233	2007	11	11	6	0	0.01
72491723233	2007	11	11	7	0	0.01
72491723233	2007	11	11	9	0	0.13
72491723233	2007	11	11	10	0	0.07
72491723233	2007	11	11	11	0	0.03
72491723233	2007	11	11	12	0	0.01
72491723233	2007	11	11	14	0	0.01
72491723233	2007	12	6	22	0	0.01
72491723233	2007	12	6	23	0	0.02
72491723233	2007	12	7	0	0	0.06
72491723233	2007	12	7	1	0	0.07
72491723233	2007	12	7	2	0	0.01
72491723233	2007	12	7	3	0	0.01
72491723233	2007	12	7	6	0	0.07
72491723233	2007	12	7	7	0	0.02
72491723233	2007	12	18	5	0	0.01
72491723233	2007	12	18	6	0	0.03
72491723233	2007	12	18	7	0	0.04
72491723233	2007	12	18	8	0	0.02
72491723233	2007	12	18	9	0	0.01
72491723233	2007	12	18	14	0	0.01
72491723233	2007	12	18	16	0	0.02
72491723233	2007	12	18	17	0	0.04
72491723233	2007	12	18	18	0	0.04
72491723233	2007	12	18	19	0	0.11
72491723233	2007	12	18	20	0	0.11
72491723233	2007	12	18	21	0	0.05
72491723233	2007	12	18	22	0	0.11
72491723233	2007	12	18	23	0	0.03
72491723233	2007	12	20	11	0	0.04
72491723233	2007	12	20	12	0	0.05
72491723233	2007	12	20	13	0	0.06
72491723233	2007	12	20	14	0	0.06
72491723233	2007	12	20	15	0	0.01
72491723233	2007	12	20	16	0	0.01
72491723233	2007	12	30	13	0	0.02
72491723233	2007	12	30	14	0	0.01
72491723233	2008	1	4	0	0	0.02
72491723233	2008	1	4	1	0	0.06
72491723233	2008	1	4	2	0	0.09
72491723233	2008	1	4	3	0	0.07
72491723233	2008	1	4	10	0	0.01
72491723233	2008	1	4	11	0	0.03
72491723233	2008	1	4	12	0	0.01
72491723233	2008	1	4	13	0	0.01
72491723233	2008	1	4	14	0	0.01
72491723233	2008	1	4	15	0	0.02
72491723233	2008	1	4	16	0	0.01
72491723233	2008	1	4	17	0	0.04
72491723233	2008	1	4	18	0	0.07
72491723233	2008	1	4	19	0	0.05
72491723233	2008	1	4	20	0	0.14
72491723233	2008	1	4	21	0	0.13
72491723233	2008	1	4	22	0	0.16
72491723233	2008	1	4	23	0	0.1
72491723233	2008	1	5	0	0	0.08
72491723233	2008	1	5	1	0	0.05
72491723233	2008	1	5	2	0	0.1
72491723233	2008	1	5	3	0	0.09
72491723233	2008	1	5	16	0	0.01
72491723233	2008	1	5	17	0	0.01
72491723233	2008	1	5	22	0	0.01
72491723233	2008	1	5	23	0	0.04
72491723233	2008	1	6	0	0	0.11
72491723233	2008	1	6	1	0	0.09
72491723233	2008	1	6	4	0	0.01
72491723233	2008	1	6	5	0	0.02
72491723233	2008	1	6	7	0	0.05
72491723233	2008	1	6	8	0	0.02
72491723233	2008	1	6	13	0	0.02
72491723233	2008	1	7	1	0	0.04
72491723233	2008	1	7	2	0	0.03
72491723233	2008	1	7	3	0	0.01
72491723233	2008	1	7	4	0	0.01
72491723233	2008	1	7	5	0	0.01
72491723233	2008	1	7	6	0	0.01
72491723233	2008	1	7	8	0	0.02
72491723233	2008	1	7	9	0	0.01
72491723233	2008	1	8	20	0	0.03
72491723233	2008	1	8	22	0	0.07
72491723233	2008	1	8	23	0	0.06
72491723233	2008	1	9	0	0	0.01
72491723233	2008	1	10	18	0	0.01
72491723233	2008	1	20	20	0	0.01
72491723233	2008	1	21	9	0	0.01
72491723233	2008	1	21	10	0	0.02
72491723233	2008	1	21	11	0	0.02
72491723233	2008	1	21	12	0	0.04
72491723233	2008	1	21	14	0	0.01
72491723233	2008	1	21	18	0	0.01
72491723233	2008	1	21	20	0	0.04
72491723233	2008	1	22	3	0	0.06
72491723233	2008	1	22	4	0	0.08
72491723233	2008	1	22	5	0	0.08
72491723233	2008	1	22	6	0	0.02
72491723233	2008	1	22	7	0	0.04
72491723233	2008	1	22	11	0	0.1
72491723233	2008	1	22	12	0	0.02
72491723233	2008	1	22	13	0	0.01
72491723233	2008	1	22	14	0	0.03
72491723233	2008	1	22	15	0	0.01
72491723233	2008	1	22	16	0	0.01
72491723233	2008	1	23	1	0	0.02
72491723233	2008	1	23	2	0	0.01
72491723233	2008	1	23	3	0	0.01
72491723233	2008	1	23	4	0	0.04
72491723233	2008	1	23	5	0	0.06
72491723233	2008	1	23	6	0	0.03
72491723233	2008	1	23	7	0	0.02
72491723233	2008	1	24	0	0	0.03
72491723233	2008	1	24	2	0	0.02
72491723233	2008	1	24	3	0	0.05
72491723233	2008	1	24	4	0	0.2
72491723233	2008	1	24	5	0	0.11
72491723233	2008	1	24	8	0	0.01
72491723233	2008	1	24	11	0	0.01
72491723233	2008	1	24	14	0	0.014
72491723233	2008	1	24	15	0	0.02
72491723233	2008	1	24	16	0	0.09
72491723233	2008	1	24	18	0	0.01
72491723233	2008	1	24	21	0	0.09
72491723233	2008	1	24	22	0	0.09
72491723233	2008	1	24	23	0	0.03
72491723233	2008	1	25	0	0	0.01
72491723233	2008	1	25	17	0	0.01
72491723233	2008	1	25	19	0	0.02
72491723233	2008	1	25	20	0	0.02
72491723233	2008	1	25	21	0	0.02
72491723233	2008	1	25	22	0	0.01
72491723233	2008	1	25	23	0	0.01
72491723233	2008	1	26	1	0	0.01
72491723233	2008	1	26	3	0	0.01
72491723233	2008	1	27	5	0	0.04
72491723233	2008	1	27	6	0	0.06
72491723233	2008	1	27	7	0	0.16
72491723233	2008	1	27	8	0	0.09
72491723233	2008	1	27	9	0	0.01
72491723233	2008	1	27	17	0	0.01
72491723233	2008	1	27	19	0	0.11
72491723233	2008	1	27	20	0	0.04
72491723233	2008	1	27	21	0	0.08
72491723233	2008	1	28	2	0	0.01
72491723233	2008	1	28	5	0	0.003
72491723233	2008	1	28	6	0	0.08
72491723233	2008	1	28	7	0	0.01
72491723233	2008	1	28	10	0	0.01
72491723233	2008	1	28	11	0	0.01
72491723233	2008	1	28	13	0	0.01
72491723233	2008	1	28	14	0	0.03
72491723233	2008	1	28	16	0	0.01
72491723233	2008	1	30	3	0	0.04
72491723233	2008	1	30	12	0	0.01
72491723233	2008	1	30	13	0	0.01
72491723233	2008	2	1	2	0	0.01
72491723233	2008	2	1	3	0	0.02
72491723233	2008	2	1	4	0	0.06
72491723233	2008	2	1	5	0	0.03
72491723233	2008	2	1	8	0	0.02
72491723233	2008	2	2	23	0	0.01
72491723233	2008	2	3	0	0	0.02
72491723233	2008	2	3	1	0	0.03
72491723233	2008	2	3	2	0	0.11
72491723233	2008	2	3	3	0	0.1
72491723233	2008	2	3	4	0	0.09
72491723233	2008	2	3	5	0	0.01
72491723233	2008	2	3	6	0	0.04
72491723233	2008	2	3	7	0	0.07
72491723233	2008	2	3	8	0	0.11
72491723233	2008	2	3	9	0	0.02
72491723233	2008	2	3	10	0	0.01
72491723233	2008	2	3	11	0	0.01
72491723233	2008	2	3	12	0	0.02
72491723233	2008	2	3	13	0	0.05
72491723233	2008	2	3	14	0	0.03
72491723233	2008	2	3	16	0	0.05
72491723233	2008	2	3	17	0	0.08
72491723233	2008	2	3	18	0	0.01
72491723233	2008	2	19	18	0	0.009
72491723233	2008	2	20	6	0	0.002
72491723233	2008	2	20	7	0	0.011
72491723233	2008	2	20	8	0	0.047
72491723233	2008	2	20	9	0	0.074
72491723233	2008	2	20	14	0	0.002
72491723233	2008	2	20	15	0	0.023
72491723233	2008	2	20	16	0	0.018
72491723233	2008	2	20	17	0	0.214
72491723233	2008	2	21	17	0	0.005
72491723233	2008	2	21	18	0	0.016
72491723233	2008	2	21	20	0	0.004
72491723233	2008	2	21	21	0	0.026
72491723233	2008	2	22	15	0	0.001
72491723233	2008	2	22	16	0	0.035
72491723233	2008	2	22	17	0	0.022
72491723233	2008	2	22	18	0	0.112
72491723233	2008	2	22	19	0	0.09
72491723233	2008	2	24	0	0	0.007
72491723233	2008	2	24	1	0	0.015
72491723233	2008	2	24	2	0	0.041
72491723233	2008	2	24	3	0	0.122
72491723233	2008	2	24	7	0	0.002
72491723233	2008	2	24	9	0	0.002
72491723233	2008	2	24	16	0	0.039
72491723233	2008	2	24	17	0	0.025
72491723233	2008	2	24	18	0	0.074
72491723233	2008	2	24	19	0	0.085
72491723233	2008	3	13	13	0	0.03
72491723233	2008	3	13	14	0	0.01
72491723233	2008	3	15	6	0	0.01
72491723233	2008	3	15	8	0	0.003
72491723233	2008	3	15	9	0	0.02
72491723233	2008	3	15	11	0	0.07
72491723233	2008	3	15	12	0	0.01
72491723233	2008	3	15	13	0	0.01
72491723233	2008	3	15	19	0	0.03
72491723233	2008	3	29	8	0	0.01
72491723233	2008	3	29	11	0	0.01
72491723233	2008	4	2	18	0	0.01
72491723233	2008	4	2	19	0	0.01
72491723233	2008	4	2	20	0	0.02
72491723233	2008	4	2	21	0	0.02
72491723233	2008	4	2	22	0	0.03
72491723233	2008	4	2	23	0	0.01
72491723233	2008	4	23	10	0	0.01
72491723233	2008	4	23	11	0	0.06
72491723233	2008	4	23	12	0	0.04
72491723233	2008	9	20	9	0	0.01
72491723233	2008	10	4	9	0	0.07
72491723233	2008	10	4	10	0	0.02
72491723233	2008	10	4	12	0	0.04
72491723233	2008	10	4	13	0	0.01
72491723233	2008	10	4	14	0	0.04
72491723233	2008	11	2	1	0	0.02
72491723233	2008	11	2	3	0	0.05
72491723233	2008	11	2	4	0	0.05
72491723233	2008	11	2	5	0	0.01
72491723233	2008	11	2	9	0	0.03
72491723233	2008	11	2	10	0	0.01
72491723233	2008	11	4	1	0	0.04
72491723233	2008	11	4	2	0	0.02
72491723233	2008	11	4	3	0	0.01
72491723233	2008	11	9	0	0	0.07
72491723233	2008	11	9	1	0	0.01
72491723233	2008	11	9	4	0	0.05
72491723233	2008	11	26	14	0	0.01
72491723233	2008	11	26	17	0	0.04
72491723233	2008	11	26	18	0	0.12
72491723233	2008	11	26	19	0	0.11
72491723233	2008	11	26	20	0	0.14
72491723233	2008	11	26	21	0	0.1
72491723233	2008	11	26	22	0	0.05
72491723233	2008	11	26	23	0	0.03
72491723233	2008	11	27	0	0	0.01
72491723233	2008	11	27	4	0	0.01
72491723233	2008	11	27	5	0	0.01
72491723233	2008	12	13	9	0	0.04
72491723233	2008	12	13	10	0	0.01
72491723233	2008	12	14	21	0	0.01
72491723233	2008	12	14	22	0	0.04
72491723233	2008	12	14	23	0	0.05
72491723233	2008	12	15	0	0	0.03
72491723233	2008	12	15	1	0	0.01
72491723233	2008	12	15	2	0	0.1
72491723233	2008	12	15	3	0	0.22
72491723233	2008	12	15	4	0	0.13
72491723233	2008	12	15	10	0	0.16
72491723233	2008	12	15	12	0	0.03
72491723233	2008	12	15	13	0	0.09
72491723233	2008	12	15	17	0	0.01
72491723233	2008	12	15	18	0	0.01
72491723233	2008	12	15	20	0	0.01
72491723233	2008	12	15	21	0	0.01
72491723233	2008	12	16	0	0	0.03
72491723233	2008	12	16	3	0	0.02
72491723233	2008	12	16	6	0	0.01
72491723233	2008	12	16	12	0	0.02
72491723233	2008	12	16	13	0	0.01
72491723233	2008	12	16	14	0	0.06
72491723233	2008	12	16	15	0	0.07
72491723233	2008	12	16	16	0	0.02
72491723233	2008	12	16	17	0	0.01
72491723233	2008	12	19	12	0	0.03
72491723233	2008	12	19	14	0	0.01
72491723233	2008	12	19	15	0	0.04
72491723233	2008	12	19	19	0	0.04
72491723233	2008	12	21	22	0	0.02
72491723233	2008	12	21	23	0	0.03
72491723233	2008	12	22	0	0	0.02
72491723233	2008	12	22	1	0	0.03
72491723233	2008	12	22	3	0	0.02
72491723233	2008	12	22	4	0	0.01
72491723233	2008	12	22	5	0	0.03
72491723233	2008	12	22	6	0	0.06
72491723233	2008	12	22	7	0	0.12
72491723233	2008	12	22	8	0	0.09
72491723233	2008	12	22	9	0	0.01
72491723233	2008	12	22	12	0	0.03
72491723233	2008	12	23	7	0	0.01
72491723233	2008	12	23	8	0	0.1
72491723233	2008	12	23	9	0	0.01
72491723233	2008	12	23	11	0	0.06
72491723233	2008	12	25	13	0	0.13
72491723233	2008	12	25	14	0	0.01
72491723233	2008	12	25	15	0	0.03
72491723233	2008	12	25	16	0	0.02
72491723233	2008	12	25	17	0	0.05
72491723233	2008	12	25	18	0	0.03
72491723233	2008	12	25	20	0	0.02
72491723233	2009	1	2	20	0	0.03
72491723233	2009	1	2	21	0	0.05
72491723233	2009	1	5	19	0	0.01
72491723233	2009	1	22	0	0	0.01
72491723233	2009	1	22	3	0	0.05
72491723233	2009	1	22	4	0	0.04
72491723233	2009	1	22	6	0	0.02
72491723233	2009	1	22	7	0	0.03
72491723233	2009	1	22	9	0	0.01
72491723233	2009	1	22	10	0	0.22
72491723233	2009	1	22	11	0	0.1
72491723233	2009	1	22	12	0	0.09
72491723233	2009	1	22	13	0	0.13
72491723233	2009	1	22	14	0	0.03
72491723233	2009	1	22	15	0	0.04
72491723233	2009	1	22	16	0	0.02
72491723233	2009	1	22	21	0	0.005
72491723233	2009	1	22	23	0	0.007
72491723233	2009	1	23	1	0	0.02
72491723233	2009	1	23	2	0	0.01
72491723233	2009	1	23	3	0	0.01
72491723233	2009	1	23	4	0	0.02
72491723233	2009	1	23	5	0	0.03
72491723233	2009	1	23	6	0	0.07
72491723233	2009	1	23	7	0	0.01
72491723233	2009	1	23	21	0	0.03
72491723233	2009	1	23	22	0	0.059
72491723233	2009	1	24	1	0	0.01
72491723233	2009	1	24	2	0	0.03
72491723233	2009	1	24	4	0	0.02
72491723233	2009	1	24	5	0	0.01
72491723233	2009	1	24	6	0	0.03
72491723233	2009	1	24	7	0	0.04
72491723233	2009	1	24	8	0	0.01
72491723233	2009	1	24	9	0	0.04
72491723233	2009	1	24	10	0	0.01
72491723233	2009	1	24	15	0	0.01
72491723233	2009	1	25	23	0	0.01
72491723233	2009	2	5	10	0	0.01
72491723233	2009	2	5	11	0	0.11
72491723233	2009	2	5	12	0	0.08
72491723233	2009	2	5	13	0	0.04
72491723233	2009	2	5	14	0	0.02
72491723233	2009	2	5	15	0	0.01
72491723233	2009	2	5	23	0	0.02
72491723233	2009	2	6	9	0	0.04
72491723233	2009	2	6	10	0	0.04
72491723233	2009	2	6	11	0	0.01
72491723233	2009	2	6	17	0	0.01
72491723233	2009	2	6	21	0	0.05
72491723233	2009	2	6	22	0	0.14
72491723233	2009	2	6	23	0	0.05
72491723233	2009	2	7	0	0	0.01
72491723233	2009	2	7	1	0	0.04
72491723233	2009	2	7	2	0	0.05
72491723233	2009	2	7	3	0	0.06
72491723233	2009	2	7	4	0	0.02
72491723233	2009	2	7	5	0	0.07
72491723233	2009	2	7	6	0	0.03
72491723233	2009	2	7	7	0	0.01
72491723233	2009	2	7	8	0	0.01
72491723233	2009	2	9	3	0	0.02
72491723233	2009	2	9	4	0	0.08
72491723233	2009	2	9	5	0	0.03
72491723233	2009	2	9	6	0	0.04
72491723233	2009	2	9	13	0	0.07
72491723233	2009	2	11	8	0	0.04
72491723233	2009	2	11	9	0	0.03
72491723233	2009	2	12	1	0	0.11
72491723233	2009	2	12	2	0	0.01
72491723233	2009	2	12	3	0	0.01
72491723233	2009	2	12	6	0	0.04
72491723233	2009	2	12	9	0	0.09
72491723233	2009	2	12	10	0	0.03
72491723233	2009	2	12	11	0	0.01
72491723233	2009	2	12	12	0	0.02
72491723233	2009	2	12	13	0	0.02
72491723233	2009	2	12	14	0	0.02
72491723233	2009	2	13	4	0	0.01
72491723233	2009	2	13	12	0	0.1
72491723233	2009	2	13	13	0	0.09
72491723233	2009	2	13	14	0	0.06
72491723233	2009	2	13	18	0	0.02
72491723233	2009	2	14	3	0	0.01
72491723233	2009	2	14	4	0	0.05
72491723233	2009	2	14	5	0	0.02
72491723233	2009	2	14	6	0	0.05
72491723233	2009	2	14	7	0	0.03
72491723233	2009	2	14	10	0	0.04
72491723233	2009	2	14	11	0	0.07
72491723233	2009	2	14	23	0	0.01
72491723233	2009	2	15	22	0	0.01
72491723233	2009	2	16	10	0	0.01
72491723233	2009	2	16	11	0	0.01
72491723233	2009	2	16	13	0	0.01
72491723233	2009	2	16	14	0	0.002
72491723233	2009	2	16	15	0	0.13
72491723233	2009	2	16	16	0	0.08
72491723233	2009	2	16	17	0	0.03
72491723233	2009	2	16	18	0	0.01
72491723233	2009	2	16	21	0	0.02
72491723233	2009	2	17	1	0	0.01
72491723233	2009	2	17	2	0	0.01
72491723233	2009	2	17	3	0	0.12
72491723233	2009	2	17	4	0	0.03
72491723233	2009	2	17	5	0	0.01
72491723233	2009	2	17	6	0	0.03
72491723233	2009	2	17	7	0	0.02
72491723233	2009	2	17	8	0	0.04
72491723233	2009	2	17	9	0	0.01
72491723233	2009	2	17	11	0	0.02
72491723233	2009	2	17	12	0	0.09
72491723233	2009	2	17	13	0	0.02
72491723233	2009	2	17	16	0	0.01
72491723233	2009	2	17	17	0	0.01
72491723233	2009	2	17	18	0	0.04
72491723233	2009	2	17	19	0	0.1
72491723233	2009	2	17	22	0	0.02
72491723233	2009	2	17	23	0	0.09
72491723233	2009	2	18	0	0	0.01
72491723233	2009	2	22	4	0	0.02
72491723233	2009	2	22	5	0	0.04
72491723233	2009	2	22	6	0	0.05
72491723233	2009	2	22	9	0	0.01
72491723233	2009	2	22	12	0	0.01
72491723233	2009	2	23	5	0	0.01
72491723233	2009	2	23	7	0	0.02
72491723233	2009	2	23	10	0	0.01
72491723233	2009	2	23	15	0	0.01
72491723233	2009	2	23	18	0	0.02
72491723233	2009	2	26	13	0	0.02
72491723233	2009	2	26	14	0	0.03
72491723233	2009	2	26	20	0	0.01
72491723233	2009	3	1	21	0	0.05
72491723233	2009	3	1	22	0	0.04
72491723233	2009	3	1	23	0	0.01
72491723233	2009	3	2	0	0	0.01
72491723233	2009	3	2	2	0	0.01
72491723233	2009	3	2	12	0	0.06
72491723233	2009	3	2	13	0	0.04
72491723233	2009	3	2	14	0	0.02
72491723233	2009	3	2	15	0	0.01
72491723233	2009	3	2	16	0	0.01
72491723233	2009	3	2	17	0	0.03
72491723233	2009	3	2	18	0	0.02
72491723233	2009	3	2	19	0	0.04
72491723233	2009	3	2	20	0	0.17
72491723233	2009	3	2	21	0	0.01
72491723233	2009	3	3	6	0	0.04
72491723233	2009	3	3	19	0	0.01
72491723233	2009	3	3	20	0	0.01
72491723233	2009	3	3	22	0	0.01
72491723233	2009	3	3	23	0	0.02
72491723233	2009	3	4	1	0	0.01
72491723233	2009	3	4	4	0	0.04
72491723233	2009	3	4	5	0	0.16
72491723233	2009	3	4	6	0	0.02
72491723233	2009	3	4	8	0	0.04
72491723233	2009	3	4	9	0	0.15
72491723233	2009	3	4	10	0	0.13
72491723233	2009	3	4	11	0	0.07
72491723233	2009	3	4	12	0	0.03
72491723233	2009	3	4	13	0	0.01
72491723233	2009	3	4	18	0	0.16
72491723233	2009	3	4	19	0	0.03
72491723233	2009	3	22	7	0	0.05
72491723233	2009	3	22	8	0	0.05
72491723233	2009	3	22	10	0	0.15
72491723233	2009	3	22	11	0	0.05
72491723233	2009	3	22	12	0	0.01
72491723233	2009	4	7	17	0	0.001
72491723233	2009	4	7	18	0	0.02
72491723233	2009	4	7	19	0	0.01
72491723233	2009	4	7	20	0	0.01
72491723233	2009	4	7	23	0	0.03
72491723233	2009	4	8	0	0	0.02
72491723233	2009	4	8	13	0	0.02
72491723233	2009	4	8	14	0	0.01
72491723233	2009	4	8	15	0	0.04
72491723233	2009	4	9	22	0	0.01
72491723233	2009	4	9	23	0	0.01
72491723233	2009	4	10	4	0	0.01
72491723233	2009	5	1	22	0	0.06
72491723233	2009	5	1	23	0	0.05
72491723233	2009	5	2	0	0	0.05
72491723233	2009	5	2	1	0	0.03
72491723233	2009	5	2	2	0	0.07
72491723233	2009	5	3	20	0	0.01
72491723233	2009	5	5	20	0	0.01
72491723233	2009	6	13	13	0	0.01
72491723233	2009	6	13	14	0	0.01
72491723233	2009	6	13	15	0	0.01
72491723233	2009	6	13	16	0	0.02
72491723233	2009	6	13	17	0	0.01
72491723233	2009	8	6	11	0	0.01
72491723233	2009	8	6	12	0	0.05
72491723233	2009	8	6	13	0	0.08
72491723233	2009	8	6	15	0	0.12
72491723233	2009	8	23	8	0	0.01
72491723233	2009	8	23	9	0	0.02
72491723233	2009	9	14	3	0	0.01
72491723233	2009	9	14	4	0	0.05
72491723233	2009	9	14	5	0	0.02
72491723233	2009	9	14	7	0	0.01
72491723233	2009	9	21	12	0	0.01
72491723233	2009	9	26	12	0	0.01
72491723233	2009	10	13	13	0	0.03
72491723233	2009	10	13	14	0	0.01
72491723233	2009	10	13	15	0	0.08
72491723233	2009	10	13	16	0	0.14
72491723233	2009	10	13	17	0	0.06
72491723233	2009	10	13	18	0	0.07
72491723233	2009	10	13	19	0	0.02
72491723233	2009	10	13	20	0	0.01
72491723233	2009	10	13	21	0	0.16
72491723233	2009	10	13	22	0	0.17
72491723233	2009	10	13	23	0	0.23
72491723233	2009	10	14	0	0	0.1
72491723233	2009	10	14	1	0	0.13
72491723233	2009	10	14	2	0	0.34
72491723233	2009	10	14	3	0	0.07
72491723233	2009	10	14	4	0	0.02
72491723233	2009	10	14	5	0	0.01
72491723233	2009	10	16	10	0	0.001
72491723233	2009	10	19	17	0	0.01
72491723233	2009	10	19	18	0	0.01
72491723233	2009	10	20	1	0	0.01
72491723233	2009	11	7	8	0	0.03
72491723233	2009	11	18	10	0	0.01
72491723233	2009	11	18	11	0	0.02
72491723233	2009	11	21	2	0	0.01
72491723233	2009	11	27	14	0	0.01
72491723233	2009	11	27	15	0	0.02
72491723233	2009	11	27	18	0	0.01
72491723233	2009	12	6	22	0	0.01
72491723233	2009	12	7	6	0	0.03
72491723233	2009	12	7	12	0	0.06
72491723233	2009	12	7	13	0	0.13
72491723233	2009	12	7	14	0	0.19
72491723233	2009	12	7	15	0	0.12
72491723233	2009	12	7	16	0	0.05
72491723233	2009	12	11	4	0	0.02
72491723233	2009	12	11	5	0	0.06
72491723233	2009	12	11	6	0	0.02
72491723233	2009	12	11	7	0	0.02
72491723233	2009	12	11	8	0	0.03
72491723233	2009	12	11	21	0	0.01
72491723233	2009	12	12	2	0	0.01
72491723233	2009	12	12	9	0	0.01
72491723233	2009	12	12	16	0	0.04
72491723233	2009	12	12	17	0	0.03
72491723233	2009	12	12	19	0	0.01
72491723233	2009	12	12	20	0	0.09
72491723233	2009	12	12	23	0	0.01
72491723233	2009	12	13	0	0	0.04
72491723233	2009	12	13	1	0	0.04
72491723233	2009	12	13	3	0	0.01
72491723233	2009	12	13	4	0	0.02
72491723233	2009	12	13	10	0	0.03
72491723233	2009	12	13	11	0	0.07
72491723233	2009	12	13	15	0	0.01
72491723233	2009	12	14	0	0	0.01
72491723233	2009	12	14	5	0	0.01
72491723233	2009	12	21	23	0	0.05
72491723233	2009	12	22	3	0	0.01
72491723233	2009	12	22	4	0	0.02
72491723233	2009	12	22	5	0	0.02
72491723233	2009	12	27	1	0	0.02
72491723233	2009	12	27	2	0	0.11
72491723233	2009	12	27	3	0	0.1
72491723233	2009	12	27	4	0	0.02
72491723233	2009	12	27	11	0	0.02
72491723233	2009	12	29	1	0	0.01
72491723233	2009	12	29	2	0	0.01
72491723233	2009	12	29	3	0	0.02
72491723233	2009	12	29	13	0	0.01
72491723233	2009	12	30	9	0	0.01
72491723233	2010	1	12	13	0	0.15
72491723233	2010	1	12	14	0	0.05
72491723233	2010	1	12	15	0	0.01
72491723233	2010	1	13	8	0	0.004
72491723233	2010	1	13	9	0	0.05
72491723233	2010	1	13	10	0	0.02
72491723233	2010	1	17	19	0	0.16
72491723233	2010	1	17	20	0	0.04
72491723233	2010	1	17	21	0	0.02
72491723233	2010	1	17	22	0	0.06
72491723233	2010	1	18	14	0	0.01
72491723233	2010	1	18	16	0	0.09
72491723233	2010	1	18	17	0	0.15
72491723233	2010	1	18	18	0	0.16
72491723233	2010	1	18	19	0	0.01
72491723233	2010	1	18	20	0	0.01
72491723233	2010	1	19	1	0	0.02
72491723233	2010	1	19	13	0	0.05
72491723233	2010	1	19	14	0	0.05
72491723233	2010	1	19	15	0	0.22
72491723233	2010	1	19	16	0	0.17
72491723233	2010	1	19	17	0	0.13
72491723233	2010	1	19	18	0	0.01
72491723233	2010	1	20	0	0	0.02
72491723233	2010	1	20	1	0	0.02
72491723233	2010	1	20	4	0	0.04
72491723233	2010	1	20	5	0	0.04
72491723233	2010	1	20	7	0	0.01
72491723233	2010	1	20	13	0	0.07
72491723233	2010	1	20	14	0	0.09
72491723233	2010	1	20	15	0	0.14
72491723233	2010	1	20	16	0	0.11
72491723233	2010	1	20	17	0	0.14
72491723233	2010	1	20	18	0	0.1
72491723233	2010	1	21	1	0	0.03
72491723233	2010	1	21	11	0	0.02
72491723233	2010	1	21	12	0	0.01
72491723233	2010	1	21	16	0	0.01
72491723233	2010	1	21	17	0	0.03
72491723233	2010	1	21	19	0	0.25
72491723233	2010	1	21	20	0	0.04
72491723233	2010	1	22	2	0	0.04
72491723233	2010	1	22	4	0	0.01
72491723233	2010	1	22	9	0	0.04
72491723233	2010	1	22	10	0	0.02
72491723233	2010	1	22	11	0	0.01
72491723233	2010	1	22	12	0	0.04
72491723233	2010	1	22	13	0	0.19
72491723233	2010	1	22	14	0	0.05
72491723233	2010	1	22	16	0	0.05
72491723233	2010	1	22	22	0	0.01
72491723233	2010	1	23	4	0	0.01
72491723233	2010	1	23	13	0	0.07
72491723233	2010	1	25	13	0	0.01
72491723233	2010	1	26	0	0	0.01
72491723233	2010	1	26	14	0	0.016
72491723233	2010	1	26	15	0	0.09
72491723233	2010	1	26	16	0	0.02
72491723233	2010	1	26	17	0	0.03
72491723233	2010	1	26	18	0	0.04
72491723233	2010	1	26	19	0	0.03
72491723233	2010	1	26	20	0	0.01
72491723233	2010	1	26	22	0	0.01
72491723233	2010	1	27	1	0	0.01
72491723233	2010	1	30	3	0	0.16
72491723233	2010	1	30	4	0	0.01
72491723233	2010	1	30	5	0	0.01
72491723233	2010	1	30	6	0	0.01
72491723233	2010	2	5	3	0	0.01
72491723233	2010	2	5	5	0	0.01
72491723233	2010	2	5	6	0	0.01
72491723233	2010	2	5	7	0	0.05
72491723233	2010	2	5	8	0	0.03
72491723233	2010	2	5	9	0	0.01
72491723233	2010	2	6	13	0	0.03
72491723233	2010	2	6	14	0	0.01
72491723233	2010	2	6	15	0	0.06
72491723233	2010	2	9	7	0	0.02
72491723233	2010	2	9	8	0	0.02
72491723233	2010	2	9	11	0	0.1
72491723233	2010	2	9	12	0	0.12
72491723233	2010	2	9	13	0	0.08
72491723233	2010	2	9	14	0	0.01
72491723233	2010	2	9	15	0	0.01
72491723233	2010	2	9	23	0	0.01
72491723233	2010	2	10	0	0	0.01
72491723233	2010	2	20	11	0	0.01
72491723233	2010	2	20	14	0	0.01
72491723233	2010	2	20	15	0	0.04
72491723233	2010	2	20	16	0	0.01
72491723233	2010	2	21	5	0	0.02
72491723233	2010	2	21	6	0	0.01
72491723233	2010	2	21	7	0	0.03
72491723233	2010	2	21	8	0	0.08
72491723233	2010	2	21	9	0	0.01
72491723233	2010	2	21	15	0	0.01
72491723233	2010	2	21	16	0	0.01
72491723233	2010	2	21	18	0	0.02
72491723233	2010	2	21	20	0	0.01
72491723233	2010	2	21	21	0	0.02
72491723233	2010	2	21	22	0	0.15
72491723233	2010	2	22	4	0	0.01
72491723233	2010	2	22	5	0	0.02
72491723233	2010	2	22	7	0	0.01
72491723233	2010	2	22	8	0	0.03
72491723233	2010	2	23	18	0	0.01
72491723233	2010	2	23	19	0	0.01
72491723233	2010	2	23	20	0	0.04
72491723233	2010	2	23	21	0	0.05
72491723233	2010	2	23	22	0	0.11
72491723233	2010	2	23	23	0	0.05
72491723233	2010	2	24	0	0	0.03
72491723233	2010	2	24	2	0	0.01
72491723233	2010	2	24	5	0	0.14
72491723233	2010	2	24	6	0	0.11
72491723233	2010	2	24	7	0	0.02
72491723233	2010	2	24	9	0	0.01
72491723233	2010	2	24	10	0	0.04
72491723233	2010	2	24	11	0	0.15
72491723233	2010	2	24	12	0	0.11
72491723233	2010	2	24	13	0	0.17
72491723233	2010	2	24	14	0	0.02
72491723233	2010	2	26	22	0	0.05
72491723233	2010	2	27	0	0	0.246
72491723233	2010	2	27	1	0	0.108
72491723233	2010	2	27	2	0	0.07
72491723233	2010	2	27	3	0	0.028
72491723233	2010	2	27	5	0	0.013
72491723233	2010	2	27	6	0	0.002
72491723233	2010	2	27	8	0	0.001
72491723233	2010	2	27	12	0	0.033
72491723233	2010	2	27	13	0	0.022
72491723233	2010	2	27	14	0	0.008
72491723233	2010	2	27	16	0	0.053
72491723233	2010	2	27	17	0	0.093
72491723233	2010	2	27	18	0	0.013
72491723233	2010	2	27	19	0	0.002
72491723233	2010	2	27	21	0	0.001
72491723233	2010	2	27	22	0	0.054
72491723233	2010	2	27	23	0	0.166
72491723233	2010	2	28	0	0	0.115
72491723233	2010	2	28	7	0	0.01
72491723233	2010	3	2	16	0	0.05
72491723233	2010	3	2	17	0	0.17
72491723233	2010	3	2	18	0	0.09
72491723233	2010	3	2	19	0	0.07
72491723233	2010	3	2	20	0	0.15
72491723233	2010	3	2	21	0	0.18
72491723233	2010	3	2	23	0	0.03
72491723233	2010	3	3	0	0	0.01
72491723233	2010	3	3	14	0	0.01
72491723233	2010	3	3	16	0	0.1
72491723233	2010	3	3	17	0	0.16
72491723233	2010	3	3	18	0	0.09
72491723233	2010	3	3	19	0	0.02
72491723233	2010	3	3	20	0	0.01
72491723233	2010	3	3	21	0	0.08
72491723233	2010	3	3	22	0	0.02
72491723233	2010	3	4	0	0	0.04
72491723233	2010	3	4	1	0	0.04
72491723233	2010	3	4	4	0	0.04
72491723233	2010	3	4	5	0	0.06
72491723233	2010	3	9	2	0	0.03
72491723233	2010	3	9	3	0	0.07
72491723233	2010	3	9	4	0	0.02
72491723233	2010	3	10	9	0	0.09
72491723233	2010	3	10	10	0	0.23
72491723233	2010	3	12	21	0	0.04
72491723233	2010	3	12	22	0	0.07
72491723233	2010	3	13	0	0	0.01
72491723233	2010	3	13	1	0	0.12
72491723233	2010	3	13	2	0	0.05
72491723233	2010	3	13	3	0	0.04
72491723233	2010	3	13	4	0	0.02
72491723233	2010	3	13	5	0	0.01
72491723233	2010	3	30	11	0	0.05
72491723233	2010	3	31	8	0	0.001
72491723233	2010	3	31	10	0	0.04
72491723233	2010	3	31	11	0	0.03
72491723233	2010	4	1	4	0	0.03
72491723233	2010	4	1	5	0	0.07
72491723233	2010	4	2	23	0	0.01
72491723233	2010	4	3	2	0	0.01
72491723233	2010	4	5	0	0	0.02
72491723233	2010	4	5	1	0	0.04
72491723233	2010	4	5	2	0	0.02
72491723233	2010	4	5	3	0	0.16
72491723233	2010	4	5	5	0	0.123
72491723233	2010	4	5	6	0	0.123
72491723233	2010	4	5	7	0	0.094
72491723233	2010	4	5	8	0	0.094
72491723233	2010	4	5	9	0	0.094
72491723233	2010	4	5	10	0	0.067
72491723233	2010	4	5	11	0	0.067
72491723233	2010	4	5	12	0	0.067
72491723233	2010	4	5	13	0	0.134
72491723233	2010	4	5	14	0	0.134
72491723233	2010	4	5	15	0	0.134
72491723233	2010	4	5	16	0	0.078
72491723233	2010	4	5	17	0	0.078
72491723233	2010	4	5	18	0	0.078
72491723233	2010	4	5	19	0	0.012
72491723233	2010	4	5	20	0	0.012
72491723233	2010	4	5	21	0	0.012
72491723233	2010	4	11	22	0	0.093
72491723233	2010	4	11	23	0	0.093
72491723233	2010	4	12	0	0	0.093
72491723233	2010	4	12	1	0	0.008
72491723233	2010	4	12	2	0	0.008
72491723233	2010	4	12	3	0	0.008
72491723233	2010	4	12	4	0	0.013
72491723233	2010	4	12	5	0	0.013
72491723233	2010	4	12	6	0	0.013
72491723233	2010	4	12	7	0	0.015
72491723233	2010	4	12	8	0	0.015
72491723233	2010	4	12	9	0	0.015
72491723233	2010	4	12	10	0	0.014
72491723233	2010	4	12	11	0	0.014
72491723233	2010	4	12	12	0	0.014
72491723233	2010	4	12	13	0	0.031
72491723233	2010	4	12	14	0	0.031
72491723233	2010	4	20	12	0	0.008
72491723233	2010	4	20	13	0	0.076
72491723233	2010	4	20	14	0	0.159
72491723233	2010	4	20	15	0	0.124
72491723233	2010	4	20	16	0	0.06
72491723233	2010	4	20	17	0	0.01
72491723233	2010	4	20	18	0	0.014
72491723233	2010	4	20	19	0	0.001
72491723233	2010	4	20	20	0	0.015
72491723233	2010	4	20	21	0	0.012
72491723233	2010	4	20	22	0	0.002
72491723233	2010	4	20	23	0	0.001
72491723233	2010	4	21	0	0	0.001
72491723233	2010	4	21	1	0	0.009
72491723233	2010	4	21	3	0	0.003
72491723233	2010	4	21	4	0	0.068
72491723233	2010	4	21	5	0	0.045
72491723233	2010	4	21	6	0	0.001
72491723233	2010	4	21	10	0	0.007
72491723233	2010	4	21	11	0	0.008
72491723233	2010	4	21	12	0	0.014
72491723233	2010	4	21	13	0	0.01
72491723233	2010	4	21	14	0	0.007
72491723233	2010	4	21	17	0	0.004
72491723233	2010	4	21	18	0	0.012
72491723233	2010	4	21	20	0	0.025
72491723233	2010	4	21	21	0	0.012
72491723233	2010	4	21	22	0	0.02
72491723233	2010	4	21	23	0	0.015
72491723233	2010	4	22	0	0	0.01
72491723233	2010	4	22	1	0	0.024
72491723233	2010	4	22	2	0	0.007
72491723233	2010	4	22	3	0	0.02
72491723233	2010	4	22	4	0	0.009
72491723233	2010	4	28	0	0	0.01
72491723233	2010	4	28	11	0	0.01
72491723233	2010	4	28	15	0	0.02
72491723233	2010	4	28	20	0	0.01
72491723233	2010	4	28	23	0	0.01
72491723233	2010	5	10	21	0	0.01
72491723233	2010	5	10	23	0	0.12
72491723233	2010	5	18	3	0	0.01
72491723233	2010	5	18	4	0	0.01
72491723233	2010	5	25	20	0	0.01
72491723233	2010	5	25	22	0	0.01
72491723233	2010	5	25	23	0	0.01
72491723233	2010	5	26	1	0	0.03
72491723233	2010	5	26	2	0	0.02
72491723233	2010	5	26	4	0	0.01
72491723233	2010	5	26	18	0	0.04
72491723233	2010	5	27	9	0	0.02
72491723233	2010	5	27	18	0	0.01
72491723233	2010	5	27	19	0	0.07
72491723233	2010	5	27	20	0	0.03
72491723233	2010	5	27	21	0	0.01
72491723233	2010	5	27	22	0	0.01
72491723233	2010	5	27	23	0	0.16
72491723233	2010	6	25	13	0	0.01
72491723233	2010	6	25	14	0	0.01
