72545514931	2005	1	2	0	0	0.1
72545514931	2005	1	2	1	0	0.02
72545514931	2005	1	2	2	0	0.02
72545514931	2005	1	2	3	0	0.01
72545514931	2005	1	2	9	0	0.02
72545514931	2005	1	2	10	0	0.04
72545514931	2005	1	2	11	0	0.01
72545514931	2005	1	2	12	0	0.01
72545514931	2005	1	3	5	0	0.01
72545514931	2005	1	3	6	0	0.04
72545514931	2005	1	3	7	0	0.03
72545514931	2005	1	3	11	0	0.16
72545514931	2005	1	3	12	0	0.03
72545514931	2005	1	3	13	0	0.02
72545514931	2005	1	3	14	0	0.05
72545514931	2005	1	3	15	0	0.13
72545514931	2005	1	3	16	0	0.14
72545514931	2005	1	3	17	0	0.1
72545514931	2005	1	3	18	0	0.01
72545514931	2005	1	5	0	0	0.07
72545514931	2005	1	5	1	0	0.04
72545514931	2005	1	5	2	0	0.05
72545514931	2005	1	5	3	0	0.01
72545514931	2005	1	5	4	0	0.02
72545514931	2005	1	5	5	0	0.01
72545514931	2005	1	5	6	0	0.007
72545514931	2005	1	5	7	0	0.004
72545514931	2005	1	5	8	0	0.006
72545514931	2005	1	5	13	0	0.012
72545514931	2005	1	5	14	0	0.01
72545514931	2005	1	5	15	0	0.03
72545514931	2005	1	5	16	0	0.007
72545514931	2005	1	5	17	0	0.012
72545514931	2005	1	5	18	0	0.089
72545514931	2005	1	9	16	0	0.03
72545514931	2005	1	9	17	0	0.05
72545514931	2005	1	9	18	0	0.07
72545514931	2005	1	9	19	0	0.08
72545514931	2005	1	9	20	0	0.06
72545514931	2005	1	9	21	0	0.04
72545514931	2005	1	9	22	0	0.03
72545514931	2005	1	9	23	0	0.04
72545514931	2005	1	10	0	0	0.02
72545514931	2005	1	10	1	0	0.02
72545514931	2005	1	10	2	0	0.02
72545514931	2005	1	10	3	0	0.02
72545514931	2005	1	10	4	0	0.01
72545514931	2005	1	10	5	0	0.01
72545514931	2005	1	11	0	0	0.02
72545514931	2005	1	11	1	0	0.01
72545514931	2005	1	11	3	0	0.01
72545514931	2005	1	11	4	0	0.01
72545514931	2005	1	11	5	0	0.01
72545514931	2005	1	11	7	0	0.01
72545514931	2005	1	12	1	0	0.01
72545514931	2005	1	12	5	0	0.01
72545514931	2005	1	12	18	0	0.03
72545514931	2005	1	12	22	0	0.21
72545514931	2005	1	12	23	0	0.19
72545514931	2005	1	13	0	0	0.07
72545514931	2005	1	13	3	0	0.02
72545514931	2005	1	29	16	0	0.04
72545514931	2005	1	29	17	0	0.05
72545514931	2005	1	29	18	0	0.01
72545514931	2005	2	6	23	0	0.02
72545514931	2005	2	7	0	0	0.04
72545514931	2005	2	7	1	0	0.03
72545514931	2005	2	7	2	0	0.01
72545514931	2005	2	7	8	0	0.001
72545514931	2005	2	7	9	0	0.02
72545514931	2005	2	7	10	0	0.02
72545514931	2005	2	7	11	0	0.01
72545514931	2005	2	7	12	0	0.02
72545514931	2005	2	7	13	0	0.01
72545514931	2005	2	8	17	0	0.01
72545514931	2005	2	9	9	0	0.01
72545514931	2005	2	9	17	0	0.003
72545514931	2005	2	9	18	0	0.01
72545514931	2005	2	10	17	0	0.04
72545514931	2005	2	10	18	0	0.03
72545514931	2005	2	13	7	0	0.04
72545514931	2005	2	13	8	0	0.04
72545514931	2005	2	13	9	0	0.11
72545514931	2005	2	13	10	0	0.09
72545514931	2005	2	13	11	0	0.07
72545514931	2005	2	13	12	0	0.03
72545514931	2005	2	13	15	0	0.01
72545514931	2005	2	13	18	0	0.02
72545514931	2005	2	13	19	0	0.04
72545514931	2005	2	13	20	0	0.04
72545514931	2005	2	13	21	0	0.03
72545514931	2005	2	13	22	0	0.04
72545514931	2005	2	13	23	0	0.02
72545514931	2005	2	14	0	0	0.05
72545514931	2005	2	14	1	0	0.08
72545514931	2005	2	14	2	0	0.02
72545514931	2005	2	14	3	0	0.01
72545514931	2005	2	14	4	0	0.01
72545514931	2005	2	14	8	0	0.01
72545514931	2005	2	15	9	0	0.01
72545514931	2005	2	19	22	0	0.01
72545514931	2005	2	19	23	0	0.01
72545514931	2005	2	20	0	0	0.01
72545514931	2005	2	20	1	0	0.02
72545514931	2005	2	20	2	0	0.02
72545514931	2005	2	20	4	0	0.01
72545514931	2005	2	20	6	0	0.02
72545514931	2005	2	20	7	0	0.01
72545514931	2005	2	20	9	0	0.01
72545514931	2005	2	20	11	0	0.01
72545514931	2005	2	20	13	0	0.04
72545514931	2005	2	20	14	0	0.01
72545514931	2005	2	20	15	0	0.02
72545514931	2005	2	20	16	0	0.01
72545514931	2005	2	20	17	0	0.01
72545514931	2005	2	28	0	0	0.06
72545514931	2005	2	28	1	0	0.04
72545514931	2005	2	28	2	0	0.03
72545514931	2005	2	28	17	0	0.01
72545514931	2005	3	7	6	0	0.02
72545514931	2005	3	7	8	0	0.01
72545514931	2005	3	10	16	0	0.06
72545514931	2005	3	18	22	0	0.004
72545514931	2005	3	19	3	0	0.04
72545514931	2005	3	19	15	0	0.01
72545514931	2005	3	22	22	0	0.02
72545514931	2005	3	22	23	0	0.03
72545514931	2005	3	23	0	0	0.06
72545514931	2005	3	23	1	0	0.02
72545514931	2005	3	23	2	0	0.01
72545514931	2005	3	23	3	0	0.01
72545514931	2005	3	23	4	0	0.01
72545514931	2005	3	23	5	0	0.01
72545514931	2005	3	23	6	0	0.01
72545514931	2005	3	23	7	0	0.01
72545514931	2005	3	23	9	0	0.01
72545514931	2005	3	23	11	0	0.01
72545514931	2005	3	23	12	0	0.01
72545514931	2005	3	23	13	0	0.02
72545514931	2005	3	23	14	0	0.03
72545514931	2005	3	23	15	0	0.05
72545514931	2005	3	24	19	0	0.01
72545514931	2005	3	24	20	0	0.11
72545514931	2005	3	24	21	0	0.06
72545514931	2005	3	24	23	0	0.01
72545514931	2005	3	25	1	0	0.02
72545514931	2005	3	25	3	0	0.03
72545514931	2005	3	25	4	0	0.03
72545514931	2005	3	25	6	0	0.03
72545514931	2005	3	25	7	0	0.01
72545514931	2005	3	25	8	0	0.01
72545514931	2005	3	25	11	0	0.01
72545514931	2005	3	30	19	0	0.04
72545514931	2005	4	6	19	0	0.22
72545514931	2005	4	6	20	0	0.09
72545514931	2005	4	6	21	0	0.1
72545514931	2005	4	11	16	0	0.04
72545514931	2005	4	11	17	0	0.08
72545514931	2005	4	11	18	0	0.03
72545514931	2005	4	11	19	0	0.02
72545514931	2005	4	11	20	0	0.01
72545514931	2005	4	12	0	0	0.01
72545514931	2005	4	12	2	0	0.02
72545514931	2005	4	12	5	0	0.05
72545514931	2005	4	12	6	0	0.24
72545514931	2005	4	12	7	0	0.48
72545514931	2005	4	12	8	0	0.18
72545514931	2005	4	12	9	0	0.1
72545514931	2005	4	12	10	0	0.01
72545514931	2005	4	12	21	0	0.16
72545514931	2005	4	12	22	0	0.2
72545514931	2005	4	12	23	0	0.02
72545514931	2005	4	13	0	0	0.03
72545514931	2005	4	13	6	0	0.01
72545514931	2005	4	20	23	0	0.06
72545514931	2005	4	21	12	0	0.06
72545514931	2005	4	21	20	0	0.01
72545514931	2005	4	21	21	0	0.18
72545514931	2005	4	22	3	0	0.31
72545514931	2005	4	22	4	0	0.19
72545514931	2005	4	22	5	0	0.01
72545514931	2005	4	22	12	0	0.01
72545514931	2005	4	22	13	0	0.01
72545514931	2005	4	22	14	0	0.01
72545514931	2005	4	22	15	0	0.01
72545514931	2005	4	22	16	0	0.03
72545514931	2005	4	22	17	0	0.09
72545514931	2005	4	22	18	0	0.07
72545514931	2005	4	22	19	0	0.03
72545514931	2005	4	22	20	0	0.01
72545514931	2005	4	23	3	0	0.04
72545514931	2005	4	23	5	0	0.02
72545514931	2005	4	23	6	0	0.03
72545514931	2005	4	23	7	0	0.07
72545514931	2005	4	23	8	0	0.05
72545514931	2005	4	23	9	0	0.01
72545514931	2005	4	25	22	0	0.01
72545514931	2005	4	25	23	0	0.09
72545514931	2005	4	26	0	0	0.01
72545514931	2005	4	26	9	0	0.01
72545514931	2005	4	26	20	0	0.03
72545514931	2005	4	26	23	0	0.01
72545514931	2005	4	27	0	0	0.01
72545514931	2005	5	8	8	0	0.01
72545514931	2005	5	8	9	0	0.06
72545514931	2005	5	8	21	0	0.04
72545514931	2005	5	9	0	0	0.05
72545514931	2005	5	9	3	0	0.03
72545514931	2005	5	9	4	0	0.12
72545514931	2005	5	9	5	0	0.01
72545514931	2005	5	9	6	0	0.03
72545514931	2005	5	12	0	0	0.1
72545514931	2005	5	12	1	0	0.18
72545514931	2005	5	12	2	0	0.01
72545514931	2005	5	13	3	0	0.04
72545514931	2005	5	13	4	0	0.66
72545514931	2005	5	13	5	0	0.24
72545514931	2005	5	13	6	0	0.1
72545514931	2005	5	13	7	0	0.15
72545514931	2005	5	13	8	0	0.37
72545514931	2005	5	13	10	0	0.02
72545514931	2005	5	13	13	0	0.01
72545514931	2005	5	14	2	0	0.27
72545514931	2005	5	19	1	0	0.04
72545514931	2005	5	19	6	0	0.02
72545514931	2005	5	19	7	0	0.05
72545514931	2005	5	29	14	0	0.01
72545514931	2005	5	29	15	0	0.1
72545514931	2005	5	29	16	0	0.02
72545514931	2005	5	29	17	0	0.02
72545514931	2005	5	29	18	0	0.02
72545514931	2005	6	4	3	0	0.05
72545514931	2005	6	4	4	0	0.01
72545514931	2005	6	4	12	0	0.1
72545514931	2005	6	4	13	0	0.01
72545514931	2005	6	4	14	0	0.05
72545514931	2005	6	4	15	0	0.13
72545514931	2005	6	5	2	0	0.01
72545514931	2005	6	5	5	0	0.02
72545514931	2005	6	5	6	0	0.08
72545514931	2005	6	5	7	0	0.05
72545514931	2005	6	5	11	0	0.02
72545514931	2005	6	8	17	0	0.08
72545514931	2005	6	8	18	0	0.39
72545514931	2005	6	8	19	0	0.09
72545514931	2005	6	8	20	0	0.05
72545514931	2005	6	9	5	0	0.01
72545514931	2005	6	11	2	0	0.02
72545514931	2005	6	11	6	0	0.01
72545514931	2005	6	11	20	0	0.02
72545514931	2005	6	12	8	0	0.01
72545514931	2005	6	12	21	0	0.05
72545514931	2005	6	12	22	0	0.11
72545514931	2005	6	13	8	0	0.01
72545514931	2005	6	28	3	0	0.16
72545514931	2005	6	28	14	0	0.167
72545514931	2005	6	28	15	0	0.05
72545514931	2005	6	30	10	0	0.02
72545514931	2005	6	30	11	0	0.03
72545514931	2005	6	30	12	0	0.02
72545514931	2005	7	4	15	0	0.08
72545514931	2005	7	4	16	0	0.03
72545514931	2005	7	4	18	0	0.01
72545514931	2005	7	5	4	0	0.01
72545514931	2005	7	12	20	0	0.1
72545514931	2005	7	25	14	0	0.07
72545514931	2005	7	26	7	0	0.03
72545514931	2005	7	26	18	0	0.16
72545514931	2005	7	26	19	0	0.31
72545514931	2005	7	26	20	0	0.39
72545514931	2005	7	26	21	0	0.13
72545514931	2005	7	26	22	0	0.11
72545514931	2005	7	27	10	0	0.01
72545514931	2005	7	31	17	0	0.01
72545514931	2005	8	1	9	0	0.01
72545514931	2005	8	5	9	0	0.01
72545514931	2005	8	10	5	0	0.065
72545514931	2005	8	10	6	0	0.31
72545514931	2005	8	10	10	0	0.01
72545514931	2005	8	11	9	0	0.02
72545514931	2005	8	11	10	0	0.03
72545514931	2005	8	12	11	0	0.05
72545514931	2005	8	12	12	0	0.02
72545514931	2005	8	12	21	0	0.05
72545514931	2005	8	13	8	0	0.001
72545514931	2005	8	13	9	0	0.23
72545514931	2005	8	13	10	0	0.01
72545514931	2005	8	13	12	0	0.01
72545514931	2005	8	13	13	0	0.02
72545514931	2005	8	13	17	0	0.07
72545514931	2005	8	13	18	0	0.02
72545514931	2005	8	13	23	0	0.01
72545514931	2005	8	16	11	0	0.01
72545514931	2005	8	20	1	0	0.01
72545514931	2005	8	20	5	0	0.004
72545514931	2005	8	20	6	0	0.04
72545514931	2005	8	25	12	0	0.04
72545514931	2005	9	8	21	0	0.62
72545514931	2005	9	13	19	0	0.1
72545514931	2005	9	14	4	0	0.54
72545514931	2005	9	14	7	0	0.079
72545514931	2005	9	14	8	0	0.038
72545514931	2005	9	14	9	0	0.017
72545514931	2005	9	14	21	0	0.001
72545514931	2005	9	15	14	0	0.003
72545514931	2005	9	15	15	0	0.1
72545514931	2005	9	15	16	0	0.01
72545514931	2005	9	15	19	0	0.03
72545514931	2005	9	15	20	0	0.05
72545514931	2005	9	15	21	0	0.12
72545514931	2005	9	15	22	0	0.21
72545514931	2005	9	15	23	0	0.06
72545514931	2005	9	16	0	0	0.01
72545514931	2005	9	16	7	0	0.04
72545514931	2005	9	16	8	0	0.01
72545514931	2005	9	19	6	0	0.43
72545514931	2005	9	19	7	0	0.03
72545514931	2005	9	19	18	0	0.06
72545514931	2005	9	19	19	0	0.19
72545514931	2005	9	19	20	0	0.07
72545514931	2005	9	19	21	0	0.01
72545514931	2005	9	20	12	0	0.01
72545514931	2005	9	24	7	0	0.12
72545514931	2005	9	25	11	0	0.02
72545514931	2005	9	26	6	0	0.17
72545514931	2005	9	26	10	0	0.01
72545514931	2005	9	27	11	0	0.01
72545514931	2005	9	28	16	0	0.02
72545514931	2005	9	28	17	0	0.11
72545514931	2005	9	28	18	0	0.31
72545514931	2005	9	28	19	0	0.12
72545514931	2005	9	28	20	0	0.01
72545514931	2005	10	2	16	0	0.01
72545514931	2005	10	2	17	0	0.04
72545514931	2005	10	2	18	0	0.11
72545514931	2005	10	2	19	0	0.06
72545514931	2005	10	2	20	0	0.15
72545514931	2005	10	4	0	0	0.02
72545514931	2005	10	4	1	0	0.04
72545514931	2005	10	4	2	0	0.01
72545514931	2005	10	6	1	0	0.07
72545514931	2005	10	6	2	0	0.11
72545514931	2005	10	6	3	0	0.07
72545514931	2005	10	6	4	0	0.21
72545514931	2005	10	6	5	0	0.01
72545514931	2005	10	6	6	0	0.12
72545514931	2005	10	13	5	0	0.02
72545514931	2005	10	13	12	0	0.01
72545514931	2005	10	14	13	0	0.01
72545514931	2005	10	17	14	0	0.05
72545514931	2005	10	20	9	0	0.03
72545514931	2005	10	20	10	0	0.41
72545514931	2005	10	20	11	0	0.2
72545514931	2005	10	20	12	0	0.05
72545514931	2005	10	20	14	0	0.01
72545514931	2005	10	20	16	0	0.03
72545514931	2005	10	20	18	0	0.01
72545514931	2005	10	20	20	0	0.04
72545514931	2005	10	20	21	0	0.03
72545514931	2005	10	20	22	0	0.02
72545514931	2005	10	20	23	0	0.07
72545514931	2005	10	21	0	0	0.51
72545514931	2005	10	21	1	0	0.03
72545514931	2005	10	23	23	0	0.02
72545514931	2005	10	24	1	0	0.01
72545514931	2005	10	30	18	0	0.01
72545514931	2005	10	31	20	0	0.01
72545514931	2005	11	1	7	0	0.01
72545514931	2005	11	6	2	0	0.35
72545514931	2005	11	6	3	0	0.01
72545514931	2005	11	6	5	0	0.06
72545514931	2005	11	6	6	0	0.03
72545514931	2005	11	6	9	0	0.07
72545514931	2005	11	6	10	0	0.03
72545514931	2005	11	12	21	0	0.01
72545514931	2005	11	13	2	0	0.05
72545514931	2005	11	15	15	0	0.03
72545514931	2005	11	15	16	0	0.01
72545514931	2005	11	15	17	0	0.16
72545514931	2005	11	15	18	0	0.23
72545514931	2005	11	15	19	0	0.19
72545514931	2005	11	15	20	0	0.08
72545514931	2005	11	15	21	0	0.01
72545514931	2005	11	15	23	0	0.01
72545514931	2005	11	16	1	0	0.01
72545514931	2005	11	27	11	0	0.01
72545514931	2005	11	27	13	0	0.02
72545514931	2005	11	28	3	0	0.05
72545514931	2005	11	28	4	0	0.18
72545514931	2005	11	28	5	0	0.01
72545514931	2005	11	28	7	0	0.06
72545514931	2005	11	28	8	0	0.01
72545514931	2005	11	28	9	0	0.03
72545514931	2005	12	4	18	0	0.02
72545514931	2005	12	4	19	0	0.01
72545514931	2005	12	10	23	0	0.02
72545514931	2005	12	11	0	0	0.05
72545514931	2005	12	11	1	0	0.06
72545514931	2005	12	11	2	0	0.03
72545514931	2005	12	11	3	0	0.02
72545514931	2005	12	11	4	0	0.03
72545514931	2005	12	11	5	0	0.01
72545514931	2005	12	11	21	0	0.01
72545514931	2005	12	12	16	0	0.01
72545514931	2005	12	12	17	0	0.06
72545514931	2005	12	14	7	0	0.01
72545514931	2005	12	14	8	0	0.01
72545514931	2005	12	14	9	0	0.01
72545514931	2005	12	14	10	0	0.01
72545514931	2005	12	14	11	0	0.03
72545514931	2005	12	14	12	0	0.03
72545514931	2005	12	14	13	0	0.04
72545514931	2005	12	14	14	0	0.04
72545514931	2005	12	14	15	0	0.04
72545514931	2005	12	14	16	0	0.01
72545514931	2005	12	15	15	0	0.01
72545514931	2005	12	24	18	0	0.01
72545514931	2005	12	25	2	0	0.01
72545514931	2006	1	2	10	0	0.04
72545514931	2006	1	2	11	0	0.08
72545514931	2006	1	2	12	0	0.02
72545514931	2006	1	2	13	0	0.18
72545514931	2006	1	2	14	0	0.02
72545514931	2006	1	2	17	0	0.01
72545514931	2006	1	2	18	0	0.06
72545514931	2006	1	2	19	0	0.01
72545514931	2006	1	2	22	0	0.01
72545514931	2006	1	10	23	0	0.04
72545514931	2006	1	11	0	0	0.07
72545514931	2006	1	11	1	0	0.05
72545514931	2006	1	11	2	0	0.04
72545514931	2006	1	11	3	0	0.12
72545514931	2006	1	11	4	0	0.11
72545514931	2006	1	11	5	0	0.01
72545514931	2006	1	20	19	0	0.01
72545514931	2006	1	20	20	0	0.02
72545514931	2006	1	20	21	0	0.03
72545514931	2006	1	20	22	0	0.02
72545514931	2006	1	21	17	0	0.02
72545514931	2006	1	21	18	0	0.02
72545514931	2006	1	21	19	0	0.02
72545514931	2006	1	21	20	0	0.01
72545514931	2006	1	28	12	0	0.01
72545514931	2006	1	28	13	0	0.04
72545514931	2006	1	28	14	0	0.22
72545514931	2006	1	28	15	0	0.13
72545514931	2006	1	28	16	0	0.14
72545514931	2006	1	28	17	0	0.15
72545514931	2006	1	28	18	0	0.1
72545514931	2006	1	28	19	0	0.08
72545514931	2006	1	28	20	0	0.07
72545514931	2006	1	28	21	0	0.04
72545514931	2006	1	28	22	0	0.08
72545514931	2006	1	28	23	0	0.12
72545514931	2006	1	29	0	0	0.05
72545514931	2006	1	29	1	0	0.04
72545514931	2006	1	29	2	0	0.05
72545514931	2006	1	29	3	0	0.03
72545514931	2006	1	29	4	0	0.03
72545514931	2006	1	29	5	0	0.01
72545514931	2006	1	29	6	0	0.03
72545514931	2006	1	29	7	0	0.04
72545514931	2006	1	29	8	0	0.01
72545514931	2006	1	29	11	0	0.01
72545514931	2006	1	30	9	0	0.01
72545514931	2006	2	3	2	0	0.01
72545514931	2006	2	3	5	0	0.03
72545514931	2006	2	3	6	0	0.02
72545514931	2006	2	3	7	0	0.01
72545514931	2006	2	3	9	0	0.01
72545514931	2006	2	15	21	0	0.01
72545514931	2006	2	16	1	0	0.01
72545514931	2006	2	16	13	0	0.01
72545514931	2006	2	16	14	0	0.02
72545514931	2006	2	16	15	0	0.03
72545514931	2006	2	16	16	0	0.06
72545514931	2006	2	16	17	0	0.03
72545514931	2006	2	16	18	0	0.02
72545514931	2006	2	16	19	0	0.01
72545514931	2006	3	5	7	0	0.01
72545514931	2006	3	5	8	0	0.17
72545514931	2006	3	5	9	0	0.17
72545514931	2006	3	5	10	0	0.03
72545514931	2006	3	5	11	0	0.03
72545514931	2006	3	5	12	0	0.02
72545514931	2006	3	5	13	0	0.01
72545514931	2006	3	5	14	0	0.02
72545514931	2006	3	5	15	0	0.02
72545514931	2006	3	5	16	0	0.04
72545514931	2006	3	7	21	0	0.02
72545514931	2006	3	7	22	0	0.12
72545514931	2006	3	7	23	0	0.07
72545514931	2006	3	8	0	0	0.09
72545514931	2006	3	8	1	0	0.02
72545514931	2006	3	8	17	0	0.07
72545514931	2006	3	8	18	0	0.1
72545514931	2006	3	8	19	0	0.09
72545514931	2006	3	9	21	0	0.01
72545514931	2006	3	9	22	0	0.01
72545514931	2006	3	9	23	0	0.01
72545514931	2006	3	10	0	0	0.04
72545514931	2006	3	10	1	0	0.04
72545514931	2006	3	10	2	0	0.03
72545514931	2006	3	12	20	0	0.14
72545514931	2006	3	12	21	0	0.03
72545514931	2006	3	12	22	0	0.06
72545514931	2006	3	12	23	0	0.15
72545514931	2006	3	13	3	0	0.32
72545514931	2006	3	13	4	0	0.51
72545514931	2006	3	13	6	0	0.01
72545514931	2006	3	16	5	0	0.01
72545514931	2006	3	16	6	0	0.02
72545514931	2006	3	24	22	0	0.02
72545514931	2006	3	27	14	0	0.004
72545514931	2006	3	27	15	0	0.1
72545514931	2006	3	27	16	0	0.07
72545514931	2006	3	27	18	0	0.01
72545514931	2006	3	27	19	0	0.01
72545514931	2006	3	27	22	0	0.14
72545514931	2006	3	27	23	0	0.02
72545514931	2006	3	28	0	0	0.01
72545514931	2006	3	28	2	0	0.03
72545514931	2006	3	30	15	0	0.01
72545514931	2006	3	30	16	0	0.009
72545514931	2006	3	31	2	0	0.18
72545514931	2006	3	31	3	0	0.01
72545514931	2006	3	31	4	0	0.24
72545514931	2006	3	31	5	0	0.04
72545514931	2006	4	2	12	0	0.09
72545514931	2006	4	2	13	0	0.01
72545514931	2006	4	2	14	0	0.01
72545514931	2006	4	2	22	0	0.09
72545514931	2006	4	3	2	0	0.1
72545514931	2006	4	3	3	0	0.08
72545514931	2006	4	3	4	0	0.03
72545514931	2006	4	3	6	0	0.01
72545514931	2006	4	6	3	0	0.06
72545514931	2006	4	6	7	0	0.13
72545514931	2006	4	6	8	0	0.01
72545514931	2006	4	6	9	0	0.21
72545514931	2006	4	6	10	0	0.53
72545514931	2006	4	6	11	0	0.57
72545514931	2006	4	6	12	0	0.12
72545514931	2006	4	6	13	0	0.02
72545514931	2006	4	6	17	0	0.05
72545514931	2006	4	6	18	0	0.13
72545514931	2006	4	7	5	0	0.04
72545514931	2006	4	14	13	0	0.01
72545514931	2006	4	16	5	0	0.07
72545514931	2006	4	16	23	0	0.02
72545514931	2006	4	19	3	0	0.02
72545514931	2006	4	25	8	0	0.01
72545514931	2006	4	25	10	0	0.03
72545514931	2006	4	25	11	0	0.14
72545514931	2006	4	25	12	0	0.08
72545514931	2006	4	25	13	0	0.05
72545514931	2006	4	29	11	0	0.01
72545514931	2006	4	29	12	0	0.03
72545514931	2006	4	29	13	0	0.05
72545514931	2006	4	29	14	0	0.04
72545514931	2006	4	29	15	0	0.05
72545514931	2006	4	29	16	0	0.06
72545514931	2006	4	29	17	0	0.06
72545514931	2006	4	29	18	0	0.02
72545514931	2006	4	29	20	0	0.02
72545514931	2006	4	29	21	0	0.01
72545514931	2006	4	29	22	0	0.02
72545514931	2006	4	29	23	0	0.02
72545514931	2006	4	30	0	0	0.01
72545514931	2006	4	30	1	0	0.01
72545514931	2006	4	30	2	0	0.09
72545514931	2006	4	30	3	0	0.18
72545514931	2006	4	30	4	0	0.12
72545514931	2006	4	30	5	0	0.11
72545514931	2006	4	30	6	0	0.107
72545514931	2006	4	30	7	0	0.063
72545514931	2006	4	30	8	0	0.029
72545514931	2006	4	30	10	0	0.001
72545514931	2006	4	30	15	0	0.004
72545514931	2006	4	30	17	0	0.002
72545514931	2006	4	30	18	0	0.007
72545514931	2006	4	30	19	0	0.054
72545514931	2006	4	30	20	0	0.021
72545514931	2006	4	30	21	0	0.1
72545514931	2006	4	30	22	0	0.023
72545514931	2006	5	3	15	0	0.01
72545514931	2006	5	4	0	0	0.03
72545514931	2006	5	9	13	0	0.17
72545514931	2006	5	9	17	0	0.01
72545514931	2006	5	12	18	0	0.01
72545514931	2006	5	12	19	0	0.03
72545514931	2006	5	12	20	0	0.04
72545514931	2006	5	12	21	0	0.06
72545514931	2006	5	12	22	0	0.02
72545514931	2006	5	12	23	0	0.01
72545514931	2006	5	13	5	0	0.01
72545514931	2006	5	13	6	0	0.02
72545514931	2006	5	13	7	0	0.01
72545514931	2006	5	13	8	0	0.01
72545514931	2006	5	13	19	0	0.01
72545514931	2006	5	14	3	0	0.01
72545514931	2006	5	14	4	0	0.01
72545514931	2006	5	14	15	0	0.01
72545514931	2006	5	14	16	0	0.01
72545514931	2006	5	14	17	0	0.02
72545514931	2006	5	14	18	0	0.02
72545514931	2006	5	14	19	0	0.02
72545514931	2006	5	14	21	0	0.02
72545514931	2006	5	14	23	0	0.02
72545514931	2006	5	15	0	0	0.01
72545514931	2006	5	15	20	0	0.001
72545514931	2006	5	15	21	0	0.13
72545514931	2006	5	17	2	0	0.004
72545514931	2006	5	19	11	0	0.01
72545514931	2006	5	25	22	0	0.01
72545514931	2006	5	27	12	0	0.03
72545514931	2006	5	27	13	0	0.01
72545514931	2006	5	31	0	0	0.03
72545514931	2006	6	1	0	0	0.01
72545514931	2006	6	1	1	0	0.02
72545514931	2006	6	1	2	0	0.01
72545514931	2006	6	1	3	0	0.01
72545514931	2006	6	1	13	0	0.01
72545514931	2006	6	4	7	0	0.11
72545514931	2006	6	6	12	0	0.047
72545514931	2006	6	6	13	0	0.009
72545514931	2006	6	6	20	0	0.03
72545514931	2006	6	10	10	0	0.02
72545514931	2006	6	10	11	0	0.03
72545514931	2006	6	10	12	0	0.11
72545514931	2006	6	10	18	0	0.01
72545514931	2006	6	10	20	0	0.01
72545514931	2006	6	18	3	0	0.04
72545514931	2006	6	20	18	0	0.01
72545514931	2006	6	20	23	0	0.01
72545514931	2006	6	22	8	0	0.01
72545514931	2006	6	22	10	0	0.69
72545514931	2006	6	22	11	0	0.03
72545514931	2006	6	22	12	0	0.21
72545514931	2006	6	22	13	0	0.08
72545514931	2006	6	22	23	0	0.01
72545514931	2006	6	25	10	0	0.01
72545514931	2006	6	25	13	0	0.04
72545514931	2006	6	25	20	0	0.01
72545514931	2006	6	25	21	0	0.03
72545514931	2006	6	27	10	0	0.01
72545514931	2006	6	27	19	0	0.07
72545514931	2006	6	28	5	0	0.04
72545514931	2006	6	28	10	0	0.01
72545514931	2006	6	30	8	0	0.01
72545514931	2006	6	30	10	0	0.19
72545514931	2006	6	30	11	0	0.01
72545514931	2006	7	3	0	0	0.07
72545514931	2006	7	3	1	0	0.01
72545514931	2006	7	3	11	0	0.01
72545514931	2006	7	3	13	0	0.03
72545514931	2006	7	3	18	0	0.02
72545514931	2006	7	4	7	0	0.02
72545514931	2006	7	9	8	0	0.14
72545514931	2006	7	11	8	0	0.01
72545514931	2006	7	11	11	0	0.01
72545514931	2006	7	14	4	0	0.17
72545514931	2006	7	14	5	0	0.06
72545514931	2006	7	14	6	0	0.02
72545514931	2006	7	18	2	0	0.02
72545514931	2006	7	20	11	0	0.03
72545514931	2006	7	21	15	0	0.04
72545514931	2006	7	21	16	0	0.06
72545514931	2006	7	21	17	0	0.04
72545514931	2006	7	21	19	0	0.04
72545514931	2006	7	22	5	0	0.01
72545514931	2006	7	26	3	0	0.03
72545514931	2006	7	26	4	0	0.13
72545514931	2006	7	26	8	0	0.006
72545514931	2006	7	26	9	0	0.03
72545514931	2006	7	26	10	0	0.14
72545514931	2006	7	26	11	0	0.14
72545514931	2006	7	26	12	0	0.63
72545514931	2006	7	26	13	0	0.06
72545514931	2006	7	26	15	0	0.01
72545514931	2006	7	27	8	0	0.51
72545514931	2006	7	29	21	0	0.08
72545514931	2006	8	3	4	0	0.11
72545514931	2006	8	3	6	0	0.57
72545514931	2006	8	3	7	0	0.08
72545514931	2006	8	3	8	0	0.02
72545514931	2006	8	3	9	0	0.01
72545514931	2006	8	3	11	0	0.02
72545514931	2006	8	6	14	0	0.001
72545514931	2006	8	7	9	0	0.41
72545514931	2006	8	7	10	0	0.09
72545514931	2006	8	7	11	0	0.03
72545514931	2006	8	8	13	0	0.02
72545514931	2006	8	8	14	0	0.01
72545514931	2006	8	9	1	0	0.05
72545514931	2006	8	9	7	0	0.02
72545514931	2006	8	9	8	0	0.13
72545514931	2006	8	9	13	0	0.28
72545514931	2006	8	9	14	0	0.31
72545514931	2006	8	10	15	0	0.12
72545514931	2006	8	10	16	0	0.11
72545514931	2006	8	14	2	0	0.02
72545514931	2006	8	14	3	0	0.06
72545514931	2006	8	14	4	0	0.01
72545514931	2006	8	14	5	0	0.02
72545514931	2006	8	14	6	0	0.04
72545514931	2006	8	14	12	0	0.01
72545514931	2006	8	14	13	0	0.01
72545514931	2006	8	18	14	0	0.005
72545514931	2006	8	18	15	0	0.03
72545514931	2006	8	18	22	0	0.02
72545514931	2006	8	18	23	0	0.03
72545514931	2006	8	19	0	0	0.4
72545514931	2006	8	19	2	0	0.01
72545514931	2006	8	19	16	0	0.01
72545514931	2006	8	19	22	0	0.01
72545514931	2006	8	26	12	0	0.15
72545514931	2006	8	26	13	0	0.02
72545514931	2006	8	26	14	0	0.03
72545514931	2006	8	27	6	0	0.01
72545514931	2006	8	27	11	0	0.01
72545514931	2006	8	27	12	0	0.24
72545514931	2006	8	27	13	0	0.01
72545514931	2006	8	28	4	0	0.01
72545514931	2006	8	28	8	0	0.02
72545514931	2006	8	28	10	0	0.05
72545514931	2006	8	28	11	0	0.02
72545514931	2006	8	28	13	0	0.01
72545514931	2006	8	29	3	0	0.01
72545514931	2006	8	29	4	0	0.01
72545514931	2006	9	4	9	0	0.01
72545514931	2006	9	4	16	0	0.02
72545514931	2006	9	5	5	0	0.001
72545514931	2006	9	11	2	0	0.001
72545514931	2006	9	11	3	0	0.02
72545514931	2006	9	11	4	0	0.03
72545514931	2006	9	11	5	0	0.13
72545514931	2006	9	11	6	0	0.15
72545514931	2006	9	11	8	0	0.05
72545514931	2006	9	11	9	0	0.1
72545514931	2006	9	11	10	0	0.01
72545514931	2006	9	12	1	0	0.34
72545514931	2006	9	12	2	0	0.01
72545514931	2006	9	12	10	0	0.01
72545514931	2006	9	17	11	0	0.03
72545514931	2006	9	17	12	0	0.01
72545514931	2006	9	17	18	0	0.11
72545514931	2006	9	17	19	0	0.18
72545514931	2006	9	17	20	0	0.01
72545514931	2006	9	17	22	0	0.01
72545514931	2006	9	21	23	0	0.01
72545514931	2006	9	23	15	0	0.01
72545514931	2006	10	4	17	0	0.01
72545514931	2006	10	11	0	0	0.04
72545514931	2006	10	11	1	0	0.04
72545514931	2006	10	11	3	0	0.07
72545514931	2006	10	11	4	0	0.05
72545514931	2006	10	11	5	0	0.12
72545514931	2006	10	11	6	0	0.09
72545514931	2006	10	11	7	0	0.01
72545514931	2006	10	11	15	0	0.01
72545514931	2006	10	15	10	0	0.01
72545514931	2006	10	15	11	0	0.01
72545514931	2006	10	15	12	0	0.01
72545514931	2006	10	16	1	0	0.01
72545514931	2006	10	16	16	0	0.01
72545514931	2006	10	16	17	0	0.03
72545514931	2006	10	16	18	0	0.02
72545514931	2006	10	16	19	0	0.01
72545514931	2006	10	16	21	0	0.03
72545514931	2006	10	16	22	0	0.06
72545514931	2006	10	16	23	0	0.06
72545514931	2006	10	17	2	0	0.01
72545514931	2006	10	17	3	0	0.01
72545514931	2006	10	17	4	0	0.07
72545514931	2006	10	17	5	0	0.18
72545514931	2006	10	17	6	0	0.18
72545514931	2006	10	17	7	0	0.19
72545514931	2006	10	17	8	0	0.11
72545514931	2006	10	17	9	0	0.01
72545514931	2006	10	18	17	0	0.01
72545514931	2006	10	21	19	0	0.07
72545514931	2006	10	21	20	0	0.08
72545514931	2006	10	21	21	0	0.07
72545514931	2006	10	21	22	0	0.07
72545514931	2006	10	21	23	0	0.04
72545514931	2006	10	22	0	0	0.03
72545514931	2006	10	22	1	0	0.02
72545514931	2006	10	26	7	0	0.01
72545514931	2006	10	26	9	0	0.01
72545514931	2006	10	26	10	0	0.08
72545514931	2006	10	26	11	0	0.1
72545514931	2006	10	26	12	0	0.08
72545514931	2006	10	26	13	0	0.09
72545514931	2006	10	26	14	0	0.04
72545514931	2006	10	26	15	0	0.04
72545514931	2006	10	26	16	0	0.02
72545514931	2006	10	26	17	0	0.08
72545514931	2006	10	26	18	0	0.02
72545514931	2006	10	26	19	0	0.01
72545514931	2006	10	26	20	0	0.01
72545514931	2006	10	26	22	0	0.01
72545514931	2006	11	4	13	0	0.02
72545514931	2006	11	8	11	0	0.01
72545514931	2006	11	10	16	0	0.17
72545514931	2006	11	10	17	0	0.11
72545514931	2006	11	10	18	0	0.01
72545514931	2006	11	10	19	0	0.06
72545514931	2006	11	10	20	0	0.04
72545514931	2006	11	10	21	0	0.05
72545514931	2006	11	10	22	0	0.12
72545514931	2006	11	13	8	0	0.002
72545514931	2006	11	13	9	0	0.03
72545514931	2006	11	13	11	0	0.01
72545514931	2006	11	15	7	0	0.01
72545514931	2006	11	28	0	0	0.01
72545514931	2006	11	28	3	0	0.03
72545514931	2006	11	28	8	0	0.007
72545514931	2006	11	28	9	0	0.07
72545514931	2006	11	28	11	0	0.12
72545514931	2006	11	28	12	0	0.07
72545514931	2006	11	29	9	0	0.01
72545514931	2006	11	29	10	0	0.03
72545514931	2006	11	29	11	0	0.03
72545514931	2006	11	29	12	0	0.17
72545514931	2006	11	29	13	0	0.21
72545514931	2006	11	29	14	0	0.14
72545514931	2006	11	29	15	0	0.18
72545514931	2006	11	29	16	0	0.07
72545514931	2006	11	29	17	0	0.02
72545514931	2006	11	29	19	0	0.08
72545514931	2006	11	29	20	0	0.04
72545514931	2006	11	29	21	0	0.06
72545514931	2006	11	29	22	0	0.12
72545514931	2006	11	29	23	0	0.25
72545514931	2006	11	30	0	0	0.24
72545514931	2006	11	30	1	0	0.18
72545514931	2006	11	30	2	0	0.11
72545514931	2006	11	30	3	0	0.05
72545514931	2006	11	30	4	0	0.01
72545514931	2006	11	30	5	0	0.01
72545514931	2006	12	2	16	0	0.01
72545514931	2006	12	12	4	0	0.01
72545514931	2006	12	12	22	0	0.01
72545514931	2006	12	18	1	0	0.01
72545514931	2006	12	20	16	0	0.01
72545514931	2006	12	20	17	0	0.01
72545514931	2006	12	20	18	0	0.01
72545514931	2006	12	20	19	0	0.03
72545514931	2006	12	20	20	0	0.03
72545514931	2006	12	20	21	0	0.06
72545514931	2006	12	20	22	0	0.17
72545514931	2006	12	20	23	0	0.03
72545514931	2006	12	21	1	0	0.08
72545514931	2006	12	21	2	0	0.11
72545514931	2006	12	21	3	0	0.06
72545514931	2006	12	21	4	0	0.02
72545514931	2006	12	21	5	0	0.04
72545514931	2006	12	21	6	0	0.06
72545514931	2006	12	21	7	0	0.05
72545514931	2006	12	21	8	0	0.07
72545514931	2006	12	21	9	0	0.04
72545514931	2006	12	21	10	0	0.04
72545514931	2006	12	21	11	0	0.04
72545514931	2006	12	21	12	0	0.11
72545514931	2006	12	21	14	0	0.01
72545514931	2006	12	22	10	0	0.01
72545514931	2006	12	22	12	0	0.01
72545514931	2006	12	22	13	0	0.01
72545514931	2006	12	22	18	0	0.01
72545514931	2006	12	31	6	0	0.01
72545514931	2006	12	31	7	0	0.05
72545514931	2006	12	31	8	0	0.26
72545514931	2006	12	31	9	0	0.17
72545514931	2006	12	31	10	0	0.02
72545514931	2006	12	31	12	0	0.03
72545514931	2007	1	4	17	0	0.01
72545514931	2007	1	4	18	0	0.03
72545514931	2007	1	4	19	0	0.03
72545514931	2007	1	4	21	0	0.01
72545514931	2007	1	11	23	0	0.01
72545514931	2007	1	13	2	0	0.003
72545514931	2007	1	13	3	0	0.001
72545514931	2007	1	13	4	0	0.001
72545514931	2007	1	13	18	0	0.02
72545514931	2007	1	14	18	0	0.01
72545514931	2007	1	14	19	0	0.01
72545514931	2007	1	14	22	0	0.03
72545514931	2007	1	14	23	0	0.07
72545514931	2007	1	15	0	0	0.12
72545514931	2007	1	15	1	0	0.07
72545514931	2007	1	15	2	0	0.07
72545514931	2007	1	15	3	0	0.05
72545514931	2007	1	15	4	0	0.03
72545514931	2007	1	15	5	0	0.01
72545514931	2007	1	15	6	0	0.004
72545514931	2007	1	15	7	0	0.002
72545514931	2007	1	15	8	0	0.003
72545514931	2007	1	15	18	0	0.05
72545514931	2007	1	21	17	0	0.01
72545514931	2007	1	21	18	0	0.05
72545514931	2007	1	21	19	0	0.07
72545514931	2007	1	21	20	0	0.06
72545514931	2007	1	21	21	0	0.03
72545514931	2007	1	21	22	0	0.03
72545514931	2007	1	21	23	0	0.01
72545514931	2007	1	24	18	0	0.002
72545514931	2007	2	11	17	0	0.01
72545514931	2007	2	18	16	0	0.04
72545514931	2007	2	18	17	0	0.01
72545514931	2007	2	24	14	0	0.06
72545514931	2007	2	24	15	0	0.12
72545514931	2007	2	24	16	0	0.07
72545514931	2007	2	24	17	0	0.02
72545514931	2007	2	24	18	0	0.129
72545514931	2007	2	24	19	0	0.141
72545514931	2007	2	24	20	0	0.102
72545514931	2007	2	24	21	0	0.089
72545514931	2007	2	24	22	0	0.022
72545514931	2007	2	24	23	0	0.005
72545514931	2007	2	25	0	0	0.026
72545514931	2007	2	25	1	0	0.023
72545514931	2007	2	25	2	0	0.017
72545514931	2007	2	25	3	0	0.007
72545514931	2007	2	25	4	0	0.01
72545514931	2007	2	25	5	0	0.012
72545514931	2007	2	25	6	0	0.005
72545514931	2007	2	25	7	0	0.004
72545514931	2007	2	25	8	0	0.003
72545514931	2007	2	25	9	0	0.002
72545514931	2007	2	25	10	0	0.002
72545514931	2007	2	25	11	0	0.003
72545514931	2007	2	25	12	0	0.003
72545514931	2007	2	25	13	0	0.005
72545514931	2007	2	25	14	0	0.005
72545514931	2007	2	25	15	0	0.003
72545514931	2007	2	25	16	0	0.02
72545514931	2007	2	25	17	0	0.009
72545514931	2007	2	25	18	0	0.014
72545514931	2007	2	25	19	0	0.008
72545514931	2007	2	25	20	0	0.003
72545514931	2007	2	25	22	0	0.01
72545514931	2007	2	26	20	0	0.001
72545514931	2007	2	28	16	0	0.02
72545514931	2007	2	28	17	0	0.02
72545514931	2007	3	1	5	0	0.02
72545514931	2007	3	1	6	0	0.09
72545514931	2007	3	1	7	0	0.2
72545514931	2007	3	1	8	0	0.19
72545514931	2007	3	1	9	0	0.12
72545514931	2007	3	1	10	0	0.01
72545514931	2007	3	1	11	0	0.02
72545514931	2007	3	1	12	0	0.01
72545514931	2007	3	1	13	0	0.02
72545514931	2007	3	9	17	0	0.01
72545514931	2007	3	9	18	0	0.02
72545514931	2007	3	9	19	0	0.05
72545514931	2007	3	9	21	0	0.02
72545514931	2007	3	9	22	0	0.02
72545514931	2007	3	14	23	0	0.004
72545514931	2007	3	15	0	0	0.02
72545514931	2007	3	15	1	0	0.06
72545514931	2007	3	15	2	0	0.01
72545514931	2007	3	15	3	0	0.05
72545514931	2007	3	19	5	0	0.02
72545514931	2007	3	19	9	0	0.15
72545514931	2007	3	21	1	0	0.02
72545514931	2007	3	21	2	0	0.09
72545514931	2007	3	21	3	0	0.06
72545514931	2007	3	21	4	0	0.09
72545514931	2007	3	21	5	0	0.04
72545514931	2007	3	21	8	0	0.002
72545514931	2007	3	21	9	0	0.26
72545514931	2007	3	21	12	0	0.01
72545514931	2007	3	22	7	0	0.09
72545514931	2007	3	22	10	0	0.01
72545514931	2007	3	23	6	0	0.01
72545514931	2007	3	23	11	0	0.01
72545514931	2007	3	23	12	0	0.09
72545514931	2007	3	23	13	0	0.2
72545514931	2007	3	23	14	0	0.04
72545514931	2007	3	24	14	0	0.33
72545514931	2007	3	28	15	0	0.03
72545514931	2007	3	28	16	0	0.01
72545514931	2007	3	28	18	0	0.01
72545514931	2007	3	30	8	0	0.05
72545514931	2007	3	30	9	0	0.01
72545514931	2007	3	30	10	0	0.1
72545514931	2007	3	30	11	0	0.32
72545514931	2007	3	30	12	0	0.27
72545514931	2007	3	30	13	0	0.09
72545514931	2007	3	30	14	0	0.01
72545514931	2007	3	30	15	0	0.01
72545514931	2007	3	31	8	0	0.03
72545514931	2007	3	31	21	0	0.16
72545514931	2007	3	31	22	0	0.21
72545514931	2007	4	1	0	0	0.01
72545514931	2007	4	1	8	0	0.01
72545514931	2007	4	3	11	0	0.002
72545514931	2007	4	3	12	0	0.09
72545514931	2007	4	3	13	0	0.03
72545514931	2007	4	3	14	0	0.04
72545514931	2007	4	3	15	0	0.01
72545514931	2007	4	3	18	0	0.03
72545514931	2007	4	11	1	0	0.04
72545514931	2007	4	11	2	0	0.06
72545514931	2007	4	11	3	0	0.13
72545514931	2007	4	11	4	0	0.07
72545514931	2007	4	11	5	0	0.04
72545514931	2007	4	11	6	0	0.02
72545514931	2007	4	11	7	0	0.03
72545514931	2007	4	11	8	0	0.05
72545514931	2007	4	11	9	0	0.03
72545514931	2007	4	11	10	0	0.02
72545514931	2007	4	11	11	0	0.04
72545514931	2007	4	11	12	0	0.05
72545514931	2007	4	11	13	0	0.02
72545514931	2007	4	11	15	0	0.08
72545514931	2007	4	11	16	0	0.02
72545514931	2007	4	11	17	0	0.06
72545514931	2007	4	11	18	0	0.01
72545514931	2007	4	11	21	0	0.01
72545514931	2007	4	11	22	0	0.01
72545514931	2007	4	12	0	0	0.01
72545514931	2007	4	12	2	0	0.01
72545514931	2007	4	12	4	0	0.01
72545514931	2007	4	14	11	0	0.001
72545514931	2007	4	14	12	0	0.01
72545514931	2007	4	14	13	0	0.01
72545514931	2007	4	24	22	0	0.01
72545514931	2007	4	24	23	0	0.01
72545514931	2007	4	25	0	0	0.25
72545514931	2007	4	25	1	0	0.01
72545514931	2007	4	25	3	0	0.18
72545514931	2007	4	25	4	0	0.33
72545514931	2007	4	25	5	0	0.14
72545514931	2007	4	25	6	0	0.18
72545514931	2007	4	25	7	0	0.08
72545514931	2007	4	25	8	0	0.02
72545514931	2007	4	25	13	0	0.03
72545514931	2007	4	25	14	0	0.03
72545514931	2007	4	25	15	0	0.05
72545514931	2007	4	25	19	0	0.07
72545514931	2007	4	25	20	0	0.18
72545514931	2007	4	25	21	0	0.02
72545514931	2007	4	25	22	0	0.01
72545514931	2007	4	26	8	0	0.03
72545514931	2007	4	26	9	0	0.09
72545514931	2007	4	26	10	0	0.04
72545514931	2007	4	26	12	0	0.01
72545514931	2007	5	3	6	0	0.003
72545514931	2007	5	3	12	0	0.001
72545514931	2007	5	3	13	0	0.003
72545514931	2007	5	3	14	0	0.005
72545514931	2007	5	3	18	0	0.01
72545514931	2007	5	4	12	0	0.05
72545514931	2007	5	4	13	0	0.04
72545514931	2007	5	4	14	0	0.03
72545514931	2007	5	4	15	0	0.07
72545514931	2007	5	4	16	0	0.11
72545514931	2007	5	4	17	0	0.02
72545514931	2007	5	4	18	0	0.01
72545514931	2007	5	6	22	0	0.18
72545514931	2007	5	6	23	0	0.2
72545514931	2007	5	7	0	0	0.06
72545514931	2007	5	15	12	0	0.02
72545514931	2007	5	15	13	0	0.06
72545514931	2007	5	15	16	0	0.01
72545514931	2007	5	15	17	0	0.03
72545514931	2007	5	15	18	0	0.01
72545514931	2007	5	15	19	0	0.01
72545514931	2007	5	24	21	0	0.03
72545514931	2007	5	26	12	0	0.05
72545514931	2007	5	26	13	0	0.14
72545514931	2007	5	26	17	0	0.04
72545514931	2007	5	26	18	0	0.1
72545514931	2007	5	26	19	0	0.07
72545514931	2007	5	26	20	0	0.02
72545514931	2007	5	27	5	0	0.01
72545514931	2007	5	27	6	0	0.01
72545514931	2007	5	27	7	0	0.02
72545514931	2007	5	28	10	0	0.01
72545514931	2007	5	28	13	0	0.01
72545514931	2007	5	30	10	0	0.029
72545514931	2007	5	30	11	0	0.033
72545514931	2007	5	31	6	0	0.01
72545514931	2007	5	31	8	0	0.28
72545514931	2007	5	31	9	0	0.06
72545514931	2007	5	31	11	0	0.01
72545514931	2007	5	31	18	0	0.02
72545514931	2007	6	1	16	0	0.02
72545514931	2007	6	1	17	0	0.06
72545514931	2007	6	2	8	0	0.11
72545514931	2007	6	2	9	0	0.05
72545514931	2007	6	3	2	0	1.1
72545514931	2007	6	3	4	0	0.01
72545514931	2007	6	3	11	0	0.01
72545514931	2007	6	3	21	0	0.04
72545514931	2007	6	10	15	0	0.01
72545514931	2007	6	18	16	0	0.12
72545514931	2007	6	18	18	0	0.01
72545514931	2007	6	19	1	0	0.02
72545514931	2007	6	19	2	0	0.01
72545514931	2007	6	19	3	0	0.29
72545514931	2007	6	22	1	0	0.06
72545514931	2007	6	22	2	0	0.06
72545514931	2007	6	22	3	0	0.02
72545514931	2007	6	22	5	0	0.05
72545514931	2007	6	22	6	0	0.01
72545514931	2007	6	22	7	0	0.66
72545514931	2007	6	22	8	0	0.49
72545514931	2007	6	22	9	0	0.19
72545514931	2007	6	22	11	0	0.44
72545514931	2007	6	22	12	0	0.4
72545514931	2007	6	22	13	0	0.01
72545514931	2007	6	22	15	0	0.01
72545514931	2007	6	23	0	0	0.35
72545514931	2007	6	23	1	0	0.07
72545514931	2007	6	23	2	0	0.8
72545514931	2007	6	23	3	0	0.55
72545514931	2007	6	23	4	0	0.2
72545514931	2007	6	23	5	0	0.01
72545514931	2007	6	23	10	0	0.01
72545514931	2007	7	4	9	0	0.02
72545514931	2007	7	4	10	0	0.03
72545514931	2007	7	4	12	0	0.09
72545514931	2007	7	9	19	0	0.05
72545514931	2007	7	9	20	0	0.06
72545514931	2007	7	10	2	0	0.02
72545514931	2007	7	10	3	0	0.13
72545514931	2007	7	10	19	0	0.24
72545514931	2007	7	10	20	0	0.01
72545514931	2007	7	16	12	0	0.02
72545514931	2007	7	16	13	0	0.01
72545514931	2007	7	16	16	0	0.01
72545514931	2007	7	16	17	0	0.03
72545514931	2007	7	17	1	0	0.04
72545514931	2007	7	17	2	0	0.01
72545514931	2007	7	17	5	0	0.45
72545514931	2007	7	17	12	0	0.45
72545514931	2007	7	17	13	0	0.43
72545514931	2007	7	17	14	0	0.12
72545514931	2007	7	19	2	0	0.13
72545514931	2007	7	19	4	0	0.01
72545514931	2007	7	19	9	0	0.74
72545514931	2007	7	19	10	0	0.07
72545514931	2007	7	19	11	0	0.1
72545514931	2007	7	19	12	0	0.06
72545514931	2007	7	19	13	0	0.01
72545514931	2007	7	27	7	0	0.31
72545514931	2007	7	27	8	0	0.18
72545514931	2007	7	27	9	0	0.06
72545514931	2007	7	27	10	0	0.09
72545514931	2007	7	27	11	0	0.02
72545514931	2007	7	27	12	0	0.01
72545514931	2007	7	27	22	0	0.01
72545514931	2007	8	4	17	0	0.08
72545514931	2007	8	4	18	0	0.08
72545514931	2007	8	4	19	0	0.01
72545514931	2007	8	8	3	0	0.14
72545514931	2007	8	8	4	0	0.33
72545514931	2007	8	8	7	0	0.03
72545514931	2007	8	8	8	0	0.14
72545514931	2007	8	8	9	0	0.03
72545514931	2007	8	8	22	0	0.01
72545514931	2007	8	9	0	0	0.49
72545514931	2007	8	9	2	0	0.01
72545514931	2007	8	9	3	0	0.01
72545514931	2007	8	9	4	0	0.5
72545514931	2007	8	9	5	0	0.44
72545514931	2007	8	9	6	0	0.01
72545514931	2007	8	16	16	0	0.03
72545514931	2007	8	16	17	0	0.03
72545514931	2007	8	16	18	0	0.06
72545514931	2007	8	16	19	0	0.01
72545514931	2007	8	17	5	0	0.01
72545514931	2007	8	18	6	0	0.07
72545514931	2007	8	18	7	0	0.03
72545514931	2007	8	20	12	0	0.02
72545514931	2007	8	21	6	0	0.02
72545514931	2007	8	21	7	0	0.05
72545514931	2007	8	21	8	0	0.12
72545514931	2007	8	21	9	0	0.01
72545514931	2007	8	22	23	0	0.01
72545514931	2007	8	23	0	0	0.03
72545514931	2007	8	23	1	0	0.54
72545514931	2007	8	23	2	0	0.26
72545514931	2007	8	24	1	0	0.25
72545514931	2007	8	24	2	0	0.91
72545514931	2007	8	24	3	0	0.3
72545514931	2007	8	24	4	0	0.76
72545514931	2007	8	24	5	0	0.51
72545514931	2007	8	24	6	0	0.24
72545514931	2007	8	24	7	0	0.08
72545514931	2007	8	24	9	0	0.67
72545514931	2007	8	24	10	0	0.07
72545514931	2007	8	24	11	0	0.09
72545514931	2007	8	24	12	0	0.11
72545514931	2007	8	24	13	0	0.03
72545514931	2007	8	24	23	0	0.05
72545514931	2007	8	25	4	0	0.02
72545514931	2007	8	25	5	0	0.14
72545514931	2007	8	25	6	0	0.4
72545514931	2007	8	25	10	0	0.01
72545514931	2007	9	5	20	0	0.03
72545514931	2007	9	6	12	0	0.02
72545514931	2007	9	7	9	0	0.48
72545514931	2007	9	7	10	0	0.03
72545514931	2007	9	10	21	0	0.05
72545514931	2007	9	10	23	0	0.01
72545514931	2007	9	11	0	0	0.02
72545514931	2007	9	16	7	0	0.01
72545514931	2007	9	19	5	0	0.02
72545514931	2007	9	19	6	0	0.02
72545514931	2007	9	25	16	0	0.02
72545514931	2007	9	25	17	0	0.12
72545514931	2007	9	25	18	0	0.07
72545514931	2007	9	25	20	0	0.01
72545514931	2007	9	26	2	0	0.04
72545514931	2007	9	30	23	0	0.1
72545514931	2007	10	1	1	0	0.15
72545514931	2007	10	1	2	0	0.03
72545514931	2007	10	2	5	0	0.01
72545514931	2007	10	2	21	0	0.12
72545514931	2007	10	2	22	0	0.18
72545514931	2007	10	2	23	0	0.17
72545514931	2007	10	8	14	0	0.01
72545514931	2007	10	13	10	0	0.03
72545514931	2007	10	14	6	0	0.01
72545514931	2007	10	15	14	0	0.02
72545514931	2007	10	16	0	0	0.02
72545514931	2007	10	16	1	0	0.01
72545514931	2007	10	17	15	0	0.01
72545514931	2007	10	17	16	0	0.02
72545514931	2007	10	17	17	0	0.08
72545514931	2007	10	17	18	0	0.23
72545514931	2007	10	17	19	0	0.01
72545514931	2007	10	17	23	0	0.01
72545514931	2007	10	18	1	0	0.24
72545514931	2007	10	18	2	0	0.42
72545514931	2007	10	18	3	0	0.08
72545514931	2007	10	18	4	0	0.16
72545514931	2007	10	18	5	0	0.1
72545514931	2007	10	18	6	0	0.07
72545514931	2007	10	18	7	0	0.01
72545514931	2007	10	18	22	0	0.01
72545514931	2007	10	18	23	0	0.02
72545514931	2007	10	19	7	0	0.01
72545514931	2007	10	22	18	0	0.01
72545514931	2007	10	22	22	0	0.01
72545514931	2007	11	12	17	0	0.05
72545514931	2007	11	18	20	0	0.02
72545514931	2007	11	18	22	0	0.01
72545514931	2007	11	21	3	0	0.14
72545514931	2007	11	21	4	0	0.07
72545514931	2007	11	21	5	0	0.05
72545514931	2007	11	21	6	0	0.31
72545514931	2007	11	21	7	0	0.09
72545514931	2007	11	21	9	0	0.13
72545514931	2007	11	21	10	0	0.01
72545514931	2007	11	21	11	0	0.09
72545514931	2007	11	21	12	0	0.05
72545514931	2007	11	21	13	0	0.09
72545514931	2007	11	21	14	0	0.03
72545514931	2007	11	21	15	0	0.04
72545514931	2007	11	21	16	0	0.01
72545514931	2007	11	21	17	0	0.02
72545514931	2007	11	21	18	0	0.06
72545514931	2007	11	21	19	0	0.02
72545514931	2007	11	21	20	0	0.03
72545514931	2007	11	21	21	0	0.01
72545514931	2007	11	21	22	0	0.02
72545514931	2007	11	21	23	0	0.02
72545514931	2007	11	22	0	0	0.01
72545514931	2007	11	22	1	0	0.01
72545514931	2007	11	25	17	0	0.01
72545514931	2007	11	25	18	0	0.03
72545514931	2007	12	1	18	0	0.08
72545514931	2007	12	1	19	0	0.03
72545514931	2007	12	2	1	0	0.05
72545514931	2007	12	2	2	0	0.07
72545514931	2007	12	2	3	0	0.07
72545514931	2007	12	2	4	0	0.01
72545514931	2007	12	2	16	0	0.01
72545514931	2007	12	5	7	0	0.01
72545514931	2007	12	7	16	0	0.03
72545514931	2007	12	7	17	0	0.04
72545514931	2007	12	7	18	0	0.03
72545514931	2007	12	7	19	0	0.04
72545514931	2007	12	7	20	0	0.03
72545514931	2007	12	7	21	0	0.02
72545514931	2007	12	7	23	0	0.01
72545514931	2007	12	10	17	0	0.03
72545514931	2007	12	10	18	0	0.01
72545514931	2007	12	11	5	0	0.02
72545514931	2007	12	11	6	0	0.02
72545514931	2007	12	11	7	0	0.18
72545514931	2007	12	11	8	0	0.23
72545514931	2007	12	11	9	0	0.15
72545514931	2007	12	11	10	0	0.03
72545514931	2007	12	11	11	0	0.01
72545514931	2007	12	11	12	0	0.03
72545514931	2007	12	11	13	0	0.01
72545514931	2007	12	11	14	0	0.03
72545514931	2007	12	11	15	0	0.03
72545514931	2007	12	11	16	0	0.02
72545514931	2007	12	11	17	0	0.06
72545514931	2007	12	11	18	0	0.01
72545514931	2007	12	11	19	0	0.06
72545514931	2007	12	11	20	0	0.12
72545514931	2007	12	11	21	0	0.07
72545514931	2007	12	11	22	0	0.01
72545514931	2007	12	12	2	0	0.02
72545514931	2007	12	12	18	0	0.01
72545514931	2007	12	13	17	0	0.02
72545514931	2007	12	17	18	0	0.03
72545514931	2007	12	17	19	0	0.02
72545514931	2007	12	21	3	0	0.01
72545514931	2007	12	22	18	0	0.01
72545514931	2007	12	22	20	0	0.01
72545514931	2007	12	22	21	0	0.02
72545514931	2007	12	22	22	0	0.01
72545514931	2007	12	23	0	0	0.02
72545514931	2007	12	23	1	0	0.04
72545514931	2007	12	23	2	0	0.02
72545514931	2007	12	25	16	0	0.06
72545514931	2007	12	25	17	0	0.1
72545514931	2007	12	25	18	0	0.02
72545514931	2007	12	27	2	0	0.01
72545514931	2007	12	27	3	0	0.01
72545514931	2007	12	27	4	0	0.01
72545514931	2007	12	27	5	0	0.01
72545514931	2007	12	28	16	0	0.02
72545514931	2007	12	28	17	0	0.07
72545514931	2007	12	28	18	0	0.11
72545514931	2007	12	28	19	0	0.08
72545514931	2007	12	28	20	0	0.04
72545514931	2007	12	28	21	0	0.01
72545514931	2008	1	4	16	0	0.04
72545514931	2008	1	4	17	0	0.05
72545514931	2008	1	4	18	0	0.04
72545514931	2008	1	4	19	0	0.01
72545514931	2008	1	8	5	0	0.031
72545514931	2008	1	8	6	0	0.03
72545514931	2008	1	8	10	0	0.02
72545514931	2008	1	8	12	0	0.05
72545514931	2008	1	8	13	0	0.02
72545514931	2008	1	8	21	0	0.03
72545514931	2008	1	8	23	0	0.01
72545514931	2008	1	10	19	0	0.03
72545514931	2008	1	10	20	0	0.08
72545514931	2008	1	10	21	0	0.08
72545514931	2008	1	10	22	0	0.02
72545514931	2008	1	10	23	0	0.02
72545514931	2008	1	11	0	0	0.01
72545514931	2008	1	23	18	0	0.02
72545514931	2008	1	23	19	0	0.02
72545514931	2008	1	23	21	0	0.01
72545514931	2008	2	1	17	0	0.01
72545514931	2008	2	1	18	0	0.05
72545514931	2008	2	1	19	0	0.02
72545514931	2008	2	4	9	0	0.01
72545514931	2008	2	4	10	0	0.01
72545514931	2008	2	4	11	0	0.01
72545514931	2008	2	4	12	0	0.09
72545514931	2008	2	4	13	0	0.12
72545514931	2008	2	4	14	0	0.18
72545514931	2008	2	5	16	0	0.01
72545514931	2008	2	5	17	0	0.07
72545514931	2008	2	5	18	0	0.1
72545514931	2008	2	5	19	0	0.22
72545514931	2008	2	5	20	0	0.04
72545514931	2008	2	5	21	0	0.01
72545514931	2008	2	5	22	0	0.02
72545514931	2008	2	5	23	0	0.06
72545514931	2008	2	6	0	0	0.03
72545514931	2008	2	6	2	0	0.03
72545514931	2008	2	6	3	0	0.02
72545514931	2008	2	6	8	0	0.01
72545514931	2008	2	6	10	0	0.01
72545514931	2008	2	6	16	0	0.01
72545514931	2008	2	6	17	0	0.01
72545514931	2008	2	6	18	0	0.01
72545514931	2008	2	6	19	0	0.01
72545514931	2008	2	7	16	0	0.01
72545514931	2008	2	7	17	0	0.04
72545514931	2008	2	7	18	0	0.06
72545514931	2008	2	7	19	0	0.01
72545514931	2008	2	8	15	0	0.03
72545514931	2008	2	17	1	0	0.09
72545514931	2008	2	17	2	0	0.03
72545514931	2008	2	17	3	0	0.09
72545514931	2008	2	17	4	0	0.03
72545514931	2008	2	17	5	0	0.05
72545514931	2008	2	17	6	0	0.1
72545514931	2008	2	17	7	0	0.1
72545514931	2008	2	17	8	0	0.09
72545514931	2008	2	17	9	0	0.21
72545514931	2008	2	17	10	0	0.18
72545514931	2008	2	17	11	0	0.06
72545514931	2008	2	17	12	0	0.02
72545514931	2008	2	17	13	0	0.04
72545514931	2008	2	17	14	0	0.06
72545514931	2008	2	17	15	0	0.08
72545514931	2008	2	17	16	0	0.11
72545514931	2008	2	17	17	0	0.04
72545514931	2008	2	17	18	0	0.04
72545514931	2008	2	17	19	0	0.02
72545514931	2008	2	17	20	0	0.01
72545514931	2008	2	22	17	0	0.02
72545514931	2008	2	22	18	0	0.03
72545514931	2008	2	25	23	0	0.01
72545514931	2008	2	26	0	0	0.02
72545514931	2008	2	26	1	0	0.01
72545514931	2008	2	26	2	0	0.02
72545514931	2008	2	26	3	0	0.01
72545514931	2008	2	26	4	0	0.02
72545514931	2008	2	26	5	0	0.01
72545514931	2008	2	26	6	0	0.02
72545514931	2008	2	26	7	0	0.02
72545514931	2008	2	26	8	0	0.02
72545514931	2008	2	26	9	0	0.01
72545514931	2008	2	29	5	0	0.008
72545514931	2008	2	29	6	0	0.04
72545514931	2008	2	29	7	0	0.04
72545514931	2008	2	29	14	0	0.01
72545514931	2008	3	3	6	0	0.05
72545514931	2008	3	3	7	0	0.16
72545514931	2008	3	3	8	0	0.24
72545514931	2008	3	3	9	0	0.12
72545514931	2008	3	3	10	0	0.09
72545514931	2008	3	15	13	0	0.01
72545514931	2008	3	15	14	0	0.01
72545514931	2008	3	15	15	0	0.04
72545514931	2008	3	15	16	0	0.02
72545514931	2008	3	17	17	0	0.025
72545514931	2008	3	17	18	0	0.25
72545514931	2008	3	17	19	0	0.04
72545514931	2008	3	17	21	0	0.04
72545514931	2008	3	17	22	0	0.03
72545514931	2008	3	17	23	0	0.02
72545514931	2008	3	18	3	0	0.01
72545514931	2008	3	18	5	0	0.03
72545514931	2008	3	18	20	0	0.01
72545514931	2008	3	18	21	0	0.01
72545514931	2008	3	23	19	0	0.03
72545514931	2008	3	27	15	0	0.02
72545514931	2008	3	27	19	0	0.01
72545514931	2008	3	27	20	0	0.01
72545514931	2008	3	27	21	0	0.02
72545514931	2008	3	27	23	0	0.01
72545514931	2008	3	31	4	0	0.01
72545514931	2008	3	31	6	0	0.01
72545514931	2008	3	31	8	0	0.01
72545514931	2008	3	31	13	0	0.32
72545514931	2008	4	3	18	0	0.02
72545514931	2008	4	3	20	0	0.03
72545514931	2008	4	3	21	0	0.13
72545514931	2008	4	3	22	0	0.01
72545514931	2008	4	3	23	0	0.01
72545514931	2008	4	8	1	0	0.02
72545514931	2008	4	8	2	0	0.03
72545514931	2008	4	8	3	0	0.05
72545514931	2008	4	8	6	0	0.03
72545514931	2008	4	8	7	0	0.03
72545514931	2008	4	8	8	0	0.01
72545514931	2008	4	8	12	0	0.05
72545514931	2008	4	8	13	0	0.23
72545514931	2008	4	8	14	0	0.21
72545514931	2008	4	8	15	0	0.11
72545514931	2008	4	8	16	0	0.1
72545514931	2008	4	8	17	0	0.09
72545514931	2008	4	8	18	0	0.1
72545514931	2008	4	8	19	0	0.06
72545514931	2008	4	8	20	0	0.05
72545514931	2008	4	8	21	0	0.15
72545514931	2008	4	8	22	0	0.03
72545514931	2008	4	8	23	0	0.01
72545514931	2008	4	10	6	0	0.03
72545514931	2008	4	10	7	0	0.02
72545514931	2008	4	10	8	0	0.03
72545514931	2008	4	10	9	0	0.03
72545514931	2008	4	10	10	0	0.04
72545514931	2008	4	10	11	0	0.01
72545514931	2008	4	10	12	0	0.05
72545514931	2008	4	10	13	0	0.06
72545514931	2008	4	10	14	0	0.16
72545514931	2008	4	10	15	0	0.14
72545514931	2008	4	10	16	0	0.21
72545514931	2008	4	10	17	0	0.06
72545514931	2008	4	10	20	0	0.01
72545514931	2008	4	10	23	0	0.17
72545514931	2008	4	11	17	0	0.01
72545514931	2008	4	11	20	0	0.01
72545514931	2008	4	11	21	0	0.01
72545514931	2008	4	12	5	0	0.01
72545514931	2008	4	12	7	0	0.01
72545514931	2008	4	12	8	0	0.01
72545514931	2008	4	12	10	0	0.01
72545514931	2008	4	12	18	0	0.01
72545514931	2008	4	12	20	0	0.01
72545514931	2008	4	12	23	0	0.01
72545514931	2008	4	13	2	0	0.01
72545514931	2008	4	18	17	0	0.01
72545514931	2008	4	18	18	0	0.04
72545514931	2008	4	18	19	0	0.11
72545514931	2008	4	18	20	0	0.03
72545514931	2008	4	18	22	0	0.03
72545514931	2008	4	18	23	0	0.04
72545514931	2008	4	19	0	0	0.02
72545514931	2008	4	19	1	0	0.01
72545514931	2008	4	19	2	0	0.02
72545514931	2008	4	19	3	0	0.02
72545514931	2008	4	19	11	0	0.01
72545514931	2008	4	22	12	0	0.28
72545514931	2008	4	22	13	0	0.21
72545514931	2008	4	24	13	0	0.06
72545514931	2008	4	24	14	0	0.05
72545514931	2008	4	24	15	0	0.1
72545514931	2008	4	24	16	0	0.23
72545514931	2008	4	24	17	0	0.07
72545514931	2008	4	24	18	0	0.03
72545514931	2008	4	24	20	0	0.01
72545514931	2008	4	25	13	0	0.02
72545514931	2008	4	25	14	0	0.04
72545514931	2008	4	25	20	0	0.004
72545514931	2008	4	25	21	0	0.15
72545514931	2008	4	25	22	0	0.12
72545514931	2008	4	27	10	0	0.01
72545514931	2008	5	2	11	0	0.5
72545514931	2008	5	2	12	0	0.02
72545514931	2008	5	2	13	0	0.08
72545514931	2008	5	2	14	0	0.05
72545514931	2008	5	3	10	0	0.01
72545514931	2008	5	3	12	0	0.02
72545514931	2008	5	7	9	0	0.12
72545514931	2008	5	7	10	0	0.15
72545514931	2008	5	7	11	0	0.01
72545514931	2008	5	11	1	0	0.05
72545514931	2008	5	11	3	0	0.04
72545514931	2008	5	11	4	0	0.35
72545514931	2008	5	11	6	0	0.04
72545514931	2008	5	11	7	0	0.05
72545514931	2008	5	11	8	0	0.07
72545514931	2008	5	11	9	0	0.1
72545514931	2008	5	11	10	0	0.26
72545514931	2008	5	11	11	0	0.19
72545514931	2008	5	11	12	0	0.13
72545514931	2008	5	11	13	0	0.03
72545514931	2008	5	19	14	0	0.002
72545514931	2008	5	19	15	0	0.09
72545514931	2008	5	20	3	0	0.17
72545514931	2008	5	20	4	0	0.01
72545514931	2008	5	22	16	0	0.05
72545514931	2008	5	22	20	0	0.01
72545514931	2008	5	23	8	0	0.001
72545514931	2008	5	23	9	0	0.07
72545514931	2008	5	23	10	0	0.04
72545514931	2008	5	23	11	0	0.04
72545514931	2008	5	23	12	0	0.06
72545514931	2008	5	23	14	0	0.31
72545514931	2008	5	23	15	0	0.12
72545514931	2008	5	24	16	0	0.02
72545514931	2008	5	26	5	0	0.01
72545514931	2008	5	26	6	0	0.01
72545514931	2008	5	26	7	0	0.12
72545514931	2008	5	26	9	0	0.02
72545514931	2008	5	26	23	0	0.01
72545514931	2008	5	27	14	0	0.013
72545514931	2008	5	30	13	0	0.08
72545514931	2008	5	30	14	0	0.15
72545514931	2008	6	3	1	0	0.01
72545514931	2008	6	3	2	0	0.09
72545514931	2008	6	3	9	0	0.01
72545514931	2008	6	3	10	0	0.01
72545514931	2008	6	3	13	0	0.22
72545514931	2008	6	3	14	0	0.72
72545514931	2008	6	3	15	0	0.03
72545514931	2008	6	4	2	0	0.01
72545514931	2008	6	4	4	0	0.23
72545514931	2008	6	4	5	0	0.24
72545514931	2008	6	6	9	0	0.08
72545514931	2008	6	6	10	0	0.02
72545514931	2008	6	7	18	0	0.04
72545514931	2008	6	9	1	0	0.16
72545514931	2008	6	9	2	0	0.12
72545514931	2008	6	9	3	0	0.03
72545514931	2008	6	9	4	0	0.09
72545514931	2008	6	9	5	0	0.02
72545514931	2008	6	9	6	0	0.08
72545514931	2008	6	9	7	0	0.02
72545514931	2008	6	9	8	0	0.04
72545514931	2008	6	9	9	0	0.03
72545514931	2008	6	9	10	0	0.12
72545514931	2008	6	9	11	0	0.09
72545514931	2008	6	9	12	0	0.01
72545514931	2008	6	9	13	0	0.07
72545514931	2008	6	9	14	0	0.01
72545514931	2008	6	9	15	0	0.01
72545514931	2008	6	9	18	0	0.01
72545514931	2008	6	10	2	0	0.03
72545514931	2008	6	10	3	0	0.02
72545514931	2008	6	10	7	0	0.01
72545514931	2008	6	10	8	0	0.01
72545514931	2008	6	13	4	0	0.47
72545514931	2008	6	13	5	0	0.51
72545514931	2008	6	13	6	0	0.23
72545514931	2008	6	13	7	0	0.07
72545514931	2008	6	25	4	0	0.03
72545514931	2008	6	25	5	0	0.11
72545514931	2008	6	25	6	0	0.27
72545514931	2008	6	25	7	0	0.17
72545514931	2008	6	25	8	0	0.29
72545514931	2008	6	25	9	0	0.24
72545514931	2008	6	25	10	0	0.15
72545514931	2008	6	25	11	0	0.03
72545514931	2008	6	26	2	0	0.05
72545514931	2008	6	26	4	0	0.37
72545514931	2008	6	26	5	0	0.24
72545514931	2008	6	26	6	0	0.15
72545514931	2008	6	26	7	0	0.08
72545514931	2008	6	27	6	0	0.01
72545514931	2008	6	27	15	0	0.03
72545514931	2008	6	29	14	0	0.01
72545514931	2008	6	29	17	0	0.01
72545514931	2008	6	30	1	0	0.01
72545514931	2008	7	2	22	0	0.03
72545514931	2008	7	3	1	0	0.01
72545514931	2008	7	3	2	0	0.062
72545514931	2008	7	3	3	0	0.03
72545514931	2008	7	7	6	0	0.02
72545514931	2008	7	7	8	0	0.01
72545514931	2008	7	8	6	0	0.29
72545514931	2008	7	8	7	0	0.36
72545514931	2008	7	8	8	0	0.15
72545514931	2008	7	8	9	0	0.23
72545514931	2008	7	8	10	0	0.07
72545514931	2008	7	8	17	0	0.01
72545514931	2008	7	9	0	0	0.27
72545514931	2008	7	9	1	0	0.22
72545514931	2008	7	12	9	0	0.04
72545514931	2008	7	12	18	0	0.07
72545514931	2008	7	12	19	0	0.01
72545514931	2008	7	12	20	0	0.01
72545514931	2008	7	18	22	0	0.01
72545514931	2008	7	18	23	0	0.03
72545514931	2008	7	19	0	0	0.01
72545514931	2008	7	19	5	0	0.02
72545514931	2008	7	19	6	0	0.07
72545514931	2008	7	19	7	0	0.04
72545514931	2008	7	19	8	0	0.11
72545514931	2008	7	19	9	0	0.08
72545514931	2008	7	20	5	0	0.33
72545514931	2008	7	21	9	0	0.18
72545514931	2008	7	21	11	0	0.02
72545514931	2008	7	22	0	0	0.54
72545514931	2008	7	22	1	0	0.03
72545514931	2008	7	24	7	0	0.01
72545514931	2008	7	24	8	0	0.01
72545514931	2008	7	24	10	0	0.03
72545514931	2008	7	24	11	0	0.01
72545514931	2008	7	24	14	0	0.01
72545514931	2008	7	24	15	0	0.02
72545514931	2008	7	24	16	0	0.01
72545514931	2008	7	28	0	0	0.54
72545514931	2008	7	28	1	0	0.1
72545514931	2008	7	28	2	0	0.03
72545514931	2008	7	28	4	0	0.01
72545514931	2008	7	29	21	0	0.82
72545514931	2008	7	29	22	0	0.23
72545514931	2008	7	29	23	0	0.06
72545514931	2008	8	3	9	0	0.18
72545514931	2008	8	3	10	0	0.02
72545514931	2008	8	5	4	0	0.02
72545514931	2008	8	5	9	0	0.1
72545514931	2008	8	5	14	0	0.24
72545514931	2008	8	12	22	0	0.01
72545514931	2008	8	14	20	0	0.005
72545514931	2008	8	21	9	0	0.03
72545514931	2008	8	21	10	0	0.04
72545514931	2008	8	21	11	0	0.05
72545514931	2008	8	21	12	0	0.06
72545514931	2008	8	21	13	0	0.05
72545514931	2008	8	21	14	0	0.04
72545514931	2008	8	21	15	0	0.08
72545514931	2008	8	21	16	0	0.05
72545514931	2008	8	28	11	0	0.08
72545514931	2008	8	28	12	0	0.2
72545514931	2008	8	28	13	0	1.02
72545514931	2008	8	28	14	0	0.41
72545514931	2008	8	29	0	0	0.02
72545514931	2008	9	3	8	0	0.02
72545514931	2008	9	3	18	0	0.01
72545514931	2008	9	3	19	0	0.05
72545514931	2008	9	3	20	0	0.01
72545514931	2008	9	3	21	0	0.01
72545514931	2008	9	4	5	0	0.023
72545514931	2008	9	4	6	0	0.05
72545514931	2008	9	4	7	0	0.03
72545514931	2008	9	4	8	0	0.05
72545514931	2008	9	4	9	0	0.06
72545514931	2008	9	4	10	0	0.16
72545514931	2008	9	4	11	0	0.06
72545514931	2008	9	4	12	0	0.07
72545514931	2008	9	4	13	0	0.13
72545514931	2008	9	4	14	0	0.23
72545514931	2008	9	4	15	0	0.15
72545514931	2008	9	4	16	0	0.17
72545514931	2008	9	4	17	0	0.14
72545514931	2008	9	4	18	0	0.15
72545514931	2008	9	4	19	0	0.17
72545514931	2008	9	4	20	0	0.03
72545514931	2008	9	4	21	0	0.02
72545514931	2008	9	7	1	0	0.01
72545514931	2008	9	7	2	0	0.08
72545514931	2008	9	7	3	0	0.02
72545514931	2008	9	8	7	0	0.03
72545514931	2008	9	8	8	0	0.01
72545514931	2008	9	8	14	0	0.012
72545514931	2008	9	8	15	0	0.27
72545514931	2008	9	8	16	0	0.06
72545514931	2008	9	8	17	0	0.02
72545514931	2008	9	8	18	0	0.01
72545514931	2008	9	8	20	0	0.1
72545514931	2008	9	8	21	0	0.12
72545514931	2008	9	8	22	0	0.13
72545514931	2008	9	8	23	0	0.1
72545514931	2008	9	9	0	0	0.09
72545514931	2008	9	9	5	0	0.01
72545514931	2008	9	11	12	0	0.01
72545514931	2008	9	11	13	0	0.02
72545514931	2008	9	12	3	0	0.02
72545514931	2008	9	12	7	0	0.01
72545514931	2008	9	12	8	0	0.02
72545514931	2008	9	12	9	0	0.02
72545514931	2008	9	12	10	0	0.02
72545514931	2008	9	12	11	0	0.02
72545514931	2008	9	12	12	0	0.01
72545514931	2008	9	12	13	0	0.01
72545514931	2008	9	12	14	0	0.05
72545514931	2008	9	12	15	0	0.02
72545514931	2008	9	12	16	0	0.01
72545514931	2008	9	12	17	0	0.01
72545514931	2008	9	12	18	0	0.19
72545514931	2008	9	12	19	0	0.14
72545514931	2008	9	12	20	0	0.05
72545514931	2008	9	12	21	0	0.31
72545514931	2008	9	12	22	0	0.13
72545514931	2008	9	12	23	0	0.03
72545514931	2008	9	13	0	0	0.06
72545514931	2008	9	13	1	0	0.04
72545514931	2008	9	13	2	0	0.22
72545514931	2008	9	13	3	0	0.05
72545514931	2008	9	13	4	0	0.01
72545514931	2008	9	13	5	0	0.03
72545514931	2008	9	13	6	0	0.13
72545514931	2008	9	13	7	0	0.23
72545514931	2008	9	13	8	0	0.08
72545514931	2008	9	13	9	0	0.19
72545514931	2008	9	13	10	0	0.19
72545514931	2008	9	13	11	0	0.37
72545514931	2008	9	13	12	0	0.74
72545514931	2008	9	13	13	0	0.14
72545514931	2008	9	13	14	0	0.1
72545514931	2008	9	13	15	0	0.17
72545514931	2008	9	13	16	0	0.1
72545514931	2008	9	13	17	0	0.01
72545514931	2008	9	13	18	0	0.01
72545514931	2008	9	13	19	0	0.03
72545514931	2008	9	13	20	0	0.01
72545514931	2008	9	13	21	0	0.03
72545514931	2008	9	13	22	0	0.01
72545514931	2008	9	14	0	0	0.01
72545514931	2008	9	14	2	0	0.01
72545514931	2008	9	14	3	0	0.02
72545514931	2008	9	14	4	0	0.15
72545514931	2008	9	14	5	0	0.14
72545514931	2008	9	14	6	0	0.08
72545514931	2008	9	14	7	0	0.07
72545514931	2008	9	14	8	0	0.05
72545514931	2008	9	14	9	0	0.05
72545514931	2008	9	14	10	0	0.03
72545514931	2008	9	14	11	0	0.05
72545514931	2008	9	14	12	0	0.06
72545514931	2008	9	14	13	0	0.06
72545514931	2008	9	14	14	0	0.06
72545514931	2008	9	15	1	0	0.01
72545514931	2008	9	15	11	0	0.01
72545514931	2008	9	15	13	0	0.01
72545514931	2008	9	20	19	0	0.01
72545514931	2008	9	20	20	0	0.01
72545514931	2008	9	25	6	0	0.002
72545514931	2008	9	29	9	0	0.15
72545514931	2008	9	29	10	0	0.33
72545514931	2008	9	29	11	0	0.05
72545514931	2008	10	7	12	0	0.07
72545514931	2008	10	7	13	0	0.2
72545514931	2008	10	7	14	0	0.06
72545514931	2008	10	7	15	0	0.01
72545514931	2008	10	7	16	0	0.21
72545514931	2008	10	7	17	0	0.11
72545514931	2008	10	7	18	0	0.11
72545514931	2008	10	7	19	0	0.01
72545514931	2008	10	7	20	0	0.01
72545514931	2008	10	8	0	0	0.01
72545514931	2008	10	8	3	0	0.04
72545514931	2008	10	14	3	0	0.04
72545514931	2008	10	14	4	0	0.01
72545514931	2008	10	14	5	0	0.02
72545514931	2008	10	14	6	0	0.01
72545514931	2008	10	15	12	0	0.06
72545514931	2008	10	15	13	0	0.14
72545514931	2008	10	15	14	0	0.14
72545514931	2008	10	15	15	0	0.1
72545514931	2008	10	15	16	0	0.02
72545514931	2008	10	15	17	0	0.01
72545514931	2008	10	15	18	0	0.06
72545514931	2008	10	15	19	0	0.01
72545514931	2008	10	17	22	0	0.01
72545514931	2008	10	17	23	0	0.02
72545514931	2008	10	23	14	0	0.038
72545514931	2008	10	23	15	0	0.17
72545514931	2008	10	23	16	0	0.11
72545514931	2008	10	23	17	0	0.05
72545514931	2008	10	24	16	0	0.01
72545514931	2008	10	24	17	0	0.046
72545514931	2008	10	24	18	0	0.02
72545514931	2008	10	24	22	0	0.03
72545514931	2008	10	25	5	0	0.01
72545514931	2008	10	26	10	0	0.02
72545514931	2008	11	6	10	0	0.02
72545514931	2008	11	6	11	0	0.01
72545514931	2008	11	6	15	0	0.03
72545514931	2008	11	11	11	0	0.01
72545514931	2008	11	11	12	0	0.02
72545514931	2008	11	11	13	0	0.01
72545514931	2008	11	11	14	0	0.01
72545514931	2008	11	11	15	0	0.08
72545514931	2008	11	11	16	0	0.03
72545514931	2008	11	11	17	0	0.03
72545514931	2008	11	11	19	0	0.03
72545514931	2008	11	11	20	0	0.01
72545514931	2008	11	12	7	0	0.03
72545514931	2008	11	14	1	0	0.07
72545514931	2008	11	14	2	0	0.05
72545514931	2008	11	14	3	0	0.05
72545514931	2008	11	14	4	0	0.07
72545514931	2008	11	14	5	0	0.05
72545514931	2008	11	14	6	0	0.02
72545514931	2008	11	15	1	0	0.01
72545514931	2008	11	15	9	0	0.01
72545514931	2008	11	30	1	0	0.01
72545514931	2008	11	30	2	0	0.01
72545514931	2008	11	30	3	0	0.01
72545514931	2008	11	30	5	0	0.01
72545514931	2008	11	30	6	0	0.02
72545514931	2008	11	30	7	0	0.02
72545514931	2008	11	30	8	0	0.01
72545514931	2008	11	30	9	0	0.01
72545514931	2008	11	30	10	0	0.01
72545514931	2008	11	30	11	0	0.02
72545514931	2008	11	30	12	0	0.01
72545514931	2008	11	30	13	0	0.01
72545514931	2008	11	30	14	0	0.01
72545514931	2008	11	30	15	0	0.04
72545514931	2008	11	30	16	0	0.03
72545514931	2008	11	30	20	0	0.01
72545514931	2008	11	30	23	0	0.01
72545514931	2008	12	1	0	0	0.01
72545514931	2008	12	1	1	0	0.01
72545514931	2008	12	1	3	0	0.01
72545514931	2008	12	8	22	0	0.03
72545514931	2008	12	9	7	0	0.03
72545514931	2008	12	9	9	0	0.03
72545514931	2008	12	9	10	0	0.06
72545514931	2008	12	9	11	0	0.16
72545514931	2008	12	9	12	0	0.1
72545514931	2008	12	9	13	0	0.11
72545514931	2008	12	9	14	0	0.02
72545514931	2008	12	13	22	0	0.01
72545514931	2008	12	14	21	0	0.14
72545514931	2008	12	14	22	0	0.12
72545514931	2008	12	14	23	0	0.13
72545514931	2008	12	15	1	0	0.049
72545514931	2008	12	15	2	0	0.006
72545514931	2008	12	15	4	0	0.023
72545514931	2008	12	15	5	0	0.035
72545514931	2008	12	18	19	0	0.01
72545514931	2008	12	19	3	0	0.105
72545514931	2008	12	19	4	0	0.161
72545514931	2008	12	19	5	0	0.02
72545514931	2008	12	19	6	0	0.05
72545514931	2008	12	19	9	0	0.032
72545514931	2008	12	19	10	0	0.008
72545514931	2008	12	20	20	0	0.01
72545514931	2008	12	24	2	0	0.01
72545514931	2008	12	24	3	0	0.02
72545514931	2008	12	24	4	0	0.02
72545514931	2008	12	24	5	0	0.04
72545514931	2008	12	24	6	0	0.04
72545514931	2008	12	24	7	0	0.03
72545514931	2008	12	24	8	0	0.04
72545514931	2008	12	24	9	0	0.03
72545514931	2008	12	24	10	0	0.02
72545514931	2008	12	24	11	0	0.03
72545514931	2008	12	24	12	0	0.01
72545514931	2008	12	26	8	0	0.02
72545514931	2008	12	26	9	0	0.03
72545514931	2008	12	26	10	0	0.03
72545514931	2008	12	26	11	0	0.05
72545514931	2008	12	26	12	0	0.08
72545514931	2008	12	26	13	0	0.06
72545514931	2008	12	26	14	0	0.03
72545514931	2008	12	26	15	0	0.17
72545514931	2008	12	26	16	0	0.1
72545514931	2008	12	26	17	0	0.03
72545514931	2008	12	27	2	0	0.01
72545514931	2008	12	27	7	0	0.01
72545514931	2008	12	27	8	0	0.07
72545514931	2008	12	27	9	0	0.04
72545514931	2008	12	27	10	0	0.01
72545514931	2008	12	27	11	0	0.07
72545514931	2008	12	27	13	0	0.09
72545514931	2008	12	27	15	0	0.05
72545514931	2008	12	27	16	0	0.51
72545514931	2008	12	27	17	0	0.13
72545514931	2008	12	27	18	0	0.17
72545514931	2008	12	27	19	0	0.04
72545514931	2008	12	27	20	0	0.02
72545514931	2008	12	27	21	0	0.02
72545514931	2009	1	4	3	0	0.01
72545514931	2009	1	4	6	0	0.01
72545514931	2009	1	12	19	0	0.01
72545514931	2009	1	12	20	0	0.03
72545514931	2009	1	12	21	0	0.02
72545514931	2009	1	13	1	0	0.01
72545514931	2009	1	29	15	0	0.02
72545514931	2009	1	29	16	0	0.02
72545514931	2009	2	9	21	0	0.02
72545514931	2009	2	9	23	0	0.01
72545514931	2009	2	11	7	0	0.09
72545514931	2009	2	11	8	0	0.1
72545514931	2009	2	11	9	0	0.03
72545514931	2009	2	11	10	0	0.05
72545514931	2009	2	11	11	0	0.07
72545514931	2009	2	11	12	0	0.1
72545514931	2009	2	11	13	0	0.05
72545514931	2009	2	11	16	0	0.03
72545514931	2009	2	11	17	0	0.1
72545514931	2009	2	11	18	0	0.04
72545514931	2009	2	11	19	0	0.01
72545514931	2009	2	14	17	0	0.01
72545514931	2009	2	18	5	0	0.02
72545514931	2009	2	18	6	0	0.07
72545514931	2009	2	18	8	0	0.02
72545514931	2009	2	18	9	0	0.01
72545514931	2009	2	18	10	0	0.01
72545514931	2009	2	18	11	0	0.08
72545514931	2009	2	22	18	0	0.01
72545514931	2009	2	22	19	0	0.03
72545514931	2009	2	22	20	0	0.04
72545514931	2009	2	22	21	0	0.02
72545514931	2009	2	23	16	0	0.05
72545514931	2009	2	23	17	0	0.05
72545514931	2009	2	26	16	0	0.01
72545514931	2009	2	26	19	0	0.05
72545514931	2009	2	26	20	0	0.08
72545514931	2009	2	26	21	0	0.09
72545514931	2009	2	26	22	0	0.01
72545514931	2009	2	26	23	0	0.36
72545514931	2009	2	27	0	0	0.02
72545514931	2009	3	7	6	0	0.01
72545514931	2009	3	7	7	0	0.1
72545514931	2009	3	7	8	0	0.04
72545514931	2009	3	7	21	0	0.03
72545514931	2009	3	8	1	0	0.16
72545514931	2009	3	8	3	0	0.02
72545514931	2009	3	8	4	0	0.09
72545514931	2009	3	8	5	0	0.09
72545514931	2009	3	8	6	0	0.28
72545514931	2009	3	8	7	0	0.04
72545514931	2009	3	8	8	0	0.3
72545514931	2009	3	8	10	0	0.16
72545514931	2009	3	8	11	0	0.02
72545514931	2009	3	8	12	0	0.05
72545514931	2009	3	8	13	0	0.09
72545514931	2009	3	8	14	0	0.17
72545514931	2009	3	8	15	0	0.31
72545514931	2009	3	8	16	0	0.03
72545514931	2009	3	8	17	0	0.22
72545514931	2009	3	8	18	0	0.04
72545514931	2009	3	10	0	0	0.07
72545514931	2009	3	10	1	0	0.04
72545514931	2009	3	10	2	0	0.12
72545514931	2009	3	10	3	0	0.21
72545514931	2009	3	10	4	0	0.16
72545514931	2009	3	10	5	0	0.23
72545514931	2009	3	10	6	0	0.17
72545514931	2009	3	10	7	0	0.08
72545514931	2009	3	10	8	0	0.03
72545514931	2009	3	10	10	0	0.03
72545514931	2009	3	10	11	0	0.01
72545514931	2009	3	10	12	0	0.01
72545514931	2009	3	10	13	0	0.01
72545514931	2009	3	22	11	0	0.01
72545514931	2009	3	22	12	0	0.02
72545514931	2009	3	22	13	0	0.01
72545514931	2009	3	22	14	0	0.06
72545514931	2009	3	22	15	0	0.25
72545514931	2009	3	22	16	0	0.25
72545514931	2009	3	22	17	0	0.01
72545514931	2009	3	23	17	0	0.01
72545514931	2009	3	23	18	0	0.01
72545514931	2009	3	24	4	0	0.02
72545514931	2009	3	24	14	0	0.12
72545514931	2009	3	24	16	0	0.02
72545514931	2009	3	24	17	0	0.2
72545514931	2009	3	24	18	0	0.38
72545514931	2009	3	24	19	0	0.14
72545514931	2009	3	24	20	0	0.33
72545514931	2009	3	24	21	0	0.03
72545514931	2009	3	24	22	0	0.05
72545514931	2009	3	24	23	0	0.01
72545514931	2009	3	26	12	0	0.01
72545514931	2009	3	28	18	0	0.06
72545514931	2009	3	28	19	0	0.1
72545514931	2009	3	28	20	0	0.12
72545514931	2009	3	28	21	0	0.06
72545514931	2009	3	28	22	0	0.03
72545514931	2009	3	28	23	0	0.01
72545514931	2009	3	29	0	0	0.04
72545514931	2009	3	29	1	0	0.01
72545514931	2009	3	29	3	0	0.03
72545514931	2009	3	29	4	0	0.01
72545514931	2009	3	31	4	0	0.01
72545514931	2009	4	2	16	0	0.01
72545514931	2009	4	2	17	0	0.01
72545514931	2009	4	2	18	0	0.03
72545514931	2009	4	2	19	0	0.02
72545514931	2009	4	3	0	0	0.01
72545514931	2009	4	3	2	0	0.02
72545514931	2009	4	3	3	0	0.01
72545514931	2009	4	5	5	0	0.003
72545514931	2009	4	5	6	0	0.07
72545514931	2009	4	6	1	0	0.01
72545514931	2009	4	6	3	0	0.02
72545514931	2009	4	10	13	0	0.01
72545514931	2009	4	10	14	0	0.01
72545514931	2009	4	13	6	0	0.04
72545514931	2009	4	13	7	0	0.1
72545514931	2009	4	13	8	0	0.09
72545514931	2009	4	13	9	0	0.13
72545514931	2009	4	13	10	0	0.2
72545514931	2009	4	13	11	0	0.08
72545514931	2009	4	13	12	0	0.05
72545514931	2009	4	13	14	0	0.01
72545514931	2009	4	13	15	0	0.02
72545514931	2009	4	13	16	0	0.01
72545514931	2009	4	13	19	0	0.01
72545514931	2009	4	13	21	0	0.01
72545514931	2009	4	14	2	0	0.01
72545514931	2009	4	14	5	0	0.01
72545514931	2009	4	18	19	0	0.05
72545514931	2009	4	18	20	0	0.04
72545514931	2009	4	18	21	0	0.03
72545514931	2009	4	19	2	0	0.01
72545514931	2009	4	19	3	0	0.03
72545514931	2009	4	19	12	0	0.01
72545514931	2009	4	19	13	0	0.07
72545514931	2009	4	19	14	0	0.1
72545514931	2009	4	19	15	0	0.1
72545514931	2009	4	19	16	0	0.01
72545514931	2009	4	19	17	0	0.02
72545514931	2009	4	19	18	0	0.04
72545514931	2009	4	19	19	0	0.07
72545514931	2009	4	19	20	0	0.14
72545514931	2009	4	19	21	0	0.17
72545514931	2009	4	19	22	0	0.02
72545514931	2009	4	19	23	0	0.01
72545514931	2009	4	23	21	0	0.04
72545514931	2009	4	23	22	0	0.29
72545514931	2009	4	23	23	0	0.22
72545514931	2009	4	24	0	0	0.12
72545514931	2009	4	24	5	0	0.01
72545514931	2009	4	25	11	0	0.01
72545514931	2009	4	25	22	0	0.01
72545514931	2009	4	26	1	0	0.02
72545514931	2009	4	26	2	0	0.01
72545514931	2009	4	26	3	0	0.26
72545514931	2009	4	26	4	0	0.3
72545514931	2009	4	26	5	0	0.12
72545514931	2009	4	26	15	0	0.1
72545514931	2009	4	27	6	0	0.07
72545514931	2009	4	27	9	0	0.01
72545514931	2009	4	27	10	0	0.01
72545514931	2009	4	27	11	0	0.06
72545514931	2009	4	27	12	0	0.02
72545514931	2009	4	27	21	0	0.03
72545514931	2009	4	27	22	0	0.12
72545514931	2009	4	27	23	0	0.05
72545514931	2009	4	28	0	0	0.08
72545514931	2009	4	28	1	0	0.01
72545514931	2009	4	28	3	0	0.01
72545514931	2009	4	30	3	0	0.03
72545514931	2009	4	30	4	0	0.01
72545514931	2009	4	30	5	0	0.12
72545514931	2009	4	30	6	0	0.13
72545514931	2009	4	30	7	0	0.32
72545514931	2009	4	30	8	0	0.83
72545514931	2009	4	30	9	0	0.76
72545514931	2009	4	30	10	0	0.05
72545514931	2009	5	6	21	0	0.03
72545514931	2009	5	7	4	0	0.01
72545514931	2009	5	7	18	0	0.01
72545514931	2009	5	8	0	0	0.03
72545514931	2009	5	8	1	0	0.04
72545514931	2009	5	8	2	0	0.01
72545514931	2009	5	9	1	0	0.01
72545514931	2009	5	13	1	0	0.04
72545514931	2009	5	13	2	0	0.02
72545514931	2009	5	13	3	0	0.01
72545514931	2009	5	13	4	0	0.1
72545514931	2009	5	13	5	0	0.07
72545514931	2009	5	13	8	0	0.01
72545514931	2009	5	13	12	0	0.01
72545514931	2009	5	13	13	0	0.21
72545514931	2009	5	13	14	0	0.1
72545514931	2009	5	13	16	0	0.02
72545514931	2009	5	13	17	0	0.01
72545514931	2009	5	13	20	0	0.01
72545514931	2009	5	14	1	0	0.35
72545514931	2009	5	14	2	0	0.01
72545514931	2009	5	15	9	0	0.17
72545514931	2009	5	15	10	0	0.41
72545514931	2009	5	15	11	0	0.47
72545514931	2009	5	15	12	0	0.21
72545514931	2009	5	15	13	0	0.16
72545514931	2009	5	15	14	0	0.39
72545514931	2009	5	15	15	0	0.13
72545514931	2009	5	15	16	0	0.14
72545514931	2009	5	15	17	0	0.23
72545514931	2009	5	15	18	0	0.22
72545514931	2009	5	15	19	0	0.18
72545514931	2009	5	15	20	0	0.12
72545514931	2009	5	15	21	0	0.18
72545514931	2009	5	15	22	0	0.21
72545514931	2009	5	15	23	0	0.07
72545514931	2009	5	16	0	0	0.01
72545514931	2009	5	16	1	0	0.01
72545514931	2009	5	16	3	0	0.01
72545514931	2009	5	16	6	0	0.01
72545514931	2009	5	23	17	0	0.1
72545514931	2009	5	23	19	0	0.01
72545514931	2009	5	23	20	0	0.01
72545514931	2009	5	23	21	0	0.06
72545514931	2009	5	23	22	0	0.01
72545514931	2009	5	25	14	0	0.004
72545514931	2009	5	25	15	0	0.04
72545514931	2009	5	25	16	0	0.01
72545514931	2009	5	25	17	0	0.01
72545514931	2009	5	25	18	0	0.01
72545514931	2009	5	26	22	0	0.01
72545514931	2009	6	1	11	0	0.02
72545514931	2009	6	2	0	0	0.02
72545514931	2009	6	2	1	0	0.2
72545514931	2009	6	2	2	0	0.04
72545514931	2009	6	2	3	0	0.05
72545514931	2009	6	2	4	0	0.15
72545514931	2009	6	2	5	0	0.03
72545514931	2009	6	2	21	0	0.08
72545514931	2009	6	2	22	0	0.39
72545514931	2009	6	2	23	0	0.01
72545514931	2009	6	6	15	0	0.07
72545514931	2009	6	7	9	0	0.21
72545514931	2009	6	7	10	0	0.04
72545514931	2009	6	7	11	0	0.03
72545514931	2009	6	7	12	0	0.03
72545514931	2009	6	7	13	0	0.08
72545514931	2009	6	7	15	0	0.03
72545514931	2009	6	8	5	0	0.011
72545514931	2009	6	8	6	0	0.29
72545514931	2009	6	8	7	0	0.76
72545514931	2009	6	8	8	0	0.02
72545514931	2009	6	8	11	0	0.04
72545514931	2009	6	8	12	0	0.01
72545514931	2009	6	10	10	0	0.04
72545514931	2009	6	10	11	0	0.01
72545514931	2009	6	11	5	0	0.01
72545514931	2009	6	11	6	0	0.02
72545514931	2009	6	11	7	0	0.31
72545514931	2009	6	11	8	0	0.22
72545514931	2009	6	11	9	0	0.24
72545514931	2009	6	11	10	0	0.02
72545514931	2009	6	11	15	0	0.01
72545514931	2009	6	16	9	0	0.04
72545514931	2009	6	16	10	0	0.07
72545514931	2009	6	16	11	0	0.64
72545514931	2009	6	16	12	0	0.08
72545514931	2009	6	16	14	0	0.04
72545514931	2009	6	16	15	0	0.03
72545514931	2009	6	16	16	0	0.03
72545514931	2009	6	16	17	0	0.01
72545514931	2009	6	18	9	0	0.92
72545514931	2009	6	18	10	0	0.08
72545514931	2009	6	19	21	0	0.43
72545514931	2009	6	19	22	0	0.18
72545514931	2009	6	21	13	0	0.01
72545514931	2009	6	21	15	0	0.14
72545514931	2009	6	21	16	0	0.21
72545514931	2009	6	21	17	0	0.01
72545514931	2009	6	22	5	0	0.05
72545514931	2009	6	22	6	0	0.2
72545514931	2009	6	22	7	0	0.12
72545514931	2009	6	22	8	0	0.04
72545514931	2009	6	24	2	0	0.04
72545514931	2009	6	27	23	0	0.09
72545514931	2009	7	4	2	0	0.01
72545514931	2009	7	4	3	0	0.03
72545514931	2009	7	4	4	0	0.04
72545514931	2009	7	4	5	0	0.13
72545514931	2009	7	4	6	0	0.04
72545514931	2009	7	4	10	0	0.02
72545514931	2009	7	4	12	0	0.12
72545514931	2009	7	4	13	0	0.28
72545514931	2009	7	4	14	0	0.21
72545514931	2009	7	4	15	0	0.15
72545514931	2009	7	8	0	0	0.05
72545514931	2009	7	8	1	0	0.17
72545514931	2009	7	8	2	0	0.03
72545514931	2009	7	10	14	0	0.02
72545514931	2009	7	10	15	0	0.02
72545514931	2009	7	10	17	0	0.04
72545514931	2009	7	15	1	0	0.01
72545514931	2009	7	15	5	0	0.01
72545514931	2009	7	15	6	0	0.41
72545514931	2009	7	15	7	0	0.83
72545514931	2009	7	15	8	0	0.04
72545514931	2009	7	21	10	0	0.15
72545514931	2009	7	21	11	0	0.07
72545514931	2009	7	21	14	0	0.01
72545514931	2009	7	21	15	0	0.03
72545514931	2009	7	21	16	0	0.04
72545514931	2009	7	21	17	0	0.05
72545514931	2009	7	21	18	0	0.04
72545514931	2009	7	21	19	0	0.04
72545514931	2009	7	21	20	0	0.03
72545514931	2009	7	21	21	0	0.03
72545514931	2009	7	21	22	0	0.03
72545514931	2009	7	21	23	0	0.03
72545514931	2009	7	22	0	0	0.03
72545514931	2009	7	22	1	0	0.04
72545514931	2009	7	22	2	0	0.03
72545514931	2009	7	22	3	0	0.03
72545514931	2009	7	22	4	0	0.01
72545514931	2009	7	22	5	0	0.03
72545514931	2009	7	22	6	0	0.018
72545514931	2009	7	22	7	0	0.011
72545514931	2009	7	22	8	0	0.011
72545514931	2009	7	22	9	0	0.005
72545514931	2009	7	22	10	0	0.011
72545514931	2009	7	22	11	0	0.005
72545514931	2009	7	22	12	0	0.008
72545514931	2009	7	25	4	0	0.01
72545514931	2009	7	28	7	0	0.43
72545514931	2009	7	28	8	0	0.19
72545514931	2009	7	28	14	0	0.01
72545514931	2009	7	30	20	0	0.02
72545514931	2009	8	1	11	0	0.01
72545514931	2009	8	1	12	0	0.08
72545514931	2009	8	1	13	0	0.06
72545514931	2009	8	1	14	0	0.02
72545514931	2009	8	1	15	0	0.01
72545514931	2009	8	1	18	0	0.02
72545514931	2009	8	3	12	0	0.03
72545514931	2009	8	3	13	0	0.05
72545514931	2009	8	3	14	0	0.01
72545514931	2009	8	4	12	0	0.52
72545514931	2009	8	4	13	0	0.04
72545514931	2009	8	7	12	0	0.02
72545514931	2009	8	7	15	0	0.3
72545514931	2009	8	7	16	0	0.49
72545514931	2009	8	7	17	0	0.03
72545514931	2009	8	7	18	0	0.02
72545514931	2009	8	7	19	0	0.03
72545514931	2009	8	10	2	0	0.02
72545514931	2009	8	10	3	0	0.47
72545514931	2009	8	10	4	0	0.04
72545514931	2009	8	10	5	0	0.03
72545514931	2009	8	10	6	0	0.01
72545514931	2009	8	13	8	0	0.07
72545514931	2009	8	13	11	0	0.02
72545514931	2009	8	16	8	0	0.01
72545514931	2009	8	16	9	0	0.01
72545514931	2009	8	16	10	0	0.01
72545514931	2009	8	16	12	0	0.01
72545514931	2009	8	16	13	0	0.03
72545514931	2009	8	16	14	0	0.021
72545514931	2009	8	16	15	0	1.1
72545514931	2009	8	16	16	0	0.08
72545514931	2009	8	16	17	0	0.01
72545514931	2009	8	17	4	0	0.01
72545514931	2009	8	17	5	0	0.11
72545514931	2009	8	17	6	0	0.04
72545514931	2009	8	17	7	0	0.01
72545514931	2009	8	17	8	0	0.09
72545514931	2009	8	17	9	0	0.13
72545514931	2009	8	17	10	0	0.2
72545514931	2009	8	17	11	0	0.16
72545514931	2009	8	17	17	0	0.01
72545514931	2009	8	17	18	0	0.03
72545514931	2009	8	17	19	0	0.01
72545514931	2009	8	17	20	0	0.01
72545514931	2009	8	19	17	0	0.01
72545514931	2009	8	19	18	0	1.04
72545514931	2009	8	19	19	0	0.07
72545514931	2009	8	20	3	0	0.05
72545514931	2009	8	20	4	0	0.28
72545514931	2009	8	20	6	0	0.01
72545514931	2009	8	20	7	0	0.1
72545514931	2009	8	20	8	0	0.05
72545514931	2009	8	20	10	0	0.02
72545514931	2009	8	21	17	0	0.05
72545514931	2009	8	21	19	0	0.08
72545514931	2009	8	21	20	0	0.04
72545514931	2009	8	21	21	0	0.02
72545514931	2009	8	26	19	0	0.02
72545514931	2009	8	27	4	0	0.04
72545514931	2009	8	27	5	0	0.19
72545514931	2009	8	27	6	0	0.02
72545514931	2009	8	27	7	0	0.02
72545514931	2009	8	27	19	0	0.01
72545514931	2009	8	28	0	0	0.26
72545514931	2009	8	28	1	0	0.31
72545514931	2009	8	28	2	0	0.36
72545514931	2009	8	28	3	0	1.13
72545514931	2009	8	28	4	0	0.19
72545514931	2009	8	28	5	0	0.42
72545514931	2009	8	28	6	0	0.02
72545514931	2009	8	29	4	0	0.01
72545514931	2009	9	20	16	0	0.03
72545514931	2009	9	22	1	0	0.01
72545514931	2009	9	22	2	0	0.01
72545514931	2009	9	22	11	0	0.01
72545514931	2009	9	24	12	0	0.01
72545514931	2009	9	24	14	0	0.01
72545514931	2009	9	24	15	0	0.02
72545514931	2009	9	24	16	0	0.01
72545514931	2009	9	24	17	0	0.06
72545514931	2009	9	24	18	0	0.01
72545514931	2009	9	25	7	0	0.02
72545514931	2009	9	25	8	0	0.049
72545514931	2009	9	25	9	0	0.26
72545514931	2009	9	25	10	0	0.2
72545514931	2009	9	25	11	0	0.08
72545514931	2009	9	25	12	0	0.03
72545514931	2009	9	25	13	0	0.01
72545514931	2009	9	26	13	0	0.01
72545514931	2009	10	1	8	0	0.01
72545514931	2009	10	1	12	0	0.12
72545514931	2009	10	1	13	0	0.19
72545514931	2009	10	1	14	0	0.28
72545514931	2009	10	1	15	0	0.12
72545514931	2009	10	1	16	0	0.01
72545514931	2009	10	1	19	0	0.01
72545514931	2009	10	1	20	0	0.01
72545514931	2009	10	1	21	0	0.01
72545514931	2009	10	1	23	0	0.01
72545514931	2009	10	2	0	0	0.03
72545514931	2009	10	2	1	0	0.02
72545514931	2009	10	2	19	0	0.01
72545514931	2009	10	2	22	0	0.01
72545514931	2009	10	2	23	0	0.01
72545514931	2009	10	3	0	0	0.02
72545514931	2009	10	3	2	0	0.01
72545514931	2009	10	3	3	0	0.03
72545514931	2009	10	3	5	0	0.03
72545514931	2009	10	3	6	0	0.01
72545514931	2009	10	3	7	0	0.01
72545514931	2009	10	6	9	0	0.11
72545514931	2009	10	6	10	0	0.02
72545514931	2009	10	6	11	0	0.01
72545514931	2009	10	6	14	0	0.01
72545514931	2009	10	8	19	0	0.01
72545514931	2009	10	8	23	0	0.01
72545514931	2009	10	9	0	0	0.02
72545514931	2009	10	9	1	0	0.01
72545514931	2009	10	9	2	0	0.01
72545514931	2009	10	9	3	0	0.01
72545514931	2009	10	9	6	0	0.01
72545514931	2009	10	9	7	0	0.01
72545514931	2009	10	9	8	0	0.03
72545514931	2009	10	9	9	0	0.05
72545514931	2009	10	9	12	0	0.03
72545514931	2009	10	9	13	0	0.01
72545514931	2009	10	9	14	0	0.03
72545514931	2009	10	9	17	0	0.01
72545514931	2009	10	14	4	0	0.02
72545514931	2009	10	14	5	0	0.06
72545514931	2009	10	14	6	0	0.06
72545514931	2009	10	14	7	0	0.03
72545514931	2009	10	14	8	0	0.04
72545514931	2009	10	14	9	0	0.1
72545514931	2009	10	14	10	0	0.01
72545514931	2009	10	15	3	0	0.07
72545514931	2009	10	15	4	0	0.07
72545514931	2009	10	15	5	0	0.04
72545514931	2009	10	15	7	0	0.02
72545514931	2009	10	15	8	0	0.01
72545514931	2009	10	16	1	0	0.01
72545514931	2009	10	16	5	0	0.01
72545514931	2009	10	22	8	0	0.01
72545514931	2009	10	22	9	0	0.05
72545514931	2009	10	22	10	0	0.03
72545514931	2009	10	22	11	0	0.11
72545514931	2009	10	22	12	0	0.2
72545514931	2009	10	22	13	0	0.2
72545514931	2009	10	22	14	0	0.09
72545514931	2009	10	22	15	0	0.03
72545514931	2009	10	22	16	0	0.03
72545514931	2009	10	22	17	0	0.04
72545514931	2009	10	22	18	0	0.03
72545514931	2009	10	22	19	0	0.06
72545514931	2009	10	22	20	0	0.09
72545514931	2009	10	22	21	0	0.11
72545514931	2009	10	22	22	0	0.26
72545514931	2009	10	22	23	0	0.16
72545514931	2009	10	23	0	0	0.07
72545514931	2009	10	23	1	0	0.06
72545514931	2009	10	23	2	0	0.03
72545514931	2009	10	23	3	0	0.03
72545514931	2009	10	23	4	0	0.09
72545514931	2009	10	23	5	0	0.14
72545514931	2009	10	23	6	0	0.09
72545514931	2009	10	23	7	0	0.05
72545514931	2009	10	23	8	0	0.03
72545514931	2009	10	23	9	0	0.03
72545514931	2009	10	23	10	0	0.2
72545514931	2009	10	23	11	0	0.25
72545514931	2009	10	23	12	0	0.13
72545514931	2009	10	23	13	0	0.01
72545514931	2009	10	23	18	0	0.01
72545514931	2009	10	25	5	0	0.01
72545514931	2009	10	25	20	0	0.01
72545514931	2009	10	25	22	0	0.01
72545514931	2009	10	25	23	0	0.1
72545514931	2009	10	26	0	0	0.12
72545514931	2009	10	26	1	0	0.05
72545514931	2009	10	26	2	0	0.13
72545514931	2009	10	26	3	0	0.04
72545514931	2009	10	26	4	0	0.01
72545514931	2009	10	26	5	0	0.01
72545514931	2009	10	26	7	0	0.01
72545514931	2009	10	26	9	0	0.01
72545514931	2009	10	26	10	0	0.01
72545514931	2009	10	26	11	0	0.04
72545514931	2009	10	26	12	0	0.01
72545514931	2009	10	29	15	0	0.05
72545514931	2009	10	29	16	0	0.03
72545514931	2009	10	29	17	0	0.02
72545514931	2009	10	29	18	0	0.25
72545514931	2009	10	29	19	0	0.18
72545514931	2009	10	29	20	0	0.17
72545514931	2009	10	29	21	0	0.18
72545514931	2009	10	29	22	0	0.16
72545514931	2009	10	29	23	0	0.23
72545514931	2009	10	30	0	0	0.02
72545514931	2009	10	30	2	0	0.24
72545514931	2009	10	30	3	0	0.01
72545514931	2009	10	30	4	0	0.02
72545514931	2009	10	30	5	0	0.08
72545514931	2009	10	30	6	0	0.09
72545514931	2009	10	30	7	0	0.01
72545514931	2009	10	30	8	0	0.02
72545514931	2009	10	31	2	0	0.01
72545514931	2009	10	31	3	0	0.01
72545514931	2009	10	31	4	0	0.04
72545514931	2009	11	10	10	0	0.05
72545514931	2009	11	10	11	0	0.01
72545514931	2009	11	10	13	0	0.01
72545514931	2009	11	10	14	0	0.07
72545514931	2009	11	10	15	0	0.03
72545514931	2009	11	15	22	0	0.01
72545514931	2009	11	15	23	0	0.03
72545514931	2009	11	16	18	0	0.01
72545514931	2009	11	16	19	0	0.08
72545514931	2009	11	16	20	0	0.12
72545514931	2009	11	16	21	0	0.18
72545514931	2009	11	16	22	0	0.08
72545514931	2009	11	16	23	0	0.09
72545514931	2009	11	17	0	0	0.14
72545514931	2009	11	17	1	0	0.07
72545514931	2009	11	17	2	0	0.01
72545514931	2009	11	17	3	0	0.02
72545514931	2009	11	17	4	0	0.01
72545514931	2009	11	17	5	0	0.02
72545514931	2009	11	17	8	0	0.016
72545514931	2009	11	17	9	0	0.02
72545514931	2009	11	17	12	0	0.01
72545514931	2009	11	17	13	0	0.06
72545514931	2009	11	17	14	0	0.04
72545514931	2009	11	17	15	0	0.07
72545514931	2009	11	17	16	0	0.06
72545514931	2009	11	17	17	0	0.08
72545514931	2009	11	17	18	0	0.03
72545514931	2009	11	17	19	0	0.01
72545514931	2009	11	17	20	0	0.02
72545514931	2009	11	18	1	0	0.05
72545514931	2009	11	18	5	0	0.06
72545514931	2009	11	18	11	0	0.01
72545514931	2009	11	18	21	0	0.02
72545514931	2009	11	18	22	0	0.02
72545514931	2009	11	18	23	0	0.02
72545514931	2009	11	19	0	0	0.01
72545514931	2009	11	19	2	0	0.01
72545514931	2009	11	19	6	0	0.01
72545514931	2009	11	19	8	0	0.01
72545514931	2009	11	24	16	0	0.02
72545514931	2009	11	24	19	0	0.03
72545514931	2009	11	24	20	0	0.01
72545514931	2009	11	24	21	0	0.22
72545514931	2009	11	25	1	0	0.01
72545514931	2009	11	25	2	0	0.01
72545514931	2009	11	25	4	0	0.02
72545514931	2009	11	25	5	0	0.03
72545514931	2009	11	25	6	0	0.02
72545514931	2009	11	25	7	0	0.02
72545514931	2009	11	25	15	0	0.01
72545514931	2009	11	25	18	0	0.01
72545514931	2009	11	25	19	0	0.04
72545514931	2009	11	25	20	0	0.01
72545514931	2009	11	26	8	0	0.01
72545514931	2009	11	26	9	0	0.02
72545514931	2009	11	26	10	0	0.01
72545514931	2009	11	26	12	0	0.01
72545514931	2009	12	7	15	0	0.01
72545514931	2009	12	7	16	0	0.02
72545514931	2009	12	7	17	0	0.02
72545514931	2009	12	8	16	0	0.01
72545514931	2009	12	8	17	0	0.01
72545514931	2009	12	8	18	0	0.03
72545514931	2009	12	8	19	0	0.01
72545514931	2009	12	8	20	0	0.04
72545514931	2009	12	8	21	0	0.07
72545514931	2009	12	8	22	0	0.04
72545514931	2009	12	8	23	0	0.04
72545514931	2009	12	9	0	0	0.03
72545514931	2009	12	9	1	0	0.06
72545514931	2009	12	9	2	0	0.04
72545514931	2009	12	9	3	0	0.04
72545514931	2009	12	9	4	0	0.05
72545514931	2009	12	9	5	0	0.02
72545514931	2009	12	9	6	0	0.03
72545514931	2009	12	9	7	0	0.03
72545514931	2009	12	9	8	0	0.02
72545514931	2009	12	9	9	0	0.01
72545514931	2009	12	11	19	0	0.01
72545514931	2009	12	12	22	0	0.02
72545514931	2009	12	13	4	0	0.01
72545514931	2009	12	13	7	0	0.01
72545514931	2009	12	18	19	0	0.01
72545514931	2009	12	18	20	0	0.01
72545514931	2009	12	19	3	0	0.01
72545514931	2009	12	21	15	0	0.03
72545514931	2009	12	21	16	0	0.03
72545514931	2009	12	21	17	0	0.01
72545514931	2009	12	21	18	0	0.01
72545514931	2009	12	23	3	0	0.01
72545514931	2009	12	23	12	0	0.01
72545514931	2009	12	23	13	0	0.02
72545514931	2009	12	23	15	0	0.02
72545514931	2009	12	23	16	0	0.05
72545514931	2009	12	23	17	0	0.02
72545514931	2009	12	23	18	0	0.05
72545514931	2009	12	23	19	0	0.05
72545514931	2009	12	23	20	0	0.02
72545514931	2009	12	23	21	0	0.07
72545514931	2009	12	23	22	0	0.06
72545514931	2009	12	23	23	0	0.02
72545514931	2009	12	24	0	0	0.01
72545514931	2009	12	24	3	0	0.01
72545514931	2009	12	24	8	0	0.01
72545514931	2009	12	24	9	0	0.01
72545514931	2009	12	24	10	0	0.01
72545514931	2009	12	24	11	0	0.02
72545514931	2009	12	24	12	0	0.02
72545514931	2009	12	24	13	0	0.02
72545514931	2009	12	24	14	0	0.01
72545514931	2009	12	24	15	0	0.01
72545514931	2009	12	24	20	0	0.001
72545514931	2009	12	24	21	0	0.08
72545514931	2009	12	24	22	0	0.09
72545514931	2009	12	24	23	0	0.06
72545514931	2009	12	25	0	0	0.04
72545514931	2009	12	25	1	0	0.06
72545514931	2009	12	25	2	0	0.04
72545514931	2009	12	25	3	0	0.08
72545514931	2009	12	25	4	0	0.05
72545514931	2009	12	25	5	0	0.04
72545514931	2009	12	25	6	0	0.05
72545514931	2009	12	25	7	0	0.01
72545514931	2009	12	25	8	0	0.02
72545514931	2009	12	25	9	0	0.01
72545514931	2009	12	25	11	0	0.01
72545514931	2009	12	25	12	0	0.13
72545514931	2009	12	25	13	0	0.04
72545514931	2009	12	29	18	0	0.08
72545514931	2009	12	29	19	0	0.04
72545514931	2009	12	30	16	0	0.01
72545514931	2009	12	30	17	0	0.03
72545514931	2009	12	30	18	0	0.03
72545514931	2009	12	30	19	0	0.01
72545514931	2009	12	30	22	0	0.01
72545514931	2009	12	31	3	0	0.01
72545514931	2009	12	31	4	0	0.01
72545514931	2009	12	31	5	0	0.01
72545514931	2009	12	31	7	0	0.01
72545514931	2009	12	31	8	0	0.01
72545514931	2009	12	31	10	0	0.01
72545514931	2010	1	20	15	0	0.06
72545514931	2010	1	20	16	0	0.18
72545514931	2010	1	20	17	0	0.13
72545514931	2010	1	20	18	0	0.02
72545514931	2010	1	20	19	0	0.01
72545514931	2010	1	23	21	0	0.06
72545514931	2010	1	23	22	0	0.19
72545514931	2010	1	23	23	0	0.01
72545514931	2010	1	24	0	0	0.11
72545514931	2010	1	24	1	0	0.18
72545514931	2010	1	24	2	0	0.07
72545514931	2010	1	24	3	0	0.01
72545514931	2010	1	24	4	0	0.03
72545514931	2010	1	24	5	0	0.03
72545514931	2010	1	24	6	0	0.03
72545514931	2010	1	24	8	0	0.01
72545514931	2010	1	24	9	0	0.04
72545514931	2010	1	24	10	0	0.09
72545514931	2010	1	24	11	0	0.02
72545514931	2010	1	24	12	0	0.02
72545514931	2010	2	2	1	0	0.001
72545514931	2010	2	2	2	0	0.005
72545514931	2010	2	2	3	0	0.006
72545514931	2010	2	5	8	0	0.002
72545514931	2010	2	5	9	0	0.002
72545514931	2010	2	5	11	0	0.001
72545514931	2010	2	5	12	0	0.002
72545514931	2010	2	5	13	0	0.001
72545514931	2010	2	5	14	0	0.001
72545514931	2010	2	5	15	0	0.003
72545514931	2010	2	5	16	0	0.001
72545514931	2010	2	5	17	0	0.001
72545514931	2010	2	5	18	0	0.017
72545514931	2010	2	5	19	0	0.017
72545514931	2010	2	5	20	0	0.026
72545514931	2010	2	5	21	0	0.018
72545514931	2010	2	5	22	0	0.006
72545514931	2010	2	5	23	0	0.012
72545514931	2010	2	6	1	0	0.011
72545514931	2010	2	6	2	0	0.006
72545514931	2010	2	6	3	0	0.006
72545514931	2010	2	7	21	0	0.001
72545514931	2010	2	8	0	0	0.001
72545514931	2010	2	8	6	0	0.002
72545514931	2010	2	8	9	0	0.036
72545514931	2010	2	8	14	0	0.012
72545514931	2010	2	8	19	0	0.052
72545514931	2010	2	8	20	0	0.059
72545514931	2010	2	8	21	0	0.013
72545514931	2010	2	8	22	0	0.041
72545514931	2010	2	8	23	0	0.007
72545514931	2010	2	9	3	0	0.005
72545514931	2010	2	9	4	0	0.002
72545514931	2010	2	9	13	0	0.014
72545514931	2010	2	9	14	0	0.041
72545514931	2010	2	9	16	0	0.001
72545514931	2010	2	12	9	0	0.017
72545514931	2010	2	12	10	0	0.015
72545514931	2010	2	14	12	0	0.009
72545514931	2010	2	14	19	0	0.011
72545514931	2010	2	14	20	0	0.001
72545514931	2010	2	14	21	0	0.003
72545514931	2010	2	19	22	0	0.002
72545514931	2010	2	19	23	0	0.004
72545514931	2010	2	20	0	0	0.003
72545514931	2010	2	20	1	0	0.006
72545514931	2010	2	20	2	0	0.003
72545514931	2010	2	20	3	0	0.003
72545514931	2010	2	20	6	0	0.004
72545514931	2010	2	20	7	0	0.003
72545514931	2010	2	20	8	0	0.003
72545514931	2010	2	20	9	0	0.005
72545514931	2010	2	20	10	0	0.005
72545514931	2010	2	20	11	0	0.002
72545514931	2010	2	21	7	0	0.004
72545514931	2010	2	21	8	0	0.016
72545514931	2010	2	21	9	0	0.017
72545514931	2010	2	21	10	0	0.014
72545514931	2010	2	21	11	0	0.001
72545514931	2010	2	21	17	0	0.043
72545514931	2010	2	21	18	0	0.017
72545514931	2010	2	21	19	0	0.025
72545514931	2010	2	21	20	0	0.023
72545514931	2010	2	21	21	0	0.026
72545514931	2010	2	21	22	0	0.026
72545514931	2010	2	21	23	0	0.017
72545514931	2010	2	22	0	0	0.023
72545514931	2010	2	22	1	0	0.013
72545514931	2010	2	22	2	0	0.011
72545514931	2010	2	22	3	0	0.011
72545514931	2010	3	9	12	0	0.016
72545514931	2010	3	9	13	0	0.023
72545514931	2010	3	9	14	0	0.021
72545514931	2010	3	9	16	0	0.008
72545514931	2010	3	10	3	0	0.008
72545514931	2010	3	10	4	0	0.049
72545514931	2010	3	10	5	0	0.046
72545514931	2010	3	10	6	0	0.11
72545514931	2010	3	10	8	0	0.01
72545514931	2010	3	11	3	0	0.09
72545514931	2010	3	11	7	0	0.02
72545514931	2010	3	11	8	0	0.03
72545514931	2010	3	11	9	0	0.07
72545514931	2010	3	12	23	0	0.02
72545514931	2010	3	13	0	0	0.04
72545514931	2010	3	13	1	0	0.04
72545514931	2010	3	13	2	0	0.07
72545514931	2010	3	13	3	0	0.05
72545514931	2010	3	13	4	0	0.05
72545514931	2010	3	13	5	0	0.03
72545514931	2010	3	13	6	0	0.05
72545514931	2010	3	13	7	0	0.1
72545514931	2010	3	13	8	0	0.11
72545514931	2010	3	13	9	0	0.14
72545514931	2010	3	13	10	0	0.09
72545514931	2010	3	13	11	0	0.11
72545514931	2010	3	13	12	0	0.05
72545514931	2010	3	13	13	0	0.03
72545514931	2010	3	13	14	0	0.01
72545514931	2010	3	13	20	0	0.01
72545514931	2010	3	13	22	0	0.01
72545514931	2010	3	13	23	0	0.02
72545514931	2010	3	20	9	0	0.01
72545514931	2010	3	20	10	0	0.01
72545514931	2010	3	20	12	0	0.01
72545514931	2010	3	20	13	0	0.01
72545514931	2010	3	20	14	0	0.01
72545514931	2010	3	20	15	0	0.04
72545514931	2010	3	20	16	0	0.03
72545514931	2010	3	20	17	0	0.01
72545514931	2010	3	20	18	0	0.01
72545514931	2010	3	21	13	0	0.03
72545514931	2010	3	25	0	0	0.01
72545514931	2010	3	25	1	0	0.01
72545514931	2010	3	25	2	0	0.02
72545514931	2010	3	25	3	0	0.06
72545514931	2010	3	25	4	0	0.06
72545514931	2010	3	25	5	0	0.05
72545514931	2010	3	25	6	0	0.07
72545514931	2010	3	25	7	0	0.05
72545514931	2010	3	25	8	0	0.03
72545514931	2010	3	25	9	0	0.01
72545514931	2010	3	28	3	0	0.04
72545514931	2010	3	28	4	0	0.1
72545514931	2010	3	28	5	0	0.09
72545514931	2010	3	28	6	0	0.04
72545514931	2010	3	28	7	0	0.01
72545514931	2010	3	28	9	0	0.01
72545514931	2010	4	2	20	0	0.02
72545514931	2010	4	2	21	0	0.07
72545514931	2010	4	2	22	0	0.19
72545514931	2010	4	2	23	0	0.13
72545514931	2010	4	3	0	0	0.16
72545514931	2010	4	3	1	0	0.17
72545514931	2010	4	3	2	0	0.09
72545514931	2010	4	3	3	0	0.05
72545514931	2010	4	3	4	0	0.06
72545514931	2010	4	3	5	0	0.04
72545514931	2010	4	3	10	0	0.05
72545514931	2010	4	4	16	0	0.02
72545514931	2010	4	4	18	0	0.01
72545514931	2010	4	4	23	0	0.2
72545514931	2010	4	5	1	0	0.03
72545514931	2010	4	7	5	0	0.036
72545514931	2010	4	7	6	0	0.036
72545514931	2010	4	7	7	0	0.01
72545514931	2010	4	7	8	0	0.06
72545514931	2010	4	7	10	0	0.02
72545514931	2010	4	7	14	0	0.01
72545514931	2010	4	7	15	0	0.05
72545514931	2010	4	7	16	0	0.01
72545514931	2010	4	7	17	0	0.01
72545514931	2010	4	7	18	0	0.03
72545514931	2010	4	8	2	0	0.002
72545514931	2010	4	8	3	0	0.01
72545514931	2010	4	8	4	0	0.01
72545514931	2010	4	16	5	0	0.01
72545514931	2010	4	16	6	0	0.05
72545514931	2010	4	16	9	0	0.08
72545514931	2010	4	16	10	0	0.07
72545514931	2010	4	16	11	0	0.01
72545514931	2010	4	16	12	0	0.01
72545514931	2010	4	23	10	0	0.09
72545514931	2010	4	23	11	0	0.09
72545514931	2010	4	23	12	0	0.09
72545514931	2010	4	23	13	0	0.07
72545514931	2010	4	23	14	0	0.02
72545514931	2010	4	23	15	0	0.07
72545514931	2010	4	23	16	0	0.22
72545514931	2010	4	23	17	0	0.06
72545514931	2010	4	23	18	0	0.01
72545514931	2010	4	24	13	0	0.01
72545514931	2010	4	24	14	0	0.02
72545514931	2010	4	24	16	0	0.01
72545514931	2010	4	24	18	0	0.01
72545514931	2010	4	24	20	0	0.02
72545514931	2010	4	24	22	0	0.36
72545514931	2010	4	24	23	0	0.47
72545514931	2010	4	25	0	0	0.51
72545514931	2010	4	25	1	0	1.2
72545514931	2010	4	25	3	0	0.04
72545514931	2010	4	25	4	0	0.18
72545514931	2010	4	25	8	0	0.01
72545514931	2010	4	25	11	0	0.01
72545514931	2010	4	25	13	0	0.03
72545514931	2010	4	25	14	0	0.05
72545514931	2010	4	25	15	0	0.01
72545514931	2010	4	27	1	0	0.03
72545514931	2010	4	27	2	0	0.08
72545514931	2010	4	27	3	0	0.03
72545514931	2010	4	27	4	0	0.02
72545514931	2010	4	27	5	0	0.01
72545514931	2010	4	27	6	0	0.04
72545514931	2010	4	27	7	0	0.01
72545514931	2010	4	30	21	0	0.59
72545514931	2010	4	30	22	0	0.03
72545514931	2010	5	1	2	0	0.01
72545514931	2010	5	1	16	0	0.01
72545514931	2010	5	2	2	0	0.04
72545514931	2010	5	2	3	0	0.08
72545514931	2010	5	2	4	0	0.02
72545514931	2010	5	2	5	0	0.02
72545514931	2010	5	2	6	0	0.03
72545514931	2010	5	2	7	0	0.02
72545514931	2010	5	2	8	0	0.01
72545514931	2010	5	2	23	0	0.003
72545514931	2010	5	3	0	0	0.05
72545514931	2010	5	7	6	0	0.38
72545514931	2010	5	7	7	0	0.46
72545514931	2010	5	7	8	0	0.31
72545514931	2010	5	7	9	0	0.13
72545514931	2010	5	7	10	0	0.1
72545514931	2010	5	7	11	0	0.18
72545514931	2010	5	10	18	0	0.02
72545514931	2010	5	10	19	0	0.07
72545514931	2010	5	10	20	0	0.1
72545514931	2010	5	10	21	0	0.06
72545514931	2010	5	10	22	0	0.15
72545514931	2010	5	10	23	0	0.12
72545514931	2010	5	11	0	0	0.05
72545514931	2010	5	11	1	0	0.02
72545514931	2010	5	11	3	0	0.03
72545514931	2010	5	11	4	0	0.25
72545514931	2010	5	11	5	0	0.11
72545514931	2010	5	11	6	0	0.02
72545514931	2010	5	11	8	0	0.01
72545514931	2010	5	12	11	0	0.01
72545514931	2010	5	12	16	0	0.08
72545514931	2010	5	12	17	0	0.01
72545514931	2010	5	12	19	0	0.002
72545514931	2010	5	13	2	0	0.2
72545514931	2010	5	13	3	0	0.16
72545514931	2010	5	13	4	0	0.51
72545514931	2010	5	13	5	0	0.79
72545514931	2010	5	13	6	0	0.74
72545514931	2010	5	13	7	0	0.07
72545514931	2010	5	13	8	0	0.42
72545514931	2010	5	13	9	0	0.2
72545514931	2010	5	13	10	0	0.03
72545514931	2010	5	13	11	0	0.14
72545514931	2010	5	13	12	0	0.03
72545514931	2010	5	13	13	0	0.04
72545514931	2010	5	13	14	0	0.02
72545514931	2010	5	13	15	0	0.02
72545514931	2010	5	16	13	0	0.01
72545514931	2010	5	17	4	0	0.01
72545514931	2010	5	17	5	0	0.15
72545514931	2010	5	17	6	0	0.2
72545514931	2010	5	17	7	0	0.08
72545514931	2010	5	17	8	0	0.07
72545514931	2010	5	17	9	0	0.06
72545514931	2010	5	17	10	0	0.08
72545514931	2010	5	17	11	0	0.05
72545514931	2010	5	17	12	0	0.02
72545514931	2010	5	17	13	0	0.01
72545514931	2010	5	17	14	0	0.02
72545514931	2010	5	17	15	0	0.01
72545514931	2010	5	20	15	0	0.05
72545514931	2010	5	20	16	0	0.06
72545514931	2010	5	20	17	0	0.06
72545514931	2010	5	20	18	0	0.14
72545514931	2010	5	20	19	0	0.08
72545514931	2010	5	20	20	0	0.03
72545514931	2010	5	20	21	0	0.05
72545514931	2010	5	20	22	0	0.02
72545514931	2010	5	21	2	0	0.01
72545514931	2010	5	21	3	0	0.01
72545514931	2010	5	21	10	0	0.01
72545514931	2010	5	21	11	0	0.016
72545514931	2010	5	21	12	0	0.47
72545514931	2010	5	21	13	0	0.04
72545514931	2010	5	21	14	0	0.02
72545514931	2010	5	25	3	0	0.01
72545514931	2010	5	26	9	0	0.04
72545514931	2010	5	27	1	0	0.16
72545514931	2010	5	31	10	0	0.01
72545514931	2010	5	31	13	0	0.24
72545514931	2010	6	2	4	0	0.83
72545514931	2010	6	2	5	0	0.586
72545514931	2010	6	2	6	0	0.45
72545514931	2010	6	2	7	0	0.02
72545514931	2010	6	2	12	0	0.03
72545514931	2010	6	2	13	0	0.03
72545514931	2010	6	4	22	0	0.01
72545514931	2010	6	5	3	0	0.07
72545514931	2010	6	5	4	0	0.07
72545514931	2010	6	5	9	0	0.02
72545514931	2010	6	5	10	0	0.11
72545514931	2010	6	5	11	0	0.07
72545514931	2010	6	5	12	0	0.05
72545514931	2010	6	5	13	0	0.05
72545514931	2010	6	5	14	0	0.19
72545514931	2010	6	5	15	0	0.09
72545514931	2010	6	6	1	0	0.06
72545514931	2010	6	6	2	0	0.6
72545514931	2010	6	8	13	0	0.12
72545514931	2010	6	8	14	0	0.27
72545514931	2010	6	8	15	0	0.11
72545514931	2010	6	10	22	0	0.02
72545514931	2010	6	10	23	0	0.01
72545514931	2010	6	12	9	0	0.06
72545514931	2010	6	12	10	0	0.01
72545514931	2010	6	12	14	0	0.1
72545514931	2010	6	12	16	0	0.01
72545514931	2010	6	12	17	0	1.25
72545514931	2010	6	12	18	0	0.06
72545514931	2010	6	12	19	0	0.11
72545514931	2010	6	12	20	0	0.01
72545514931	2010	6	13	15	0	0.44
72545514931	2010	6	13	16	0	0.02
72545514931	2010	6	14	9	0	0.03
72545514931	2010	6	14	10	0	0.71
72545514931	2010	6	14	11	0	0.2
72545514931	2010	6	14	12	0	0.01
72545514931	2010	6	15	10	0	0.01
72545514931	2010	6	15	17	0	0.01
72545514931	2010	6	15	18	0	0.15
72545514931	2010	6	15	19	0	0.01
72545514931	2010	6	15	22	0	0.14
72545514931	2010	6	18	8	0	0.03
72545514931	2010	6	18	19	0	0.66
72545514931	2010	6	19	2	0	0.008
72545514931	2010	6	19	3	0	0.44
72545514931	2010	6	19	4	0	0.06
72545514931	2010	6	19	5	0	0.14
72545514931	2010	6	20	9	0	0.03
72545514931	2010	6	21	7	0	0.01
72545514931	2010	6	21	8	0	0.03
72545514931	2010	6	21	9	0	0.02
72545514931	2010	6	21	10	0	0.02
72545514931	2010	6	21	22	0	0.54
72545514931	2010	6	21	23	0	0.5
72545514931	2010	6	22	1	0	0.16
72545514931	2010	6	22	2	0	0.47
72545514931	2010	6	22	4	0	0.01
72545514931	2010	6	22	12	0	0.05
72545514931	2010	6	22	13	0	0.03
72545514931	2010	6	22	14	0	0.01
72545514931	2010	6	22	15	0	0.05
72545514931	2010	6	23	22	0	0.74
72545514931	2010	6	23	23	0	0.08
72545514931	2010	6	24	0	0	0.03
72545514931	2010	6	26	7	0	0.19
72545514931	2010	6	26	8	0	0.05
72545514931	2010	6	26	9	0	0.16
72545514931	2010	6	26	10	0	0.01
72545514931	2010	6	27	13	0	0.04
72545514931	2010	6	27	14	0	0.04
72545514931	2010	7	5	13	0	0.21
72545514931	2010	7	5	14	0	0.18
72545514931	2010	7	5	15	0	0.05
72545514931	2010	7	5	16	0	0.02
72545514931	2010	7	5	17	0	0.07
72545514931	2010	7	6	1	0	0.17
72545514931	2010	7	6	2	0	0.232
72545514931	2010	7	6	3	0	0.25
72545514931	2010	7	6	4	0	0.05
72545514931	2010	7	6	5	0	0.04
72545514931	2010	7	6	21	0	0.06
72545514931	2010	7	6	22	0	0.01
72545514931	2010	7	7	17	0	0.72
72545514931	2010	7	7	22	0	0.02
72545514931	2010	7	7	23	0	0.05
72545514931	2010	7	8	0	0	0.01
72545514931	2010	7	8	1	0	0.01
72545514931	2010	7	8	2	0	0.022
72545514931	2010	7	8	3	0	0.78
72545514931	2010	7	11	18	0	0.04
72545514931	2010	7	11	19	0	0.15
72545514931	2010	7	13	10	0	0.34
72545514931	2010	7	18	12	0	0.02
72545514931	2010	7	18	13	0	0.05
72545514931	2010	7	19	15	0	0.07
72545514931	2010	7	19	16	0	0.07
72545514931	2010	7	19	18	0	0.01
72545514931	2010	7	19	20	0	0.101
72545514931	2010	7	19	21	0	0.01
72545514931	2010	7	20	0	0	0.77
72545514931	2010	7	20	1	0	0.89
72545514931	2010	7	20	2	0	0.29
72545514931	2010	7	20	4	0	0.05
72545514931	2010	7	20	8	0	0.02
72545514931	2010	7	20	11	0	0.05
72545514931	2010	7	20	12	0	0.17
72545514931	2010	7	20	13	0	0.06
72545514931	2010	7	24	13	0	0.01
72545514931	2010	7	24	14	0	0.1
72545514931	2010	7	24	22	0	0.03
72545514931	2010	7	25	0	0	0.03
72545514931	2010	7	25	1	0	0.04
72545514931	2010	7	25	2	0	0.01
72545514931	2010	7	30	19	0	0.04
