72580524172	2001	1	10	23	0	0.020
72580524172	2001	1	11	0	0	0.012
72580524172	2001	1	11	1	0	0.012
72580524172	2001	1	11	2	0	0.012
72580524172	2001	1	11	3	0	0.031
72580524172	2001	1	11	5	0	0.020
72580524172	2001	1	11	6	0	0.012
72580524172	2001	1	19	10	0	0.020
72580524172	2001	1	19	11	0	0.039
72580524172	2001	1	20	10	0	0.012
72580524172	2001	1	24	10	0	0.012
72580524172	2001	1	24	12	0	0.039
72580524172	2001	1	24	13	0	0.020
72580524172	2001	1	25	11	0	0.012
72580524172	2001	1	26	9	0	0.020
72580524172	2001	1	26	10	0	0.071
72580524172	2001	1	29	11	0	0.012
72580524172	2001	2	10	9	0	0.012
72580524172	2001	2	10	10	0	0.039
72580524172	2001	2	11	3	0	0.012
72580524172	2001	2	11	12	0	0.012
72580524172	2001	2	18	14	0	0.012
72580524172	2001	2	18	15	0	0.020
72580524172	2001	2	18	16	0	0.020
72580524172	2001	2	19	4	0	0.012
72580524172	2001	2	19	17	0	0.020
72580524172	2001	2	19	18	0	0.020
72580524172	2001	2	19	20	0	0.012
72580524172	2001	2	19	21	0	0.031
72580524172	2001	2	20	8	0	0.012
72580524172	2001	2	21	7	0	0.012
72580524172	2001	2	24	13	0	0.012
72580524172	2001	2	24	14	0	0.020
72580524172	2001	2	24	15	0	0.031
72580524172	2001	2	24	16	0	0.012
72580524172	2001	2	24	17	0	0.012
72580524172	2001	2	25	9	0	0.012
72580524172	2001	2	25	10	0	0.031
72580524172	2001	3	2	5	0	0.012
72580524172	2001	3	2	7	0	0.012
72580524172	2001	3	2	8	0	0.020
72580524172	2001	3	2	9	0	0.012
72580524172	2001	3	2	10	0	0.012
72580524172	2001	3	2	13	0	0.089
72580524172	2001	3	2	19	0	0.012
72580524172	2001	3	3	9	0	0.071
72580524172	2001	3	3	10	0	0.091
72580524172	2001	3	3	11	0	0.020
72580524172	2001	3	4	13	0	0.012
72580524172	2001	3	8	16	0	0.031
72580524172	2001	3	8	19	0	0.031
72580524172	2001	3	8	22	0	0.012
72580524172	2001	3	22	19	0	0.020
72580524172	2001	3	24	11	0	0.089
72580524172	2001	4	7	1	0	0.012
72580524172	2001	4	7	3	0	0.089
72580524172	2001	4	7	6	0	0.012
72580524172	2001	4	8	13	0	0.012
72580524172	2001	4	12	7	0	0.012
72580524172	2001	4	19	12	0	0.012
72580524172	2001	4	19	14	0	0.031
72580524172	2001	4	19	15	0	0.079
72580524172	2001	4	19	16	0	0.089
72580524172	2001	4	19	17	0	0.012
72580524172	2001	4	19	23	0	0.012
72580524172	2001	5	13	18	0	0.012
72580524172	2001	7	10	18	0	0.091
72580524172	2001	7	10	19	0	0.031
72580524172	2001	7	11	17	0	0.161
72580524172	2001	9	16	13	0	0.020
72580524172	2001	9	25	6	0	0.020
72580524172	2001	9	25	7	0	0.091
72580524172	2001	10	30	13	0	0.012
72580524172	2001	10	30	15	0	0.051
72580524172	2001	10	30	16	0	0.020
72580524172	2001	10	30	17	0	0.012
72580524172	2001	10	31	7	0	0.012
72580524172	2001	11	12	20	0	0.020
72580524172	2001	11	12	21	0	0.051
72580524172	2001	11	12	22	0	0.039
72580524172	2001	11	12	23	0	0.059
72580524172	2001	11	12	24	0	0.020
72580524172	2001	11	13	6	0	0.012
72580524172	2001	11	21	14	0	0.012
72580524172	2001	11	21	15	0	0.039
72580524172	2001	11	21	16	0	0.012
72580524172	2001	11	21	22	0	0.012
72580524172	2001	11	22	6	0	0.012
72580524172	2001	11	24	9	0	0.012
72580524172	2001	11	24	10	0	0.012
72580524172	2001	11	24	11	0	0.130
72580524172	2001	11	24	12	0	0.051
72580524172	2001	11	24	13	0	0.012
72580524172	2001	11	28	11	0	0.012
72580524172	2001	11	28	12	0	0.039
72580524172	2001	11	28	13	0	0.020
72580524172	2001	11	28	14	0	0.012
72580524172	2001	11	29	10	0	0.051
72580524172	2001	11	29	11	0	0.098
72580524172	2001	11	29	12	0	0.039
72580524172	2001	11	29	15	0	0.020
72580524172	2001	11	29	16	0	0.012
72580524172	2001	12	1	9	0	0.012
72580524172	2001	12	2	7	0	0.012
72580524172	2001	12	2	12	0	0.020
72580524172	2001	12	2	13	0	0.130
72580524172	2001	12	10	11	0	0.031
72580524172	2001	12	10	13	0	0.012
72580524172	2001	12	11	9	0	0.012
72580524172	2001	12	17	11	0	0.012
72580524172	2001	12	18	10	0	0.012
72580524172	2001	12	20	11	0	0.031
72580524172	2001	12	21	9	0	0.020
72580524172	2001	12	21	10	0	0.071
72580524172	2001	12	23	10	0	0.020
72580524172	2001	12	28	20	0	0.031
72580524172	2001	12	28	21	0	0.012
72580524172	2001	12	28	22	0	0.012
72580524172	2001	12	28	23	0	0.020
72580524172	2001	12	28	24	0	0.012
72580524172	2001	12	29	1	0	0.012
72580524172	2001	12	29	2	0	0.031
72580524172	2001	12	29	3	0	0.012
72580524172	2001	12	29	13	0	0.012
72580524172	2001	12	30	21	0	0.020
72580524172	2001	12	30	22	0	0.150
72580524172	2001	12	30	23	0	0.118
72580524172	2001	12	30	24	0	0.020
72580524172	2001	12	31	3	0	0.012
72580524172	2002	1	1	13	0	0.012
72580524172	2002	1	1	14	0	0.051
72580524172	2002	1	1	15	0	0.020
72580524172	2002	1	2	18	0	0.039
72580524172	2002	1	2	19	0	0.091
72580524172	2002	1	2	20	0	0.118
72580524172	2002	1	2	21	0	0.039
72580524172	2002	1	2	22	0	0.012
72580524172	2002	1	3	7	0	0.012
72580524172	2002	1	5	12	0	0.012
72580524172	2002	1	5	16	0	0.039
72580524172	2002	1	5	17	0	0.039
72580524172	2002	1	5	18	0	0.020
72580524172	2002	1	5	19	0	0.012
72580524172	2002	1	7	3	0	0.012
72580524172	2002	2	19	5	0	0.012
72580524172	2002	2	19	6	0	0.012
72580524172	2002	2	19	7	0	0.012
72580524172	2002	2	19	8	0	0.051
72580524172	2002	2	19	9	0	0.031
72580524172	2002	2	19	10	0	0.031
72580524172	2002	2	19	11	0	0.051
72580524172	2002	2	19	12	0	0.031
72580524172	2002	2	19	13	0	0.039
72580524172	2002	2	19	14	0	0.012
72580524172	2002	2	19	22	0	0.020
72580524172	2002	2	19	23	0	0.039
72580524172	2002	2	19	24	0	0.020
72580524172	2002	2	20	1	0	0.020
72580524172	2002	2	20	18	0	0.012
72580524172	2002	3	6	24	0	0.020
72580524172	2002	3	23	11	0	0.020
72580524172	2002	3	24	22	0	0.012
72580524172	2002	4	9	14	0	0.012
72580524172	2002	4	17	7	0	0.012
72580524172	2002	4	18	13	0	0.051
72580524172	2002	4	19	5	0	0.012
72580524172	2002	4	26	15	0	0.012
72580524172	2002	4	29	12	0	0.031
72580524172	2002	4	29	14	0	0.189
72580524172	2002	4	29	15	0	0.059
72580524172	2002	4	29	20	0	0.020
72580524172	2002	5	20	9	0	0.012
72580524172	2002	5	20	10	0	0.012
72580524172	2002	5	20	11	0	0.012
72580524172	2002	5	20	19	0	0.012
72580524172	2002	6	1	11	0	0.012
72580524172	2002	6	1	12	0	0.012
72580524172	2002	6	1	17	0	0.020
72580524172	2002	6	21	16	0	0.031
72580524172	2002	6	21	17	0	0.059
72580524172	2002	7	18	16	0	0.012
72580524172	2002	7	18	17	0	0.012
72580524172	2002	7	18	23	0	0.012
72580524172	2002	8	30	19	0	0.079
72580524172	2002	8	30	22	0	0.020
72580524172	2002	9	15	23	0	0.089
72580524172	2002	10	3	21	0	0.020
72580524172	2002	10	3	22	0	0.012
72580524172	2002	10	21	14	0	0.039
72580524172	2002	11	7	23	0	0.012
72580524172	2002	11	7	24	0	0.039
72580524172	2002	11	8	1	0	0.012
72580524172	2002	11	8	10	0	0.012
72580524172	2002	11	8	11	0	0.012
72580524172	2002	11	8	17	0	0.012
72580524172	2002	11	10	8	0	0.051
72580524172	2002	11	10	9	0	0.059
72580524172	2002	11	10	10	0	0.031
72580524172	2002	11	10	11	0	0.031
72580524172	2002	11	10	13	0	0.039
72580524172	2002	11	10	14	0	0.012
72580524172	2002	11	10	15	0	0.012
72580524172	2002	11	10	16	0	0.020
72580524172	2002	11	12	24	0	0.012
72580524172	2002	11	13	2	0	0.012
72580524172	2002	11	23	4	0	0.012
72580524172	2002	12	13	21	0	0.012
72580524172	2002	12	18	10	0	0.031
72580524172	2002	12	18	11	0	0.012
72580524172	2002	12	21	13	0	0.012
72580524172	2002	12	22	11	0	0.020
72580524172	2002	12	22	12	0	0.020
72580524172	2002	12	31	6	0	0.012
72580524172	2003	1	9	11	0	0.031
72580524172	2003	1	9	12	0	0.039
72580524172	2003	1	9	23	0	0.012
72580524172	2003	1	10	0	0	0.039
72580524172	2003	1	10	1	0	0.020
72580524172	2003	1	10	2	0	0.012
72580524172	2003	1	10	8	0	0.012
72580524172	2003	1	10	22	0	0.012
72580524172	2003	1	11	9	0	0.012
72580524172	2003	1	12	11	0	0.012
72580524172	2003	1	23	16	0	0.020
72580524172	2003	1	23	18	0	0.059
72580524172	2003	1	23	19	0	0.051
72580524172	2003	1	23	20	0	0.051
72580524172	2003	1	23	21	0	0.020
72580524172	2003	1	24	6	0	0.012
72580524172	2003	1	25	1	0	0.012
72580524172	2003	1	25	9	0	0.012
72580524172	2003	1	27	15	0	0.012
72580524172	2003	1	27	16	0	0.051
72580524172	2003	1	27	17	0	0.059
72580524172	2003	1	27	18	0	0.020
72580524172	2003	2	12	15	0	0.012
72580524172	2003	2	12	18	0	0.020
72580524172	2003	2	12	19	0	0.012
72580524172	2003	2	12	21	0	0.012
72580524172	2003	2	13	1	0	0.012
72580524172	2003	2	13	2	0	0.031
72580524172	2003	2	13	3	0	0.012
72580524172	2003	2	13	7	0	0.012
72580524172	2003	2	13	8	0	0.020
72580524172	2003	2	13	9	0	0.012
72580524172	2003	2	19	11	0	0.012
72580524172	2003	2	19	12	0	0.031
72580524172	2003	2	19	13	0	0.012
72580524172	2003	2	19	14	0	0.012
72580524172	2003	2	19	15	0	0.012
72580524172	2003	2	19	16	0	0.020
72580524172	2003	2	19	17	0	0.012
72580524172	2003	2	19	18	0	0.020
72580524172	2003	2	20	10	0	0.071
72580524172	2003	2	20	11	0	0.012
72580524172	2003	2	21	9	0	0.012
72580524172	2003	3	15	10	0	0.012
72580524172	2003	3	15	11	0	0.012
72580524172	2003	3	17	1	0	0.071
72580524172	2003	3	17	2	0	0.091
72580524172	2003	3	17	3	0	0.079
72580524172	2003	3	17	4	0	0.039
72580524172	2003	3	17	7	0	0.031
72580524172	2003	3	17	8	0	0.031
72580524172	2003	3	26	6	0	0.012
72580524172	2003	4	9	7	0	0.059
72580524172	2003	4	13	4	0	0.031
72580524172	2003	4	13	5	0	0.031
72580524172	2003	4	13	6	0	0.098
72580524172	2003	4	13	7	0	0.091
72580524172	2003	4	13	8	0	0.031
72580524172	2003	4	13	21	0	0.012
72580524172	2003	4	17	4	0	0.012
72580524172	2003	4	17	5	0	0.012
72580524172	2003	4	17	8	0	0.012
72580524172	2003	4	17	10	0	0.020
72580524172	2003	4	17	13	0	0.091
72580524172	2003	4	17	16	0	0.118
72580524172	2003	4	17	17	0	0.020
72580524172	2003	4	21	4	0	0.012
72580524172	2003	4	21	13	0	0.079
72580524172	2003	4	21	14	0	0.130
72580524172	2003	4	21	15	0	0.059
72580524172	2003	4	28	8	0	0.012
72580524172	2003	4	30	13	0	0.051
72580524172	2003	4	30	14	0	0.059
72580524172	2003	4	30	17	0	0.079
72580524172	2003	5	3	17	0	0.012
72580524172	2003	5	7	10	0	0.012
72580524172	2003	5	7	11	0	0.020
72580524172	2003	5	7	12	0	0.051
72580524172	2003	5	7	17	0	0.012
72580524172	2003	5	7	24	0	0.020
72580524172	2003	5	8	1	0	0.012
72580524172	2003	5	8	2	0	0.051
72580524172	2003	5	8	3	0	0.012
72580524172	2003	5	10	21	0	0.012
72580524172	2003	6	23	19	0	0.020
72580524172	2003	10	30	1	0	0.012
72580524172	2003	11	3	9	0	0.020
72580524172	2003	11	6	11	0	0.012
72580524172	2003	11	7	12	0	0.012
72580524172	2003	11	7	13	0	0.012
72580524172	2003	11	9	1	0	0.031
72580524172	2003	11	9	2	0	0.071
72580524172	2003	11	9	3	0	0.012
72580524172	2003	11	15	1	0	0.012
72580524172	2003	11	15	11	0	0.012
72580524172	2003	11	15	12	0	0.012
72580524172	2003	11	15	13	0	0.020
72580524172	2003	11	15	14	0	0.020
72580524172	2003	11	15	15	0	0.020
72580524172	2003	11	16	9	0	0.012
72580524172	2003	11	16	16	0	0.020
72580524172	2003	11	28	17	0	0.012
72580524172	2003	11	30	19	0	0.012
72580524172	2003	12	7	16	0	0.012
72580524172	2003	12	7	17	0	0.012
72580524172	2003	12	11	9	0	0.012
72580524172	2003	12	11	10	0	0.012
72580524172	2003	12	12	11	0	0.012
72580524172	2003	12	12	12	0	0.051
72580524172	2003	12	12	13	0	0.012
72580524172	2003	12	12	20	0	0.012
72580524172	2003	12	20	18	0	0.012
72580524172	2003	12	20	19	0	0.020
72580524172	2003	12	20	20	0	0.020
72580524172	2003	12	20	21	0	0.039
72580524172	2003	12	20	22	0	0.012
72580524172	2003	12	20	23	0	0.012
72580524172	2003	12	24	13	0	0.012
72580524172	2003	12	24	14	0	0.031
72580524172	2003	12	24	15	0	0.020
72580524172	2003	12	25	11	0	0.031
72580524172	2003	12	25	12	0	0.012
72580524172	2003	12	29	10	0	0.020
72580524172	2003	12	29	21	0	0.031
72580524172	2003	12	29	22	0	0.012
72580524172	2003	12	30	2	0	0.012
72580524172	2003	12	30	9	0	0.031
72580524172	2003	12	31	15	0	0.012
72580524172	2004	1	1	16	0	0.012
72580524172	2004	1	7	9	0	0.020
72580524172	2004	1	7	10	0	0.020
72580524172	2004	1	19	20	0	0.020
72580524172	2004	1	19	22	0	0.012
72580524172	2004	1	20	5	0	0.012
72580524172	2004	1	27	9	0	0.039
72580524172	2004	1	27	10	0	0.051
72580524172	2004	1	27	11	0	0.020
72580524172	2004	1	27	15	0	0.012
72580524172	2004	1	27	16	0	0.020
72580524172	2004	1	28	11	0	0.012
72580524172	2004	1	28	15	0	0.012
72580524172	2004	1	28	21	0	0.012
72580524172	2004	1	30	10	0	0.012
72580524172	2004	2	2	9	0	0.012
72580524172	2004	2	2	17	0	0.098
72580524172	2004	2	2	18	0	0.012
72580524172	2004	2	2	19	0	0.012
72580524172	2004	2	3	9	0	0.012
72580524172	2004	2	3	11	0	0.079
72580524172	2004	2	3	12	0	0.012
72580524172	2004	2	6	13	0	0.012
72580524172	2004	2	7	1	0	0.012
72580524172	2004	2	7	5	0	0.012
72580524172	2004	2	16	3	0	0.012
72580524172	2004	2	18	12	0	0.012
72580524172	2004	2	22	20	0	0.012
72580524172	2004	2	22	21	0	0.039
72580524172	2004	2	22	22	0	0.012
72580524172	2004	2	22	23	0	0.012
72580524172	2004	2	23	9	0	0.012
72580524172	2004	2	25	18	0	0.012
72580524172	2004	2	25	19	0	0.189
72580524172	2004	2	25	20	0	0.012
72580524172	2004	2	26	22	0	0.012
72580524172	2004	3	1	9	0	0.039
72580524172	2004	3	1	10	0	0.012
72580524172	2004	3	1	17	0	0.012
72580524172	2004	3	1	18	0	0.039
72580524172	2004	3	1	19	0	0.039
72580524172	2004	3	1	20	0	0.071
72580524172	2004	3	1	21	0	0.020
72580524172	2004	3	1	22	0	0.020
72580524172	2004	3	1	23	0	0.051
72580524172	2004	3	1	24	0	0.031
72580524172	2004	3	2	1	0	0.020
72580524172	2004	3	2	2	0	0.012
72580524172	2004	3	2	3	0	0.020
72580524172	2004	3	2	5	0	0.012
72580524172	2004	3	2	6	0	0.012
72580524172	2004	3	2	7	0	0.020
72580524172	2004	3	2	8	0	0.039
72580524172	2004	3	3	17	0	0.012
72580524172	2004	4	21	18	0	0.012
72580524172	2004	4	27	20	0	0.012
72580524172	2004	5	10	8	0	0.012
72580524172	2004	5	10	9	0	0.020
72580524172	2004	5	10	10	0	0.012
72580524172	2004	6	8	23	0	0.059
72580524172	2004	6	8	24	0	0.051
72580524172	2004	6	9	1	0	0.051
72580524172	2004	6	9	2	0	0.051
72580524172	2004	6	9	3	0	0.031
72580524172	2004	6	9	4	0	0.071
72580524172	2004	6	9	5	0	0.071
72580524172	2004	6	9	6	0	0.051
72580524172	2004	6	9	7	0	0.031
72580524172	2004	6	9	8	0	0.012
72580524172	2004	6	9	9	0	0.020
72580524172	2004	6	9	10	0	0.012
72580524172	2004	6	9	20	0	0.020
72580524172	2004	7	19	16	0	0.228
72580524172	2004	7	21	17	0	0.051
72580524172	2004	8	15	18	0	0.020
72580524172	2004	8	19	17	0	0.189
72580524172	2004	8	20	7	0	0.130
72580524172	2004	8	20	22	0	0.079
72580524172	2004	9	19	4	0	0.012
72580524172	2004	9	20	10	0	0.020
72580524172	2004	9	20	12	0	0.012
72580524172	2004	10	17	2	0	0.012
72580524172	2004	10	17	14	0	0.012
72580524172	2004	10	17	20	0	0.031
72580524172	2004	10	19	10	0	0.031
72580524172	2004	10	19	11	0	0.039
72580524172	2004	10	19	12	0	0.020
72580524172	2004	10	19	13	0	0.098
72580524172	2004	10	19	14	0	0.020
72580524172	2004	10	19	15	0	0.012
72580524172	2004	10	20	12	0	0.079
72580524172	2004	10	20	13	0	0.012
72580524172	2004	10	20	14	0	0.059
72580524172	2004	10	20	15	0	0.189
72580524172	2004	10	20	16	0	0.118
72580524172	2004	10	20	17	0	0.031
72580524172	2004	10	20	18	0	0.020
72580524172	2004	10	20	19	0	0.012
72580524172	2004	10	20	20	0	0.071
72580524172	2004	10	20	21	0	0.012
72580524172	2004	10	20	22	0	0.012
72580524172	2004	10	23	1	0	0.012
72580524172	2004	10	23	2	0	0.012
72580524172	2004	10	23	3	0	0.012
72580524172	2004	10	23	12	0	0.012
72580524172	2004	10	23	17	0	0.031
72580524172	2004	10	23	18	0	0.051
72580524172	2004	10	23	19	0	0.031
72580524172	2004	10	24	1	0	0.012
72580524172	2004	10	26	8	0	0.031
72580524172	2004	10	26	9	0	0.012
72580524172	2004	10	26	10	0	0.012
72580524172	2004	10	26	15	0	0.012
72580524172	2004	10	26	16	0	0.020
72580524172	2004	10	26	17	0	0.020
72580524172	2004	10	26	18	0	0.071
72580524172	2004	10	26	23	0	0.012
72580524172	2004	10	27	4	0	0.012
72580524172	2004	10	27	5	0	0.012
72580524172	2004	11	8	9	0	0.020
72580524172	2004	11	8	10	0	0.020
72580524172	2004	11	8	11	0	0.012
72580524172	2004	11	8	13	0	0.020
72580524172	2004	11	8	14	0	0.039
72580524172	2004	11	10	21	0	0.118
72580524172	2004	11	10	22	0	0.098
72580524172	2004	11	10	23	0	0.051
72580524172	2004	11	10	24	0	0.051
72580524172	2004	11	11	13	0	0.012
72580524172	2004	11	11	23	0	0.012
72580524172	2004	11	11	24	0	0.012
72580524172	2004	11	12	3	0	0.012
72580524172	2004	11	12	4	0	0.012
72580524172	2004	11	25	12	0	0.012
72580524172	2004	11	25	13	0	0.020
72580524172	2004	11	25	14	0	0.012
72580524172	2004	11	25	15	0	0.020
72580524172	2004	11	25	16	0	0.031
72580524172	2004	11	26	10	0	0.012
72580524172	2004	11	27	1	0	0.020
72580524172	2004	11	27	2	0	0.031
72580524172	2004	11	27	3	0	0.118
72580524172	2004	11	27	4	0	0.071
72580524172	2004	11	27	5	0	0.051
72580524172	2004	11	27	6	0	0.039
72580524172	2004	11	27	7	0	0.012
72580524172	2004	11	27	9	0	0.012
72580524172	2004	11	27	10	0	0.039
72580524172	2004	11	27	11	0	0.059
72580524172	2004	11	27	12	0	0.051
72580524172	2004	11	27	13	0	0.051
72580524172	2004	11	27	14	0	0.031
72580524172	2004	11	27	16	0	0.012
72580524172	2004	12	7	8	0	0.020
72580524172	2004	12	28	12	0	0.020
72580524172	2004	12	28	13	0	0.039
72580524172	2004	12	28	14	0	0.071
72580524172	2004	12	28	15	0	0.020
72580524172	2004	12	28	16	0	0.051
72580524172	2004	12	28	17	0	0.051
72580524172	2004	12	29	10	0	0.039
72580524172	2004	12	29	16	0	0.031
72580524172	2004	12	29	17	0	0.020
72580524172	2004	12	31	11	0	0.039
72580524172	2004	12	31	12	0	0.130
72580524172	2004	12	31	13	0	0.071
72580524172	2004	12	31	14	0	0.071
72580524172	2004	12	31	15	0	0.039
72580524172	2005	1	1	10	0	0.012
72580524172	2005	1	1	11	0	0.020
72580524172	2005	1	1	12	0	0.059
72580524172	2005	1	5	9	0	0.012
72580524172	2005	1	7	11	0	0.051
72580524172	2005	1	7	12	0	0.012
72580524172	2005	1	7	13	0	0.039
72580524172	2005	1	7	14	0	0.039
72580524172	2005	1	7	15	0	0.020
72580524172	2005	1	7	16	0	0.012
72580524172	2005	1	8	9	0	0.031
72580524172	2005	1	8	10	0	0.020
72580524172	2005	1	8	12	0	0.039
72580524172	2005	1	8	13	0	0.020
72580524172	2005	1	8	14	0	0.031
72580524172	2005	1	8	15	0	0.012
72580524172	2005	1	9	11	0	0.020
72580524172	2005	1	9	12	0	0.091
72580524172	2005	1	9	13	0	0.071
72580524172	2005	1	9	22	0	0.012
72580524172	2005	1	9	23	0	0.012
72580524172	2005	1	10	0	0	0.012
72580524172	2005	1	11	9	0	0.012
72580524172	2005	1	11	10	0	0.118
72580524172	2005	1	11	14	0	0.012
72580524172	2005	1	16	12	0	0.020
72580524172	2005	1	26	9	0	0.051
72580524172	2005	1	26	17	0	0.012
72580524172	2005	1	26	21	0	0.012
72580524172	2005	1	26	22	0	0.051
72580524172	2005	1	26	24	0	0.012
72580524172	2005	1	27	1	0	0.020
72580524172	2005	1	28	9	0	0.012
72580524172	2005	1	28	11	0	0.012
72580524172	2005	1	28	12	0	0.012
72580524172	2005	1	30	11	0	0.012
72580524172	2005	2	7	9	0	0.039
72580524172	2005	2	11	13	0	0.012
72580524172	2005	2	11	24	0	0.012
72580524172	2005	2	18	13	0	0.012
72580524172	2005	2	18	14	0	0.039
72580524172	2005	2	18	15	0	0.051
72580524172	2005	2	18	16	0	0.079
72580524172	2005	2	18	17	0	0.039
72580524172	2005	2	18	18	0	0.020
72580524172	2005	2	20	16	0	0.169
72580524172	2005	2	21	5	0	0.012
72580524172	2005	2	21	6	0	0.020
72580524172	2005	2	21	7	0	0.012
72580524172	2005	2	21	8	0	0.020
72580524172	2005	2	21	9	0	0.020
72580524172	2005	2	21	10	0	0.031
72580524172	2005	2	21	11	0	0.020
72580524172	2005	2	21	12	0	0.031
72580524172	2005	2	21	24	0	0.012
72580524172	2005	2	22	14	0	0.020
72580524172	2005	2	22	15	0	0.012
72580524172	2005	2	22	16	0	0.039
72580524172	2005	3	2	6	0	0.079
72580524172	2005	3	2	7	0	0.051
72580524172	2005	3	19	8	0	0.012
72580524172	2005	3	19	9	0	0.012
72580524172	2005	3	19	10	0	0.039
72580524172	2005	3	19	13	0	0.020
72580524172	2005	3	20	11	0	0.012
72580524172	2005	3	20	12	0	0.012
72580524172	2005	3	21	24	0	0.012
72580524172	2005	3	22	1	0	0.031
72580524172	2005	3	22	3	0	0.012
72580524172	2005	3	22	4	0	0.012
72580524172	2005	3	22	12	0	0.020
72580524172	2005	3	22	13	0	0.012
72580524172	2005	3	22	18	0	0.051
72580524172	2005	3	22	19	0	0.201
72580524172	2005	3	22	20	0	0.130
72580524172	2005	3	22	21	0	0.012
72580524172	2005	3	22	22	0	0.031
72580524172	2005	3	22	23	0	0.012
72580524172	2005	3	22	24	0	0.012
72580524172	2005	3	24	14	0	0.039
72580524172	2005	3	29	11	0	0.051
72580524172	2005	3	29	16	0	0.012
72580524172	2005	3	29	17	0	0.012
72580524172	2005	4	8	14	0	0.059
72580524172	2005	4	9	11	0	0.012
72580524172	2005	5	5	13	0	0.039
72580524172	2005	5	5	14	0	0.031
72580524172	2005	5	5	22	0	0.012
72580524172	2005	5	5	23	0	0.020
72580524172	2005	5	5	24	0	0.051
72580524172	2005	5	6	1	0	0.031
72580524172	2005	5	6	2	0	0.031
72580524172	2005	5	6	3	0	0.051
72580524172	2005	5	6	4	0	0.031
72580524172	2005	5	6	5	0	0.039
72580524172	2005	5	6	6	0	0.110
72580524172	2005	5	6	7	0	0.098
72580524172	2005	5	6	8	0	0.079
72580524172	2005	5	6	9	0	0.071
72580524172	2005	5	6	10	0	0.091
72580524172	2005	5	6	11	0	0.079
72580524172	2005	5	6	12	0	0.059
72580524172	2005	5	6	13	0	0.071
72580524172	2005	5	6	14	0	0.039
72580524172	2005	5	6	15	0	0.051
72580524172	2005	5	6	23	0	0.051
72580524172	2005	5	6	24	0	0.020
72580524172	2005	5	7	1	0	0.012
72580524172	2005	5	7	3	0	0.012
72580524172	2005	5	7	4	0	0.020
72580524172	2005	5	7	11	0	0.031
72580524172	2005	5	7	13	0	0.091
72580524172	2005	5	7	17	0	0.012
72580524172	2005	5	7	18	0	0.051
72580524172	2005	5	8	4	0	0.012
72580524172	2005	5	8	14	0	0.031
72580524172	2005	5	8	15	0	0.012
72580524172	2005	5	8	16	0	0.012
72580524172	2005	5	8	23	0	0.012
72580524172	2005	5	9	2	0	0.051
72580524172	2005	5	9	3	0	0.059
72580524172	2005	5	9	4	0	0.012
72580524172	2005	5	15	16	0	0.051
72580524172	2005	5	15	18	0	0.012
72580524172	2005	5	15	19	0	0.012
72580524172	2005	5	15	20	0	0.012
72580524172	2005	5	16	1	0	0.012
72580524172	2005	5	16	2	0	0.071
72580524172	2005	5	16	3	0	0.012
72580524172	2005	5	16	8	0	0.012
72580524172	2005	6	8	6	0	0.020
72580524172	2005	6	8	7	0	0.012
72580524172	2005	6	8	8	0	0.020
72580524172	2005	6	8	9	0	0.012
72580524172	2005	6	8	16	0	0.012
72580524172	2005	6	8	17	0	0.012
72580524172	2005	6	8	18	0	0.012
72580524172	2005	6	8	19	0	0.020
72580524172	2005	6	8	20	0	0.031
72580524172	2005	6	8	21	0	0.020
72580524172	2005	6	8	22	0	0.012
72580524172	2005	6	9	18	0	0.051
72580524172	2005	6	9	19	0	0.012
72580524172	2005	6	10	22	0	0.012
72580524172	2005	6	10	23	0	0.020
72580524172	2005	6	10	24	0	0.012
72580524172	2005	7	27	9	0	0.039
72580524172	2005	8	17	17	0	0.039
72580524172	2005	8	18	3	0	0.020
72580524172	2005	9	10	1	0	0.031
72580524172	2005	9	10	2	0	0.039
72580524172	2005	9	10	3	0	0.031
72580524172	2005	9	10	4	0	0.012
72580524172	2005	9	10	6	0	0.012
72580524172	2005	9	26	24	0	0.012
72580524172	2005	10	2	2	0	0.012
72580524172	2005	10	7	22	0	0.012
72580524172	2005	10	7	23	0	0.031
72580524172	2005	10	7	24	0	0.110
72580524172	2005	10	8	1	0	0.020
72580524172	2005	10	8	2	0	0.012
72580524172	2005	10	26	19	0	0.012
72580524172	2005	10	27	6	0	0.012
72580524172	2005	10	27	7	0	0.031
72580524172	2005	10	27	8	0	0.012
72580524172	2005	10	27	9	0	0.031
72580524172	2005	10	27	10	0	0.059
72580524172	2005	10	27	11	0	0.012
72580524172	2005	10	27	13	0	0.012
72580524172	2005	10	27	14	0	0.020
72580524172	2005	10	27	22	0	0.012
72580524172	2005	10	28	17	0	0.012
72580524172	2005	10	28	18	0	0.020
72580524172	2005	11	25	7	0	0.031
72580524172	2005	11	25	11	0	0.020
72580524172	2005	11	25	12	0	0.091
72580524172	2005	11	25	13	0	0.012
72580524172	2005	11	29	8	0	0.012
72580524172	2005	11	29	9	0	0.079
72580524172	2005	11	29	10	0	0.079
72580524172	2005	11	29	18	0	0.012
72580524172	2005	12	8	9	0	0.020
72580524172	2005	12	8	10	0	0.051
72580524172	2005	12	8	11	0	0.020
72580524172	2005	12	18	12	0	0.020
72580524172	2005	12	18	13	0	0.051
72580524172	2005	12	18	14	0	0.012
72580524172	2005	12	18	17	0	0.012
72580524172	2005	12	19	10	0	0.059
72580524172	2005	12	19	11	0	0.098
72580524172	2005	12	19	12	0	0.118
72580524172	2005	12	19	13	0	0.118
72580524172	2005	12	19	14	0	0.079
72580524172	2005	12	21	19	0	0.071
72580524172	2005	12	21	20	0	0.059
72580524172	2005	12	22	4	0	0.012
72580524172	2005	12	22	14	0	0.012
72580524172	2005	12	22	15	0	0.031
72580524172	2005	12	23	21	0	0.012
72580524172	2005	12	24	20	0	0.012
72580524172	2005	12	25	10	0	0.012
72580524172	2005	12	25	23	0	0.012
72580524172	2005	12	26	3	0	0.012
72580524172	2005	12	26	6	0	0.098
72580524172	2005	12	27	19	0	0.012
72580524172	2005	12	28	9	0	0.020
72580524172	2005	12	28	11	0	0.012
72580524172	2005	12	31	2	0	0.012
72580524172	2005	12	31	3	0	0.012
72580524172	2005	12	31	4	0	0.039
72580524172	2005	12	31	5	0	0.039
72580524172	2005	12	31	6	0	0.059
72580524172	2005	12	31	7	0	0.118
72580524172	2005	12	31	8	0	0.150
72580524172	2005	12	31	9	0	0.071
72580524172	2005	12	31	10	0	0.020
72580524172	2005	12	31	11	0	0.051
72580524172	2005	12	31	12	0	0.079
72580524172	2005	12	31	13	0	0.020
72580524172	2005	12	31	15	0	0.039
72580524172	2006	1	1	20	0	0.012
72580524172	2006	1	2	0	0	0.012
72580524172	2006	1	2	2	0	0.012
72580524172	2006	1	2	3	0	0.012
72580524172	2006	1	2	4	0	0.059
72580524172	2006	1	2	5	0	0.059
72580524172	2006	1	2	7	0	0.039
72580524172	2006	1	2	8	0	0.051
72580524172	2006	1	2	9	0	0.051
72580524172	2006	1	2	10	0	0.012
72580524172	2006	1	2	11	0	0.039
72580524172	2006	1	2	12	0	0.098
72580524172	2006	1	2	13	0	0.071
72580524172	2006	1	2	14	0	0.051
72580524172	2006	1	2	15	0	0.051
72580524172	2006	1	2	16	0	0.012
72580524172	2006	1	2	17	0	0.012
72580524172	2006	1	2	18	0	0.020
72580524172	2006	1	2	19	0	0.020
72580524172	2006	1	3	11	0	0.039
72580524172	2006	1	3	12	0	0.020
72580524172	2006	1	3	13	0	0.079
72580524172	2006	1	3	14	0	0.039
72580524172	2006	1	3	15	0	0.031
72580524172	2006	1	4	9	0	0.039
72580524172	2006	1	6	10	0	0.012
72580524172	2006	1	7	9	0	0.012
72580524172	2006	1	13	8	0	0.012
72580524172	2006	1	17	11	0	0.039
72580524172	2006	1	17	12	0	0.071
72580524172	2006	1	17	13	0	0.051
72580524172	2006	1	18	10	0	0.020
72580524172	2006	1	18	11	0	0.012
72580524172	2006	1	18	12	0	0.031
72580524172	2006	1	18	14	0	0.031
72580524172	2006	1	20	11	0	0.012
72580524172	2006	1	24	9	0	0.012
72580524172	2006	1	26	9	0	0.012
72580524172	2006	1	28	20	0	0.012
72580524172	2006	1	29	5	0	0.012
72580524172	2006	2	3	8	0	0.012
72580524172	2006	2	9	9	0	0.012
72580524172	2006	2	18	11	0	0.020
72580524172	2006	2	27	13	0	0.012
72580524172	2006	2	27	14	0	0.012
72580524172	2006	2	27	18	0	0.020
72580524172	2006	2	27	22	0	0.012
72580524172	2006	2	28	1	0	0.031
72580524172	2006	2	28	2	0	0.039
72580524172	2006	3	3	9	0	0.012
72580524172	2006	3	3	11	0	0.020
72580524172	2006	3	3	12	0	0.012
72580524172	2006	3	6	9	0	0.012
72580524172	2006	3	7	14	0	0.012
72580524172	2006	3	7	17	0	0.020
72580524172	2006	3	9	1	0	0.012
72580524172	2006	3	10	12	0	0.012
72580524172	2006	3	11	8	0	0.012
72580524172	2006	3	11	9	0	0.012
72580524172	2006	3	12	8	0	0.012
72580524172	2006	3	25	8	0	0.012
72580524172	2006	3	28	18	0	0.012
72580524172	2006	3	28	19	0	0.012
72580524172	2006	3	28	21	0	0.012
72580524172	2006	3	28	22	0	0.012
72580524172	2006	3	30	22	0	0.012
72580524172	2006	3	30	23	0	0.031
72580524172	2006	3	30	24	0	0.039
72580524172	2006	3	31	1	0	0.091
72580524172	2006	3	31	2	0	0.012
72580524172	2006	3	31	18	0	0.012
72580524172	2006	3	31	19	0	0.020
72580524172	2006	3	31	20	0	0.039
72580524172	2006	3	31	21	0	0.012
72580524172	2006	3	31	22	0	0.020
72580524172	2006	3	31	23	0	0.118
72580524172	2006	4	3	22	0	0.012
72580524172	2006	4	4	9	0	0.012
72580524172	2006	4	4	10	0	0.039
72580524172	2006	4	4	11	0	0.039
72580524172	2006	4	4	17	0	0.012
72580524172	2006	4	4	19	0	0.031
72580524172	2006	4	4	20	0	0.280
72580524172	2006	4	4	21	0	0.051
72580524172	2006	4	4	22	0	0.039
72580524172	2006	4	4	23	0	0.118
72580524172	2006	4	4	24	0	0.031
72580524172	2006	4	5	1	0	0.012
72580524172	2006	4	5	5	0	0.012
72580524172	2006	4	5	6	0	0.012
72580524172	2006	4	12	5	0	0.012
72580524172	2006	4	12	7	0	0.031
72580524172	2006	4	12	8	0	0.020
72580524172	2006	4	16	10	0	0.012
72580524172	2006	4	22	4	0	0.012
72580524172	2006	4	22	5	0	0.012
72580524172	2006	4	22	17	0	0.118
72580524172	2006	4	22	18	0	0.098
72580524172	2006	4	22	19	0	0.012
72580524172	2006	4	22	20	0	0.020
72580524172	2006	4	22	21	0	0.079
72580524172	2006	4	23	3	0	0.012
72580524172	2006	4	23	11	0	0.012
72580524172	2006	4	23	13	0	0.031
72580524172	2006	4	23	14	0	0.051
72580524172	2006	4	23	19	0	0.020
72580524172	2006	4	23	20	0	0.091
72580524172	2006	4	23	21	0	0.012
72580524172	2006	4	23	22	0	0.012
72580524172	2006	4	23	23	0	0.012
72580524172	2006	4	23	24	0	0.020
72580524172	2006	5	19	18	0	0.051
72580524172	2006	5	19	21	0	0.012
72580524172	2006	5	19	22	0	0.012
72580524172	2006	5	21	16	0	0.012
72580524172	2006	5	21	21	0	0.012
72580524172	2006	5	21	23	0	0.012
72580524172	2006	5	21	24	0	0.012
72580524172	2006	5	22	3	0	0.280
72580524172	2006	5	22	7	0	0.012
72580524172	2006	5	22	10	0	0.012
72580524172	2006	5	22	11	0	0.020
72580524172	2006	5	22	12	0	0.020
72580524172	2006	5	22	14	0	0.012
72580524172	2006	5	22	21	0	0.012
72580524172	2006	5	23	10	0	0.118
72580524172	2006	5	27	10	0	0.012
72580524172	2006	5	27	13	0	0.020
72580524172	2006	5	27	14	0	0.012
72580524172	2006	5	27	15	0	0.051
72580524172	2006	6	28	17	0	0.012
72580524172	2006	7	23	7	0	0.012
72580524172	2006	7	23	8	0	0.012
72580524172	2006	8	23	8	0	0.012
72580524172	2006	9	15	10	0	0.020
72580524172	2006	9	19	17	0	0.012
72580524172	2006	10	2	2	0	0.031
72580524172	2006	10	2	6	0	0.012
72580524172	2006	10	6	17	0	0.051
72580524172	2006	10	6	18	0	0.142
72580524172	2006	10	6	19	0	0.051
72580524172	2006	11	1	9	0	0.020
72580524172	2006	11	1	10	0	0.031
72580524172	2006	11	1	11	0	0.012
72580524172	2006	11	2	7	0	0.012
72580524172	2006	11	2	19	0	0.012
72580524172	2006	11	2	20	0	0.020
72580524172	2006	11	3	11	0	0.012
72580524172	2006	11	3	15	0	0.012
72580524172	2006	11	3	16	0	0.020
72580524172	2006	11	3	17	0	0.012
72580524172	2006	11	4	2	0	0.012
72580524172	2006	11	8	8	0	0.012
72580524172	2006	11	8	9	0	0.020
72580524172	2006	11	8	11	0	0.012
72580524172	2006	11	12	23	0	0.020
72580524172	2006	11	13	24	0	0.012
72580524172	2006	11	14	1	0	0.031
72580524172	2006	11	14	2	0	0.020
72580524172	2006	11	14	3	0	0.012
72580524172	2006	11	27	13	0	0.012
72580524172	2006	11	28	10	0	0.012
72580524172	2006	11	28	11	0	0.051
72580524172	2006	11	28	12	0	0.012
72580524172	2006	12	10	2	0	0.020
72580524172	2006	12	22	11	0	0.091
72580524172	2006	12	22	12	0	0.079
72580524172	2006	12	22	13	0	0.012
72580524172	2006	12	27	10	0	0.012
72580524172	2006	12	27	12	0	0.012
72580524172	2006	12	27	13	0	0.012
72580524172	2007	1	4	13	0	0.01
72580524172	2007	1	4	14	0	0.02
72580524172	2007	1	4	15	0	0.02
72580524172	2007	1	4	16	0	0.05
72580524172	2007	1	4	17	0	0.01
72580524172	2007	1	4	18	0	0.02
72580524172	2007	1	4	19	0	0.03
72580524172	2007	1	4	20	0	0.02
72580524172	2007	1	4	21	0	0.06
72580524172	2007	1	4	22	0	0.02
72580524172	2007	1	4	23	0	0.03
72580524172	2007	1	10	18	0	0.01
72580524172	2007	2	10	2	0	0.01
72580524172	2007	2	10	3	0	0.02
72580524172	2007	2	10	4	0	0.02
72580524172	2007	2	10	20	0	0.01
72580524172	2007	2	10	21	0	0.01
72580524172	2007	2	11	5	0	0.01
72580524172	2007	2	11	7	0	0.01
72580524172	2007	2	11	8	0	0.01
72580524172	2007	2	11	9	0	0.01
72580524172	2007	2	19	5	0	0.01
72580524172	2007	2	25	13	0	0.01
72580524172	2007	2	26	16	0	0.01
72580524172	2007	2	26	19	0	0.01
72580524172	2007	2	26	20	0	0.02
72580524172	2007	3	21	1	0	0.01
72580524172	2007	3	21	2	0	0.04
72580524172	2007	3	21	3	0	0.02
72580524172	2007	3	21	4	0	0.03
72580524172	2007	3	27	5	0	0.02
72580524172	2007	3	27	6	0	0.02
72580524172	2007	4	12	9	0	0.01
72580524172	2007	4	12	12	0	0.01
72580524172	2007	4	15	0	0	0.02
72580524172	2007	4	15	3	0	0.01
72580524172	2007	4	15	4	0	0.01
72580524172	2007	4	22	1	0	0.02
72580524172	2007	4	22	2	0	0.02
72580524172	2007	4	22	3	0	0.01
72580524172	2007	4	22	4	0	0.02
72580524172	2007	4	22	6	0	0.01
72580524172	2007	4	22	7	0	0.02
72580524172	2007	4	22	8	0	0.01
72580524172	2007	4	22	9	0	0.01
72580524172	2007	4	22	10	0	0.01
72580524172	2007	4	22	12	0	0.01
72580524172	2007	4	22	13	0	0.05
72580524172	2007	4	22	14	0	0.11
72580524172	2007	4	22	15	0	0.2
72580524172	2007	4	22	18	0	0.02
72580524172	2007	4	22	19	0	0.01
72580524172	2007	4	22	20	0	0.02
72580524172	2007	4	22	21	0	0.03
72580524172	2007	4	23	6	0	0.01
72580524172	2007	4	23	7	0	0.03
72580524172	2007	5	2	20	0	0.04
72580524172	2007	5	4	6	0	0.01
72580524172	2007	5	4	7	0	0.02
72580524172	2007	5	4	8	0	0.02
72580524172	2007	5	4	9	0	0.03
72580524172	2007	5	4	10	0	0.01
72580524172	2007	5	4	15	0	0.01
72580524172	2007	5	4	16	0	0.01
72580524172	2007	5	5	1	0	0.03
72580524172	2007	6	6	7	0	0.01
72580524172	2007	6	6	19	0	0.03
72580524172	2007	7	12	0	0	0.001
72580524172	2007	7	12	1	0	0.006
72580524172	2007	7	25	11	0	0.004
72580524172	2007	9	23	10	0	0.04
72580524172	2007	9	23	11	0	0.08
72580524172	2007	9	23	17	0	0.03
72580524172	2007	9	23	18	0	0.03
72580524172	2007	10	1	13	0	0.01
72580524172	2007	10	1	14	0	0.03
72580524172	2007	10	1	15	0	0.06
72580524172	2007	10	1	16	0	0.02
72580524172	2007	10	5	18	0	0.06
72580524172	2007	10	5	19	0	0.01
72580524172	2007	10	5	20	0	0.01
72580524172	2007	10	5	21	0	0.02
72580524172	2007	10	30	1	0	0.07
72580524172	2007	10	30	2	0	0.1
72580524172	2007	10	30	3	0	0.03
72580524172	2007	10	30	18	0	0.01
72580524172	2007	10	30	21	0	0.01
72580524172	2007	10	30	22	0	0.04
72580524172	2007	10	31	0	0	0.01
72580524172	2007	11	11	3	0	0.01
72580524172	2007	11	11	4	0	0.03
72580524172	2007	11	11	5	0	0.03
72580524172	2007	11	11	6	0	0.03
72580524172	2007	11	11	7	0	0.01
72580524172	2007	11	11	8	0	0.04
72580524172	2007	11	11	9	0	0.03
72580524172	2007	11	11	10	0	0.05
72580524172	2007	11	11	11	0	0.03
72580524172	2007	11	11	12	0	0.04
72580524172	2007	11	11	13	0	0.11
72580524172	2007	11	11	14	0	0.03
72580524172	2007	11	11	15	0	0.03
72580524172	2007	11	12	16	0	0.01
72580524172	2007	12	6	21	0	0.01
72580524172	2007	12	6	22	0	0.02
72580524172	2007	12	6	23	0	0.03
72580524172	2007	12	7	0	0	0.02
72580524172	2007	12	7	1	0	0.03
72580524172	2007	12	7	2	0	0.02
72580524172	2007	12	7	5	0	0.01
72580524172	2007	12	7	6	0	0.02
72580524172	2007	12	7	7	0	0.02
72580524172	2007	12	7	9	0	0.01
72580524172	2007	12	7	11	0	0.01
72580524172	2007	12	7	13	0	0.01
72580524172	2007	12	7	14	0	0.03
72580524172	2007	12	7	15	0	0.04
72580524172	2007	12	7	16	0	0.01
72580524172	2007	12	7	17	0	0.01
72580524172	2007	12	19	0	0	0.01
72580524172	2007	12	24	16	0	0.01
72580524172	2007	12	28	18	0	0.04
72580524172	2007	12	28	19	0	0.05
72580524172	2007	12	28	20	0	0.01
72580524172	2007	12	29	18	0	0.03
72580524172	2007	12	29	19	0	0.05
72580524172	2008	1	4	19	0	0.02
72580524172	2008	1	4	20	0	0.04
72580524172	2008	1	4	21	0	0.05
72580524172	2008	1	4	22	0	0.07
72580524172	2008	1	4	23	0	0.01
72580524172	2008	1	5	0	0	0.12
72580524172	2008	1	5	1	0	0.066
72580524172	2008	1	5	2	0	0.025
72580524172	2008	1	5	3	0	0.01
72580524172	2008	1	5	4	0	0.009
72580524172	2008	1	6	17	0	0.04
72580524172	2008	1	6	18	0	0.01
72580524172	2008	1	10	17	0	0.04
72580524172	2008	1	10	18	0	0.14
72580524172	2008	1	10	19	0	0.14
72580524172	2008	1	10	20	0	0.07
72580524172	2008	1	12	20	0	0.03
72580524172	2008	1	14	20	0	0.01
72580524172	2008	1	21	19	0	0.02
72580524172	2008	1	24	20	0	0.04
72580524172	2008	1	27	16	0	0.01
72580524172	2008	1	27	17	0	0.01
72580524172	2008	2	3	13	0	0.02
72580524172	2008	2	3	17	0	0.04
72580524172	2008	2	20	10	0	0.01
72580524172	2008	2	20	11	0	0.02
72580524172	2008	2	20	12	0	0.07
72580524172	2008	2	20	13	0	0.02
72580524172	2008	2	20	20	0	0.01
72580524172	2008	2	21	23	0	0.01
72580524172	2008	2	22	0	0	0.03
72580524172	2008	2	22	1	0	0.01
72580524172	2008	2	22	2	0	0.01
72580524172	2008	2	22	9	0	0.01
72580524172	2008	2	23	3	0	0.04
72580524172	2008	2	23	4	0	0.01
72580524172	2008	2	24	3	0	0.08
72580524172	2008	2	24	4	0	0.11
72580524172	2008	2	24	5	0	0.06
72580524172	2008	2	24	6	0	0.03
72580524172	2008	2	24	7	0	0.08
72580524172	2008	2	24	8	0	0.01
72580524172	2008	2	24	9	0	0.01
72580524172	2008	3	14	4	0	0.04
72580524172	2008	3	14	5	0	0.09
72580524172	2008	3	14	6	0	0.04
72580524172	2008	3	14	16	0	0.01
72580524172	2008	3	15	20	0	0.01
72580524172	2008	5	21	3	0	0.02
72580524172	2008	5	21	5	0	0.01
72580524172	2008	5	23	12	0	0.01
72580524172	2008	5	23	13	0	0.01
72580524172	2008	5	23	14	0	0.08
72580524172	2008	5	23	15	0	0.03
72580524172	2008	5	24	15	0	0.05
72580524172	2008	5	24	16	0	0.01
72580524172	2008	5	24	19	0	0.11
72580524172	2008	5	24	20	0	0.04
72580524172	2008	5	25	1	0	0.02
72580524172	2008	5	25	2	0	0.01
72580524172	2008	5	25	4	0	0.01
72580524172	2008	5	25	5	0	0.03
72580524172	2008	5	25	6	0	0.01
72580524172	2008	5	25	10	0	0.01
72580524172	2008	5	25	12	0	0.03
72580524172	2008	5	25	13	0	0.04
72580524172	2008	5	25	14	0	0.03
72580524172	2008	5	25	17	0	0.01
72580524172	2008	5	25	18	0	0.01
72580524172	2008	5	26	17	0	0.2
72580524172	2008	5	26	18	0	0.04
72580524172	2008	5	26	19	0	0.01
72580524172	2008	5	26	20	0	0.01
72580524172	2008	5	26	21	0	0.07
72580524172	2008	5	26	22	0	0.13
72580524172	2008	5	26	23	0	0.09
72580524172	2008	5	27	0	0	0.02
72580524172	2008	5	27	16	0	0.03
72580524172	2008	5	27	17	0	0.04
72580524172	2008	5	27	21	0	0.01
72580524172	2008	5	27	22	0	0.23
72580524172	2008	5	27	23	0	0.11
72580524172	2008	5	28	17	0	0.01
72580524172	2008	5	28	22	0	0.02
72580524172	2008	5	28	23	0	0.04
72580524172	2008	5	29	3	0	0.01
72580524172	2008	5	29	4	0	0.01
72580524172	2008	6	30	0	0	0.03
72580524172	2008	8	8	1	0	0.04
72580524172	2008	9	30	0	0	0.09
72580524172	2008	9	30	3	0	0.03
72580524172	2008	10	4	6	0	0.02
72580524172	2008	10	4	9	0	0.02
72580524172	2008	10	4	10	0	0.01
72580524172	2008	10	4	11	0	0.01
72580524172	2008	11	1	21	0	0.01
72580524172	2008	11	1	23	0	0.01
72580524172	2008	11	2	8	0	0.06
72580524172	2008	11	2	10	0	0.01
72580524172	2008	11	9	1	0	0.05
72580524172	2008	11	9	7	0	0.05
72580524172	2008	11	9	8	0	0.01
72580524172	2008	11	9	9	0	0.02
72580524172	2008	11	9	10	0	0.08
72580524172	2008	11	9	11	0	0.17
72580524172	2008	11	9	12	0	0.06
72580524172	2008	11	9	13	0	0.07
72580524172	2008	11	9	14	0	0.09
72580524172	2008	11	9	15	0	0.05
72580524172	2008	11	10	1	0	0.01
72580524172	2008	11	12	1	0	0.01
72580524172	2008	12	14	17	0	0.01
72580524172	2008	12	16	19	0	0.031
72580524172	2008	12	19	20	0	0.01
72580524172	2008	12	21	20	0	0.01
72580524172	2008	12	21	21	0	0.04
72580524172	2008	12	21	22	0	0.02
72580524172	2008	12	21	23	0	0.01
72580524172	2008	12	22	9	0	0.01
72580524172	2008	12	23	17	0	0.01
72580524172	2008	12	23	18	0	0.02
72580524172	2008	12	24	21	0	0.03
72580524172	2008	12	24	22	0	0.03
72580524172	2008	12	24	23	0	0.01
72580524172	2008	12	25	9	0	0.01
72580524172	2008	12	25	10	0	0.01
72580524172	2008	12	25	11	0	0.01
72580524172	2008	12	25	14	0	0.03
72580524172	2008	12	25	15	0	0.04
72580524172	2008	12	25	16	0	0.01
72580524172	2008	12	25	21	0	0.01
72580524172	2009	1	22	17	0	0.02
72580524172	2009	1	22	20	0	0.03
72580524172	2009	1	22	21	0	0.03
72580524172	2009	1	22	22	0	0.02
72580524172	2009	1	23	17	0	0.01
72580524172	2009	1	23	23	0	0.02
72580524172	2009	1	24	0	0	0.04
72580524172	2009	1	24	1	0	0.03
72580524172	2009	1	24	2	0	0.09
72580524172	2009	1	24	3	0	0.15
72580524172	2009	1	24	4	0	0.01
72580524172	2009	1	24	8	0	0.01
72580524172	2009	1	24	9	0	0.01
72580524172	2009	1	24	10	0	0.01
72580524172	2009	1	25	2	0	0.01
72580524172	2009	1	25	13	0	0.01
72580524172	2009	1	25	15	0	0.01
72580524172	2009	1	25	16	0	0.01
72580524172	2009	1	25	17	0	0.03
72580524172	2009	2	6	20	0	0.03
72580524172	2009	2	9	9	0	0.01
72580524172	2009	2	9	19	0	0.01
72580524172	2009	2	17	0	0	0.03
72580524172	2009	2	17	1	0	0.01
72580524172	2009	2	18	1	0	0.01
72580524172	2009	3	4	8	0	0.04
72580524172	2009	3	4	11	0	0.11
72580524172	2009	3	4	12	0	0.197
72580524172	2009	3	4	13	0	0.055
72580524172	2009	3	4	15	0	0.008
72580524172	2009	3	4	17	0	0.01
72580524172	2009	3	4	19	0	0.06
72580524172	2009	3	9	16	0	0.01
72580524172	2009	3	9	17	0	0.01
72580524172	2009	3	21	20	0	0.01
72580524172	2009	4	8	10	0	0.01
72580524172	2009	4	10	9	0	0.01
72580524172	2009	4	10	10	0	0.01
72580524172	2009	4	10	14	0	0.01
72580524172	2009	4	10	21	0	0.01
72580524172	2009	4	24	14	0	0.002
72580524172	2009	4	24	16	0	0.005
72580524172	2009	4	24	17	0	0.01
72580524172	2009	4	24	18	0	0.001
72580524172	2009	4	24	20	0	0.08
72580524172	2009	4	24	21	0	0.03
72580524172	2009	4	24	22	0	0.024
72580524172	2009	4	24	23	0	0.006
72580524172	2009	5	2	0	0	0.15
72580524172	2009	5	2	1	0	0.01
72580524172	2009	5	2	2	0	0.05
72580524172	2009	5	2	3	0	0.05
72580524172	2009	5	2	5	0	0.01
72580524172	2009	5	3	18	0	0.01
72580524172	2009	6	2	0	0	0.01
72580524172	2009	6	2	1	0	0.18
72580524172	2009	6	2	2	0	0.04
72580524172	2009	6	2	6	0	0.01
72580524172	2009	6	3	1	0	0.05
72580524172	2009	6	3	2	0	0.03
72580524172	2009	6	6	17	0	0.01
72580524172	2009	6	6	18	0	0.01
72580524172	2009	6	6	19	0	0.01
72580524172	2009	6	6	20	0	0.01
72580524172	2009	6	6	22	0	0.01
72580524172	2009	6	7	0	0	0.01
72580524172	2009	6	7	6	0	0.01
72580524172	2009	6	9	20	0	0.11
72580524172	2009	6	10	0	0	0.05
72580524172	2009	6	10	1	0	0.01
72580524172	2009	6	11	18	0	0.02
72580524172	2009	6	13	2	0	0.004
72580524172	2009	6	13	3	0	0.01
72580524172	2009	6	13	4	0	0.01
72580524172	2009	6	13	5	0	0.02
72580524172	2009	6	13	6	0	0.04
72580524172	2009	6	13	7	0	0.07
72580524172	2009	6	13	8	0	0.01
72580524172	2009	6	13	13	0	0.02
72580524172	2009	6	13	15	0	0.22
72580524172	2009	6	13	16	0	0.1
72580524172	2009	6	13	17	0	0.01
72580524172	2009	6	13	23	0	0.03
72580524172	2009	6	14	0	0	0.33
72580524172	2009	6	16	0	0	0.02
72580524172	2009	6	16	2	0	0.03
72580524172	2009	6	17	8	0	0.03
72580524172	2009	6	17	9	0	0.02
72580524172	2009	6	17	10	0	0.01
72580524172	2009	6	17	15	0	0.02
72580524172	2009	6	17	16	0	0.01
72580524172	2009	6	17	21	0	0.01
72580524172	2009	6	17	22	0	0.47
72580524172	2009	6	20	4	0	0.01
72580524172	2009	6	21	0	0	0.01
72580524172	2009	8	6	19	0	0.02
72580524172	2009	8	6	21	0	0.01
72580524172	2009	8	7	0	0	0.02
72580524172	2009	10	13	16	0	0.001
72580524172	2009	10	13	17	0	0.002
72580524172	2009	10	13	18	0	0.002
72580524172	2009	10	13	19	0	0.002
72580524172	2009	10	13	22	0	0.01
72580524172	2009	10	13	23	0	0.06
72580524172	2009	10	14	0	0	0.02
72580524172	2009	10	14	1	0	0.04
72580524172	2009	10	14	2	0	0.05
72580524172	2009	10	14	3	0	0.05
72580524172	2009	10	14	4	0	0.04
72580524172	2009	10	14	5	0	0.008
72580524172	2009	10	14	6	0	0.003
72580524172	2009	11	28	2	0	0.01
72580524172	2009	11	28	3	0	0.01
72580524172	2009	11	28	4	0	0.04
72580524172	2009	11	28	5	0	0.02
72580524172	2009	12	12	20	0	0.01
72580524172	2009	12	12	22	0	0.02
72580524172	2009	12	12	23	0	0.01
72580524172	2009	12	13	19	0	0.17
72580524172	2009	12	13	20	0	0.08
72580524172	2009	12	13	21	0	0.08
72580524172	2009	12	13	22	0	0.05
72580524172	2009	12	13	23	0	0.01
72580524172	2009	12	14	18	0	0.02
72580524172	2009	12	29	19	0	0.01
72580524172	2009	12	30	18	0	0.05
72580524172	2009	12	30	19	0	0.01
72580524172	2010	1	9	2	0	0.004
72580524172	2010	1	9	3	0	0.03
72580524172	2010	1	10	8	0	0.01
72580524172	2010	1	10	9	0	0.01
72580524172	2010	1	10	10	0	0.01
72580524172	2010	1	12	16	0	0.01
72580524172	2010	1	13	13	0	0.06
72580524172	2010	1	13	14	0	0.04
72580524172	2010	1	18	22	0	0.01
72580524172	2010	1	19	1	0	0.12
72580524172	2010	1	19	2	0	0.01
72580524172	2010	1	21	0	0	0.02
72580524172	2010	1	22	17	0	0.02
72580524172	2010	1	25	17	0	0.01
72580524172	2010	1	25	18	0	0.04
72580524172	2010	1	25	19	0	0.04
72580524172	2010	1	25	20	0	0.05
72580524172	2010	1	25	21	0	0.08
72580524172	2010	1	25	22	0	0.07
72580524172	2010	1	25	23	0	0.07
72580524172	2010	1	26	0	0	0.06
72580524172	2010	1	26	1	0	0.04
72580524172	2010	1	26	3	0	0.02
72580524172	2010	1	26	18	0	0.01
72580524172	2010	1	26	20	0	0.01
72580524172	2010	1	27	5	0	0.01
72580524172	2010	1	30	15	0	0.01
72580524172	2010	1	30	16	0	0.01
72580524172	2010	1	30	17	0	0.02
72580524172	2010	1	30	18	0	0.02
72580524172	2010	1	30	19	0	0.01
72580524172	2010	1	31	5	0	0.03
72580524172	2010	2	7	3	0	0.06
72580524172	2010	2	7	5	0	0.04
72580524172	2010	2	7	6	0	0.02
72580524172	2010	2	7	7	0	0.15
72580524172	2010	2	7	8	0	0.08
72580524172	2010	2	7	9	0	0.01
72580524172	2010	2	21	14	0	0.01
72580524172	2010	2	24	21	0	0.01
72580524172	2010	2	24	23	0	0.03
72580524172	2010	2	25	0	0	0.01
72580524172	2010	2	25	2	0	0.03
72580524172	2010	2	25	3	0	0.01
72580524172	2010	2	27	5	0	0.01
72580524172	2010	2	27	8	0	0.002
72580524172	2010	3	4	1	0	0.02
72580524172	2010	3	4	2	0	0.03
72580524172	2010	4	12	4	0	0.02
72580524172	2010	4	12	5	0	0.03
72580524172	2010	4	20	19	0	0.08
72580524172	2010	4	20	20	0	0.04
72580524172	2010	4	20	21	0	0.06
72580524172	2010	4	21	15	0	0.02
72580524172	2010	4	21	21	0	0.02
72580524172	2010	4	22	1	0	0.01
72580524172	2010	4	22	2	0	0.07
72580524172	2010	4	22	3	0	0.06
72580524172	2010	4	22	4	0	0.1
72580524172	2010	4	22	5	0	0.08
72580524172	2010	4	22	7	0	0.03
72580524172	2010	4	22	8	0	0.04
72580524172	2010	4	22	9	0	0.05
72580524172	2010	4	22	10	0	0.17
72580524172	2010	4	22	11	0	0.12
72580524172	2010	4	22	12	0	0.04
72580524172	2010	4	22	13	0	0.03
72580524172	2010	4	22	14	0	0.02
72580524172	2010	4	22	15	0	0.01
72580524172	2010	4	22	16	0	0.01
72580524172	2010	4	22	18	0	0.01
72580524172	2010	4	22	19	0	0.01
72580524172	2010	4	22	20	0	0.01
72580524172	2010	4	22	22	0	0.01
72580524172	2010	4	23	2	0	0.02
72580524172	2010	4	23	3	0	0.02
72580524172	2010	5	11	9	0	0.02
72580524172	2010	5	11	10	0	0.01
72580524172	2010	5	17	17	0	0.02
72580524172	2010	5	17	21	0	0.06
72580524172	2010	5	17	22	0	0.06
72580524172	2010	5	18	1	0	0.1
72580524172	2010	5	18	2	0	0.02
72580524172	2010	5	26	7	0	0.01
72580524172	2010	5	27	16	0	0.04
72580524172	2010	5	27	17	0	0.01
72580524172	2010	5	27	19	0	0.02
72580524172	2010	5	27	20	0	0.01
72580524172	2010	5	28	2	0	0.05
72580524172	2010	5	28	5	0	0.04
72580524172	2010	5	28	6	0	0.03
72580524172	2010	5	28	7	0	0.01
72580524172	2010	5	28	9	0	0.01
72580524172	2010	5	28	18	0	0.01
72580524172	2010	5	28	19	0	0.05
72580524172	2010	5	28	20	0	0.04
72580524172	2010	5	29	3	0	0.01
72580524172	2010	6	1	3	0	0.05
72580524172	2010	6	1	4	0	0.02
72580524172	2010	6	1	7	0	0.008
72580524172	2010	7	28	5	0	0.01
72580524172	2010	7	28	7	0	0.04
72580524172	2010	7	28	8	0	0.01
72580524172	2010	8	22	3	0	0.02
72580524172	2010	10	4	0	0	0.03
72580524172	2010	10	4	1	0	0.03
72580524172	2010	10	4	10	0	0.02
72580524172	2010	10	4	11	0	0.05
72580524172	2010	10	4	13	0	0.05
72580524172	2010	10	4	14	0	0.19
72580524172	2010	10	4	15	0	0.2
72580524172	2010	10	4	16	0	0.07
72580524172	2010	10	4	17	0	0.01
72580524172	2010	10	4	18	0	0.01
72580524172	2010	10	5	12	0	0.02
72580524172	2010	10	5	13	0	0.03
72580524172	2010	10	5	14	0	0.04
72580524172	2010	10	5	15	0	0.01
72580524172	2010	10	5	23	0	0.008
72580524172	2010	10	6	0	0	0.02
72580524172	2010	10	6	7	0	0.03
72580524172	2010	10	6	9	0	0.01
72580524172	2010	10	6	23	0	0.01
72580524172	2010	10	7	5	0	0.01
72580524172	2010	10	7	6	0	0.05
72580524172	2010	10	7	7	0	0.02
72580524172	2010	10	7	10	0	0.06
72580524172	2010	10	7	11	0	0.06
72580524172	2010	10	7	12	0	0.05
72580524172	2010	10	7	13	0	0.03
72580524172	2010	10	7	14	0	0.07
72580524172	2010	10	7	15	0	0.16
72580524172	2010	10	7	16	0	0.07
72580524172	2010	10	7	17	0	0.01
72580524172	2010	10	7	18	0	0.02
72580524172	2010	10	7	21	0	0.01
72580524172	2010	10	7	23	0	0.02
72580524172	2010	10	8	0	0	0.03
72580524172	2010	10	8	3	0	0.01
72580524172	2010	10	23	12	0	0.02
72580524172	2010	10	23	13	0	0.02
72580524172	2010	10	24	0	0	0.01
72580524172	2010	10	24	1	0	0.01
72580524172	2010	10	24	2	0	0.01
72580524172	2010	10	24	3	0	0.01
72580524172	2010	10	24	6	0	0.01
72580524172	2010	10	24	7	0	0.03
72580524172	2010	10	24	8	0	0.01
72580524172	2010	10	24	19	0	0.01
72580524172	2010	10	25	2	0	0.03
72580524172	2010	10	25	3	0	0.01
72580524172	2010	10	25	5	0	0.02
72580524172	2010	11	20	8	0	0.004
72580524172	2010	11	20	9	0	0.05
72580524172	2010	11	20	10	0	0.03
72580524172	2010	11	20	11	0	0.01
72580524172	2010	11	20	12	0	0.02
72580524172	2010	11	21	10	0	0.01
72580524172	2010	11	23	18	0	0.01
72580524172	2010	11	27	23	0	0.02
72580524172	2010	11	28	1	0	0.02
72580524172	2010	12	4	20	0	0.01
72580524172	2010	12	6	8	0	0.02
72580524172	2010	12	15	1	0	0.01
72580524172	2010	12	15	2	0	0.01
72580524172	2010	12	15	5	0	0.03
72580524172	2010	12	15	6	0	0.04
72580524172	2010	12	15	7	0	0.01
72580524172	2010	12	17	20	0	0.01
72580524172	2010	12	17	23	0	0.02
72580524172	2010	12	18	0	0	0.02
72580524172	2010	12	18	1	0	0.01
72580524172	2010	12	18	2	0	0.01
72580524172	2010	12	18	4	0	0.02
72580524172	2010	12	18	5	0	0.04
72580524172	2010	12	18	6	0	0.02
72580524172	2010	12	18	7	0	0.02
72580524172	2010	12	19	7	0	0.01
72580524172	2010	12	19	16	0	0.02
72580524172	2010	12	19	17	0	0.06
72580524172	2010	12	19	18	0	0.01
72580524172	2010	12	19	20	0	0.03
72580524172	2010	12	19	21	0	0.03
72580524172	2010	12	19	22	0	0.02
72580524172	2010	12	26	8	0	0.05
72580524172	2010	12	28	20	0	0.01
72580524172	2010	12	28	23	0	0.04
72580524172	2010	12	29	0	0	0.02
72580524172	2010	12	29	3	0	0.01
72580524172	2010	12	29	14	0	0.01
72580524172	2011	1	11	23	0	0.005
72580524172	2011	1	12	0	0	0.04
72580524172	2011	1	30	18	0	0.01
72580524172	2011	2	16	15	0	0.03
72580524172	2011	2	18	8	0	0.009
72580524172	2011	2	18	9	0	0.05
72580524172	2011	2	18	10	0	0.11
72580524172	2011	2	18	11	0	0.06
72580524172	2011	2	18	12	0	0.03
72580524172	2011	2	18	13	0	0.01
72580524172	2011	2	18	15	0	0.01
72580524172	2011	2	18	17	0	0.01
72580524172	2011	2	19	8	0	0.01
72580524172	2011	2	19	10	0	0.01
72580524172	2011	2	19	11	0	0.01
72580524172	2011	2	19	17	0	0.02
72580524172	2011	2	19	18	0	0.02
72580524172	2011	3	6	10	0	0.01
72580524172	2011	3	6	11	0	0.01
72580524172	2011	3	6	12	0	0.04
72580524172	2011	3	6	13	0	0.02
72580524172	2011	3	6	14	0	0.02
72580524172	2011	3	6	15	0	0.02
72580524172	2011	3	6	16	0	0.01
72580524172	2011	3	6	17	0	0.01
72580524172	2011	3	6	18	0	0.01
72580524172	2011	3	6	22	0	0.01
72580524172	2011	3	7	8	0	0.01
72580524172	2011	3	7	10	0	0.07
72580524172	2011	3	21	3	0	0.024
72580524172	2011	3	21	4	0	0.023
72580524172	2011	3	21	5	0	0.011
72580524172	2011	3	21	6	0	0.002
72580524172	2011	3	21	7	0	0.008
72580524172	2011	3	21	8	0	0.01
72580524172	2011	3	21	9	0	0.007
72580524172	2011	3	21	10	0	0.011
72580524172	2011	3	21	11	0	0.01
72580524172	2011	3	23	20	0	0.01
72580524172	2011	3	24	2	0	0.08
72580524172	2011	3	25	3	0	0.01
72580524172	2011	3	26	12	0	0.01
72580524172	2011	4	7	14	0	0.01
72580524172	2011	4	8	20	0	0.02
72580524172	2011	4	21	12	0	0.03
72580524172	2011	4	21	13	0	0.03
72580524172	2011	4	23	23	0	0.01
72580524172	2011	4	24	5	0	0.01
72580524172	2011	4	26	3	0	0.01
72580524172	2011	4	26	4	0	0.02
72580524172	2011	5	8	6	0	0.02
72580524172	2011	5	8	8	0	0.01
72580524172	2011	5	8	13	0	0.01
72580524172	2011	5	8	14	0	0.01
72580524172	2011	5	9	14	0	0.01
72580524172	2011	5	9	20	0	0.01
72580524172	2011	5	15	15	0	0.06
72580524172	2011	5	15	16	0	0.04
72580524172	2011	5	17	21	0	0.01
72580524172	2011	5	17	23	0	0.1
72580524172	2011	5	18	22	0	0.01
72580524172	2011	5	19	0	0	0.26
72580524172	2011	5	21	23	0	0.01
72580524172	2011	5	22	3	0	0.03
72580524172	2011	5	22	5	0	0.01
72580524172	2011	5	29	5	0	0.01
72580524172	2011	5	29	6	0	0.01
72580524172	2011	5	29	7	0	0.01
72580524172	2011	5	29	10	0	0.01
72580524172	2011	5	29	14	0	0.01
72580524172	2011	6	6	14	0	0.01
72580524172	2011	6	6	15	0	0.01
72580524172	2011	6	29	15	0	0.03
72580524172	2011	6	29	16	0	0.1
72580524172	2011	6	29	17	0	0.04
72580524172	2011	7	7	1	0	0.02
72580524172	2011	7	31	1	0	0.13
72580524172	2011	8	28	2	0	0.01
72580524172	2011	8	28	3	0	0.01
72580524172	2011	9	11	4	0	0.01
72580524172	2011	9	16	1	0	0.08
72580524172	2011	10	5	5	0	0.01
72580524172	2011	10	5	7	0	0.01
72580524172	2011	10	5	10	0	0.02
72580524172	2011	10	5	11	0	0.01
72580524172	2011	10	5	12	0	0.07
72580524172	2011	10	5	13	0	0.07
72580524172	2011	10	5	14	0	0.06
72580524172	2011	10	10	17	0	0.011
72580524172	2011	10	10	18	0	0.06
72580524172	2011	10	10	19	0	0.08
72580524172	2011	10	10	20	0	0.01
72580524172	2011	10	19	8	0	0.001
72580524172	2011	10	19	9	0	0.001
72580524172	2011	10	19	10	0	0.001
72580524172	2011	10	19	11	0	0.001
72580524172	2011	10	19	12	0	0.001
72580524172	2011	11	4	10	0	0.02
72580524172	2011	11	4	11	0	0.01
72580524172	2011	11	6	8	0	0.02
72580524172	2011	11	6	9	0	0.03
72580524172	2011	11	6	10	0	0.01
72580524172	2011	11	6	11	0	0.01
72580524172	2011	11	7	0	0	0.01
72580524172	2011	11	7	7	0	0.01
72580524172	2011	11	19	3	0	0.01
72580524172	2011	11	19	10	0	0.01
72580524172	2012	1	21	5	0	0.01
72580524172	2012	1	21	6	0	0.01
72580524172	2012	1	21	7	0	0.06
72580524172	2012	1	21	8	0	0.05
72580524172	2012	1	21	9	0	0.01
72580524172	2012	1	21	11	0	0.02
72580524172	2012	1	21	12	0	0.13
72580524172	2012	1	21	18	0	0.01
72580524172	2012	1	23	12	0	0.01
72580524172	2012	1	23	13	0	0.09
72580524172	2012	1	23	14	0	0.07
72580524172	2012	1	23	15	0	0.05
72580524172	2012	1	23	16	0	0.02
72580524172	2012	2	13	10	0	0.01
72580524172	2012	2	13	11	0	0.04
72580524172	2012	2	13	12	0	0.01
72580524172	2012	2	13	13	0	0.01
72580524172	2012	2	13	14	0	0.01
72580524172	2012	2	13	15	0	0.01
72580524172	2012	2	13	18	0	0.02
72580524172	2012	2	13	19	0	0.04
72580524172	2012	2	13	23	0	0.02
72580524172	2012	3	17	5	0	0.02
72580524172	2012	3	17	7	0	0.01
72580524172	2012	3	17	8	0	0.01
72580524172	2012	3	17	9	0	0.03
72580524172	2012	3	17	10	0	0.03
72580524172	2012	3	18	2	0	0.06
72580524172	2012	3	18	5	0	0.03
72580524172	2012	3	18	6	0	0.03
72580524172	2012	3	18	7	0	0.09
72580524172	2012	3	18	8	0	0.09
72580524172	2012	3	18	9	0	0.05
72580524172	2012	3	26	6	0	0.02
72580524172	2012	4	11	16	0	0.06
72580524172	2012	4	11	17	0	0.07
72580524172	2012	4	11	20	0	0.01
72580524172	2012	4	11	21	0	0.02
72580524172	2012	4	12	1	0	0.01
72580524172	2012	4	14	7	0	0.01
72580524172	2012	4	14	10	0	0.01
72580524172	2012	4	14	22	0	0.04
72580524172	2012	4	24	23	0	0.14
72580524172	2012	4	26	4	0	0.02
72580524172	2012	4	26	8	0	0.02
72580524172	2012	4	26	11	0	0.02
72580524172	2012	4	26	12	0	0.05
72580524172	2012	4	26	14	0	0.01
72580524172	2012	4	26	19	0	0.01
72580524172	2012	5	25	9	0	0.01
72580524172	2012	5	25	10	0	0.13
72580524172	2012	5	25	13	0	0.01
72580524172	2012	5	25	14	0	0.01
72580524172	2012	5	25	15	0	0.01
72580524172	2012	5	26	5	0	0.02
72580524172	2012	5	26	10	0	0.01
72580524172	2012	8	10	3	0	0.04
72580524172	2012	8	31	16	0	0.05
72580524172	2012	8	31	17	0	0.02
72580524172	2012	9	1	0	0	0.05
72580524172	2012	9	1	1	0	0.01
72580524172	2012	9	6	13	0	0.02
72580524172	2012	9	6	14	0	0.02
72580524172	2012	10	12	8	0	0.01
72580524172	2012	10	12	9	0	0.02
72580524172	2012	10	12	13	0	0.02
72580524172	2012	10	12	14	0	0.04
72580524172	2012	10	12	15	0	0.01
72580524172	2012	10	22	12	0	0.02
72580524172	2012	10	22	13	0	0.02
72580524172	2012	10	22	14	0	0.03
72580524172	2012	10	22	18	0	0.01
72580524172	2012	10	25	8	0	0.01
72580524172	2012	11	10	20	0	0.01
72580524172	2012	11	17	22	0	0.04
72580524172	2012	11	28	23	0	0.01
72580524172	2012	11	30	20	0	0.02
72580524172	2012	11	30	21	0	0.02
72580524172	2012	11	30	22	0	0.01
72580524172	2012	11	30	23	0	0.02
72580524172	2012	12	2	18	0	0.02
72580524172	2012	12	2	19	0	0.01
72580524172	2012	12	2	20	0	0.01
72580524172	2012	12	5	9	0	0.01
72580524172	2012	12	5	11	0	0.02
72580524172	2012	12	5	13	0	0.04
72580524172	2012	12	5	14	0	0.03
72580524172	2012	12	13	2	0	0.01
72580524172	2012	12	13	3	0	0.01
72580524172	2012	12	22	19	0	0.06
72580524172	2012	12	23	21	0	0.01
72580524172	2012	12	26	1	0	0.02
72580524172	2012	12	26	3	0	0.01
72580524172	2012	12	26	5	0	0.01
72580524172	2012	12	26	6	0	0.08
72580524172	2012	12	26	7	0	0.05
72580524172	2012	12	30	9	0	0.01
72580524172	2013	1	25	7	0	0.02
72580524172	2013	1	25	8	0	0.01
72580524172	2013	1	25	10	0	0.02
72580524172	2013	2	23	11	0	0.02
72580524172	2013	3	3	13	0	0.01
72580524172	2013	3	3	15	0	0.01
72580524172	2013	3	3	16	0	0.01
72580524172	2013	3	3	17	0	0.01
72580524172	2013	3	3	21	0	0.02
72580524172	2013	3	3	23	0	0.05
72580524172	2013	3	20	8	0	0.02
72580524172	2013	3	31	21	0	0.01
72580524172	2013	4	8	8	0	0.01
72580524172	2013	4	8	12	0	0.01
72580524172	2013	4	15	5	0	0.01
72580524172	2013	4	15	6	0	0.01
72580524172	2013	5	7	6	0	0.02
72580524172	2013	5	7	7	0	0.07
72580524172	2013	5	7	9	0	0.01
72580524172	2013	5	7	19	0	0.02
72580524172	2013	5	7	20	0	0.03
72580524172	2013	5	7	21	0	0.01
72580524172	2013	5	8	22	0	0.01
72580524172	2013	5	8	23	0	0.01
72580524172	2013	5	17	0	0	0.01
72580524172	2013	5	28	7	0	0.02
72580524172	2013	6	12	22	0	0.05
72580524172	2013	7	5	3	0	0.04
72580524172	2013	7	28	4	0	0.01
72580524172	2013	8	28	2	0	0.01
72580524172	2013	9	4	3	0	0.03
72580524172	2013	9	4	4	0	0.02
72580524172	2013	9	5	0	0	0.01
72580524172	2013	9	12	23	0	0.011
72580524172	2013	9	22	0	0	0.02
72580524172	2013	10	28	6	0	0.02
72580524172	2013	10	28	7	0	0.15
72580524172	2013	10	28	8	0	0.01
72580524172	2013	10	28	17	0	0.01
72580524172	2013	10	28	19	0	0.02
72580524172	2013	10	28	20	0	0.01
72580524172	2013	10	28	21	0	0.01
72580524172	2013	10	28	22	0	0.01
72580524172	2013	10	28	23	0	0.03
72580524172	2013	10	29	0	0	0.03
72580524172	2013	10	29	4	0	0.01
72580524172	2013	10	29	7	0	0.03
72580524172	2013	10	29	8	0	0.01
72580524172	2013	10	29	12	0	0.02
72580524172	2013	10	29	13	0	0.04
72580524172	2013	10	29	14	0	0.08
72580524172	2013	10	29	15	0	0.02
72580524172	2013	11	21	2	0	0.086
72580524172	2013	11	21	3	0	0.12
72580524172	2013	11	21	4	0	0.01
72580524172	2013	11	21	5	0	0.03
72580524172	2013	11	21	6	0	0.02
72580524172	2013	11	21	7	0	0.01
72580524172	2013	11	21	8	0	0.02
72580524172	2013	11	21	9	0	0.03
72580524172	2013	11	21	10	0	0.01
72580524172	2013	11	21	11	0	0.02
72580524172	2013	12	7	9	0	0.03
72580524172	2013	12	19	12	0	0.03
72580524172	2014	1	31	8	0	0.04
72580524172	2014	2	9	13	0	0.01
72580524172	2014	2	9	14	0	0.02
72580524172	2014	2	9	17	0	0.01
72580524172	2014	2	9	22	0	0.02
72580524172	2014	2	9	23	0	0.03
72580524172	2014	2	10	0	0	0.06
72580524172	2014	2	10	1	0	0.03
72580524172	2014	2	10	2	0	0.04
72580524172	2014	2	10	3	0	0.02
72580524172	2014	2	10	4	0	0.07
72580524172	2014	2	10	5	0	0.02
72580524172	2014	2	10	6	0	0.03
72580524172	2014	2	10	8	0	0.04
72580524172	2014	2	10	9	0	0.06
72580524172	2014	2	10	10	0	0.05
72580524172	2014	2	10	11	0	0.01
72580524172	2014	2	27	9	0	0.1
72580524172	2014	2	27	10	0	0.08
72580524172	2014	2	28	18	0	0.06
72580524172	2014	3	1	1	0	0.08
72580524172	2014	3	1	2	0	0.01
72580524172	2014	3	4	3	0	0.02
72580524172	2014	3	4	4	0	0.01
72580524172	2014	3	4	5	0	0.01
72580524172	2014	3	4	6	0	0.06
72580524172	2014	3	4	7	0	0.06
72580524172	2014	3	4	8	0	0.01
72580524172	2014	3	4	10	0	0.02
72580524172	2014	3	6	9	0	0.02
72580524172	2014	3	30	5	0	0.01
72580524172	2014	3	30	6	0	0.04
72580524172	2014	3	30	7	0	0.04
72580524172	2014	3	30	8	0	0.02
72580524172	2014	4	1	6	0	0.04
72580524172	2014	4	2	23	0	0.01
72580524172	2014	4	25	16	0	0.01
72580524172	2014	4	25	17	0	0.02
72580524172	2014	4	25	18	0	0.01
72580524172	2014	4	26	0	0	0.01
72580524172	2014	4	26	6	0	0.08
72580524172	2014	4	26	7	0	0.03
72580524172	2014	5	6	14	0	0.02
72580524172	2014	5	20	8	0	0.01
72580524172	2014	5	20	9	0	0.05
72580524172	2014	5	20	10	0	0.07
72580524172	2014	5	20	11	0	0.18
72580524172	2014	5	20	12	0	0.12
72580524172	2014	5	20	13	0	0.03
72580524172	2014	5	20	14	0	0.06
72580524172	2014	5	20	15	0	0.11
72580524172	2014	5	20	16	0	0.13
72580524172	2014	5	20	17	0	0.09
72580524172	2014	5	20	18	0	0.03
72580524172	2014	5	20	23	0	0.03
72580524172	2014	5	21	0	0	0.02
72580524172	2014	5	21	18	0	0.08
72580524172	2014	5	22	0	0	0.03
72580524172	2014	5	22	1	0	0.07
72580524172	2014	5	22	5	0	0.03
72580524172	2014	6	17	10	0	0.04
72580524172	2014	6	17	11	0	0.03
72580524172	2014	6	17	12	0	0.01
72580524172	2014	7	20	23	0	0.05
72580524172	2014	8	5	0	0	0.05
72580524172	2014	8	5	6	0	0.01
72580524172	2014	8	5	7	0	0.02
72580524172	2014	8	5	8	0	0.04
72580524172	2014	8	5	11	0	0.02
72580524172	2014	8	5	13	0	0.01
72580524172	2014	8	5	14	0	0.06
72580524172	2014	8	5	15	0	0.12
72580524172	2014	8	5	16	0	0.09
72580524172	2014	8	5	17	0	0.02
72580524172	2014	8	9	4	0	0.06
72580524172	2014	8	11	3	0	0.03
72580524172	2014	8	26	1	0	0.03
72580524172	2014	9	9	3	0	0.01
72580524172	2014	9	19	10	0	0.01
72580524172	2014	9	19	11	0	0.01
72580524172	2014	9	27	3	0	0.07
72580524172	2014	9	27	4	0	0.05
72580524172	2014	9	27	5	0	0.01
72580524172	2014	9	27	13	0	0.02
72580524172	2014	9	27	14	0	0.04
72580524172	2014	9	27	15	0	0.07
72580524172	2014	9	27	16	0	0.01
72580524172	2014	9	28	4	0	0.03
72580524172	2014	9	28	5	0	0.07
72580524172	2014	9	28	6	0	0.02
72580524172	2014	9	28	16	0	0.02
72580524172	2014	9	28	17	0	0.01
72580524172	2014	9	28	20	0	0.02
72580524172	2014	11	1	11	0	0.05
72580524172	2014	11	1	12	0	0.03
72580524172	2014	11	1	13	0	0.05
72580524172	2014	11	1	14	0	0.02
72580524172	2014	11	1	16	0	0.02
72580524172	2014	11	1	17	0	0.02
72580524172	2014	11	1	18	0	0.01
72580524172	2014	11	13	13	0	0.02
72580524172	2014	11	30	12	0	0.02
72580524172	2014	12	1	5	0	0.01
72580524172	2014	12	2	23	0	0.01
72580524172	2014	12	3	0	0	0.01
72580524172	2014	12	3	9	0	0.01
72580524172	2014	12	12	15	0	0.02
72580524172	2014	12	12	16	0	0.07
72580524172	2014	12	12	17	0	0.02
72580524172	2014	12	12	18	0	0.02
72580524172	2014	12	15	20	0	0.01
72580524172	2014	12	20	12	0	0.01
72580524172	2014	12	20	13	0	0.02
72580524172	2014	12	20	14	0	0.04
72580524172	2014	12	20	15	0	0.03
72580524172	2014	12	20	19	0	0.01
72580524172	2014	12	20	21	0	0.01
72580524172	2014	12	20	22	0	0.01
72580524172	2014	12	25	0	0	0.01
72580524172	2014	12	25	1	0	0.01
72580524172	2014	12	25	2	0	0.01
72580524172	2014	12	25	3	0	0.01
72580524172	2015	1	27	15	0	0.03
72580524172	2015	1	27	16	0	0.04
72580524172	2015	1	27	17	0	0.06
72580524172	2015	1	27	18	0	0.04
72580524172	2015	1	27	19	0	0.02
72580524172	2015	1	27	20	0	0.05
72580524172	2015	1	27	21	0	0.05
72580524172	2015	1	27	22	0	0.01
72580524172	2015	1	28	0	0	0.01
72580524172	2015	2	2	18	0	0.05
72580524172	2015	2	2	19	0	0.02
72580524172	2015	2	3	4	0	0.02
72580524172	2015	2	3	6	0	0.01
72580524172	2015	2	7	6	0	0.01
72580524172	2015	2	8	23	0	0.01
72580524172	2015	2	9	0	0	0.01
72580524172	2015	2	9	2	0	0.02
72580524172	2015	2	9	3	0	0.06
72580524172	2015	2	9	4	0	0.08
72580524172	2015	2	9	5	0	0.05
72580524172	2015	2	9	6	0	0.11
72580524172	2015	2	9	7	0	0.16
72580524172	2015	2	9	8	0	0.01
72580524172	2015	2	27	20	0	0.02
72580524172	2015	2	28	15	0	0.05
72580524172	2015	2	28	16	0	0.04
72580524172	2015	2	28	17	0	0.02
72580524172	2015	2	28	19	0	0.01
72580524172	2015	4	23	2	0	0.01
72580524172	2015	4	23	3	0	0.13
72580524172	2015	4	23	4	0	0.1
72580524172	2015	4	23	5	0	0.06
72580524172	2015	4	24	9	0	0.01
72580524172	2015	4	24	10	0	0.03
72580524172	2015	4	25	7	0	0.01
72580524172	2015	4	25	8	0	0.02
72580524172	2015	4	25	9	0	0.08
72580524172	2015	4	25	10	0	0.05
72580524172	2015	4	25	11	0	0.13
72580524172	2015	4	25	12	0	0.11
72580524172	2015	4	25	13	0	0.06
72580524172	2015	4	25	15	0	0.01
72580524172	2015	5	8	23	0	0.02
72580524172	2015	5	9	1	0	0.1
72580524172	2015	5	9	2	0	0.04
72580524172	2015	5	9	3	0	0.01
72580524172	2015	5	15	14	0	0.01
72580524172	2015	5	15	15	0	0.1
72580524172	2015	5	15	16	0	0.07
72580524172	2015	5	15	17	0	0.08
72580524172	2015	5	15	18	0	0.11
72580524172	2015	5	15	19	0	0.09
72580524172	2015	5	15	20	0	0.03
72580524172	2015	5	15	21	0	0.05
72580524172	2015	5	15	22	0	0.01
72580524172	2015	5	15	23	0	0.01
72580524172	2015	5	16	1	0	0.01
72580524172	2015	5	16	3	0	0.01
72580524172	2015	5	16	6	0	0.02
72580524172	2015	5	17	22	0	0.09
72580524172	2015	5	17	23	0	0.11
72580524172	2015	5	18	1	0	0.01
72580524172	2015	5	18	2	0	0.02
72580524172	2015	5	18	6	0	0.01
72580524172	2015	5	18	7	0	0.01
72580524172	2015	5	19	3	0	0.05
72580524172	2015	5	19	5	0	0.01
72580524172	2015	5	19	6	0	0.01
72580524172	2015	5	19	9	0	0.06
72580524172	2015	5	19	10	0	0.01
72580524172	2015	5	20	23	0	0.02
72580524172	2015	5	21	0	0	0.16
72580524172	2015	5	21	22	0	0.16
72580524172	2015	5	23	0	0	0.01
72580524172	2015	5	23	5	0	0.01
72580524172	2015	5	23	13	0	0.01
72580524172	2015	5	23	15	0	0.01
72580524172	2015	5	23	21	0	0.05
72580524172	2015	5	23	22	0	0.03
72580524172	2015	5	24	22	0	0.02
72580524172	2015	5	25	23	0	0.01
72580524172	2015	5	26	0	0	0.01
72580524172	2015	5	26	1	0	0.01
72580524172	2015	6	4	12	0	0.02
72580524172	2015	6	4	13	0	0.03
72580524172	2015	6	4	14	0	0.01
72580524172	2015	6	4	17	0	0.01
72580524172	2015	6	4	18	0	0.06
72580524172	2015	6	4	19	0	0.04
72580524172	2015	6	4	20	0	0.01
72580524172	2015	6	5	4	0	0.07
72580524172	2015	6	7	0	0	0.06
72580524172	2015	6	7	1	0	0.01
72580524172	2015	6	10	7	0	0.01
72580524172	2015	6	10	9	0	0.01
72580524172	2015	6	10	12	0	0.03
72580524172	2015	6	10	13	0	0.08
72580524172	2015	6	10	14	0	0.02
72580524172	2015	6	11	1	0	0.01
72580524172	2015	6	11	2	0	0.013
72580524172	2015	6	11	3	0	0.04
72580524172	2015	6	11	4	0	0.06
72580524172	2015	7	4	20	0	0.06
72580524172	2015	7	4	22	0	0.01
72580524172	2015	7	5	0	0	0.02
72580524172	2015	7	5	1	0	0.02
72580524172	2015	7	5	3	0	0.01
72580524172	2015	7	6	4	0	0.7
72580524172	2015	7	6	5	0	0.1
72580524172	2015	7	11	0	0	0.01
72580524172	2015	7	22	21	0	0.05
72580524172	2015	7	22	22	0	0.04
72580524172	2015	7	22	23	0	0.03
72580524172	2015	7	23	1	0	0.02
72580524172	2015	8	7	9	0	0.01
72580524172	2015	8	7	12	0	0.04
72580524172	2015	8	7	13	0	0.02
72580524172	2015	8	7	14	0	0.04
72580524172	2015	8	7	15	0	0.01
72580524172	2015	8	7	16	0	0.03
72580524172	2015	8	7	17	0	0.14
72580524172	2015	8	7	18	0	0.01
72580524172	2015	8	8	0	0	0.02
72580524172	2015	8	8	1	0	0.03
72580524172	2015	10	1	16	0	0.04
72580524172	2015	10	1	17	0	0.03
72580524172	2015	10	1	20	0	0.06
72580524172	2015	10	1	21	0	0.01
72580524172	2015	10	1	22	0	0.06
72580524172	2015	10	1	23	0	0.01
72580524172	2015	10	2	1	0	0.04
72580524172	2015	10	2	2	0	0.01
72580524172	2015	10	2	4	0	0.01
72580524172	2015	10	2	7	0	0.01
72580524172	2015	10	2	8	0	0.01
72580524172	2015	10	4	2	0	0.01
72580524172	2015	10	17	13	0	0.02
72580524172	2015	10	18	12	0	0.01
72580524172	2015	10	18	14	0	0.001
72580524172	2015	10	18	15	0	0.22
72580524172	2015	10	18	16	0	0.15
72580524172	2015	10	18	17	0	0.05
72580524172	2015	10	18	18	0	0.03
72580524172	2015	10	18	21	0	0.01
72580524172	2015	10	19	2	0	0.02
72580524172	2015	10	19	12	0	0.01
72580524172	2015	10	19	13	0	0.01
72580524172	2015	10	19	14	0	0.01
72580524172	2015	10	19	16	0	0.02
72580524172	2015	10	19	19	0	0.05
72580524172	2015	10	19	20	0	0.01
72580524172	2015	10	20	0	0	0.04
72580524172	2015	10	29	5	0	0.01
72580524172	2015	10	29	6	0	0.01
72580524172	2015	11	2	6	0	0.01
72580524172	2015	11	2	7	0	0.02
72580524172	2015	11	2	8	0	0.03
72580524172	2015	11	2	9	0	0.08
72580524172	2015	11	2	10	0	0.03
72580524172	2015	11	2	11	0	0.02
72580524172	2015	11	2	12	0	0.03
72580524172	2015	11	2	13	0	0.04
72580524172	2015	11	2	14	0	0.07
72580524172	2015	11	2	15	0	0.09
72580524172	2015	11	2	16	0	0.06
72580524172	2015	11	2	17	0	0.05
72580524172	2015	11	2	18	0	0.04
72580524172	2015	11	2	19	0	0.02
72580524172	2015	11	2	20	0	0.02
72580524172	2015	11	2	21	0	0.01
72580524172	2015	11	2	22	0	0.02
72580524172	2015	11	2	23	0	0.01
72580524172	2015	11	3	0	0	0.02
72580524172	2015	11	3	1	0	0.02
72580524172	2015	11	3	2	0	0.04
72580524172	2015	11	3	3	0	0.06
72580524172	2015	11	3	4	0	0.04
72580524172	2015	11	3	5	0	0.04
72580524172	2015	11	3	6	0	0.02
72580524172	2015	11	10	9	0	0.01
72580524172	2015	12	3	19	0	0.055
72580524172	2015	12	10	17	0	0.02
72580524172	2015	12	22	11	0	0.01
72580524172	2015	12	22	16	0	0.03
72580524172	2015	12	22	17	0	0.01
72580524172	2015	12	28	14	0	0.01
72580524172	2015	12	28	16	0	0.02
72580524172	2015	12	28	17	0	0.01
72580524172	2015	12	28	18	0	0.01
72580524172	2015	12	28	20	0	0.01
72580524172	2015	12	28	22	0	0.01
72580524172	2015	12	30	13	0	0.01
72580524172	2016	1	5	18	0	0.01
72580524172	2016	1	7	11	0	0.03
72580524172	2016	1	15	9	0	0.01
72580524172	2016	1	15	10	0	0.03
72580524172	2016	1	16	10	0	0.01
72580524172	2016	1	16	11	0	0.01
72580524172	2016	1	18	11	0	0.01
72580524172	2016	1	18	12	0	0.03
72580524172	2016	1	19	19	0	0.02
72580524172	2016	1	19	20	0	0.01
72580524172	2016	1	30	9	0	0.05
72580524172	2016	1	30	10	0	0.07
72580524172	2016	1	30	11	0	0.06
72580524172	2016	1	30	12	0	0.01
72580524172	2016	1	30	13	0	0.01
72580524172	2016	1	30	14	0	0.01
72580524172	2016	1	31	1	0	0.01
72580524172	2016	1	31	2	0	0.01
72580524172	2016	2	18	8	0	0.04
72580524172	2016	3	5	7	0	0.02
72580524172	2016	3	5	8	0	0.04
72580524172	2016	3	6	8	0	0.01
72580524172	2016	3	7	21	0	0.03
72580524172	2016	3	9	14	0	0.01
72580524172	2016	3	9	15	0	0.01
72580524172	2016	3	11	3	0	0.03
72580524172	2016	3	11	4	0	0.01
72580524172	2016	3	12	4	0	0.01
72580524172	2016	3	28	12	0	0.04
72580524172	2016	3	28	13	0	0.08
72580524172	2016	3	28	14	0	0.07
72580524172	2016	3	28	15	0	0.05
72580524172	2016	3	28	16	0	0.03
72580524172	2016	3	28	17	0	0.02
72580524172	2016	4	4	8	0	0.01
72580524172	2016	4	10	4	0	0.05
72580524172	2016	4	10	5	0	0.06
72580524172	2016	4	10	6	0	0.01
72580524172	2016	4	10	15	0	0.04
72580524172	2016	4	10	16	0	0.01
72580524172	2016	4	10	17	0	0.02
72580524172	2016	4	12	8	0	0.01
72580524172	2016	4	24	22	0	0.1
72580524172	2016	4	24	23	0	0.02
72580524172	2016	4	25	0	0	0.01
72580524172	2016	4	25	2	0	0.03
72580524172	2016	4	25	6	0	0.01
72580524172	2016	4	27	12	0	0.01
72580524172	2016	5	1	23	0	0.01
72580524172	2016	5	6	0	0	0.04
72580524172	2016	5	6	1	0	0.04
72580524172	2016	5	6	21	0	0.01
72580524172	2016	5	6	22	0	0.17
72580524172	2016	5	6	23	0	0.1
72580524172	2016	5	7	11	0	0.01
72580524172	2016	5	7	12	0	0.01
72580524172	2016	5	7	13	0	0.01
72580524172	2016	5	7	15	0	0.03
72580524172	2016	5	8	8	0	0.03
72580524172	2016	5	8	11	0	0.01
72580524172	2016	5	8	13	0	0.01
72580524172	2016	5	8	15	0	0.01
72580524172	2016	5	8	16	0	0.08
72580524172	2016	5	8	17	0	0.02
72580524172	2016	5	9	2	0	0.01
72580524172	2016	5	25	1	0	0.01
72580524172	2016	5	25	20	0	0.04
72580524172	2016	5	25	22	0	0.02
72580524172	2016	5	26	1	0	0.01
72580524172	2016	7	2	1	0	0.01
72580524172	2016	10	16	19	0	0.01
72580524172	2016	10	16	21	0	0.002
72580524172	2016	10	16	22	0	0.002
72580524172	2016	10	16	23	0	0.002
72580524172	2016	10	17	0	0	0.003
72580524172	2016	10	17	1	0	0.003
72580524172	2016	10	17	2	0	0.003
72580524172	2016	10	17	3	0	0.001
72580524172	2016	10	17	6	0	0.001
72580524172	2016	10	17	7	0	0.001
72580524172	2016	10	24	19	0	0.04
72580524172	2016	10	24	20	0	0.04
72580524172	2016	10	28	1	0	0.01
72580524172	2016	10	28	3	0	0.01
72580524172	2016	10	28	6	0	0.01
72580524172	2016	10	28	7	0	0.01
72580524172	2016	10	28	8	0	0.03
72580524172	2016	10	28	9	0	0.04
72580524172	2016	10	28	10	0	0.06
72580524172	2016	10	28	11	0	0.08
72580524172	2016	10	28	12	0	0.06
72580524172	2016	10	28	13	0	0.1
72580524172	2016	10	28	14	0	0.04
72580524172	2016	10	28	15	0	0.09
72580524172	2016	10	28	16	0	0.03
72580524172	2016	10	28	17	0	0.07
72580524172	2016	10	28	18	0	0.02
72580524172	2016	10	28	19	0	0.02
72580524172	2016	10	28	21	0	0.05
72580524172	2016	10	30	16	0	0.01
72580524172	2016	10	30	18	0	0.04
72580524172	2016	10	30	19	0	0.1
72580524172	2016	11	21	9	0	0.02
72580524172	2016	11	21	10	0	0.03
72580524172	2016	11	21	11	0	0.03
72580524172	2016	11	21	12	0	0.07
72580524172	2016	11	21	13	0	0.01
72580524172	2016	11	21	15	0	0.02
72580524172	2016	12	8	5	0	0.01
72580524172	2016	12	8	6	0	0.02
72580524172	2016	12	8	7	0	0.01
72580524172	2016	12	10	21	0	0.02
72580524172	2016	12	11	1	0	0.02
72580524172	2016	12	11	2	0	0.03
72580524172	2016	12	15	22	0	0.02
72580524172	2016	12	15	23	0	0.03
72580524172	2016	12	16	1	0	0.03
72580524172	2016	12	16	2	0	0.07
72580524172	2016	12	16	3	0	0.03
72580524172	2016	12	16	4	0	0.03
72580524172	2016	12	16	5	0	0.04
72580524172	2016	12	16	7	0	0.01
72580524172	2016	12	16	8	0	0.01
72580524172	2016	12	16	9	0	0.01
72580524172	2016	12	16	11	0	0.04
72580524172	2016	12	24	1	0	0.03
72580524172	2016	12	24	3	0	0.01
72580524172	2016	12	24	4	0	0.03
72580524172	2016	12	24	5	0	0.02
72580524172	2016	12	24	6	0	0.01
72580524172	2016	12	24	7	0	0.03
72580524172	2016	12	24	9	0	0.01
72580524172	2017	1	4	12	0	0.06
72580524172	2017	1	4	21	0	0.01
72580524172	2017	1	5	0	0	0.02
72580524172	2017	1	5	14	0	0.01
72580524172	2017	1	8	11	0	0.01
72580524172	2017	1	8	12	0	0.02
72580524172	2017	1	8	13	0	0.01
72580524172	2017	1	8	19	0	0.01
72580524172	2017	1	8	20	0	0.01
72580524172	2017	1	8	21	0	0.04
72580524172	2017	1	8	23	0	0.05
72580524172	2017	1	9	0	0	0.02
72580524172	2017	1	9	1	0	0.01
72580524172	2017	1	9	2	0	0.03
72580524172	2017	1	9	3	0	0.03
72580524172	2017	1	9	4	0	0.06
72580524172	2017	1	9	5	0	0.03
72580524172	2017	1	9	6	0	0.01
72580524172	2017	1	9	7	0	0.03
72580524172	2017	1	9	8	0	0.07
72580524172	2017	1	9	9	0	0.03
72580524172	2017	1	9	10	0	0.02
72580524172	2017	1	9	12	0	0.03
72580524172	2017	1	9	13	0	0.02
72580524172	2017	1	11	5	0	0.007
72580524172	2017	1	11	6	0	0.09
72580524172	2017	1	11	7	0	0.02
72580524172	2017	1	11	10	0	0.07
72580524172	2017	1	11	11	0	0.03
72580524172	2017	1	12	22	0	0.01
72580524172	2017	1	18	11	0	0.04
72580524172	2017	1	19	0	0	0.06
72580524172	2017	1	19	1	0	0.03
72580524172	2017	1	19	2	0	0.04
72580524172	2017	1	19	9	0	0.02
72580524172	2017	1	20	16	0	0.04
72580524172	2017	1	22	14	0	0.02
72580524172	2017	1	22	15	0	0.02
72580524172	2017	1	22	16	0	0.01
72580524172	2017	1	22	17	0	0.01
72580524172	2017	1	22	20	0	0.01
72580524172	2017	1	23	1	0	0.02
72580524172	2017	1	23	2	0	0.01
72580524172	2017	1	23	3	0	0.07
72580524172	2017	1	23	4	0	0.02
72580524172	2017	1	23	5	0	0.08
72580524172	2017	1	23	6	0	0.02
72580524172	2017	1	23	7	0	0.01
72580524172	2017	2	2	16	0	0.06
72580524172	2017	2	10	10	0	0.02
72580524172	2017	2	10	18	0	0.01
72580524172	2017	2	10	19	0	0.02
72580524172	2017	2	10	23	0	0.01
72580524172	2017	2	17	21	0	0.01
72580524172	2017	2	17	22	0	0.01
72580524172	2017	2	18	0	0	0.03
72580524172	2017	2	20	12	0	0.01
72580524172	2017	2	20	13	0	0.02
72580524172	2017	2	20	14	0	0.06
72580524172	2017	2	20	15	0	0.07
72580524172	2017	2	20	16	0	0.05
72580524172	2017	2	20	17	0	0.06
72580524172	2017	2	20	18	0	0.09
72580524172	2017	2	20	20	0	0.01
72580524172	2017	2	20	21	0	0.01
72580524172	2017	2	20	22	0	0.01
72580524172	2017	2	20	23	0	0.01
72580524172	2017	2	21	0	0	0.02
72580524172	2017	2	21	1	0	0.05
72580524172	2017	2	21	2	0	0.03
72580524172	2017	2	21	3	0	0.02
72580524172	2017	2	22	3	0	0.01
72580524172	2017	2	22	4	0	0.07
72580524172	2017	2	22	5	0	0.03
72580524172	2017	2	22	6	0	0.06
72580524172	2017	2	22	7	0	0.03
72580524172	2017	2	22	9	0	0.01
72580524172	2017	2	22	10	0	0.01
72580524172	2017	2	22	11	0	0.01
72580524172	2017	3	19	1	0	0.03
72580524172	2017	3	21	14	0	0.01
72580524172	2017	3	21	15	0	0.01
72580524172	2017	3	21	18	0	0.06
72580524172	2017	3	21	19	0	0.03
72580524172	2017	3	21	23	0	0.01
72580524172	2017	3	22	0	0	0.01
72580524172	2017	3	24	22	0	0.05
72580524172	2017	3	24	23	0	0.01
72580524172	2017	3	27	7	0	0.05
72580524172	2017	3	27	9	0	0.02
72580524172	2017	3	27	12	0	0.01
72580524172	2017	3	27	20	0	0.01
72580524172	2017	3	30	14	0	0.04
72580524172	2017	4	7	0	0	0.01
72580524172	2017	4	8	10	0	0.03
72580524172	2017	4	8	11	0	0.08
72580524172	2017	4	8	12	0	0.01
72580524172	2017	4	13	12	0	0.01
72580524172	2017	4	13	16	0	0.01
72580524172	2017	4	17	2	0	0.006
72580524172	2017	4	17	3	0	0.01
72580524172	2017	4	17	4	0	0.01
72580524172	2017	4	18	0	0	0.01
72580524172	2017	4	18	3	0	0.02
72580524172	2017	4	18	4	0	0.02
72580524172	2017	4	18	12	0	0.06
72580524172	2017	4	18	13	0	0.04
72580524172	2017	4	18	14	0	0.01
72580524172	2017	4	18	15	0	0.03
72580524172	2017	4	26	21	0	0.01
72580524172	2017	5	7	2	0	0.025
72580524172	2017	5	7	3	0	0.05
72580524172	2017	5	17	4	0	0.01
72580524172	2017	6	12	4	0	0.01
72580524172	2017	6	12	5	0	0.02
72580524172	2017	6	12	6	0	0.02
72580524172	2017	6	12	7	0	0.03
72580524172	2017	6	12	8	0	0.05
72580524172	2017	6	12	9	0	0.07
72580524172	2017	6	12	10	0	0.06
72580524172	2017	6	12	11	0	0.04
72580524172	2017	6	12	12	0	0.06
72580524172	2017	6	12	13	0	0.02
72580524172	2017	6	12	14	0	0.03
72580524172	2017	7	27	1	0	0.01
72580524172	2017	7	27	2	0	0.01
72580524172	2017	8	3	23	0	0.01
72580524172	2017	8	6	8	0	0.01
72580524172	2017	9	6	23	0	0.01
72580524172	2017	9	7	2	0	0.01
72580524172	2017	9	12	8	0	0.01
72580524172	2017	9	12	9	0	0.02
72580524172	2017	9	12	10	0	0.06
72580524172	2017	9	13	5	0	0.06
72580524172	2017	9	13	6	0	0.18
72580524172	2017	9	13	7	0	0.13
72580524172	2017	9	13	8	0	0.02
72580524172	2017	9	22	18	0	0.01
72580524172	2017	11	16	7	0	0.01
72580524172	2017	11	16	10	0	0.01
72580524172	2017	11	16	11	0	0.01
72580524172	2017	11	17	2	0	0.01
72580524172	2017	11	27	9	0	0.01
72580524172	2018	1	6	9	0	0.02
72580524172	2018	1	6	10	0	0.05
72580524172	2018	1	6	11	0	0.09
72580524172	2018	1	6	12	0	0.04
72580524172	2018	1	6	13	0	0.04
72580524172	2018	1	8	18	0	0.01
72580524172	2018	1	8	20	0	0.01
72580524172	2018	1	8	21	0	0.01
72580524172	2018	1	9	0	0	0.01
72580524172	2018	1	9	13	0	0.01
72580524172	2018	1	10	0	0	0.03
72580524172	2018	1	10	1	0	0.03
72580524172	2018	1	10	2	0	0.03
72580524172	2018	1	10	3	0	0.01
72580524172	2018	1	10	4	0	0.01
72580524172	2018	1	10	16	0	0.01
72580524172	2018	2	12	13	0	0.04
72580524172	2018	2	12	14	0	0.01
72580524172	2018	2	19	2	0	0.01
72580524172	2018	2	19	7	0	0.01
72580524172	2018	2	22	22	0	0.03
72580524172	2018	2	24	23	0	0.01
72580524172	2018	3	3	3	0	0.01
72580524172	2018	3	3	5	0	0.04
72580524172	2018	3	3	6	0	0.01
72580524172	2018	3	3	7	0	0.02
72580524172	2018	3	3	8	0	0.01
72580524172	2018	3	13	21	0	0.06
72580524172	2018	3	14	7	0	0.02
72580524172	2018	3	14	8	0	0.02
72580524172	2018	3	16	19	0	0.04
72580524172	2018	3	16	20	0	0.1
72580524172	2018	3	16	21	0	0.04
72580524172	2018	3	16	23	0	0.01
72580524172	2018	4	6	5	0	0.01
72580524172	2018	4	6	6	0	0.02
72580524172	2018	4	6	7	0	0.01
72580524172	2018	4	6	8	0	0.01
72580524172	2018	4	6	9	0	0.03
72580524172	2018	4	6	10	0	0.01
72580524172	2018	4	6	11	0	0.02
72580524172	2018	4	6	12	0	0.01
72580524172	2018	4	6	13	0	0.03
72580524172	2018	4	6	14	0	0.01
72580524172	2018	4	6	15	0	0.03
72580524172	2018	4	6	16	0	0.07
72580524172	2018	4	6	17	0	0.06
72580524172	2018	4	6	18	0	0.05
72580524172	2018	4	6	19	0	0.05
72580524172	2018	4	6	20	0	0.03
72580524172	2018	4	6	21	0	0.06
72580524172	2018	4	6	22	0	0.03
72580524172	2018	4	6	23	0	0.02
72580524172	2018	4	7	0	0	0.05
72580524172	2018	4	7	1	0	0.01
72580524172	2018	4	7	8	0	0.01
72580524172	2018	4	7	9	0	0.01
72580524172	2018	4	7	13	0	0.06
72580524172	2018	4	7	14	0	0.05
72580524172	2018	4	7	15	0	0.02
72580524172	2018	4	19	21	0	0.01
72580524172	2018	4	19	22	0	0.01
72580524172	2018	4	20	0	0	0.02
72580524172	2018	4	20	2	0	0.01
72580524172	2018	5	12	10	0	0.01
72580524172	2018	5	12	17	0	0.06
72580524172	2018	5	12	23	0	0.02
72580524172	2018	5	13	4	0	0.01
72580524172	2018	5	13	5	0	0.05
72580524172	2018	5	13	14	0	0.01
72580524172	2018	5	14	2	0	0.01
72580524172	2018	5	15	5	0	0.02
72580524172	2018	5	15	19	0	0.01
72580524172	2018	5	15	20	0	0.12
72580524172	2018	5	16	23	0	0.01
72580524172	2018	5	17	0	0	0.02
72580524172	2018	5	17	1	0	0.02
72580524172	2018	5	17	2	0	0.01
72580524172	2018	5	17	20	0	0.04
72580524172	2018	5	17	22	0	0.04
72580524172	2018	5	21	13	0	0.01
72580524172	2018	5	21	23	0	0.01
72580524172	2018	5	22	0	0	0.01
72580524172	2018	5	22	1	0	0.01
72580524172	2018	7	23	4	0	0.05
72580524172	2018	7	23	6	0	0.01
72580524172	2018	10	3	17	0	0.01
72580524172	2018	10	4	0	0	0.02
72580524172	2018	10	4	1	0	0.3
72580524172	2018	10	4	2	0	0.11
72580524172	2018	10	4	20	0	0.08
72580524172	2018	10	4	22	0	0.01
72580524172	2018	10	6	7	0	0.02
72580524172	2018	10	6	8	0	0.03
72580524172	2018	10	6	9	0	0.03
72580524172	2018	11	22	7	0	0.14
72580524172	2018	11	22	8	0	0.03
72580524172	2018	11	28	12	0	0.01
72580524172	2018	11	28	13	0	0.01
72580524172	2018	11	29	13	0	0.02
72580524172	2018	11	29	14	0	0.05
72580524172	2018	11	29	15	0	0.15
72580524172	2018	11	29	16	0	0.06
72580524172	2018	11	30	8	0	0.05
72580524172	2018	12	1	19	0	0.03
72580524172	2018	12	5	9	0	0.01
72580524172	2018	12	5	12	0	0.01
72580524172	2018	12	12	13	0	0.01
72580524172	2018	12	23	20	0	0.04
72580524172	2018	12	24	1	0	0.01
72580524172	2018	12	24	20	0	0.01
72580524172	2018	12	24	23	0	0.02
72580524172	2018	12	25	0	0	0.04
72580524172	2018	12	25	1	0	0.08
72580524172	2018	12	25	2	0	0.18
72580524172	2018	12	25	3	0	0.24
72580524172	2018	12	25	4	0	0.09
72580524172	2018	12	25	5	0	0.01
72580524172	2018	12	25	12	0	0.01
72580524172	2019	1	7	3	0	0.06
72580524172	2019	1	7	4	0	0.14
72580524172	2019	1	7	5	0	0.08
72580524172	2019	1	7	6	0	0.04
72580524172	2019	1	7	7	0	0.04
72580524172	2019	1	7	8	0	0.01
72580524172	2019	1	16	6	0	0.08
72580524172	2019	1	17	9	0	0.18
72580524172	2019	1	17	10	0	0.04
72580524172	2019	1	18	2	0	0.03
72580524172	2019	1	19	2	0	0.01
72580524172	2019	2	2	21	0	0.19
72580524172	2019	2	2	22	0	0.06
72580524172	2019	2	2	23	0	0.01
72580524172	2019	2	3	16	0	0.02
72580524172	2019	2	3	17	0	0.01
72580524172	2019	2	4	0	0	0.01
72580524172	2019	2	10	9	0	0.02
72580524172	2019	2	10	10	0	0.01
72580524172	2019	2	13	15	0	0.05
72580524172	2019	2	13	16	0	0.07
72580524172	2019	2	13	17	0	0.06
72580524172	2019	2	13	18	0	0.04
72580524172	2019	2	13	19	0	0.02
72580524172	2019	2	13	20	0	0.03
72580524172	2019	2	13	21	0	0.05
72580524172	2019	2	13	22	0	0.03
72580524172	2019	2	14	0	0	0.04
72580524172	2019	2	14	1	0	0.02
72580524172	2019	2	14	10	0	0.01
72580524172	2019	2	14	15	0	0.01
72580524172	2019	2	14	16	0	0.01
72580524172	2019	2	14	20	0	0.06
72580524172	2019	2	14	21	0	0.02
72580524172	2019	2	16	23	0	0.01
72580524172	2019	2	27	2	0	0.01
72580524172	2019	2	27	12	0	0.04
72580524172	2019	2	27	13	0	0.02
72580524172	2019	3	2	12	0	0.01
72580524172	2019	3	2	13	0	0.01
72580524172	2019	3	2	14	0	0.02
72580524172	2019	3	2	16	0	0.01
72580524172	2019	3	2	17	0	0.02
72580524172	2019	3	3	3	0	0.01
72580524172	2019	3	3	5	0	0.02
72580524172	2019	3	3	6	0	0.02
72580524172	2019	3	3	13	0	0.02
72580524172	2019	3	3	14	0	0.01
72580524172	2019	3	3	15	0	0.02
72580524172	2019	3	3	16	0	0.03
72580524172	2019	3	3	17	0	0.02
72580524172	2019	3	3	18	0	0.04
72580524172	2019	3	3	19	0	0.05
72580524172	2019	3	3	20	0	0.01
72580524172	2019	3	3	21	0	0.01
72580524172	2019	3	3	22	0	0.01
72580524172	2019	3	4	2	0	0.01
72580524172	2019	3	4	9	0	0.01
72580524172	2019	3	5	21	0	0.01
72580524172	2019	3	5	22	0	0.02
72580524172	2019	3	5	23	0	0.03
72580524172	2019	3	6	0	0	0.01
72580524172	2019	3	6	14	0	0.04
72580524172	2019	3	6	17	0	0.01
72580524172	2019	3	7	3	0	0.04
72580524172	2019	3	8	7	0	0.012
72580524172	2019	3	8	8	0	0.01
72580524172	2019	3	20	13	0	0.01
72580524172	2019	3	20	14	0	0.05
72580524172	2019	3	20	15	0	0.01
72580524172	2019	3	20	19	0	0.06
72580524172	2019	3	20	20	0	0.11
72580524172	2019	3	20	21	0	0.02
72580524172	2019	3	21	2	0	0.01
72580524172	2019	3	21	3	0	0.03
72580524172	2019	3	21	4	0	0.02
72580524172	2019	3	21	5	0	0.01
72580524172	2019	3	21	6	0	0.02
72580524172	2019	3	21	7	0	0.04
72580524172	2019	3	21	8	0	0.06
72580524172	2019	3	21	9	0	0.02
72580524172	2019	3	21	10	0	0.05
72580524172	2019	3	21	11	0	0.03
72580524172	2019	3	21	18	0	0.02
72580524172	2019	3	21	19	0	0.03
72580524172	2019	3	23	15	0	0.01
72580524172	2019	3	23	16	0	0.01
72580524172	2019	3	23	17	0	0.01
72580524172	2019	3	23	18	0	0.02
72580524172	2019	4	2	3	0	0.01
72580524172	2019	4	2	4	0	0.06
72580524172	2019	4	2	5	0	0.08
72580524172	2019	4	2	6	0	0.08
72580524172	2019	4	2	7	0	0.06
72580524172	2019	4	2	20	0	0.14
72580524172	2019	4	11	17	0	0.02
72580524172	2019	4	11	18	0	0.01
72580524172	2019	4	16	20	0	0.01
72580524172	2019	4	30	16	0	0.01
72580524172	2019	4	30	17	0	0.03
72580524172	2019	5	10	0	0	0.06
72580524172	2019	5	16	10	0	0.03
72580524172	2019	5	16	11	0	0.01
72580524172	2019	5	16	12	0	0.02
72580524172	2019	5	16	13	0	0.04
72580524172	2019	5	16	15	0	0.01
72580524172	2019	5	16	16	0	0.04
72580524172	2019	5	19	6	0	0.01
72580524172	2019	5	19	7	0	0.02
72580524172	2019	5	19	15	0	0.05
72580524172	2019	5	19	17	0	0.03
72580524172	2019	5	19	18	0	0.01
72580524172	2019	5	21	16	0	0.02
72580524172	2019	5	22	18	0	0.02
72580524172	2019	5	22	20	0	0.01
72580524172	2019	5	23	0	0	0.05
72580524172	2019	5	23	1	0	0.07
72580524172	2019	5	23	3	0	0.01
72580524172	2019	5	23	4	0	0.01
72580524172	2019	5	23	15	0	0.01
72580524172	2019	5	23	17	0	0.01
72580524172	2019	5	24	0	0	0.04
72580524172	2019	5	25	11	0	0.01
72580524172	2019	5	26	14	0	0.01
72580524172	2019	5	26	22	0	0.06
72580524172	2019	5	26	23	0	0.08
72580524172	2019	5	27	0	0	0.02
72580524172	2019	5	27	1	0	0.02
72580524172	2019	5	27	20	0	0.01
72580524172	2019	5	27	21	0	0.03
72580524172	2019	5	28	3	0	0.02
72580524172	2019	5	28	4	0	0.03
72580524172	2019	5	29	2	0	0.08
72580524172	2019	5	30	14	0	0.01
72580524172	2019	5	31	9	0	0.01
72580524172	2019	5	31	10	0	0.04
72580524172	2019	6	2	20	0	0.01
72580524172	2019	6	2	23	0	0.02
72580524172	2019	6	3	3	0	0.02
72580524172	2019	8	8	23	0	0.09
72580524172	2019	8	9	0	0	0.01
72580524172	2019	9	5	23	0	0.015
72580524172	2019	9	6	0	0	0.003
72580524172	2019	9	6	1	0	0.001
72580524172	2019	9	8	6	0	0.01
72580524172	2019	9	19	0	0	0.05
72580524172	2019	9	19	1	0	0.01
72580524172	2019	9	19	19	0	0.01
72580524172	2019	9	29	10	0	0.01
72580524172	2019	9	29	11	0	0.12
72580524172	2019	9	29	12	0	0.01
72580524172	2019	9	30	21	0	0.04
72580524172	2019	11	20	2	0	0.009
72580524172	2019	11	20	3	0	0.06
72580524172	2019	11	20	4	0	0.04
72580524172	2019	11	20	5	0	0.11
72580524172	2019	11	20	6	0	0.01
72580524172	2019	11	20	7	0	0.02
72580524172	2019	11	26	23	0	0.01
72580524172	2019	11	27	0	0	0.02
72580524172	2019	11	27	5	0	0.02
72580524172	2019	11	27	6	0	0.06
72580524172	2019	11	28	15	0	0.01
72580524172	2019	11	29	5	0	0.01
72580524172	2019	11	29	6	0	0.01
72580524172	2019	11	29	7	0	0.01
72580524172	2019	11	29	8	0	0.01
72580524172	2019	12	1	12	0	0.03
72580524172	2019	12	2	1	0	0.01
72580524172	2019	12	2	2	0	0.02
72580524172	2019	12	2	3	0	0.01
72580524172	2019	12	2	6	0	0.01
72580524172	2019	12	2	11	0	0.01
72580524172	2019	12	2	12	0	0.03
72580524172	2019	12	2	13	0	0.03
72580524172	2019	12	2	14	0	0.04
72580524172	2019	12	2	15	0	0.06
72580524172	2019	12	2	17	0	0.01
72580524172	2019	12	4	19	0	0.07
72580524172	2019	12	4	20	0	0.075
72580524172	2019	12	4	21	0	0.05
72580524172	2019	12	4	22	0	0.01
72580524172	2019	12	4	23	0	0.01
72580524172	2019	12	5	0	0	0.02
72580524172	2019	12	5	1	0	0.02
72580524172	2019	12	5	2	0	0.02
72580524172	2019	12	5	3	0	0.01
72580524172	2019	12	5	5	0	0.01
72580524172	2019	12	8	3	0	0.02
72580524172	2019	12	8	4	0	0.03
72580524172	2019	12	12	4	0	0.02
72580524172	2019	12	15	8	0	0.06
72580524172	2019	12	15	9	0	0.04
72580524172	2019	12	23	21	0	0.01
72580524172	2019	12	23	22	0	0.02
72580524172	2019	12	24	2	0	0.01
72580524172	2019	12	24	3	0	0.01
72580524172	2019	12	24	7	0	0.01
72580524172	2019	12	24	8	0	0.01
72580524172	2020	1	9	19	0	0.01
72580524172	2020	1	26	13	0	0.01
72580524172	2020	1	26	18	0	0.01
72580524172	2020	1	26	19	0	0.02
72580524172	2020	1	26	20	0	0.01
72580524172	2020	1	27	18	0	0.02
72580524172	2020	1	30	9	0	0.02
72580524172	2020	1	30	11	0	0.01
72580524172	2020	3	15	7	0	0.01
72580524172	2020	3	17	9	0	0.07
72580524172	2020	3	17	10	0	0.01
72580524172	2020	3	17	11	0	0.01
72580524172	2020	3	29	10	0	0.01
72580524172	2020	3	29	18	0	0.02
72580524172	2020	4	6	3	0	0.01
72580524172	2020	4	6	4	0	0.01
72580524172	2020	4	6	12	0	0.04
72580524172	2020	4	6	13	0	0.06
72580524172	2020	4	6	14	0	0.02
72580524172	2020	4	7	4	0	0.01
72580524172	2020	4	10	3	0	0.02
72580524172	2020	4	10	4	0	0.01
72580524172	2020	5	18	18	0	0.01
72580524172	2020	5	18	19	0	0.01
72580524172	2020	5	19	9	0	0.03
72580524172	2020	5	19	18	0	0.01
72580524172	2020	5	19	20	0	0.01
72580524172	2020	5	20	4	0	0.01
72580524172	2020	6	7	11	0	0.1
72580524172	2020	6	13	5	0	0.008
72580524172	2020	6	13	6	0	0.06
72580524172	2020	6	13	7	0	0.01
72580524172	2020	7	22	3	0	0.01
72580524172	2020	7	22	6	0	0.02
72580524172	2020	8	11	22	0	0.03
72580524172	2020	8	18	2	0	0.01
72580524172	2020	8	24	14	0	0.02
72580524172	2020	8	25	7	0	0.01
72580524172	2020	9	18	19	0	0.04
72580524172	2020	9	18	20	0	0.03
72580524172	2020	9	18	21	0	0.01
72580524172	2020	11	7	6	0	0.03
72580524172	2020	11	7	7	0	0.02
72580524172	2020	11	7	8	0	0.02
72580524172	2020	11	7	10	0	0.01
72580524172	2020	11	7	17	0	0.01
72580524172	2020	11	7	18	0	0.02
72580524172	2020	11	7	19	0	0.04
72580524172	2020	11	7	22	0	0.02
72580524172	2020	11	7	23	0	0.03
72580524172	2020	11	8	0	0	0.01
72580524172	2020	11	8	1	0	0.01
72580524172	2020	11	8	2	0	0.02
72580524172	2020	11	8	3	0	0.01
72580524172	2020	11	14	1	0	0.01
72580524172	2020	11	18	9	0	0.02
72580524172	2020	11	18	10	0	0.14
72580524172	2020	11	18	11	0	0.1
72580524172	2020	11	18	12	0	0.01
72580524172	2020	11	23	11	0	0.01
72580524172	2020	12	12	9	0	0.03
72580524172	2020	12	12	10	0	0.02
72580524172	2020	12	13	18	0	0.02
72580524172	2020	12	13	21	0	0.01
72580524172	2020	12	14	2	0	0.01
72580524172	2020	12	14	3	0	0.02
72580524172	2020	12	14	4	0	0.09
72580524172	2020	12	17	18	0	0.01
72580524172	2021	1	5	1	0	0.003
72580524172	2021	1	5	2	0	0.003
72580524172	2021	1	5	3	0	0.003
72580524172	2021	1	5	4	0	0.003
72580524172	2021	1	5	5	0	0.003
72580524172	2021	1	5	6	0	0.003
72580524172	2021	1	23	9	0	0.02
72580524172	2021	1	23	10	0	0.01
72580524172	2021	1	23	11	0	0.01
72580524172	2021	1	25	7	0	0.03
72580524172	2021	1	25	8	0	0.02
72580524172	2021	1	25	9	0	0.03
72580524172	2021	1	25	10	0	0.03
72580524172	2021	1	25	11	0	0.03
72580524172	2021	1	25	12	0	0.04
72580524172	2021	1	25	13	0	0.06
72580524172	2021	1	25	14	0	0.01
72580524172	2021	1	28	4	0	0.01
72580524172	2021	1	28	5	0	0.04
72580524172	2021	1	28	6	0	0.04
72580524172	2021	1	29	4	0	0.01
72580524172	2021	1	29	5	0	0.03
72580524172	2021	1	29	6	0	0.03
72580524172	2021	1	29	7	0	0.05
72580524172	2021	1	29	8	0	0.06
72580524172	2021	1	29	9	0	0.05
72580524172	2021	1	29	10	0	0.07
72580524172	2021	1	29	11	0	0.06
72580524172	2021	1	29	12	0	0.02
72580524172	2021	2	12	2	0	0.01
72580524172	2021	2	12	4	0	0.01
72580524172	2021	2	13	7	0	0.05
72580524172	2021	2	13	8	0	0.07
72580524172	2021	2	13	9	0	0.01
72580524172	2021	2	13	10	0	0.04
72580524172	2021	2	13	12	0	0.01
72580524172	2021	2	13	13	0	0.01
72580524172	2021	2	13	16	0	0.04
72580524172	2021	2	15	10	0	0.01
72580524172	2021	2	15	11	0	0.01
72580524172	2021	2	19	0	0	0.08
72580524172	2021	2	19	1	0	0.02
72580524172	2021	3	15	17	0	0.01
72580524172	2021	3	15	18	0	0.02
72580524172	2021	3	15	19	0	0.03
72580524172	2021	3	20	4	0	0.01
72580524172	2021	3	20	5	0	0.02
72580524172	2021	3	23	4	0	0.04
72580524172	2021	3	23	5	0	0.02
72580524172	2021	5	15	19	0	0.02
72580524172	2021	5	15	20	0	0.02
72580524172	2021	5	15	21	0	0.08
72580524172	2021	5	15	22	0	0.05
72580524172	2021	5	15	23	0	0.19
72580524172	2021	5	16	0	0	0.06
72580524172	2021	5	17	2	0	0.01
72580524172	2021	5	21	23	0	0.04
72580524172	2021	5	23	1	0	0.01
72580524172	2021	5	23	2	0	0.06
72580524172	2021	5	23	4	0	0.01
72580524172	2021	6	10	3	0	0.01
72580524172	2021	6	24	23	0	0.05
72580524172	2021	7	11	2	0	0.02
72580524172	2021	7	31	3	0	0.02
72580524172	2021	7	31	8	0	0.003
72580524172	2021	7	31	10	0	0.01
72580524172	2021	8	1	5	0	0.02
72580524172	2021	8	1	6	0	0.01
72580524172	2021	9	10	6	0	0.03
72580524172	2021	9	10	7	0	0.02
72580524172	2021	9	10	17	0	0.01
72580524172	2021	9	10	18	0	0.04
72580524172	2021	10	8	15	0	0.08
72580524172	2021	10	8	16	0	0.12
72580524172	2021	10	8	17	0	0.09
72580524172	2021	10	11	10	0	0.01
72580524172	2021	10	11	11	0	0.01
72580524172	2021	10	18	21	0	0.01
72580524172	2021	10	23	10	0	0.02
72580524172	2021	10	24	10	0	0.01
72580524172	2021	10	24	11	0	0.05
72580524172	2021	10	24	12	0	0.02
72580524172	2021	10	24	15	0	0.01
72580524172	2021	10	24	16	0	0.02
72580524172	2021	10	24	17	0	0.01
72580524172	2021	10	24	18	0	0.04
72580524172	2021	10	24	19	0	0.01
72580524172	2021	10	24	20	0	0.01
72580524172	2021	10	24	21	0	0.01
72580524172	2021	10	24	23	0	0.01
72580524172	2021	10	25	1	0	0.01
72580524172	2021	10	25	2	0	0.02
72580524172	2021	10	25	3	0	0.06
72580524172	2021	10	25	4	0	0.14
72580524172	2021	10	25	5	0	0.12
72580524172	2021	10	25	6	0	0.04
72580524172	2021	10	25	7	0	0.04
72580524172	2021	10	25	8	0	0.08
72580524172	2021	10	25	9	0	0.13
72580524172	2021	10	25	10	0	0.1
72580524172	2021	10	25	11	0	0.12
72580524172	2021	10	25	12	0	0.11
72580524172	2021	10	25	13	0	0.07
72580524172	2021	10	25	14	0	0.06
72580524172	2021	10	25	15	0	0.05
72580524172	2021	10	25	16	0	0.04
72580524172	2021	10	25	17	0	0.02
72580524172	2021	10	25	18	0	0.02
72580524172	2021	10	25	19	0	0.01
72580524172	2021	11	9	10	0	0.01
72580524172	2021	11	9	11	0	0.01
72580524172	2021	12	9	9	0	0.01
72580524172	2021	12	9	11	0	0.01
72580524172	2021	12	9	12	0	0.01
72580524172	2021	12	9	13	0	0.07
72580524172	2021	12	9	14	0	0.04
72580524172	2021	12	14	11	0	0.12
72580524172	2021	12	14	13	0	0.01
72580524172	2021	12	14	14	0	0.025
72580524172	2021	12	14	15	0	0.03
72580524172	2021	12	14	19	0	0.01
72580524172	2021	12	16	14	0	0.01
72580524172	2021	12	16	15	0	0.01
72580524172	2021	12	23	13	0	0.005
72580524172	2021	12	23	14	0	0.006
72580524172	2021	12	23	15	0	0.01
72580524172	2021	12	23	16	0	0.006
72580524172	2021	12	23	17	0	0.07
72580524172	2021	12	23	19	0	0.02
72580524172	2021	12	29	15	0	0.01
72580524172	2021	12	29	16	0	0.01
72580524172	2021	12	29	18	0	0.01
72580524172	2021	12	29	19	0	0.01
72580524172	2021	12	29	20	0	0.01
72580524172	2021	12	30	1	0	0.01
