72666724048	2006	2	15	14	0	0.01
72666724048	2006	2	15	15	0	0.01
72666724048	2006	3	15	22	0	0.01
72666724048	2006	3	19	17	0	0.01
72666724048	2006	3	20	6	0	0.01
72666724048	2006	3	20	14	0	0.01
72666724048	2006	3	20	17	0	0.01
72666724048	2006	3	20	18	0	0.02
72666724048	2006	3	20	19	0	0.01
72666724048	2006	3	20	20	0	0.01
72666724048	2006	3	30	0	0	0.11
72666724048	2006	3	30	1	0	0.27
72666724048	2006	3	30	2	0	0.01
72666724048	2006	3	30	9	0	0.01
72666724048	2006	3	30	12	0	0.01
72666724048	2006	3	30	14	0	0.01
72666724048	2006	3	30	17	0	0.01
72666724048	2006	4	6	1	0	0.01
72666724048	2006	4	10	22	0	0.01
72666724048	2006	4	17	21	0	0.06
72666724048	2006	4	17	22	0	0.01
72666724048	2006	4	18	0	0	0.01
72666724048	2006	4	18	2	0	0.01
72666724048	2006	4	24	10	0	0.03
72666724048	2006	4	24	11	0	0.03
72666724048	2006	4	24	16	0	0.01
72666724048	2006	4	24	17	0	0.01
72666724048	2006	4	24	18	0	0.01
72666724048	2006	4	24	19	0	0.02
72666724048	2006	4	24	20	0	0.02
72666724048	2006	4	24	21	0	0.01
72666724048	2006	4	24	22	0	0.02
72666724048	2006	4	25	1	0	0.01
72666724048	2006	4	25	16	0	0.017
72666724048	2006	4	30	20	0	0.02
72666724048	2006	5	8	7	0	0.01
72666724048	2006	5	9	4	0	0.02
72666724048	2006	5	9	5	0	0.11
72666724048	2006	5	9	6	0	0.19
72666724048	2006	5	9	7	0	0.05
72666724048	2006	5	9	8	0	0.08
72666724048	2006	5	9	9	0	0.02
72666724048	2006	5	19	20	0	0.01
72666724048	2006	5	21	20	0	0.01
72666724048	2006	5	23	5	0	0.01
72666724048	2006	5	23	9	0	0.01
72666724048	2006	5	23	10	0	0.07
72666724048	2006	5	23	11	0	0.13
72666724048	2006	5	23	12	0	0.19
72666724048	2006	5	23	13	0	0.16
72666724048	2006	5	23	14	0	0.08
72666724048	2006	5	23	15	0	0.06
72666724048	2006	5	23	16	0	0.02
72666724048	2006	5	23	17	0	0.01
72666724048	2006	5	28	10	0	0.01
72666724048	2006	5	28	11	0	0.01
72666724048	2006	6	5	2	0	0.06
72666724048	2006	6	8	3	0	0.1
72666724048	2006	6	8	21	0	0.01
72666724048	2006	6	9	15	0	0.14
72666724048	2006	6	9	16	0	0.13
72666724048	2006	6	9	17	0	0.06
72666724048	2006	6	14	19	0	0.04
72666724048	2006	7	2	0	0	0.01
72666724048	2006	7	3	14	0	0.03
72666724048	2006	7	4	3	0	0.01
72666724048	2006	7	6	2	0	0.06
72666724048	2006	7	6	11	0	0.01
72666724048	2006	7	13	0	0	0.31
72666724048	2006	7	13	1	0	0.214
72666724048	2006	7	13	2	0	0.003
72666724048	2006	8	26	6	0	0.04
72666724048	2006	8	26	11	0	0.01
72666724048	2006	8	26	12	0	0.02
72666724048	2006	9	11	8	0	0.009
72666724048	2006	9	11	13	0	0.001
72666724048	2006	9	11	14	0	0.001
72666724048	2006	9	11	15	0	0.002
72666724048	2006	9	15	9	0	0.02
72666724048	2006	9	15	12	0	0.01
72666724048	2006	9	15	13	0	0.01
72666724048	2006	9	15	23	0	0.01
72666724048	2006	9	16	0	0	0.09
72666724048	2006	9	16	1	0	0.08
72666724048	2006	9	16	5	0	0.13
72666724048	2006	9	16	6	0	0.06
72666724048	2006	9	16	7	0	0.01
72666724048	2006	9	16	9	0	0.03
72666724048	2006	9	16	10	0	0.04
72666724048	2006	9	16	11	0	0.05
72666724048	2006	9	16	12	0	0.01
72666724048	2006	9	16	13	0	0.03
72666724048	2006	9	16	14	0	0.05
72666724048	2006	9	16	15	0	0.02
72666724048	2006	9	17	3	0	0.01
72666724048	2006	9	21	13	0	0.04
72666724048	2006	9	21	14	0	0.04
72666724048	2006	9	21	15	0	0.01
72666724048	2006	9	21	16	0	0.03
72666724048	2006	9	21	17	0	0.03
72666724048	2006	9	22	12	0	0.01
72666724048	2006	9	22	18	0	0.02
72666724048	2006	9	22	19	0	0.02
72666724048	2006	9	22	20	0	0.01
72666724048	2006	9	22	22	0	0.01
72666724048	2006	9	22	23	0	0.04
72666724048	2006	9	23	0	0	0.03
72666724048	2006	9	23	1	0	0.02
72666724048	2006	10	8	1	0	0.05
72666724048	2006	10	9	6	0	0.01
72666724048	2006	10	9	8	0	0.04
72666724048	2006	10	9	9	0	0.02
72666724048	2006	10	9	10	0	0.03
72666724048	2006	10	9	11	0	0.03
72666724048	2006	10	9	12	0	0.07
72666724048	2006	10	9	13	0	0.09
72666724048	2006	10	9	14	0	0.08
72666724048	2006	10	9	15	0	0.04
72666724048	2006	10	9	16	0	0.06
72666724048	2006	10	9	17	0	0.07
72666724048	2006	10	9	18	0	0.05
72666724048	2006	10	9	19	0	0.02
72666724048	2006	10	9	20	0	0.01
72666724048	2006	10	9	21	0	0.01
72666724048	2006	10	16	16	0	0.01
72666724048	2006	10	16	17	0	0.03
72666724048	2006	10	20	17	0	0.01
72666724048	2006	10	25	20	0	0.04
72666724048	2006	10	25	21	0	0.01
72666724048	2006	11	9	23	0	0.02
72666724048	2006	11	10	0	0	0.03
72666724048	2006	11	10	5	0	0.01
72666724048	2006	11	14	20	0	0.01
72666724048	2006	11	28	10	0	0.02
72666724048	2006	11	28	12	0	0.01
72666724048	2006	12	23	0	0	0.01
72666724048	2006	12	23	1	0	0.01
72666724048	2006	12	23	2	0	0.01
72666724048	2006	12	28	14	0	0.01
72666724048	2007	1	4	12	0	0.01
72666724048	2007	1	4	13	0	0.02
72666724048	2007	1	11	15	0	0.01
72666724048	2007	1	31	9	0	0.01
72666724048	2007	2	1	12	0	0.01
72666724048	2007	2	1	13	0	0.02
72666724048	2007	2	3	2	0	0.02
72666724048	2007	2	3	3	0	0.04
72666724048	2007	2	3	4	0	0.01
72666724048	2007	2	3	5	0	0.01
72666724048	2007	2	3	6	0	0.01
72666724048	2007	2	3	8	0	0.01
72666724048	2007	2	3	9	0	0.01
72666724048	2007	2	3	10	0	0.01
72666724048	2007	2	3	11	0	0.02
72666724048	2007	2	3	12	0	0.02
72666724048	2007	2	3	13	0	0.03
72666724048	2007	2	12	11	0	0.01
72666724048	2007	2	24	0	0	0.02
72666724048	2007	2	24	1	0	0.01
72666724048	2007	2	27	18	0	0.03
72666724048	2007	2	27	19	0	0.06
72666724048	2007	2	27	20	0	0.01
72666724048	2007	2	28	1	0	0.01
72666724048	2007	3	28	6	0	0.03
72666724048	2007	3	28	7	0	0.09
72666724048	2007	3	28	12	0	0.04
72666724048	2007	3	28	13	0	0.05
72666724048	2007	3	28	14	0	0.01
72666724048	2007	3	30	3	0	0.03
72666724048	2007	3	30	4	0	0.02
72666724048	2007	3	30	5	0	0.01
72666724048	2007	3	31	4	0	0.02
72666724048	2007	4	2	17	0	0.01
72666724048	2007	4	5	10	0	0.02
72666724048	2007	4	5	11	0	0.01
72666724048	2007	4	19	7	0	0.01
72666724048	2007	4	19	8	0	0.03
72666724048	2007	4	19	9	0	0.02
72666724048	2007	4	19	10	0	0.11
72666724048	2007	4	19	11	0	0.01
72666724048	2007	4	19	13	0	0.01
72666724048	2007	4	19	14	0	0.02
72666724048	2007	4	19	15	0	0.01
72666724048	2007	4	19	16	0	0.02
72666724048	2007	4	19	17	0	0.01
72666724048	2007	4	19	18	0	0.01
72666724048	2007	4	19	19	0	0.01
72666724048	2007	4	23	9	0	0.06
72666724048	2007	4	23	10	0	0.01
72666724048	2007	5	2	21	0	0.01
72666724048	2007	5	3	2	0	0.01
72666724048	2007	5	3	14	0	0.01
72666724048	2007	5	4	6	0	0.03
72666724048	2007	5	10	22	0	0.03
72666724048	2007	5	22	2	0	0.019
72666724048	2007	5	22	3	0	0.09
72666724048	2007	5	22	9	0	0.35
72666724048	2007	5	22	10	0	0.2
72666724048	2007	5	22	11	0	0.07
72666724048	2007	5	22	12	0	0.03
72666724048	2007	5	22	13	0	0.01
72666724048	2007	5	22	14	0	0.04
72666724048	2007	5	22	15	0	0.01
72666724048	2007	5	22	20	0	0.01
72666724048	2007	5	23	6	0	0.01
72666724048	2007	5	23	7	0	0.01
72666724048	2007	5	23	8	0	0.03
72666724048	2007	5	23	9	0	0.03
72666724048	2007	5	23	10	0	0.01
72666724048	2007	5	25	15	0	0.01
72666724048	2007	5	25	16	0	0.02
72666724048	2007	5	25	19	0	0.01
72666724048	2007	5	25	20	0	0.01
72666724048	2007	5	29	15	0	0.01
72666724048	2007	5	30	6	0	0.01
72666724048	2007	5	30	18	0	0.01
72666724048	2007	5	31	18	0	0.04
72666724048	2007	5	31	19	0	0.03
72666724048	2007	5	31	21	0	0.01
72666724048	2007	5	31	22	0	0.02
72666724048	2007	5	31	23	0	0.01
72666724048	2007	6	1	0	0	0.01
72666724048	2007	6	1	7	0	0.01
72666724048	2007	6	1	8	0	0.01
72666724048	2007	6	1	9	0	0.01
72666724048	2007	6	7	3	0	0.01
72666724048	2007	6	7	4	0	0.11
72666724048	2007	6	7	6	0	0.01
72666724048	2007	6	7	8	0	0.02
72666724048	2007	6	7	9	0	0.03
72666724048	2007	6	7	10	0	0.03
72666724048	2007	6	7	11	0	0.07
72666724048	2007	6	7	12	0	0.03
72666724048	2007	6	7	13	0	0.01
72666724048	2007	6	7	14	0	0.01
72666724048	2007	6	27	13	0	0.001
72666724048	2007	8	13	20	0	0.09
72666724048	2007	8	14	2	0	0.07
72666724048	2007	8	19	4	0	0.01
72666724048	2007	8	19	21	0	0.03
72666724048	2007	8	20	0	0	0.01
72666724048	2007	8	22	20	0	0.11
72666724048	2007	8	22	22	0	0.1
72666724048	2007	8	22	23	0	0.02
72666724048	2007	8	23	2	0	0.01
72666724048	2007	9	5	7	0	0.01
72666724048	2007	9	5	8	0	0.06
72666724048	2007	9	5	9	0	0.02
72666724048	2007	9	6	2	0	0.003
72666724048	2007	9	6	3	0	0.02
72666724048	2007	9	19	1	0	0.01
72666724048	2007	9	23	9	0	0.05
72666724048	2007	9	23	10	0	0.01
72666724048	2007	9	29	23	0	0.01
72666724048	2007	9	30	3	0	0.01
72666724048	2007	10	4	12	0	0.01
72666724048	2007	10	5	1	0	0.01
72666724048	2007	10	6	1	0	0.01
72666724048	2007	10	6	3	0	0.02
72666724048	2007	10	6	4	0	0.01
72666724048	2007	10	6	5	0	0.03
72666724048	2007	10	6	6	0	0.04
72666724048	2007	10	6	7	0	0.07
72666724048	2007	10	6	8	0	0.03
72666724048	2007	10	6	9	0	0.03
72666724048	2007	10	6	10	0	0.04
72666724048	2007	10	6	11	0	0.02
72666724048	2007	10	6	15	0	0.01
72666724048	2007	10	7	2	0	0.01
72666724048	2007	10	7	3	0	0.02
72666724048	2007	10	7	5	0	0.01
72666724048	2007	10	7	6	0	0.04
72666724048	2007	10	7	7	0	0.05
72666724048	2007	10	7	8	0	0.07
72666724048	2007	10	7	9	0	0.04
72666724048	2007	10	7	10	0	0.03
72666724048	2007	10	7	11	0	0.01
72666724048	2007	10	7	13	0	0.01
72666724048	2007	10	7	17	0	0.01
72666724048	2007	10	7	19	0	0.01
72666724048	2007	10	7	21	0	0.02
72666724048	2007	10	7	22	0	0.02
72666724048	2007	10	7	23	0	0.01
72666724048	2007	10	8	5	0	0.01
72666724048	2007	10	8	6	0	0.03
72666724048	2007	10	17	13	0	0.04
72666724048	2007	10	17	17	0	0.01
72666724048	2007	10	17	18	0	0.07
72666724048	2007	10	17	19	0	0.08
72666724048	2007	10	17	20	0	0.04
72666724048	2007	10	17	21	0	0.04
72666724048	2007	10	17	22	0	0.04
72666724048	2007	10	17	23	0	0.03
72666724048	2007	10	18	1	0	0.01
72666724048	2007	10	20	12	0	0.06
72666724048	2007	10	20	13	0	0.18
72666724048	2007	10	20	14	0	0.12
72666724048	2007	10	20	15	0	0.01
72666724048	2007	10	20	16	0	0.06
72666724048	2007	10	20	17	0	0.01
72666724048	2007	10	20	18	0	0.01
72666724048	2007	10	30	21	0	0.02
72666724048	2007	10	30	22	0	0.01
72666724048	2007	11	13	18	0	0.01
72666724048	2007	12	1	18	0	0.01
72666724048	2007	12	4	14	0	0.005
72666724048	2007	12	8	7	0	0.01
72666724048	2008	1	15	17	0	0.01
72666724048	2008	1	17	14	0	0.01
72666724048	2008	1	17	15	0	0.01
72666724048	2008	1	17	17	0	0.02
72666724048	2008	1	17	18	0	0.01
72666724048	2008	1	17	19	0	0.02
72666724048	2008	1	17	20	0	0.02
72666724048	2008	1	17	21	0	0.02
72666724048	2008	1	17	22	0	0.01
72666724048	2008	1	17	23	0	0.01
72666724048	2008	1	18	1	0	0.02
72666724048	2008	1	18	2	0	0.05
72666724048	2008	1	18	3	0	0.01
72666724048	2008	1	18	4	0	0.02
72666724048	2008	1	18	5	0	0.02
72666724048	2008	1	18	7	0	0.01
72666724048	2008	1	18	10	0	0.01
72666724048	2008	1	19	8	0	0.01
72666724048	2008	1	19	9	0	0.01
72666724048	2008	1	19	10	0	0.01
72666724048	2008	1	19	11	0	0.01
72666724048	2008	1	19	13	0	0.01
72666724048	2008	1	19	14	0	0.01
72666724048	2008	1	19	15	0	0.01
72666724048	2008	1	20	15	0	0.01
72666724048	2008	1	23	1	0	0.01
72666724048	2008	1	23	2	0	0.01
72666724048	2008	1	23	3	0	0.02
72666724048	2008	1	23	4	0	0.02
72666724048	2008	3	14	11	0	0.02
72666724048	2008	3	14	18	0	0.04
72666724048	2008	3	14	19	0	0.03
72666724048	2008	3	26	19	0	0.05
72666724048	2008	3	26	20	0	0.01
72666724048	2008	4	21	1	0	0.04
72666724048	2008	4	24	19	0	0.01
72666724048	2008	4	24	20	0	0.02
72666724048	2008	4	24	21	0	0.01
72666724048	2008	4	24	22	0	0.01
72666724048	2008	4	25	21	0	0.01
72666724048	2008	4	26	1	0	0.03
72666724048	2008	5	10	4	0	0.03
72666724048	2008	5	12	9	0	0.04
72666724048	2008	5	12	11	0	0.02
72666724048	2008	5	12	13	0	0.02
72666724048	2008	5	12	14	0	0.01
72666724048	2008	5	12	15	0	0.01
72666724048	2008	5	21	16	0	0.01
72666724048	2008	5	21	23	0	0.019
72666724048	2008	5	22	0	0	0.03
72666724048	2008	5	22	1	0	0.01
72666724048	2008	5	22	2	0	0.04
72666724048	2008	5	22	3	0	0.01
72666724048	2008	5	22	4	0	0.02
72666724048	2008	5	22	5	0	0.01
72666724048	2008	5	22	6	0	0.01
72666724048	2008	5	22	10	0	0.01
72666724048	2008	5	22	11	0	0.01
72666724048	2008	5	22	13	0	0.04
72666724048	2008	5	22	14	0	0.01
72666724048	2008	5	22	16	0	0.05
72666724048	2008	5	22	17	0	0.07
72666724048	2008	5	22	18	0	0.04
72666724048	2008	5	22	22	0	0.03
72666724048	2008	5	22	23	0	0.08
72666724048	2008	5	23	0	0	0.06
72666724048	2008	5	23	1	0	0.01
72666724048	2008	5	23	3	0	0.01
72666724048	2008	5	23	9	0	0.03
72666724048	2008	5	23	10	0	0.01
72666724048	2008	5	23	11	0	0.04
72666724048	2008	5	23	12	0	0.01
72666724048	2008	5	23	18	0	0.02
72666724048	2008	5	23	19	0	0.14
72666724048	2008	5	23	20	0	0.05
72666724048	2008	5	23	21	0	0.07
72666724048	2008	5	23	22	0	0.04
72666724048	2008	5	23	23	0	0.03
72666724048	2008	5	24	12	0	0.03
72666724048	2008	5	24	13	0	0.06
72666724048	2008	5	24	14	0	0.02
72666724048	2008	5	24	15	0	0.04
72666724048	2008	5	24	16	0	0.07
72666724048	2008	5	24	17	0	0.02
72666724048	2008	5	25	9	0	0.02
72666724048	2008	5	26	17	0	0.01
72666724048	2008	5	26	18	0	0.12
72666724048	2008	5	26	19	0	0.01
72666724048	2008	5	26	23	0	0.02
72666724048	2008	5	27	0	0	0.02
72666724048	2008	5	27	2	0	0.01
72666724048	2008	5	27	3	0	0.03
72666724048	2008	5	27	6	0	0.02
72666724048	2008	5	27	7	0	0.01
72666724048	2008	5	27	9	0	0.05
72666724048	2008	5	27	10	0	0.06
72666724048	2008	5	27	11	0	0.05
72666724048	2008	5	27	12	0	0.02
72666724048	2008	5	27	13	0	0.01
72666724048	2008	6	5	0	0	0.01
72666724048	2008	6	6	18	0	0.01
72666724048	2008	6	7	22	0	0.07
72666724048	2008	6	7	23	0	0.02
72666724048	2008	6	8	17	0	0.01
72666724048	2008	6	10	8	0	0.03
72666724048	2008	6	10	9	0	0.033
72666724048	2008	6	10	10	0	0.04
72666724048	2008	6	10	13	0	0.01
72666724048	2008	6	10	14	0	0.03
72666724048	2008	6	10	15	0	0.04
72666724048	2008	6	10	16	0	0.04
72666724048	2008	6	10	17	0	0.01
72666724048	2008	6	11	1	0	0.01
72666724048	2008	6	12	5	0	0.01
72666724048	2008	6	26	8	0	0.01
72666724048	2008	7	2	4	0	0.02
72666724048	2008	7	18	1	0	0.1
72666724048	2008	7	23	3	0	0.03
72666724048	2008	7	23	5	0	0.02
72666724048	2008	7	23	23	0	0.01
72666724048	2008	7	26	21	0	0.01
72666724048	2008	8	4	15	0	0.01
72666724048	2008	8	5	14	0	0.01
72666724048	2008	8	5	17	0	0.01
72666724048	2008	8	15	15	0	0.01
72666724048	2008	8	20	13	0	0.13
72666724048	2008	9	1	4	0	0.01
72666724048	2008	9	1	5	0	0.02
72666724048	2008	9	1	6	0	0.11
72666724048	2008	9	1	7	0	0.05
72666724048	2008	9	1	8	0	0.08
72666724048	2008	9	1	9	0	0.01
72666724048	2008	9	1	16	0	0.01
72666724048	2008	9	1	17	0	0.08
72666724048	2008	9	1	18	0	0.1
72666724048	2008	9	1	19	0	0.02
72666724048	2008	9	1	20	0	0.06
72666724048	2008	9	1	21	0	0.1
72666724048	2008	9	1	22	0	0.03
72666724048	2008	9	1	23	0	0.04
72666724048	2008	9	2	0	0	0.02
72666724048	2008	9	2	1	0	0.08
72666724048	2008	9	2	2	0	0.05
72666724048	2008	9	7	6	0	0.03
72666724048	2008	9	7	7	0	0.08
72666724048	2008	9	7	8	0	0.03
72666724048	2008	9	7	9	0	0.01
72666724048	2008	9	7	10	0	0.01
72666724048	2008	9	7	11	0	0.01
72666724048	2008	9	10	21	0	0.01
72666724048	2008	9	10	23	0	0.02
72666724048	2008	9	11	1	0	0.05
72666724048	2008	9	22	23	0	0.09
72666724048	2008	10	5	6	0	0.04
72666724048	2008	10	5	7	0	0.02
72666724048	2008	10	5	8	0	0.02
72666724048	2008	10	5	9	0	0.06
72666724048	2008	10	5	10	0	0.07
72666724048	2008	10	5	11	0	0.03
72666724048	2008	10	5	14	0	0.04
72666724048	2008	10	5	15	0	0.05
72666724048	2008	10	5	21	0	0.21
72666724048	2008	10	5	22	0	0.01
72666724048	2008	10	11	6	0	0.03
72666724048	2008	10	11	7	0	0.01
72666724048	2008	10	11	8	0	0.02
72666724048	2008	10	11	10	0	0.03
72666724048	2008	10	11	11	0	0.02
72666724048	2008	10	11	13	0	0.01
72666724048	2008	10	11	14	0	0.08
72666724048	2008	10	11	15	0	0.01
72666724048	2008	10	11	16	0	0.01
72666724048	2008	10	12	2	0	0.02
72666724048	2008	10	12	4	0	0.02
72666724048	2008	10	12	5	0	0.02
72666724048	2008	10	12	6	0	0.01
72666724048	2008	10	12	9	0	0.01
72666724048	2008	10	12	12	0	0.01
72666724048	2008	10	12	15	0	0.01
72666724048	2008	10	12	17	0	0.01
72666724048	2008	10	16	18	0	0.005
72666724048	2008	10	17	17	0	0.001
72666724048	2008	10	21	20	0	0.01
72666724048	2008	11	3	3	0	0.03
72666724048	2008	11	3	4	0	0.04
72666724048	2008	11	7	15	0	0.01
72666724048	2008	11	8	14	0	0.01
72666724048	2008	11	9	4	0	0.01
72666724048	2008	11	10	22	0	0.01
72666724048	2008	11	11	3	0	0.01
72666724048	2008	11	12	17	0	0.01
72666724048	2008	11	12	18	0	0.05
72666724048	2008	11	13	16	0	0.01
72666724048	2008	12	2	22	0	0.02
72666724048	2008	12	6	17	0	0.01
72666724048	2008	12	14	0	0	0.01
72666724048	2008	12	23	8	0	0.01
72666724048	2008	12	23	9	0	0.01
72666724048	2008	12	24	0	0	0.01
72666724048	2008	12	26	12	0	0.03
72666724048	2008	12	26	13	0	0.09
72666724048	2008	12	26	14	0	0.1
72666724048	2008	12	26	15	0	0.12
72666724048	2008	12	26	16	0	0.04
72666724048	2009	1	7	5	0	0.01
72666724048	2009	1	7	6	0	0.04
72666724048	2009	1	7	7	0	0.02
72666724048	2009	1	7	8	0	0.03
72666724048	2009	1	7	9	0	0.02
72666724048	2009	1	25	11	0	0.01
72666724048	2009	1	26	4	0	0.01
72666724048	2009	1	26	7	0	0.01
72666724048	2009	1	26	9	0	0.01
72666724048	2009	1	29	3	0	0.01
72666724048	2009	1	29	4	0	0.02
72666724048	2009	2	27	12	0	0.01
72666724048	2009	2	27	13	0	0.02
72666724048	2009	2	27	14	0	0.03
72666724048	2009	2	27	15	0	0.01
72666724048	2009	2	27	16	0	0.01
72666724048	2009	2	27	17	0	0.01
72666724048	2009	4	3	15	0	0.05
72666724048	2009	4	3	16	0	0.01
72666724048	2009	4	9	15	0	0.01
72666724048	2009	4	9	16	0	0.01
72666724048	2009	4	15	1	0	0.02
72666724048	2009	4	15	5	0	0.03
72666724048	2009	4	15	7	0	0.02
72666724048	2009	4	15	8	0	0.02
72666724048	2009	4	15	11	0	0.01
72666724048	2009	4	29	6	0	0.06
72666724048	2009	4	29	7	0	0.38
72666724048	2009	4	29	8	0	0.26
72666724048	2009	4	29	9	0	0.03
72666724048	2009	4	29	14	0	0.02
72666724048	2009	4	29	21	0	0.01
72666724048	2009	5	3	14	0	0.01
72666724048	2009	5	4	3	0	0.03
72666724048	2009	5	5	20	0	0.01
72666724048	2009	5	7	12	0	0.01
72666724048	2009	5	9	5	0	0.02
72666724048	2009	5	9	18	0	0.01
72666724048	2009	5	24	16	0	0.03
72666724048	2009	5	24	17	0	0.02
72666724048	2009	5	24	18	0	0.06
72666724048	2009	6	2	4	0	0.05
72666724048	2009	6	2	5	0	0.04
72666724048	2009	6	2	6	0	0.02
72666724048	2009	6	2	7	0	0.02
72666724048	2009	6	2	8	0	0.02
72666724048	2009	6	2	9	0	0.03
72666724048	2009	6	2	10	0	0.01
72666724048	2009	6	2	11	0	0.01
72666724048	2009	6	2	12	0	0.02
72666724048	2009	6	2	13	0	0.02
72666724048	2009	6	2	14	0	0.02
72666724048	2009	6	2	15	0	0.01
72666724048	2009	6	2	16	0	0.01
72666724048	2009	6	2	19	0	0.01
72666724048	2009	6	2	20	0	0.01
72666724048	2009	6	2	21	0	0.02
72666724048	2009	6	2	22	0	0.01
72666724048	2009	6	3	0	0	0.02
72666724048	2009	6	3	1	0	0.03
72666724048	2009	6	3	2	0	0.03
72666724048	2009	6	3	3	0	0.01
72666724048	2009	6	3	5	0	0.03
72666724048	2009	6	3	6	0	0.02
72666724048	2009	6	3	8	0	0.01
72666724048	2009	6	3	14	0	0.01
72666724048	2009	6	3	19	0	0.04
72666724048	2009	6	3	20	0	0.01
72666724048	2009	6	3	21	0	0.01
72666724048	2009	6	6	0	0	0.22
72666724048	2009	6	6	1	0	0.03
72666724048	2009	6	6	7	0	0.04
72666724048	2009	6	6	8	0	0.22
72666724048	2009	6	6	22	0	0.01
72666724048	2009	6	7	6	0	0.1
72666724048	2009	6	7	7	0	0.04
72666724048	2009	6	7	10	0	0.01
72666724048	2009	6	7	11	0	0.04
72666724048	2009	6	7	12	0	0.08
72666724048	2009	6	7	13	0	0.06
72666724048	2009	6	7	14	0	0.07
72666724048	2009	6	7	15	0	0.07
72666724048	2009	6	7	16	0	0.11
72666724048	2009	6	7	17	0	0.05
72666724048	2009	6	7	18	0	0.02
72666724048	2009	6	7	19	0	0.01
72666724048	2009	6	7	20	0	0.04
72666724048	2009	6	7	21	0	0.03
72666724048	2009	6	9	6	0	0.01
72666724048	2009	6	10	6	0	0.03
72666724048	2009	6	10	7	0	0.02
72666724048	2009	6	14	1	0	0.04
72666724048	2009	6	14	2	0	0.01
72666724048	2009	6	15	20	0	0.03
72666724048	2009	6	18	5	0	0.01
72666724048	2009	6	21	2	0	0.095
72666724048	2009	6	21	3	0	0.021
72666724048	2009	6	22	3	0	0.14
72666724048	2009	6	26	20	0	0.01
72666724048	2009	6	26	21	0	0.01
72666724048	2009	6	27	3	0	0.08
72666724048	2009	6	27	9	0	0.01
72666724048	2009	7	2	5	0	0.01
72666724048	2009	7	3	5	0	0.02
72666724048	2009	7	6	21	0	0.09
72666724048	2009	7	13	13	0	0.01
72666724048	2009	7	19	20	0	0.07
72666724048	2009	7	20	0	0	0.02
72666724048	2009	7	20	1	0	0.03
72666724048	2009	7	27	23	0	0.01
72666724048	2009	7	28	1	0	0.01
72666724048	2009	7	28	2	0	0.01
72666724048	2009	7	28	6	0	0.02
72666724048	2009	7	29	3	0	0.01
72666724048	2009	8	3	0	0	0.02
72666724048	2009	8	4	20	0	0.02
72666724048	2009	8	4	23	0	0.01
72666724048	2009	8	7	2	0	0.04
72666724048	2009	8	7	3	0	0.01
72666724048	2009	8	7	5	0	0.01
72666724048	2009	8	7	8	0	0.02
72666724048	2009	8	16	1	0	0.01
72666724048	2009	8	16	4	0	0.03
72666724048	2009	8	16	5	0	0.01
72666724048	2009	8	19	7	0	0.01
72666724048	2009	8	19	11	0	0.01
72666724048	2009	8	19	16	0	0.01
72666724048	2009	8	19	18	0	0.01
72666724048	2009	8	22	20	0	0.02
72666724048	2009	8	24	16	0	0.01
72666724048	2009	9	16	1	0	0.02
72666724048	2009	9	16	2	0	0.07
72666724048	2009	9	30	20	0	0.02
72666724048	2009	9	30	21	0	0.08
72666724048	2009	9	30	22	0	0.04
72666724048	2009	9	30	23	0	0.05
72666724048	2009	10	1	2	0	0.01
72666724048	2009	10	1	3	0	0.01
72666724048	2009	10	1	4	0	0.01
72666724048	2009	10	1	5	0	0.01
72666724048	2009	10	1	6	0	0.02
72666724048	2009	10	1	8	0	0.02
72666724048	2009	10	1	9	0	0.02
72666724048	2009	10	1	10	0	0.01
72666724048	2009	10	4	22	0	0.01
72666724048	2009	10	4	23	0	0.02
72666724048	2009	10	5	0	0	0.01
72666724048	2009	10	5	4	0	0.03
72666724048	2009	10	5	5	0	0.03
72666724048	2009	10	5	7	0	0.01
72666724048	2009	10	5	10	0	0.02
72666724048	2009	10	5	11	0	0.05
72666724048	2009	10	5	12	0	0.04
72666724048	2009	10	5	13	0	0.01
72666724048	2009	10	5	14	0	0.01
72666724048	2009	10	5	17	0	0.01
72666724048	2009	10	5	18	0	0.01
72666724048	2009	10	5	19	0	0.01
72666724048	2009	10	9	7	0	0.01
72666724048	2009	11	30	17	0	0.001
72666724048	2009	12	1	22	0	0.01
72666724048	2009	12	8	14	0	0.01
72666724048	2009	12	8	15	0	0.01
72666724048	2009	12	8	17	0	0.01
72666724048	2009	12	23	16	0	0.01
72666724048	2010	1	6	10	0	0.01
72666724048	2010	1	22	15	0	0.01
72666724048	2010	1	22	16	0	0.1
72666724048	2010	1	22	17	0	0.05
72666724048	2010	1	22	18	0	0.01
72666724048	2010	1	23	8	0	0.02
72666724048	2010	1	23	16	0	0.02
72666724048	2010	1	23	19	0	0.01
72666724048	2010	1	24	1	0	0.02
72666724048	2010	1	24	2	0	0.02
72666724048	2010	1	24	3	0	0.01
72666724048	2010	2	21	2	0	0.03
72666724048	2010	2	21	3	0	0.01
72666724048	2010	3	10	10	0	0.02
72666724048	2010	3	10	11	0	0.02
72666724048	2010	3	10	12	0	0.01
72666724048	2010	3	10	13	0	0.04
72666724048	2010	3	10	14	0	0.01
72666724048	2010	3	18	16	0	0.01
72666724048	2010	3	18	17	0	0.02
72666724048	2010	3	18	18	0	0.04
72666724048	2010	3	18	19	0	0.01
72666724048	2010	3	22	18	0	0.01
72666724048	2010	3	30	20	0	0.01
72666724048	2010	3	30	21	0	0.01
72666724048	2010	3	30	22	0	0.02
72666724048	2010	4	1	19	0	0.02
72666724048	2010	4	13	6	0	0.01
72666724048	2010	4	13	7	0	0.05
72666724048	2010	4	13	9	0	0.01
72666724048	2010	4	13	10	0	0.1
72666724048	2010	4	22	21	0	0.02
72666724048	2010	4	23	13	0	0.01
72666724048	2010	4	23	14	0	0.01
72666724048	2010	4	23	15	0	0.03
72666724048	2010	4	29	23	0	0.04
72666724048	2010	4	30	0	0	0.06
72666724048	2010	4	30	1	0	0.01
72666724048	2010	4	30	12	0	0.02
72666724048	2010	4	30	13	0	0.03
72666724048	2010	4	30	14	0	0.019
72666724048	2010	4	30	15	0	0.05
72666724048	2010	4	30	16	0	0.01
72666724048	2010	5	3	4	0	0.01
72666724048	2010	5	4	7	0	0.05
72666724048	2010	5	4	8	0	0.03
72666724048	2010	5	6	5	0	0.008
72666724048	2010	5	6	6	0	0.04
72666724048	2010	5	6	7	0	0.04
72666724048	2010	5	6	8	0	0.04
72666724048	2010	5	6	9	0	0.01
72666724048	2010	5	6	10	0	0.02
72666724048	2010	5	6	11	0	0.01
72666724048	2010	5	6	12	0	0.03
72666724048	2010	5	6	15	0	0.01
72666724048	2010	5	6	16	0	0.01
72666724048	2010	5	11	0	0	0.01
72666724048	2010	5	11	1	0	0.01
72666724048	2010	5	11	2	0	0.03
72666724048	2010	5	11	3	0	0.08
72666724048	2010	5	11	4	0	0.12
72666724048	2010	5	11	5	0	0.05
72666724048	2010	5	11	6	0	0.01
72666724048	2010	5	11	7	0	0.01
72666724048	2010	5	11	22	0	0.01
72666724048	2010	5	19	10	0	0.01
72666724048	2010	5	19	13	0	0.01
72666724048	2010	5	19	15	0	0.04
72666724048	2010	5	19	20	0	0.04
72666724048	2010	5	19	21	0	0.03
72666724048	2010	5	20	1	0	0.15
72666724048	2010	5	20	2	0	0.16
72666724048	2010	5	20	4	0	0.24
72666724048	2010	5	20	5	0	0.05
72666724048	2010	5	20	21	0	0.01
72666724048	2010	5	22	6	0	0.01
72666724048	2010	5	22	8	0	0.01
72666724048	2010	5	22	9	0	0.04
72666724048	2010	5	22	10	0	0.09
72666724048	2010	5	22	11	0	0.01
72666724048	2010	5	22	12	0	0.01
72666724048	2010	5	22	21	0	0.01
72666724048	2010	5	24	3	0	0.23
72666724048	2010	5	24	4	0	0.11
72666724048	2010	5	24	5	0	0.04
72666724048	2010	5	24	18	0	0.02
72666724048	2010	5	24	19	0	0.06
72666724048	2010	5	24	20	0	0.05
72666724048	2010	5	24	21	0	0.12
72666724048	2010	5	24	22	0	0.26
72666724048	2010	5	24	23	0	0.03
72666724048	2010	5	25	0	0	0.01
72666724048	2010	5	25	1	0	0.07
72666724048	2010	5	25	2	0	0.09
72666724048	2010	5	25	3	0	0.03
72666724048	2010	5	25	6	0	0.01
72666724048	2010	5	25	13	0	0.01
72666724048	2010	5	29	14	0	0.01
72666724048	2010	5	29	17	0	0.004
72666724048	2010	5	29	18	0	0.07
72666724048	2010	5	29	19	0	0.01
72666724048	2010	5	29	20	0	0.01
72666724048	2010	6	1	23	0	0.02
72666724048	2010	6	2	4	0	0.03
72666724048	2010	6	2	5	0	0.05
72666724048	2010	6	7	2	0	0.01
72666724048	2010	6	7	3	0	0.04
72666724048	2010	6	7	4	0	0.01
72666724048	2010	6	7	19	0	0.01
72666724048	2010	6	10	23	0	0.014
72666724048	2010	6	11	0	0	0.1
72666724048	2010	6	12	21	0	0.1
72666724048	2010	6	12	22	0	0.02
72666724048	2010	6	13	1	0	0.07
72666724048	2010	6	13	2	0	0.04
72666724048	2010	6	13	8	0	0.01
72666724048	2010	6	15	23	0	0.03
72666724048	2010	6	16	0	0	0.02
72666724048	2010	6	16	21	0	0.01
72666724048	2010	6	17	0	0	0.08
72666724048	2010	6	17	6	0	0.03
72666724048	2010	6	17	9	0	0.19
72666724048	2010	6	17	10	0	0.05
72666724048	2010	6	17	12	0	0.01
72666724048	2010	6	20	23	0	0.01
72666724048	2010	6	21	22	0	0.01
72666724048	2010	6	22	21	0	0.05
72666724048	2010	6	22	22	0	0.03
72666724048	2010	6	23	12	0	0.01
72666724048	2010	6	30	0	0	0.03
72666724048	2010	6	30	21	0	0.08
72666724048	2010	7	1	0	0	0.01
72666724048	2010	7	1	3	0	0.01
72666724048	2010	7	6	15	0	0.01
72666724048	2010	7	11	22	0	0.15
72666724048	2010	7	12	0	0	0.01
72666724048	2010	7	29	7	0	0.01
72666724048	2010	8	14	7	0	0.01
72666724048	2010	8	14	9	0	0.01
72666724048	2010	8	23	3	0	0.01
72666724048	2010	8	23	4	0	0.07
72666724048	2010	8	23	5	0	0.02
72666724048	2010	8	29	1	0	0.03
72666724048	2010	8	30	10	0	0.01
72666724048	2010	8	30	19	0	0.03
72666724048	2010	9	9	21	0	0.11
72666724048	2010	9	9	22	0	0.01
72666724048	2010	9	10	13	0	0.01
72666724048	2010	9	10	14	0	0.01
72666724048	2010	9	10	15	0	0.01
72666724048	2010	9	23	4	0	0.01
72666724048	2010	9	23	5	0	0.03
72666724048	2010	10	9	5	0	0.05
72666724048	2010	10	9	6	0	0.03
72666724048	2010	10	9	11	0	0.01
72666724048	2010	10	9	12	0	0.01
72666724048	2010	10	9	13	0	0.03
72666724048	2010	10	9	14	0	0.03
72666724048	2010	10	9	15	0	0.02
72666724048	2010	10	9	16	0	0.01
72666724048	2010	10	11	21	0	0.01
72666724048	2010	10	11	22	0	0.03
72666724048	2010	10	12	0	0	0.01
72666724048	2010	10	25	6	0	0.02
72666724048	2010	11	9	3	0	0.02
72666724048	2010	11	9	4	0	0.01
72666724048	2010	11	9	6	0	0.01
72666724048	2010	11	15	3	0	0.02
72666724048	2010	11	15	4	0	0.02
72666724048	2010	11	15	6	0	0.03
72666724048	2010	11	15	7	0	0.02
72666724048	2010	11	15	8	0	0.04
72666724048	2010	11	15	9	0	0.03
72666724048	2010	11	15	10	0	0.04
72666724048	2010	11	15	11	0	0.03
72666724048	2010	11	15	12	0	0.04
72666724048	2010	11	15	13	0	0.03
72666724048	2010	11	15	14	0	0.01
72666724048	2010	11	15	15	0	0.01
72666724048	2010	11	16	20	0	0.01
72666724048	2010	11	21	1	0	0.01
72666724048	2010	11	24	4	0	0.01
72666724048	2010	12	11	3	0	0.01
72666724048	2010	12	15	15	0	0.001
72666724048	2010	12	15	16	0	0.001
72666724048	2010	12	20	4	0	0.01
72666724048	2010	12	31	16	0	0.01
72666724048	2011	1	10	16	0	0.01
72666724048	2011	1	17	10	0	0.01
72666724048	2011	1	17	17	0	0.01
72666724048	2011	1	17	18	0	0.01
72666724048	2011	1	18	0	0	0.01
72666724048	2011	1	19	7	0	0.02
72666724048	2011	1	19	8	0	0.01
72666724048	2011	1	22	20	0	0.01
72666724048	2011	1	24	3	0	0.06
72666724048	2011	2	5	18	0	0.01
72666724048	2011	2	7	10	0	0.01
72666724048	2011	2	8	8	0	0.01
72666724048	2011	2	17	6	0	0.01
72666724048	2011	2	20	3	0	0.01
72666724048	2011	2	20	5	0	0.01
72666724048	2011	2	20	13	0	0.01
72666724048	2011	2	20	17	0	0.02
72666724048	2011	2	20	18	0	0.01
72666724048	2011	2	20	19	0	0.01
72666724048	2011	2	20	22	0	0.01
72666724048	2011	2	20	23	0	0.01
72666724048	2011	2	21	2	0	0.01
72666724048	2011	2	21	7	0	0.01
72666724048	2011	3	6	15	0	0.01
72666724048	2011	3	6	16	0	0.01
72666724048	2011	3	16	20	0	0.02
72666724048	2011	3	16	21	0	0.02
72666724048	2011	3	16	22	0	0.01
72666724048	2011	3	22	17	0	0.01
72666724048	2011	3	22	22	0	0.01
72666724048	2011	3	27	21	0	0.03
72666724048	2011	3	27	22	0	0.01
72666724048	2011	3	28	16	0	0.01
72666724048	2011	3	31	3	0	0.01
72666724048	2011	3	31	4	0	0.01
72666724048	2011	3	31	5	0	0.02
72666724048	2011	3	31	6	0	0.015
72666724048	2011	3	31	13	0	0.01
72666724048	2011	3	31	14	0	0.01
72666724048	2011	4	1	5	0	0.01
72666724048	2011	4	8	0	0	0.01
72666724048	2011	4	8	1	0	0.026
72666724048	2011	4	8	4	0	0.04
72666724048	2011	4	8	5	0	0.06
72666724048	2011	4	8	6	0	0.027
72666724048	2011	4	8	7	0	0.043
72666724048	2011	4	9	1	0	0.01
72666724048	2011	4	10	6	0	0.01
72666724048	2011	4	10	7	0	0.06
72666724048	2011	4	10	8	0	0.17
72666724048	2011	4	10	9	0	0.23
72666724048	2011	4	10	10	0	0.14
72666724048	2011	4	10	11	0	0.01
72666724048	2011	4	10	16	0	0.01
72666724048	2011	4	14	6	0	0.04
72666724048	2011	4	14	8	0	0.01
72666724048	2011	4	14	12	0	0.01
72666724048	2011	4	14	15	0	0.01
72666724048	2011	4	17	11	0	0.023
72666724048	2011	4	17	12	0	0.02
72666724048	2011	4	17	16	0	0.01
72666724048	2011	4	17	23	0	0.01
72666724048	2011	4	18	3	0	0.01
72666724048	2011	4	18	15	0	0.01
72666724048	2011	4	18	16	0	0.01
72666724048	2011	4	18	17	0	0.01
72666724048	2011	4	18	21	0	0.01
72666724048	2011	4	18	22	0	0.01
72666724048	2011	4	18	23	0	0.01
72666724048	2011	4	21	22	0	0.01
72666724048	2011	4	26	16	0	0.05
72666724048	2011	4	26	17	0	0.01
72666724048	2011	4	29	10	0	0.01
72666724048	2011	4	30	18	0	0.01
72666724048	2011	5	9	0	0	0.05
72666724048	2011	5	9	3	0	0.01
72666724048	2011	5	9	5	0	0.01
72666724048	2011	5	9	7	0	0.02
72666724048	2011	5	9	8	0	0.04
72666724048	2011	5	9	11	0	0.02
72666724048	2011	5	9	12	0	0.03
72666724048	2011	5	9	20	0	0.01
72666724048	2011	5	9	22	0	0.04
72666724048	2011	5	9	23	0	0.01
72666724048	2011	5	10	2	0	0.02
72666724048	2011	5	10	5	0	0.02
72666724048	2011	5	10	6	0	0.06
72666724048	2011	5	10	7	0	0.07
72666724048	2011	5	10	8	0	0.08
72666724048	2011	5	10	9	0	0.06
72666724048	2011	5	10	10	0	0.04
72666724048	2011	5	10	11	0	0.01
72666724048	2011	5	10	14	0	0.01
72666724048	2011	5	10	16	0	0.01
72666724048	2011	5	10	17	0	0.01
72666724048	2011	5	10	19	0	0.02
72666724048	2011	5	10	20	0	0.01
72666724048	2011	5	11	0	0	0.01
72666724048	2011	5	11	1	0	0.01
72666724048	2011	5	11	2	0	0.01
72666724048	2011	5	11	4	0	0.01
72666724048	2011	5	17	11	0	0.02
72666724048	2011	5	17	12	0	0.03
72666724048	2011	5	17	18	0	0.02
72666724048	2011	5	17	19	0	0.01
72666724048	2011	5	18	6	0	0.01
72666724048	2011	5	20	14	0	0.04
72666724048	2011	5	20	15	0	0.07
72666724048	2011	5	20	16	0	0.02
72666724048	2011	5	20	17	0	0.02
72666724048	2011	5	20	18	0	0.02
72666724048	2011	5	20	19	0	0.03
72666724048	2011	5	20	21	0	0.01
72666724048	2011	5	20	22	0	0.01
72666724048	2011	5	20	23	0	0.04
72666724048	2011	5	21	0	0	0.05
72666724048	2011	5	21	1	0	0.01
72666724048	2011	5	21	5	0	0.01
72666724048	2011	5	21	6	0	0.05
72666724048	2011	5	21	7	0	0.09
72666724048	2011	5	21	8	0	0.02
72666724048	2011	5	21	19	0	0.01
72666724048	2011	5	21	20	0	0.02
72666724048	2011	5	21	21	0	0.02
72666724048	2011	5	21	22	0	0.01
72666724048	2011	5	22	0	0	0.01
72666724048	2011	5	22	1	0	0.01
72666724048	2011	5	22	2	0	0.04
72666724048	2011	5	22	3	0	0.02
72666724048	2011	5	22	4	0	0.03
72666724048	2011	5	22	5	0	0.01
72666724048	2011	5	22	7	0	0.02
72666724048	2011	5	22	8	0	0.01
72666724048	2011	5	23	7	0	0.01
72666724048	2011	5	23	9	0	0.01
72666724048	2011	5	23	10	0	0.06
72666724048	2011	5	23	11	0	0.02
72666724048	2011	5	23	12	0	0.02
72666724048	2011	5	23	16	0	0.01
72666724048	2011	5	24	12	0	0.02
72666724048	2011	5	24	13	0	0.07
72666724048	2011	5	24	14	0	0.1
72666724048	2011	5	24	15	0	0.06
72666724048	2011	5	24	16	0	0.02
72666724048	2011	5	25	11	0	0.01
72666724048	2011	5	25	13	0	0.01
72666724048	2011	5	25	14	0	0.01
72666724048	2011	5	28	22	0	0.01
72666724048	2011	5	28	23	0	0.01
72666724048	2011	5	29	18	0	0.04
72666724048	2011	5	29	19	0	0.03
72666724048	2011	5	29	20	0	0.02
72666724048	2011	5	29	21	0	0.02
72666724048	2011	5	29	23	0	0.02
72666724048	2011	5	30	0	0	0.04
72666724048	2011	5	30	1	0	0.03
72666724048	2011	5	30	2	0	0.01
72666724048	2011	5	30	3	0	0.01
72666724048	2011	5	30	4	0	0.02
72666724048	2011	5	30	6	0	0.01
72666724048	2011	5	30	7	0	0.01
72666724048	2011	5	30	8	0	0.03
72666724048	2011	5	30	9	0	0.07
72666724048	2011	5	30	10	0	0.04
72666724048	2011	5	30	11	0	0.04
72666724048	2011	5	30	12	0	0.02
72666724048	2011	5	30	13	0	0.02
72666724048	2011	5	30	14	0	0.03
72666724048	2011	5	30	15	0	0.06
72666724048	2011	5	30	16	0	0.06
72666724048	2011	5	30	17	0	0.05
72666724048	2011	5	30	18	0	0.08
72666724048	2011	5	30	19	0	0.06
72666724048	2011	5	30	20	0	0.04
72666724048	2011	5	30	21	0	0.02
72666724048	2011	5	30	22	0	0.02
72666724048	2011	5	30	23	0	0.01
72666724048	2011	6	8	23	0	0.164
72666724048	2011	6	9	0	0	0.01
72666724048	2011	6	9	2	0	0.04
72666724048	2011	6	9	3	0	0.03
72666724048	2011	6	9	5	0	0.01
72666724048	2011	6	9	6	0	0.04
72666724048	2011	6	9	7	0	0.02
72666724048	2011	6	9	8	0	0.02
72666724048	2011	6	9	11	0	0.01
72666724048	2011	6	9	12	0	0.28
72666724048	2011	6	9	13	0	0.17
72666724048	2011	6	9	14	0	0.01
72666724048	2011	6	9	22	0	0.01
72666724048	2011	6	10	3	0	0.04
72666724048	2011	6	11	20	0	0.01
72666724048	2011	6	13	23	0	0.01
72666724048	2011	6	17	4	0	0.04
72666724048	2011	6	17	5	0	0.09
72666724048	2011	6	17	6	0	0.14
72666724048	2011	6	17	7	0	0.08
72666724048	2011	6	17	8	0	0.03
72666724048	2011	6	24	19	0	0.35
72666724048	2011	6	30	22	0	0.04
72666724048	2011	7	26	12	0	0.01
72666724048	2011	8	1	23	0	0.02
72666724048	2011	8	7	20	0	0.05
72666724048	2011	8	7	23	0	0.01
72666724048	2011	8	8	22	0	0.04
72666724048	2011	8	9	9	0	0.06
72666724048	2011	8	16	0	0	0.01
72666724048	2011	8	26	21	0	0.08
72666724048	2011	9	14	14	0	0.04
72666724048	2011	9	14	15	0	0.02
72666724048	2011	9	14	16	0	0.11
72666724048	2011	9	14	17	0	0.01
72666724048	2011	9	14	18	0	0.08
72666724048	2011	9	14	19	0	0.07
72666724048	2011	9	14	20	0	0.11
72666724048	2011	9	14	21	0	0.1
72666724048	2011	9	14	22	0	0.03
72666724048	2011	9	15	13	0	0.01
72666724048	2011	9	17	14	0	0.01
72666724048	2011	10	7	0	0	0.02
72666724048	2011	10	7	1	0	0.05
72666724048	2011	10	7	3	0	0.11
72666724048	2011	10	7	4	0	0.08
72666724048	2011	10	7	5	0	0.09
72666724048	2011	10	7	6	0	0.09
72666724048	2011	10	7	7	0	0.18
72666724048	2011	10	7	8	0	0.2
72666724048	2011	10	7	9	0	0.14
72666724048	2011	10	7	10	0	0.06
72666724048	2011	10	7	11	0	0.09
72666724048	2011	10	7	12	0	0.23
72666724048	2011	10	7	13	0	0.23
72666724048	2011	10	7	14	0	0.15
72666724048	2011	10	7	15	0	0.12
72666724048	2011	10	7	16	0	0.08
72666724048	2011	10	7	17	0	0.01
72666724048	2011	10	8	3	0	0.01
72666724048	2011	10	8	4	0	0.01
72666724048	2011	10	8	5	0	0.2
72666724048	2011	10	8	6	0	0.02
72666724048	2011	10	12	1	0	0.02
72666724048	2011	10	12	3	0	0.01
72666724048	2011	10	12	4	0	0.03
72666724048	2011	10	12	5	0	0.01
72666724048	2011	10	16	22	0	0.04
72666724048	2011	10	16	23	0	0.02
72666724048	2011	10	17	0	0	0.01
72666724048	2011	10	17	6	0	0.01
72666724048	2011	10	17	7	0	0.03
72666724048	2011	10	17	8	0	0.03
72666724048	2011	11	16	3	0	0.02
72666724048	2011	11	18	15	0	0.01
72666724048	2011	11	18	16	0	0.02
72666724048	2011	11	19	12	0	0.01
72666724048	2011	12	4	9	0	0.02
72666724048	2011	12	4	10	0	0.02
72666724048	2011	12	4	12	0	0.02
72666724048	2011	12	4	13	0	0.01
72666724048	2011	12	19	13	0	0.01
72666724048	2011	12	19	14	0	0.01
72666724048	2011	12	29	18	0	0.01
72666724048	2011	12	31	9	0	0.01
72666724048	2012	1	10	21	0	0.01
72666724048	2012	1	22	6	0	0.02
72666724048	2012	2	11	7	0	0.01
72666724048	2012	2	22	4	0	0.01
72666724048	2012	2	22	5	0	0.02
72666724048	2012	2	22	7	0	0.01
72666724048	2012	2	22	8	0	0.01
72666724048	2012	2	22	11	0	0.01
72666724048	2012	2	22	13	0	0.01
72666724048	2012	2	23	0	0	0.01
72666724048	2012	2	23	1	0	0.01
72666724048	2012	2	23	2	0	0.02
72666724048	2012	2	23	4	0	0.01
72666724048	2012	2	28	18	0	0.01
72666724048	2012	2	28	19	0	0.02
72666724048	2012	2	28	20	0	0.01
72666724048	2012	2	28	21	0	0.03
72666724048	2012	2	28	22	0	0.01
72666724048	2012	2	28	23	0	0.01
72666724048	2012	2	29	0	0	0.01
72666724048	2012	2	29	1	0	0.02
72666724048	2012	2	29	2	0	0.01
72666724048	2012	2	29	3	0	0.01
72666724048	2012	3	19	13	0	0.03
72666724048	2012	4	6	22	0	0.01
72666724048	2012	4	12	15	0	0.01
72666724048	2012	4	12	16	0	0.03
72666724048	2012	4	12	17	0	0.03
72666724048	2012	4	18	23	0	0.01
72666724048	2012	4	24	22	0	0.09
72666724048	2012	4	28	3	0	0.05
72666724048	2012	4	28	4	0	0.01
72666724048	2012	4	28	5	0	0.01
72666724048	2012	4	28	7	0	0.02
72666724048	2012	4	28	8	0	0.06
72666724048	2012	4	28	9	0	0.07
72666724048	2012	4	28	14	0	0.01
72666724048	2012	4	28	17	0	0.01
72666724048	2012	4	28	18	0	0.01
72666724048	2012	4	29	6	0	0.01
72666724048	2012	4	29	7	0	0.01
72666724048	2012	4	29	9	0	0.01
72666724048	2012	5	5	21	0	0.03
72666724048	2012	5	5	22	0	0.01
72666724048	2012	5	18	12	0	0.02
72666724048	2012	5	18	13	0	0.05
72666724048	2012	5	18	14	0	0.01
72666724048	2012	5	18	20	0	0.02
72666724048	2012	5	18	22	0	0.01
72666724048	2012	5	18	23	0	0.01
72666724048	2012	5	19	1	0	0.02
72666724048	2012	5	19	2	0	0.02
72666724048	2012	5	19	3	0	0.01
72666724048	2012	5	25	18	0	0.01
72666724048	2012	5	25	22	0	0.03
72666724048	2012	5	25	23	0	0.07
72666724048	2012	5	26	0	0	0.06
72666724048	2012	5	26	1	0	0.01
72666724048	2012	5	26	2	0	0.02
72666724048	2012	5	26	3	0	0.01
72666724048	2012	5	26	7	0	0.01
72666724048	2012	5	27	1	0	0.05
72666724048	2012	5	27	4	0	0.02
72666724048	2012	5	27	5	0	0.07
72666724048	2012	5	27	10	0	0.01
72666724048	2012	5	27	16	0	0.01
72666724048	2012	5	27	22	0	0.02
72666724048	2012	5	31	4	0	0.03
72666724048	2012	6	1	14	0	0.01
72666724048	2012	6	3	3	0	0.01
72666724048	2012	6	9	18	0	0.08
72666724048	2012	6	9	19	0	0.02
72666724048	2012	6	20	4	0	0.01
72666724048	2012	7	6	0	0	0.02
72666724048	2012	7	6	1	0	0.02
72666724048	2012	7	6	7	0	0.02
72666724048	2012	7	10	23	0	0.01
72666724048	2012	7	17	17	0	0.01
72666724048	2012	7	23	2	0	0.01
72666724048	2012	7	28	3	0	0.02
72666724048	2012	8	11	3	0	0.03
72666724048	2012	8	11	4	0	0.03
72666724048	2012	8	11	5	0	0.01
72666724048	2012	8	11	6	0	0.01
72666724048	2012	8	11	13	0	0.06
72666724048	2012	8	11	14	0	0.03
72666724048	2012	9	7	6	0	0.03
72666724048	2012	10	16	18	0	0.006
72666724048	2012	10	16	21	0	0.01
72666724048	2012	10	16	22	0	0.002
72666724048	2012	10	16	23	0	0.002
72666724048	2012	10	17	0	0	0.01
72666724048	2012	10	17	1	0	0.001
72666724048	2012	10	22	19	0	0.01
72666724048	2012	10	23	1	0	0.01
72666724048	2012	10	23	4	0	0.01
72666724048	2012	10	23	9	0	0.01
72666724048	2012	11	10	0	0	0.01
72666724048	2012	11	10	1	0	0.02
72666724048	2012	11	10	2	0	0.01
72666724048	2012	11	10	3	0	0.01
72666724048	2012	11	10	5	0	0.01
72666724048	2012	11	10	6	0	0.01
72666724048	2012	11	10	8	0	0.01
72666724048	2012	11	25	13	0	0.01
72666724048	2012	11	25	14	0	0.01
72666724048	2012	11	25	15	0	0.04
72666724048	2012	11	25	16	0	0.01
72666724048	2012	11	25	17	0	0.01
72666724048	2012	11	25	18	0	0.04
72666724048	2012	11	25	23	0	0.01
72666724048	2012	12	10	16	0	0.01
72666724048	2012	12	10	17	0	0.04
72666724048	2012	12	10	18	0	0.02
72666724048	2012	12	10	19	0	0.02
72666724048	2012	12	26	23	0	0.01
72666724048	2012	12	27	0	0	0.01
72666724048	2012	12	27	1	0	0.01
72666724048	2012	12	27	3	0	0.01
72666724048	2013	1	15	9	0	0.01
72666724048	2013	1	15	10	0	0.01
72666724048	2013	1	15	11	0	0.03
72666724048	2013	1	15	12	0	0.04
72666724048	2013	1	15	13	0	0.01
72666724048	2013	1	15	14	0	0.01
72666724048	2013	1	28	6	0	0.01
72666724048	2013	1	30	14	0	0.02
72666724048	2013	1	30	15	0	0.03
72666724048	2013	1	30	16	0	0.01
72666724048	2013	1	30	17	0	0.01
72666724048	2013	1	30	19	0	0.01
72666724048	2013	1	30	20	0	0.01
72666724048	2013	1	30	22	0	0.01
72666724048	2013	1	30	23	0	0.01
72666724048	2013	1	31	1	0	0.02
72666724048	2013	1	31	2	0	0.01
72666724048	2013	1	31	3	0	0.01
72666724048	2013	1	31	16	0	0.01
72666724048	2013	2	15	3	0	0.01
72666724048	2013	2	15	6	0	0.01
72666724048	2013	2	15	7	0	0.02
72666724048	2013	2	15	8	0	0.02
72666724048	2013	2	15	9	0	0.02
72666724048	2013	2	15	11	0	0.01
72666724048	2013	2	15	13	0	0.01
72666724048	2013	2	15	14	0	0.01
72666724048	2013	2	15	15	0	0.01
72666724048	2013	2	26	7	0	0.02
72666724048	2013	3	11	19	0	0.01
72666724048	2013	3	30	6	0	0.02
72666724048	2013	3	30	7	0	0.04
72666724048	2013	3	30	12	0	0.01
72666724048	2013	3	30	18	0	0.01
72666724048	2013	4	5	21	0	0.05
72666724048	2013	4	9	9	0	0.03
72666724048	2013	4	13	23	0	0.04
72666724048	2013	4	20	21	0	0.01
72666724048	2013	4	21	1	0	0.01
72666724048	2013	4	21	6	0	0.02
72666724048	2013	4	22	2	0	0.01
72666724048	2013	4	22	3	0	0.06
72666724048	2013	4	22	4	0	0.02
72666724048	2013	4	22	12	0	0.02
72666724048	2013	4	30	2	0	0.001
72666724048	2013	4	30	3	0	0.02
72666724048	2013	5	5	0	0	0.02
72666724048	2013	5	5	1	0	0.02
72666724048	2013	5	17	7	0	0.01
72666724048	2013	5	17	10	0	0.04
72666724048	2013	5	17	21	0	0.01
72666724048	2013	5	17	22	0	0.08
72666724048	2013	5	18	13	0	0.05
72666724048	2013	5	18	14	0	0.03
72666724048	2013	5	18	15	0	0.04
72666724048	2013	5	18	16	0	0.09
72666724048	2013	5	18	18	0	0.01
72666724048	2013	5	19	14	0	0.02
72666724048	2013	5	27	12	0	0.04
72666724048	2013	5	27	18	0	0.09
72666724048	2013	5	29	10	0	0.02
72666724048	2013	5	29	11	0	0.04
72666724048	2013	5	29	12	0	0.09
72666724048	2013	5	29	13	0	0.09
72666724048	2013	5	29	14	0	0.03
72666724048	2013	5	29	15	0	0.05
72666724048	2013	5	29	16	0	0.02
72666724048	2013	5	30	12	0	0.01
72666724048	2013	5	31	9	0	0.02
72666724048	2013	5	31	10	0	0.01
72666724048	2013	5	31	12	0	0.02
72666724048	2013	5	31	13	0	0.03
72666724048	2013	5	31	14	0	0.01
72666724048	2013	5	31	15	0	0.01
72666724048	2013	6	1	1	0	0.01
72666724048	2013	6	3	9	0	0.01
72666724048	2013	6	8	6	0	0.01
72666724048	2013	6	12	23	0	0.24
72666724048	2013	6	13	1	0	0.01
72666724048	2013	6	13	20	0	0.06
72666724048	2013	6	14	9	0	0.01
72666724048	2013	6	22	21	0	0.01
72666724048	2013	7	5	0	0	0.03
72666724048	2013	7	6	23	0	0.21
72666724048	2013	7	7	23	0	0.01
72666724048	2013	7	12	8	0	0.01
72666724048	2013	7	18	6	0	0.01
72666724048	2013	7	26	3	0	0.02
72666724048	2013	7	29	1	0	0.01
72666724048	2013	7	30	23	0	0.01
72666724048	2013	7	31	8	0	0.01
72666724048	2013	8	2	10	0	0.007
72666724048	2013	8	2	11	0	0.001
72666724048	2013	9	4	9	0	0.06
72666724048	2013	9	4	10	0	0.024
72666724048	2013	9	14	16	0	0.001
72666724048	2013	9	14	17	0	0.036
72666724048	2013	9	14	18	0	0.009
72666724048	2013	9	14	22	0	0.004
72666724048	2013	9	14	23	0	0.013
72666724048	2013	9	15	0	0	0.023
72666724048	2013	9	15	1	0	0.018
72666724048	2013	9	15	3	0	0.014
72666724048	2013	9	15	4	0	0.033
72666724048	2013	9	15	9	0	0.005
72666724048	2013	9	15	13	0	0.001
72666724048	2013	9	15	14	0	0.002
72666724048	2013	9	15	18	0	0.001
72666724048	2013	9	15	19	0	0.001
72666724048	2013	9	15	20	0	0.001
72666724048	2013	9	15	21	0	0.001
72666724048	2013	9	15	23	0	0.001
72666724048	2013	9	16	0	0	0.001
72666724048	2013	9	16	1	0	0.001
72666724048	2013	9	16	7	0	0.001
72666724048	2013	9	16	8	0	0.001
72666724048	2013	9	16	9	0	0.001
72666724048	2013	9	16	11	0	0.001
72666724048	2013	9	16	12	0	0.001
72666724048	2013	9	17	22	0	0.46
72666724048	2013	9	17	23	0	0.26
72666724048	2013	9	18	0	0	0.01
72666724048	2013	9	18	6	0	0.02
72666724048	2013	9	18	7	0	0.01
72666724048	2013	9	18	8	0	0.01
72666724048	2013	9	18	9	0	0.01
72666724048	2013	9	18	11	0	0.01
72666724048	2013	9	18	13	0	0.01
72666724048	2013	9	18	17	0	0.01
72666724048	2013	9	18	20	0	0.01
72666724048	2013	9	20	20	0	0.01
72666724048	2013	9	25	22	0	0.014
72666724048	2013	9	25	23	0	0.024
72666724048	2013	9	26	0	0	0.025
72666724048	2013	9	26	1	0	0.006
72666724048	2013	9	26	2	0	0.003
72666724048	2013	9	26	10	0	0.004
72666724048	2013	9	26	11	0	0.003
72666724048	2013	9	26	14	0	0.01
72666724048	2013	9	27	3	0	0.02
72666724048	2013	9	27	4	0	0.05
72666724048	2013	9	27	5	0	0.08
72666724048	2013	9	27	6	0	0.09
72666724048	2013	9	27	7	0	0.04
72666724048	2013	9	27	8	0	0.04
72666724048	2013	9	27	9	0	0.02
72666724048	2013	9	27	10	0	0.01
72666724048	2013	9	27	11	0	0.04
72666724048	2013	9	27	12	0	0.02
72666724048	2013	9	27	13	0	0.02
72666724048	2013	9	27	14	0	0.02
72666724048	2013	9	27	15	0	0.03
72666724048	2013	9	27	16	0	0.02
72666724048	2013	9	27	17	0	0.03
72666724048	2013	9	27	18	0	0.03
72666724048	2013	9	27	19	0	0.02
72666724048	2013	9	27	20	0	0.01
72666724048	2013	10	3	4	0	0.05
72666724048	2013	10	3	5	0	0.06
72666724048	2013	10	3	6	0	0.03
72666724048	2013	10	3	7	0	0.03
72666724048	2013	10	3	15	0	0.01
72666724048	2013	10	3	18	0	0.01
72666724048	2013	10	3	19	0	0.03
72666724048	2013	10	3	20	0	0.06
72666724048	2013	10	3	21	0	0.12
72666724048	2013	10	3	22	0	0.06
72666724048	2013	10	3	23	0	0.02
72666724048	2013	10	4	0	0	0.01
72666724048	2013	10	11	4	0	0.01
72666724048	2013	10	11	5	0	0.01
72666724048	2013	10	11	6	0	0.01
72666724048	2013	10	11	7	0	0.03
72666724048	2013	10	14	2	0	0.01
72666724048	2013	10	14	3	0	0.08
72666724048	2013	10	14	4	0	0.09
72666724048	2013	10	14	5	0	0.04
72666724048	2013	10	14	6	0	0.04
72666724048	2013	10	14	7	0	0.03
72666724048	2013	10	14	8	0	0.04
72666724048	2013	10	14	9	0	0.02
72666724048	2013	10	14	10	0	0.02
72666724048	2013	10	18	3	0	0.02
72666724048	2013	10	18	4	0	0.02
72666724048	2013	10	18	5	0	0.03
72666724048	2013	10	18	6	0	0.01
72666724048	2013	10	20	5	0	0.01
72666724048	2013	10	20	7	0	0.01
72666724048	2013	10	20	8	0	0.01
72666724048	2013	10	20	9	0	0.01
72666724048	2013	10	28	15	0	0.01
72666724048	2013	10	28	16	0	0.01
72666724048	2013	10	28	17	0	0.02
72666724048	2013	10	28	20	0	0.01
72666724048	2013	11	1	0	0	0.01
72666724048	2013	11	1	1	0	0.01
72666724048	2013	11	1	4	0	0.01
72666724048	2013	11	1	7	0	0.01
72666724048	2013	12	3	10	0	0.01
72666724048	2013	12	22	20	0	0.01
72666724048	2013	12	24	14	0	0.01
72666724048	2014	1	5	3	0	0.002
72666724048	2014	1	5	4	0	0.002
72666724048	2014	1	5	7	0	0.002
72666724048	2014	1	14	4	0	0.01
72666724048	2014	1	14	16	0	0.007
72666724048	2014	1	22	19	0	0.001
72666724048	2014	1	22	20	0	0.011
72666724048	2014	1	22	22	0	0.011
72666724048	2014	1	22	23	0	0.003
72666724048	2014	1	30	1	0	0.002
72666724048	2014	1	30	4	0	0.008
72666724048	2014	1	30	5	0	0.008
72666724048	2014	1	30	6	0	0.004
72666724048	2014	1	31	3	0	0.018
72666724048	2014	1	31	21	0	0.025
72666724048	2014	1	31	22	0	0.003
72666724048	2014	2	3	14	0	0.003
72666724048	2014	2	3	15	0	0.001
72666724048	2014	2	3	16	0	0.001
72666724048	2014	2	5	18	0	0.003
72666724048	2014	2	9	10	0	0.113
72666724048	2014	2	9	16	0	0.048
72666724048	2014	2	9	17	0	0.047
72666724048	2014	2	10	19	0	0.001
72666724048	2014	2	12	1	0	0.002
72666724048	2014	2	12	21	0	0.004
72666724048	2014	2	12	22	0	0.003
72666724048	2014	2	12	23	0	0.003
72666724048	2014	2	16	22	0	0.016
72666724048	2014	2	21	7	0	0.011
72666724048	2014	2	21	8	0	0.046
72666724048	2014	2	21	21	0	0.023
72666724048	2014	2	22	6	0	0.025
72666724048	2014	2	22	8	0	0.026
72666724048	2014	2	22	18	0	0.008
72666724048	2014	2	22	19	0	0.002
72666724048	2014	2	23	15	0	0.018
72666724048	2014	2	25	1	0	0.051
72666724048	2014	2	25	15	0	0.009
72666724048	2014	2	28	7	0	0.001
72666724048	2014	2	28	8	0	0.001
72666724048	2014	2	28	18	0	0.002
72666724048	2014	3	1	5	0	0.018
72666724048	2014	3	1	18	0	0.014
72666724048	2014	3	3	12	0	0.011
72666724048	2014	3	3	19	0	0.003
72666724048	2014	3	3	21	0	0.012
72666724048	2014	3	3	22	0	0.012
72666724048	2014	3	3	23	0	0.003
72666724048	2014	3	15	8	0	0.003
72666724048	2014	3	15	9	0	0.013
72666724048	2014	3	15	14	0	0.004
72666724048	2014	3	15	15	0	0.001
72666724048	2014	3	18	1	0	0.014
72666724048	2014	3	18	2	0	0.014
72666724048	2014	3	21	19	0	0.007
72666724048	2014	3	22	17	0	0.003
72666724048	2014	3	27	9	0	0.001
72666724048	2014	3	27	10	0	0.005
72666724048	2014	3	27	11	0	0.005
72666724048	2014	3	27	14	0	0.007
72666724048	2014	3	27	23	0	0.033
72666724048	2014	3	28	0	0	0.016
72666724048	2014	3	28	2	0	0.001
72666724048	2014	3	28	3	0	0.018
72666724048	2014	3	28	4	0	0.007
72666724048	2014	3	28	18	0	0.003
72666724048	2014	3	30	20	0	0.001
72666724048	2014	3	30	21	0	0.001
72666724048	2014	3	30	22	0	0.001
72666724048	2014	3	30	23	0	0.001
72666724048	2014	3	31	1	0	0.006
72666724048	2014	3	31	2	0	0.01
72666724048	2014	3	31	3	0	0.002
72666724048	2014	4	2	11	0	0.076
72666724048	2014	4	2	12	0	0.038
72666724048	2014	4	2	15	0	0.004
72666724048	2014	4	2	16	0	0.011
72666724048	2014	4	2	18	0	0.019
72666724048	2014	4	2	19	0	0.002
72666724048	2014	4	3	1	0	0.001
72666724048	2014	4	5	22	0	0.002
72666724048	2014	4	6	3	0	0.052
72666724048	2014	4	6	4	0	0.001
72666724048	2014	4	6	5	0	0.017
72666724048	2014	4	6	20	0	0.003
72666724048	2014	4	6	21	0	0.003
72666724048	2014	4	6	22	0	0.004
72666724048	2014	4	9	22	0	0.015
72666724048	2014	4	9	23	0	0.004
72666724048	2014	4	10	0	0	0.015
72666724048	2014	4	10	1	0	0.007
72666724048	2014	4	10	6	0	0.001
72666724048	2014	4	10	7	0	0.018
72666724048	2014	4	10	8	0	0.014
72666724048	2014	4	10	9	0	0.005
72666724048	2014	4	12	22	0	0.01
72666724048	2014	4	13	1	0	0.007
72666724048	2014	4	13	2	0	0.021
72666724048	2014	4	13	3	0	0.076
72666724048	2014	4	13	4	0	0.071
72666724048	2014	4	13	5	0	0.028
72666724048	2014	4	13	6	0	0.024
72666724048	2014	4	13	7	0	0.022
72666724048	2014	4	13	8	0	0.031
72666724048	2014	4	13	10	0	0.014
72666724048	2014	4	13	20	0	0.012
72666724048	2014	4	13	21	0	0.029
72666724048	2014	4	13	22	0	0.012
72666724048	2014	4	13	23	0	0.003
72666724048	2014	4	14	0	0	0.003
72666724048	2014	4	16	2	0	0.009
72666724048	2014	4	16	3	0	0.008
72666724048	2014	4	18	12	0	0.001
72666724048	2014	4	26	22	0	0.014
72666724048	2014	4	26	23	0	0.041
72666724048	2014	4	27	3	0	0.037
72666724048	2014	4	27	4	0	0.003
72666724048	2014	4	27	5	0	0.001
72666724048	2014	4	27	6	0	0.004
72666724048	2014	4	27	7	0	0.015
72666724048	2014	4	27	8	0	0.001
72666724048	2014	4	27	10	0	0.001
72666724048	2014	4	27	14	0	0.045
72666724048	2014	4	28	23	0	0.033
72666724048	2014	4	29	21	0	0.038
72666724048	2014	4	29	22	0	0.012
72666724048	2014	4	29	23	0	0.013
72666724048	2014	4	30	0	0	0.015
72666724048	2014	4	30	1	0	0.007
72666724048	2014	5	6	22	0	0.012
72666724048	2014	5	6	23	0	0.001
72666724048	2014	5	7	2	0	0.001
72666724048	2014	5	7	3	0	0.004
72666724048	2014	5	7	6	0	0.005
72666724048	2014	5	7	7	0	0.013
72666724048	2014	5	7	9	0	0.012
72666724048	2014	5	7	10	0	0.137
72666724048	2014	5	7	11	0	0.045
72666724048	2014	5	7	13	0	0.01
72666724048	2014	5	7	14	0	0.037
72666724048	2014	5	7	15	0	0.059
72666724048	2014	5	7	16	0	0.064
72666724048	2014	5	7	17	0	0.03
72666724048	2014	5	7	18	0	0.028
72666724048	2014	5	7	19	0	0.014
72666724048	2014	5	7	20	0	0.005
72666724048	2014	5	7	21	0	0.008
72666724048	2014	5	8	22	0	0.001
72666724048	2014	5	8	23	0	0.001
72666724048	2014	5	9	23	0	0.003
72666724048	2014	5	10	0	0	0.013
72666724048	2014	5	10	1	0	0.01
72666724048	2014	5	10	21	0	0.001
72666724048	2014	5	10	22	0	0.001
72666724048	2014	5	15	8	0	0.001
72666724048	2014	5	15	9	0	0.003
72666724048	2014	5	15	10	0	0.001
72666724048	2014	5	15	11	0	0.004
72666724048	2014	5	19	20	0	0.007
72666724048	2014	5	19	21	0	0.001
72666724048	2014	5	19	22	0	0.026
72666724048	2014	5	19	23	0	0.002
72666724048	2014	5	21	2	0	0.003
72666724048	2014	5	21	3	0	0.011
72666724048	2014	5	21	4	0	0.009
72666724048	2014	5	21	5	0	0.005
72666724048	2014	5	21	6	0	0.002
72666724048	2014	5	24	23	0	0.028
72666724048	2014	5	25	0	0	0.041
72666724048	2014	5	25	1	0	0.005
72666724048	2014	5	27	23	0	0.002
72666724048	2014	5	30	23	0	0.003
72666724048	2014	5	31	0	0	0.006
72666724048	2014	5	31	1	0	0.002
72666724048	2014	5	31	21	0	0.004
72666724048	2014	5	31	22	0	0.007
72666724048	2014	5	31	23	0	0.022
72666724048	2014	6	1	8	0	0.003
72666724048	2014	6	1	9	0	0.001
72666724048	2014	6	1	17	0	0.005
72666724048	2014	6	1	18	0	0.004
72666724048	2014	6	4	19	0	0.001
72666724048	2014	6	4	20	0	0.002
72666724048	2014	6	4	21	0	0.004
72666724048	2014	6	4	22	0	0.004
72666724048	2014	6	4	23	0	0.001
72666724048	2014	6	6	1	0	0.002
72666724048	2014	6	7	4	0	0.011
72666724048	2014	6	7	5	0	0.01
72666724048	2014	6	7	6	0	0.044
72666724048	2014	6	7	7	0	0.012
72666724048	2014	6	7	8	0	0.001
72666724048	2014	6	7	9	0	0.001
72666724048	2014	6	7	11	0	0.002
72666724048	2014	6	8	5	0	0.003
72666724048	2014	6	8	6	0	0.001
72666724048	2014	6	8	8	0	0.019
72666724048	2014	6	8	9	0	0.025
72666724048	2014	6	8	10	0	0.029
72666724048	2014	6	8	11	0	0.049
72666724048	2014	6	8	12	0	0.029
72666724048	2014	6	8	13	0	0.004
72666724048	2014	6	10	21	0	0.004
72666724048	2014	6	10	22	0	0.075
72666724048	2014	6	10	23	0	0.015
72666724048	2014	6	11	0	0	0.001
72666724048	2014	6	17	4	0	0.002
72666724048	2014	6	17	6	0	0.002
72666724048	2014	6	18	1	0	0.023
72666724048	2014	6	18	2	0	0.018
72666724048	2014	6	18	4	0	0.025
72666724048	2014	6	18	5	0	0.083
72666724048	2014	6	18	6	0	0.096
72666724048	2014	6	18	7	0	0.104
72666724048	2014	6	18	8	0	0.017
72666724048	2014	6	18	20	0	0.001
72666724048	2014	6	22	10	0	0.004
72666724048	2014	6	22	11	0	0.015
72666724048	2014	6	22	13	0	0.004
72666724048	2014	6	22	21	0	0.001
72666724048	2014	6	22	22	0	0.001
72666724048	2014	6	22	23	0	0.01
72666724048	2014	6	23	0	0	0.004
72666724048	2014	6	25	0	0	0.001
72666724048	2014	6	25	23	0	0.001
72666724048	2014	6	26	3	0	0.002
72666724048	2014	6	26	21	0	0.001
72666724048	2014	6	27	1	0	0.001
72666724048	2014	6	27	2	0	0.029
72666724048	2014	6	27	15	0	0.008
72666724048	2014	6	27	16	0	0.024
72666724048	2014	6	27	17	0	0.098
72666724048	2014	6	27	18	0	0.149
72666724048	2014	6	27	19	0	0.008
72666724048	2014	6	28	0	0	0.001
72666724048	2014	6	28	3	0	0.02
72666724048	2014	6	28	4	0	0.002
72666724048	2014	6	28	21	0	0.029
72666724048	2014	6	28	22	0	0.002
72666724048	2014	7	10	3	0	0.078
72666724048	2014	7	10	4	0	0.021
72666724048	2014	7	10	5	0	0.001
72666724048	2014	7	10	6	0	0.002
72666724048	2014	7	10	15	0	0.001
72666724048	2014	7	10	17	0	0.005
72666724048	2014	7	10	18	0	0.001
72666724048	2014	7	11	0	0	0.001
72666724048	2014	7	11	1	0	0.006
72666724048	2014	7	15	23	0	0.009
72666724048	2014	7	16	0	0	0.014
72666724048	2014	7	16	1	0	0.035
72666724048	2014	7	21	7	0	0.003
72666724048	2014	7	21	8	0	0.001
72666724048	2014	7	21	10	0	0.002
72666724048	2014	7	21	11	0	0.003
72666724048	2014	7	21	13	0	0.006
72666724048	2014	7	21	14	0	0.008
72666724048	2014	7	22	2	0	0.003
72666724048	2014	7	22	3	0	0.021
72666724048	2014	7	23	23	0	0.003
72666724048	2014	7	24	0	0	0.002
72666724048	2014	7	29	15	0	0.002
72666724048	2014	8	2	0	0	0.001
72666724048	2014	8	3	3	0	0.001
72666724048	2014	8	3	4	0	0.004
72666724048	2014	8	4	19	0	0.001
72666724048	2014	8	4	20	0	0.002
72666724048	2014	8	4	21	0	0.005
72666724048	2014	8	5	5	0	0.001
72666724048	2014	8	5	6	0	0.001
72666724048	2014	8	6	2	0	0.002
72666724048	2014	8	14	11	0	0.002
72666724048	2014	8	14	12	0	0.019
72666724048	2014	8	14	13	0	0.008
72666724048	2014	8	14	15	0	0.015
72666724048	2014	8	14	16	0	0.05
72666724048	2014	8	14	17	0	0.105
72666724048	2014	8	14	18	0	0.078
72666724048	2014	8	14	19	0	0.006
72666724048	2014	8	14	21	0	0.005
72666724048	2014	8	15	2	0	0.005
72666724048	2014	8	22	10	0	0.005
72666724048	2014	8	22	11	0	0.005
72666724048	2014	8	22	12	0	0.001
72666724048	2014	8	22	20	0	0.046
72666724048	2014	8	22	21	0	0.004
72666724048	2014	8	23	4	0	0.024
72666724048	2014	8	23	5	0	0.081
72666724048	2014	8	23	6	0	0.083
72666724048	2014	8	23	7	0	0.013
72666724048	2014	8	23	9	0	0.014
72666724048	2014	8	23	10	0	0.032
72666724048	2014	8	23	11	0	0.016
72666724048	2014	8	23	12	0	0.062
72666724048	2014	8	23	13	0	0.049
72666724048	2014	8	23	14	0	0.04
72666724048	2014	8	23	15	0	0.047
72666724048	2014	8	23	16	0	0.05
72666724048	2014	8	23	17	0	0.039
72666724048	2014	8	23	18	0	0.038
72666724048	2014	8	23	19	0	0.012
72666724048	2014	8	24	2	0	0.001
72666724048	2014	8	24	3	0	0.001
72666724048	2014	8	24	4	0	0.003
72666724048	2014	8	24	6	0	0.012
72666724048	2014	8	24	15	0	0.001
72666724048	2014	8	29	6	0	0.009
72666724048	2014	8	29	7	0	0.01
72666724048	2014	8	29	8	0	0.002
72666724048	2014	8	29	9	0	0.001
72666724048	2014	8	29	15	0	0.001
72666724048	2014	8	30	21	0	0.009
72666724048	2014	8	30	22	0	0.007
72666724048	2014	8	30	23	0	0.021
72666724048	2014	8	31	0	0	0.006
72666724048	2014	8	31	1	0	0.012
72666724048	2014	8	31	2	0	0.001
72666724048	2014	8	31	5	0	0.001
72666724048	2014	8	31	13	0	0.011
72666724048	2014	8	31	14	0	0.019
72666724048	2014	8	31	15	0	0.008
72666724048	2014	8	31	16	0	0.016
72666724048	2014	8	31	22	0	0.004
72666724048	2014	9	1	6	0	0.001
72666724048	2014	9	1	10	0	0.015
72666724048	2014	9	1	11	0	0.001
72666724048	2014	9	10	3	0	0.01
72666724048	2014	9	10	4	0	0.031
72666724048	2014	9	10	5	0	0.003
72666724048	2014	9	10	6	0	0.001
72666724048	2014	9	10	7	0	0.002
72666724048	2014	9	10	8	0	0.002
72666724048	2014	9	11	3	0	0.031
72666724048	2014	9	11	4	0	0.059
72666724048	2014	9	11	5	0	0.065
72666724048	2014	9	11	6	0	0.025
72666724048	2014	9	11	7	0	0.007
72666724048	2014	9	11	8	0	0.04
72666724048	2014	9	11	9	0	0.051
72666724048	2014	9	11	10	0	0.034
72666724048	2014	9	11	11	0	0.02
72666724048	2014	9	11	12	0	0.003
72666724048	2014	9	11	13	0	0.014
72666724048	2014	9	11	14	0	0.017
72666724048	2014	9	11	15	0	0.043
72666724048	2014	9	11	16	0	0.066
72666724048	2014	9	11	17	0	0.044
72666724048	2014	9	11	18	0	0.023
72666724048	2014	9	11	19	0	0.023
72666724048	2014	9	11	20	0	0.014
72666724048	2014	9	12	3	0	0.004
72666724048	2014	9	19	0	0	0.002
72666724048	2014	9	19	1	0	0.014
72666724048	2014	9	19	2	0	0.001
72666724048	2014	9	19	4	0	0.001
72666724048	2014	9	19	5	0	0.022
72666724048	2014	9	19	6	0	0.002
72666724048	2014	9	19	7	0	0.001
72666724048	2014	9	28	3	0	0.003
72666724048	2014	9	29	0	0	0.01
72666724048	2014	9	29	4	0	0.017
72666724048	2014	9	29	9	0	0.013
72666724048	2014	9	29	10	0	0.079
72666724048	2014	9	29	11	0	0.108
72666724048	2014	9	29	12	0	0.026
72666724048	2014	9	29	13	0	0.012
72666724048	2014	9	29	14	0	0.002
72666724048	2014	10	1	5	0	0.013
72666724048	2014	10	1	6	0	0.036
72666724048	2014	10	1	7	0	0.01
72666724048	2014	10	1	8	0	0.001
72666724048	2014	10	1	14	0	0.001
72666724048	2014	10	1	15	0	0.001
72666724048	2014	10	12	6	0	0.002
72666724048	2014	10	12	8	0	0.001
72666724048	2014	10	12	9	0	0.002
72666724048	2014	11	9	13	0	0.003
72666724048	2014	11	9	14	0	0.004
72666724048	2014	11	9	15	0	0.001
72666724048	2014	11	9	16	0	0.003
72666724048	2014	11	10	6	0	0.001
72666724048	2014	11	10	8	0	0.012
72666724048	2014	11	10	9	0	0.013
72666724048	2014	11	10	10	0	0.024
72666724048	2014	11	10	11	0	0.001
72666724048	2014	11	10	12	0	0.007
72666724048	2014	11	10	13	0	0.019
72666724048	2014	11	14	21	0	0.023
72666724048	2014	11	15	0	0	0.023
72666724048	2014	11	15	1	0	0.003
72666724048	2014	11	15	2	0	0.023
72666724048	2014	11	15	3	0	0.042
72666724048	2014	11	15	4	0	0.039
72666724048	2014	11	15	7	0	0.023
72666724048	2014	11	15	8	0	0.023
72666724048	2014	11	20	19	0	0.006
72666724048	2014	11	21	19	0	0.002
72666724048	2014	11	21	20	0	0.002
72666724048	2014	11	21	21	0	0.004
72666724048	2014	11	21	22	0	0.002
72666724048	2014	11	21	23	0	0.002
72666724048	2014	11	22	9	0	0.002
72666724048	2014	11	22	15	0	0.001
72666724048	2014	11	22	16	0	0.001
72666724048	2014	11	25	11	0	0.116
72666724048	2014	11	25	12	0	0.074
72666724048	2014	11	25	13	0	0.024
72666724048	2014	11	25	14	0	0.021
72666724048	2014	11	25	15	0	0.022
72666724048	2014	11	25	16	0	0.018
72666724048	2014	11	25	17	0	0.018
72666724048	2014	11	25	22	0	0.045
72666724048	2014	11	26	0	0	0.045
72666724048	2014	11	26	2	0	0.002
72666724048	2014	11	26	4	0	0.045
72666724048	2014	11	26	11	0	0.059
72666724048	2014	11	26	13	0	0.006
72666724048	2014	11	26	14	0	0.006
72666724048	2014	11	26	16	0	0.006
72666724048	2014	11	26	17	0	0.004
72666724048	2014	11	26	18	0	0.01
72666724048	2014	11	26	19	0	0.009
72666724048	2014	11	26	20	0	0.012
72666724048	2014	11	26	21	0	0.006
72666724048	2014	11	26	22	0	0.002
72666724048	2014	11	26	23	0	0.002
72666724048	2014	11	27	20	0	0.001
72666724048	2014	11	27	21	0	0.006
72666724048	2014	11	27	22	0	0.002
72666724048	2014	11	27	23	0	0.005
72666724048	2014	11	30	5	0	0.002
72666724048	2014	11	30	6	0	0.005
72666724048	2014	12	14	3	0	0.001
72666724048	2014	12	14	4	0	0.001
72666724048	2014	12	14	7	0	0.002
72666724048	2014	12	15	13	0	0.001
72666724048	2014	12	15	17	0	0.001
72666724048	2014	12	15	18	0	0.001
72666724048	2014	12	15	19	0	0.002
72666724048	2014	12	21	13	0	0.001
72666724048	2014	12	21	17	0	0.003
72666724048	2014	12	21	22	0	0.023
72666724048	2014	12	21	23	0	0.007
72666724048	2014	12	22	13	0	0.001
72666724048	2014	12	25	1	0	0.01
72666724048	2014	12	25	2	0	0.011
72666724048	2014	12	25	9	0	0.008
72666724048	2014	12	25	10	0	0.027
72666724048	2014	12	25	11	0	0.031
72666724048	2014	12	26	11	0	0.011
72666724048	2014	12	29	11	0	0.002
72666724048	2014	12	29	13	0	0.008
72666724048	2015	1	11	19	0	0.01
72666724048	2015	1	28	10	0	0.01
72666724048	2015	1	28	11	0	0.04
72666724048	2015	1	28	12	0	0.05
72666724048	2015	1	28	13	0	0.03
72666724048	2015	1	28	14	0	0.01
72666724048	2015	1	28	15	0	0.06
72666724048	2015	1	28	16	0	0.01
72666724048	2015	2	20	10	0	0.01
72666724048	2015	2	21	12	0	0.01
72666724048	2015	2	25	8	0	0.002
72666724048	2015	2	25	9	0	0.01
72666724048	2015	3	17	2	0	0.01
72666724048	2015	3	17	3	0	0.02
72666724048	2015	3	17	5	0	0.02
72666724048	2015	3	17	6	0	0.03
72666724048	2015	3	17	7	0	0.04
72666724048	2015	3	17	8	0	0.01
72666724048	2015	3	17	9	0	0.01
72666724048	2015	4	25	15	0	0.01
72666724048	2015	4	26	15	0	0.01
72666724048	2015	4	26	17	0	0.02
72666724048	2015	4	26	18	0	0.02
72666724048	2015	4	26	19	0	0.01
72666724048	2015	4	27	8	0	0.01
72666724048	2015	4	30	18	0	0.03
72666724048	2015	5	6	9	0	0.01
72666724048	2015	5	6	10	0	0.04
72666724048	2015	5	6	15	0	0.01
72666724048	2015	5	6	16	0	0.01
72666724048	2015	5	6	17	0	0.02
72666724048	2015	5	7	13	0	0.02
72666724048	2015	5	7	14	0	0.03
72666724048	2015	5	7	15	0	0.02
72666724048	2015	5	7	16	0	0.04
72666724048	2015	5	7	17	0	0.03
72666724048	2015	5	7	18	0	0.01
72666724048	2015	5	8	22	0	0.01
72666724048	2015	5	9	2	0	0.01
72666724048	2015	5	9	3	0	0.01
72666724048	2015	5	9	23	0	0.01
72666724048	2015	5	15	0	0	0.06
72666724048	2015	5	15	1	0	0.06
72666724048	2015	5	15	7	0	0.02
72666724048	2015	5	15	9	0	0.01
72666724048	2015	5	15	22	0	0.03
72666724048	2015	5	15	23	0	0.05
72666724048	2015	5	16	0	0	0.01
72666724048	2015	5	16	1	0	0.04
72666724048	2015	5	16	2	0	0.05
72666724048	2015	5	16	3	0	0.03
72666724048	2015	5	16	4	0	0.05
72666724048	2015	5	19	22	0	0.02
72666724048	2015	5	19	23	0	0.02
72666724048	2015	5	20	0	0	0.03
72666724048	2015	5	20	1	0	0.01
72666724048	2015	5	20	2	0	0.03
72666724048	2015	5	20	3	0	0.01
72666724048	2015	5	20	4	0	0.01
72666724048	2015	5	20	6	0	0.01
72666724048	2015	5	20	9	0	0.01
72666724048	2015	5	20	10	0	0.01
72666724048	2015	5	20	11	0	0.02
72666724048	2015	5	23	5	0	0.02
72666724048	2015	5	23	17	0	0.04
72666724048	2015	5	23	18	0	0.02
72666724048	2015	5	24	4	0	0.02
72666724048	2015	5	29	6	0	0.01
72666724048	2015	5	29	10	0	0.01
72666724048	2015	5	29	11	0	0.01
72666724048	2015	5	29	12	0	0.01
72666724048	2015	6	1	2	0	0.06
72666724048	2015	6	1	23	0	0.1
72666724048	2015	6	3	0	0	0.02
72666724048	2015	6	6	6	0	0.01
72666724048	2015	6	16	1	0	0.01
72666724048	2015	6	16	4	0	0.01
72666724048	2015	6	16	5	0	0.02
72666724048	2015	6	16	6	0	0.08
72666724048	2015	7	5	22	0	0.022
72666724048	2015	7	5	23	0	0.011
72666724048	2015	7	6	1	0	0.004
72666724048	2015	7	6	8	0	0.004
72666724048	2015	7	15	20	0	0.046
72666724048	2015	7	15	21	0	0.001
72666724048	2015	7	16	3	0	0.035
72666724048	2015	7	16	4	0	0.033
72666724048	2015	7	16	5	0	0.01
72666724048	2015	7	16	9	0	0.002
72666724048	2015	7	18	2	0	0.004
72666724048	2015	7	18	3	0	0.001
72666724048	2015	8	8	22	0	0.008
72666724048	2015	8	18	0	0	0.01
72666724048	2015	8	18	22	0	0.04
72666724048	2015	8	27	7	0	0.01
72666724048	2015	9	6	0	0	0.001
72666724048	2015	9	6	1	0	0.002
72666724048	2015	9	6	5	0	0.025
72666724048	2015	9	18	1	0	0.01
72666724048	2015	10	2	9	0	0.01
72666724048	2015	10	2	10	0	0.005
72666724048	2015	10	2	11	0	0.003
72666724048	2015	10	3	12	0	0.04
72666724048	2015	10	3	19	0	0.01
72666724048	2015	10	8	16	0	0.04
72666724048	2015	10	19	22	0	0.01
72666724048	2015	10	19	23	0	0.03
72666724048	2015	10	20	0	0	0.08
72666724048	2015	10	20	1	0	0.03
72666724048	2015	11	4	1	0	0.01
72666724048	2015	11	4	18	0	0.01
72666724048	2015	11	4	20	0	0.06
72666724048	2015	11	4	21	0	0.06
72666724048	2015	11	4	22	0	0.02
72666724048	2015	11	4	23	0	0.02
72666724048	2015	11	5	0	0	0.01
72666724048	2015	11	26	2	0	0.01
72666724048	2015	11	26	3	0	0.01
72666724048	2015	11	26	5	0	0.01
72666724048	2015	11	29	1	0	0.01
72666724048	2015	11	29	12	0	0.01
72666724048	2015	11	29	15	0	0.01
72666724048	2015	12	5	11	0	0.001
72666724048	2015	12	5	12	0	0.001
72666724048	2015	12	5	13	0	0.002
72666724048	2015	12	5	14	0	0.002
72666724048	2015	12	5	23	0	0.002
72666724048	2015	12	31	5	0	0.01
72666724048	2016	1	8	12	0	0.01
72666724048	2016	1	17	4	0	0.02
72666724048	2016	1	17	5	0	0.03
72666724048	2016	1	17	6	0	0.01
72666724048	2016	1	17	8	0	0.01
72666724048	2016	1	17	10	0	0.01
72666724048	2016	1	24	15	0	0.01
72666724048	2016	1	30	10	0	0.01
72666724048	2016	3	22	21	0	0.01
72666724048	2016	3	23	2	0	0.01
72666724048	2016	3	23	3	0	0.01
72666724048	2016	3	25	3	0	0.01
72666724048	2016	3	25	4	0	0.03
72666724048	2016	3	25	5	0	0.01
72666724048	2016	3	29	5	0	0.02
72666724048	2016	3	29	6	0	0.01
72666724048	2016	3	29	8	0	0.01
72666724048	2016	3	29	11	0	0.01
72666724048	2016	3	29	12	0	0.09
72666724048	2016	3	29	13	0	0.01
72666724048	2016	3	29	14	0	0.01
72666724048	2016	3	29	15	0	0.03
72666724048	2016	3	29	16	0	0.01
72666724048	2016	3	29	23	0	0.01
72666724048	2016	3	30	0	0	0.02
72666724048	2016	3	30	1	0	0.01
72666724048	2016	3	30	2	0	0.01
72666724048	2016	3	30	4	0	0.01
72666724048	2016	3	31	6	0	0.02
72666724048	2016	4	14	21	0	0.02
72666724048	2016	4	18	23	0	0.01
72666724048	2016	4	19	0	0	0.04
72666724048	2016	4	19	1	0	0.04
72666724048	2016	4	19	2	0	0.02
72666724048	2016	4	19	3	0	0.01
72666724048	2016	4	19	4	0	0.01
72666724048	2016	4	19	5	0	0.01
72666724048	2016	4	19	6	0	0.01
72666724048	2016	4	19	7	0	0.03
72666724048	2016	4	19	8	0	0.01
72666724048	2016	4	24	5	0	0.06
72666724048	2016	4	24	6	0	0.01
72666724048	2016	4	24	7	0	0.01
72666724048	2016	4	24	9	0	0.01
72666724048	2016	4	24	11	0	0.11
72666724048	2016	4	24	12	0	0.01
72666724048	2016	5	9	14	0	0.01
72666724048	2016	5	9	21	0	0.01
72666724048	2016	5	10	0	0	0.07
72666724048	2016	5	10	1	0	0.03
72666724048	2016	5	10	2	0	0.1
72666724048	2016	5	16	0	0	0.01
72666724048	2016	5	16	1	0	0.01
72666724048	2016	5	16	2	0	0.03
72666724048	2016	5	16	3	0	0.04
72666724048	2016	5	16	4	0	0.03
72666724048	2016	5	16	5	0	0.04
72666724048	2016	5	16	6	0	0.04
72666724048	2016	5	16	7	0	0.03
72666724048	2016	5	16	8	0	0.02
72666724048	2016	5	16	9	0	0.04
72666724048	2016	5	16	10	0	0.03
72666724048	2016	5	16	11	0	0.03
72666724048	2016	5	16	12	0	0.02
72666724048	2016	5	16	13	0	0.01
72666724048	2016	5	16	14	0	0.01
72666724048	2016	5	16	15	0	0.02
72666724048	2016	5	16	16	0	0.03
72666724048	2016	5	16	17	0	0.02
72666724048	2016	5	16	18	0	0.02
72666724048	2016	5	16	19	0	0.02
72666724048	2016	5	17	8	0	0.02
72666724048	2016	5	25	2	0	0.05
72666724048	2016	5	25	3	0	0.02
72666724048	2016	5	25	7	0	0.002
72666724048	2016	5	25	8	0	0.01
72666724048	2016	5	25	9	0	0.01
72666724048	2016	5	25	10	0	0.009
72666724048	2016	5	25	16	0	0.001
72666724048	2016	5	25	17	0	0.001
72666724048	2016	5	25	19	0	0.004
72666724048	2016	5	25	20	0	0.054
72666724048	2016	5	25	23	0	0.09
72666724048	2016	5	26	14	0	0.04
72666724048	2016	5	26	20	0	0.1
72666724048	2016	5	26	21	0	0.01
72666724048	2016	5	28	3	0	0.02
72666724048	2016	5	28	4	0	0.05
72666724048	2016	5	28	13	0	0.03
72666724048	2016	5	28	14	0	0.03
72666724048	2016	6	9	22	0	0.05
72666724048	2016	6	13	19	0	0.01
72666724048	2016	6	30	21	0	0.01
72666724048	2016	6	30	22	0	0.08
72666724048	2016	6	30	23	0	0.02
72666724048	2016	7	4	4	0	0.01
72666724048	2016	7	4	6	0	0.02
72666724048	2016	7	11	3	0	0.01
72666724048	2016	7	19	20	0	0.02
72666724048	2016	7	28	9	0	0.02
72666724048	2016	8	7	22	0	0.06
72666724048	2016	8	7	23	0	0.02
72666724048	2016	8	11	16	0	0.01
72666724048	2016	8	19	8	0	0.009
72666724048	2016	8	19	9	0	0.01
72666724048	2016	8	19	10	0	0.01
72666724048	2016	8	19	11	0	0.01
72666724048	2016	8	26	6	0	0.02
72666724048	2016	9	4	10	0	0.01
72666724048	2016	9	4	13	0	0.03
72666724048	2016	9	5	6	0	0.06
72666724048	2016	9	5	7	0	0.02
72666724048	2016	9	5	8	0	0.02
72666724048	2016	9	9	9	0	0.01
72666724048	2016	9	12	17	0	0.007
72666724048	2016	9	12	18	0	0.02
72666724048	2016	9	12	19	0	0.01
72666724048	2016	9	12	20	0	0.03
72666724048	2016	9	12	21	0	0.01
72666724048	2016	9	12	22	0	0.01
72666724048	2016	9	12	23	0	0.01
72666724048	2016	9	13	6	0	0.01
72666724048	2016	9	13	8	0	0.07
72666724048	2016	9	13	10	0	0.03
72666724048	2016	9	13	11	0	0.02
72666724048	2016	9	13	12	0	0.01
72666724048	2016	9	13	13	0	0.02
72666724048	2016	9	13	14	0	0.04
72666724048	2016	9	13	15	0	0.01
72666724048	2016	9	15	3	0	0.01
72666724048	2016	9	23	3	0	0.01
72666724048	2016	9	23	4	0	0.12
72666724048	2016	9	23	5	0	0.1
72666724048	2016	9	23	6	0	0.02
72666724048	2016	9	23	7	0	0.03
72666724048	2016	9	23	8	0	0.02
72666724048	2016	9	23	12	0	0.04
72666724048	2016	9	23	13	0	0.1
72666724048	2016	9	23	22	0	0.09
72666724048	2016	9	23	23	0	0.35
72666724048	2016	9	24	0	0	0.1
72666724048	2016	9	24	1	0	0.02
72666724048	2016	9	24	3	0	0.02
72666724048	2016	9	24	4	0	0.02
72666724048	2016	9	24	5	0	0.07
72666724048	2016	9	24	6	0	0.01
72666724048	2016	9	24	7	0	0.02
72666724048	2016	9	24	8	0	0.05
72666724048	2016	9	24	9	0	0.12
72666724048	2016	9	24	10	0	0.22
72666724048	2016	9	24	11	0	0.22
72666724048	2016	9	24	12	0	0.08
72666724048	2016	9	24	13	0	0.1
72666724048	2016	9	24	14	0	0.05
72666724048	2016	9	24	15	0	0.02
72666724048	2016	9	24	16	0	0.01
72666724048	2016	9	24	17	0	0.01
72666724048	2016	9	24	18	0	0.05
72666724048	2016	9	24	19	0	0.09
72666724048	2016	9	24	21	0	0.01
72666724048	2016	9	29	15	0	0.002
72666724048	2016	9	29	16	0	0.002
72666724048	2016	9	29	17	0	0.001
72666724048	2016	9	30	5	0	0.01
72666724048	2016	10	3	1	0	0.01
72666724048	2016	10	3	13	0	0.05
72666724048	2016	10	3	14	0	0.11
72666724048	2016	10	3	17	0	0.06
72666724048	2016	10	3	18	0	0.04
72666724048	2016	10	3	19	0	0.04
72666724048	2016	10	3	20	0	0.08
72666724048	2016	10	3	21	0	0.12
72666724048	2016	10	3	22	0	0.04
72666724048	2016	10	3	23	0	0.04
72666724048	2016	10	4	0	0	0.04
72666724048	2016	10	4	1	0	0.03
72666724048	2016	10	4	2	0	0.02
72666724048	2016	10	4	3	0	0.02
72666724048	2016	10	4	4	0	0.06
72666724048	2016	10	4	5	0	0.02
72666724048	2016	10	4	6	0	0.01
72666724048	2016	10	4	7	0	0.01
72666724048	2016	10	4	8	0	0.01
72666724048	2016	10	4	14	0	0.003
72666724048	2016	10	4	15	0	0.01
72666724048	2016	10	4	16	0	0.01
72666724048	2016	10	6	0	0	0.01
72666724048	2016	10	7	0	0	0.02
72666724048	2016	10	7	2	0	0.04
72666724048	2016	10	17	17	0	0.01
72666724048	2016	10	17	18	0	0.01
72666724048	2016	10	29	5	0	0.03
72666724048	2016	10	29	6	0	0.06
72666724048	2016	10	29	8	0	0.05
72666724048	2016	10	29	9	0	0.03
72666724048	2016	10	29	11	0	0.01
72666724048	2016	10	29	13	0	0.01
72666724048	2016	11	17	5	0	0.03
72666724048	2016	11	17	6	0	0.02
72666724048	2016	11	17	7	0	0.02
72666724048	2016	11	22	0	0	0.01
72666724048	2016	11	22	1	0	0.03
72666724048	2016	11	22	2	0	0.04
72666724048	2016	11	22	3	0	0.03
72666724048	2016	11	22	4	0	0.03
72666724048	2016	11	22	5	0	0.01
72666724048	2016	11	24	10	0	0.01
72666724048	2016	12	5	7	0	0.01
72666724048	2016	12	16	13	0	0.01
72666724048	2016	12	16	18	0	0.01
72666724048	2016	12	26	7	0	0.01
72666724048	2016	12	26	8	0	0.009
72666724048	2017	1	11	4	0	0.02
72666724048	2017	1	11	14	0	0.01
72666724048	2017	1	11	18	0	0.01
72666724048	2017	1	12	0	0	0.03
72666724048	2017	1	12	1	0	0.01
72666724048	2017	1	24	10	0	0.01
72666724048	2017	2	1	9	0	0.01
72666724048	2017	2	1	10	0	0.01
72666724048	2017	2	1	11	0	0.01
72666724048	2017	2	1	12	0	0.01
72666724048	2017	2	2	12	0	0.01
72666724048	2017	2	7	11	0	0.01
72666724048	2017	2	7	12	0	0.01
72666724048	2017	2	8	7	0	0.01
72666724048	2017	2	24	18	0	0.01
72666724048	2017	3	6	5	0	0.01
72666724048	2017	3	6	6	0	0.02
72666724048	2017	3	6	7	0	0.01
72666724048	2017	3	6	8	0	0.01
72666724048	2017	3	6	10	0	0.01
72666724048	2017	3	6	11	0	0.04
72666724048	2017	3	12	20	0	0.01
72666724048	2017	3	21	1	0	0.01
72666724048	2017	3	21	2	0	0.03
72666724048	2017	3	21	5	0	0.01
72666724048	2017	3	23	14	0	0.01
72666724048	2017	3	23	15	0	0.03
72666724048	2017	3	23	16	0	0.01
72666724048	2017	3	23	17	0	0.02
72666724048	2017	3	25	21	0	0.01
72666724048	2017	3	25	22	0	0.01
72666724048	2017	3	25	23	0	0.03
72666724048	2017	3	26	0	0	0.01
72666724048	2017	3	26	1	0	0.01
72666724048	2017	4	2	11	0	0.024
72666724048	2017	4	2	12	0	0.04
72666724048	2017	4	2	13	0	0.01
72666724048	2017	4	2	17	0	0.003
72666724048	2017	4	2	22	0	0.01
72666724048	2017	4	2	23	0	0.006
72666724048	2017	4	9	14	0	0.01
72666724048	2017	4	9	15	0	0.02
72666724048	2017	4	9	16	0	0.01
72666724048	2017	4	9	17	0	0.02
72666724048	2017	4	9	18	0	0.02
72666724048	2017	4	9	19	0	0.01
72666724048	2017	4	9	20	0	0.03
72666724048	2017	4	9	21	0	0.02
72666724048	2017	4	10	0	0	0.01
72666724048	2017	4	21	15	0	0.03
72666724048	2017	4	21	16	0	0.03
72666724048	2017	4	21	17	0	0.02
72666724048	2017	4	21	18	0	0.03
72666724048	2017	4	21	19	0	0.01
72666724048	2017	4	21	20	0	0.01
72666724048	2017	4	21	21	0	0.03
72666724048	2017	4	21	22	0	0.01
72666724048	2017	4	22	0	0	0.02
72666724048	2017	4	24	21	0	0.01
72666724048	2017	4	24	22	0	0.03
72666724048	2017	4	25	6	0	0.01
72666724048	2017	4	26	21	0	0.01
72666724048	2017	4	26	22	0	0.01
72666724048	2017	4	27	11	0	0.01
72666724048	2017	4	27	15	0	0.01
72666724048	2017	5	8	0	0	0.04
72666724048	2017	5	8	1	0	0.12
72666724048	2017	5	10	0	0	0.02
72666724048	2017	5	13	22	0	0.02
72666724048	2017	5	17	20	0	0.02
72666724048	2017	5	17	21	0	0.03
72666724048	2017	5	18	0	0	0.09
72666724048	2017	5	18	1	0	0.02
72666724048	2017	5	18	4	0	0.01
72666724048	2017	5	18	11	0	0.01
72666724048	2017	5	22	15	0	0.01
72666724048	2017	5	22	16	0	0.04
72666724048	2017	5	22	18	0	0.03
72666724048	2017	5	22	20	0	0.01
72666724048	2017	5	22	21	0	0.01
72666724048	2017	5	23	1	0	0.01
72666724048	2017	5	23	2	0	0.01
72666724048	2017	5	26	22	0	0.01
72666724048	2017	5	28	21	0	0.01
72666724048	2017	6	11	9	0	0.02
72666724048	2017	6	11	10	0	0.02
72666724048	2017	6	11	11	0	0.01
72666724048	2017	6	11	12	0	0.01
72666724048	2017	6	12	5	0	0.03
72666724048	2017	6	12	8	0	0.01
72666724048	2017	6	12	10	0	0.04
72666724048	2017	6	12	22	0	0.01
72666724048	2017	6	12	23	0	0.01
72666724048	2017	6	17	1	0	0.01
72666724048	2017	6	17	5	0	0.03
72666724048	2017	6	27	20	0	0.003
72666724048	2017	6	28	20	0	0.01
72666724048	2017	6	29	2	0	0.02
72666724048	2017	7	2	23	0	0.01
72666724048	2017	7	17	23	0	0.01
72666724048	2017	7	21	0	0	0.04
72666724048	2017	7	29	10	0	0.03
72666724048	2017	8	14	2	0	0.03
72666724048	2017	8	14	18	0	0.01
72666724048	2017	8	15	9	0	0.01
72666724048	2017	8	15	12	0	0.01
72666724048	2017	8	15	13	0	0.01
72666724048	2017	9	14	15	0	0.07
72666724048	2017	9	14	16	0	0.07
72666724048	2017	9	14	22	0	0.03
72666724048	2017	9	14	23	0	0.02
72666724048	2017	9	15	0	0	0.03
72666724048	2017	9	15	1	0	0.03
72666724048	2017	9	15	2	0	0.14
72666724048	2017	9	15	3	0	0.07
72666724048	2017	9	15	4	0	0.06
72666724048	2017	9	15	5	0	0.02
72666724048	2017	9	15	6	0	0.06
72666724048	2017	9	15	7	0	0.06
72666724048	2017	9	15	8	0	0.06
72666724048	2017	9	15	9	0	0.03
72666724048	2017	9	15	10	0	0.05
72666724048	2017	9	15	11	0	0.06
72666724048	2017	9	15	12	0	0.09
72666724048	2017	9	15	13	0	0.03
72666724048	2017	9	15	14	0	0.08
72666724048	2017	9	15	15	0	0.09
72666724048	2017	9	15	16	0	0.09
72666724048	2017	9	15	17	0	0.04
72666724048	2017	9	15	18	0	0.03
72666724048	2017	9	16	0	0	0.01
72666724048	2017	9	16	1	0	0.01
72666724048	2017	9	16	3	0	0.01
72666724048	2017	9	16	9	0	0.01
72666724048	2017	9	16	12	0	0.01
72666724048	2017	9	16	15	0	0.01
72666724048	2017	9	19	6	0	0.09
72666724048	2017	9	19	7	0	0.1
72666724048	2017	9	19	8	0	0.01
72666724048	2017	9	19	9	0	0.012
72666724048	2017	9	19	10	0	0.002
72666724048	2017	9	19	11	0	0.002
72666724048	2017	9	21	7	0	0.02
72666724048	2017	9	22	12	0	0.01
72666724048	2017	9	22	13	0	0.04
72666724048	2017	9	22	14	0	0.03
72666724048	2017	9	22	15	0	0.01
72666724048	2017	9	22	16	0	0.01
72666724048	2017	9	22	17	0	0.01
72666724048	2017	9	23	2	0	0.04
72666724048	2017	9	23	3	0	0.03
72666724048	2017	9	23	4	0	0.03
72666724048	2017	9	23	8	0	0.01
72666724048	2017	9	24	1	0	0.02
72666724048	2017	9	24	2	0	0.01
72666724048	2017	9	25	1	0	0.01
72666724048	2017	9	25	9	0	0.03
72666724048	2017	9	25	10	0	0.02
72666724048	2017	9	25	11	0	0.03
72666724048	2017	9	25	12	0	0.03
72666724048	2017	9	25	13	0	0.01
72666724048	2017	9	25	14	0	0.01
72666724048	2017	9	30	4	0	0.11
72666724048	2017	9	30	5	0	0.02
72666724048	2017	11	1	9	0	0.01
72666724048	2017	11	1	13	0	0.01
72666724048	2017	11	1	17	0	0.02
72666724048	2017	11	1	18	0	0.03
72666724048	2017	11	1	19	0	0.01
72666724048	2017	11	1	23	0	0.01
72666724048	2017	11	2	0	0	0.03
72666724048	2017	11	2	18	0	0.01
72666724048	2017	11	2	19	0	0.01
72666724048	2017	11	4	17	0	0.01
72666724048	2017	11	4	19	0	0.01
72666724048	2017	11	4	20	0	0.01
72666724048	2017	11	17	5	0	0.01
72666724048	2017	11	17	6	0	0.01
72666724048	2017	11	17	7	0	0.01
72666724048	2017	11	24	12	0	0.01
72666724048	2017	12	16	14	0	0.02
72666724048	2017	12	16	15	0	0.05
72666724048	2017	12	16	16	0	0.01
72666724048	2017	12	16	17	0	0.02
72666724048	2017	12	16	18	0	0.01
72666724048	2017	12	16	19	0	0.01
72666724048	2017	12	16	20	0	0.02
72666724048	2017	12	16	21	0	0.02
72666724048	2017	12	16	22	0	0.01
72666724048	2017	12	16	23	0	0.01
72666724048	2017	12	17	6	0	0.01
72666724048	2017	12	23	9	0	0.01
72666724048	2017	12	23	13	0	0.01
72666724048	2017	12	30	19	0	0.01
72666724048	2018	1	10	14	0	0.011
72666724048	2018	1	10	16	0	0.01
72666724048	2018	1	10	18	0	0.006
72666724048	2018	1	10	19	0	0.01
72666724048	2018	2	4	11	0	0.01
72666724048	2018	2	4	12	0	0.01
72666724048	2018	2	4	14	0	0.01
72666724048	2018	2	4	15	0	0.01
72666724048	2018	2	4	16	0	0.01
72666724048	2018	2	4	18	0	0.03
72666724048	2018	2	4	19	0	0.03
72666724048	2018	2	5	6	0	0.01
72666724048	2018	2	5	7	0	0.01
72666724048	2018	2	5	11	0	0.01
72666724048	2018	2	5	17	0	0.01
72666724048	2018	2	5	18	0	0.01
72666724048	2018	2	5	19	0	0.01
72666724048	2018	2	5	23	0	0.01
72666724048	2018	2	6	19	0	0.01
72666724048	2018	2	6	23	0	0.01
72666724048	2018	2	7	4	0	0.02
72666724048	2018	2	9	15	0	0.01
72666724048	2018	2	18	14	0	0.01
72666724048	2018	2	18	15	0	0.01
72666724048	2018	2	18	16	0	0.01
72666724048	2018	3	5	7	0	0.01
72666724048	2018	3	5	9	0	0.02
72666724048	2018	3	5	10	0	0.02
72666724048	2018	3	16	11	0	0.002
72666724048	2018	3	16	12	0	0.11
72666724048	2018	3	16	13	0	0.01
72666724048	2018	3	28	7	0	0.04
72666724048	2018	3	28	10	0	0.01
72666724048	2018	3	28	12	0	0.02
72666724048	2018	3	28	22	0	0.06
72666724048	2018	3	28	23	0	0.01
72666724048	2018	4	2	19	0	0.02
72666724048	2018	4	2	21	0	0.01
72666724048	2018	4	2	23	0	0.01
72666724048	2018	4	6	5	0	0.01
72666724048	2018	4	6	7	0	0.02
72666724048	2018	4	6	9	0	0.01
72666724048	2018	4	6	11	0	0.01
72666724048	2018	4	6	13	0	0.01
72666724048	2018	4	9	1	0	0.01
72666724048	2018	4	12	10	0	0.02
72666724048	2018	4	12	11	0	0.04
72666724048	2018	4	12	12	0	0.04
72666724048	2018	4	12	19	0	0.03
72666724048	2018	4	17	12	0	0.01
72666724048	2018	4	17	13	0	0.02
72666724048	2018	4	17	14	0	0.1
72666724048	2018	4	17	15	0	0.05
72666724048	2018	4	23	13	0	0.001
72666724048	2018	4	23	16	0	0.07
72666724048	2018	4	23	17	0	0.04
72666724048	2018	4	23	18	0	0.02
72666724048	2018	4	23	19	0	0.01
72666724048	2018	4	29	21	0	0.019
72666724048	2018	4	30	17	0	0.01
72666724048	2018	4	30	19	0	0.04
72666724048	2018	4	30	20	0	0.02
72666724048	2018	4	30	21	0	0.01
72666724048	2018	4	30	22	0	0.01
72666724048	2018	5	1	0	0	0.01
72666724048	2018	5	1	1	0	0.04
72666724048	2018	5	1	2	0	0.02
72666724048	2018	5	1	3	0	0.1
72666724048	2018	5	1	4	0	0.05
72666724048	2018	5	1	7	0	0.01
72666724048	2018	5	1	13	0	0.01
72666724048	2018	5	1	16	0	0.01
72666724048	2018	5	11	6	0	0.02
72666724048	2018	5	11	8	0	0.01
72666724048	2018	5	11	22	0	0.01
72666724048	2018	5	11	23	0	0.02
72666724048	2018	5	12	0	0	0.01
72666724048	2018	5	12	4	0	0.01
72666724048	2018	5	12	5	0	0.05
72666724048	2018	5	12	6	0	0.04
72666724048	2018	5	12	7	0	0.02
72666724048	2018	5	12	10	0	0.01
72666724048	2018	5	12	11	0	0.06
72666724048	2018	5	12	12	0	0.11
72666724048	2018	5	12	13	0	0.08
72666724048	2018	5	12	14	0	0.01
72666724048	2018	5	12	15	0	0.005
72666724048	2018	5	13	9	0	0.04
72666724048	2018	5	13	10	0	0.02
72666724048	2018	5	17	6	0	0.01
72666724048	2018	5	17	23	0	0.01
72666724048	2018	5	18	0	0	0.01
72666724048	2018	5	19	19	0	0.01
72666724048	2018	5	19	20	0	0.02
72666724048	2018	5	23	2	0	0.03
72666724048	2018	5	23	3	0	0.26
72666724048	2018	5	23	4	0	0.04
72666724048	2018	5	23	5	0	0.01
72666724048	2018	5	23	6	0	0.08
72666724048	2018	5	23	7	0	0.11
72666724048	2018	5	23	8	0	0.05
72666724048	2018	5	23	9	0	0.04
72666724048	2018	5	23	10	0	0.01
72666724048	2018	5	23	11	0	0.01
72666724048	2018	5	23	21	0	0.01
72666724048	2018	5	24	2	0	0.01
72666724048	2018	5	27	9	0	0.015
72666724048	2018	5	27	13	0	0.007
72666724048	2018	5	27	15	0	0.015
72666724048	2018	5	28	0	0	0.034
72666724048	2018	5	28	1	0	0.096
72666724048	2018	5	28	2	0	0.082
72666724048	2018	5	28	3	0	0.006
72666724048	2018	5	28	13	0	0.02
72666724048	2018	5	28	14	0	0.03
72666724048	2018	5	28	15	0	0.01
72666724048	2018	5	28	16	0	0.04
72666724048	2018	5	28	17	0	0.1
72666724048	2018	5	28	18	0	0.14
72666724048	2018	5	28	19	0	0.12
72666724048	2018	5	28	20	0	0.07
72666724048	2018	5	28	21	0	0.03
72666724048	2018	5	28	22	0	0.03
72666724048	2018	5	28	23	0	0.06
72666724048	2018	5	29	0	0	0.02
72666724048	2018	6	1	16	0	0.29
72666724048	2018	6	1	18	0	0.02
72666724048	2018	6	1	19	0	0.01
72666724048	2018	6	2	1	0	0.03
72666724048	2018	6	7	6	0	0.01
72666724048	2018	6	7	22	0	0.01
72666724048	2018	6	8	21	0	0.01
72666724048	2018	6	15	22	0	0.17
72666724048	2018	6	16	5	0	0.01
72666724048	2018	6	16	8	0	0.01
72666724048	2018	6	17	16	0	0.02
72666724048	2018	6	17	17	0	0.06
72666724048	2018	6	18	8	0	0.01
72666724048	2018	6	18	9	0	0.03
72666724048	2018	6	18	16	0	0.11
72666724048	2018	6	18	17	0	0.03
72666724048	2018	6	18	18	0	0.14
72666724048	2018	6	18	22	0	0.11
72666724048	2018	6	18	23	0	0.04
72666724048	2018	6	23	10	0	0.03
72666724048	2018	6	23	12	0	0.01
72666724048	2018	6	23	18	0	0.02
72666724048	2018	6	29	9	0	0.01
72666724048	2018	7	10	23	0	0.06
72666724048	2018	7	17	22	0	0.02
72666724048	2018	7	27	7	0	0.03
72666724048	2018	7	28	21	0	0.02
72666724048	2018	7	29	21	0	0.03
72666724048	2018	8	2	22	0	0.05
72666724048	2018	8	14	6	0	0.01
72666724048	2018	8	14	7	0	0.01
72666724048	2018	8	18	10	0	0.02
72666724048	2018	8	18	11	0	0.01
72666724048	2018	8	18	12	0	0.01
72666724048	2018	8	18	14	0	0.01
72666724048	2018	8	18	15	0	0.03
72666724048	2018	8	19	1	0	0.15
72666724048	2018	8	19	2	0	0.02
72666724048	2018	8	20	23	0	0.01
72666724048	2018	8	28	4	0	0.01
72666724048	2018	8	28	6	0	0.01
72666724048	2018	8	28	7	0	0.06
72666724048	2018	8	28	8	0	0.12
72666724048	2018	8	28	9	0	0.06
72666724048	2018	8	28	10	0	0.01
72666724048	2018	9	9	1	0	0.02
72666724048	2018	9	20	6	0	0.22
72666724048	2018	9	20	21	0	0.01
72666724048	2018	10	13	13	0	0.03
72666724048	2018	10	13	16	0	0.01
72666724048	2018	10	13	17	0	0.02
72666724048	2018	10	13	18	0	0.01
72666724048	2018	10	13	19	0	0.01
72666724048	2018	11	1	5	0	0.005
72666724048	2018	11	1	16	0	0.01
72666724048	2018	11	2	1	0	0.01
72666724048	2018	11	2	2	0	0.02
72666724048	2018	11	2	3	0	0.02
72666724048	2018	11	2	4	0	0.03
72666724048	2018	11	2	5	0	0.01
72666724048	2018	11	2	7	0	0.01
72666724048	2018	11	3	2	0	0.02
72666724048	2018	11	5	16	0	0.01
72666724048	2018	11	5	17	0	0.01
72666724048	2018	11	17	9	0	0.04
72666724048	2018	11	17	10	0	0.02
72666724048	2018	11	17	14	0	0.01
72666724048	2018	11	30	16	0	0.02
72666724048	2018	11	30	17	0	0.04
72666724048	2018	11	30	18	0	0.02
72666724048	2018	11	30	19	0	0.04
72666724048	2018	11	30	20	0	0.01
72666724048	2018	12	26	1	0	0.01
72666724048	2018	12	26	2	0	0.02
72666724048	2018	12	26	3	0	0.02
72666724048	2018	12	26	4	0	0.05
72666724048	2018	12	26	5	0	0.01
72666724048	2018	12	26	6	0	0.01
72666724048	2019	1	7	19	0	0.02
72666724048	2019	1	24	0	0	0.01
72666724048	2019	1	24	1	0	0.01
72666724048	2019	2	15	7	0	0.02
72666724048	2019	2	15	8	0	0.03
72666724048	2019	2	15	9	0	0.03
72666724048	2019	2	15	10	0	0.03
72666724048	2019	3	1	7	0	0.01
72666724048	2019	3	1	9	0	0.01
72666724048	2019	4	10	6	0	0.05
72666724048	2019	4	10	7	0	0.01
72666724048	2019	4	16	12	0	0.01
72666724048	2019	4	21	8	0	0.03
72666724048	2019	4	21	9	0	0.01
72666724048	2019	4	21	15	0	0.06
72666724048	2019	4	21	16	0	0.11
72666724048	2019	4	21	17	0	0.02
72666724048	2019	4	22	3	0	0.02
72666724048	2019	4	22	7	0	0.01
72666724048	2019	4	22	8	0	0.01
72666724048	2019	4	22	14	0	0.01
72666724048	2019	4	25	0	0	0.03
72666724048	2019	4	26	22	0	0.03
72666724048	2019	4	26	23	0	0.05
72666724048	2019	5	3	4	0	0.04
72666724048	2019	5	7	17	0	0.01
72666724048	2019	5	7	18	0	0.02
72666724048	2019	5	7	19	0	0.02
72666724048	2019	5	7	20	0	0.05
72666724048	2019	5	7	21	0	0.01
72666724048	2019	5	7	22	0	0.02
72666724048	2019	5	7	23	0	0.09
72666724048	2019	5	8	0	0	0.09
72666724048	2019	5	8	1	0	0.01
72666724048	2019	5	8	2	0	0.02
72666724048	2019	5	11	13	0	0.01
72666724048	2019	5	16	4	0	0.01
72666724048	2019	5	16	15	0	0.01
72666724048	2019	5	17	0	0	0.04
72666724048	2019	5	17	1	0	0.02
72666724048	2019	5	17	2	0	0.05
72666724048	2019	5	17	3	0	0.01
72666724048	2019	5	18	6	0	0.04
72666724048	2019	5	18	7	0	0.06
72666724048	2019	5	18	8	0	0.06
72666724048	2019	5	18	9	0	0.03
72666724048	2019	5	18	10	0	0.03
72666724048	2019	5	20	19	0	0.03
72666724048	2019	5	21	15	0	0.04
72666724048	2019	5	21	16	0	0.02
72666724048	2019	5	21	17	0	0.02
72666724048	2019	5	21	22	0	0.01
72666724048	2019	5	22	1	0	0.01
72666724048	2019	5	22	2	0	0.01
72666724048	2019	5	24	2	0	0.01
72666724048	2019	5	24	3	0	0.03
72666724048	2019	5	24	4	0	0.02
72666724048	2019	5	24	5	0	0.04
72666724048	2019	5	24	6	0	0.06
72666724048	2019	5	24	7	0	0.05
72666724048	2019	5	24	8	0	0.04
72666724048	2019	5	24	9	0	0.07
72666724048	2019	5	24	10	0	0.08
72666724048	2019	5	24	11	0	0.09
72666724048	2019	5	24	12	0	0.03
72666724048	2019	5	24	13	0	0.03
72666724048	2019	5	24	14	0	0.03
72666724048	2019	5	24	15	0	0.02
72666724048	2019	5	24	16	0	0.02
72666724048	2019	5	24	17	0	0.02
72666724048	2019	5	24	18	0	0.01
72666724048	2019	5	24	20	0	0.01
72666724048	2019	5	27	9	0	0.06
72666724048	2019	5	27	14	0	0.001
72666724048	2019	5	27	15	0	0.13
72666724048	2019	5	27	16	0	0.01
72666724048	2019	5	27	17	0	0.11
72666724048	2019	5	27	18	0	0.03
72666724048	2019	5	27	19	0	0.01
72666724048	2019	5	27	21	0	0.02
72666724048	2019	5	27	22	0	0.03
72666724048	2019	5	27	23	0	0.04
72666724048	2019	5	28	1	0	0.02
72666724048	2019	5	28	8	0	0.01
72666724048	2019	6	3	22	0	0.01
72666724048	2019	6	4	0	0	0.01
72666724048	2019	6	7	20	0	0.06
72666724048	2019	6	7	22	0	0.04
72666724048	2019	6	8	7	0	0.06
72666724048	2019	6	8	8	0	0.01
72666724048	2019	6	8	12	0	0.01
72666724048	2019	6	15	6	0	0.01
72666724048	2019	6	15	7	0	0.02
72666724048	2019	6	15	11	0	0.01
72666724048	2019	6	15	23	0	0.29
72666724048	2019	6	16	1	0	0.06
72666724048	2019	6	16	22	0	0.03
72666724048	2019	6	16	23	0	0.01
72666724048	2019	6	25	0	0	0.01
72666724048	2019	6	27	1	0	0.01
72666724048	2019	6	30	22	0	0.03
72666724048	2019	6	30	23	0	0.06
72666724048	2019	7	3	3	0	0.02
72666724048	2019	7	4	4	0	0.02
72666724048	2019	7	4	10	0	0.05
72666724048	2019	7	4	11	0	0.04
72666724048	2019	7	4	12	0	0.01
72666724048	2019	7	5	14	0	0.09
72666724048	2019	7	8	23	0	0.02
72666724048	2019	7	9	7	0	0.02
72666724048	2019	7	9	17	0	0.01
72666724048	2019	7	13	0	0	0.01
72666724048	2019	7	15	23	0	0.07
72666724048	2019	7	16	4	0	0.01
72666724048	2019	7	17	8	0	0.01
72666724048	2019	7	30	22	0	0.17
72666724048	2019	8	9	3	0	0.01
72666724048	2019	8	10	22	0	0.01
72666724048	2019	8	11	15	0	0.01
72666724048	2019	8	16	3	0	0.03
72666724048	2019	8	16	5	0	0.03
72666724048	2019	9	7	1	0	0.02
72666724048	2019	9	8	22	0	0.01
72666724048	2019	9	8	23	0	0.04
72666724048	2019	9	9	0	0	0.1
72666724048	2019	9	9	1	0	0.05
72666724048	2019	9	11	15	0	0.03
72666724048	2019	9	11	16	0	0.08
72666724048	2019	9	11	17	0	0.09
72666724048	2019	9	11	18	0	0.01
72666724048	2019	9	11	21	0	0.25
72666724048	2019	9	11	22	0	0.28
72666724048	2019	9	11	23	0	0.17
72666724048	2019	9	12	0	0	0.13
72666724048	2019	9	12	1	0	0.14
72666724048	2019	9	12	2	0	0.03
72666724048	2019	9	12	7	0	0.01
72666724048	2019	9	17	18	0	0.01
72666724048	2019	9	17	19	0	0.02
72666724048	2019	9	17	21	0	0.11
72666724048	2019	9	17	22	0	0.17
72666724048	2019	9	17	23	0	0.27
72666724048	2019	9	18	0	0	0.04
72666724048	2019	9	21	7	0	0.02
72666724048	2019	9	21	8	0	0.01
72666724048	2019	9	21	9	0	0.06
72666724048	2019	9	21	10	0	0.04
72666724048	2019	9	21	11	0	0.02
72666724048	2019	9	27	11	0	0.01
72666724048	2019	9	27	12	0	0.05
72666724048	2019	9	27	13	0	0.03
72666724048	2019	9	27	14	0	0.01
72666724048	2019	9	28	13	0	0.02
72666724048	2019	9	28	14	0	0.02
72666724048	2019	9	28	15	0	0.03
72666724048	2019	9	28	16	0	0.04
72666724048	2019	9	28	17	0	0.07
72666724048	2019	9	28	18	0	0.03
72666724048	2019	9	28	23	0	0.01
72666724048	2019	9	29	0	0	0.14
72666724048	2019	9	29	1	0	0.06
72666724048	2019	9	29	2	0	0.07
72666724048	2019	9	29	3	0	0.17
72666724048	2019	9	29	4	0	0.06
72666724048	2019	9	29	5	0	0.11
72666724048	2019	9	29	6	0	0.03
72666724048	2019	9	29	7	0	0.04
72666724048	2019	9	29	8	0	0.04
72666724048	2019	9	29	9	0	0.01
72666724048	2019	9	29	14	0	0.01
72666724048	2019	9	29	15	0	0.01
72666724048	2019	9	29	19	0	0.07
72666724048	2019	9	29	20	0	0.01
72666724048	2019	10	1	7	0	0.01
72666724048	2019	10	1	16	0	0.01
72666724048	2019	10	5	4	0	0.03
72666724048	2019	10	5	5	0	0.13
72666724048	2019	10	5	6	0	0.03
72666724048	2019	10	5	7	0	0.04
72666724048	2019	10	9	20	0	0.01
72666724048	2019	10	18	6	0	0.006
72666724048	2019	10	18	7	0	0.01
72666724048	2019	10	18	8	0	0.02
72666724048	2019	10	18	9	0	0.01
72666724048	2019	10	20	8	0	0.02
72666724048	2019	10	20	10	0	0.02
72666724048	2019	10	20	11	0	0.02
72666724048	2019	10	20	12	0	0.02
72666724048	2019	10	20	13	0	0.02
72666724048	2019	10	20	16	0	0.01
72666724048	2019	10	20	21	0	0.01
72666724048	2019	10	20	22	0	0.01
72666724048	2019	10	23	4	0	0.09
72666724048	2019	10	23	5	0	0.005
72666724048	2019	10	23	11	0	0.01
72666724048	2019	10	23	13	0	0.01
72666724048	2019	10	23	14	0	0.01
72666724048	2019	10	26	10	0	0.007
72666724048	2019	10	26	11	0	0.003
72666724048	2019	11	4	3	0	0.01
72666724048	2019	11	4	14	0	0.01
72666724048	2019	11	4	16	0	0.01
72666724048	2019	11	4	17	0	0.01
72666724048	2019	11	4	18	0	0.01
72666724048	2019	11	4	21	0	0.01
72666724048	2019	11	5	21	0	0.001
72666724048	2019	11	5	22	0	0.001
72666724048	2019	11	10	23	0	0.01
72666724048	2019	11	11	0	0	0.04
72666724048	2019	11	16	15	0	0.01
72666724048	2019	11	30	10	0	0.01
72666724048	2019	12	26	14	0	0.01
72666724048	2020	1	22	22	0	0.02
72666724048	2020	1	30	10	0	0.01
72666724048	2020	1	30	11	0	0.04
72666724048	2020	1	30	12	0	0.03
72666724048	2020	2	3	4	0	0.01
72666724048	2020	2	3	6	0	0.01
72666724048	2020	2	3	7	0	0.01
72666724048	2020	2	3	8	0	0.01
72666724048	2020	2	3	9	0	0.01
72666724048	2020	2	3	13	0	0.03
72666724048	2020	2	3	14	0	0.01
72666724048	2020	2	3	15	0	0.01
72666724048	2020	2	3	18	0	0.02
72666724048	2020	2	3	19	0	0.01
72666724048	2020	2	3	20	0	0.01
72666724048	2020	2	3	22	0	0.01
72666724048	2020	2	6	10	0	0.01
72666724048	2020	2	6	11	0	0.02
72666724048	2020	2	6	12	0	0.03
72666724048	2020	2	6	13	0	0.02
72666724048	2020	2	6	14	0	0.01
72666724048	2020	2	6	15	0	0.02
72666724048	2020	2	6	16	0	0.03
72666724048	2020	2	6	17	0	0.04
72666724048	2020	2	6	18	0	0.02
72666724048	2020	2	6	19	0	0.02
72666724048	2020	2	7	5	0	0.01
72666724048	2020	2	7	6	0	0.01
72666724048	2020	2	7	14	0	0.01
72666724048	2020	2	7	15	0	0.01
72666724048	2020	2	7	17	0	0.01
72666724048	2020	2	7	18	0	0.01
72666724048	2020	2	7	20	0	0.01
72666724048	2020	2	8	5	0	0.01
72666724048	2020	2	13	5	0	0.01
72666724048	2020	2	13	6	0	0.01
72666724048	2020	2	17	3	0	0.01
72666724048	2020	2	24	9	0	0.02
72666724048	2020	2	24	10	0	0.01
72666724048	2020	4	2	7	0	0.01
72666724048	2020	4	2	9	0	0.01
72666724048	2020	4	11	21	0	0.01
72666724048	2020	4	12	3	0	0.01
72666724048	2020	4	15	9	0	0.01
72666724048	2020	4	23	20	0	0.09
72666724048	2020	4	23	21	0	0.01
72666724048	2020	4	30	21	0	0.01
72666724048	2020	4	30	22	0	0.025
72666724048	2020	5	7	17	0	0.01
72666724048	2020	5	7	18	0	0.01
72666724048	2020	5	12	5	0	0.04
72666724048	2020	5	12	6	0	0.02
72666724048	2020	5	12	7	0	0.02
72666724048	2020	5	12	8	0	0.01
72666724048	2020	5	12	18	0	0.02
72666724048	2020	5	15	20	0	0.06
72666724048	2020	5	15	22	0	0.02
72666724048	2020	5	24	18	0	0.01
72666724048	2020	5	27	13	0	0.01
72666724048	2020	5	30	6	0	0.01
72666724048	2020	6	6	19	0	0.1
72666724048	2020	6	7	1	0	0.05
72666724048	2020	6	7	2	0	0.07
72666724048	2020	6	7	4	0	0.01
72666724048	2020	6	8	1	0	0.01
72666724048	2020	6	8	3	0	0.05
72666724048	2020	6	17	8	0	0.003
72666724048	2020	6	17	9	0	0.01
72666724048	2020	6	17	11	0	0.05
72666724048	2020	6	17	12	0	0.07
72666724048	2020	6	17	13	0	0.07
72666724048	2020	6	17	14	0	0.05
72666724048	2020	6	17	17	0	0.01
72666724048	2020	6	17	20	0	0.034
72666724048	2020	6	17	21	0	0.02
72666724048	2020	6	17	22	0	0.01
72666724048	2020	6	20	3	0	0.02
72666724048	2020	6	25	0	0	0.11
72666724048	2020	6	25	1	0	0.02
72666724048	2020	6	25	20	0	0.09
72666724048	2020	6	25	21	0	0.01
72666724048	2020	6	25	22	0	0.11
72666724048	2020	6	28	16	0	0.03
72666724048	2020	6	28	17	0	0.09
72666724048	2020	6	28	18	0	0.06
72666724048	2020	6	29	1	0	0.02
72666724048	2020	6	29	2	0	0.08
72666724048	2020	6	29	3	0	0.18
72666724048	2020	6	29	4	0	0.06
72666724048	2020	6	29	5	0	0.09
72666724048	2020	6	29	6	0	0.12
72666724048	2020	6	29	7	0	0.02
72666724048	2020	6	29	15	0	0.01
72666724048	2020	6	30	1	0	0.01
72666724048	2020	6	30	3	0	0.01
72666724048	2020	6	30	5	0	0.02
72666724048	2020	6	30	21	0	0.01
72666724048	2020	7	3	0	0	0.01
72666724048	2020	7	25	22	0	0.08
72666724048	2020	7	25	23	0	0.03
72666724048	2020	7	29	16	0	0.02
72666724048	2020	7	29	17	0	0.02
72666724048	2020	8	4	3	0	0.01
72666724048	2020	8	7	22	0	0.02
72666724048	2020	8	20	7	0	0.03
72666724048	2020	8	20	10	0	0.01
72666724048	2020	8	26	5	0	0.03
72666724048	2020	8	27	23	0	0.02
72666724048	2020	8	28	0	0	0.01
72666724048	2020	9	7	22	0	0.02
72666724048	2020	9	7	23	0	0.03
72666724048	2020	9	8	0	0	0.06
72666724048	2020	9	8	1	0	0.08
72666724048	2020	9	8	2	0	0.03
72666724048	2020	9	8	3	0	0.08
72666724048	2020	9	8	4	0	0.02
72666724048	2020	9	26	14	0	0.03
72666724048	2020	10	14	8	0	0.02
72666724048	2020	10	17	5	0	0.01
72666724048	2020	10	17	7	0	0.01
72666724048	2020	10	17	8	0	0.02
72666724048	2020	10	17	15	0	0.01
72666724048	2020	10	17	22	0	0.01
72666724048	2020	10	18	0	0	0.01
72666724048	2020	10	19	4	0	0.02
72666724048	2020	10	19	5	0	0.01
72666724048	2020	10	19	6	0	0.12
72666724048	2020	10	19	7	0	0.03
72666724048	2020	10	19	8	0	0.01
72666724048	2020	10	19	9	0	0.01
72666724048	2020	10	19	10	0	0.03
72666724048	2020	10	20	12	0	0.02
72666724048	2020	10	22	8	0	0.02
72666724048	2020	10	25	3	0	0.01
72666724048	2020	10	25	9	0	0.01
72666724048	2020	12	11	19	0	0.01
72666724048	2020	12	12	4	0	0.01
72666724048	2020	12	12	5	0	0.01
72666724048	2020	12	12	6	0	0.01
72666724048	2021	1	22	13	0	0.01
72666724048	2021	1	28	12	0	0.005
72666724048	2021	2	4	9	0	0.02
72666724048	2021	2	4	10	0	0.02
72666724048	2021	2	6	3	0	0.03
72666724048	2021	2	6	15	0	0.01
72666724048	2021	2	6	17	0	0.01
72666724048	2021	2	6	18	0	0.01
72666724048	2021	2	7	3	0	0.02
72666724048	2021	2	7	4	0	0.01
72666724048	2021	2	7	9	0	0.01
72666724048	2021	2	7	14	0	0.03
72666724048	2021	2	7	15	0	0.03
72666724048	2021	2	7	17	0	0.01
72666724048	2021	2	8	10	0	0.01
72666724048	2021	2	12	22	0	0.01
72666724048	2021	2	12	23	0	0.01
72666724048	2021	2	13	1	0	0.01
72666724048	2021	2	13	4	0	0.01
72666724048	2021	3	20	22	0	0.01
72666724048	2021	3	26	18	0	0.01
72666724048	2021	3	27	2	0	0.01
72666724048	2021	4	6	7	0	0.01
72666724048	2021	4	6	8	0	0.08
72666724048	2021	4	6	9	0	0.12
72666724048	2021	4	6	10	0	0.07
72666724048	2021	4	6	11	0	0.02
72666724048	2021	4	6	12	0	0.02
72666724048	2021	4	6	13	0	0.01
72666724048	2021	4	6	14	0	0.02
72666724048	2021	4	6	15	0	0.06
72666724048	2021	4	6	16	0	0.05
72666724048	2021	4	6	17	0	0.06
72666724048	2021	4	6	18	0	0.03
72666724048	2021	4	6	19	0	0.01
72666724048	2021	4	6	21	0	0.01
72666724048	2021	4	15	3	0	0.01
72666724048	2021	4	15	9	0	0.01
72666724048	2021	4	15	11	0	0.01
72666724048	2021	4	15	14	0	0.001
72666724048	2021	4	19	8	0	0.009
72666724048	2021	4	19	12	0	0.01
72666724048	2021	4	19	13	0	0.01
72666724048	2021	4	23	13	0	0.01
72666724048	2021	4	23	14	0	0.02
72666724048	2021	4	26	13	0	0.01
72666724048	2021	4	26	14	0	0.02
72666724048	2021	4	26	16	0	0.01
72666724048	2021	4	26	17	0	0.01
72666724048	2021	4	26	19	0	0.02
72666724048	2021	4	26	23	0	0.01
72666724048	2021	4	27	0	0	0.02
72666724048	2021	4	27	3	0	0.01
72666724048	2021	4	27	9	0	0.01
72666724048	2021	5	4	20	0	0.04
72666724048	2021	5	14	22	0	0.02
72666724048	2021	5	20	0	0	0.02
72666724048	2021	5	20	1	0	0.13
72666724048	2021	5	20	2	0	0.08
72666724048	2021	5	22	0	0	0.02
72666724048	2021	5	22	1	0	0.02
72666724048	2021	5	23	4	0	0.02
72666724048	2021	5	23	12	0	0.02
72666724048	2021	5	26	15	0	0.09
72666724048	2021	5	26	16	0	0.07
72666724048	2021	6	27	10	0	0.02
72666724048	2021	7	1	22	0	0.01
72666724048	2021	7	5	19	0	0.03
72666724048	2021	7	12	2	0	0.01
72666724048	2021	7	13	22	0	0.03
72666724048	2021	7	21	4	0	0.01
72666724048	2021	8	6	8	0	0.01
72666724048	2021	8	6	15	0	0.01
72666724048	2021	8	6	17	0	0.01
72666724048	2021	8	18	17	0	0.01
72666724048	2021	8	18	21	0	0.01
72666724048	2021	8	19	3	0	0.01
72666724048	2021	8	19	4	0	0.01
72666724048	2021	8	19	5	0	0.02
72666724048	2021	8	19	6	0	0.02
72666724048	2021	8	19	7	0	0.02
72666724048	2021	8	19	9	0	0.01
72666724048	2021	8	19	10	0	0.04
72666724048	2021	8	19	11	0	0.01
72666724048	2021	8	19	13	0	0.04
72666724048	2021	8	19	14	0	0.01
72666724048	2021	8	19	15	0	0.01
72666724048	2021	8	20	6	0	0.01
72666724048	2021	8	20	7	0	0.01
72666724048	2021	8	20	8	0	0.16
72666724048	2021	8	20	9	0	0.22
72666724048	2021	8	20	10	0	0.15
72666724048	2021	8	20	11	0	0.01
72666724048	2021	8	20	12	0	0.01
72666724048	2021	8	20	13	0	0.02
72666724048	2021	8	20	22	0	0.01
72666724048	2021	8	22	0	0	0.05
72666724048	2021	8	22	2	0	0.02
72666724048	2021	8	22	3	0	0.02
72666724048	2021	8	22	5	0	0.08
72666724048	2021	8	22	6	0	0.07
72666724048	2021	8	22	7	0	0.01
72666724048	2021	8	22	9	0	0.02
72666724048	2021	8	22	10	0	0.01
72666724048	2021	8	23	23	0	0.005
72666724048	2021	9	19	21	0	0.01
72666724048	2021	10	9	12	0	0.01
72666724048	2021	10	9	13	0	0.07
72666724048	2021	10	9	14	0	0.09
72666724048	2021	10	9	15	0	0.1
72666724048	2021	10	9	16	0	0.02
72666724048	2021	10	9	19	0	0.01
72666724048	2021	10	11	13	0	0.03
72666724048	2021	10	11	14	0	0.04
72666724048	2021	10	11	15	0	0.04
72666724048	2021	10	11	16	0	0.02
72666724048	2021	10	11	18	0	0.01
72666724048	2021	10	11	19	0	0.04
72666724048	2021	10	11	20	0	0.01
72666724048	2021	10	11	21	0	0.02
72666724048	2021	10	11	22	0	0.02
72666724048	2021	10	11	23	0	0.01
72666724048	2021	10	12	0	0	0.03
72666724048	2021	10	12	1	0	0.02
72666724048	2021	10	12	3	0	0.05
72666724048	2021	10	12	4	0	0.04
72666724048	2021	10	12	5	0	0.06
72666724048	2021	10	12	6	0	0.05
72666724048	2021	10	12	7	0	0.01
72666724048	2021	10	12	8	0	0.02
72666724048	2021	10	12	9	0	0.01
72666724048	2021	10	12	15	0	0.01
72666724048	2021	10	12	16	0	0.01
72666724048	2021	10	12	17	0	0.04
72666724048	2021	10	12	18	0	0.02
72666724048	2021	10	24	1	0	0.01
72666724048	2021	10	24	2	0	0.01
72666724048	2021	10	26	10	0	0.01
72666724048	2021	10	26	11	0	0.02
72666724048	2021	10	26	13	0	0.02
72666724048	2021	10	26	14	0	0.04
72666724048	2021	10	26	17	0	0.01
72666724048	2021	12	10	8	0	0.01
