74612093104	2003	1	2	19	0	0.01
74612093104	2003	1	2	20	0	0.08
74612093104	2003	1	5	20	0	0.01
74612093104	2003	1	8	20	0	0.02
74612093104	2003	1	14	6	0	0.01
74612093104	2003	1	21	14	0	0.01
74612093104	2003	1	21	15	0	0.01
74612093104	2003	1	21	16	0	0.01
74612093104	2003	1	21	17	0	0.03
74612093104	2003	1	21	18	0	0.03
74612093104	2003	1	21	19	0	0.04
74612093104	2003	1	21	20	0	0.05
74612093104	2003	1	21	21	0	0.06
74612093104	2003	1	21	22	0	0.04
74612093104	2003	1	21	23	0	0.03
74612093104	2003	1	22	0	0	0.02
74612093104	2003	1	22	1	0	0.02
74612093104	2003	1	22	2	0	0.02
74612093104	2003	1	22	3	0	0.01
74612093104	2003	1	22	14	0	0.02
74612093104	2003	1	22	15	0	0.04
74612093104	2003	1	22	16	0	0.04
74612093104	2003	1	22	17	0	0.05
74612093104	2003	1	22	18	0	0.08
74612093104	2003	1	22	19	0	0.08
74612093104	2003	1	22	20	0	0.07
74612093104	2003	1	22	21	0	0.02
74612093104	2003	1	23	0	0	0.01
74612093104	2003	1	23	1	0	0.02
74612093104	2003	1	23	3	0	0.02
74612093104	2003	1	27	16	0	0.01
74612093104	2003	1	29	23	0	0.01
74612093104	2003	1	30	23	0	0.02
74612093104	2003	1	31	0	0	0.06
74612093104	2003	1	31	1	0	0.05
74612093104	2003	1	31	2	0	0.04
74612093104	2003	2	12	7	0	0.002
74612093104	2003	2	12	11	0	0.011
74612093104	2003	2	13	7	0	0.005
74612093104	2003	2	13	8	0	0.005
74612093104	2003	2	21	22	0	0.01
74612093104	2003	2	22	4	0	0.03
74612093104	2003	2	22	5	0	0.01
74612093104	2003	3	12	14	0	0.01
74612093104	2003	3	13	20	0	0.01
74612093104	2003	3	15	13	0	0.003
74612093104	2003	3	15	14	0	0.002
74612093104	2003	3	15	15	0	0.001
74612093104	2003	3	15	16	0	0.001
74612093104	2003	3	15	17	0	0.002
74612093104	2003	3	15	18	0	0.004
74612093104	2003	3	15	19	0	0.007
74612093104	2003	3	15	20	0	0.006
74612093104	2003	3	15	21	0	0.005
74612093104	2003	3	15	22	0	0.001
74612093104	2003	4	6	15	0	0.05
74612093104	2003	4	6	16	0	0.03
74612093104	2003	4	6	17	0	0.01
74612093104	2003	4	14	12	0	0.02
74612093104	2003	4	14	13	0	0.01
74612093104	2003	4	22	16	0	0.01
74612093104	2003	4	24	12	0	0.03
74612093104	2003	4	24	13	0	0.03
74612093104	2003	4	24	14	0	0.02
74612093104	2003	4	24	16	0	0.01
74612093104	2003	4	24	17	0	0.06
74612093104	2003	4	24	18	0	0.08
74612093104	2003	4	24	19	0	0.05
74612093104	2003	4	24	23	0	0.01
74612093104	2003	4	25	0	0	0.03
74612093104	2003	4	25	1	0	0.05
74612093104	2003	5	3	6	0	0.015
74612093104	2003	5	3	7	0	0.006
74612093104	2003	5	3	8	0	0.006
74612093104	2003	5	3	15	0	0.004
74612093104	2003	5	3	17	0	0.002
74612093104	2003	5	3	18	0	0.007
74612093104	2003	5	3	19	0	0.006
74612093104	2003	5	3	20	0	0.01
74612093104	2003	5	3	21	0	0.011
74612093104	2003	5	3	22	0	0.006
74612093104	2003	5	3	23	0	0.016
74612093104	2003	5	4	2	0	0.008
74612093104	2003	5	4	3	0	0.011
74612093104	2003	5	4	4	0	0.003
74612093104	2003	5	4	5	0	0.003
74612093104	2003	5	4	12	0	0.003
74612093104	2003	5	4	23	0	0.02
74612093104	2003	5	5	0	0	0.01
74612093104	2003	5	30	19	0	0.01
74612093104	2003	5	30	20	0	0.01
74612093104	2003	6	13	20	0	0.01
74612093104	2003	6	13	21	0	0.13
74612093104	2003	6	13	23	0	0.05
74612093104	2003	7	20	1	0	0.001
74612093104	2003	7	20	3	0	0.004
74612093104	2003	8	7	13	0	0.01
74612093104	2003	8	7	16	0	0.02
74612093104	2003	8	11	12	0	0.02
74612093104	2003	9	4	6	0	0.003
74612093104	2003	10	14	14	0	0.01
74612093104	2003	10	15	21	0	0.03
74612093104	2003	10	15	22	0	0.02
74612093104	2003	10	16	12	0	0.01
74612093104	2003	10	16	13	0	0.01
74612093104	2003	10	16	14	0	0.02
74612093104	2003	10	16	15	0	0.03
74612093104	2003	10	16	16	0	0.06
74612093104	2003	10	16	17	0	0.01
74612093104	2003	10	20	12	0	0.03
74612093104	2003	10	20	13	0	0.02
74612093104	2003	10	21	1	0	0.01
74612093104	2003	10	30	2	0	0.02
74612093104	2003	11	1	7	0	0.015
74612093104	2003	11	1	8	0	0.001
74612093104	2003	11	1	10	0	0.003
74612093104	2003	11	1	11	0	0.002
74612093104	2003	11	9	1	0	0.001
74612093104	2003	11	9	2	0	0.006
74612093104	2003	11	9	3	0	0.002
74612093104	2003	11	9	4	0	0.002
74612093104	2003	11	9	5	0	0.001
74612093104	2003	11	9	6	0	0.002
74612093104	2003	11	9	7	0	0.004
74612093104	2003	11	9	8	0	0.003
74612093104	2003	11	9	9	0	0.002
74612093104	2003	11	9	10	0	0.007
74612093104	2003	11	9	11	0	0.003
74612093104	2003	11	15	17	0	0.007
74612093104	2003	11	16	12	0	0.007
74612093104	2003	11	16	21	0	0.01
74612093104	2003	11	16	23	0	0.01
74612093104	2003	11	17	0	0	0.12
74612093104	2003	11	18	6	0	0.01
74612093104	2003	11	20	21	0	0.01
74612093104	2003	11	20	22	0	0.02
74612093104	2003	11	20	23	0	0.02
74612093104	2003	11	21	0	0	0.06
74612093104	2003	11	21	1	0	0.03
74612093104	2003	12	1	20	0	0.02
74612093104	2003	12	1	21	0	0.03
74612093104	2003	12	1	22	0	0.03
74612093104	2003	12	1	23	0	0.03
74612093104	2003	12	2	0	0	0.02
74612093104	2003	12	2	1	0	0.01
74612093104	2003	12	5	2	0	0.02
74612093104	2003	12	5	3	0	0.03
74612093104	2003	12	5	4	0	0.03
74612093104	2003	12	5	5	0	0.05
74612093104	2003	12	5	6	0	0.02
74612093104	2003	12	7	18	0	0.01
74612093104	2003	12	7	19	0	0.02
74612093104	2003	12	10	5	0	0.01
74612093104	2003	12	10	6	0	0.01
74612093104	2003	12	10	13	0	0.03
74612093104	2003	12	10	14	0	0.01
74612093104	2003	12	10	15	0	0.02
74612093104	2003	12	10	16	0	0.01
74612093104	2003	12	10	18	0	0.01
74612093104	2003	12	10	19	0	0.01
74612093104	2003	12	10	20	0	0.01
74612093104	2003	12	10	22	0	0.01
74612093104	2003	12	11	2	0	0.01
74612093104	2003	12	11	3	0	0.01
74612093104	2003	12	11	5	0	0.01
74612093104	2003	12	12	13	0	0.01
74612093104	2003	12	24	13	0	0.04
74612093104	2003	12	24	14	0	0.01
74612093104	2003	12	24	16	0	0.02
74612093104	2003	12	24	17	0	0.02
74612093104	2003	12	24	23	0	0.001
74612093104	2003	12	25	0	0	0.001
74612093104	2003	12	25	13	0	0.006
74612093104	2003	12	25	17	0	0.003
74612093104	2003	12	25	18	0	0.011
74612093104	2003	12	25	19	0	0.023
74612093104	2003	12	25	20	0	0.047
74612093104	2003	12	25	21	0	0.068
74612093104	2003	12	25	22	0	0.085
74612093104	2003	12	25	23	0	0.074
74612093104	2003	12	26	0	0	0.114
74612093104	2003	12	26	1	0	0.064
74612093104	2003	12	30	6	0	0.001
74612093104	2003	12	30	7	0	0.003
74612093104	2003	12	30	8	0	0.005
74612093104	2003	12	30	9	0	0.001
74612093104	2003	12	30	11	0	0.003
74612093104	2003	12	31	14	0	0.01
74612093104	2004	1	6	18	0	0.01
74612093104	2004	1	6	19	0	0.01
74612093104	2004	1	6	20	0	0.01
74612093104	2004	1	6	21	0	0.01
74612093104	2004	1	13	2	0	0.02
74612093104	2004	1	13	4	0	0.01
74612093104	2004	1	14	20	0	0.01
74612093104	2004	1	14	21	0	0.01
74612093104	2004	1	14	22	0	0.03
74612093104	2004	1	15	0	0	0.02
74612093104	2004	1	15	1	0	0.03
74612093104	2004	1	15	2	0	0.01
74612093104	2004	1	15	3	0	0.01
74612093104	2004	1	15	4	0	0.03
74612093104	2004	1	15	5	0	0.06
74612093104	2004	1	30	1	0	0.03
74612093104	2004	2	2	13	0	0.02
74612093104	2004	2	2	14	0	0.04
74612093104	2004	2	2	15	0	0.03
74612093104	2004	2	2	16	0	0.04
74612093104	2004	2	2	17	0	0.02
74612093104	2004	2	2	18	0	0.01
74612093104	2004	2	2	19	0	0.01
74612093104	2004	2	2	21	0	0.01
74612093104	2004	2	3	2	0	0.01
74612093104	2004	2	3	14	0	0.01
74612093104	2004	2	3	16	0	0.01
74612093104	2004	2	6	23	0	0.01
74612093104	2004	2	17	23	0	0.02
74612093104	2004	2	18	0	0	0.04
74612093104	2004	2	18	1	0	0.02
74612093104	2004	2	18	2	0	0.03
74612093104	2004	2	18	3	0	0.01
74612093104	2004	2	18	4	0	0.05
74612093104	2004	2	18	5	0	0.01
74612093104	2004	2	18	6	0	0.01
74612093104	2004	2	18	23	0	0.004
74612093104	2004	2	21	11	0	0.009
74612093104	2004	2	21	12	0	0.005
74612093104	2004	2	21	20	0	0.017
74612093104	2004	2	21	21	0	0.029
74612093104	2004	2	21	22	0	0.02
74612093104	2004	2	21	23	0	0.004
74612093104	2004	2	22	5	0	0.008
74612093104	2004	2	22	6	0	0.006
74612093104	2004	2	22	7	0	0.003
74612093104	2004	2	22	8	0	0.016
74612093104	2004	2	22	9	0	0.014
74612093104	2004	2	22	10	0	0.011
74612093104	2004	2	22	11	0	0.011
74612093104	2004	2	22	12	0	0.039
74612093104	2004	2	22	13	0	0.022
74612093104	2004	2	22	14	0	0.037
74612093104	2004	2	22	15	0	0.03
74612093104	2004	2	22	16	0	0.03
74612093104	2004	2	22	17	0	0.057
74612093104	2004	2	22	18	0	0.005
74612093104	2004	2	22	19	0	0.043
74612093104	2004	2	22	22	0	0.011
74612093104	2004	2	23	6	0	0.005
74612093104	2004	2	23	7	0	0.006
74612093104	2004	2	23	8	0	0.006
74612093104	2004	2	23	9	0	0.02
74612093104	2004	2	23	10	0	0.014
74612093104	2004	2	23	12	0	0.018
74612093104	2004	2	24	6	0	0.01
74612093104	2004	2	24	13	0	0.02
74612093104	2004	2	24	15	0	0.03
74612093104	2004	2	24	16	0	0.02
74612093104	2004	2	24	18	0	0.01
74612093104	2004	2	25	22	0	0.04
74612093104	2004	2	25	23	0	0.05
74612093104	2004	2	26	0	0	0.005
74612093104	2004	2	26	1	0	0.12
74612093104	2004	2	26	2	0	0.13
74612093104	2004	2	26	3	0	0.011
74612093104	2004	2	26	4	0	0.1
74612093104	2004	2	26	5	0	0.03
74612093104	2004	2	26	6	0	0.01
74612093104	2004	2	26	7	0	0.001
74612093104	2004	2	26	8	0	0.008
74612093104	2004	2	26	9	0	0.024
74612093104	2004	2	26	10	0	0.032
74612093104	2004	2	26	11	0	0.013
74612093104	2004	2	26	12	0	0.1
74612093104	2004	3	2	7	0	0.007
74612093104	2004	3	2	11	0	0.002
74612093104	2004	3	2	12	0	0.002
74612093104	2004	3	6	1	0	0.03
74612093104	2004	3	6	2	0	0.11
74612093104	2004	3	6	6	0	0.06
74612093104	2004	3	24	18	0	0.01
74612093104	2004	3	26	2	0	0.05
74612093104	2004	3	26	3	0	0.02
74612093104	2004	3	26	4	0	0.02
74612093104	2004	3	26	5	0	0.04
74612093104	2004	3	26	6	0	0.09
74612093104	2004	4	3	9	0	0.001
74612093104	2004	4	3	22	0	0.002
74612093104	2004	4	4	0	0	0.001
74612093104	2004	4	4	1	0	0.013
74612093104	2004	4	4	2	0	0.001
74612093104	2004	4	4	4	0	0.001
74612093104	2004	4	4	5	0	0.003
74612093104	2004	4	4	6	0	0.001
74612093104	2004	4	4	7	0	0.001
74612093104	2004	4	20	13	0	0.04
74612093104	2004	4	21	2	0	0.01
74612093104	2004	4	28	1	0	0.11
74612093104	2004	4	28	2	0	0.02
74612093104	2004	5	12	0	0	0.01
74612093104	2004	5	12	1	0	0.03
74612093104	2004	5	12	2	0	0.01
74612093104	2004	5	12	3	0	0.03
74612093104	2004	5	12	4	0	0.02
74612093104	2004	5	12	5	0	0.06
74612093104	2004	5	14	4	0	0.08
74612093104	2004	5	14	5	0	0.03
74612093104	2004	5	16	21	0	0.01
74612093104	2004	5	17	12	0	0.04
74612093104	2004	5	17	13	0	0.01
74612093104	2004	5	17	15	0	0.01
74612093104	2004	5	17	16	0	0.02
74612093104	2004	5	17	18	0	0.01
74612093104	2004	5	18	14	0	0.01
74612093104	2004	5	20	1	0	0.29
74612093104	2004	5	20	5	0	0.06
74612093104	2004	5	20	6	0	0.03
74612093104	2004	5	21	0	0	0.02
74612093104	2004	5	21	5	0	0.01
74612093104	2004	5	23	23	0	0.05
74612093104	2004	5	28	3	0	0.07
74612093104	2004	5	28	4	0	0.02
74612093104	2004	6	10	3	0	0.01
74612093104	2004	6	10	4	0	0.02
74612093104	2004	7	19	13	0	0.04
74612093104	2004	7	19	14	0	0.13
74612093104	2004	7	19	15	0	0.06
74612093104	2004	7	19	16	0	0.06
74612093104	2004	8	5	4	0	0.11
74612093104	2004	8	5	12	0	0.05
74612093104	2004	8	5	13	0	0.05
74612093104	2004	8	5	14	0	0.01
74612093104	2004	8	5	22	0	0.08
74612093104	2004	8	6	21	0	0.01
74612093104	2004	8	6	22	0	0.01
74612093104	2004	8	7	0	0	0.02
74612093104	2004	8	7	1	0	0.01
74612093104	2004	8	7	3	0	0.03
74612093104	2004	8	24	12	0	0.02
74612093104	2004	8	24	13	0	0.03
74612093104	2004	8	24	16	0	0.07
74612093104	2004	8	24	17	0	0.01
74612093104	2004	8	24	18	0	0.02
74612093104	2004	8	24	19	0	0.01
74612093104	2004	8	25	15	0	0.01
74612093104	2004	8	25	21	0	0.01
74612093104	2004	9	13	15	0	0.01
74612093104	2004	9	13	16	0	0.02
74612093104	2004	9	22	23	0	0.01
74612093104	2004	9	23	0	0	0.03
74612093104	2004	10	18	0	0	0.1
74612093104	2004	10	19	21	0	0.01
74612093104	2004	10	19	22	0	0.02
74612093104	2004	10	20	0	0	0.001
74612093104	2004	10	20	3	0	0.004
74612093104	2004	10	20	6	0	0.01
74612093104	2004	10	20	7	0	0.008
74612093104	2004	10	20	8	0	0.008
74612093104	2004	10	20	9	0	0.008
74612093104	2004	10	22	17	0	0.01
74612093104	2004	10	27	6	0	0.059
74612093104	2004	10	27	7	0	0.05
74612093104	2004	10	27	8	0	0.026
74612093104	2004	10	27	9	0	0.058
74612093104	2004	10	27	10	0	0.023
74612093104	2004	10	27	11	0	0.015
74612093104	2004	11	1	22	0	0.01
74612093104	2004	11	2	0	0	0.03
74612093104	2004	11	21	20	0	0.007
74612093104	2004	11	21	21	0	0.008
74612093104	2004	11	21	22	0	0.001
74612093104	2004	11	21	23	0	0.001
74612093104	2004	11	22	0	0	0.001
74612093104	2004	11	22	1	0	0.002
74612093104	2004	11	22	2	0	0.005
74612093104	2004	11	22	3	0	0.009
74612093104	2004	11	22	4	0	0.012
74612093104	2004	11	22	5	0	0.014
74612093104	2004	11	22	6	0	0.009
74612093104	2004	11	22	7	0	0.009
74612093104	2004	11	22	8	0	0.009
74612093104	2004	11	22	9	0	0.004
74612093104	2004	11	22	11	0	0.008
74612093104	2004	11	22	12	0	0.005
74612093104	2004	12	6	16	0	0.01
74612093104	2004	12	6	17	0	0.02
74612093104	2004	12	6	18	0	0.01
74612093104	2004	12	6	20	0	0.01
74612093104	2004	12	7	13	0	0.01
74612093104	2004	12	7	14	0	0.01
74612093104	2004	12	7	16	0	0.01
74612093104	2004	12	8	2	0	0.01
74612093104	2004	12	8	4	0	0.04
74612093104	2004	12	8	5	0	0.04
74612093104	2004	12	8	6	0	0.05
74612093104	2004	12	10	2	0	0.01
74612093104	2004	12	10	3	0	0.03
74612093104	2004	12	10	5	0	0.02
74612093104	2004	12	10	6	0	0.02
74612093104	2004	12	10	17	0	0.01
74612093104	2004	12	14	6	0	0.01
74612093104	2004	12	28	5	0	0.003
74612093104	2004	12	28	7	0	0.017
74612093104	2004	12	28	8	0	0.066
74612093104	2004	12	28	9	0	0.046
74612093104	2004	12	28	10	0	0.053
74612093104	2004	12	28	11	0	0.063
74612093104	2004	12	28	12	0	0.084
74612093104	2004	12	28	21	0	0.07
74612093104	2004	12	29	3	0	0.006
74612093104	2004	12	29	4	0	0.107
74612093104	2004	12	29	5	0	0.071
74612093104	2004	12	29	6	0	0.005
74612093104	2004	12	29	7	0	0.039
74612093104	2004	12	29	8	0	0.055
74612093104	2004	12	29	9	0	0.038
74612093104	2004	12	29	10	0	0.127
74612093104	2004	12	29	11	0	0.117
74612093104	2004	12	29	12	0	0.052
74612093104	2004	12	29	13	0	0.01
74612093104	2004	12	29	14	0	0.01
74612093104	2004	12	29	15	0	0.02
74612093104	2004	12	29	16	0	0.04
74612093104	2004	12	29	17	0	0.01
74612093104	2004	12	29	18	0	0.02
74612093104	2004	12	29	19	0	0.01
74612093104	2004	12	29	20	0	0.02
74612093104	2004	12	29	21	0	0.01
74612093104	2004	12	29	22	0	0.01
74612093104	2004	12	30	3	0	0.011
74612093104	2004	12	31	14	0	0.001
74612093104	2004	12	31	15	0	0.005
74612093104	2004	12	31	16	0	0.008
74612093104	2004	12	31	17	0	0.008
74612093104	2004	12	31	18	0	0.015
74612093104	2004	12	31	19	0	0.007
74612093104	2004	12	31	20	0	0.005
74612093104	2005	1	3	3	0	0.001
74612093104	2005	1	3	7	0	0.001
74612093104	2005	1	3	8	0	0.003
74612093104	2005	1	3	9	0	0.004
74612093104	2005	1	3	10	0	0.008
74612093104	2005	1	3	12	0	0.01
74612093104	2005	1	3	13	0	0.003
74612093104	2005	1	3	17	0	0.01
74612093104	2005	1	3	18	0	0.06
74612093104	2005	1	3	19	0	0.03
74612093104	2005	1	3	20	0	0.06
74612093104	2005	1	3	21	0	0.02
74612093104	2005	1	3	22	0	0.006
74612093104	2005	1	3	23	0	0.004
74612093104	2005	1	4	0	0	0.004
74612093104	2005	1	4	2	0	0.01
74612093104	2005	1	4	3	0	0.06
74612093104	2005	1	4	4	0	0.15
74612093104	2005	1	4	5	0	0.02
74612093104	2005	1	4	6	0	0.003
74612093104	2005	1	4	7	0	0.009
74612093104	2005	1	4	8	0	0.011
74612093104	2005	1	4	9	0	0.015
74612093104	2005	1	4	10	0	0.007
74612093104	2005	1	7	15	0	0.08
74612093104	2005	1	7	16	0	0.11
74612093104	2005	1	7	17	0	0.07
74612093104	2005	1	7	18	0	0.001
74612093104	2005	1	7	19	0	0.004
74612093104	2005	1	7	20	0	0.004
74612093104	2005	1	7	21	0	0.004
74612093104	2005	1	7	22	0	0.042
74612093104	2005	1	7	23	0	0.042
74612093104	2005	1	8	0	0	0.042
74612093104	2005	1	8	1	0	0.031
74612093104	2005	1	8	2	0	0.031
74612093104	2005	1	8	3	0	0.031
74612093104	2005	1	8	4	0	0.002
74612093104	2005	1	8	5	0	0.002
74612093104	2005	1	8	6	0	0.002
74612093104	2005	1	8	7	0	0.033
74612093104	2005	1	8	8	0	0.033
74612093104	2005	1	8	9	0	0.033
74612093104	2005	1	8	10	0	0.035
74612093104	2005	1	8	11	0	0.035
74612093104	2005	1	8	12	0	0.035
74612093104	2005	1	8	13	0	0.001
74612093104	2005	1	8	14	0	0.001
74612093104	2005	1	8	19	0	0.001
74612093104	2005	1	8	20	0	0.001
74612093104	2005	1	8	21	0	0.004
74612093104	2005	1	8	22	0	0.002
74612093104	2005	1	8	23	0	0.001
74612093104	2005	1	9	1	0	0.004
74612093104	2005	1	9	2	0	0.004
74612093104	2005	1	9	3	0	0.004
74612093104	2005	1	9	4	0	0.001
74612093104	2005	1	9	5	0	0.002
74612093104	2005	1	9	6	0	0.004
74612093104	2005	1	9	7	0	0.004
74612093104	2005	1	9	8	0	0.006
74612093104	2005	1	9	9	0	0.004
74612093104	2005	1	9	10	0	0.003
74612093104	2005	1	9	11	0	0.002
74612093104	2005	1	9	13	0	0.003
74612093104	2005	1	9	14	0	0.003
74612093104	2005	1	9	15	0	0.003
74612093104	2005	1	9	16	0	0.021
74612093104	2005	1	9	17	0	0.021
74612093104	2005	1	9	18	0	0.021
74612093104	2005	1	9	19	0	0.021
74612093104	2005	1	9	20	0	0.021
74612093104	2005	1	9	21	0	0.021
74612093104	2005	1	9	22	0	0.018
74612093104	2005	1	9	23	0	0.018
74612093104	2005	1	10	0	0	0.018
74612093104	2005	1	10	1	0	0.017
74612093104	2005	1	10	2	0	0.017
74612093104	2005	1	10	3	0	0.017
74612093104	2005	1	10	4	0	0.017
74612093104	2005	1	10	5	0	0.017
74612093104	2005	1	10	6	0	0.017
74612093104	2005	1	10	7	0	0.007
74612093104	2005	1	10	8	0	0.007
74612093104	2005	1	10	9	0	0.007
74612093104	2005	1	10	10	0	0.008
74612093104	2005	1	10	11	0	0.008
74612093104	2005	1	10	12	0	0.1
74612093104	2005	1	10	13	0	0.002
74612093104	2005	1	10	14	0	0.05
74612093104	2005	1	10	15	0	0.04
74612093104	2005	1	10	16	0	0.01
74612093104	2005	1	10	17	0	0.1
74612093104	2005	1	10	18	0	0.006
74612093104	2005	1	10	19	0	0.001
74612093104	2005	1	11	5	0	0.001
74612093104	2005	1	11	6	0	0.003
74612093104	2005	1	11	7	0	0.001
74612093104	2005	1	11	9	0	0.001
74612093104	2005	1	11	10	0	0.001
74612093104	2005	1	11	11	0	0.001
74612093104	2005	1	25	0	0	0.001
74612093104	2005	1	25	1	0	0.02
74612093104	2005	1	25	2	0	0.002
74612093104	2005	1	25	3	0	0.003
74612093104	2005	1	25	4	0	0.001
74612093104	2005	1	25	5	0	0.003
74612093104	2005	1	25	6	0	0.003
74612093104	2005	1	25	10	0	0.004
74612093104	2005	1	26	1	0	0.02
74612093104	2005	1	26	2	0	0.01
74612093104	2005	1	26	12	0	0.01
74612093104	2005	1	26	15	0	0.005
74612093104	2005	1	26	16	0	0.001
74612093104	2005	1	28	17	0	0.012
74612093104	2005	1	28	18	0	0.002
74612093104	2005	1	28	20	0	0.029
74612093104	2005	1	28	21	0	0.028
74612093104	2005	1	28	22	0	0.003
74612093104	2005	2	11	7	0	0.002
74612093104	2005	2	11	8	0	0.004
74612093104	2005	2	11	9	0	0.005
74612093104	2005	2	11	11	0	0.005
74612093104	2005	2	11	12	0	0.06
74612093104	2005	2	11	13	0	0.06
74612093104	2005	2	11	14	0	0.07
74612093104	2005	2	11	15	0	0.08
74612093104	2005	2	11	16	0	0.061
74612093104	2005	2	11	17	0	0.006
74612093104	2005	2	11	18	0	0.006
74612093104	2005	2	11	19	0	0.018
74612093104	2005	2	11	20	0	0.008
74612093104	2005	2	11	21	0	0.018
74612093104	2005	2	11	22	0	0.016
74612093104	2005	2	11	23	0	0.012
74612093104	2005	2	12	0	0	0.005
74612093104	2005	2	12	1	0	0.011
74612093104	2005	2	12	3	0	0.005
74612093104	2005	2	12	4	0	0.009
74612093104	2005	2	12	5	0	0.016
74612093104	2005	2	12	6	0	0.005
74612093104	2005	2	12	7	0	0.018
74612093104	2005	2	12	8	0	0.005
74612093104	2005	2	18	2	0	0.003
74612093104	2005	2	18	3	0	0.03
74612093104	2005	2	18	4	0	0.03
74612093104	2005	2	18	5	0	0.03
74612093104	2005	2	18	6	0	0.009
74612093104	2005	2	18	7	0	0.002
74612093104	2005	2	18	8	0	0.001
74612093104	2005	2	18	9	0	0.002
74612093104	2005	2	18	11	0	0.001
74612093104	2005	2	18	12	0	0.001
74612093104	2005	2	18	14	0	0.04
74612093104	2005	2	18	15	0	0.03
74612093104	2005	2	18	16	0	0.01
74612093104	2005	2	18	17	0	0.011
74612093104	2005	2	18	19	0	0.008
74612093104	2005	2	18	21	0	0.016
74612093104	2005	2	18	22	0	0.35
74612093104	2005	2	18	23	0	0.01
74612093104	2005	2	19	0	0	0.003
74612093104	2005	2	19	2	0	0.015
74612093104	2005	2	19	3	0	0.01
74612093104	2005	2	19	4	0	0.01
74612093104	2005	2	19	5	0	0.014
74612093104	2005	2	19	6	0	0.001
74612093104	2005	2	19	7	0	0.001
74612093104	2005	2	19	13	0	0.003
74612093104	2005	2	19	14	0	0.029
74612093104	2005	2	19	15	0	0.029
74612093104	2005	2	19	16	0	0.013
74612093104	2005	2	19	17	0	0.005
74612093104	2005	2	19	18	0	0.069
74612093104	2005	2	19	19	0	0.03
74612093104	2005	2	19	20	0	0.04
74612093104	2005	2	19	21	0	0.011
74612093104	2005	2	19	22	0	0.003
74612093104	2005	2	19	23	0	0.003
74612093104	2005	2	20	8	0	0.002
74612093104	2005	2	20	20	0	0.001
74612093104	2005	2	21	2	0	0.015
74612093104	2005	2	21	3	0	0.015
74612093104	2005	2	21	4	0	0.037
74612093104	2005	2	21	5	0	0.04
74612093104	2005	2	21	6	0	0.014
74612093104	2005	2	21	7	0	0.012
74612093104	2005	2	21	8	0	0.016
74612093104	2005	2	21	9	0	0.012
74612093104	2005	2	21	10	0	0.006
74612093104	2005	2	21	11	0	0.006
74612093104	2005	2	21	12	0	0.005
74612093104	2005	2	21	13	0	0.018
74612093104	2005	2	21	14	0	0.008
74612093104	2005	2	21	15	0	0.018
74612093104	2005	2	21	16	0	0.021
74612093104	2005	2	21	17	0	0.048
74612093104	2005	2	21	18	0	0.015
74612093104	2005	2	21	19	0	0.044
74612093104	2005	2	21	20	0	0.024
74612093104	2005	2	21	21	0	0.03
74612093104	2005	2	21	22	0	0.012
74612093104	2005	2	21	23	0	0.008
74612093104	2005	2	22	0	0	0.025
74612093104	2005	2	22	1	0	0.013
74612093104	2005	2	22	2	0	0.007
74612093104	2005	2	22	3	0	0.033
74612093104	2005	2	22	4	0	0.031
74612093104	2005	2	22	6	0	0.004
74612093104	2005	2	22	10	0	0.002
74612093104	2005	2	22	11	0	0.008
74612093104	2005	2	22	12	0	0.02
74612093104	2005	2	22	13	0	0.07
74612093104	2005	2	22	14	0	0.02
74612093104	2005	2	22	15	0	0.01
74612093104	2005	2	22	16	0	0.01
74612093104	2005	2	22	17	0	0.016
74612093104	2005	2	22	18	0	0.09
74612093104	2005	2	22	19	0	0.024
74612093104	2005	2	22	20	0	0.01
74612093104	2005	2	22	21	0	0.1
74612093104	2005	2	22	22	0	0.05
74612093104	2005	2	22	23	0	0.014
74612093104	2005	2	23	0	0	0.004
74612093104	2005	2	23	4	0	0.022
74612093104	2005	2	23	5	0	0.003
74612093104	2005	2	23	6	0	0.008
74612093104	2005	2	23	7	0	0.018
74612093104	2005	2	23	8	0	0.004
74612093104	2005	2	23	9	0	0.003
74612093104	2005	2	23	12	0	0.01
74612093104	2005	2	23	13	0	0.03
74612093104	2005	2	23	14	0	0.033
74612093104	2005	2	23	15	0	0.002
74612093104	2005	2	23	18	0	0.021
74612093104	2005	2	23	20	0	0.01
74612093104	2005	2	23	21	0	0.03
74612093104	2005	2	23	22	0	0.029
74612093104	2005	2	23	23	0	0.095
74612093104	2005	2	24	2	0	0.027
74612093104	2005	2	24	3	0	0.023
74612093104	2005	2	24	20	0	0.004
74612093104	2005	2	24	21	0	0.001
74612093104	2005	2	25	0	0	0.004
74612093104	2005	2	25	2	0	0.002
74612093104	2005	3	4	6	0	0.002
74612093104	2005	3	5	0	0	0.022
74612093104	2005	3	5	1	0	0.01
74612093104	2005	3	5	2	0	0.06
74612093104	2005	3	5	3	0	0.11
74612093104	2005	3	5	4	0	0.11
74612093104	2005	3	5	5	0	0.06
74612093104	2005	3	5	6	0	0.045
74612093104	2005	3	5	7	0	0.004
74612093104	2005	3	5	8	0	0.003
74612093104	2005	3	5	11	0	0.009
74612093104	2005	3	5	12	0	0.001
74612093104	2005	3	14	1	0	0.005
74612093104	2005	3	19	21	0	0.002
74612093104	2005	3	19	23	0	0.011
74612093104	2005	3	22	17	0	0.001
74612093104	2005	3	22	18	0	0.001
74612093104	2005	3	22	19	0	0.002
74612093104	2005	3	22	20	0	0.002
74612093104	2005	3	22	21	0	0.004
74612093104	2005	3	22	22	0	0.003
74612093104	2005	3	22	23	0	0.001
74612093104	2005	3	23	0	0	0.005
74612093104	2005	3	23	1	0	0.006
74612093104	2005	3	23	2	0	0.01
74612093104	2005	3	23	3	0	0.013
74612093104	2005	3	23	4	0	0.05
74612093104	2005	3	23	5	0	0.02
74612093104	2005	3	23	6	0	0.003
74612093104	2005	3	23	9	0	0.001
74612093104	2005	3	23	10	0	0.001
74612093104	2005	4	28	12	0	0.02
74612093104	2005	4	28	13	0	0.04
74612093104	2005	4	28	14	0	0.006
74612093104	2005	4	28	16	0	0.004
74612093104	2005	5	5	19	0	0.001
74612093104	2005	5	5	21	0	0.008
74612093104	2005	5	5	22	0	0.001
74612093104	2005	5	6	0	0	0.002
74612093104	2005	5	6	1	0	0.001
74612093104	2005	5	6	2	0	0.001
74612093104	2005	5	6	23	0	0.051
74612093104	2005	7	23	1	0	0.001
74612093104	2005	7	23	2	0	0.001
74612093104	2005	7	23	3	0	0.001
74612093104	2005	8	15	4	0	0.005
74612093104	2005	8	15	5	0	0.065
74612093104	2005	8	15	6	0	0.169
74612093104	2005	8	15	7	0	0.131
74612093104	2005	8	15	8	0	0.088
74612093104	2005	8	15	9	0	0.064
74612093104	2005	8	15	10	0	0.018
74612093104	2005	8	15	11	0	0.02
74612093104	2005	8	15	12	0	0.05
74612093104	2005	8	15	13	0	0.002
74612093104	2005	8	15	14	0	0.01
74612093104	2005	8	15	15	0	0.001
74612093104	2005	8	15	17	0	0.002
74612093104	2005	8	16	0	0	0.08
74612093104	2005	8	16	1	0	0.036
74612093104	2005	8	16	3	0	0.003
74612093104	2005	8	16	4	0	0.003
74612093104	2005	9	19	23	0	0.001
74612093104	2005	9	20	8	0	0.002
74612093104	2005	9	20	10	0	0.001
74612093104	2005	9	20	12	0	0.02
74612093104	2005	9	20	13	0	0.02
74612093104	2005	9	20	14	0	0.01
74612093104	2005	9	20	15	0	0.038
74612093104	2005	9	20	16	0	0.05
74612093104	2005	9	20	17	0	0.02
74612093104	2005	9	20	18	0	0.033
74612093104	2005	9	20	19	0	0.015
74612093104	2005	9	20	20	0	0.01
74612093104	2005	9	20	21	0	0.05
74612093104	2005	9	20	22	0	0.12
74612093104	2005	9	20	23	0	0.045
74612093104	2005	9	21	0	0	0.004
74612093104	2005	9	21	1	0	0.004
74612093104	2005	9	27	2	0	0.03
74612093104	2005	9	27	3	0	0.002
74612093104	2005	9	27	4	0	0.17
74612093104	2005	9	27	5	0	0.017
74612093104	2005	9	27	7	0	0.001
74612093104	2005	10	17	19	0	0.001
74612093104	2005	10	17	20	0	0.002
74612093104	2005	10	17	21	0	0.03
74612093104	2005	10	17	22	0	0.05
74612093104	2005	10	17	23	0	0.014
74612093104	2005	10	18	0	0	0.003
74612093104	2005	10	18	1	0	0.01
74612093104	2005	10	18	2	0	0.09
74612093104	2005	10	18	3	0	0.09
74612093104	2005	10	18	4	0	0.05
74612093104	2005	10	18	5	0	0.001
74612093104	2005	10	18	6	0	0.003
74612093104	2005	10	18	8	0	0.044
74612093104	2005	10	18	9	0	0.035
74612093104	2005	10	18	10	0	0.025
74612093104	2005	10	18	11	0	0.164
74612093104	2005	10	18	12	0	0.019
74612093104	2005	10	18	13	0	0.19
74612093104	2005	10	18	14	0	0.08
74612093104	2005	10	18	15	0	0.19
74612093104	2005	10	18	16	0	0.09
74612093104	2005	10	18	17	0	0.037
74612093104	2005	11	11	7	0	0.023
74612093104	2005	11	11	8	0	0.001
74612093104	2005	12	2	13	0	0.001
74612093104	2005	12	18	12	0	0.014
74612093104	2005	12	18	15	0	0.001
74612093104	2005	12	18	16	0	0.001
74612093104	2005	12	18	17	0	0.001
74612093104	2005	12	18	19	0	0.001
74612093104	2005	12	31	19	0	0.002
74612093104	2005	12	31	20	0	0.008
74612093104	2005	12	31	21	0	0.024
74612093104	2005	12	31	22	0	0.026
74612093104	2005	12	31	23	0	0.027
74612093104	2006	1	1	0	0	0.01
74612093104	2006	1	1	1	0	0.001
74612093104	2006	1	1	2	0	0.003
74612093104	2006	1	1	23	0	0.008
74612093104	2006	1	2	0	0	0.041
74612093104	2006	1	2	1	0	0.087
74612093104	2006	1	2	2	0	0.088
74612093104	2006	1	2	3	0	0.074
74612093104	2006	1	2	4	0	0.021
74612093104	2006	1	2	5	0	0.017
74612093104	2006	1	2	6	0	0.003
74612093104	2006	1	2	7	0	0.007
74612093104	2006	1	2	12	0	0.003
74612093104	2006	1	2	13	0	0.002
74612093104	2006	1	2	14	0	0.004
74612093104	2006	1	2	15	0	0.006
74612093104	2006	1	2	16	0	0.006
74612093104	2006	1	2	17	0	0.003
74612093104	2006	1	2	18	0	0.025
74612093104	2006	1	2	19	0	0.02
74612093104	2006	1	2	20	0	0.07
74612093104	2006	1	2	21	0	0.026
74612093104	2006	1	2	22	0	0.03
74612093104	2006	1	2	23	0	0.004
74612093104	2006	1	3	0	0	0.002
74612093104	2006	1	3	2	0	0.003
74612093104	2006	1	3	3	0	0.011
74612093104	2006	1	3	5	0	0.001
74612093104	2006	2	18	19	0	0.001
74612093104	2006	2	18	20	0	0.001
74612093104	2006	2	27	20	0	0.002
74612093104	2006	2	27	21	0	0.003
74612093104	2006	2	27	22	0	0.006
74612093104	2006	2	27	23	0	0.06
74612093104	2006	2	28	0	0	0.05
74612093104	2006	2	28	1	0	0.03
74612093104	2006	2	28	2	0	0.11
74612093104	2006	2	28	3	0	0.1
74612093104	2006	2	28	4	0	0.06
74612093104	2006	2	28	5	0	0.03
74612093104	2006	2	28	6	0	0.008
74612093104	2006	2	28	7	0	0.014
74612093104	2006	2	28	8	0	0.014
74612093104	2006	2	28	9	0	0.01
74612093104	2006	2	28	10	0	0.024
74612093104	2006	2	28	11	0	0.022
74612093104	2006	2	28	12	0	0.027
74612093104	2006	3	3	15	0	0.001
74612093104	2006	3	3	16	0	0.001
74612093104	2006	3	3	17	0	0.001
74612093104	2006	3	3	18	0	0.001
74612093104	2006	3	3	20	0	0.001
74612093104	2006	3	6	23	0	0.002
74612093104	2006	3	8	5	0	0.001
74612093104	2006	3	10	19	0	0.013
74612093104	2006	3	18	11	0	0.011
74612093104	2006	3	19	5	0	0.005
74612093104	2006	3	19	6	0	0.005
74612093104	2006	3	19	7	0	0.007
74612093104	2006	3	19	9	0	0.009
74612093104	2006	3	19	10	0	0.005
74612093104	2006	3	28	11	0	0.001
74612093104	2006	3	28	12	0	0.01
74612093104	2006	3	28	13	0	0.01
74612093104	2006	3	28	14	0	0.002
74612093104	2006	3	28	15	0	0.001
74612093104	2006	3	28	20	0	0.004
74612093104	2006	3	28	21	0	0.03
74612093104	2006	3	28	22	0	0.04
74612093104	2006	3	28	23	0	0.06
74612093104	2006	3	29	0	0	0.03
74612093104	2006	3	29	1	0	0.07
74612093104	2006	3	29	2	0	0.17
74612093104	2006	3	29	3	0	0.15
74612093104	2006	3	29	4	0	0.034
74612093104	2006	3	29	5	0	0.001
74612093104	2006	3	29	6	0	0.001
74612093104	2006	3	29	17	0	0.023
74612093104	2006	3	29	18	0	0.035
74612093104	2006	3	29	19	0	0.034
74612093104	2006	4	3	20	0	0.001
74612093104	2006	4	3	21	0	0.002
74612093104	2006	4	3	22	0	0.001
74612093104	2006	4	3	23	0	0.003
74612093104	2006	4	4	0	0	0.01
74612093104	2006	4	4	1	0	0.002
74612093104	2006	4	4	2	0	0.001
74612093104	2006	4	4	16	0	0.003
74612093104	2006	4	5	0	0	0.01
74612093104	2006	4	5	1	0	0.01
74612093104	2006	4	5	2	0	0.02
74612093104	2006	4	5	3	0	0.013
74612093104	2006	4	5	4	0	0.006
74612093104	2006	4	5	6	0	0.002
74612093104	2006	4	5	7	0	0.004
74612093104	2006	4	5	8	0	0.004
74612093104	2006	4	5	18	0	0.015
74612093104	2006	4	5	19	0	0.016
74612093104	2006	4	6	0	0	0.007
74612093104	2006	4	10	8	0	0.052
74612093104	2006	4	12	0	0	0.002
74612093104	2006	4	12	4	0	0.001
74612093104	2006	4	12	5	0	0.001
74612093104	2006	4	12	6	0	0.001
74612093104	2006	4	23	10	0	0.002
74612093104	2006	4	23	12	0	0.001
74612093104	2006	5	21	15	0	0.001
74612093104	2006	5	22	4	0	0.003
74612093104	2006	5	22	5	0	0.001
74612093104	2006	5	22	12	0	0.001
74612093104	2006	6	7	22	0	0.001
74612093104	2006	6	8	0	0	0.001
74612093104	2006	6	28	12	0	0.02
74612093104	2006	7	4	23	0	0.007
74612093104	2006	7	18	8	0	0.001
74612093104	2006	7	18	9	0	0.018
74612093104	2006	7	18	10	0	0.061
74612093104	2006	7	18	12	0	0.013
74612093104	2006	7	21	3	0	0.002
74612093104	2006	10	2	12	0	0.001
74612093104	2006	10	13	12	0	0.001
74612093104	2006	10	13	13	0	0.008
74612093104	2006	10	13	14	0	0.02
74612093104	2006	10	13	15	0	0.003
74612093104	2006	10	13	16	0	0.01
74612093104	2006	10	13	17	0	0.01
74612093104	2006	10	13	18	0	0.023
74612093104	2006	10	13	19	0	0.012
74612093104	2006	10	13	20	0	0.009
74612093104	2006	10	13	21	0	0.008
74612093104	2006	10	14	6	0	0.001
74612093104	2006	10	14	7	0	0.014
74612093104	2006	10	14	8	0	0.113
74612093104	2006	10	14	9	0	0.243
74612093104	2006	10	14	10	0	0.084
74612093104	2006	10	14	11	0	0.143
74612093104	2006	10	14	12	0	0.178
74612093104	2006	10	14	13	0	0.003
74612093104	2006	10	14	14	0	0.002
74612093104	2006	10	14	22	0	0.003
74612093104	2006	12	10	6	0	0.011
74612093104	2006	12	10	7	0	0.049
74612093104	2006	12	10	8	0	0.034
74612093104	2006	12	10	9	0	0.004
74612093104	2006	12	10	11	0	0.001
74612093104	2006	12	10	14	0	0.014
74612093104	2006	12	10	16	0	0.014
74612093104	2006	12	10	23	0	0.013
74612093104	2006	12	17	0	0	0.01
74612093104	2006	12	17	1	0	0.006
74612093104	2006	12	17	2	0	0.004
74612093104	2006	12	27	10	0	0.009
74612093104	2006	12	27	11	0	0.001
74612093104	2006	12	27	12	0	0.003
74612093104	2006	12	27	13	0	0.01
74612093104	2006	12	27	15	0	0.003
74612093104	2007	1	4	23	0	0.069
74612093104	2007	1	28	2	0	0.003
74612093104	2007	1	28	4	0	0.002
74612093104	2007	1	28	6	0	0.002
74612093104	2007	1	28	7	0	0.004
74612093104	2007	1	28	8	0	0.004
74612093104	2007	2	19	15	0	0.02
74612093104	2007	2	19	16	0	0.06
74612093104	2007	2	19	17	0	0.02
74612093104	2007	3	21	16	0	0.02
74612093104	2007	3	21	17	0	0.04
74612093104	2007	3	21	18	0	0.02
74612093104	2007	4	15	20	0	0.04
74612093104	2007	4	15	21	0	0.04
74612093104	2007	4	15	22	0	0.15
74612093104	2007	10	26	18	0	0.13
74612093104	2007	11	12	0	0	0.25
74612093104	2007	11	12	1	0	0.05
74612093104	2007	11	30	15	0	0.02
74612093104	2007	11	30	16	0	0.1
74612093104	2007	12	7	7	0	0.02
74612093104	2007	12	7	8	0	0.02
74612093104	2007	12	7	9	0	0.02
74612093104	2008	1	5	3	0	0.02
74612093104	2008	1	5	4	0	0.04
74612093104	2008	1	5	5	0	0.07
74612093104	2008	1	5	6	0	0.09
74612093104	2008	1	5	7	0	0.13
74612093104	2008	1	5	8	0	0.04
74612093104	2008	1	5	9	0	0.01
74612093104	2008	1	6	8	0	0.02
74612093104	2008	1	7	7	0	0.04
74612093104	2008	1	7	8	0	0.01
74612093104	2008	1	7	10	0	0.02
74612093104	2008	1	24	6	0	0.01
74612093104	2008	1	24	7	0	0.08
74612093104	2008	1	25	4	0	0.02
74612093104	2008	1	25	5	0	0.01
74612093104	2008	1	25	6	0	0.04
74612093104	2008	1	25	9	0	0.02
74612093104	2008	1	25	11	0	0.01
74612093104	2008	1	25	12	0	0.02
74612093104	2008	1	25	14	0	0.01
74612093104	2008	1	25	15	0	0.02
74612093104	2008	1	25	16	0	0.01
74612093104	2008	1	25	21	0	0.008
74612093104	2008	1	27	6	0	0.02
74612093104	2008	1	27	7	0	0.1
74612093104	2008	1	27	8	0	0.09
74612093104	2008	1	27	9	0	0.05
74612093104	2008	1	27	10	0	0.12
74612093104	2008	1	27	11	0	0.12
74612093104	2008	1	27	12	0	0.08
74612093104	2008	1	27	13	0	0.05
74612093104	2008	1	27	14	0	0.04
74612093104	2008	2	3	13	0	0.01
74612093104	2008	2	3	14	0	0.01
74612093104	2008	2	22	5	0	0.01
74612093104	2008	2	24	6	0	0.05
74612093104	2008	2	24	7	0	0.03
74612093104	2008	2	24	15	0	0.01
74612093104	2008	5	8	15	0	0.01
74612093104	2008	6	6	17	0	0.05
74612093104	2008	7	13	7	0	0.055
74612093104	2008	7	13	8	0	0.037
74612093104	2008	7	20	23	0	0.33
74612093104	2008	7	21	0	0	0.267
74612093104	2008	7	21	1	0	0.074
74612093104	2008	7	21	2	0	0.002
74612093104	2008	7	21	14	0	0.01
74612093104	2008	7	21	15	0	0.01
74612093104	2008	9	9	0	0	0.94
74612093104	2008	9	9	1	0	0.02
74612093104	2008	10	31	17	0	0.008
74612093104	2008	11	1	15	0	0.002
74612093104	2008	11	1	16	0	0.003
74612093104	2008	11	1	17	0	0.016
74612093104	2008	11	1	18	0	0.011
74612093104	2008	11	1	19	0	0.04
74612093104	2008	11	1	20	0	0.083
74612093104	2008	11	1	21	0	0.096
74612093104	2008	11	1	22	0	0.033
74612093104	2008	11	1	23	0	0.001
74612093104	2008	11	26	9	0	0.03
74612093104	2008	11	26	10	0	0.19
74612093104	2008	11	26	11	0	0.21
74612093104	2008	11	26	12	0	0.2
74612093104	2008	11	26	13	0	0.15
74612093104	2008	11	27	0	0	0.01
74612093104	2008	11	27	1	0	0.08
74612093104	2008	11	27	2	0	0.02
74612093104	2008	11	27	3	0	0.01
74612093104	2008	12	8	1	0	0.01
74612093104	2008	12	8	2	0	0.01
74612093104	2008	12	15	12	0	0.02
74612093104	2008	12	15	13	0	0.01
74612093104	2008	12	15	14	0	0.03
74612093104	2008	12	25	5	0	0.01
74612093104	2008	12	25	20	0	0.02
74612093104	2008	12	25	21	0	0.01
74612093104	2009	1	22	20	0	0.012
74612093104	2009	1	22	21	0	0.06
74612093104	2009	1	23	16	0	0.01
74612093104	2009	1	23	20	0	0.03
74612093104	2009	1	24	4	0	0.01
74612093104	2009	2	6	0	0	0.04
74612093104	2009	2	6	1	0	0.07
74612093104	2009	2	6	2	0	0.01
74612093104	2009	2	9	8	0	0.004
74612093104	2009	2	9	11	0	0.016
74612093104	2009	2	9	12	0	0.003
74612093104	2009	2	16	17	0	0.019
74612093104	2009	2	16	18	0	0.026
74612093104	2009	2	16	19	0	0.009
74612093104	2009	2	16	20	0	0.01
74612093104	2009	2	16	21	0	0.021
74612093104	2009	2	16	22	0	0.025
74612093104	2009	2	16	23	0	0.106
74612093104	2009	2	17	0	0	0.002
74612093104	2009	2	17	18	0	0.005
74612093104	2009	2	17	19	0	0.006
74612093104	2009	2	17	20	0	0.009
74612093104	2009	2	17	21	0	0.01
74612093104	2009	2	17	22	0	0.004
74612093104	2009	2	17	23	0	0.002
74612093104	2009	2	18	2	0	0.02
74612093104	2009	2	23	6	0	0.01
74612093104	2009	2	23	8	0	0.01
74612093104	2009	2	23	13	0	0.01
74612093104	2009	2	23	15	0	0.01
74612093104	2009	2	23	16	0	0.04
74612093104	2009	3	22	15	0	0.01
74612093104	2009	6	3	12	0	0.01
74612093104	2009	6	3	15	0	0.01
74612093104	2009	6	4	1	0	0.01
74612093104	2009	6	4	2	0	0.01
74612093104	2009	11	28	14	0	0.01
74612093104	2009	11	28	15	0	0.06
74612093104	2009	12	7	17	0	0.007
74612093104	2009	12	7	18	0	0.08
74612093104	2009	12	7	19	0	0.09
74612093104	2009	12	7	20	0	0.04
74612093104	2009	12	7	21	0	0.02
74612093104	2009	12	11	6	0	0.01
74612093104	2009	12	11	8	0	0.01
74612093104	2009	12	11	9	0	0.03
74612093104	2009	12	12	8	0	0.01
74612093104	2009	12	13	7	0	0.01
74612093104	2009	12	13	8	0	0.02
74612093104	2010	1	13	11	0	0.01
74612093104	2010	1	13	14	0	0.02
74612093104	2010	1	18	19	0	0.01
74612093104	2010	1	18	21	0	0.21
74612093104	2010	1	18	22	0	0.19
74612093104	2010	1	18	23	0	0.05
74612093104	2010	1	19	21	0	0.01
74612093104	2010	1	19	22	0	0.08
74612093104	2010	1	19	23	0	0.04
74612093104	2010	1	20	0	0	0.01
74612093104	2010	1	20	17	0	0.01
74612093104	2010	1	20	21	0	0.04
74612093104	2010	1	20	22	0	0.02
74612093104	2010	1	20	23	0	0.05
74612093104	2010	1	21	0	0	0.22
74612093104	2010	1	21	1	0	0.03
74612093104	2010	1	21	2	0	0.02
74612093104	2010	1	21	14	0	0.02
74612093104	2010	1	21	15	0	0.01
74612093104	2010	1	21	17	0	0.01
74612093104	2010	1	21	18	0	0.03
74612093104	2010	1	21	19	0	0.13
74612093104	2010	1	21	20	0	0.1
74612093104	2010	1	21	21	0	0.1
74612093104	2010	1	21	22	0	0.08
74612093104	2010	1	21	23	0	0.09
74612093104	2010	1	22	0	0	0.01
74612093104	2010	1	27	7	0	0.01
74612093104	2010	2	6	0	0	0.03
74612093104	2010	2	6	2	0	0.01
74612093104	2010	2	6	5	0	0.01
74612093104	2010	2	6	6	0	0.01
74612093104	2010	2	6	14	0	0.04
74612093104	2010	2	6	21	0	0.03
74612093104	2010	2	6	22	0	0.05
74612093104	2010	2	7	0	0	0.01
74612093104	2010	2	9	23	0	0.14
74612093104	2010	2	10	0	0	0.08
74612093104	2010	2	10	3	0	0.01
74612093104	2010	2	27	11	0	0.07
74612093104	2010	2	27	12	0	0.05
74612093104	2010	2	27	13	0	0.03
74612093104	2010	2	27	14	0	0.09
74612093104	2010	2	27	15	0	0.02
74612093104	2010	2	27	16	0	0.01
74612093104	2010	2	27	17	0	0.01
74612093104	2010	2	27	18	0	0.05
74612093104	2010	2	27	19	0	0.01
74612093104	2010	2	27	22	0	0.16
74612093104	2010	2	27	23	0	0.01
74612093104	2010	3	4	6	0	0.002
74612093104	2010	3	4	7	0	0.009
74612093104	2010	3	4	8	0	0.002
74612093104	2010	3	7	8	0	0.008
74612093104	2010	3	7	16	0	0.01
74612093104	2010	4	12	8	0	0.02
74612093104	2010	4	12	9	0	0.06
74612093104	2010	5	23	14	0	0.004
74612093104	2010	5	23	16	0	0.01
74612093104	2010	7	16	7	0	0.01
74612093104	2010	8	26	2	0	0.001
74612093104	2010	8	26	3	0	0.08
74612093104	2010	10	20	3	0	0.03
74612093104	2010	10	20	4	0	0.08
74612093104	2010	10	20	5	0	0.065
74612093104	2010	10	20	6	0	0.05
74612093104	2010	10	20	8	0	0.04
74612093104	2010	10	20	9	0	0.09
74612093104	2010	10	20	10	0	0.02
74612093104	2010	10	20	11	0	0.09
74612093104	2010	10	20	12	0	0.13
74612093104	2010	10	20	13	0	0.04
74612093104	2010	10	20	14	0	0.1
74612093104	2010	10	20	15	0	0.01
74612093104	2010	11	30	18	0	0.01
74612093104	2010	12	6	4	0	0.01
74612093104	2010	12	6	5	0	0.04
74612093104	2010	12	6	6	0	0.05
74612093104	2010	12	6	7	0	0.06
74612093104	2010	12	17	14	0	0.01
74612093104	2010	12	17	18	0	0.01
74612093104	2010	12	18	9	0	0.02
74612093104	2010	12	18	10	0	0.02
74612093104	2010	12	18	15	0	0.01
74612093104	2010	12	18	16	0	0.01
74612093104	2010	12	18	20	0	0.01
74612093104	2010	12	18	21	0	0.02
74612093104	2010	12	18	22	0	0.01
74612093104	2010	12	18	23	0	0.04
74612093104	2010	12	19	0	0	0.01
74612093104	2010	12	19	1	0	0.08
74612093104	2010	12	19	2	0	0.09
74612093104	2010	12	19	3	0	0.06
74612093104	2010	12	19	4	0	0.01
74612093104	2010	12	19	5	0	0.04
74612093104	2010	12	19	10	0	0.01
74612093104	2010	12	19	12	0	0.01
74612093104	2010	12	19	13	0	0.01
74612093104	2010	12	19	15	0	0.01
74612093104	2010	12	19	20	0	0.01
74612093104	2010	12	19	21	0	0.04
74612093104	2010	12	19	22	0	0.02
74612093104	2010	12	20	0	0	0.01
74612093104	2010	12	20	4	0	0.01
74612093104	2010	12	20	6	0	0.01
74612093104	2010	12	20	10	0	0.01
74612093104	2010	12	20	11	0	0.03
74612093104	2010	12	20	12	0	0.05
74612093104	2010	12	20	13	0	0.05
74612093104	2010	12	20	14	0	0.06
74612093104	2010	12	20	15	0	0.03
74612093104	2010	12	20	17	0	0.05
74612093104	2010	12	20	18	0	0.03
74612093104	2010	12	20	19	0	0.04
74612093104	2010	12	20	20	0	0.04
74612093104	2010	12	20	21	0	0.08
74612093104	2010	12	20	22	0	0.07
74612093104	2010	12	20	23	0	0.06
74612093104	2010	12	21	0	0	0.05
74612093104	2010	12	21	1	0	0.1
74612093104	2010	12	21	2	0	0.07
74612093104	2010	12	21	3	0	0.03
74612093104	2010	12	21	4	0	0.03
74612093104	2010	12	21	5	0	0.02
74612093104	2010	12	21	6	0	0.01
74612093104	2010	12	21	7	0	0.01
74612093104	2010	12	22	1	0	0.02
74612093104	2010	12	22	2	0	0.05
74612093104	2010	12	22	3	0	0.07
74612093104	2010	12	22	7	0	0.01
74612093104	2010	12	22	8	0	0.02
74612093104	2010	12	22	9	0	0.01
74612093104	2010	12	22	10	0	0.05
74612093104	2010	12	22	11	0	0.04
74612093104	2010	12	22	12	0	0.03
74612093104	2010	12	22	18	0	0.01
74612093104	2010	12	22	19	0	0.05
74612093104	2010	12	22	21	0	0.01
74612093104	2010	12	26	6	0	0.05
74612093104	2011	1	2	22	0	0.02
74612093104	2011	1	3	0	0	0.03
74612093104	2011	1	3	1	0	0.02
74612093104	2011	1	3	2	0	0.02
74612093104	2011	1	3	4	0	0.01
74612093104	2011	1	3	5	0	0.01
74612093104	2011	1	3	9	0	0.02
74612093104	2011	1	3	10	0	0.01
74612093104	2011	1	3	11	0	0.02
74612093104	2011	1	3	12	0	0.02
74612093104	2011	1	3	13	0	0.01
74612093104	2011	1	3	14	0	0.01
74612093104	2011	2	16	18	0	0.12
74612093104	2011	2	16	19	0	0.01
74612093104	2011	2	19	3	0	0.06
74612093104	2011	2	19	4	0	0.05
74612093104	2011	2	19	5	0	0.05
74612093104	2011	2	19	7	0	0.02
74612093104	2011	2	26	5	0	0.01
74612093104	2011	2	26	6	0	0.02
74612093104	2011	3	20	20	0	0.02
74612093104	2011	3	20	22	0	0.05
74612093104	2011	3	21	0	0	0.01
74612093104	2011	3	21	2	0	0.04
74612093104	2011	3	21	3	0	0.03
74612093104	2011	3	21	4	0	0.09
74612093104	2011	3	21	5	0	0.04
74612093104	2011	3	21	6	0	0.01
74612093104	2011	3	23	23	0	0.024
74612093104	2011	3	24	0	0	0.06
74612093104	2011	3	24	1	0	0.02
74612093104	2011	3	24	2	0	0.02
74612093104	2011	4	26	1	0	0.005
74612093104	2011	7	5	1	0	0.01
74612093104	2011	7	6	0	0	0.01
74612093104	2011	8	28	0	0	0.04
74612093104	2011	8	28	1	0	0.01
74612093104	2011	9	11	3	0	0.001
74612093104	2011	9	11	4	0	0.04
74612093104	2011	9	11	5	0	0.07
74612093104	2011	10	5	20	0	0.01
74612093104	2011	10	7	3	0	0.01
74612093104	2011	11	5	3	0	0.03
74612093104	2011	11	12	12	0	0.03
74612093104	2011	11	20	21	0	0.01
74612093104	2011	11	20	22	0	0.01
74612093104	2011	11	20	23	0	0.04
74612093104	2011	11	21	0	0	0.06
74612093104	2011	11	21	1	0	0.05
74612093104	2011	11	21	3	0	0.02
74612093104	2011	11	21	5	0	0.01
74612093104	2011	12	12	23	0	0.01
74612093104	2011	12	13	0	0	0.02
74612093104	2011	12	13	1	0	0.02
74612093104	2011	12	13	2	0	0.01
74612093104	2011	12	13	4	0	0.03
74612093104	2012	1	21	13	0	0.02
74612093104	2012	1	21	14	0	0.02
74612093104	2012	1	23	13	0	0.03
74612093104	2012	1	23	18	0	0.05
74612093104	2012	1	23	19	0	0.01
74612093104	2012	2	8	1	0	0.02
74612093104	2012	2	8	2	0	0.03
74612093104	2012	2	8	3	0	0.02
74612093104	2012	3	6	19	0	0.007
74612093104	2012	3	7	0	0	0.006
74612093104	2012	3	7	1	0	0.011
74612093104	2012	3	7	2	0	0.025
74612093104	2012	3	17	17	0	0.07
74612093104	2012	3	17	18	0	0.03
74612093104	2012	3	26	0	0	0.04
74612093104	2012	3	26	1	0	0.06
74612093104	2012	4	13	19	0	0.06
74612093104	2012	4	13	20	0	0.07
74612093104	2012	4	13	21	0	0.02
74612093104	2012	4	26	10	0	0.03
74612093104	2012	8	4	6	0	0.01
74612093104	2012	8	14	0	0	0.06
74612093104	2012	8	22	23	0	0.19
74612093104	2012	9	11	1	0	0.11
74612093104	2012	10	12	7	0	0.03
74612093104	2012	12	13	10	0	0.01
74612093104	2012	12	13	11	0	0.01
74612093104	2013	1	24	7	0	0.01
74612093104	2013	1	24	11	0	0.01
74612093104	2013	1	24	13	0	0.01
74612093104	2013	1	24	14	0	0.02
74612093104	2013	1	24	15	0	0.01
74612093104	2013	1	24	17	0	0.01
74612093104	2013	1	24	18	0	0.02
74612093104	2013	1	24	19	0	0.05
74612093104	2013	1	24	20	0	0.01
74612093104	2013	1	26	0	0	0.01
74612093104	2013	1	26	3	0	0.01
74612093104	2013	1	26	4	0	0.04
74612093104	2013	1	26	5	0	0.04
74612093104	2013	1	26	7	0	0.02
74612093104	2013	1	26	9	0	0.03
74612093104	2013	1	26	10	0	0.01
74612093104	2013	1	26	12	0	0.01
74612093104	2013	3	8	15	0	0.01
74612093104	2013	3	8	16	0	0.05
74612093104	2013	3	8	17	0	0.05
74612093104	2013	3	8	18	0	0.03
74612093104	2013	3	8	19	0	0.03
74612093104	2013	3	8	20	0	0.02
74612093104	2013	7	22	23	0	0.11
74612093104	2013	7	23	0	0	0.01
74612093104	2013	7	23	1	0	0.01
74612093104	2013	7	23	2	0	0.02
74612093104	2013	7	27	13	0	0.01
74612093104	2013	8	18	23	0	0.1
74612093104	2013	8	19	9	0	0.02
74612093104	2013	8	19	10	0	0.02
74612093104	2013	8	19	11	0	0.18
74612093104	2013	8	19	12	0	0.01
74612093104	2013	8	19	13	0	0.004
74612093104	2013	8	19	14	0	0.108
74612093104	2013	8	19	15	0	0.001
74612093104	2013	9	9	5	0	0.01
74612093104	2013	11	21	22	0	0.05
74612093104	2013	11	21	23	0	0.09
74612093104	2013	11	22	0	0	0.18
74612093104	2013	11	22	1	0	0.03
74612093104	2013	11	22	9	0	0.01
74612093104	2013	11	22	14	0	0.03
74612093104	2013	11	22	15	0	0.01
74612093104	2013	11	22	16	0	0.01
74612093104	2013	11	22	17	0	0.01
74612093104	2013	11	22	18	0	0.03
74612093104	2013	11	22	20	0	0.01
74612093104	2013	11	22	22	0	0.03
74612093104	2013	11	22	23	0	0.01
74612093104	2013	11	23	12	0	0.04
74612093104	2014	2	27	13	0	0.01
74612093104	2014	2	28	9	0	0.01
74612093104	2014	2	28	10	0	0.08
74612093104	2014	2	28	11	0	0.02
74612093104	2014	2	28	13	0	0.07
74612093104	2014	2	28	14	0	0.08
74612093104	2014	2	28	15	0	0.05
74612093104	2014	2	28	16	0	0.13
74612093104	2014	2	28	17	0	0.09
74612093104	2014	2	28	18	0	0.05
74612093104	2014	2	28	19	0	0.02
74612093104	2014	2	28	22	0	0.01
74612093104	2014	2	28	23	0	0.09
74612093104	2014	3	1	0	0	0.06
74612093104	2014	3	1	1	0	0.01
74612093104	2014	3	2	0	0	0.01
74612093104	2014	5	23	3	0	0.02
74612093104	2014	8	3	15	0	0.04
74612093104	2014	8	3	16	0	0.02
74612093104	2014	8	11	11	0	0.01
74612093104	2014	8	11	12	0	0.01
74612093104	2014	9	8	17	0	0.01
74612093104	2014	11	1	8	0	0.01
74612093104	2014	12	2	15	0	0.07
74612093104	2014	12	2	16	0	0.12
74612093104	2014	12	2	17	0	0.06
74612093104	2014	12	2	18	0	0.1
74612093104	2014	12	2	19	0	0.13
74612093104	2014	12	2	20	0	0.19
74612093104	2014	12	2	21	0	0.14
74612093104	2014	12	2	22	0	0.14
74612093104	2014	12	2	23	0	0.11
74612093104	2014	12	3	0	0	0.1
74612093104	2014	12	12	13	0	0.02
74612093104	2014	12	12	14	0	0.07
74612093104	2014	12	12	15	0	0.03
74612093104	2014	12	12	16	0	0.03
74612093104	2014	12	12	17	0	0.05
74612093104	2014	12	12	18	0	0.01
74612093104	2014	12	16	7	0	0.08
74612093104	2014	12	17	12	0	0.01
74612093104	2015	1	11	9	0	0.01
74612093104	2015	1	11	10	0	0.01
74612093104	2015	1	11	11	0	0.04
74612093104	2015	1	11	12	0	0.02
74612093104	2015	1	11	13	0	0.01
74612093104	2015	1	11	14	0	0.07
74612093104	2015	1	11	15	0	0.2
74612093104	2015	1	11	16	0	0.1
74612093104	2015	1	11	17	0	0.04
74612093104	2015	1	11	18	0	0.06
74612093104	2015	1	11	19	0	0.04
74612093104	2015	1	11	20	0	0.02
74612093104	2015	1	26	21	0	0.08
74612093104	2015	1	26	22	0	0.12
74612093104	2015	1	26	23	0	0.05
74612093104	2015	1	27	0	0	0.05
74612093104	2015	1	27	2	0	0.02
74612093104	2015	1	27	3	0	0.11
74612093104	2015	1	27	4	0	0.08
74612093104	2015	1	27	5	0	0.04
74612093104	2015	1	27	6	0	0.1
74612093104	2015	1	27	12	0	0.02
74612093104	2015	1	30	5	0	0.01
74612093104	2015	1	30	6	0	0.03
74612093104	2015	1	30	7	0	0.01
74612093104	2015	1	30	8	0	0.02
74612093104	2015	2	22	21	0	0.02
74612093104	2015	2	22	22	0	0.07
74612093104	2015	2	22	23	0	0.14
74612093104	2015	2	23	0	0	0.07
74612093104	2015	2	23	1	0	0.07
74612093104	2015	2	23	2	0	0.08
74612093104	2015	2	23	3	0	0.11
74612093104	2015	2	23	4	0	0.01
74612093104	2015	2	23	5	0	0.04
74612093104	2015	2	23	6	0	0.04
74612093104	2015	2	23	7	0	0.04
74612093104	2015	2	23	8	0	0.01
74612093104	2015	3	2	0	0	0.02
74612093104	2015	3	2	3	0	0.01
74612093104	2015	5	10	0	0	0.11
74612093104	2015	7	1	13	0	0.044
74612093104	2015	7	1	14	0	0.03
74612093104	2015	7	1	15	0	0.006
74612093104	2015	7	1	17	0	0.001
74612093104	2015	8	1	0	0	0.001
74612093104	2015	10	4	21	0	0.009
74612093104	2015	10	4	22	0	0.002
74612093104	2015	10	4	23	0	0.002
74612093104	2015	10	5	1	0	0.005
74612093104	2015	10	5	2	0	0.033
74612093104	2015	10	5	3	0	0.062
74612093104	2015	10	5	4	0	0.002
74612093104	2015	10	5	9	0	0.002
74612093104	2015	10	5	11	0	0.013
74612093104	2015	10	5	13	0	0.001
74612093104	2015	10	5	15	0	0.002
74612093104	2015	10	5	16	0	0.002
74612093104	2015	10	5	17	0	0.001
74612093104	2015	10	16	19	0	0.066
74612093104	2015	10	16	20	0	0.034
74612093104	2015	10	16	21	0	0.003
74612093104	2015	10	16	22	0	0.008
74612093104	2015	10	16	23	0	0.002
74612093104	2015	10	18	0	0	0.077
74612093104	2015	10	18	2	0	0.002
74612093104	2015	10	18	8	0	0.024
74612093104	2015	10	18	11	0	0.014
74612093104	2016	1	5	21	0	0.03
74612093104	2016	1	31	22	0	0.054
74612093104	2016	1	31	23	0	0.01
74612093104	2016	2	1	3	0	0.004
74612093104	2016	2	18	1	0	0.049
74612093104	2016	2	18	2	0	0.027
74612093104	2016	2	18	3	0	0.07
74612093104	2016	2	18	4	0	0.024
74612093104	2016	2	18	5	0	0.002
74612093104	2016	2	18	13	0	0.01
74612093104	2016	2	18	14	0	0.009
74612093104	2016	2	18	15	0	0.007
74612093104	2016	4	8	21	0	0.033
74612093104	2016	4	8	22	0	0.025
74612093104	2016	4	8	23	0	0.001
74612093104	2016	4	9	0	0	0.009
74612093104	2016	4	9	1	0	0.011
74612093104	2016	4	9	2	0	0.008
74612093104	2016	4	9	3	0	0.003
74612093104	2016	4	9	4	0	0.002
74612093104	2016	4	9	5	0	0.001
74612093104	2016	4	9	7	0	0.005
74612093104	2016	4	9	8	0	0.003
74612093104	2016	4	9	9	0	0.001
74612093104	2016	4	9	13	0	0.006
74612093104	2016	4	10	1	0	0.001
74612093104	2016	4	10	22	0	0.012
74612093104	2016	4	10	23	0	0.001
74612093104	2016	10	28	16	0	0.08
74612093104	2016	10	28	17	0	0.03
74612093104	2016	10	30	19	0	0.02
74612093104	2016	11	21	9	0	0.12
74612093104	2016	11	21	10	0	0.05
74612093104	2016	12	16	11	0	0.01
74612093104	2016	12	16	12	0	0.01
74612093104	2016	12	22	1	0	0.02
74612093104	2016	12	24	0	0	0.01
74612093104	2016	12	24	1	0	0.03
74612093104	2016	12	24	2	0	0.03
74612093104	2016	12	24	3	0	0.2
74612093104	2016	12	24	4	0	0.26
74612093104	2016	12	24	5	0	0.13
74612093104	2016	12	24	6	0	0.04
74612093104	2016	12	24	7	0	0.03
74612093104	2016	12	24	8	0	0.01
74612093104	2016	12	30	20	0	0.02
74612093104	2016	12	31	23	0	0.01
74612093104	2017	1	1	0	0	0.01
74612093104	2017	1	1	1	0	0.18
74612093104	2017	1	1	2	0	0.04
74612093104	2017	1	1	3	0	0.06
74612093104	2017	1	1	4	0	0.09
74612093104	2017	1	1	5	0	0.09
74612093104	2017	1	1	6	0	0.03
74612093104	2017	1	7	14	0	0.01
74612093104	2017	1	7	15	0	0.01
74612093104	2017	1	7	16	0	0.02
74612093104	2017	1	7	17	0	0.02
74612093104	2017	1	8	4	0	0.01
74612093104	2017	1	8	5	0	0.01
74612093104	2017	1	9	9	0	0.02
74612093104	2017	1	9	10	0	0.05
74612093104	2017	1	9	11	0	0.03
74612093104	2017	1	12	21	0	0.02
74612093104	2017	1	14	1	0	0.01
74612093104	2017	1	19	1	0	0.02
74612093104	2017	1	19	2	0	0.05
74612093104	2017	1	19	9	0	0.02
74612093104	2017	1	19	10	0	0.01
74612093104	2017	1	19	11	0	0.07
74612093104	2017	1	19	12	0	0.06
74612093104	2017	1	20	15	0	0.05
74612093104	2017	1	20	16	0	0.01
74612093104	2017	1	20	17	0	0.07
74612093104	2017	1	20	18	0	0.01
74612093104	2017	1	20	19	0	0.07
74612093104	2017	1	20	20	0	0.097
74612093104	2017	1	20	21	0	0.13
74612093104	2017	1	20	22	0	0.02
74612093104	2017	1	22	9	0	0.02
74612093104	2017	1	22	10	0	0.02
74612093104	2017	1	22	11	0	0.06
74612093104	2017	1	22	12	0	0.07
74612093104	2017	1	22	13	0	0.04
74612093104	2017	1	22	14	0	0.1
74612093104	2017	1	22	15	0	0.09
74612093104	2017	1	22	16	0	0.05
74612093104	2017	1	22	17	0	0.05
74612093104	2017	1	22	18	0	0.01
74612093104	2017	1	22	20	0	0.04
74612093104	2017	1	22	21	0	0.07
74612093104	2017	1	22	22	0	0.08
74612093104	2017	1	22	23	0	0.1
74612093104	2017	1	23	0	0	0.04
74612093104	2017	1	23	1	0	0.01
74612093104	2017	2	6	9	0	0.01
74612093104	2017	2	6	10	0	0.02
74612093104	2017	2	6	11	0	0.04
74612093104	2017	2	6	12	0	0.01
74612093104	2017	2	6	13	0	0.01
74612093104	2017	2	6	16	0	0.05
74612093104	2017	2	6	17	0	0.01
74612093104	2017	2	10	23	0	0.03
74612093104	2017	2	11	0	0	0.01
74612093104	2017	2	17	10	0	0.01
74612093104	2017	2	17	11	0	0.04
74612093104	2017	2	17	12	0	0.12
74612093104	2017	2	17	13	0	0.01
74612093104	2017	2	17	14	0	0.06
74612093104	2017	2	17	15	0	0.03
74612093104	2017	2	17	16	0	0.01
74612093104	2017	2	17	17	0	0.02
74612093104	2017	2	17	18	0	0.01
74612093104	2017	2	17	19	0	0.01
74612093104	2017	2	17	20	0	0.02
74612093104	2017	2	17	21	0	0.03
74612093104	2017	2	18	2	0	0.059
74612093104	2017	2	18	3	0	0.03
74612093104	2017	2	18	4	0	0.07
74612093104	2017	2	18	5	0	0.05
74612093104	2017	2	18	6	0	0.03
74612093104	2017	2	18	7	0	0.03
74612093104	2017	2	18	8	0	0.01
74612093104	2017	2	18	9	0	0.01
74612093104	2017	2	18	10	0	0.01
74612093104	2017	2	18	11	0	0.01
74612093104	2017	2	18	12	0	0.02
74612093104	2017	2	18	13	0	0.03
74612093104	2017	2	18	14	0	0.03
74612093104	2017	2	18	15	0	0.01
74612093104	2017	3	5	21	0	0.002
74612093104	2017	7	10	0	0	0.04
74612093104	2017	8	4	7	0	0.01
74612093104	2017	8	4	8	0	0.01
74612093104	2017	8	30	22	0	0.03
74612093104	2017	9	4	0	0	0.07
74612093104	2017	9	4	1	0	0.05
74612093104	2017	9	11	18	0	0.01
74612093104	2017	9	11	23	0	0.06
74612093104	2018	1	8	14	0	0.012
74612093104	2018	1	8	15	0	0.06
74612093104	2018	1	8	16	0	0.05
74612093104	2018	1	8	17	0	0.03
74612093104	2018	1	8	18	0	0.01
74612093104	2018	1	8	19	0	0.02
74612093104	2018	1	8	20	0	0.03
74612093104	2018	1	8	21	0	0.02
74612093104	2018	1	8	22	0	0.04
74612093104	2018	1	8	23	0	0.06
74612093104	2018	1	9	0	0	0.03
74612093104	2018	1	9	1	0	0.04
74612093104	2018	1	9	2	0	0.03
74612093104	2018	1	9	4	0	0.01
74612093104	2018	1	9	7	0	0.01
74612093104	2018	1	9	13	0	0.01
74612093104	2018	1	9	14	0	0.03
74612093104	2018	1	9	15	0	0.12
74612093104	2018	1	9	16	0	0.09
74612093104	2018	1	9	17	0	0.17
74612093104	2018	1	9	18	0	0.01
74612093104	2018	3	11	2	0	0.063
74612093104	2018	3	11	3	0	0.016
74612093104	2018	3	11	4	0	0.023
74612093104	2018	3	11	5	0	0.029
74612093104	2018	3	11	6	0	0.022
74612093104	2018	3	11	7	0	0.002
74612093104	2018	3	11	8	0	0.009
74612093104	2018	3	11	9	0	0.002
74612093104	2018	3	13	23	0	0.04
74612093104	2018	3	14	1	0	0.002
74612093104	2018	3	23	7	0	0.024
74612093104	2018	3	23	8	0	0.003
74612093104	2018	5	1	21	0	0.1
74612093104	2018	5	1	22	0	0.03
74612093104	2018	5	2	5	0	0.03
74612093104	2018	5	2	6	0	0.03
74612093104	2018	7	21	1	0	0.22
74612093104	2018	10	7	1	0	0.17
74612093104	2018	10	7	2	0	0.01
74612093104	2018	10	7	3	0	0.01
74612093104	2018	11	29	11	0	0.002
74612093104	2018	11	29	12	0	0.002
74612093104	2018	11	29	13	0	0.001
74612093104	2018	11	29	14	0	0.014
74612093104	2018	11	29	15	0	0.01
74612093104	2018	11	29	16	0	0.011
74612093104	2018	11	29	17	0	0.006
74612093104	2018	11	29	18	0	0.002
74612093104	2018	11	29	19	0	0.002
74612093104	2018	11	29	20	0	0.002
74612093104	2018	11	29	21	0	0.003
74612093104	2018	11	29	22	0	0.006
74612093104	2018	11	30	0	0	0.001
74612093104	2018	11	30	1	0	0.004
74612093104	2018	11	30	4	0	0.01
74612093104	2018	12	6	12	0	0.01
74612093104	2018	12	6	13	0	0.05
74612093104	2018	12	6	14	0	0.01
74612093104	2018	12	6	15	0	0.01
74612093104	2018	12	6	16	0	0.03
74612093104	2018	12	6	17	0	0.01
74612093104	2018	12	6	18	0	0.04
74612093104	2018	12	6	19	0	0.03
74612093104	2018	12	6	20	0	0.04
74612093104	2018	12	6	21	0	0.06
74612093104	2018	12	6	22	0	0.01
74612093104	2018	12	7	0	0	0.02
74612093104	2018	12	7	1	0	0.01
74612093104	2018	12	7	2	0	0.01
74612093104	2018	12	25	4	0	0.003
74612093104	2018	12	25	5	0	0.005
74612093104	2018	12	25	6	0	0.004
74612093104	2018	12	25	7	0	0.01
74612093104	2018	12	25	8	0	0.01
74612093104	2019	1	6	3	0	0.01
74612093104	2019	1	6	5	0	0.01
74612093104	2019	1	12	19	0	0.02
74612093104	2019	1	12	20	0	0.02
74612093104	2019	1	12	21	0	0.04
74612093104	2019	1	12	22	0	0.03
74612093104	2019	1	12	23	0	0.01
74612093104	2019	1	13	0	0	0.02
74612093104	2019	1	13	1	0	0.03
74612093104	2019	1	14	18	0	0.004
74612093104	2019	1	14	19	0	0.01
74612093104	2019	1	14	20	0	0.06
74612093104	2019	1	14	21	0	0.09
74612093104	2019	1	14	22	0	0.07
74612093104	2019	1	14	23	0	0.09
74612093104	2019	1	15	0	0	0.04
74612093104	2019	1	15	1	0	0.04
74612093104	2019	1	15	2	0	0.01
74612093104	2019	1	15	4	0	0.01
74612093104	2019	1	15	23	0	0.01
74612093104	2019	1	16	0	0	0.03
74612093104	2019	1	16	1	0	0.05
74612093104	2019	1	17	4	0	0.04
74612093104	2019	1	17	5	0	0.03
74612093104	2019	1	17	11	0	0.01
74612093104	2019	1	17	12	0	0.21
74612093104	2019	1	17	13	0	0.15
74612093104	2019	1	17	14	0	0.03
74612093104	2019	1	17	15	0	0.06
74612093104	2019	1	17	16	0	0.14
74612093104	2019	1	17	17	0	0.04
74612093104	2019	2	2	6	0	0.01
74612093104	2019	2	2	7	0	0.04
74612093104	2019	2	2	8	0	0.02
74612093104	2019	2	2	9	0	0.03
74612093104	2019	2	2	10	0	0.02
74612093104	2019	2	2	11	0	0.02
74612093104	2019	2	2	12	0	0.02
74612093104	2019	2	2	13	0	0.05
74612093104	2019	2	2	16	0	0.03
74612093104	2019	2	2	17	0	0.04
74612093104	2019	2	2	18	0	0.06
74612093104	2019	2	2	19	0	0.06
74612093104	2019	2	2	20	0	0.09
74612093104	2019	2	2	21	0	0.05
74612093104	2019	2	2	22	0	0.04
74612093104	2019	2	2	23	0	0.05
74612093104	2019	2	4	18	0	0.02
74612093104	2019	2	14	12	0	0.15
74612093104	2019	2	14	13	0	0.1
74612093104	2019	2	14	14	0	0.01
74612093104	2019	2	14	15	0	0.01
74612093104	2019	2	14	16	0	0.03
74612093104	2019	2	14	17	0	0.12
74612093104	2019	2	14	18	0	0.15
74612093104	2019	2	14	19	0	0.04
74612093104	2019	2	15	8	0	0.008
74612093104	2019	2	15	9	0	0.01
74612093104	2019	2	15	10	0	0.005
74612093104	2019	2	15	11	0	0.008
74612093104	2019	2	15	12	0	0.004
74612093104	2019	2	15	13	0	0.001
74612093104	2019	2	15	14	0	0.001
74612093104	2019	2	15	15	0	0.001
74612093104	2019	2	15	16	0	0.001
74612093104	2019	2	15	17	0	0.001
74612093104	2019	2	15	18	0	0.001
74612093104	2019	2	15	19	0	0.001
74612093104	2019	2	15	20	0	0.001
74612093104	2019	2	15	21	0	0.001
74612093104	2019	2	15	22	0	0.001
74612093104	2019	2	16	0	0	0.001
74612093104	2019	2	16	1	0	0.001
74612093104	2019	2	16	2	0	0.001
74612093104	2019	2	16	3	0	0.001
74612093104	2019	2	16	5	0	0.001
74612093104	2019	2	16	7	0	0.001
74612093104	2019	2	16	8	0	0.001
74612093104	2019	2	16	9	0	0.001
74612093104	2019	2	16	10	0	0.001
74612093104	2019	2	16	12	0	0.001
74612093104	2019	3	2	8	0	0.003
74612093104	2019	3	2	9	0	0.004
74612093104	2019	3	2	10	0	0.003
74612093104	2019	3	2	11	0	0.019
74612093104	2019	3	2	12	0	0.019
74612093104	2019	3	2	13	0	0.01
74612093104	2019	3	2	14	0	0.017
74612093104	2019	3	2	15	0	0.011
74612093104	2019	3	2	16	0	0.003
74612093104	2019	3	6	2	0	0.073
74612093104	2019	3	6	3	0	0.06
74612093104	2019	3	6	4	0	0.04
74612093104	2019	3	6	5	0	0.09
74612093104	2019	3	6	6	0	0.32
74612093104	2019	3	6	7	0	0.21
74612093104	2019	3	6	8	0	0.12
74612093104	2019	3	6	9	0	0.19
74612093104	2019	3	6	10	0	0.13
74612093104	2019	3	6	11	0	0.19
74612093104	2019	3	6	12	0	0.11
74612093104	2019	3	6	13	0	0.09
74612093104	2019	3	6	14	0	0.12
74612093104	2019	3	6	15	0	0.01
74612093104	2019	3	6	16	0	0.01
74612093104	2019	4	16	22	0	0.01
74612093104	2019	4	16	23	0	0.17
74612093104	2019	4	17	0	0	0.11
74612093104	2019	4	22	5	0	0.001
74612093104	2019	5	9	23	0	0.012
74612093104	2019	5	10	0	0	0.011
74612093104	2019	5	10	1	0	0.007
74612093104	2019	5	10	2	0	0.002
74612093104	2019	5	10	3	0	0.021
74612093104	2019	5	10	5	0	0.005
74612093104	2019	5	10	6	0	0.012
74612093104	2019	5	10	7	0	0.007
74612093104	2019	5	10	8	0	0.018
74612093104	2019	5	10	9	0	0.039
74612093104	2019	5	10	10	0	0.031
74612093104	2019	5	10	11	0	0.043
74612093104	2019	5	10	12	0	0.011
74612093104	2019	5	10	13	0	0.004
74612093104	2019	5	10	14	0	0.02
74612093104	2019	5	10	15	0	0.022
74612093104	2019	5	10	16	0	0.023
74612093104	2019	5	10	17	0	0.014
74612093104	2019	5	10	18	0	0.015
74612093104	2019	5	10	19	0	0.005
74612093104	2019	5	10	20	0	0.013
74612093104	2019	5	10	21	0	0.008
74612093104	2019	5	10	22	0	0.004
74612093104	2019	5	10	23	0	0.01
74612093104	2019	5	11	0	0	0.008
74612093104	2019	5	11	1	0	0.004
74612093104	2019	5	11	2	0	0.004
74612093104	2019	5	11	3	0	0.005
74612093104	2019	5	11	4	0	0.005
74612093104	2019	5	11	5	0	0.004
74612093104	2019	5	11	6	0	0.005
74612093104	2019	5	11	7	0	0.004
74612093104	2019	5	11	8	0	0.007
74612093104	2019	5	11	9	0	0.005
74612093104	2019	5	11	10	0	0.006
74612093104	2019	5	11	11	0	0.01
74612093104	2019	5	11	12	0	0.008
74612093104	2019	5	19	1	0	0.001
74612093104	2019	5	19	3	0	0.001
74612093104	2019	5	19	4	0	0.001
74612093104	2019	5	19	6	0	0.001
74612093104	2019	5	19	8	0	0.001
74612093104	2019	5	19	10	0	0.001
74612093104	2019	5	19	11	0	0.001
74612093104	2019	5	19	13	0	0.002
74612093104	2019	5	19	14	0	0.001
74612093104	2019	5	19	15	0	0.001
74612093104	2019	5	19	17	0	0.001
74612093104	2019	5	19	18	0	0.001
74612093104	2019	5	19	20	0	0.001
74612093104	2019	5	19	21	0	0.001
74612093104	2019	5	19	22	0	0.001
74612093104	2019	5	19	23	0	0.001
74612093104	2019	5	20	1	0	0.001
74612093104	2019	5	20	2	0	0.001
74612093104	2019	5	20	3	0	0.001
74612093104	2019	5	20	6	0	0.001
74612093104	2019	5	20	8	0	0.001
74612093104	2019	5	20	9	0	0.001
74612093104	2019	5	20	10	0	0.001
74612093104	2019	5	20	12	0	0.001
74612093104	2019	5	21	20	0	0.001
74612093104	2019	5	22	1	0	0.002
74612093104	2019	5	22	13	0	0.002
74612093104	2019	5	22	14	0	0.003
74612093104	2019	5	22	15	0	0.002
74612093104	2019	5	22	16	0	0.003
74612093104	2019	5	22	17	0	0.011
74612093104	2019	5	22	18	0	0.005
74612093104	2019	5	22	22	0	0.026
74612093104	2019	5	23	0	0	0.038
74612093104	2019	5	23	6	0	0.002
74612093104	2019	5	23	7	0	0.012
74612093104	2019	5	23	8	0	0.022
74612093104	2019	5	23	9	0	0.005
74612093104	2019	5	23	10	0	0.001
74612093104	2019	5	26	23	0	0.001
74612093104	2019	6	1	23	0	0.01
74612093104	2019	9	5	14	0	0.001
74612093104	2019	9	5	15	0	0.001
74612093104	2019	9	5	16	0	0.001
74612093104	2019	9	5	23	0	0.001
74612093104	2019	9	6	0	0	0.001
74612093104	2019	9	6	1	0	0.001
74612093104	2019	9	6	2	0	0.001
74612093104	2019	11	20	16	0	0.01
74612093104	2019	11	20	17	0	0.02
74612093104	2019	11	20	18	0	0.02
74612093104	2019	11	20	19	0	0.01
74612093104	2019	11	27	13	0	0.01
74612093104	2019	11	27	14	0	0.05
74612093104	2019	11	27	16	0	0.01
74612093104	2019	11	27	18	0	0.02
74612093104	2019	11	28	7	0	0.004
74612093104	2019	11	28	14	0	0.01
74612093104	2019	11	28	15	0	0.02
74612093104	2019	11	28	16	0	0.04
74612093104	2019	11	28	17	0	0.01
74612093104	2019	11	28	18	0	0.01
74612093104	2019	11	28	19	0	0.02
74612093104	2019	11	28	20	0	0.03
74612093104	2019	11	28	21	0	0.06
74612093104	2019	11	28	22	0	0.07
74612093104	2019	11	28	23	0	0.05
74612093104	2019	11	29	0	0	0.03
74612093104	2019	11	29	2	0	0.01
74612093104	2019	11	29	3	0	0.01
74612093104	2019	11	30	8	0	0.001
74612093104	2019	11	30	9	0	0.001
74612093104	2019	11	30	10	0	0.002
74612093104	2019	11	30	14	0	0.001
74612093104	2019	11	30	20	0	0.001
74612093104	2019	11	30	22	0	0.001
74612093104	2019	12	1	1	0	0.001
74612093104	2019	12	1	9	0	0.001
74612093104	2019	12	3	13	0	0.002
74612093104	2019	12	3	14	0	0.001
74612093104	2019	12	3	15	0	0.002
74612093104	2019	12	3	16	0	0.002
74612093104	2019	12	3	17	0	0.002
74612093104	2019	12	3	18	0	0.001
74612093104	2019	12	3	19	0	0.001
74612093104	2019	12	3	21	0	0.001
74612093104	2019	12	3	22	0	0.001
74612093104	2019	12	3	23	0	0.002
74612093104	2019	12	4	0	0	0.002
74612093104	2019	12	4	1	0	0.003
74612093104	2019	12	4	3	0	0.002
74612093104	2019	12	4	4	0	0.005
74612093104	2019	12	4	5	0	0.003
74612093104	2019	12	4	10	0	0.02
74612093104	2019	12	4	11	0	0.01
74612093104	2019	12	4	13	0	0.02
74612093104	2019	12	4	14	0	0.05
74612093104	2019	12	4	15	0	0.06
74612093104	2019	12	4	16	0	0.05
74612093104	2019	12	4	17	0	0.08
74612093104	2019	12	4	18	0	0.11
74612093104	2019	12	4	19	0	0.06
74612093104	2019	12	4	20	0	0.01
74612093104	2019	12	4	21	0	0.01
74612093104	2019	12	7	5	0	0.01
74612093104	2019	12	7	6	0	0.01
74612093104	2019	12	9	5	0	0.01
74612093104	2019	12	23	12	0	0.05
74612093104	2019	12	23	13	0	0.08
74612093104	2019	12	23	14	0	0.06
74612093104	2019	12	23	15	0	0.02
74612093104	2019	12	23	16	0	0.03
74612093104	2019	12	23	17	0	0.04
74612093104	2019	12	23	18	0	0.01
74612093104	2019	12	23	19	0	0.03
74612093104	2019	12	23	20	0	0.01
74612093104	2019	12	26	9	0	0.02
74612093104	2019	12	26	10	0	0.04
74612093104	2019	12	26	11	0	0.17
74612093104	2019	12	26	12	0	0.14
74612093104	2019	12	26	13	0	0.14
74612093104	2019	12	26	14	0	0.14
74612093104	2019	12	26	15	0	0.14
74612093104	2019	12	26	16	0	0.11
74612093104	2019	12	26	17	0	0.11
74612093104	2019	12	26	18	0	0.1
74612093104	2019	12	26	19	0	0.09
74612093104	2019	12	26	20	0	0.07
74612093104	2019	12	26	21	0	0.03
74612093104	2019	12	26	23	0	0.01
74612093104	2019	12	27	0	0	0.01
74612093104	2019	12	27	1	0	0.01
74612093104	2019	12	27	2	0	0.01
74612093104	2020	2	23	0	0	0.01
74612093104	2020	2	23	2	0	0.03
74612093104	2020	2	23	3	0	0.02
74612093104	2020	2	23	4	0	0.01
74612093104	2020	3	10	13	0	0.03
74612093104	2020	3	10	14	0	0.06
74612093104	2020	3	10	15	0	0.07
74612093104	2020	3	10	16	0	0.02
74612093104	2020	3	10	17	0	0.03
74612093104	2020	3	10	18	0	0.01
74612093104	2020	3	10	19	0	0.02
74612093104	2020	3	10	20	0	0.01
74612093104	2020	3	11	2	0	0.01
74612093104	2020	3	11	3	0	0.03
74612093104	2020	3	11	4	0	0.01
74612093104	2020	3	13	3	0	0.03
74612093104	2020	3	13	4	0	0.01
74612093104	2020	3	13	5	0	0.01
74612093104	2020	3	13	7	0	0.03
74612093104	2020	3	13	8	0	0.01
74612093104	2020	3	13	11	0	0.02
74612093104	2020	3	13	12	0	0.03
74612093104	2020	3	13	13	0	0.06
74612093104	2020	3	13	14	0	0.02
74612093104	2020	3	16	23	0	0.01
74612093104	2020	3	17	1	0	0.03
74612093104	2020	3	21	9	0	0.02
74612093104	2020	3	21	10	0	0.02
74612093104	2020	3	21	11	0	0.02
74612093104	2020	3	21	12	0	0.01
74612093104	2020	3	23	6	0	0.09
74612093104	2020	3	23	7	0	0.06
74612093104	2020	3	23	8	0	0.03
74612093104	2020	3	23	10	0	0.01
74612093104	2020	3	23	11	0	0.09
74612093104	2020	4	6	13	0	0.01
74612093104	2020	4	6	14	0	0.01
74612093104	2020	4	6	15	0	0.01
74612093104	2020	4	6	16	0	0.01
74612093104	2020	4	6	17	0	0.01
74612093104	2020	4	8	1	0	0.06
74612093104	2020	4	8	2	0	0.1
74612093104	2020	4	8	3	0	0.06
74612093104	2020	4	8	4	0	0.17
74612093104	2020	4	8	5	0	0.16
74612093104	2020	4	8	9	0	0.03
74612093104	2020	4	8	11	0	0.01
74612093104	2020	4	8	13	0	0.1
74612093104	2020	4	8	14	0	0.1
74612093104	2020	4	8	15	0	0.11
74612093104	2020	4	8	16	0	0.07
74612093104	2020	4	8	17	0	0.02
74612093104	2020	4	8	18	0	0.05
74612093104	2020	4	8	19	0	0.02
74612093104	2020	4	8	20	0	0.08
74612093104	2020	4	8	21	0	0.24
74612093104	2020	4	8	22	0	0.15
74612093104	2020	4	8	23	0	0.01
74612093104	2020	4	9	0	0	0.01
74612093104	2020	4	9	4	0	0.01
74612093104	2020	4	9	11	0	0.01
74612093104	2020	4	9	14	0	0.01
74612093104	2020	4	9	15	0	0.01
74612093104	2020	4	10	7	0	0.01
74612093104	2020	4	10	11	0	0.02
74612093104	2020	4	10	15	0	0.02
74612093104	2020	4	10	17	0	0.01
74612093104	2020	4	11	2	0	0.02
74612093104	2020	4	11	3	0	0.02
74612093104	2020	4	14	5	0	0.01
74612093104	2020	4	14	6	0	0.01
74612093104	2020	4	17	21	0	0.08
74612093104	2020	4	17	22	0	0.01
74612093104	2020	4	21	10	0	0.03
74612093104	2020	4	21	11	0	0.01
74612093104	2020	8	13	13	0	0.001
74612093104	2020	8	13	14	0	0.001
74612093104	2020	8	13	15	0	0.001
74612093104	2020	8	13	16	0	0.001
74612093104	2020	8	13	17	0	0.001
74612093104	2020	8	13	18	0	0.005
74612093104	2020	8	19	23	0	0.012
74612093104	2020	8	20	0	0	0.001
74612093104	2020	8	20	1	0	0.001
74612093104	2020	8	20	2	0	0.001
74612093104	2020	11	7	19	0	0.005
74612093104	2020	11	7	20	0	0.005
74612093104	2020	11	7	21	0	0.005
74612093104	2020	11	7	22	0	0.005
74612093104	2020	11	7	23	0	0.005
74612093104	2020	11	8	0	0	0.005
74612093104	2020	11	8	19	0	0.002
74612093104	2020	11	8	20	0	0.002
74612093104	2020	11	8	21	0	0.002
74612093104	2020	11	8	22	0	0.004
74612093104	2020	11	8	23	0	0.004
74612093104	2020	11	9	0	0	0.005
74612093104	2020	12	25	1	0	0.001
74612093104	2020	12	25	2	0	0.001
74612093104	2020	12	25	3	0	0.001
74612093104	2020	12	25	4	0	0.001
74612093104	2020	12	25	5	0	0.001
74612093104	2020	12	25	6	0	0.001
74612093104	2020	12	27	18	0	0.001
74612093104	2020	12	28	10	0	0.01
74612093104	2020	12	28	11	0	0.03
74612093104	2021	1	27	13	0	0.02
74612093104	2021	1	29	7	0	0.01
74612093104	2021	1	29	8	0	0.02
74612093104	2021	1	29	9	0	0.02
74612093104	2021	1	29	10	0	0.01
74612093104	2021	3	23	13	0	0.02
74612093104	2021	3	26	10	0	0.01
74612093104	2021	4	26	13	0	0.002
74612093104	2021	4	26	14	0	0.002
74612093104	2021	4	26	15	0	0.002
74612093104	2021	4	26	16	0	0.002
74612093104	2021	4	26	17	0	0.002
74612093104	2021	4	26	18	0	0.002
74612093104	2021	4	27	9	0	0.02
74612093104	2021	7	19	4	0	0.03
74612093104	2021	7	19	5	0	0.07
74612093104	2021	7	19	6	0	0.02
74612093104	2021	7	26	9	0	0.01
74612093104	2021	7	26	17	0	0.05
74612093104	2021	7	26	18	0	0.01
74612093104	2021	7	26	20	0	0.07
74612093104	2021	7	26	22	0	0.01
74612093104	2021	9	10	1	0	0.04
74612093104	2021	9	10	2	0	0.01
74612093104	2021	10	25	22	0	0.05
74612093104	2021	12	14	14	0	0.014
74612093104	2021	12	14	15	0	0.01
74612093104	2021	12	14	16	0	0.01
74612093104	2021	12	14	17	0	0.01
74612093104	2021	12	14	18	0	0.03
74612093104	2021	12	14	19	0	0.03
74612093104	2021	12	14	20	0	0.01
74612093104	2021	12	14	21	0	0.02
74612093104	2021	12	23	6	0	0.03
74612093104	2021	12	23	13	0	0.01
74612093104	2021	12	23	14	0	0.01
74612093104	2021	12	23	15	0	0.01
74612093104	2021	12	23	17	0	0.01
74612093104	2021	12	23	18	0	0.03
74612093104	2021	12	23	19	0	0.06
74612093104	2021	12	23	20	0	0.02
74612093104	2021	12	23	22	0	0.01
74612093104	2021	12	24	0	0	0.01
74612093104	2021	12	24	2	0	0.03
74612093104	2021	12	24	3	0	0.03
74612093104	2021	12	24	4	0	0.01
74612093104	2021	12	24	5	0	0.08
74612093104	2021	12	24	12	0	0.01
74612093104	2021	12	24	13	0	0.01
74612093104	2021	12	27	21	0	0.01
74612093104	2021	12	27	22	0	0.01
74612093104	2021	12	30	1	0	0.01
74612093104	2021	12	30	2	0	0.03
74612093104	2021	12	30	3	0	0.05
74612093104	2021	12	30	4	0	0.04
74612093104	2021	12	30	5	0	0.02
74612093104	2021	12	30	6	0	0.03
74612093104	2021	12	30	7	0	0.01
74612093104	2021	12	30	8	0	0.02
74612093104	2021	12	30	9	0	0.04
74612093104	2021	12	30	10	0	0.01
74612093104	2021	12	30	11	0	0.05
74612093104	2021	12	30	12	0	0.05
74612093104	2021	12	30	13	0	0.01
74612093104	2021	12	30	14	0	0.05
74612093104	2021	12	30	15	0	0.04
74612093104	2021	12	30	16	0	0.02
74612093104	2021	12	30	17	0	0.03
74612093104	2021	12	30	18	0	0.02
74612093104	2021	12	30	19	0	0.01
74612093104	2021	12	31	4	0	0.01
