74694313786	2003	1	2	18	0	0.01
74694313786	2003	1	2	19	0	0.08
74694313786	2003	1	3	1	0	0.01
74694313786	2003	1	3	2	0	0.09
74694313786	2003	1	3	3	0	0.04
74694313786	2003	1	3	8	0	0.03
74694313786	2003	1	3	10	0	0.01
74694313786	2003	1	4	6	0	0.01
74694313786	2003	1	4	14	0	0.04
74694313786	2003	1	4	15	0	0.04
74694313786	2003	1	4	16	0	0.06
74694313786	2003	1	4	17	0	0.01
74694313786	2003	1	4	18	0	0.01
74694313786	2003	1	4	19	0	0.01
74694313786	2003	1	4	22	0	0.01
74694313786	2003	1	5	19	0	0.01
74694313786	2003	1	8	19	0	0.02
74694313786	2003	1	12	6	0	0.01
74694313786	2003	1	12	7	0	0.01
74694313786	2003	1	12	8	0	0.02
74694313786	2003	1	12	12	0	0.01
74694313786	2003	1	12	13	0	0.01
74694313786	2003	1	12	14	0	0.01
74694313786	2003	1	12	15	0	0.02
74694313786	2003	1	14	5	0	0.01
74694313786	2003	1	14	6	0	0.01
74694313786	2003	1	14	7	0	0.02
74694313786	2003	1	14	8	0	0.01
74694313786	2003	1	17	6	0	0.008
74694313786	2003	1	21	13	0	0.01
74694313786	2003	1	21	14	0	0.01
74694313786	2003	1	21	15	0	0.01
74694313786	2003	1	21	16	0	0.03
74694313786	2003	1	21	18	0	0.04
74694313786	2003	1	21	19	0	0.05
74694313786	2003	1	21	21	0	0.04
74694313786	2003	1	21	22	0	0.03
74694313786	2003	1	22	0	0	0.02
74694313786	2003	1	22	1	0	0.02
74694313786	2003	1	22	2	0	0.01
74694313786	2003	1	22	6	0	0.01
74694313786	2003	1	22	13	0	0.02
74694313786	2003	1	22	14	0	0.04
74694313786	2003	1	22	15	0	0.04
74694313786	2003	1	22	16	0	0.05
74694313786	2003	1	22	17	0	0.08
74694313786	2003	1	22	18	0	0.08
74694313786	2003	1	22	19	0	0.07
74694313786	2003	1	22	20	0	0.02
74694313786	2003	1	22	22	0	0.01
74694313786	2003	1	22	23	0	0.01
74694313786	2003	1	23	0	0	0.02
74694313786	2003	1	23	2	0	0.02
74694313786	2003	1	23	13	0	0.015
74694313786	2003	1	25	22	0	0.01
74694313786	2003	1	25	23	0	0.01
74694313786	2003	1	26	6	0	0.01
74694313786	2003	1	26	17	0	0.01
74694313786	2003	1	27	15	0	0.01
74694313786	2003	1	29	22	0	0.01
74694313786	2003	1	30	3	0	0.008
74694313786	2003	1	30	22	0	0.02
74694313786	2003	1	30	23	0	0.06
74694313786	2003	1	31	0	0	0.05
74694313786	2003	1	31	1	0	0.03
74694313786	2003	1	31	2	0	0.01
74694313786	2003	1	31	6	0	0.07
74694313786	2003	1	31	10	0	0.013
74694313786	2003	1	31	11	0	0.02
74694313786	2003	1	31	12	0	0.02
74694313786	2003	1	31	13	0	0.04
74694313786	2003	1	31	21	0	0.01
74694313786	2003	2	7	11	0	0.152
74694313786	2003	2	10	13	0	0.217
74694313786	2003	2	16	5	0	0.01
74694313786	2003	2	16	6	0	0.03
74694313786	2003	2	16	7	0	0.03
74694313786	2003	2	16	9	0	0.03
74694313786	2003	2	16	10	0	0.02
74694313786	2003	2	16	11	0	0.01
74694313786	2003	2	16	19	0	0.024
74694313786	2003	2	16	22	0	0.017
74694313786	2003	2	21	21	0	0.01
74694313786	2003	2	22	3	0	0.03
74694313786	2003	2	22	4	0	0.01
74694313786	2003	2	22	22	0	0.14
74694313786	2003	3	5	8	0	0.019
74694313786	2003	3	6	7	0	0.09
74694313786	2003	3	6	9	0	0.01
74694313786	2003	3	6	13	0	0.108
74694313786	2003	3	9	10	0	0.01
74694313786	2003	3	9	11	0	0.03
74694313786	2003	3	9	12	0	0.03
74694313786	2003	3	9	13	0	0.02
74694313786	2003	3	9	14	0	0.01
74694313786	2003	3	9	18	0	0.01
74694313786	2003	3	9	19	0	0.02
74694313786	2003	3	11	17	0	0.003
74694313786	2003	3	12	14	0	0.01
74694313786	2003	3	13	19	0	0.01
74694313786	2003	3	15	8	0	0.02
74694313786	2003	3	15	9	0	0.04
74694313786	2003	3	15	10	0	0.02
74694313786	2003	3	15	11	0	0.01
74694313786	2003	3	15	12	0	0.01
74694313786	2003	3	15	14	0	0.01
74694313786	2003	3	17	0	0	0.001
74694313786	2003	3	18	4	0	0.006
74694313786	2003	3	20	18	0	0.062
74694313786	2003	3	31	0	0	0.001
74694313786	2003	4	6	13	0	0.05
74694313786	2003	4	6	14	0	0.05
74694313786	2003	4	6	15	0	0.03
74694313786	2003	4	6	16	0	0.01
74694313786	2003	4	9	13	0	0.182
74694313786	2003	4	11	23	0	0.055
74694313786	2003	4	12	18	0	0.06
74694313786	2003	4	12	19	0	0.02
74694313786	2003	4	12	20	0	0.04
74694313786	2003	4	13	8	0	0.08
74694313786	2003	4	13	13	0	0.07
74694313786	2003	4	13	14	0	0.01
74694313786	2003	4	14	11	0	0.02
74694313786	2003	4	14	12	0	0.01
74694313786	2003	4	22	15	0	0.01
74694313786	2003	4	24	6	0	0.01
74694313786	2003	4	24	7	0	0.04
74694313786	2003	4	24	8	0	0.03
74694313786	2003	4	24	9	0	0.03
74694313786	2003	4	24	11	0	0.03
74694313786	2003	4	24	12	0	0.03
74694313786	2003	4	24	13	0	0.02
74694313786	2003	4	24	15	0	0.01
74694313786	2003	4	24	16	0	0.06
74694313786	2003	4	24	17	0	0.08
74694313786	2003	4	24	18	0	0.05
74694313786	2003	4	24	22	0	0.01
74694313786	2003	4	24	23	0	0.03
74694313786	2003	4	25	0	0	0.05
74694313786	2003	4	26	20	0	0.001
74694313786	2003	4	29	5	0	0.01
74694313786	2003	5	4	22	0	0.02
74694313786	2003	5	4	23	0	0.01
74694313786	2003	5	18	19	0	0.194
74694313786	2003	5	25	14	0	0.01
74694313786	2003	5	25	15	0	0.02
74694313786	2003	5	30	18	0	0.01
74694313786	2003	5	30	19	0	0.01
74694313786	2003	6	8	16	0	0.01
74694313786	2003	6	10	23	0	0.041
74694313786	2003	6	13	19	0	0.01
74694313786	2003	6	13	20	0	0.13
74694313786	2003	6	13	22	0	0.05
74694313786	2003	7	2	16	0	0.008
74694313786	2003	7	8	16	0	0.003
74694313786	2003	7	14	13	0	0.001
74694313786	2003	7	23	21	0	0.022
74694313786	2003	8	3	15	0	0.002
74694313786	2003	8	3	16	0	0.01
74694313786	2003	8	7	11	0	0.131
74694313786	2003	8	7	12	0	0.01
74694313786	2003	8	7	15	0	0.1
74694313786	2003	8	7	16	0	0.02
74694313786	2003	8	9	10	0	0.008
74694313786	2003	8	11	7	0	0.01
74694313786	2003	8	11	8	0	0.01
74694313786	2003	8	11	9	0	0.01
74694313786	2003	8	11	10	0	0.01
74694313786	2003	8	11	11	0	0.02
74694313786	2003	8	15	23	0	0.007
74694313786	2003	8	16	18	0	0.003
74694313786	2003	8	31	22	0	0.012
74694313786	2003	9	5	0	0	0.055
74694313786	2003	9	12	6	0	0.004
74694313786	2003	9	12	12	0	0.122
74694313786	2003	9	12	19	0	0.025
74694313786	2003	9	13	0	0	0.022
74694313786	2003	9	18	12	0	0.1
74694313786	2003	9	18	15	0	0.371
74694313786	2003	9	24	6	0	0.015
74694313786	2003	9	28	22	0	0.01
74694313786	2003	10	1	9	0	0.001
74694313786	2003	10	10	18	0	0.006
74694313786	2003	10	14	13	0	0.01
74694313786	2003	10	15	6	0	0.039
74694313786	2003	10	15	20	0	0.03
74694313786	2003	10	15	21	0	0.02
74694313786	2003	10	16	9	0	0.01
74694313786	2003	10	16	10	0	0.05
74694313786	2003	10	16	11	0	0.01
74694313786	2003	10	16	12	0	0.01
74694313786	2003	10	16	13	0	0.02
74694313786	2003	10	16	14	0	0.03
74694313786	2003	10	16	15	0	0.06
74694313786	2003	10	16	16	0	0.01
74694313786	2003	10	20	11	0	0.03
74694313786	2003	10	20	12	0	0.02
74694313786	2003	10	21	0	0	0.01
74694313786	2003	10	21	5	0	0.01
74694313786	2003	10	29	0	0	0.162
74694313786	2003	10	29	8	0	0.056
74694313786	2003	10	30	1	0	0.02
74694313786	2003	11	2	14	0	0.01
74694313786	2003	11	2	15	0	0.01
74694313786	2003	11	2	16	0	0.01
74694313786	2003	11	2	18	0	0.01
74694313786	2003	11	16	20	0	0.01
74694313786	2003	11	16	22	0	0.01
74694313786	2003	11	16	23	0	0.12
74694313786	2003	11	18	5	0	0.01
74694313786	2003	11	19	20	0	0.152
74694313786	2003	11	20	20	0	0.01
74694313786	2003	11	20	21	0	0.02
74694313786	2003	11	20	22	0	0.02
74694313786	2003	11	20	23	0	0.06
74694313786	2003	11	28	5	0	0.002
74694313786	2003	11	28	23	0	0.01
74694313786	2003	12	1	19	0	0.02
74694313786	2003	12	1	20	0	0.03
74694313786	2003	12	1	21	0	0.03
74694313786	2003	12	1	22	0	0.03
74694313786	2003	12	1	23	0	0.02
74694313786	2003	12	3	7	0	0.02
74694313786	2003	12	5	1	0	0.02
74694313786	2003	12	5	2	0	0.03
74694313786	2003	12	5	3	0	0.03
74694313786	2003	12	5	4	0	0.05
74694313786	2003	12	5	5	0	0.02
74694313786	2003	12	5	6	0	0.03
74694313786	2003	12	5	7	0	0.02
74694313786	2003	12	5	9	0	0.01
74694313786	2003	12	5	10	0	0.02
74694313786	2003	12	5	11	0	0.01
74694313786	2003	12	5	12	0	0.003
74694313786	2003	12	6	9	0	0.02
74694313786	2003	12	7	17	0	0.01
74694313786	2003	12	10	4	0	0.01
74694313786	2003	12	10	5	0	0.01
74694313786	2003	12	10	7	0	0.04
74694313786	2003	12	10	8	0	0.03
74694313786	2003	12	10	9	0	0.03
74694313786	2003	12	10	10	0	0.03
74694313786	2003	12	10	11	0	0.04
74694313786	2003	12	10	13	0	0.01
74694313786	2003	12	10	15	0	0.01
74694313786	2003	12	10	17	0	0.01
74694313786	2003	12	10	19	0	0.01
74694313786	2003	12	10	21	0	0.01
74694313786	2003	12	11	1	0	0.01
74694313786	2003	12	11	2	0	0.01
74694313786	2003	12	11	4	0	0.155
74694313786	2003	12	11	5	0	0.01
74694313786	2003	12	11	8	0	0.01
74694313786	2003	12	12	7	0	0.02
74694313786	2003	12	12	9	0	0.01
74694313786	2003	12	12	11	0	0.01
74694313786	2003	12	13	13	0	0.05
74694313786	2003	12	13	14	0	0.02
74694313786	2003	12	13	15	0	0.03
74694313786	2003	12	13	16	0	0.01
74694313786	2003	12	13	17	0	0.02
74694313786	2003	12	14	14	0	0.22
74694313786	2003	12	14	16	0	0.167
74694313786	2003	12	17	16	0	0.014
74694313786	2003	12	20	4	0	0.02
74694313786	2003	12	20	8	0	0.01
74694313786	2003	12	20	13	0	0.01
74694313786	2003	12	24	3	0	0.005
74694313786	2003	12	24	4	0	0.04
74694313786	2003	12	24	5	0	0.177
74694313786	2003	12	24	6	0	0.06
74694313786	2003	12	24	12	0	0.016
74694313786	2003	12	24	13	0	0.01
74694313786	2003	12	24	15	0	0.02
74694313786	2003	12	24	16	0	0.02
74694313786	2003	12	28	1	0	0.01
74694313786	2003	12	28	2	0	0.01
74694313786	2003	12	31	13	0	0.01
74694313786	2004	1	1	15	0	0.01
74694313786	2004	1	1	16	0	0.06
74694313786	2004	1	1	17	0	0.06
74694313786	2004	1	1	19	0	0.01
74694313786	2004	1	1	20	0	0.04
74694313786	2004	1	1	21	0	0.04
74694313786	2004	1	1	22	0	0.01
74694313786	2004	1	1	23	0	0.01
74694313786	2004	1	6	3	0	0.064
74694313786	2004	1	6	17	0	0.01
74694313786	2004	1	6	19	0	0.01
74694313786	2004	1	6	20	0	0.01
74694313786	2004	1	7	10	0	0.02
74694313786	2004	1	9	15	0	0.017
74694313786	2004	1	13	1	0	0.02
74694313786	2004	1	13	3	0	0.01
74694313786	2004	1	14	20	0	0.02
74694313786	2004	1	14	22	0	0.04
74694313786	2004	1	14	23	0	0.02
74694313786	2004	1	15	1	0	0.01
74694313786	2004	1	15	2	0	0.01
74694313786	2004	1	15	3	0	0.03
74694313786	2004	1	15	4	0	0.06
74694313786	2004	1	18	12	0	0.02
74694313786	2004	1	18	13	0	0.03
74694313786	2004	1	18	14	0	0.078
74694313786	2004	1	18	15	0	0.01
74694313786	2004	1	18	16	0	0.04
74694313786	2004	2	2	13	0	0.06
74694313786	2004	2	2	14	0	0.03
74694313786	2004	2	2	15	0	0.04
74694313786	2004	2	2	16	0	0.02
74694313786	2004	2	2	17	0	0.01
74694313786	2004	2	2	21	0	0.01
74694313786	2004	2	3	1	0	0.01
74694313786	2004	2	3	9	0	0.01
74694313786	2004	2	3	13	0	0.01
74694313786	2004	2	3	15	0	0.01
74694313786	2004	2	6	22	0	0.01
74694313786	2004	2	16	4	0	0.007
74694313786	2004	2	16	9	0	0.004
74694313786	2004	2	16	19	0	0.02
74694313786	2004	2	16	20	0	0.06
74694313786	2004	2	16	21	0	0.07
74694313786	2004	2	16	22	0	0.05
74694313786	2004	2	16	23	0	0.03
74694313786	2004	2	17	22	0	0.02
74694313786	2004	2	17	23	0	0.023
74694313786	2004	2	18	0	0	0.025
74694313786	2004	2	18	1	0	0.03
74694313786	2004	2	18	2	0	0.01
74694313786	2004	2	18	4	0	0.01
74694313786	2004	2	18	5	0	0.01
74694313786	2004	2	24	5	0	0.01
74694313786	2004	2	24	14	0	0.03
74694313786	2004	2	25	21	0	0.04
74694313786	2004	2	25	22	0	0.05
74694313786	2004	2	25	23	0	0.11
74694313786	2004	2	26	1	0	0.13
74694313786	2004	2	26	2	0	0.08
74694313786	2004	2	26	4	0	0.03
74694313786	2004	3	6	1	0	0.11
74694313786	2004	3	6	2	0	0.08
74694313786	2004	3	6	3	0	0.04
74694313786	2004	3	6	4	0	0.05
74694313786	2004	3	6	5	0	0.06
74694313786	2004	3	6	7	0	0.01
74694313786	2004	3	10	17	0	0.085
74694313786	2004	3	15	20	0	0.009
74694313786	2004	3	16	19	0	0.04
74694313786	2004	3	24	17	0	0.01
74694313786	2004	3	26	1	0	0.05
74694313786	2004	3	26	2	0	0.02
74694313786	2004	3	26	3	0	0.02
74694313786	2004	3	26	4	0	0.04
74694313786	2004	3	26	5	0	0.09
74694313786	2004	3	26	7	0	0.04
74694313786	2004	4	20	8	0	0.03
74694313786	2004	4	21	1	0	0.01
74694313786	2004	4	26	23	0	0.07
74694313786	2004	4	28	1	0	0.02
74694313786	2004	5	2	3	0	0.038
74694313786	2004	5	11	23	0	0.01
74694313786	2004	5	12	1	0	0.01
74694313786	2004	5	12	2	0	0.03
74694313786	2004	5	12	3	0	0.02
74694313786	2004	5	12	4	0	0.06
74694313786	2004	5	12	5	0	0.01
74694313786	2004	5	14	3	0	0.08
74694313786	2004	5	14	4	0	0.03
74694313786	2004	5	14	9	0	0.01
74694313786	2004	5	16	9	0	0.01
74694313786	2004	5	16	10	0	0.02
74694313786	2004	5	16	13	0	0.01
74694313786	2004	5	16	14	0	0.01
74694313786	2004	5	16	15	0	0.01
74694313786	2004	5	16	16	0	0.03
74694313786	2004	5	16	20	0	0.01
74694313786	2004	5	17	10	0	0.03
74694313786	2004	5	17	11	0	0.04
74694313786	2004	5	17	14	0	0.01
74694313786	2004	5	17	15	0	0.02
74694313786	2004	5	17	17	0	0.01
74694313786	2004	5	18	13	0	0.01
74694313786	2004	5	20	0	0	0.003
74694313786	2004	5	20	4	0	0.06
74694313786	2004	5	20	5	0	0.03
74694313786	2004	5	20	23	0	0.02
74694313786	2004	5	21	4	0	0.01
74694313786	2004	5	22	21	0	0.13
74694313786	2004	5	22	22	0	0.01
74694313786	2004	5	23	5	0	0.01
74694313786	2004	5	23	13	0	0.05
74694313786	2004	5	23	22	0	0.05
74694313786	2004	5	27	2	0	0.003
74694313786	2004	5	28	2	0	0.07
74694313786	2004	5	28	3	0	0.02
74694313786	2004	6	4	20	0	0.026
74694313786	2004	6	5	13	0	0.03
74694313786	2004	6	10	2	0	0.01
74694313786	2004	6	10	3	0	0.02
74694313786	2004	6	10	9	0	0.06
74694313786	2004	6	11	1	0	0.042
74694313786	2004	6	12	4	0	0.078
74694313786	2004	6	23	22	0	0.009
74694313786	2004	6	24	15	0	0.003
74694313786	2004	6	25	19	0	0.001
74694313786	2004	6	25	23	0	0.037
74694313786	2004	6	28	18	0	0.35
74694313786	2004	6	30	14	0	0.006
74694313786	2004	7	8	2	0	0.037
74694313786	2004	7	8	6	0	0.143
74694313786	2004	7	8	22	0	0.008
74694313786	2004	7	8	23	0	0.005
74694313786	2004	7	9	0	0	0.001
74694313786	2004	7	9	1	0	0.001
74694313786	2004	7	13	22	0	0.065
74694313786	2004	7	19	13	0	0.13
74694313786	2004	7	19	14	0	0.06
74694313786	2004	7	19	15	0	0.06
74694313786	2004	7	24	3	0	0.001
74694313786	2004	7	26	9	0	0.019
74694313786	2004	8	5	3	0	0.11
74694313786	2004	8	5	9	0	0.01
74694313786	2004	8	5	11	0	0.05
74694313786	2004	8	5	13	0	0.01
74694313786	2004	8	5	21	0	0.078
74694313786	2004	8	6	20	0	0.01
74694313786	2004	8	6	21	0	0.01
74694313786	2004	8	6	23	0	0.02
74694313786	2004	8	7	2	0	0.03
74694313786	2004	8	13	10	0	0.014
74694313786	2004	8	22	5	0	0.01
74694313786	2004	8	24	10	0	0.03
74694313786	2004	8	24	11	0	0.02
74694313786	2004	8	24	15	0	0.07
74694313786	2004	8	24	16	0	0.01
74694313786	2004	8	24	17	0	0.02
74694313786	2004	8	25	10	0	0.01
74694313786	2004	8	25	14	0	0.01
74694313786	2004	8	25	20	0	0.01
74694313786	2004	9	1	11	0	0.001
74694313786	2004	9	7	20	0	0.034
74694313786	2004	9	11	10	0	0.01
74694313786	2004	9	11	11	0	0.07
74694313786	2004	9	13	14	0	0.01
74694313786	2004	9	13	15	0	0.02
74694313786	2004	9	15	10	0	0.01
74694313786	2004	9	15	17	0	0.515
74694313786	2004	9	18	4	0	0.004
74694313786	2004	9	18	23	0	0.015
74694313786	2004	9	19	0	0	0.01
74694313786	2004	9	19	1	0	0.01
74694313786	2004	9	22	22	0	0.01
74694313786	2004	9	22	23	0	0.03
74694313786	2004	9	28	15	0	0.021
74694313786	2004	9	28	19	0	0.007
74694313786	2004	10	3	1	0	0.151
74694313786	2004	10	5	10	0	0.002
74694313786	2004	10	9	4	0	0.01
74694313786	2004	10	9	5	0	0.04
74694313786	2004	10	9	7	0	0.02
74694313786	2004	10	9	8	0	0.01
74694313786	2004	10	17	7	0	0.04
74694313786	2004	10	17	8	0	0.01
74694313786	2004	10	17	11	0	0.01
74694313786	2004	10	17	13	0	0.03
74694313786	2004	10	17	17	0	0.01
74694313786	2004	10	17	22	0	0.15
74694313786	2004	10	17	23	0	0.1
74694313786	2004	10	19	20	0	0.01
74694313786	2004	10	19	21	0	0.02
74694313786	2004	10	19	23	0	0.01
74694313786	2004	10	20	2	0	0.01
74694313786	2004	10	20	3	0	0.049
74694313786	2004	10	20	12	0	0.003
74694313786	2004	10	22	16	0	0.01
74694313786	2004	11	1	21	0	0.01
74694313786	2004	11	1	23	0	0.03
74694313786	2004	11	4	8	0	0.002
74694313786	2004	11	23	14	0	0.013
74694313786	2004	11	28	3	0	0.041
74694313786	2004	12	4	15	0	0.01
74694313786	2004	12	4	17	0	0.01
74694313786	2004	12	4	21	0	0.01
74694313786	2004	12	4	22	0	0.01
74694313786	2004	12	6	15	0	0.01
74694313786	2004	12	6	16	0	0.02
74694313786	2004	12	6	17	0	0.018
74694313786	2004	12	6	19	0	0.01
74694313786	2004	12	7	10	0	0.01
74694313786	2004	12	7	13	0	0.01
74694313786	2004	12	7	15	0	0.01
74694313786	2004	12	8	1	0	0.01
74694313786	2004	12	8	2	0	0.03
74694313786	2004	12	8	3	0	0.04
74694313786	2004	12	8	4	0	0.04
74694313786	2004	12	8	5	0	0.05
74694313786	2004	12	8	7	0	0.04
74694313786	2004	12	8	8	0	0.07
74694313786	2004	12	8	9	0	0.05
74694313786	2004	12	8	10	0	0.06
74694313786	2004	12	8	11	0	0.02
74694313786	2004	12	10	1	0	0.01
74694313786	2004	12	10	2	0	0.03
74694313786	2004	12	10	4	0	0.02
74694313786	2004	12	10	5	0	0.02
74694313786	2004	12	10	7	0	0.03
74694313786	2004	12	10	10	0	0.01
74694313786	2004	12	10	16	0	0.01
74694313786	2004	12	14	5	0	0.01
74694313786	2004	12	26	21	0	0.036
74694313786	2004	12	29	13	0	0.01
74694313786	2004	12	29	14	0	0.02
74694313786	2004	12	29	15	0	0.04
74694313786	2004	12	29	16	0	0.01
74694313786	2004	12	29	17	0	0.02
74694313786	2004	12	29	19	0	0.02
74694313786	2004	12	29	20	0	0.01
74694313786	2004	12	29	21	0	0.01
74694313786	2004	12	30	14	0	0.01
74694313786	2004	12	30	15	0	0.01
74694313786	2004	12	30	16	0	0.02
74694313786	2004	12	30	17	0	0.01
74694313786	2004	12	30	20	0	0.01
74694313786	2004	12	30	22	0	0.01
74694313786	2005	1	8	21	0	0.02
74694313786	2005	1	14	15	0	0.41
74694313786	2005	1	14	16	0	0.37
74694313786	2005	1	14	17	0	0.3
74694313786	2005	1	14	18	0	0.14
74694313786	2005	1	14	19	0	0.1
74694313786	2005	1	14	20	0	0.01
74694313786	2005	1	14	21	0	0.01
74694313786	2005	1	16	13	0	0.01
74694313786	2005	1	16	14	0	0.01
74694313786	2005	1	16	20	0	0.01
74694313786	2005	1	16	21	0	0.01
74694313786	2005	1	19	21	0	0.01
74694313786	2005	1	22	16	0	0.01
74694313786	2005	1	22	18	0	0.01
74694313786	2005	1	22	19	0	0.02
74694313786	2005	1	23	1	0	0.02
74694313786	2005	1	23	2	0	0.06
74694313786	2005	1	23	3	0	0.01
74694313786	2005	1	30	3	0	0.01
74694313786	2005	1	30	5	0	0.02
74694313786	2005	1	30	8	0	0.01
74694313786	2005	1	30	9	0	0.01
74694313786	2005	1	30	11	0	0.08
74694313786	2005	1	30	12	0	0.26
74694313786	2005	1	30	13	0	0.11
74694313786	2005	1	30	14	0	0.16
74694313786	2005	1	30	15	0	0.01
74694313786	2005	2	3	17	0	0.02
74694313786	2005	2	3	18	0	0.03
74694313786	2005	2	3	19	0	0.09
74694313786	2005	2	3	20	0	0.05
74694313786	2005	2	3	21	0	0.05
74694313786	2005	2	3	22	0	0.02
74694313786	2005	2	3	23	0	0.03
74694313786	2005	2	4	0	0	0.11
74694313786	2005	2	4	1	0	0.03
74694313786	2005	2	4	2	0	0.01
74694313786	2005	2	10	7	0	0.01
74694313786	2005	2	10	10	0	0.03
74694313786	2005	2	10	11	0	0.02
74694313786	2005	2	14	12	0	0.01
74694313786	2005	2	14	13	0	0.05
74694313786	2005	2	14	15	0	0.01
74694313786	2005	2	14	18	0	0.01
74694313786	2005	2	14	19	0	0.04
74694313786	2005	2	14	20	0	0.05
74694313786	2005	2	14	21	0	0.16
74694313786	2005	2	14	22	0	0.17
74694313786	2005	2	14	23	0	0.04
74694313786	2005	2	17	0	0	0.26
74694313786	2005	2	17	1	0	0.04
74694313786	2005	2	21	3	0	0.04
74694313786	2005	2	24	11	0	0.05
74694313786	2005	2	24	12	0	0.06
74694313786	2005	2	24	13	0	0.1
74694313786	2005	2	24	14	0	0.15
74694313786	2005	2	24	15	0	0.08
74694313786	2005	2	28	5	0	0.007
74694313786	2005	2	28	6	0	0.1
74694313786	2005	2	28	7	0	0.1
74694313786	2005	2	28	8	0	0.15
74694313786	2005	2	28	9	0	0.2
74694313786	2005	2	28	10	0	0.11
74694313786	2005	2	28	11	0	0.11
74694313786	2005	2	28	12	0	0.06
74694313786	2005	2	28	13	0	0.01
74694313786	2005	2	28	14	0	0.02
74694313786	2005	2	28	15	0	0.01
74694313786	2005	2	28	22	0	0.01
74694313786	2005	3	5	17	0	0.01
74694313786	2005	3	8	8	0	0.02
74694313786	2005	3	8	10	0	0.01
74694313786	2005	3	8	13	0	0.04
74694313786	2005	3	8	14	0	0.05
74694313786	2005	3	8	16	0	0.01
74694313786	2005	3	8	17	0	0.18
74694313786	2005	3	8	18	0	0.02
74694313786	2005	3	12	0	0	0.07
74694313786	2005	3	12	1	0	0.01
74694313786	2005	3	14	6	0	0.01
74694313786	2005	3	14	12	0	0.01
74694313786	2005	3	16	14	0	0.02
74694313786	2005	3	16	16	0	0.01
74694313786	2005	3	16	18	0	0.01
74694313786	2005	3	16	19	0	0.03
74694313786	2005	3	16	20	0	0.01
74694313786	2005	3	16	21	0	0.01
74694313786	2005	3	16	22	0	0.04
74694313786	2005	3	16	23	0	0.03
74694313786	2005	3	17	0	0	0.03
74694313786	2005	3	17	1	0	0.03
74694313786	2005	3	17	2	0	0.02
74694313786	2005	3	17	3	0	0.02
74694313786	2005	3	17	7	0	0.01
74694313786	2005	3	17	8	0	0.01
74694313786	2005	3	17	9	0	0.01
74694313786	2005	3	17	10	0	0.04
74694313786	2005	3	17	11	0	0.06
74694313786	2005	3	17	12	0	0.03
74694313786	2005	3	17	13	0	0.02
74694313786	2005	3	17	14	0	0.02
74694313786	2005	3	17	15	0	0.08
74694313786	2005	3	17	16	0	0.01
74694313786	2005	3	17	17	0	0.01
74694313786	2005	3	17	20	0	0.01
74694313786	2005	3	17	22	0	0.01
74694313786	2005	3	17	23	0	0.02
74694313786	2005	3	18	0	0	0.02
74694313786	2005	3	18	4	0	0.01
74694313786	2005	3	20	4	0	0.01
74694313786	2005	3	20	5	0	0.06
74694313786	2005	3	20	6	0	0.13
74694313786	2005	3	20	7	0	0.03
74694313786	2005	3	20	9	0	0.07
74694313786	2005	3	20	10	0	0.03
74694313786	2005	3	20	11	0	0.01
74694313786	2005	3	23	4	0	0.04
74694313786	2005	3	23	5	0	0.06
74694313786	2005	3	23	6	0	0.02
74694313786	2005	3	23	7	0	0.03
74694313786	2005	3	23	14	0	0.002
74694313786	2005	3	23	15	0	0.09
74694313786	2005	3	23	16	0	0.17
74694313786	2005	3	23	17	0	0.03
74694313786	2005	3	23	18	0	0.16
74694313786	2005	3	23	19	0	0.11
74694313786	2005	3	24	2	0	0.01
74694313786	2005	3	28	14	0	0.026
74694313786	2005	3	28	15	0	0.19
74694313786	2005	3	28	16	0	0.04
74694313786	2005	3	28	20	0	0.05
74694313786	2005	3	28	23	0	0.06
74694313786	2005	3	29	1	0	0.02
74694313786	2005	4	1	23	0	0.05
74694313786	2005	4	2	0	0	0.02
74694313786	2005	4	2	1	0	0.02
74694313786	2005	4	2	14	0	0.003
74694313786	2005	4	2	15	0	0.38
74694313786	2005	4	2	16	0	0.28
74694313786	2005	4	2	17	0	0.27
74694313786	2005	4	2	18	0	0.11
74694313786	2005	4	8	3	0	0.19
74694313786	2005	4	8	4	0	0.16
74694313786	2005	4	8	5	0	0.04
74694313786	2005	4	8	6	0	0.03
74694313786	2005	4	8	7	0	0.05
74694313786	2005	4	8	8	0	0.02
74694313786	2005	4	8	9	0	0.02
74694313786	2005	4	8	10	0	0.01
74694313786	2005	4	8	11	0	0.03
74694313786	2005	4	8	12	0	0.01
74694313786	2005	4	8	14	0	0.01
74694313786	2005	4	8	15	0	0.02
74694313786	2005	4	12	18	0	0.04
74694313786	2005	4	12	20	0	0.01
74694313786	2005	4	12	21	0	0.02
74694313786	2005	4	13	4	0	0.04
74694313786	2005	4	13	5	0	0.02
74694313786	2005	4	13	6	0	0.06
74694313786	2005	4	13	7	0	0.05
74694313786	2005	4	13	8	0	0.04
74694313786	2005	4	13	15	0	0.02
74694313786	2005	4	13	16	0	0.02
74694313786	2005	4	13	17	0	0.03
74694313786	2005	4	13	18	0	0.01
74694313786	2005	4	13	19	0	0.1
74694313786	2005	4	13	20	0	0.01
74694313786	2005	4	13	21	0	0.01
74694313786	2005	4	14	0	0	0.01
74694313786	2005	4	14	1	0	0.01
74694313786	2005	4	23	20	0	0.07
74694313786	2005	4	23	22	0	0.16
74694313786	2005	4	23	23	0	0.02
74694313786	2005	4	27	3	0	0.05
74694313786	2005	4	29	15	0	0.03
74694313786	2005	4	29	16	0	0.02
74694313786	2005	5	1	10	0	0.1
74694313786	2005	5	1	11	0	0.05
74694313786	2005	5	1	12	0	0.08
74694313786	2005	5	2	21	0	0.01
74694313786	2005	5	2	22	0	0.08
74694313786	2005	5	6	0	0	0.01
74694313786	2005	5	6	1	0	0.02
74694313786	2005	5	6	2	0	0.01
74694313786	2005	5	6	3	0	0.07
74694313786	2005	5	6	4	0	0.09
74694313786	2005	5	6	5	0	0.1
74694313786	2005	5	6	6	0	0.25
74694313786	2005	5	6	7	0	0.13
74694313786	2005	5	6	8	0	0.13
74694313786	2005	5	6	9	0	0.21
74694313786	2005	5	6	10	0	0.19
74694313786	2005	5	6	11	0	0.26
74694313786	2005	5	6	12	0	0.33
74694313786	2005	5	6	13	0	0.33
74694313786	2005	5	6	14	0	0.23
74694313786	2005	5	6	15	0	0.06
74694313786	2005	5	6	16	0	0.02
74694313786	2005	5	6	17	0	0.04
74694313786	2005	5	6	18	0	0.03
74694313786	2005	5	6	19	0	0.02
74694313786	2005	5	6	20	0	0.01
74694313786	2005	5	6	21	0	0.01
74694313786	2005	5	6	22	0	0.04
74694313786	2005	5	6	23	0	0.1
74694313786	2005	5	7	0	0	0.15
74694313786	2005	5	7	1	0	0.2
74694313786	2005	5	7	2	0	0.13
74694313786	2005	5	7	3	0	0.12
74694313786	2005	5	7	4	0	0.08
74694313786	2005	5	7	5	0	0.01
74694313786	2005	5	16	0	0	0.32
74694313786	2005	5	16	1	0	0.01
74694313786	2005	5	16	2	0	0.07
74694313786	2005	5	16	3	0	0.04
74694313786	2005	5	16	4	0	0.01
74694313786	2005	5	16	13	0	0.06
74694313786	2005	5	16	14	0	0.02
74694313786	2005	5	19	5	0	0.01
74694313786	2005	5	19	7	0	0.16
74694313786	2005	5	19	10	0	0.1
74694313786	2005	5	19	11	0	0.09
74694313786	2005	5	19	12	0	0.11
74694313786	2005	5	19	13	0	0.16
74694313786	2005	5	20	6	0	0.03
74694313786	2005	5	20	7	0	0.05
74694313786	2005	5	20	18	0	0.14
74694313786	2005	5	20	22	0	0.11
74694313786	2005	5	20	23	0	0.01
74694313786	2005	5	21	3	0	0.01
74694313786	2005	5	23	11	0	0.01
74694313786	2005	5	23	12	0	0.01
74694313786	2005	5	24	20	0	0.02
74694313786	2005	5	24	21	0	0.09
74694313786	2005	5	24	22	0	0.08
74694313786	2005	5	24	23	0	0.08
74694313786	2005	5	25	0	0	0.01
74694313786	2005	5	26	2	0	0.01
74694313786	2005	5	28	19	0	0.01
74694313786	2005	6	1	21	0	0.01
74694313786	2005	6	2	0	0	0.02
74694313786	2005	6	2	1	0	0.04
74694313786	2005	6	2	2	0	0.05
74694313786	2005	6	2	3	0	0.05
74694313786	2005	6	2	4	0	0.05
74694313786	2005	6	2	5	0	0.02
74694313786	2005	6	2	6	0	0.04
74694313786	2005	6	2	7	0	0.11
74694313786	2005	6	2	8	0	0.09
74694313786	2005	6	2	9	0	0.03
74694313786	2005	6	2	10	0	0.07
74694313786	2005	6	2	11	0	0.06
74694313786	2005	6	2	12	0	0.04
74694313786	2005	6	2	13	0	0.02
74694313786	2005	6	2	14	0	0.17
74694313786	2005	6	2	15	0	0.12
74694313786	2005	6	2	16	0	0.12
74694313786	2005	6	2	17	0	0.07
74694313786	2005	6	2	18	0	0.08
74694313786	2005	6	2	19	0	0.01
74694313786	2005	6	2	20	0	0.08
74694313786	2005	6	2	21	0	0.01
74694313786	2005	6	2	22	0	0.01
74694313786	2005	6	2	23	0	0.02
74694313786	2005	6	3	0	0	0.02
74694313786	2005	6	3	1	0	0.01
74694313786	2005	6	3	2	0	0.01
74694313786	2005	6	3	3	0	0.04
74694313786	2005	6	3	4	0	0.01
74694313786	2005	6	3	9	0	0.01
74694313786	2005	6	3	13	0	0.06
74694313786	2005	6	3	14	0	0.11
74694313786	2005	6	3	18	0	0.04
74694313786	2005	6	3	19	0	0.01
74694313786	2005	6	6	10	0	0.01
74694313786	2005	6	7	23	0	0.01
74694313786	2005	6	24	9	0	0.01
74694313786	2005	6	26	12	0	0.03
74694313786	2005	6	26	13	0	0.02
74694313786	2005	6	26	14	0	0.04
74694313786	2005	6	26	15	0	0.03
74694313786	2005	6	26	16	0	0.09
74694313786	2005	6	26	17	0	0.01
74694313786	2005	6	26	20	0	0.009
74694313786	2005	6	26	21	0	0.02
74694313786	2005	6	26	22	0	0.01
74694313786	2005	6	28	19	0	0.01
74694313786	2005	6	28	21	0	0.01
74694313786	2005	6	29	6	0	0.01
74694313786	2005	6	29	7	0	0.06
74694313786	2005	6	29	8	0	0.05
74694313786	2005	6	29	9	0	0.21
74694313786	2005	6	29	10	0	0.27
74694313786	2005	6	29	11	0	0.13
74694313786	2005	6	29	12	0	0.61
74694313786	2005	6	29	13	0	0.38
74694313786	2005	6	29	14	0	0.32
74694313786	2005	6	29	15	0	0.73
74694313786	2005	6	29	16	0	0.13
74694313786	2005	6	29	17	0	0.01
74694313786	2005	6	29	21	0	0.01
74694313786	2005	6	29	22	0	0.02
74694313786	2005	6	29	23	0	0.04
74694313786	2005	6	30	0	0	0.01
74694313786	2005	6	30	1	0	0.01
74694313786	2005	7	2	6	0	0.03
74694313786	2005	7	2	7	0	0.01
74694313786	2005	7	2	18	0	0.04
74694313786	2005	7	2	21	0	0.04
74694313786	2005	7	2	22	0	0.01
74694313786	2005	7	3	0	0	0.01
74694313786	2005	7	10	23	0	0.013
74694313786	2005	7	11	1	0	0.01
74694313786	2005	7	11	3	0	0.01
74694313786	2005	7	13	9	0	0.04
74694313786	2005	7	15	9	0	0.02
74694313786	2005	7	15	23	0	0.01
74694313786	2005	7	17	18	0	0.04
74694313786	2005	7	17	19	0	0.03
74694313786	2005	7	17	22	0	0.45
74694313786	2005	7	17	23	0	0.08
74694313786	2005	7	18	0	0	0.07
74694313786	2005	7	18	1	0	0.02
74694313786	2005	7	20	20	0	0.4
74694313786	2005	7	22	20	0	0.067
74694313786	2005	7	22	21	0	1.14
74694313786	2005	7	22	22	0	0.01
74694313786	2005	7	23	16	0	0.04
74694313786	2005	7	23	17	0	0.24
74694313786	2005	7	28	4	0	1.2
74694313786	2005	7	28	5	0	0.01
74694313786	2005	7	29	11	0	0.004
74694313786	2005	7	29	12	0	0.09
74694313786	2005	7	29	13	0	0.04
74694313786	2005	7	30	0	0	0.1
74694313786	2005	7	30	1	0	0.02
74694313786	2005	7	30	6	0	0.24
74694313786	2005	7	30	7	0	0.03
74694313786	2005	7	30	18	0	1.25
74694313786	2005	7	30	19	0	0.43
74694313786	2005	7	30	20	0	0.13
74694313786	2005	7	30	21	0	0.02
74694313786	2005	7	31	8	0	0.01
74694313786	2005	7	31	15	0	0.78
74694313786	2005	7	31	16	0	0.03
74694313786	2005	7	31	17	0	0.12
74694313786	2005	7	31	18	0	0.08
74694313786	2005	7	31	20	0	0.03
74694313786	2005	7	31	21	0	0.04
74694313786	2005	8	2	9	0	0.01
74694313786	2005	8	3	18	0	0.01
74694313786	2005	8	4	8	0	0.01
74694313786	2005	8	7	9	0	0.01
74694313786	2005	8	7	22	0	0.05
74694313786	2005	8	7	23	0	0.22
74694313786	2005	8	8	22	0	0.18
74694313786	2005	8	9	16	0	0.02
74694313786	2005	8	9	18	0	0.02
74694313786	2005	8	9	19	0	0.04
74694313786	2005	8	9	20	0	0.31
74694313786	2005	8	10	7	0	0.01
74694313786	2005	8	13	11	0	0.01
74694313786	2005	8	15	19	0	0.02
74694313786	2005	8	15	20	0	0.04
74694313786	2005	8	16	13	0	0.01
74694313786	2005	8	16	22	0	0.28
74694313786	2005	8	17	0	0	0.01
74694313786	2005	8	17	1	0	0.01
74694313786	2005	8	17	4	0	0.01
74694313786	2005	8	18	8	0	0.01
74694313786	2005	8	21	20	0	0.035
74694313786	2005	8	21	21	0	0.08
74694313786	2005	8	21	23	0	0.03
74694313786	2005	8	23	8	0	0.001
74694313786	2005	8	23	9	0	0.02
74694313786	2005	8	23	21	0	0.03
74694313786	2005	8	23	22	0	0.05
74694313786	2005	9	15	9	0	0.01
74694313786	2005	9	15	10	0	0.05
74694313786	2005	9	15	11	0	0.05
74694313786	2005	9	15	21	0	0.02
74694313786	2005	9	16	11	0	0.19
74694313786	2005	9	16	13	0	0.05
74694313786	2005	9	16	16	0	0.16
74694313786	2005	9	19	9	0	0.01
74694313786	2005	9	21	3	0	0.18
74694313786	2005	9	21	4	0	0.15
74694313786	2005	9	21	5	0	0.01
74694313786	2005	9	21	7	0	0.01
74694313786	2005	9	21	8	0	0.01
74694313786	2005	9	27	3	0	0.01
74694313786	2005	9	27	4	0	0.1
74694313786	2005	9	27	5	0	0.17
74694313786	2005	9	27	6	0	0.06
74694313786	2005	9	27	7	0	0.02
74694313786	2005	9	27	15	0	0.04
74694313786	2005	10	4	19	0	0.06
74694313786	2005	10	4	20	0	0.01
74694313786	2005	10	5	21	0	0.01
74694313786	2005	10	7	6	0	0.01
74694313786	2005	10	7	8	0	0.02
74694313786	2005	10	7	9	0	0.01
74694313786	2005	10	7	14	0	0.01
74694313786	2005	10	7	15	0	0.01
74694313786	2005	10	7	17	0	0.02
74694313786	2005	10	7	18	0	0.01
74694313786	2005	10	7	19	0	0.03
74694313786	2005	10	7	20	0	0.08
74694313786	2005	10	7	21	0	0.16
74694313786	2005	10	7	22	0	0.07
74694313786	2005	10	7	23	0	0.06
74694313786	2005	10	8	0	0	0.04
74694313786	2005	10	8	1	0	0.04
74694313786	2005	10	8	2	0	0.08
74694313786	2005	10	8	3	0	0.08
74694313786	2005	10	8	4	0	0.54
74694313786	2005	10	8	5	0	0.07
74694313786	2005	10	8	6	0	0.07
74694313786	2005	10	8	7	0	0.04
74694313786	2005	10	8	8	0	0.24
74694313786	2005	10	8	9	0	0.07
74694313786	2005	10	8	10	0	0.08
74694313786	2005	10	8	11	0	0.07
74694313786	2005	10	8	12	0	0.04
74694313786	2005	10	8	13	0	0.39
74694313786	2005	10	8	14	0	0.06
74694313786	2005	10	8	15	0	0.01
74694313786	2005	10	8	16	0	0.05
74694313786	2005	10	8	17	0	0.11
74694313786	2005	10	8	18	0	0.38
74694313786	2005	10	8	19	0	0.07
74694313786	2005	10	10	10	0	0.01
74694313786	2005	10	10	11	0	0.02
74694313786	2005	10	10	12	0	0.06
74694313786	2005	10	10	13	0	0.02
74694313786	2005	10	10	15	0	0.1
74694313786	2005	10	10	16	0	0.07
74694313786	2005	10	10	17	0	0.01
74694313786	2005	10	12	3	0	0.01
74694313786	2005	10	12	13	0	0.01
74694313786	2005	10	22	7	0	0.08
74694313786	2005	10	22	8	0	0.16
74694313786	2005	10	22	9	0	0.03
74694313786	2005	10	24	13	0	0.03
74694313786	2005	10	24	14	0	0.07
74694313786	2005	10	24	15	0	0.11
74694313786	2005	10	24	16	0	0.13
74694313786	2005	10	24	17	0	0.21
74694313786	2005	10	24	18	0	0.16
74694313786	2005	10	24	19	0	0.11
74694313786	2005	10	24	20	0	0.06
74694313786	2005	10	24	21	0	0.05
74694313786	2005	10	24	22	0	0.04
74694313786	2005	10	24	23	0	0.01
74694313786	2005	10	25	2	0	0.005
74694313786	2005	10	25	3	0	0.03
74694313786	2005	10	25	4	0	0.01
74694313786	2005	10	28	9	0	0.02
74694313786	2005	10	28	10	0	0.03
74694313786	2005	10	28	11	0	0.03
74694313786	2005	10	28	12	0	0.04
74694313786	2005	10	28	13	0	0.04
74694313786	2005	11	10	12	0	0.08
74694313786	2005	11	10	13	0	0.04
74694313786	2005	11	17	4	0	0.03
74694313786	2005	11	17	6	0	0.05
74694313786	2005	11	17	7	0	0.13
74694313786	2005	11	21	3	0	0.02
74694313786	2005	11	21	4	0	0.06
74694313786	2005	11	21	5	0	0.03
74694313786	2005	11	21	6	0	0.02
74694313786	2005	11	21	7	0	0.01
74694313786	2005	11	21	8	0	0.02
74694313786	2005	11	21	9	0	0.01
74694313786	2005	11	21	10	0	0.01
74694313786	2005	11	21	11	0	0.04
74694313786	2005	11	21	12	0	0.03
74694313786	2005	11	21	13	0	0.08
74694313786	2005	11	21	14	0	0.12
74694313786	2005	11	21	15	0	0.16
74694313786	2005	11	21	16	0	0.29
74694313786	2005	11	21	17	0	0.2
74694313786	2005	11	21	18	0	0.13
74694313786	2005	11	21	19	0	0.15
74694313786	2005	11	21	20	0	0.04
74694313786	2005	11	21	21	0	0.06
74694313786	2005	11	21	23	0	0.01
74694313786	2005	11	22	3	0	0.01
74694313786	2005	11	22	7	0	0.06
74694313786	2005	11	22	13	0	0.01
74694313786	2005	11	29	22	0	0.01
74694313786	2005	11	29	23	0	0.02
74694313786	2005	11	30	4	0	0.01
74694313786	2005	11	30	5	0	0.033
74694313786	2005	11	30	6	0	0.1
74694313786	2005	12	4	5	0	0.03
74694313786	2005	12	4	6	0	0.02
74694313786	2005	12	4	7	0	0.05
74694313786	2005	12	4	8	0	0.01
74694313786	2005	12	4	10	0	0.04
74694313786	2005	12	4	11	0	0.01
74694313786	2005	12	5	2	0	0.01
74694313786	2005	12	5	3	0	0.02
74694313786	2005	12	5	4	0	0.07
74694313786	2005	12	5	5	0	0.11
74694313786	2005	12	5	6	0	0.05
74694313786	2005	12	5	7	0	0.11
74694313786	2005	12	5	8	0	0.21
74694313786	2005	12	5	9	0	0.1
74694313786	2005	12	5	10	0	0.07
74694313786	2005	12	5	11	0	0.11
74694313786	2005	12	5	12	0	0.02
74694313786	2005	12	5	17	0	0.01
74694313786	2005	12	5	18	0	0.02
74694313786	2005	12	5	20	0	0.07
74694313786	2005	12	5	21	0	0.05
74694313786	2005	12	5	22	0	0.03
74694313786	2005	12	5	23	0	0.04
74694313786	2005	12	6	0	0	0.01
74694313786	2005	12	6	1	0	0.04
74694313786	2005	12	6	2	0	0.01
74694313786	2005	12	6	6	0	0.07
74694313786	2005	12	6	7	0	0.01
74694313786	2005	12	9	8	0	0.02
74694313786	2005	12	9	11	0	0.2
74694313786	2005	12	9	12	0	0.01
74694313786	2005	12	9	13	0	0.07
74694313786	2005	12	9	14	0	0.03
74694313786	2005	12	13	3	0	0.001
74694313786	2005	12	13	4	0	0.005
74694313786	2005	12	13	5	0	0.002
74694313786	2005	12	15	14	0	0.006
74694313786	2005	12	15	15	0	0.02
74694313786	2005	12	15	16	0	0.01
74694313786	2005	12	15	20	0	0.04
74694313786	2005	12	15	21	0	0.06
74694313786	2005	12	15	22	0	0.16
74694313786	2005	12	15	23	0	0.06
74694313786	2005	12	16	0	0	0.06
74694313786	2005	12	16	1	0	0.11
74694313786	2005	12	16	2	0	0.17
74694313786	2005	12	16	4	0	0.13
74694313786	2005	12	16	5	0	0.03
74694313786	2005	12	18	6	0	0.02
74694313786	2005	12	18	7	0	0.03
74694313786	2005	12	18	8	0	0.04
74694313786	2005	12	18	9	0	0.04
74694313786	2005	12	18	10	0	0.07
74694313786	2005	12	18	11	0	0.04
74694313786	2005	12	18	12	0	0.03
74694313786	2005	12	18	13	0	0.03
74694313786	2005	12	18	14	0	0.03
74694313786	2005	12	25	10	0	0.03
74694313786	2005	12	25	13	0	0.06
74694313786	2005	12	25	14	0	0.1
74694313786	2005	12	25	15	0	0.04
74694313786	2005	12	25	16	0	0.06
74694313786	2005	12	25	17	0	0.01
74694313786	2005	12	25	18	0	0.05
74694313786	2005	12	29	7	0	0.19
74694313786	2005	12	29	8	0	0.11
74694313786	2005	12	29	12	0	0.01
74694313786	2005	12	29	13	0	0.01
74694313786	2005	12	31	16	0	0.01
74694313786	2005	12	31	17	0	0.02
74694313786	2006	1	2	19	0	0.08
74694313786	2006	1	2	21	0	0.01
74694313786	2006	1	2	22	0	0.16
74694313786	2006	1	2	23	0	0.1
74694313786	2006	1	3	0	0	0.13
74694313786	2006	1	3	1	0	0.12
74694313786	2006	1	3	5	0	0.01
74694313786	2006	1	3	6	0	0.21
74694313786	2006	1	3	7	0	0.01
74694313786	2006	1	3	8	0	0.04
74694313786	2006	1	6	11	0	0.01
74694313786	2006	1	6	12	0	0.03
74694313786	2006	1	14	7	0	0.01
74694313786	2006	1	14	8	0	0.09
74694313786	2006	1	14	9	0	0.1
74694313786	2006	1	14	10	0	0.02
74694313786	2006	1	14	11	0	0.01
74694313786	2006	1	14	22	0	0.05
74694313786	2006	1	14	23	0	0.01
74694313786	2006	1	15	3	0	0.01
74694313786	2006	1	15	5	0	0.01
74694313786	2006	1	18	11	0	0.055
74694313786	2006	1	18	12	0	0.06
74694313786	2006	1	18	13	0	0.12
74694313786	2006	1	18	14	0	0.06
74694313786	2006	1	18	15	0	0.01
74694313786	2006	1	21	20	0	0.008
74694313786	2006	1	21	21	0	0.01
74694313786	2006	1	21	22	0	0.07
74694313786	2006	1	21	23	0	0.06
74694313786	2006	1	23	8	0	0.06
74694313786	2006	1	23	21	0	0.01
74694313786	2006	1	24	5	0	0.01
74694313786	2006	1	29	15	0	0.01
74694313786	2006	1	31	0	0	0.02
74694313786	2006	1	31	10	0	0.04
74694313786	2006	1	31	11	0	0.04
74694313786	2006	1	31	12	0	0.08
74694313786	2006	1	31	13	0	0.05
74694313786	2006	1	31	14	0	0.08
74694313786	2006	1	31	15	0	0.08
74694313786	2006	1	31	16	0	0.02
74694313786	2006	2	3	7	0	0.02
74694313786	2006	2	3	9	0	0.01
74694313786	2006	2	4	7	0	0.15
74694313786	2006	2	4	8	0	0.03
74694313786	2006	2	4	9	0	0.2
74694313786	2006	2	4	10	0	0.01
74694313786	2006	2	4	11	0	0.03
74694313786	2006	2	11	15	0	0.04
74694313786	2006	2	11	16	0	0.02
74694313786	2006	2	11	17	0	0.06
74694313786	2006	2	11	18	0	0.01
74694313786	2006	2	11	19	0	0.05
74694313786	2006	2	11	20	0	0.01
74694313786	2006	2	11	21	0	0.01
74694313786	2006	2	11	22	0	0.01
74694313786	2006	2	11	23	0	0.04
74694313786	2006	2	12	0	0	0.01
74694313786	2006	2	18	18	0	0.01
74694313786	2006	2	18	19	0	0.02
74694313786	2006	2	18	20	0	0.02
74694313786	2006	2	18	21	0	0.01
74694313786	2006	2	20	10	0	0.01
74694313786	2006	2	20	12	0	0.01
74694313786	2006	2	20	13	0	0.01
74694313786	2006	2	20	15	0	0.01
74694313786	2006	2	22	15	0	0.01
74694313786	2006	2	22	16	0	0.01
74694313786	2006	2	23	1	0	0.01
74694313786	2006	2	23	2	0	0.03
74694313786	2006	2	23	3	0	0.01
74694313786	2006	2	23	4	0	0.09
74694313786	2006	2	23	5	0	0.06
74694313786	2006	2	23	6	0	0.03
74694313786	2006	2	23	8	0	0.01
74694313786	2006	2	23	9	0	0.01
74694313786	2006	2	23	13	0	0.02
74694313786	2006	2	23	14	0	0.01
74694313786	2006	3	6	14	0	0.03
74694313786	2006	3	6	15	0	0.01
74694313786	2006	3	6	16	0	0.02
74694313786	2006	3	6	17	0	0.01
74694313786	2006	3	6	18	0	0.01
74694313786	2006	3	6	19	0	0.03
74694313786	2006	3	14	16	0	0.01
74694313786	2006	3	21	3	0	0.02
74694313786	2006	3	21	4	0	0.05
74694313786	2006	3	21	5	0	0.06
74694313786	2006	3	21	6	0	0.04
74694313786	2006	3	21	7	0	0.01
74694313786	2006	3	21	8	0	0.02
74694313786	2006	3	21	10	0	0.01
74694313786	2006	3	21	11	0	0.01
74694313786	2006	3	21	12	0	0.01
74694313786	2006	3	21	14	0	0.02
74694313786	2006	3	21	17	0	0.09
74694313786	2006	3	21	18	0	0.24
74694313786	2006	3	21	19	0	0.09
74694313786	2006	3	21	20	0	0.03
74694313786	2006	3	22	6	0	0.01
74694313786	2006	3	22	7	0	0.01
74694313786	2006	3	24	13	0	0.04
74694313786	2006	3	24	14	0	0.05
74694313786	2006	3	24	15	0	0.08
74694313786	2006	3	24	16	0	0.12
74694313786	2006	3	24	17	0	0.05
74694313786	2006	3	24	18	0	0.05
74694313786	2006	3	24	19	0	0.02
74694313786	2006	3	24	20	0	0.01
74694313786	2006	3	25	17	0	0.01
74694313786	2006	4	1	9	0	0.09
74694313786	2006	4	1	10	0	0.02
74694313786	2006	4	1	11	0	0.01
74694313786	2006	4	1	12	0	0.05
74694313786	2006	4	1	13	0	0.01
74694313786	2006	4	3	17	0	0.67
74694313786	2006	4	4	2	0	0.053
74694313786	2006	4	4	3	0	0.06
74694313786	2006	4	4	4	0	0.05
74694313786	2006	4	4	5	0	0.01
74694313786	2006	4	8	21	0	0.02
74694313786	2006	4	8	22	0	0.14
74694313786	2006	4	8	23	0	0.14
74694313786	2006	4	9	0	0	0.12
74694313786	2006	4	9	1	0	0.08
74694313786	2006	4	9	2	0	0.02
74694313786	2006	4	9	3	0	0.02
74694313786	2006	4	9	4	0	0.03
74694313786	2006	4	9	5	0	0.02
74694313786	2006	4	9	6	0	0.02
74694313786	2006	4	9	8	0	0.05
74694313786	2006	4	9	9	0	0.02
74694313786	2006	4	14	5	0	0.03
74694313786	2006	4	15	5	0	0.002
74694313786	2006	4	15	6	0	0.08
74694313786	2006	4	22	20	0	0.042
74694313786	2006	4	22	21	0	0.08
74694313786	2006	4	26	5	0	0.185
74694313786	2006	4	26	6	0	0.02
74694313786	2006	4	26	7	0	0.03
74694313786	2006	4	26	8	0	0.01
74694313786	2006	4	26	22	0	0.02
74694313786	2006	4	26	23	0	0.03
74694313786	2006	4	27	0	0	0.01
74694313786	2006	4	27	1	0	0.01
74694313786	2006	5	3	19	0	0.48
74694313786	2006	5	3	20	0	0.09
74694313786	2006	5	5	21	0	0.02
74694313786	2006	5	5	22	0	0.11
74694313786	2006	5	5	23	0	0.03
74694313786	2006	5	6	0	0	0.06
74694313786	2006	5	6	2	0	0.09
74694313786	2006	5	6	3	0	0.11
74694313786	2006	5	6	7	0	0.03
74694313786	2006	5	6	8	0	0.05
74694313786	2006	5	6	9	0	0.01
74694313786	2006	5	6	10	0	0.01
74694313786	2006	5	6	12	0	0.06
74694313786	2006	5	6	13	0	0.01
74694313786	2006	5	7	22	0	0.01
74694313786	2006	5	8	0	0	0.04
74694313786	2006	5	8	1	0	0.26
74694313786	2006	5	8	2	0	0.35
74694313786	2006	5	8	3	0	0.43
74694313786	2006	5	8	4	0	0.31
74694313786	2006	5	8	5	0	0.26
74694313786	2006	5	8	6	0	0.12
74694313786	2006	5	8	7	0	0.16
74694313786	2006	5	8	8	0	0.03
74694313786	2006	5	12	1	0	0.08
74694313786	2006	5	12	2	0	0.01
74694313786	2006	5	14	16	0	0.01
74694313786	2006	5	14	18	0	0.8
74694313786	2006	5	14	19	0	0.01
74694313786	2006	5	14	21	0	0.24
74694313786	2006	5	14	22	0	0.01
74694313786	2006	5	15	1	0	0.21
74694313786	2006	5	15	2	0	0.02
74694313786	2006	5	15	3	0	0.01
74694313786	2006	5	15	20	0	0.03
74694313786	2006	5	15	23	0	0.98
74694313786	2006	5	16	0	0	0.01
74694313786	2006	5	16	3	0	0.07
74694313786	2006	5	18	23	0	0.02
74694313786	2006	5	19	1	0	0.14
74694313786	2006	5	19	2	0	0.15
74694313786	2006	5	26	20	0	0.01
74694313786	2006	5	27	2	0	0.002
74694313786	2006	5	27	3	0	0.11
74694313786	2006	5	27	4	0	0.01
74694313786	2006	5	27	21	0	0.01
74694313786	2006	6	3	13	0	0.47
74694313786	2006	6	3	14	0	0.59
74694313786	2006	6	3	15	0	0.27
74694313786	2006	6	3	16	0	0.02
74694313786	2006	6	3	18	0	0.36
74694313786	2006	6	3	19	0	0.02
74694313786	2006	6	3	20	0	0.01
74694313786	2006	6	5	9	0	0.01
74694313786	2006	6	5	10	0	0.14
74694313786	2006	6	5	11	0	0.03
74694313786	2006	6	5	19	0	0.46
74694313786	2006	6	6	22	0	0.01
74694313786	2006	6	7	0	0	0.03
74694313786	2006	6	8	22	0	0.09
74694313786	2006	6	9	0	0	0.09
74694313786	2006	6	9	5	0	0.01
74694313786	2006	6	9	8	0	0.01
74694313786	2006	6	9	9	0	0.06
74694313786	2006	6	11	3	0	0.01
74694313786	2006	6	12	3	0	0.04
74694313786	2006	6	12	4	0	0.08
74694313786	2006	6	12	10	0	0.2
74694313786	2006	6	12	11	0	0.15
74694313786	2006	6	14	6	0	0.01
74694313786	2006	6	14	7	0	0.02
74694313786	2006	6	14	8	0	0.09
74694313786	2006	6	14	9	0	0.08
74694313786	2006	6	14	11	0	0.01
74694313786	2006	6	14	14	0	0.092
74694313786	2006	6	14	15	0	0.21
74694313786	2006	6	14	16	0	0.08
74694313786	2006	6	14	17	0	0.37
74694313786	2006	6	14	18	0	0.32
74694313786	2006	6	14	19	0	0.15
74694313786	2006	6	14	20	0	0.42
74694313786	2006	6	14	21	0	0.4
74694313786	2006	6	14	22	0	0.03
74694313786	2006	6	15	0	0	0.01
74694313786	2006	6	15	2	0	0.02
74694313786	2006	6	21	19	0	0.36
74694313786	2006	6	24	16	0	0.05
74694313786	2006	6	24	18	0	0.04
74694313786	2006	6	26	1	0	0.01
74694313786	2006	6	26	3	0	0.01
74694313786	2006	6	26	5	0	0.12
74694313786	2006	6	26	7	0	0.01
74694313786	2006	6	26	8	0	0.06
74694313786	2006	6	26	9	0	0.3
74694313786	2006	6	26	10	0	0.28
74694313786	2006	6	26	11	0	0.18
74694313786	2006	6	26	13	0	0.25
74694313786	2006	6	26	15	0	0.01
74694313786	2006	6	26	20	0	0.14
74694313786	2006	6	27	3	0	0.48
74694313786	2006	6	27	5	0	0.25
74694313786	2006	6	27	6	0	0.04
74694313786	2006	6	27	15	0	0.02
74694313786	2006	6	27	16	0	0.02
74694313786	2006	6	27	19	0	0.06
74694313786	2006	6	27	21	0	0.03
74694313786	2006	6	27	22	0	0.01
74694313786	2006	6	27	23	0	0.06
74694313786	2006	6	28	0	0	0.1
74694313786	2006	6	28	1	0	0.03
74694313786	2006	6	30	1	0	0.54
74694313786	2006	6	30	2	0	0.34
74694313786	2006	7	6	15	0	0.07
74694313786	2006	7	6	16	0	0.07
74694313786	2006	7	6	17	0	0.02
74694313786	2006	7	6	18	0	0.01
74694313786	2006	7	6	20	0	0.01
74694313786	2006	7	13	23	0	0.83
74694313786	2006	7	14	0	0	0.01
74694313786	2006	7	14	1	0	0.88
74694313786	2006	7	14	2	0	0.11
74694313786	2006	7	14	3	0	0.1
74694313786	2006	7	14	4	0	0.03
74694313786	2006	7	14	5	0	0.03
74694313786	2006	7	14	6	0	0.07
74694313786	2006	7	14	7	0	0.01
74694313786	2006	7	14	9	0	0.06
74694313786	2006	7	14	10	0	0.22
74694313786	2006	7	14	22	0	0.68
74694313786	2006	7	14	23	0	0.01
74694313786	2006	7	15	0	0	0.02
74694313786	2006	7	16	1	0	0.08
74694313786	2006	7	23	18	0	0.33
74694313786	2006	7	23	19	0	0.69
74694313786	2006	7	23	20	0	0.02
74694313786	2006	7	23	23	0	0.29
74694313786	2006	7	24	0	0	0.71
74694313786	2006	7	24	1	0	0.09
74694313786	2006	7	25	14	0	0.016
74694313786	2006	7	25	15	0	0.45
74694313786	2006	7	25	16	0	0.27
74694313786	2006	7	25	17	0	0.1
74694313786	2006	7	26	20	0	0.038
74694313786	2006	7	26	21	0	0.17
74694313786	2006	7	29	0	0	0.33
74694313786	2006	8	8	18	0	0.07
74694313786	2006	8	8	19	0	0.49
74694313786	2006	8	8	20	0	0.47
74694313786	2006	8	8	21	0	0.13
74694313786	2006	8	16	9	0	0.11
74694313786	2006	8	17	21	0	0.03
74694313786	2006	8	17	22	0	0.07
74694313786	2006	8	17	23	0	0.07
74694313786	2006	8	18	0	0	0.08
74694313786	2006	8	18	1	0	0.01
74694313786	2006	8	18	7	0	0.08
74694313786	2006	8	20	23	0	0.28
74694313786	2006	8	22	8	0	0.33
74694313786	2006	8	22	9	0	0.01
74694313786	2006	8	22	18	0	0.04
74694313786	2006	8	22	19	0	0.02
74694313786	2006	8	30	4	0	0.19
74694313786	2006	8	30	5	0	1.8
74694313786	2006	8	30	6	0	0.39
74694313786	2006	8	30	20	0	0.019
74694313786	2006	8	30	21	0	1.43
74694313786	2006	8	30	22	0	3.05
74694313786	2006	8	30	23	0	0.51
74694313786	2006	8	31	0	0	0.09
74694313786	2006	8	31	11	0	0.02
74694313786	2006	8	31	12	0	0.03
74694313786	2006	8	31	16	0	0.02
74694313786	2006	8	31	17	0	0.03
74694313786	2006	8	31	18	0	0.72
74694313786	2006	8	31	19	0	0.16
74694313786	2006	8	31	20	0	0.22
74694313786	2006	8	31	21	0	0.07
74694313786	2006	9	1	0	0	0.07
74694313786	2006	9	1	1	0	0.09
74694313786	2006	9	1	2	0	0.18
74694313786	2006	9	1	3	0	0.26
74694313786	2006	9	1	4	0	0.2
74694313786	2006	9	1	5	0	0.19
74694313786	2006	9	1	6	0	0.35
74694313786	2006	9	1	7	0	0.13
74694313786	2006	9	1	8	0	0.52
74694313786	2006	9	1	9	0	0.51
74694313786	2006	9	1	10	0	0.92
74694313786	2006	9	1	11	0	0.02
74694313786	2006	9	1	12	0	0.06
74694313786	2006	9	1	13	0	0.2
74694313786	2006	9	1	14	0	0.1
74694313786	2006	9	5	14	0	0.04
74694313786	2006	9	5	15	0	0.01
74694313786	2006	9	5	18	0	0.82
74694313786	2006	9	5	19	0	1.0
74694313786	2006	9	5	20	0	0.06
74694313786	2006	9	13	23	0	0.02
74694313786	2006	9	14	9	0	0.03
74694313786	2006	9	14	12	0	0.02
74694313786	2006	9	14	19	0	0.02
74694313786	2006	9	14	21	0	0.15
74694313786	2006	9	15	9	0	0.03
74694313786	2006	9	16	23	0	0.02
74694313786	2006	9	17	0	0	0.01
74694313786	2006	9	20	0	0	0.13
74694313786	2006	9	20	1	0	1.05
74694313786	2006	9	20	3	0	0.01
74694313786	2006	9	20	4	0	0.04
74694313786	2006	9	25	5	0	0.01
74694313786	2006	9	25	6	0	0.06
74694313786	2006	9	29	5	0	0.1
74694313786	2006	9	29	6	0	0.03
74694313786	2006	9	29	7	0	0.01
74694313786	2006	10	6	19	0	0.02
74694313786	2006	10	6	20	0	0.03
74694313786	2006	10	6	21	0	0.02
74694313786	2006	10	6	22	0	0.02
74694313786	2006	10	6	23	0	0.05
74694313786	2006	10	7	0	0	0.26
74694313786	2006	10	7	13	0	0.03
74694313786	2006	10	7	23	0	0.03
74694313786	2006	10	17	20	0	0.01
74694313786	2006	10	17	22	0	0.01
74694313786	2006	10	18	0	0	0.01
74694313786	2006	10	18	3	0	0.02
74694313786	2006	10	18	4	0	0.01
74694313786	2006	10	18	5	0	0.04
74694313786	2006	10	18	6	0	0.09
74694313786	2006	10	18	7	0	0.11
74694313786	2006	10	22	18	0	0.04
74694313786	2006	10	27	20	0	0.02
74694313786	2006	10	27	21	0	0.01
74694313786	2006	10	27	22	0	0.02
74694313786	2006	10	27	23	0	0.01
74694313786	2006	10	28	0	0	0.01
74694313786	2006	10	28	1	0	0.03
74694313786	2006	10	28	2	0	0.05
74694313786	2006	10	28	3	0	0.05
74694313786	2006	10	28	4	0	0.08
74694313786	2006	10	28	5	0	0.19
74694313786	2006	10	28	6	0	0.22
74694313786	2006	10	28	7	0	0.47
74694313786	2006	10	28	8	0	0.05
74694313786	2006	10	28	9	0	0.2
74694313786	2006	11	7	20	0	0.03
74694313786	2006	11	7	21	0	0.16
74694313786	2006	11	7	22	0	0.35
74694313786	2006	11	7	23	0	0.33
74694313786	2006	11	8	0	0	0.28
74694313786	2006	11	8	1	0	0.14
74694313786	2006	11	8	2	0	0.09
74694313786	2006	11	8	3	0	0.13
74694313786	2006	11	8	4	0	0.03
74694313786	2006	11	8	5	0	0.03
74694313786	2006	11	8	6	0	0.26
74694313786	2006	11	8	7	0	0.05
74694313786	2006	11	8	8	0	0.07
74694313786	2006	11	8	9	0	0.06
74694313786	2006	11	12	15	0	0.38
74694313786	2006	11	12	16	0	0.08
74694313786	2006	11	12	19	0	0.3
74694313786	2006	11	12	20	0	0.32
74694313786	2006	11	12	21	0	0.24
74694313786	2006	11	12	22	0	0.01
74694313786	2006	11	16	19	0	0.02
74694313786	2006	11	16	20	0	0.22
74694313786	2006	11	16	21	0	0.06
74694313786	2006	11	21	19	0	0.03
74694313786	2006	11	21	21	0	0.02
74694313786	2006	11	21	22	0	0.07
74694313786	2006	11	21	23	0	0.14
74694313786	2006	11	22	0	0	0.27
74694313786	2006	11	22	1	0	0.25
74694313786	2006	11	22	2	0	0.27
74694313786	2006	11	22	3	0	0.13
74694313786	2006	11	22	4	0	0.14
74694313786	2006	11	22	5	0	0.1
74694313786	2006	11	22	6	0	0.18
74694313786	2006	11	22	7	0	0.09
74694313786	2006	11	22	8	0	0.23
74694313786	2006	11	22	9	0	0.16
74694313786	2006	11	22	10	0	0.12
74694313786	2006	11	22	11	0	0.55
74694313786	2006	11	22	12	0	0.05
74694313786	2006	11	22	13	0	0.18
74694313786	2006	11	22	14	0	0.26
74694313786	2006	11	22	15	0	0.05
74694313786	2006	11	22	16	0	0.04
74694313786	2006	11	23	1	0	0.02
74694313786	2006	11	23	2	0	0.01
74694313786	2006	12	1	22	0	0.04
74694313786	2006	12	1	23	0	0.04
74694313786	2006	12	4	4	0	0.06
74694313786	2006	12	4	5	0	0.09
74694313786	2006	12	4	6	0	0.01
74694313786	2006	12	13	10	0	0.01
74694313786	2006	12	13	11	0	0.01
74694313786	2006	12	23	2	0	0.02
74694313786	2006	12	23	3	0	0.05
74694313786	2006	12	23	4	0	0.07
74694313786	2006	12	23	5	0	0.02
74694313786	2006	12	23	7	0	0.03
74694313786	2006	12	23	10	0	0.01
74694313786	2006	12	23	14	0	0.01
74694313786	2006	12	25	15	0	0.03
74694313786	2006	12	25	19	0	0.09
74694313786	2006	12	25	20	0	0.09
74694313786	2006	12	25	21	0	0.19
74694313786	2006	12	25	22	0	0.16
74694313786	2006	12	25	23	0	0.03
74694313786	2007	1	1	15	0	0.02
74694313786	2007	1	1	16	0	0.01
74694313786	2007	1	1	23	0	0.14
74694313786	2007	1	5	22	0	0.03
74694313786	2007	1	6	9	0	0.02
74694313786	2007	1	6	10	0	0.4
74694313786	2007	1	8	14	0	0.13
74694313786	2007	1	10	1	0	0.01
74694313786	2007	1	16	13	0	0.06
74694313786	2007	1	16	14	0	0.03
74694313786	2007	1	16	15	0	0.02
74694313786	2007	1	16	16	0	0.02
74694313786	2007	1	16	17	0	0.02
74694313786	2007	1	18	14	0	0.027
74694313786	2007	1	19	0	0	0.02
74694313786	2007	1	19	2	0	0.05
74694313786	2007	1	19	3	0	0.05
74694313786	2007	1	19	4	0	0.01
74694313786	2007	1	21	23	0	0.014
74694313786	2007	1	22	0	0	0.03
74694313786	2007	1	22	1	0	0.04
74694313786	2007	1	22	2	0	0.03
74694313786	2007	1	22	3	0	0.03
74694313786	2007	1	22	4	0	0.06
74694313786	2007	1	22	5	0	0.08
74694313786	2007	1	22	6	0	0.21
74694313786	2007	1	22	7	0	0.26
74694313786	2007	1	22	8	0	0.01
74694313786	2007	1	22	9	0	0.03
74694313786	2007	1	28	11	0	0.01
74694313786	2007	1	28	12	0	0.08
74694313786	2007	1	28	14	0	0.01
74694313786	2007	1	29	1	0	0.07
74694313786	2007	1	29	2	0	0.03
74694313786	2007	1	29	3	0	0.07
74694313786	2007	2	1	17	0	0.01
74694313786	2007	2	1	19	0	0.03
74694313786	2007	2	1	20	0	0.09
74694313786	2007	2	1	21	0	0.01
74694313786	2007	2	1	23	0	0.01
74694313786	2007	2	2	0	0	0.01
74694313786	2007	2	2	14	0	0.02
74694313786	2007	2	14	3	0	0.01
74694313786	2007	2	14	5	0	0.24
74694313786	2007	2	14	6	0	0.62
74694313786	2007	2	14	7	0	0.02
74694313786	2007	2	14	8	0	0.005
74694313786	2007	2	14	9	0	0.004
74694313786	2007	2	14	16	0	0.004
74694313786	2007	2	21	17	0	0.02
74694313786	2007	2	22	7	0	0.01
74694313786	2007	2	22	8	0	0.03
74694313786	2007	2	25	20	0	0.03
74694313786	2007	2	25	21	0	0.06
74694313786	2007	2	25	22	0	0.04
74694313786	2007	2	25	23	0	0.12
74694313786	2007	2	26	0	0	0.4
74694313786	2007	2	26	1	0	0.32
74694313786	2007	2	26	2	0	0.04
74694313786	2007	3	2	4	0	0.01
74694313786	2007	3	2	5	0	0.02
74694313786	2007	3	2	7	0	0.02
74694313786	2007	3	2	8	0	0.05
74694313786	2007	3	2	9	0	0.2
74694313786	2007	3	2	10	0	0.02
74694313786	2007	3	2	11	0	0.02
74694313786	2007	3	2	13	0	0.03
74694313786	2007	3	2	14	0	0.01
74694313786	2007	3	16	15	0	0.03
74694313786	2007	3	16	18	0	0.16
74694313786	2007	3	16	19	0	0.02
74694313786	2007	3	16	20	0	0.01
74694313786	2007	3	16	21	0	0.06
74694313786	2007	3	17	0	0	0.08
74694313786	2007	3	29	6	0	0.01
74694313786	2007	4	2	8	0	0.01
74694313786	2007	4	7	8	0	0.012
74694313786	2007	4	7	9	0	0.07
74694313786	2007	4	7	10	0	0.01
74694313786	2007	4	12	9	0	0.07
74694313786	2007	4	12	10	0	0.09
74694313786	2007	4	12	11	0	0.05
74694313786	2007	4	12	12	0	0.01
74694313786	2007	4	14	13	0	0.02
74694313786	2007	4	15	10	0	0.03
74694313786	2007	4	15	11	0	0.07
74694313786	2007	4	15	12	0	0.15
74694313786	2007	4	15	13	0	0.23
74694313786	2007	4	15	14	0	0.97
74694313786	2007	4	15	15	0	0.07
74694313786	2007	4	15	16	0	0.19
74694313786	2007	4	15	18	0	0.03
74694313786	2007	4	15	19	0	0.03
74694313786	2007	4	15	23	0	0.27
74694313786	2007	4	16	2	0	0.2
74694313786	2007	4	16	3	0	0.03
74694313786	2007	4	16	4	0	0.05
74694313786	2007	4	16	5	0	0.03
74694313786	2007	4	16	6	0	0.02
74694313786	2007	5	3	8	0	0.03
74694313786	2007	5	3	9	0	0.05
74694313786	2007	5	3	18	0	0.01
74694313786	2007	5	6	3	0	0.06
74694313786	2007	5	6	5	0	0.22
74694313786	2007	5	6	6	0	0.32
74694313786	2007	5	6	7	0	0.01
74694313786	2007	5	8	21	0	0.02
74694313786	2007	5	8	22	0	0.01
74694313786	2007	5	8	23	0	0.11
74694313786	2007	5	9	15	0	0.3
74694313786	2007	5	12	22	0	0.45
74694313786	2007	5	12	23	0	0.16
74694313786	2007	5	13	0	0	0.04
74694313786	2007	5	13	1	0	0.01
74694313786	2007	5	17	14	0	0.01
74694313786	2007	5	17	15	0	0.05
74694313786	2007	5	17	16	0	0.23
74694313786	2007	5	17	17	0	0.08
74694313786	2007	5	17	18	0	0.01
74694313786	2007	5	18	3	0	0.03
74694313786	2007	5	18	4	0	0.05
74694313786	2007	5	18	5	0	0.05
74694313786	2007	5	18	6	0	0.01
74694313786	2007	6	3	4	0	0.01
74694313786	2007	6	3	7	0	0.1
74694313786	2007	6	3	8	0	0.21
74694313786	2007	6	3	9	0	0.2
74694313786	2007	6	3	10	0	0.18
74694313786	2007	6	3	11	0	0.15
74694313786	2007	6	3	12	0	0.21
74694313786	2007	6	3	13	0	0.01
74694313786	2007	6	3	14	0	0.01
74694313786	2007	6	3	17	0	0.03
74694313786	2007	6	3	18	0	0.01
74694313786	2007	6	3	21	0	0.02
74694313786	2007	6	3	22	0	0.16
74694313786	2007	6	3	23	0	0.06
74694313786	2007	6	4	0	0	0.02
74694313786	2007	6	4	1	0	0.02
74694313786	2007	6	4	2	0	0.01
74694313786	2007	6	6	6	0	0.42
74694313786	2007	6	9	5	0	0.02
74694313786	2007	6	9	6	0	0.01
74694313786	2007	6	20	17	0	0.02
74694313786	2007	6	20	18	0	0.01
74694313786	2007	6	20	19	0	0.01
74694313786	2007	6	20	20	0	0.01
74694313786	2007	6	26	11	0	0.01
74694313786	2007	6	26	12	0	0.01
74694313786	2007	6	29	21	0	0.38
74694313786	2007	6	29	23	0	0.01
74694313786	2007	6	30	22	0	0.73
74694313786	2007	7	1	0	0	0.01
74694313786	2007	7	1	3	0	0.3
74694313786	2007	7	1	5	0	0.22
74694313786	2007	7	1	6	0	0.05
74694313786	2007	7	1	7	0	0.01
74694313786	2007	7	7	22	0	0.01
74694313786	2007	7	12	0	0	0.3
74694313786	2007	7	12	1	0	0.06
74694313786	2007	7	12	2	0	0.12
74694313786	2007	7	12	3	0	0.1
74694313786	2007	7	13	22	0	0.01
74694313786	2007	7	18	0	0	0.01
74694313786	2007	7	18	1	0	0.05
74694313786	2007	7	18	2	0	0.03
74694313786	2007	7	18	8	0	0.01
74694313786	2007	7	18	9	0	0.01
74694313786	2007	7	19	23	0	0.01
74694313786	2007	7	20	17	0	0.11
74694313786	2007	7	20	22	0	0.01
74694313786	2007	7	27	23	0	0.01
74694313786	2007	7	28	0	0	0.01
74694313786	2007	7	30	17	0	0.05
74694313786	2007	7	30	18	0	0.02
74694313786	2007	8	6	1	0	0.022
74694313786	2007	8	6	2	0	0.016
74694313786	2007	8	6	3	0	0.095
74694313786	2007	8	6	4	0	0.02
74694313786	2007	8	6	5	0	0.03
74694313786	2007	8	6	6	0	0.01
74694313786	2007	8	9	22	0	0.285
74694313786	2007	8	9	23	0	0.001
74694313786	2007	8	10	6	0	0.004
74694313786	2007	8	10	14	0	0.21
74694313786	2007	8	10	20	0	0.49
74694313786	2007	8	17	8	0	0.043
74694313786	2007	8	17	9	0	0.15
74694313786	2007	8	22	1	0	1.44
74694313786	2007	8	22	2	0	0.2
74694313786	2007	8	22	3	0	0.095
74694313786	2007	8	22	4	0	0.21
74694313786	2007	8	22	5	0	0.199
74694313786	2007	8	26	21	0	0.26
74694313786	2007	8	26	22	0	0.01
74694313786	2007	8	27	5	0	0.69
74694313786	2007	9	9	12	0	0.02
74694313786	2007	9	15	4	0	0.05
74694313786	2007	9	15	5	0	0.03
74694313786	2007	9	15	7	0	0.01
74694313786	2007	9	15	9	0	0.05
74694313786	2007	9	20	16	0	0.04
74694313786	2007	9	20	17	0	0.02
74694313786	2007	9	21	9	0	0.07
74694313786	2007	9	22	18	0	0.1
74694313786	2007	9	22	19	0	0.02
74694313786	2007	9	22	20	0	0.12
74694313786	2007	9	27	18	0	0.1
74694313786	2007	9	27	19	0	0.05
74694313786	2007	10	6	19	0	0.5
74694313786	2007	10	6	20	0	0.01
74694313786	2007	10	10	14	0	0.06
74694313786	2007	10	19	19	0	0.2
74694313786	2007	10	23	14	0	0.005
74694313786	2007	10	24	16	0	0.23
74694313786	2007	10	25	10	0	0.01
74694313786	2007	10	25	11	0	0.05
74694313786	2007	10	25	14	0	0.52
74694313786	2007	10	25	20	0	0.03
74694313786	2007	10	26	8	0	0.03
74694313786	2007	10	26	17	0	0.03
74694313786	2007	10	26	20	0	0.05
74694313786	2007	10	26	21	0	0.96
74694313786	2007	10	27	12	0	0.08
74694313786	2007	10	27	13	0	0.05
74694313786	2007	10	27	14	0	0.11
74694313786	2007	10	27	15	0	0.14
74694313786	2007	10	27	18	0	0.01
74694313786	2007	11	10	6	0	0.06
74694313786	2007	11	10	7	0	0.02
74694313786	2007	11	10	8	0	0.02
74694313786	2007	11	15	16	0	0.04
74694313786	2007	11	15	17	0	0.04
74694313786	2007	11	15	18	0	0.19
74694313786	2007	11	15	19	0	0.06
74694313786	2007	11	15	20	0	0.04
74694313786	2007	11	23	3	0	0.01
74694313786	2007	11	25	20	0	0.03
74694313786	2007	11	25	21	0	0.01
74694313786	2007	11	26	17	0	0.001
74694313786	2007	11	26	18	0	0.01
74694313786	2007	11	27	7	0	0.01
74694313786	2007	11	29	14	0	0.01
74694313786	2007	12	3	4	0	0.01
74694313786	2007	12	3	6	0	0.01
74694313786	2007	12	3	8	0	0.01
74694313786	2007	12	16	0	0	0.01
74694313786	2007	12	16	1	0	0.12
74694313786	2007	12	16	2	0	0.18
74694313786	2007	12	16	3	0	0.2
74694313786	2007	12	16	4	0	0.1
74694313786	2007	12	16	6	0	0.03
74694313786	2007	12	16	7	0	0.29
74694313786	2007	12	16	8	0	0.37
74694313786	2007	12	16	9	0	0.02
74694313786	2007	12	16	10	0	0.01
74694313786	2007	12	16	13	0	0.06
74694313786	2007	12	16	15	0	0.18
74694313786	2007	12	26	10	0	0.02
74694313786	2007	12	26	12	0	0.01
74694313786	2007	12	26	13	0	0.11
74694313786	2007	12	26	14	0	0.13
74694313786	2007	12	26	15	0	0.1
74694313786	2007	12	26	16	0	0.09
74694313786	2007	12	29	22	0	0.08
74694313786	2007	12	30	15	0	0.03
74694313786	2008	1	11	13	0	0.02
74694313786	2008	1	11	14	0	0.06
74694313786	2008	1	11	15	0	0.02
74694313786	2008	1	17	17	0	0.03
74694313786	2008	1	17	18	0	0.03
74694313786	2008	1	17	19	0	0.04
74694313786	2008	1	17	20	0	0.02
74694313786	2008	1	17	21	0	0.01
74694313786	2008	1	19	16	0	0.01
74694313786	2008	1	19	17	0	0.02
74694313786	2008	1	19	18	0	0.03
74694313786	2008	1	19	19	0	0.01
74694313786	2008	1	19	20	0	0.03
74694313786	2008	1	19	21	0	0.01
74694313786	2008	1	20	1	0	0.01
74694313786	2008	1	20	3	0	0.01
74694313786	2008	1	22	11	0	0.02
74694313786	2008	1	22	12	0	0.01
74694313786	2008	1	23	4	0	0.03
74694313786	2008	1	23	5	0	0.03
74694313786	2008	1	23	6	0	0.05
74694313786	2008	1	23	9	0	0.01
74694313786	2008	2	1	8	0	0.01
74694313786	2008	2	1	9	0	0.14
74694313786	2008	2	1	10	0	0.01
74694313786	2008	2	1	20	0	0.016
74694313786	2008	2	1	21	0	0.26
74694313786	2008	2	5	2	0	0.01
74694313786	2008	2	13	7	0	0.07
74694313786	2008	2	13	8	0	0.29
74694313786	2008	2	13	9	0	0.19
74694313786	2008	2	13	10	0	0.11
74694313786	2008	2	13	11	0	0.11
74694313786	2008	2	13	12	0	0.04
74694313786	2008	2	13	13	0	0.09
74694313786	2008	2	13	22	0	0.01
74694313786	2008	2	13	23	0	0.13
74694313786	2008	2	14	0	0	0.03
74694313786	2008	2	14	3	0	0.02
74694313786	2008	2	14	7	0	0.03
74694313786	2008	2	18	9	0	0.04
74694313786	2008	2	18	10	0	0.17
74694313786	2008	2	18	11	0	0.24
74694313786	2008	2	18	17	0	0.006
74694313786	2008	2	18	18	0	0.01
74694313786	2008	2	22	7	0	0.04
74694313786	2008	2	22	11	0	0.08
74694313786	2008	2	22	12	0	0.04
74694313786	2008	2	22	14	0	0.08
74694313786	2008	2	22	15	0	0.06
74694313786	2008	2	22	16	0	0.13
74694313786	2008	2	22	17	0	0.03
74694313786	2008	2	23	11	0	0.07
74694313786	2008	2	23	15	0	0.02
74694313786	2008	2	23	16	0	0.06
74694313786	2008	2	23	17	0	0.03
74694313786	2008	2	26	18	0	0.21
74694313786	2008	2	26	19	0	0.11
74694313786	2008	3	5	6	0	0.08
74694313786	2008	3	5	7	0	0.7
74694313786	2008	3	7	17	0	0.01
74694313786	2008	3	7	19	0	0.01
74694313786	2008	3	7	20	0	0.052
74694313786	2008	3	7	21	0	0.03
74694313786	2008	3	8	14	0	0.005
74694313786	2008	3	8	15	0	0.07
74694313786	2008	3	16	0	0	0.07
74694313786	2008	3	16	1	0	0.25
74694313786	2008	3	16	2	0	0.07
74694313786	2008	3	20	3	0	0.03
74694313786	2008	3	30	18	0	0.03
74694313786	2008	3	30	19	0	0.01
74694313786	2008	4	1	10	0	0.03
74694313786	2008	4	1	11	0	0.01
74694313786	2008	4	1	16	0	0.02
74694313786	2008	4	1	18	0	0.01
74694313786	2008	4	4	5	0	0.01
74694313786	2008	4	4	6	0	0.24
74694313786	2008	4	5	9	0	0.08
74694313786	2008	4	5	10	0	0.07
74694313786	2008	4	5	13	0	0.08
74694313786	2008	4	5	14	0	0.06
74694313786	2008	4	5	15	0	0.05
74694313786	2008	4	5	16	0	0.18
74694313786	2008	4	5	17	0	0.21
74694313786	2008	4	5	19	0	0.03
74694313786	2008	4	5	20	0	0.11
74694313786	2008	4	5	21	0	0.08
74694313786	2008	4	5	22	0	0.06
74694313786	2008	4	5	23	0	0.01
74694313786	2008	4	6	3	0	0.01
74694313786	2008	4	6	9	0	0.04
74694313786	2008	4	6	10	0	0.02
74694313786	2008	4	9	8	0	0.02
74694313786	2008	4	12	21	0	0.37
74694313786	2008	4	20	14	0	0.004
74694313786	2008	4	20	15	0	0.01
74694313786	2008	4	20	16	0	0.01
74694313786	2008	4	20	17	0	0.04
74694313786	2008	4	21	2	0	0.09
74694313786	2008	4	21	5	0	0.25
74694313786	2008	4	21	6	0	0.1
74694313786	2008	4	21	7	0	0.08
74694313786	2008	4	21	8	0	0.03
74694313786	2008	4	21	13	0	0.27
74694313786	2008	4	21	14	0	0.22
74694313786	2008	4	21	15	0	0.11
74694313786	2008	4	21	16	0	0.09
74694313786	2008	4	21	17	0	0.1
74694313786	2008	4	21	18	0	0.14
74694313786	2008	4	21	19	0	0.12
74694313786	2008	4	21	20	0	0.04
74694313786	2008	4	22	2	0	0.01
74694313786	2008	4	22	4	0	0.02
74694313786	2008	4	22	5	0	0.08
74694313786	2008	4	22	6	0	0.08
74694313786	2008	4	22	7	0	0.02
74694313786	2008	4	22	12	0	0.1
74694313786	2008	4	27	5	0	0.01
74694313786	2008	4	27	21	0	0.02
74694313786	2008	4	29	0	0	0.03
74694313786	2008	5	4	19	0	0.04
74694313786	2008	5	8	21	0	0.01
74694313786	2008	5	9	12	0	0.1
74694313786	2008	5	10	9	0	0.01
74694313786	2008	5	11	18	0	0.01
74694313786	2008	5	11	22	0	0.15
74694313786	2008	5	11	23	0	0.14
74694313786	2008	5	12	0	0	0.03
74694313786	2008	5	12	21	0	0.03
74694313786	2008	5	16	5	0	0.02
74694313786	2008	5	16	6	0	0.02
74694313786	2008	5	16	12	0	0.01
74694313786	2008	5	16	13	0	0.01
74694313786	2008	5	17	0	0	0.06
74694313786	2008	5	18	23	0	0.01
74694313786	2008	5	19	0	0	0.04
74694313786	2008	5	19	1	0	0.06
74694313786	2008	5	20	21	0	0.12
74694313786	2008	5	20	22	0	0.03
74694313786	2008	5	20	23	0	0.01
74694313786	2008	5	24	11	0	0.03
74694313786	2008	5	24	12	0	0.01
74694313786	2008	5	24	13	0	0.01
74694313786	2008	5	28	6	0	0.2
74694313786	2008	5	28	7	0	0.05
74694313786	2008	5	28	9	0	0.01
74694313786	2008	5	28	11	0	0.01
74694313786	2008	5	28	12	0	0.03
74694313786	2008	5	28	17	0	0.03
74694313786	2008	5	28	18	0	0.04
74694313786	2008	6	1	19	0	0.02
74694313786	2008	6	15	11	0	0.01
74694313786	2008	6	17	6	0	0.01
74694313786	2008	6	17	7	0	0.31
74694313786	2008	6	17	9	0	0.01
74694313786	2008	6	20	9	0	0.01
74694313786	2008	6	21	17	0	0.08
74694313786	2008	6	23	20	0	0.14
74694313786	2008	6	24	5	0	0.03
74694313786	2008	6	24	6	0	0.14
74694313786	2008	6	24	7	0	0.01
74694313786	2008	6	30	17	0	0.08
74694313786	2008	6	30	18	0	0.01
74694313786	2008	6	30	23	0	0.52
74694313786	2008	7	5	16	0	0.03
74694313786	2008	7	6	3	0	0.02
74694313786	2008	7	6	23	0	0.206
74694313786	2008	7	7	0	0	0.23
74694313786	2008	7	7	1	0	0.01
74694313786	2008	7	8	14	0	0.38
74694313786	2008	7	8	21	0	0.07
74694313786	2008	7	8	22	0	0.06
74694313786	2008	7	9	14	0	0.08
74694313786	2008	7	9	18	0	0.04
74694313786	2008	7	11	16	0	0.01
74694313786	2008	7	14	19	0	0.34
74694313786	2008	7	14	20	0	0.07
74694313786	2008	7	15	1	0	0.2
74694313786	2008	7	15	2	0	0.18
74694313786	2008	7	15	4	0	0.41
74694313786	2008	7	15	5	0	0.01
74694313786	2008	7	22	18	0	0.01
74694313786	2008	7	22	19	0	0.1
74694313786	2008	7	22	20	0	0.01
74694313786	2008	7	23	19	0	0.22
74694313786	2008	7	23	21	0	0.09
74694313786	2008	7	23	22	0	0.06
74694313786	2008	7	23	23	0	0.01
74694313786	2008	7	24	0	0	0.36
74694313786	2008	7	24	1	0	0.02
74694313786	2008	7	24	5	0	0.01
74694313786	2008	7	24	6	0	0.39
74694313786	2008	7	24	7	0	0.01
74694313786	2008	7	24	8	0	0.01
74694313786	2008	7	24	9	0	0.03
74694313786	2008	7	24	10	0	0.06
74694313786	2008	7	24	11	0	0.04
74694313786	2008	7	28	4	0	0.12
74694313786	2008	8	8	7	0	0.04
74694313786	2008	8	13	21	0	0.01
74694313786	2008	8	14	2	0	0.01
74694313786	2008	8	16	0	0	1.02
74694313786	2008	8	16	1	0	0.23
74694313786	2008	8	27	20	0	0.064
74694313786	2008	8	27	21	0	0.16
74694313786	2008	8	27	22	0	0.01
74694313786	2008	8	28	3	0	0.04
74694313786	2008	8	28	4	0	0.02
74694313786	2008	8	28	8	0	0.06
74694313786	2008	8	30	20	0	0.29
74694313786	2008	9	5	18	0	0.17
74694313786	2008	9	5	19	0	0.35
74694313786	2008	9	5	20	0	0.4
74694313786	2008	9	6	10	0	0.18
74694313786	2008	9	6	11	0	0.18
74694313786	2008	9	6	17	0	0.02
74694313786	2008	9	10	10	0	0.07
74694313786	2008	9	10	11	0	0.01
74694313786	2008	9	10	12	0	0.02
74694313786	2008	9	10	13	0	0.05
74694313786	2008	9	10	18	0	0.1
74694313786	2008	9	11	4	0	0.01
74694313786	2008	9	16	14	0	0.05
74694313786	2008	9	16	16	0	0.42
74694313786	2008	9	16	17	0	0.11
74694313786	2008	9	16	18	0	0.06
74694313786	2008	9	25	6	0	0.01
74694313786	2008	9	25	7	0	0.01
74694313786	2008	9	25	9	0	0.06
74694313786	2008	9	25	10	0	0.17
74694313786	2008	9	25	11	0	0.19
74694313786	2008	9	25	12	0	0.12
74694313786	2008	9	25	14	0	0.03
74694313786	2008	9	25	15	0	0.02
74694313786	2008	9	25	16	0	0.08
74694313786	2008	9	25	17	0	0.06
74694313786	2008	9	25	20	0	0.09
74694313786	2008	9	25	21	0	0.39
74694313786	2008	9	25	22	0	0.38
74694313786	2008	9	25	23	0	0.08
74694313786	2008	10	1	18	0	0.18
74694313786	2008	10	1	19	0	0.06
74694313786	2008	10	1	20	0	0.04
74694313786	2008	10	1	21	0	0.02
74694313786	2008	10	1	22	0	0.13
74694313786	2008	10	10	18	0	0.01
74694313786	2008	10	18	1	0	0.01
74694313786	2008	10	18	2	0	0.04
74694313786	2008	10	18	3	0	0.1
74694313786	2008	10	18	4	0	0.08
74694313786	2008	10	18	5	0	0.06
74694313786	2008	10	18	6	0	0.17
74694313786	2008	10	18	7	0	0.08
74694313786	2008	10	18	8	0	0.02
74694313786	2008	10	18	9	0	0.09
74694313786	2008	10	18	10	0	0.02
74694313786	2008	10	18	11	0	0.01
74694313786	2008	10	25	4	0	0.03
74694313786	2008	10	25	5	0	0.02
74694313786	2008	10	25	20	0	0.02
74694313786	2008	10	27	22	0	0.12
74694313786	2008	10	27	23	0	0.08
74694313786	2008	10	28	0	0	0.06
74694313786	2008	11	4	2	0	0.003
74694313786	2008	11	4	3	0	0.01
74694313786	2008	11	4	4	0	0.04
74694313786	2008	11	4	5	0	0.01
74694313786	2008	11	4	6	0	0.03
74694313786	2008	11	4	7	0	0.08
74694313786	2008	11	4	8	0	0.12
74694313786	2008	11	4	9	0	0.07
74694313786	2008	11	4	10	0	0.03
74694313786	2008	11	5	4	0	0.04
74694313786	2008	11	5	5	0	0.17
74694313786	2008	11	5	6	0	0.26
74694313786	2008	11	5	7	0	0.25
74694313786	2008	11	5	8	0	0.04
74694313786	2008	11	5	10	0	0.03
74694313786	2008	11	5	11	0	0.05
74694313786	2008	11	5	13	0	0.01
74694313786	2008	11	5	14	0	0.02
74694313786	2008	11	5	16	0	0.05
74694313786	2008	11	5	17	0	0.04
74694313786	2008	11	5	19	0	0.02
74694313786	2008	11	5	23	0	0.02
74694313786	2008	11	6	0	0	0.01
74694313786	2008	11	7	16	0	0.08
74694313786	2008	11	13	16	0	0.07
74694313786	2008	11	13	17	0	0.08
74694313786	2008	11	13	18	0	0.04
74694313786	2008	11	13	22	0	0.02
74694313786	2008	11	14	12	0	0.033
74694313786	2008	11	14	13	0	0.018
74694313786	2008	11	14	14	0	0.05
74694313786	2008	11	14	15	0	0.02
74694313786	2008	11	14	18	0	0.01
74694313786	2008	11	14	19	0	0.06
74694313786	2008	11	14	20	0	0.71
74694313786	2008	11	14	21	0	0.39
74694313786	2008	11	14	22	0	0.06
74694313786	2008	11	15	11	0	0.01
74694313786	2008	11	15	12	0	0.02
74694313786	2008	11	15	13	0	0.22
74694313786	2008	11	16	0	0	0.01
74694313786	2008	11	16	1	0	0.01
74694313786	2008	11	16	4	0	0.01
74694313786	2008	11	16	5	0	0.01
74694313786	2008	11	21	11	0	0.01
74694313786	2008	11	21	12	0	0.01
74694313786	2008	11	25	7	0	0.05
74694313786	2008	11	25	8	0	0.1
74694313786	2008	11	25	10	0	0.01
74694313786	2008	11	29	19	0	0.01
74694313786	2008	11	30	8	0	0.02
74694313786	2008	11	30	11	0	0.03
74694313786	2008	11	30	12	0	0.02
74694313786	2008	11	30	13	0	0.12
74694313786	2008	11	30	14	0	0.12
74694313786	2008	11	30	15	0	0.02
74694313786	2008	11	30	18	0	0.02
74694313786	2008	12	1	0	0	0.02
74694313786	2008	12	1	1	0	0.03
74694313786	2008	12	10	13	0	0.03
74694313786	2008	12	11	5	0	0.01
74694313786	2008	12	11	6	0	0.02
74694313786	2008	12	11	9	0	0.13
74694313786	2008	12	11	10	0	0.02
74694313786	2008	12	11	19	0	0.47
74694313786	2008	12	11	20	0	0.01
74694313786	2008	12	11	21	0	0.04
74694313786	2008	12	11	22	0	0.04
74694313786	2008	12	11	23	0	0.07
74694313786	2008	12	12	0	0	0.1
74694313786	2008	12	12	1	0	0.08
74694313786	2008	12	12	2	0	0.15
74694313786	2008	12	12	3	0	0.03
74694313786	2008	12	12	5	0	0.08
74694313786	2008	12	12	6	0	0.06
74694313786	2008	12	18	6	0	0.01
74694313786	2008	12	21	2	0	0.006
74694313786	2008	12	21	3	0	0.05
74694313786	2008	12	21	4	0	0.01
74694313786	2008	12	21	5	0	0.01
74694313786	2008	12	21	6	0	0.04
74694313786	2008	12	21	7	0	0.03
74694313786	2008	12	21	8	0	0.03
74694313786	2008	12	21	9	0	0.04
74694313786	2008	12	21	10	0	0.05
74694313786	2008	12	21	11	0	0.03
74694313786	2008	12	21	15	0	0.03
74694313786	2008	12	21	16	0	0.01
74694313786	2008	12	25	10	0	0.11
74694313786	2008	12	26	22	0	0.01
74694313786	2008	12	29	4	0	0.08
74694313786	2008	12	29	5	0	0.03
74694313786	2008	12	29	6	0	0.06
74694313786	2008	12	29	12	0	0.1
74694313786	2008	12	29	13	0	0.01
74694313786	2009	1	2	17	0	0.01
74694313786	2009	1	2	20	0	0.011
74694313786	2009	1	6	5	0	0.01
74694313786	2009	1	6	7	0	0.01
74694313786	2009	1	6	8	0	0.02
74694313786	2009	1	6	9	0	0.01
74694313786	2009	1	6	11	0	0.05
74694313786	2009	1	6	12	0	0.03
74694313786	2009	1	6	13	0	0.32
74694313786	2009	1	6	14	0	0.11
74694313786	2009	1	6	15	0	0.04
74694313786	2009	1	6	16	0	0.01
74694313786	2009	1	6	17	0	0.01
74694313786	2009	1	6	22	0	0.02
74694313786	2009	1	7	16	0	0.03
74694313786	2009	1	8	0	0	0.08
74694313786	2009	1	11	6	0	0.01
74694313786	2009	1	11	7	0	0.01
74694313786	2009	1	11	8	0	0.03
74694313786	2009	1	11	9	0	0.04
74694313786	2009	1	11	10	0	0.02
74694313786	2009	1	13	19	0	0.03
74694313786	2009	1	13	20	0	0.13
74694313786	2009	1	13	21	0	0.07
74694313786	2009	1	13	22	0	0.08
74694313786	2009	1	13	23	0	0.03
74694313786	2009	1	14	0	0	0.02
74694313786	2009	1	18	18	0	0.01
74694313786	2009	1	18	20	0	0.02
74694313786	2009	1	18	21	0	0.03
74694313786	2009	1	18	22	0	0.08
74694313786	2009	1	18	23	0	0.03
74694313786	2009	1	19	0	0	0.02
74694313786	2009	1	29	0	0	0.16
74694313786	2009	1	29	1	0	0.06
74694313786	2009	2	18	14	0	0.001
74694313786	2009	2	18	15	0	0.04
74694313786	2009	2	18	16	0	0.1
74694313786	2009	2	18	17	0	0.03
74694313786	2009	2	18	22	0	0.01
74694313786	2009	2	22	15	0	0.01
74694313786	2009	2	28	8	0	0.02
74694313786	2009	2	28	10	0	0.01
74694313786	2009	2	28	15	0	0.04
74694313786	2009	2	28	16	0	0.02
74694313786	2009	2	28	17	0	0.02
74694313786	2009	2	28	18	0	0.02
74694313786	2009	2	28	19	0	0.03
74694313786	2009	2	28	20	0	0.04
74694313786	2009	2	28	23	0	0.01
74694313786	2009	3	1	0	0	0.06
74694313786	2009	3	1	1	0	0.06
74694313786	2009	3	1	2	0	0.05
74694313786	2009	3	1	13	0	0.06
74694313786	2009	3	1	14	0	0.01
74694313786	2009	3	1	15	0	0.02
74694313786	2009	3	1	16	0	0.06
74694313786	2009	3	1	17	0	0.13
74694313786	2009	3	1	18	0	0.08
74694313786	2009	3	1	19	0	0.07
74694313786	2009	3	1	20	0	0.05
74694313786	2009	3	1	21	0	0.07
74694313786	2009	3	2	0	0	0.04
74694313786	2009	3	2	1	0	0.14
74694313786	2009	3	2	8	0	0.02
74694313786	2009	3	13	13	0	0.02
74694313786	2009	3	13	14	0	0.03
74694313786	2009	3	13	15	0	0.05
74694313786	2009	3	13	16	0	0.02
74694313786	2009	3	13	17	0	0.01
74694313786	2009	3	13	19	0	0.03
74694313786	2009	3	13	20	0	0.06
74694313786	2009	3	13	21	0	0.08
74694313786	2009	3	13	22	0	0.03
74694313786	2009	3	13	23	0	0.05
74694313786	2009	3	14	0	0	0.07
74694313786	2009	3	14	1	0	0.04
74694313786	2009	3	14	2	0	0.04
74694313786	2009	3	14	22	0	0.04
74694313786	2009	3	14	23	0	0.11
74694313786	2009	3	15	0	0	0.04
74694313786	2009	3	15	11	0	0.01
74694313786	2009	3	15	12	0	0.01
74694313786	2009	3	15	13	0	0.01
74694313786	2009	3	15	14	0	0.02
74694313786	2009	3	15	17	0	0.01
74694313786	2009	3	15	18	0	0.04
74694313786	2009	3	15	21	0	0.02
74694313786	2009	3	17	0	0	0.02
74694313786	2009	3	17	1	0	0.02
74694313786	2009	3	17	4	0	0.11
74694313786	2009	3	17	5	0	0.12
74694313786	2009	3	17	6	0	0.1
74694313786	2009	3	17	7	0	0.11
74694313786	2009	3	20	2	0	0.012
74694313786	2009	3	20	3	0	0.01
74694313786	2009	3	20	4	0	0.01
74694313786	2009	3	20	5	0	0.03
74694313786	2009	3	20	6	0	0.02
74694313786	2009	3	26	21	0	0.01
74694313786	2009	3	26	22	0	0.03
74694313786	2009	3	27	4	0	0.01
74694313786	2009	3	27	5	0	0.22
74694313786	2009	3	27	6	0	0.34
74694313786	2009	3	27	7	0	0.1
74694313786	2009	3	27	9	0	0.05
74694313786	2009	3	27	10	0	0.01
74694313786	2009	3	27	12	0	0.01
74694313786	2009	3	27	13	0	0.01
74694313786	2009	3	27	18	0	0.01
74694313786	2009	3	27	19	0	0.12
74694313786	2009	3	27	20	0	0.16
74694313786	2009	3	28	1	0	0.01
74694313786	2009	3	28	2	0	0.01
74694313786	2009	3	28	8	0	0.026
74694313786	2009	3	28	9	0	0.19
74694313786	2009	3	28	10	0	0.01
74694313786	2009	3	28	21	0	0.43
74694313786	2009	3	28	22	0	0.59
74694313786	2009	3	28	23	0	0.08
74694313786	2009	3	29	0	0	0.23
74694313786	2009	4	2	22	0	0.01
74694313786	2009	4	2	23	0	0.01
74694313786	2009	4	6	17	0	0.09
74694313786	2009	4	9	11	0	0.02
74694313786	2009	4	11	7	0	0.23
74694313786	2009	4	11	20	0	0.01
74694313786	2009	4	14	8	0	0.02
74694313786	2009	4	14	9	0	0.02
74694313786	2009	4	14	10	0	0.02
74694313786	2009	4	14	22	0	0.01
74694313786	2009	4	15	1	0	0.02
74694313786	2009	4	15	2	0	0.02
74694313786	2009	4	15	3	0	0.06
74694313786	2009	4	15	4	0	0.24
74694313786	2009	4	15	5	0	0.1
74694313786	2009	4	20	3	0	0.02
74694313786	2009	4	20	12	0	0.01
74694313786	2009	4	20	16	0	0.55
74694313786	2009	4	20	17	0	0.01
74694313786	2009	4	20	18	0	0.01
74694313786	2009	4	20	19	0	0.07
74694313786	2009	4	22	5	0	0.01
74694313786	2009	4	22	9	0	0.01
74694313786	2009	4	22	10	0	0.01
74694313786	2009	4	22	14	0	0.13
74694313786	2009	5	3	8	0	0.02
74694313786	2009	5	4	18	0	0.01
74694313786	2009	5	4	19	0	0.33
74694313786	2009	5	5	15	0	0.16
74694313786	2009	5	5	16	0	0.25
74694313786	2009	5	5	17	0	0.11
74694313786	2009	5	5	18	0	0.07
74694313786	2009	5	5	19	0	0.01
74694313786	2009	5	5	20	0	0.01
74694313786	2009	5	5	21	0	0.06
74694313786	2009	5	6	3	0	0.03
74694313786	2009	5	7	13	0	0.08
74694313786	2009	5	7	14	0	0.19
74694313786	2009	5	8	4	0	0.55
74694313786	2009	5	8	5	0	0.1
74694313786	2009	5	8	6	0	0.04
74694313786	2009	5	11	19	0	0.01
74694313786	2009	5	11	22	0	0.01
74694313786	2009	5	16	7	0	0.01
74694313786	2009	5	16	8	0	0.01
74694313786	2009	5	16	9	0	0.01
74694313786	2009	5	16	10	0	0.13
74694313786	2009	5	16	11	0	0.23
74694313786	2009	5	17	15	0	0.04
74694313786	2009	5	17	16	0	0.11
74694313786	2009	5	17	17	0	0.18
74694313786	2009	5	17	19	0	0.14
74694313786	2009	5	17	20	0	0.17
74694313786	2009	5	17	21	0	0.09
74694313786	2009	5	17	22	0	0.01
74694313786	2009	5	18	0	0	0.01
74694313786	2009	5	18	1	0	0.01
74694313786	2009	5	18	2	0	0.01
74694313786	2009	5	18	4	0	0.02
74694313786	2009	5	18	5	0	0.01
74694313786	2009	5	18	6	0	0.02
74694313786	2009	5	18	10	0	0.02
74694313786	2009	5	18	11	0	0.05
74694313786	2009	5	18	12	0	0.07
74694313786	2009	5	24	21	0	0.21
74694313786	2009	5	30	3	0	0.01
74694313786	2009	5	30	4	0	0.15
74694313786	2009	6	4	21	0	0.12
74694313786	2009	6	4	22	0	0.04
74694313786	2009	6	5	10	0	0.15
74694313786	2009	6	5	15	0	0.01
74694313786	2009	6	5	16	0	0.04
74694313786	2009	6	5	20	0	0.01
74694313786	2009	6	6	0	0	0.41
74694313786	2009	6	6	2	0	0.01
74694313786	2009	6	6	5	0	0.06
74694313786	2009	6	9	18	0	0.02
74694313786	2009	6	9	22	0	0.03
74694313786	2009	6	9	23	0	0.04
74694313786	2009	6	10	1	0	0.02
74694313786	2009	6	10	2	0	0.01
74694313786	2009	6	13	1	0	0.26
74694313786	2009	6	13	2	0	0.19
74694313786	2009	6	13	19	0	0.01
74694313786	2009	6	13	20	0	0.23
74694313786	2009	6	14	17	0	0.24
74694313786	2009	6	18	16	0	0.23
74694313786	2009	6	18	17	0	0.14
74694313786	2009	6	19	4	0	0.24
74694313786	2009	6	19	5	0	0.56
74694313786	2009	6	19	6	0	0.32
74694313786	2009	6	19	7	0	0.04
74694313786	2009	6	23	0	0	0.09
74694313786	2009	6	23	4	0	0.01
74694313786	2009	6	24	17	0	0.05
74694313786	2009	6	26	19	0	0.016
74694313786	2009	6	26	20	0	0.007
74694313786	2009	6	26	22	0	0.016
74694313786	2009	6	26	23	0	0.038
74694313786	2009	6	27	0	0	0.001
74694313786	2009	7	3	12	0	0.03
74694313786	2009	7	5	21	0	0.36
74694313786	2009	7	6	1	0	0.01
74694313786	2009	7	6	3	0	1.08
74694313786	2009	7	6	4	0	0.66
74694313786	2009	7	6	5	0	0.87
74694313786	2009	7	6	6	0	0.03
74694313786	2009	7	6	7	0	0.07
74694313786	2009	7	6	8	0	0.08
74694313786	2009	7	6	9	0	0.02
74694313786	2009	7	13	5	0	0.1
74694313786	2009	7	13	16	0	0.05
74694313786	2009	7	13	17	0	0.02
74694313786	2009	7	13	18	0	0.01
74694313786	2009	7	17	21	0	2.31
74694313786	2009	7	17	22	0	0.25
74694313786	2009	7	18	1	0	0.04
74694313786	2009	7	20	11	0	0.01
74694313786	2009	7	21	1	0	0.03
74694313786	2009	7	23	3	0	0.01
74694313786	2009	7	23	4	0	0.1
74694313786	2009	7	23	5	0	0.01
74694313786	2009	7	23	6	0	0.01
74694313786	2009	7	23	23	0	0.3
74694313786	2009	7	24	11	0	0.01
74694313786	2009	7	27	18	0	0.14
74694313786	2009	7	27	19	0	0.53
74694313786	2009	7	27	23	0	0.32
74694313786	2009	7	28	0	0	0.04
74694313786	2009	7	28	1	0	0.01
74694313786	2009	7	29	18	0	0.08
74694313786	2009	7	31	21	0	0.04
74694313786	2009	8	1	0	0	0.37
74694313786	2009	8	1	22	0	0.05
74694313786	2009	8	2	18	0	0.01
74694313786	2009	8	2	19	0	1.05
74694313786	2009	8	2	20	0	0.03
74694313786	2009	8	6	15	0	0.26
74694313786	2009	8	6	16	0	0.03
74694313786	2009	8	6	17	0	0.35
74694313786	2009	8	6	19	0	0.56
74694313786	2009	8	6	20	0	0.03
74694313786	2009	8	8	23	0	0.01
74694313786	2009	8	12	21	0	1.74
74694313786	2009	8	12	22	0	0.16
74694313786	2009	8	12	23	0	0.04
74694313786	2009	8	14	15	0	0.66
74694313786	2009	8	14	16	0	0.03
74694313786	2009	8	14	18	0	0.91
74694313786	2009	8	14	19	0	0.39
74694313786	2009	8	14	20	0	0.08
74694313786	2009	8	14	21	0	0.04
74694313786	2009	8	15	4	0	0.05
74694313786	2009	8	15	5	0	0.093
74694313786	2009	8	15	6	0	0.4
74694313786	2009	8	15	17	0	0.03
74694313786	2009	8	15	20	0	0.03
74694313786	2009	8	22	16	0	0.02
74694313786	2009	8	22	20	0	0.03
74694313786	2009	8	22	21	0	0.19
74694313786	2009	8	22	22	0	0.13
74694313786	2009	8	22	23	0	0.02
74694313786	2009	8	23	18	0	0.04
74694313786	2009	8	24	2	0	0.02
74694313786	2009	8	28	21	0	0.04
74694313786	2009	8	28	22	0	0.02
74694313786	2009	8	29	2	0	0.2
74694313786	2009	8	29	5	0	0.01
74694313786	2009	8	29	7	0	0.04
74694313786	2009	8	30	19	0	0.11
74694313786	2009	8	31	3	0	0.04
74694313786	2009	8	31	7	0	0.14
74694313786	2009	8	31	8	0	0.11
74694313786	2009	8	31	9	0	0.01
74694313786	2009	8	31	15	0	0.04
74694313786	2009	8	31	20	0	0.02
74694313786	2009	9	7	9	0	0.04
74694313786	2009	9	7	10	0	0.12
74694313786	2009	9	7	11	0	0.34
74694313786	2009	9	7	12	0	0.09
74694313786	2009	9	7	13	0	0.09
74694313786	2009	9	7	14	0	0.01
74694313786	2009	9	8	2	0	0.04
74694313786	2009	9	8	3	0	0.12
74694313786	2009	9	8	4	0	0.1
74694313786	2009	9	8	5	0	0.01
74694313786	2009	9	8	6	0	0.01
74694313786	2009	9	8	8	0	0.01
74694313786	2009	9	8	9	0	0.08
74694313786	2009	9	8	10	0	0.02
74694313786	2009	9	8	19	0	0.01
74694313786	2009	9	8	21	0	0.03
74694313786	2009	9	8	22	0	0.01
74694313786	2009	9	8	23	0	0.03
74694313786	2009	9	10	8	0	0.02
74694313786	2009	9	10	9	0	0.1
74694313786	2009	9	10	10	0	0.07
74694313786	2009	9	10	13	0	0.01
74694313786	2009	9	10	15	0	0.02
74694313786	2009	9	10	17	0	0.01
74694313786	2009	9	17	15	0	0.01
74694313786	2009	9	25	6	0	0.03
74694313786	2009	9	25	7	0	0.38
74694313786	2009	9	25	8	0	0.01
74694313786	2009	9	25	9	0	0.16
74694313786	2009	9	25	10	0	0.02
74694313786	2009	9	25	22	0	0.02
74694313786	2009	9	27	2	0	0.01
74694313786	2009	9	27	3	0	0.03
74694313786	2009	9	27	4	0	0.05
74694313786	2009	9	27	5	0	0.08
74694313786	2009	9	27	6	0	0.12
74694313786	2009	9	27	7	0	0.22
74694313786	2009	9	27	8	0	0.01
74694313786	2009	9	29	1	0	0.48
74694313786	2009	10	3	9	0	0.01
74694313786	2009	10	3	10	0	0.03
74694313786	2009	10	10	16	0	0.09
74694313786	2009	10	10	19	0	0.01
74694313786	2009	10	10	20	0	0.02
74694313786	2009	10	10	21	0	0.01
74694313786	2009	10	12	22	0	0.01
74694313786	2009	10	13	1	0	0.01
74694313786	2009	10	15	3	0	0.05
74694313786	2009	10	15	4	0	0.008
74694313786	2009	10	15	7	0	0.02
74694313786	2009	10	15	8	0	0.033
74694313786	2009	10	15	10	0	0.062
74694313786	2009	10	15	15	0	0.04
74694313786	2009	10	16	9	0	0.001
74694313786	2009	10	16	10	0	0.005
74694313786	2009	10	19	1	0	0.01
74694313786	2009	10	19	3	0	0.01
74694313786	2009	10	19	4	0	0.01
74694313786	2009	10	27	7	0	0.01
74694313786	2009	10	28	8	0	0.01
74694313786	2009	10	28	10	0	0.01
74694313786	2009	11	1	9	0	0.29
74694313786	2009	11	1	10	0	0.12
74694313786	2009	11	1	11	0	0.05
74694313786	2009	11	1	19	0	0.05
74694313786	2009	11	1	20	0	0.02
74694313786	2009	11	11	0	0	0.01
74694313786	2009	11	11	1	0	0.05
74694313786	2009	11	11	2	0	0.16
74694313786	2009	11	11	3	0	0.03
74694313786	2009	11	11	7	0	0.06
74694313786	2009	11	11	8	0	0.03
74694313786	2009	11	11	9	0	0.01
74694313786	2009	11	11	11	0	0.1
74694313786	2009	11	11	12	0	0.05
74694313786	2009	11	11	13	0	0.02
74694313786	2009	11	11	14	0	0.02
74694313786	2009	11	11	15	0	0.04
74694313786	2009	11	11	16	0	0.19
74694313786	2009	11	11	17	0	0.18
74694313786	2009	11	11	18	0	0.07
74694313786	2009	11	11	19	0	0.14
74694313786	2009	11	11	20	0	0.12
74694313786	2009	11	11	21	0	0.1
74694313786	2009	11	11	22	0	0.06
74694313786	2009	11	11	23	0	0.02
74694313786	2009	11	12	0	0	0.19
74694313786	2009	11	12	1	0	0.14
74694313786	2009	11	12	2	0	0.13
74694313786	2009	11	12	3	0	0.1
74694313786	2009	11	12	4	0	0.11
74694313786	2009	11	12	5	0	0.08
74694313786	2009	11	12	6	0	0.12
74694313786	2009	11	12	7	0	0.13
74694313786	2009	11	12	8	0	0.18
74694313786	2009	11	12	9	0	0.29
74694313786	2009	11	12	10	0	0.43
74694313786	2009	11	12	11	0	0.4
74694313786	2009	11	12	12	0	0.41
74694313786	2009	11	12	13	0	0.17
74694313786	2009	11	12	14	0	0.36
74694313786	2009	11	12	15	0	0.39
74694313786	2009	11	12	16	0	0.33
74694313786	2009	11	12	17	0	0.3
74694313786	2009	11	12	18	0	0.42
74694313786	2009	11	12	19	0	0.12
74694313786	2009	11	12	20	0	0.1
74694313786	2009	11	12	21	0	0.05
74694313786	2009	11	13	2	0	0.03
74694313786	2009	11	13	4	0	0.02
74694313786	2009	11	13	6	0	0.01
74694313786	2009	11	13	7	0	0.02
74694313786	2009	11	13	11	0	0.03
74694313786	2009	11	13	12	0	0.02
74694313786	2009	11	13	13	0	0.06
74694313786	2009	11	13	15	0	0.01
74694313786	2009	11	13	17	0	0.04
74694313786	2009	11	13	19	0	0.05
74694313786	2009	11	13	20	0	0.01
74694313786	2009	11	13	21	0	0.01
74694313786	2009	11	20	7	0	0.01
74694313786	2009	11	20	8	0	0.02
74694313786	2009	11	20	9	0	0.11
74694313786	2009	11	20	11	0	0.02
74694313786	2009	11	23	6	0	0.01
74694313786	2009	11	24	22	0	0.01
74694313786	2009	11	27	4	0	0.03
74694313786	2009	11	27	10	0	0.02
74694313786	2009	12	1	0	0	0.02
74694313786	2009	12	1	1	0	0.02
74694313786	2009	12	1	2	0	0.03
74694313786	2009	12	1	3	0	0.01
74694313786	2009	12	2	14	0	0.01
74694313786	2009	12	2	19	0	0.04
74694313786	2009	12	2	20	0	0.08
74694313786	2009	12	2	21	0	0.13
74694313786	2009	12	2	22	0	0.26
74694313786	2009	12	2	23	0	0.02
74694313786	2009	12	3	3	0	0.1
74694313786	2009	12	3	4	0	0.24
74694313786	2009	12	3	5	0	0.11
74694313786	2009	12	3	6	0	0.01
74694313786	2009	12	3	7	0	0.04
74694313786	2009	12	3	8	0	0.08
74694313786	2009	12	5	5	0	0.01
74694313786	2009	12	5	7	0	0.01
74694313786	2009	12	5	8	0	0.01
74694313786	2009	12	5	9	0	0.01
74694313786	2009	12	5	11	0	0.02
74694313786	2009	12	5	12	0	0.04
74694313786	2009	12	5	14	0	0.02
74694313786	2009	12	9	3	0	0.01
74694313786	2009	12	9	4	0	0.02
74694313786	2009	12	9	5	0	0.1
74694313786	2009	12	9	6	0	0.08
74694313786	2009	12	9	7	0	0.11
74694313786	2009	12	9	8	0	0.29
74694313786	2009	12	9	9	0	0.03
74694313786	2009	12	9	10	0	0.37
74694313786	2009	12	9	14	0	0.003
74694313786	2009	12	9	15	0	0.11
74694313786	2009	12	13	17	0	0.02
74694313786	2009	12	13	20	0	0.11
74694313786	2009	12	13	23	0	0.02
74694313786	2009	12	18	21	0	0.01
74694313786	2009	12	19	0	0	0.05
74694313786	2009	12	19	1	0	0.05
74694313786	2009	12	19	2	0	0.03
74694313786	2009	12	19	5	0	0.02
74694313786	2009	12	19	6	0	0.09
74694313786	2009	12	19	7	0	0.06
74694313786	2009	12	19	8	0	0.19
74694313786	2009	12	19	9	0	0.04
74694313786	2009	12	19	12	0	0.01
74694313786	2009	12	19	15	0	0.06
74694313786	2009	12	19	16	0	0.08
74694313786	2009	12	25	19	0	0.01
74694313786	2009	12	25	22	0	0.07
74694313786	2009	12	25	23	0	0.37
74694313786	2009	12	26	0	0	0.24
74694313786	2009	12	26	1	0	0.07
74694313786	2009	12	26	2	0	0.03
74694313786	2009	12	26	3	0	0.01
74694313786	2009	12	26	4	0	0.09
74694313786	2009	12	26	5	0	0.2
74694313786	2009	12	26	6	0	0.15
74694313786	2009	12	26	7	0	0.11
74694313786	2009	12	26	8	0	0.09
74694313786	2009	12	26	9	0	0.01
74694313786	2009	12	31	7	0	0.02
74694313786	2009	12	31	8	0	0.04
74694313786	2009	12	31	9	0	0.02
74694313786	2009	12	31	10	0	0.11
74694313786	2009	12	31	11	0	0.17
74694313786	2009	12	31	12	0	0.03
74694313786	2009	12	31	13	0	0.01
74694313786	2010	1	1	2	0	0.01
74694313786	2010	1	1	3	0	0.05
74694313786	2010	1	1	4	0	0.05
74694313786	2010	1	17	9	0	0.02
74694313786	2010	1	17	10	0	0.06
74694313786	2010	1	17	11	0	0.06
74694313786	2010	1	17	12	0	0.11
74694313786	2010	1	17	13	0	0.29
74694313786	2010	1	17	14	0	0.02
74694313786	2010	1	17	23	0	0.059
74694313786	2010	1	18	0	0	0.32
74694313786	2010	1	18	1	0	0.01
74694313786	2010	1	21	8	0	0.01
74694313786	2010	1	21	22	0	0.02
74694313786	2010	1	21	23	0	0.1
74694313786	2010	1	22	0	0	0.04
74694313786	2010	1	22	1	0	0.06
74694313786	2010	1	22	2	0	0.02
74694313786	2010	1	22	3	0	0.05
74694313786	2010	1	22	4	0	0.06
74694313786	2010	1	22	5	0	0.24
74694313786	2010	1	22	6	0	0.18
74694313786	2010	1	22	7	0	0.17
74694313786	2010	1	25	10	0	0.05
74694313786	2010	1	25	11	0	0.16
74694313786	2010	1	25	12	0	0.21
74694313786	2010	1	25	13	0	0.16
74694313786	2010	1	25	14	0	0.34
74694313786	2010	1	25	15	0	0.01
74694313786	2010	1	29	16	0	0.02
74694313786	2010	1	30	5	0	0.003
74694313786	2010	1	30	6	0	0.001
74694313786	2010	1	30	8	0	0.003
74694313786	2010	1	30	9	0	0.01
74694313786	2010	1	30	10	0	0.01
74694313786	2010	1	30	11	0	0.01
74694313786	2010	1	30	12	0	0.011
74694313786	2010	1	30	13	0	0.01
74694313786	2010	1	30	14	0	0.01
74694313786	2010	1	30	15	0	0.01
74694313786	2010	1	30	16	0	0.022
74694313786	2010	1	30	17	0	0.03
74694313786	2010	1	30	18	0	0.035
74694313786	2010	1	30	20	0	0.01
74694313786	2010	2	2	18	0	0.01
74694313786	2010	2	3	5	0	0.01
74694313786	2010	2	3	6	0	0.03
74694313786	2010	2	3	8	0	0.02
74694313786	2010	2	5	17	0	0.03
74694313786	2010	2	5	18	0	0.04
74694313786	2010	2	5	19	0	0.02
74694313786	2010	2	6	0	0	0.03
74694313786	2010	2	6	1	0	0.16
74694313786	2010	2	6	2	0	0.35
74694313786	2010	2	6	3	0	0.25
74694313786	2010	2	6	4	0	0.31
74694313786	2010	2	6	5	0	0.68
74694313786	2010	2	6	6	0	0.08
74694313786	2010	2	9	22	0	0.04
74694313786	2010	2	9	23	0	0.08
74694313786	2010	2	10	0	0	0.05
74694313786	2010	2	22	19	0	0.01
74694313786	2010	2	22	20	0	0.02
74694313786	2010	2	22	21	0	0.01
74694313786	2010	2	25	2	0	0.01
74694313786	2010	2	25	3	0	0.02
74694313786	2010	2	25	4	0	0.03
74694313786	2010	2	25	5	0	0.02
74694313786	2010	3	2	21	0	0.06
74694313786	2010	3	2	22	0	0.1
74694313786	2010	3	2	23	0	0.09
74694313786	2010	3	3	0	0	0.17
74694313786	2010	3	3	1	0	0.07
74694313786	2010	3	3	3	0	0.049
74694313786	2010	3	3	4	0	0.026
74694313786	2010	3	3	5	0	0.04
74694313786	2010	3	3	6	0	0.08
74694313786	2010	3	3	7	0	0.04
74694313786	2010	3	3	8	0	0.1
74694313786	2010	3	3	9	0	0.12
74694313786	2010	3	3	10	0	0.17
74694313786	2010	3	3	11	0	0.2
74694313786	2010	3	12	3	0	0.01
74694313786	2010	3	12	4	0	0.03
74694313786	2010	3	12	5	0	0.1
74694313786	2010	3	12	6	0	0.01
74694313786	2010	3	12	8	0	0.02
74694313786	2010	3	12	18	0	0.01
74694313786	2010	3	12	19	0	0.01
74694313786	2010	3	12	21	0	0.04
74694313786	2010	3	12	22	0	0.03
74694313786	2010	3	13	1	0	0.01
74694313786	2010	3	22	17	0	0.02
74694313786	2010	3	22	18	0	0.06
74694313786	2010	3	26	10	0	0.02
74694313786	2010	3	27	2	0	0.01
74694313786	2010	3	29	8	0	0.01
74694313786	2010	3	29	10	0	0.01
74694313786	2010	3	29	11	0	0.095
74694313786	2010	3	29	12	0	0.79
74694313786	2010	3	29	13	0	0.41
74694313786	2010	3	29	14	0	0.09
74694313786	2010	3	29	15	0	0.03
74694313786	2010	3	29	16	0	0.01
74694313786	2010	3	29	18	0	0.03
74694313786	2010	3	30	11	0	0.01
74694313786	2010	4	4	10	0	0.01
74694313786	2010	4	9	7	0	0.11
74694313786	2010	4	9	8	0	0.16
74694313786	2010	4	9	9	0	0.28
74694313786	2010	4	9	10	0	0.11
74694313786	2010	4	13	21	0	0.05
74694313786	2010	4	13	23	0	0.01
74694313786	2010	4	14	3	0	0.02
74694313786	2010	4	14	4	0	0.01
74694313786	2010	4	14	5	0	0.12
74694313786	2010	4	14	6	0	0.03
74694313786	2010	4	14	7	0	0.006
74694313786	2010	4	14	12	0	0.002
74694313786	2010	4	21	18	0	0.01
74694313786	2010	4	21	19	0	0.01
74694313786	2010	4	21	21	0	0.01
74694313786	2010	4	21	22	0	0.05
74694313786	2010	4	24	17	0	0.01
74694313786	2010	4	25	4	0	0.05
74694313786	2010	4	25	5	0	0.05
74694313786	2010	4	25	6	0	0.03
74694313786	2010	4	25	7	0	0.02
74694313786	2010	4	25	9	0	0.01
74694313786	2010	4	27	20	0	0.02
74694313786	2010	4	28	4	0	0.03
74694313786	2010	4	28	5	0	0.03
74694313786	2010	5	4	12	0	0.03
74694313786	2010	5	12	23	0	0.01
74694313786	2010	5	13	1	0	0.01
74694313786	2010	5	13	2	0	0.41
74694313786	2010	5	13	3	0	0.04
74694313786	2010	5	13	4	0	0.09
74694313786	2010	5	13	5	0	0.3
74694313786	2010	5	13	6	0	0.19
74694313786	2010	5	13	7	0	0.05
74694313786	2010	5	13	8	0	0.02
74694313786	2010	5	13	9	0	0.01
74694313786	2010	5	16	8	0	0.29
74694313786	2010	5	16	9	0	0.26
74694313786	2010	5	16	10	0	0.088
74694313786	2010	5	16	11	0	0.007
74694313786	2010	5	16	13	0	0.04
74694313786	2010	5	16	14	0	0.02
74694313786	2010	5	17	6	0	0.03
74694313786	2010	5	17	16	0	0.01
74694313786	2010	5	17	17	0	0.01
74694313786	2010	5	17	18	0	0.01
74694313786	2010	5	17	19	0	0.01
74694313786	2010	5	17	20	0	0.07
74694313786	2010	5	17	21	0	0.13
74694313786	2010	5	17	22	0	0.12
74694313786	2010	5	17	23	0	0.2
74694313786	2010	5	18	0	0	0.28
74694313786	2010	5	18	1	0	0.06
74694313786	2010	5	18	2	0	0.09
74694313786	2010	5	18	3	0	0.13
74694313786	2010	5	18	4	0	0.03
74694313786	2010	5	18	9	0	0.01
74694313786	2010	5	18	12	0	0.01
74694313786	2010	5	19	11	0	0.01
74694313786	2010	5	23	17	0	0.09
74694313786	2010	5	23	18	0	0.51
74694313786	2010	5	23	20	0	0.01
74694313786	2010	5	23	21	0	0.04
74694313786	2010	5	23	22	0	0.05
74694313786	2010	5	23	23	0	0.06
74694313786	2010	5	24	7	0	0.01
74694313786	2010	5	24	9	0	0.06
74694313786	2010	5	24	14	0	0.11
74694313786	2010	5	28	11	0	0.01
74694313786	2010	5	29	4	0	0.01
74694313786	2010	5	29	5	0	0.08
74694313786	2010	5	29	6	0	0.02
74694313786	2010	6	7	2	0	0.017
74694313786	2010	6	7	3	0	0.66
74694313786	2010	6	7	7	0	0.02
74694313786	2010	6	13	8	0	0.019
74694313786	2010	6	13	9	0	0.07
74694313786	2010	6	16	11	0	0.06
74694313786	2010	6	16	12	0	0.09
74694313786	2010	6	16	13	0	0.01
74694313786	2010	6	16	23	0	0.077
74694313786	2010	6	17	0	0	0.03
74694313786	2010	6	20	20	0	0.007
74694313786	2010	6	29	22	0	0.21
74694313786	2010	6	29	23	0	0.03
74694313786	2010	6	30	0	0	0.06
74694313786	2010	6	30	10	0	0.01
74694313786	2010	6	30	11	0	0.01
74694313786	2010	6	30	12	0	0.15
74694313786	2010	6	30	13	0	0.14
74694313786	2010	6	30	14	0	0.12
74694313786	2010	6	30	17	0	0.01
74694313786	2010	7	9	4	0	0.02
74694313786	2010	7	9	9	0	0.06
74694313786	2010	7	10	19	0	0.2
74694313786	2010	7	10	20	0	0.05
74694313786	2010	7	13	4	0	0.01
74694313786	2010	7	13	7	0	0.28
74694313786	2010	7	13	8	0	0.23
74694313786	2010	7	13	21	0	0.02
74694313786	2010	7	13	22	0	0.02
74694313786	2010	7	13	23	0	0.01
74694313786	2010	7	14	10	0	0.06
74694313786	2010	7	14	12	0	0.11
74694313786	2010	7	14	13	0	0.02
74694313786	2010	7	14	17	0	0.07
74694313786	2010	7	14	18	0	0.4
74694313786	2010	7	14	19	0	0.28
74694313786	2010	7	17	19	0	0.79
74694313786	2010	7	17	20	0	0.8
74694313786	2010	7	17	21	0	0.14
74694313786	2010	7	18	0	0	0.01
74694313786	2010	7	20	0	0	0.01
74694313786	2010	7	20	21	0	0.01
74694313786	2010	7	23	21	0	0.01
74694313786	2010	7	26	3	0	0.01
74694313786	2010	7	29	23	0	0.01
74694313786	2010	7	30	0	0	0.21
74694313786	2010	7	30	1	0	0.01
