74704003102	2005	1	2	22	0	0.02
74704003102	2005	1	3	4	0	0.01
74704003102	2005	1	3	14	0	0.01
74704003102	2005	1	3	15	0	0.1
74704003102	2005	1	3	16	0	0.18
74704003102	2005	1	3	17	0	0.14
74704003102	2005	1	3	18	0	0.02
74704003102	2005	1	3	22	0	0.03
74704003102	2005	1	3	23	0	0.03
74704003102	2005	1	4	0	0	0.01
74704003102	2005	1	4	5	0	0.02
74704003102	2005	1	4	6	0	0.01
74704003102	2005	1	4	15	0	0.05
74704003102	2005	1	4	16	0	0.02
74704003102	2005	1	4	17	0	0.01
74704003102	2005	1	4	22	0	0.03
74704003102	2005	1	5	2	0	0.01
74704003102	2005	1	7	13	0	0.02
74704003102	2005	1	7	14	0	0.08
74704003102	2005	1	7	15	0	0.07
74704003102	2005	1	7	16	0	0.03
74704003102	2005	1	7	17	0	0.029
74704003102	2005	1	7	18	0	0.029
74704003102	2005	1	7	19	0	0.07
74704003102	2005	1	7	20	0	0.17
74704003102	2005	1	7	21	0	0.11
74704003102	2005	1	7	22	0	0.08
74704003102	2005	1	7	23	0	0.04
74704003102	2005	1	8	0	0	0.02
74704003102	2005	1	8	5	0	0.011
74704003102	2005	1	8	7	0	0.02
74704003102	2005	1	8	8	0	0.02
74704003102	2005	1	8	9	0	0.037
74704003102	2005	1	8	10	0	0.01
74704003102	2005	1	8	11	0	0.04
74704003102	2005	1	8	12	0	0.121
74704003102	2005	1	8	13	0	0.08
74704003102	2005	1	8	14	0	0.09
74704003102	2005	1	8	15	0	0.04
74704003102	2005	1	8	16	0	0.03
74704003102	2005	1	8	17	0	0.02
74704003102	2005	1	8	19	0	0.02
74704003102	2005	1	8	21	0	0.01
74704003102	2005	1	8	22	0	0.01
74704003102	2005	1	9	4	0	0.01
74704003102	2005	1	9	5	0	0.12
74704003102	2005	1	9	6	0	0.07
74704003102	2005	1	9	7	0	0.05
74704003102	2005	1	9	8	0	0.02
74704003102	2005	1	9	11	0	0.05
74704003102	2005	1	9	12	0	0.097
74704003102	2005	1	9	13	0	0.04
74704003102	2005	1	9	14	0	0.19
74704003102	2005	1	9	15	0	0.26
74704003102	2005	1	9	16	0	0.1
74704003102	2005	1	9	17	0	0.02
74704003102	2005	1	9	18	0	0.106
74704003102	2005	1	9	19	0	0.34
74704003102	2005	1	9	20	0	0.05
74704003102	2005	1	9	21	0	0.24
74704003102	2005	1	9	22	0	0.07
74704003102	2005	1	9	23	0	0.179
74704003102	2005	1	10	0	0	0.51
74704003102	2005	1	10	1	0	0.24
74704003102	2005	1	10	2	0	0.03
74704003102	2005	1	10	3	0	0.313
74704003102	2005	1	10	4	0	0.26
74704003102	2005	1	10	5	0	0.01
74704003102	2005	1	10	6	0	0.172
74704003102	2005	1	10	7	0	0.02
74704003102	2005	1	10	9	0	0.05
74704003102	2005	1	10	10	0	0.06
74704003102	2005	1	10	11	0	0.099
74704003102	2005	1	10	12	0	0.07
74704003102	2005	1	10	14	0	0.1
74704003102	2005	1	10	15	0	0.12
74704003102	2005	1	10	16	0	0.11
74704003102	2005	1	10	17	0	0.02
74704003102	2005	1	10	19	0	0.18
74704003102	2005	1	10	20	0	0.23
74704003102	2005	1	10	21	0	0.294
74704003102	2005	1	10	22	0	0.03
74704003102	2005	1	10	23	0	0.083
74704003102	2005	1	11	0	0	0.11
74704003102	2005	1	11	1	0	0.03
74704003102	2005	1	11	3	0	0.009
74704003102	2005	1	11	4	0	0.04
74704003102	2005	1	11	5	0	0.04
74704003102	2005	1	11	6	0	0.07
74704003102	2005	1	11	7	0	0.01
74704003102	2005	1	11	8	0	0.4
74704003102	2005	1	11	9	0	0.16
74704003102	2005	1	11	10	0	0.01
74704003102	2005	1	11	11	0	0.061
74704003102	2005	1	11	12	0	0.06
74704003102	2005	1	11	13	0	0.03
74704003102	2005	1	11	14	0	0.06
74704003102	2005	1	11	15	0	0.01
74704003102	2005	1	25	0	0	0.02
74704003102	2005	1	26	16	0	0.01
74704003102	2005	1	26	17	0	0.03
74704003102	2005	1	26	19	0	0.01
74704003102	2005	1	26	20	0	0.04
74704003102	2005	1	26	22	0	0.01
74704003102	2005	1	28	16	0	0.01
74704003102	2005	1	28	17	0	0.01
74704003102	2005	1	28	18	0	0.05
74704003102	2005	1	28	21	0	0.009
74704003102	2005	1	28	22	0	0.08
74704003102	2005	1	28	23	0	0.133
74704003102	2005	2	6	21	0	0.01
74704003102	2005	2	11	6	0	0.02
74704003102	2005	2	11	7	0	0.02
74704003102	2005	2	11	8	0	0.04
74704003102	2005	2	11	9	0	0.05
74704003102	2005	2	11	10	0	0.08
74704003102	2005	2	11	11	0	0.09
74704003102	2005	2	11	12	0	0.12
74704003102	2005	2	11	13	0	0.06
74704003102	2005	2	11	15	0	0.07
74704003102	2005	2	11	16	0	0.04
74704003102	2005	2	11	18	0	0.006
74704003102	2005	2	11	19	0	0.13
74704003102	2005	2	11	20	0	0.05
74704003102	2005	2	11	21	0	0.08
74704003102	2005	2	11	22	0	0.01
74704003102	2005	2	11	23	0	0.04
74704003102	2005	2	12	0	0	0.071
74704003102	2005	2	12	1	0	0.06
74704003102	2005	2	12	2	0	0.03
74704003102	2005	2	12	3	0	0.023
74704003102	2005	2	12	4	0	0.09
74704003102	2005	2	12	5	0	0.05
74704003102	2005	2	12	6	0	0.07
74704003102	2005	2	12	7	0	0.08
74704003102	2005	2	12	8	0	0.05
74704003102	2005	2	12	9	0	0.02
74704003102	2005	2	17	22	0	0.03
74704003102	2005	2	17	23	0	0.06
74704003102	2005	2	18	0	0	0.01
74704003102	2005	2	18	1	0	0.01
74704003102	2005	2	18	2	0	0.07
74704003102	2005	2	18	3	0	0.01
74704003102	2005	2	18	10	0	0.01
74704003102	2005	2	18	11	0	0.019
74704003102	2005	2	18	12	0	0.09
74704003102	2005	2	18	13	0	0.07
74704003102	2005	2	18	14	0	0.09
74704003102	2005	2	18	19	0	0.03
74704003102	2005	2	18	20	0	0.05
74704003102	2005	2	18	21	0	0.07
74704003102	2005	2	18	23	0	0.04
74704003102	2005	2	19	1	0	0.09
74704003102	2005	2	19	2	0	0.02
74704003102	2005	2	19	8	0	0.04
74704003102	2005	2	19	9	0	0.048
74704003102	2005	2	19	10	0	0.07
74704003102	2005	2	19	11	0	0.052
74704003102	2005	2	19	12	0	0.01
74704003102	2005	2	19	13	0	0.05
74704003102	2005	2	19	14	0	0.47
74704003102	2005	2	19	15	0	0.14
74704003102	2005	2	19	16	0	0.14
74704003102	2005	2	19	17	0	0.13
74704003102	2005	2	19	18	0	0.03
74704003102	2005	2	19	19	0	0.26
74704003102	2005	2	19	20	0	0.17
74704003102	2005	2	19	21	0	0.05
74704003102	2005	2	19	22	0	0.05
74704003102	2005	2	20	3	0	0.02
74704003102	2005	2	20	8	0	0.02
74704003102	2005	2	20	9	0	0.03
74704003102	2005	2	20	16	0	0.02
74704003102	2005	2	20	23	0	0.04
74704003102	2005	2	21	0	0	0.15
74704003102	2005	2	21	1	0	0.08
74704003102	2005	2	21	2	0	0.04
74704003102	2005	2	21	4	0	0.02
74704003102	2005	2	21	9	0	0.018
74704003102	2005	2	21	10	0	0.22
74704003102	2005	2	21	11	0	0.27
74704003102	2005	2	21	12	0	0.166
74704003102	2005	2	21	13	0	0.15
74704003102	2005	2	21	14	0	0.07
74704003102	2005	2	21	15	0	0.071
74704003102	2005	2	21	16	0	0.2
74704003102	2005	2	21	17	0	0.247
74704003102	2005	2	21	18	0	0.1
74704003102	2005	2	21	19	0	0.05
74704003102	2005	2	21	20	0	0.03
74704003102	2005	2	21	21	0	0.06
74704003102	2005	2	21	23	0	0.02
74704003102	2005	2	22	8	0	0.009
74704003102	2005	2	22	9	0	0.09
74704003102	2005	2	22	10	0	0.05
74704003102	2005	2	22	11	0	0.01
74704003102	2005	2	22	12	0	0.025
74704003102	2005	2	22	13	0	0.06
74704003102	2005	2	22	15	0	0.05
74704003102	2005	2	22	16	0	0.01
74704003102	2005	2	22	21	0	0.01
74704003102	2005	2	22	23	0	0.019
74704003102	2005	2	23	0	0	0.12
74704003102	2005	2	23	1	0	0.05
74704003102	2005	2	23	2	0	0.04
74704003102	2005	2	23	3	0	0.01
74704003102	2005	2	23	4	0	0.01
74704003102	2005	2	23	5	0	0.01
74704003102	2005	2	23	6	0	0.03
74704003102	2005	2	23	7	0	0.02
74704003102	2005	2	23	8	0	0.02
74704003102	2005	2	23	9	0	0.044
74704003102	2005	2	23	10	0	0.14
74704003102	2005	2	23	11	0	0.117
74704003102	2005	2	23	12	0	0.063
74704003102	2005	2	23	13	0	0.07
74704003102	2005	3	3	8	0	0.002
74704003102	2005	3	3	10	0	0.005
74704003102	2005	3	3	16	0	0.002
74704003102	2005	3	4	14	0	0.03
74704003102	2005	3	4	15	0	0.01
74704003102	2005	3	4	16	0	0.04
74704003102	2005	3	4	17	0	0.026
74704003102	2005	3	4	20	0	0.15
74704003102	2005	3	4	21	0	0.01
74704003102	2005	3	5	4	0	0.01
74704003102	2005	3	10	12	0	0.01
74704003102	2005	3	11	14	0	0.01
74704003102	2005	3	18	21	0	0.02
74704003102	2005	3	19	0	0	0.01
74704003102	2005	3	19	1	0	0.03
74704003102	2005	3	19	2	0	0.03
74704003102	2005	3	19	3	0	0.01
74704003102	2005	3	19	8	0	0.01
74704003102	2005	3	19	11	0	0.01
74704003102	2005	3	19	13	0	0.01
74704003102	2005	3	19	21	0	0.01
74704003102	2005	3	19	22	0	0.01
74704003102	2005	3	20	0	0	0.02
74704003102	2005	3	20	10	0	0.02
74704003102	2005	3	20	11	0	0.01
74704003102	2005	3	22	23	0	0.01
74704003102	2005	3	23	0	0	0.01
74704003102	2005	3	23	1	0	0.1
74704003102	2005	3	23	2	0	0.15
74704003102	2005	3	23	3	0	0.13
74704003102	2005	3	23	4	0	0.17
74704003102	2005	3	23	5	0	0.13
74704003102	2005	3	23	6	0	0.142
74704003102	2005	3	23	7	0	0.01
74704003102	2005	3	23	19	0	0.01
74704003102	2005	3	28	16	0	0.01
74704003102	2005	4	4	15	0	0.02
74704003102	2005	4	24	9	0	0.01
74704003102	2005	4	24	10	0	0.01
74704003102	2005	4	28	9	0	0.01
74704003102	2005	4	28	10	0	0.02
74704003102	2005	4	28	11	0	0.02
74704003102	2005	4	28	12	0	0.096
74704003102	2005	4	28	13	0	0.19
74704003102	2005	4	28	14	0	0.02
74704003102	2005	4	28	15	0	0.02
74704003102	2005	4	28	16	0	0.01
74704003102	2005	5	5	13	0	0.01
74704003102	2005	5	6	3	0	0.01
74704003102	2005	5	6	4	0	0.04
74704003102	2005	5	6	8	0	0.3
74704003102	2005	5	6	10	0	0.06
74704003102	2005	5	6	11	0	0.03
74704003102	2005	6	3	9	0	0.01
74704003102	2005	8	15	11	0	0.29
74704003102	2005	8	15	12	0	0.01
74704003102	2005	9	20	10	0	0.03
74704003102	2005	9	20	11	0	0.03
74704003102	2005	9	20	12	0	0.16
74704003102	2005	9	20	13	0	0.04
74704003102	2005	9	20	19	0	0.01
74704003102	2005	9	20	20	0	0.02
74704003102	2005	10	17	9	0	0.25
74704003102	2005	10	17	10	0	0.23
74704003102	2005	10	17	11	0	0.15
74704003102	2005	10	17	13	0	0.01
74704003102	2005	10	17	21	0	0.02
74704003102	2005	10	17	22	0	0.14
74704003102	2005	10	17	23	0	0.01
74704003102	2005	10	18	0	0	0.05
74704003102	2005	10	18	7	0	0.01
74704003102	2005	10	18	8	0	0.1
74704003102	2005	10	18	9	0	0.19
74704003102	2005	10	18	10	0	0.11
74704003102	2005	10	18	11	0	0.04
74704003102	2005	10	18	12	0	0.07
74704003102	2005	10	18	13	0	0.05
74704003102	2005	10	19	1	0	0.01
74704003102	2005	11	10	15	0	0.01
74704003102	2005	12	3	9	0	0.01
74704003102	2005	12	9	8	0	0.01
74704003102	2005	12	9	9	0	0.02
74704003102	2005	12	9	10	0	0.02
74704003102	2005	12	9	16	0	0.01
74704003102	2005	12	26	11	0	0.01
74704003102	2005	12	31	19	0	0.02
74704003102	2005	12	31	20	0	0.01
74704003102	2005	12	31	21	0	0.07
74704003102	2005	12	31	22	0	0.15
74704003102	2005	12	31	23	0	0.06
74704003102	2006	1	1	0	0	0.06
74704003102	2006	1	1	1	0	0.18
74704003102	2006	1	1	2	0	0.04
74704003102	2006	1	1	5	0	0.01
74704003102	2006	1	1	23	0	0.01
74704003102	2006	1	2	0	0	0.01
74704003102	2006	1	2	2	0	0.01
74704003102	2006	1	2	3	0	0.02
74704003102	2006	1	2	4	0	0.02
74704003102	2006	1	2	6	0	0.01
74704003102	2006	1	2	7	0	0.02
74704003102	2006	1	2	8	0	0.01
74704003102	2006	1	2	9	0	0.03
74704003102	2006	1	2	10	0	0.05
74704003102	2006	1	2	11	0	0.09
74704003102	2006	1	2	12	0	0.04
74704003102	2006	1	2	13	0	0.01
74704003102	2006	1	2	14	0	0.02
74704003102	2006	1	2	15	0	0.04
74704003102	2006	1	2	17	0	0.03
74704003102	2006	1	2	18	0	0.05
74704003102	2006	1	2	19	0	0.02
74704003102	2006	1	2	20	0	0.15
74704003102	2006	1	2	21	0	0.01
74704003102	2006	1	3	0	0	0.11
74704003102	2006	1	3	1	0	0.02
74704003102	2006	1	3	4	0	0.02
74704003102	2006	1	14	21	0	0.02
74704003102	2006	1	14	22	0	0.02
74704003102	2006	1	14	23	0	0.01
74704003102	2006	2	18	2	0	0.03
74704003102	2006	2	18	3	0	0.01
74704003102	2006	2	18	5	0	0.01
74704003102	2006	2	18	6	0	0.07
74704003102	2006	2	19	6	0	0.03
74704003102	2006	2	19	7	0	0.02
74704003102	2006	2	19	8	0	0.06
74704003102	2006	2	19	9	0	0.06
74704003102	2006	2	19	10	0	0.05
74704003102	2006	2	19	11	0	0.01
74704003102	2006	2	19	12	0	0.03
74704003102	2006	2	19	16	0	0.01
74704003102	2006	2	19	17	0	0.09
74704003102	2006	2	27	23	0	0.03
74704003102	2006	2	28	0	0	0.06
74704003102	2006	2	28	1	0	0.1
74704003102	2006	2	28	2	0	0.17
74704003102	2006	2	28	3	0	0.16
74704003102	2006	2	28	4	0	0.13
74704003102	2006	2	28	5	0	0.09
74704003102	2006	2	28	6	0	0.11
74704003102	2006	2	28	7	0	0.14
74704003102	2006	2	28	8	0	0.17
74704003102	2006	2	28	9	0	0.07
74704003102	2006	2	28	10	0	0.11
74704003102	2006	2	28	11	0	0.07
74704003102	2006	2	28	12	0	0.15
74704003102	2006	2	28	13	0	0.13
74704003102	2006	2	28	14	0	0.09
74704003102	2006	2	28	15	0	0.08
74704003102	2006	3	3	17	0	0.004
74704003102	2006	3	3	18	0	0.19
74704003102	2006	3	3	19	0	0.12
74704003102	2006	3	3	20	0	0.11
74704003102	2006	3	3	22	0	0.01
74704003102	2006	3	7	1	0	0.02
74704003102	2006	3	7	5	0	0.02
74704003102	2006	3	7	6	0	0.01
74704003102	2006	3	7	7	0	0.01
74704003102	2006	3	7	9	0	0.02
74704003102	2006	3	7	11	0	0.01
74704003102	2006	3	10	10	0	0.01
74704003102	2006	3	10	19	0	0.08
74704003102	2006	3	11	4	0	0.03
74704003102	2006	3	11	6	0	0.08
74704003102	2006	3	11	7	0	0.05
74704003102	2006	3	11	8	0	0.04
74704003102	2006	3	11	9	0	0.01
74704003102	2006	3	11	18	0	0.02
74704003102	2006	3	11	19	0	0.01
74704003102	2006	3	11	20	0	0.11
74704003102	2006	3	11	21	0	0.01
74704003102	2006	3	11	23	0	0.01
74704003102	2006	3	12	0	0	0.06
74704003102	2006	3	13	1	0	0.05
74704003102	2006	3	13	4	0	0.01
74704003102	2006	3	13	7	0	0.01
74704003102	2006	3	17	22	0	0.01
74704003102	2006	3	17	23	0	0.01
74704003102	2006	3	18	1	0	0.18
74704003102	2006	3	18	4	0	0.01
74704003102	2006	3	19	5	0	0.05
74704003102	2006	3	19	6	0	0.04
74704003102	2006	3	19	7	0	0.02
74704003102	2006	3	19	22	0	0.02
74704003102	2006	3	19	23	0	0.05
74704003102	2006	3	21	4	0	0.01
74704003102	2006	3	21	5	0	0.06
74704003102	2006	3	21	6	0	0.05
74704003102	2006	3	21	7	0	0.08
74704003102	2006	3	21	8	0	0.13
74704003102	2006	3	28	3	0	0.01
74704003102	2006	3	28	4	0	0.01
74704003102	2006	3	28	7	0	0.01
74704003102	2006	3	28	10	0	0.03
74704003102	2006	3	28	11	0	0.01
74704003102	2006	3	28	12	0	0.07
74704003102	2006	3	28	13	0	0.01
74704003102	2006	3	28	19	0	0.07
74704003102	2006	3	28	20	0	0.03
74704003102	2006	3	28	23	0	0.04
74704003102	2006	3	29	0	0	0.06
74704003102	2006	3	29	1	0	0.13
74704003102	2006	3	29	2	0	0.2
74704003102	2006	3	29	3	0	0.25
74704003102	2006	3	29	4	0	0.24
74704003102	2006	3	29	5	0	0.03
74704003102	2006	3	29	11	0	0.05
74704003102	2006	3	29	12	0	0.07
74704003102	2006	3	29	13	0	0.09
74704003102	2006	4	1	12	0	0.01
74704003102	2006	4	1	13	0	0.03
74704003102	2006	4	1	14	0	0.03
74704003102	2006	4	1	15	0	0.01
74704003102	2006	4	1	16	0	0.02
74704003102	2006	4	1	17	0	0.02
74704003102	2006	4	1	18	0	0.03
74704003102	2006	4	4	18	0	0.04
74704003102	2006	4	4	19	0	0.02
74704003102	2006	4	4	20	0	0.03
74704003102	2006	4	4	21	0	0.07
74704003102	2006	4	4	22	0	0.15
74704003102	2006	4	4	23	0	0.28
74704003102	2006	4	5	0	0	0.08
74704003102	2006	4	5	1	0	0.16
74704003102	2006	4	5	2	0	0.21
74704003102	2006	4	5	3	0	0.02
74704003102	2006	4	5	4	0	0.13
74704003102	2006	4	5	5	0	0.02
74704003102	2006	4	5	6	0	0.01
74704003102	2006	4	5	8	0	0.22
74704003102	2006	4	5	10	0	0.08
74704003102	2006	4	5	12	0	0.02
74704003102	2006	4	5	13	0	0.06
74704003102	2006	4	5	14	0	0.05
74704003102	2006	4	5	15	0	0.1
74704003102	2006	4	5	17	0	0.02
74704003102	2006	4	5	18	0	0.03
74704003102	2006	4	5	19	0	0.01
74704003102	2006	4	5	20	0	0.017
74704003102	2006	4	5	21	0	0.018
74704003102	2006	4	5	22	0	0.01
74704003102	2006	4	14	19	0	0.1
74704003102	2006	4	14	20	0	0.02
74704003102	2006	4	14	21	0	0.02
74704003102	2006	4	14	22	0	0.02
74704003102	2006	4	14	23	0	0.02
74704003102	2006	4	15	0	0	0.02
74704003102	2006	4	15	1	0	0.04
74704003102	2006	4	15	2	0	0.06
74704003102	2006	4	15	3	0	0.09
74704003102	2006	4	15	5	0	0.01
74704003102	2006	4	15	11	0	0.02
74704003102	2006	4	23	7	0	0.09
74704003102	2006	4	23	8	0	0.01
74704003102	2006	4	23	11	0	0.05
74704003102	2006	5	22	9	0	0.07
74704003102	2006	5	22	10	0	0.17
74704003102	2006	5	22	11	0	0.03
74704003102	2006	5	22	12	0	0.03
74704003102	2006	5	22	16	0	0.07
74704003102	2006	5	22	17	0	0.05
74704003102	2006	5	22	18	0	0.01
74704003102	2006	7	23	18	0	0.01
74704003102	2006	11	15	8	0	0.01
74704003102	2006	11	24	12	0	0.01
74704003102	2006	11	27	15	0	0.02
74704003102	2006	11	27	16	0	0.03
74704003102	2006	11	27	17	0	0.05
74704003102	2006	11	27	18	0	0.01
74704003102	2006	11	28	11	0	0.01
74704003102	2006	11	29	22	0	0.01
74704003102	2006	12	10	4	0	0.01
74704003102	2006	12	10	6	0	0.23
74704003102	2006	12	10	7	0	0.05
74704003102	2006	12	10	8	0	0.01
74704003102	2006	12	10	10	0	0.06
74704003102	2006	12	10	15	0	0.01
74704003102	2006	12	16	22	0	0.03
74704003102	2006	12	17	0	0	0.01
74704003102	2006	12	17	3	0	0.09
74704003102	2006	12	17	4	0	0.01
74704003102	2006	12	17	5	0	0.01
74704003102	2006	12	17	14	0	0.01
74704003102	2006	12	27	13	0	0.15
74704003102	2006	12	27	14	0	0.05
74704003102	2007	1	5	4	0	0.08
74704003102	2007	1	5	5	0	0.02
74704003102	2007	1	5	7	0	0.04
74704003102	2007	1	5	8	0	0.01
74704003102	2007	1	31	4	0	0.01
74704003102	2007	1	31	8	0	0.02
74704003102	2007	1	31	13	0	0.12
74704003102	2007	1	31	14	0	0.06
74704003102	2007	2	11	12	0	0.02
74704003102	2007	2	11	13	0	0.05
74704003102	2007	2	11	14	0	0.13
74704003102	2007	2	11	15	0	0.01
74704003102	2007	2	11	16	0	0.13
74704003102	2007	2	11	17	0	0.06
74704003102	2007	2	11	18	0	0.05
74704003102	2007	2	11	19	0	0.01
74704003102	2007	2	13	22	0	0.06
74704003102	2007	2	14	0	0	0.05
74704003102	2007	2	14	2	0	0.03
74704003102	2007	2	14	3	0	0.01
74704003102	2007	2	19	10	0	0.05
74704003102	2007	2	19	11	0	0.12
74704003102	2007	2	19	12	0	0.33
74704003102	2007	2	19	13	0	0.02
74704003102	2007	2	19	14	0	0.01
74704003102	2007	2	19	15	0	0.02
74704003102	2007	2	19	16	0	0.02
74704003102	2007	2	22	14	0	0.01
74704003102	2007	2	22	19	0	0.01
74704003102	2007	2	23	1	0	0.03
74704003102	2007	2	23	2	0	0.01
74704003102	2007	2	23	3	0	0.01
74704003102	2007	2	23	4	0	0.17
74704003102	2007	2	27	6	0	0.01
74704003102	2007	2	27	12	0	0.03
74704003102	2007	2	27	13	0	0.02
74704003102	2007	2	27	14	0	0.02
74704003102	2007	2	28	4	0	0.01
74704003102	2007	3	21	10	0	0.01
74704003102	2007	3	21	13	0	0.08
74704003102	2007	4	20	13	0	0.02
74704003102	2007	4	20	14	0	0.01
74704003102	2007	4	20	15	0	0.01
74704003102	2007	4	20	16	0	0.01
74704003102	2007	4	20	17	0	0.06
74704003102	2007	4	20	18	0	0.13
74704003102	2007	4	20	19	0	0.09
74704003102	2007	4	20	20	0	0.21
74704003102	2007	4	20	21	0	0.15
74704003102	2007	4	20	22	0	0.08
74704003102	2007	4	20	23	0	0.03
74704003102	2007	4	21	3	0	0.02
74704003102	2007	4	21	7	0	0.01
74704003102	2007	4	23	6	0	0.01
74704003102	2007	4	23	9	0	0.03
74704003102	2007	4	23	11	0	0.01
74704003102	2007	7	23	14	0	0.01
74704003102	2007	9	20	13	0	0.04
74704003102	2007	9	20	14	0	0.01
74704003102	2007	9	22	14	0	0.02
74704003102	2007	9	22	15	0	0.01
74704003102	2007	9	22	16	0	0.03
74704003102	2007	9	22	17	0	0.04
74704003102	2007	9	22	20	0	0.03
74704003102	2007	9	22	21	0	0.04
74704003102	2007	9	24	14	0	0.01
74704003102	2007	9	24	16	0	0.01
74704003102	2007	10	13	9	0	0.16
74704003102	2007	10	13	10	0	0.07
74704003102	2007	10	13	12	0	0.03
74704003102	2007	10	13	13	0	0.01
74704003102	2007	10	15	13	0	0.01
74704003102	2007	11	7	11	0	0.01
74704003102	2007	11	19	9	0	0.01
74704003102	2007	11	30	14	0	0.04
74704003102	2007	11	30	16	0	0.15
74704003102	2007	11	30	17	0	0.37
74704003102	2007	11	30	18	0	0.19
74704003102	2007	11	30	19	0	0.12
74704003102	2007	11	30	20	0	0.26
74704003102	2007	11	30	21	0	0.12
74704003102	2007	11	30	22	0	0.23
74704003102	2007	11	30	23	0	0.03
74704003102	2007	12	1	1	0	0.01
74704003102	2007	12	1	3	0	0.02
74704003102	2007	12	1	4	0	0.02
74704003102	2007	12	1	5	0	0.03
74704003102	2007	12	1	6	0	0.01
74704003102	2007	12	1	7	0	0.01
74704003102	2007	12	7	5	0	0.01
74704003102	2007	12	7	6	0	0.04
74704003102	2007	12	7	7	0	0.06
74704003102	2007	12	7	8	0	0.03
74704003102	2007	12	7	9	0	0.08
74704003102	2007	12	7	10	0	0.07
74704003102	2007	12	7	11	0	0.04
74704003102	2007	12	7	12	0	0.01
74704003102	2007	12	7	19	0	0.01
74704003102	2007	12	7	21	0	0.01
74704003102	2007	12	7	22	0	0.01
74704003102	2007	12	9	4	0	0.01
74704003102	2007	12	9	5	0	0.06
74704003102	2007	12	9	8	0	0.02
74704003102	2007	12	9	9	0	0.04
74704003102	2007	12	9	10	0	0.02
74704003102	2007	12	18	17	0	0.01
74704003102	2007	12	19	3	0	0.07
74704003102	2007	12	19	4	0	0.1
74704003102	2007	12	19	5	0	0.01
74704003102	2007	12	19	7	0	0.02
74704003102	2007	12	19	8	0	0.05
74704003102	2007	12	19	9	0	0.07
74704003102	2007	12	19	10	0	0.07
74704003102	2007	12	19	11	0	0.09
74704003102	2007	12	19	12	0	0.04
74704003102	2007	12	19	13	0	0.02
74704003102	2007	12	19	14	0	0.01
74704003102	2007	12	19	15	0	0.01
74704003102	2007	12	19	16	0	0.01
74704003102	2007	12	21	0	0	0.02
74704003102	2007	12	21	2	0	0.01
74704003102	2007	12	21	4	0	0.01
74704003102	2007	12	21	5	0	0.03
74704003102	2007	12	21	6	0	0.17
74704003102	2007	12	21	7	0	0.09
74704003102	2007	12	21	8	0	0.03
74704003102	2008	1	4	23	0	0.01
74704003102	2008	1	5	2	0	0.06
74704003102	2008	1	5	3	0	0.22
74704003102	2008	1	5	4	0	0.18
74704003102	2008	1	5	5	0	0.17
74704003102	2008	1	5	6	0	0.32
74704003102	2008	1	5	7	0	0.22
74704003102	2008	1	5	8	0	0.19
74704003102	2008	1	5	9	0	0.08
74704003102	2008	1	5	10	0	0.1
74704003102	2008	1	5	11	0	0.18
74704003102	2008	1	5	12	0	0.13
74704003102	2008	1	5	13	0	0.01
74704003102	2008	1	6	6	0	0.01
74704003102	2008	1	6	8	0	0.03
74704003102	2008	1	6	9	0	0.07
74704003102	2008	1	6	10	0	0.03
74704003102	2008	1	6	11	0	0.01
74704003102	2008	1	6	12	0	0.05
74704003102	2008	1	6	13	0	0.21
74704003102	2008	1	6	14	0	0.01
74704003102	2008	1	6	19	0	0.08
74704003102	2008	1	6	20	0	0.11
74704003102	2008	1	6	21	0	0.01
74704003102	2008	1	7	1	0	0.13
74704003102	2008	1	7	2	0	0.11
74704003102	2008	1	7	3	0	0.09
74704003102	2008	1	7	4	0	0.13
74704003102	2008	1	7	5	0	0.14
74704003102	2008	1	7	6	0	0.09
74704003102	2008	1	7	7	0	0.01
74704003102	2008	1	7	8	0	0.01
74704003102	2008	1	7	10	0	0.01
74704003102	2008	1	22	1	0	0.01
74704003102	2008	1	22	15	0	0.02
74704003102	2008	1	22	16	0	0.01
74704003102	2008	1	24	0	0	0.02
74704003102	2008	1	24	1	0	0.14
74704003102	2008	1	24	2	0	0.07
74704003102	2008	1	24	3	0	0.11
74704003102	2008	1	24	4	0	0.03
74704003102	2008	1	24	5	0	0.02
74704003102	2008	1	24	6	0	0.01
74704003102	2008	1	24	7	0	0.01
74704003102	2008	1	24	13	0	0.07
74704003102	2008	1	24	16	0	0.01
74704003102	2008	1	24	19	0	0.02
74704003102	2008	1	24	21	0	0.01
74704003102	2008	1	25	0	0	0.01
74704003102	2008	1	25	5	0	0.02
74704003102	2008	1	25	6	0	0.07
74704003102	2008	1	25	7	0	0.05
74704003102	2008	1	25	8	0	0.13
74704003102	2008	1	25	9	0	0.06
74704003102	2008	1	25	10	0	0.06
74704003102	2008	1	25	11	0	0.03
74704003102	2008	1	25	12	0	0.01
74704003102	2008	1	25	13	0	0.01
74704003102	2008	1	25	16	0	0.01
74704003102	2008	1	25	17	0	0.02
74704003102	2008	1	27	4	0	0.01
74704003102	2008	1	27	5	0	0.08
74704003102	2008	1	27	6	0	0.12
74704003102	2008	1	27	7	0	0.09
74704003102	2008	1	27	8	0	0.05
74704003102	2008	1	27	9	0	0.15
74704003102	2008	1	27	10	0	0.23
74704003102	2008	1	27	11	0	0.04
74704003102	2008	1	27	12	0	0.05
74704003102	2008	1	27	13	0	0.03
74704003102	2008	1	27	21	0	0.02
74704003102	2008	1	27	22	0	0.02
74704003102	2008	1	27	23	0	0.04
74704003102	2008	1	28	0	0	0.04
74704003102	2008	1	28	1	0	0.13
74704003102	2008	1	28	2	0	0.08
74704003102	2008	1	28	3	0	0.03
74704003102	2008	1	28	4	0	0.05
74704003102	2008	1	28	5	0	0.1
74704003102	2008	1	28	7	0	0.01
74704003102	2008	1	28	8	0	0.05
74704003102	2008	1	28	9	0	0.1
74704003102	2008	1	28	10	0	0.01
74704003102	2008	1	28	11	0	0.1
74704003102	2008	1	28	12	0	0.03
74704003102	2008	1	28	13	0	0.08
74704003102	2008	1	28	14	0	0.02
74704003102	2008	1	28	16	0	0.01
74704003102	2008	1	28	17	0	0.02
74704003102	2008	2	3	10	0	0.02
74704003102	2008	2	3	11	0	0.03
74704003102	2008	2	3	12	0	0.02
74704003102	2008	2	3	13	0	0.02
74704003102	2008	2	3	14	0	0.03
74704003102	2008	2	3	15	0	0.03
74704003102	2008	2	3	16	0	0.06
74704003102	2008	2	3	17	0	0.07
74704003102	2008	2	3	18	0	0.07
74704003102	2008	2	3	19	0	0.02
74704003102	2008	2	3	20	0	0.05
74704003102	2008	2	14	12	0	0.02
74704003102	2008	2	20	13	0	0.05
74704003102	2008	2	20	14	0	0.04
74704003102	2008	2	20	15	0	0.01
74704003102	2008	2	20	16	0	0.01
74704003102	2008	2	20	19	0	0.01
74704003102	2008	2	21	1	0	0.09
74704003102	2008	2	22	3	0	0.01
74704003102	2008	2	22	7	0	0.05
74704003102	2008	2	22	8	0	0.04
74704003102	2008	2	22	9	0	0.03
74704003102	2008	2	22	10	0	0.03
74704003102	2008	2	22	11	0	0.11
74704003102	2008	2	22	12	0	0.03
74704003102	2008	2	22	13	0	0.22
74704003102	2008	2	22	14	0	0.04
74704003102	2008	2	23	5	0	0.01
74704003102	2008	2	23	6	0	0.02
74704003102	2008	2	23	8	0	0.01
74704003102	2008	2	23	22	0	0.01
74704003102	2008	2	24	1	0	0.03
74704003102	2008	2	24	7	0	0.01
74704003102	2008	2	24	10	0	0.02
74704003102	2008	2	24	11	0	0.03
74704003102	2008	2	24	12	0	0.02
74704003102	2008	2	24	13	0	0.01
74704003102	2008	2	24	14	0	0.01
74704003102	2008	2	24	15	0	0.03
74704003102	2008	2	24	16	0	0.02
74704003102	2008	2	24	17	0	0.03
74704003102	2008	2	24	18	0	0.01
74704003102	2008	2	24	19	0	0.01
74704003102	2008	2	25	2	0	0.05
74704003102	2008	3	16	1	0	0.03
74704003102	2008	3	30	14	0	0.01
74704003102	2008	3	30	15	0	0.01
74704003102	2008	5	22	17	0	0.02
74704003102	2008	5	22	21	0	0.04
74704003102	2008	5	22	22	0	0.02
74704003102	2008	5	22	23	0	0.04
74704003102	2008	5	23	0	0	0.02
74704003102	2008	5	23	1	0	0.01
74704003102	2008	5	23	10	0	0.01
74704003102	2008	5	23	13	0	0.01
74704003102	2008	5	23	15	0	0.05
74704003102	2008	5	23	16	0	0.03
74704003102	2008	5	23	17	0	0.01
74704003102	2008	5	23	19	0	0.02
74704003102	2008	5	23	20	0	0.05
74704003102	2008	5	23	21	0	0.01
74704003102	2008	9	11	16	0	0.01
74704003102	2008	11	2	4	0	0.03
74704003102	2008	11	4	12	0	0.01
74704003102	2008	11	4	13	0	0.07
74704003102	2008	11	4	14	0	0.02
74704003102	2008	11	4	15	0	0.01
74704003102	2008	11	9	10	0	0.01
74704003102	2008	11	9	11	0	0.01
74704003102	2008	11	26	6	0	0.02
74704003102	2008	11	26	7	0	0.05
74704003102	2008	11	26	8	0	0.14
74704003102	2008	11	26	9	0	0.23
74704003102	2008	11	26	10	0	0.14
74704003102	2008	11	26	11	0	0.15
74704003102	2008	11	26	12	0	0.03
74704003102	2008	11	26	23	0	0.01
74704003102	2008	11	27	0	0	0.01
74704003102	2008	11	27	4	0	0.09
74704003102	2008	11	27	5	0	0.01
74704003102	2008	11	27	18	0	0.03
74704003102	2008	11	29	7	0	0.01
74704003102	2008	12	2	14	0	0.01
74704003102	2008	12	15	7	0	0.01
74704003102	2008	12	15	9	0	0.04
74704003102	2008	12	15	10	0	0.08
74704003102	2008	12	15	11	0	0.03
74704003102	2008	12	15	12	0	0.12
74704003102	2008	12	15	13	0	0.17
74704003102	2008	12	15	14	0	0.22
74704003102	2008	12	15	15	0	0.23
74704003102	2008	12	15	16	0	0.24
74704003102	2008	12	15	17	0	0.28
74704003102	2008	12	15	18	0	0.15
74704003102	2008	12	15	19	0	0.06
74704003102	2008	12	15	20	0	0.03
74704003102	2008	12	15	22	0	0.01
74704003102	2008	12	16	0	0	0.03
74704003102	2008	12	16	2	0	0.01
74704003102	2008	12	16	12	0	0.01
74704003102	2008	12	17	14	0	0.01
74704003102	2008	12	17	15	0	0.01
74704003102	2008	12	17	16	0	0.02
74704003102	2008	12	17	17	0	0.07
74704003102	2008	12	17	18	0	0.09
74704003102	2008	12	17	19	0	0.05
74704003102	2008	12	17	20	0	0.08
74704003102	2008	12	17	21	0	0.02
74704003102	2008	12	17	22	0	0.05
74704003102	2008	12	17	23	0	0.06
74704003102	2008	12	18	0	0	0.05
74704003102	2008	12	18	1	0	0.1
74704003102	2008	12	18	2	0	0.08
74704003102	2008	12	18	3	0	0.07
74704003102	2008	12	18	4	0	0.06
74704003102	2008	12	18	5	0	0.04
74704003102	2008	12	18	6	0	0.01
74704003102	2008	12	18	8	0	0.01
74704003102	2008	12	18	9	0	0.02
74704003102	2008	12	18	10	0	0.01
74704003102	2008	12	22	18	0	0.03
74704003102	2008	12	25	7	0	0.01
74704003102	2008	12	25	11	0	0.01
74704003102	2008	12	25	12	0	0.03
74704003102	2008	12	25	14	0	0.04
74704003102	2008	12	25	15	0	0.03
74704003102	2008	12	25	16	0	0.03
74704003102	2008	12	25	18	0	0.06
74704003102	2008	12	25	19	0	0.01
74704003102	2008	12	25	20	0	0.01
74704003102	2008	12	25	21	0	0.01
74704003102	2008	12	25	22	0	0.02
74704003102	2008	12	26	0	0	0.23
74704003102	2008	12	26	2	0	0.01
74704003102	2009	1	21	6	0	0.02
74704003102	2009	1	23	11	0	0.01
74704003102	2009	1	23	16	0	0.01
74704003102	2009	1	23	17	0	0.01
74704003102	2009	1	24	1	0	0.01
74704003102	2009	1	24	2	0	0.02
74704003102	2009	1	25	17	0	0.01
74704003102	2009	1	26	9	0	0.03
74704003102	2009	2	5	22	0	0.03
74704003102	2009	2	5	23	0	0.05
74704003102	2009	2	6	0	0	0.11
74704003102	2009	2	6	1	0	0.06
74704003102	2009	2	6	2	0	0.12
74704003102	2009	2	6	4	0	0.01
74704003102	2009	2	6	6	0	0.01
74704003102	2009	2	6	8	0	0.03
74704003102	2009	2	6	9	0	0.03
74704003102	2009	2	6	10	0	0.1
74704003102	2009	2	6	11	0	0.05
74704003102	2009	2	6	12	0	0.16
74704003102	2009	2	6	16	0	0.04
74704003102	2009	2	6	17	0	0.01
74704003102	2009	2	6	22	0	0.06
74704003102	2009	2	7	3	0	0.07
74704003102	2009	2	7	4	0	0.03
74704003102	2009	2	7	5	0	0.07
74704003102	2009	2	7	6	0	0.17
74704003102	2009	2	7	7	0	0.15
74704003102	2009	2	7	8	0	0.08
74704003102	2009	2	7	9	0	0.03
74704003102	2009	2	7	10	0	0.05
74704003102	2009	2	7	11	0	0.07
74704003102	2009	2	7	12	0	0.04
74704003102	2009	2	7	13	0	0.01
74704003102	2009	2	7	20	0	0.01
74704003102	2009	2	8	2	0	0.03
74704003102	2009	2	8	3	0	0.01
74704003102	2009	2	8	4	0	0.01
74704003102	2009	2	8	15	0	0.06
74704003102	2009	2	8	16	0	0.01
74704003102	2009	2	8	17	0	0.12
74704003102	2009	2	8	21	0	0.03
74704003102	2009	2	8	22	0	0.05
74704003102	2009	2	9	6	0	0.01
74704003102	2009	2	9	7	0	0.07
74704003102	2009	2	9	9	0	0.03
74704003102	2009	2	9	10	0	0.02
74704003102	2009	2	9	12	0	0.11
74704003102	2009	2	9	13	0	0.14
74704003102	2009	2	9	14	0	0.14
74704003102	2009	2	9	18	0	0.1
74704003102	2009	2	9	19	0	0.14
74704003102	2009	2	9	20	0	0.01
74704003102	2009	2	9	22	0	0.13
74704003102	2009	2	12	3	0	0.01
74704003102	2009	2	12	7	0	0.01
74704003102	2009	2	13	16	0	0.04
74704003102	2009	2	13	17	0	0.01
74704003102	2009	2	13	22	0	0.05
74704003102	2009	2	13	23	0	0.18
74704003102	2009	2	14	0	0	0.17
74704003102	2009	2	14	5	0	0.01
74704003102	2009	2	16	12	0	0.01
74704003102	2009	2	16	13	0	0.07
74704003102	2009	2	16	14	0	0.04
74704003102	2009	2	16	15	0	0.15
74704003102	2009	2	16	16	0	0.19
74704003102	2009	2	16	17	0	0.01
74704003102	2009	2	16	20	0	0.03
74704003102	2009	2	16	21	0	0.02
74704003102	2009	2	16	22	0	0.17
74704003102	2009	2	16	23	0	0.11
74704003102	2009	2	17	0	0	0.02
74704003102	2009	2	17	5	0	0.01
74704003102	2009	2	17	6	0	0.1
74704003102	2009	2	17	8	0	0.01
74704003102	2009	2	17	13	0	0.03
74704003102	2009	2	17	14	0	0.17
74704003102	2009	2	17	15	0	0.03
74704003102	2009	2	17	16	0	0.05
74704003102	2009	2	17	17	0	0.02
74704003102	2009	2	17	18	0	0.04
74704003102	2009	2	23	14	0	0.01
74704003102	2009	2	23	20	0	0.02
74704003102	2009	3	2	23	0	0.01
74704003102	2009	3	5	2	0	0.02
74704003102	2009	3	5	3	0	0.06
74704003102	2009	3	5	4	0	0.03
74704003102	2009	3	5	5	0	0.01
74704003102	2009	3	5	6	0	0.01
74704003102	2009	3	22	14	0	0.16
74704003102	2009	3	22	16	0	0.04
74704003102	2009	4	8	4	0	0.01
74704003102	2009	4	10	13	0	0.01
74704003102	2009	5	11	17	0	0.03
74704003102	2009	6	3	15	0	0.01
74704003102	2009	10	14	0	0	0.01
74704003102	2009	10	14	1	0	0.01
74704003102	2009	10	14	7	0	0.01
74704003102	2009	10	14	9	0	0.02
74704003102	2009	10	14	10	0	0.05
74704003102	2009	10	14	11	0	0.09
74704003102	2009	10	14	12	0	0.02
74704003102	2009	10	14	13	0	0.03
74704003102	2009	10	14	14	0	0.04
74704003102	2009	10	14	15	0	0.05
74704003102	2009	10	14	16	0	0.02
74704003102	2009	10	14	18	0	0.01
74704003102	2009	11	8	10	0	0.01
74704003102	2009	11	13	19	0	0.02
74704003102	2009	11	28	6	0	0.01
74704003102	2009	11	28	13	0	0.16
74704003102	2009	11	28	14	0	0.09
74704003102	2009	11	28	21	0	0.01
74704003102	2009	11	29	9	0	0.01
74704003102	2009	12	7	12	0	0.03
74704003102	2009	12	7	14	0	0.01
74704003102	2009	12	7	15	0	0.03
74704003102	2009	12	7	16	0	0.05
74704003102	2009	12	7	17	0	0.05
74704003102	2009	12	7	18	0	0.07
74704003102	2009	12	7	19	0	0.26
74704003102	2009	12	7	20	0	0.22
74704003102	2009	12	7	21	0	0.16
74704003102	2009	12	7	22	0	0.09
74704003102	2009	12	7	23	0	0.08
74704003102	2009	12	8	0	0	0.01
74704003102	2009	12	8	1	0	0.01
74704003102	2009	12	11	9	0	0.01
74704003102	2009	12	11	10	0	0.04
74704003102	2009	12	11	11	0	0.15
74704003102	2009	12	11	12	0	0.04
74704003102	2009	12	11	13	0	0.01
74704003102	2009	12	11	14	0	0.02
74704003102	2009	12	11	15	0	0.01
74704003102	2009	12	11	16	0	0.01
74704003102	2009	12	12	0	0	0.05
74704003102	2009	12	12	7	0	0.03
74704003102	2009	12	12	8	0	0.02
74704003102	2009	12	12	9	0	0.01
74704003102	2009	12	12	12	0	0.04
74704003102	2009	12	12	15	0	0.05
74704003102	2009	12	12	16	0	0.01
74704003102	2009	12	12	17	0	0.06
74704003102	2009	12	12	18	0	0.13
74704003102	2009	12	12	19	0	0.14
74704003102	2009	12	12	20	0	0.05
74704003102	2009	12	12	21	0	0.05
74704003102	2009	12	12	23	0	0.06
74704003102	2009	12	13	0	0	0.19
74704003102	2009	12	13	1	0	0.05
74704003102	2009	12	13	2	0	0.03
74704003102	2009	12	13	3	0	0.01
74704003102	2009	12	13	4	0	0.03
74704003102	2009	12	13	5	0	0.02
74704003102	2009	12	13	11	0	0.06
74704003102	2009	12	13	12	0	0.02
74704003102	2009	12	13	13	0	0.02
74704003102	2009	12	22	10	0	0.08
74704003102	2009	12	22	12	0	0.04
74704003102	2009	12	22	13	0	0.03
74704003102	2009	12	30	17	0	0.01
74704003102	2009	12	30	18	0	0.01
74704003102	2009	12	30	19	0	0.01
74704003102	2009	12	30	20	0	0.01
74704003102	2009	12	30	22	0	0.02
74704003102	2009	12	31	11	0	0.01
74704003102	2010	1	13	13	0	0.14
74704003102	2010	1	13	17	0	0.02
74704003102	2010	1	17	23	0	0.01
74704003102	2010	1	18	0	0	0.01
74704003102	2010	1	18	1	0	0.05
74704003102	2010	1	18	2	0	0.03
74704003102	2010	1	18	3	0	0.05
74704003102	2010	1	18	4	0	0.04
74704003102	2010	1	18	6	0	0.05
74704003102	2010	1	18	7	0	0.04
74704003102	2010	1	18	8	0	0.02
74704003102	2010	1	18	9	0	0.01
74704003102	2010	1	18	12	0	0.01
74704003102	2010	1	18	13	0	0.02
74704003102	2010	1	18	14	0	0.03
74704003102	2010	1	18	15	0	0.03
74704003102	2010	1	18	16	0	0.01
74704003102	2010	1	18	17	0	0.04
74704003102	2010	1	18	18	0	0.04
74704003102	2010	1	18	19	0	0.01
74704003102	2010	1	18	20	0	0.03
74704003102	2010	1	18	21	0	0.43
74704003102	2010	1	18	22	0	0.47
74704003102	2010	1	18	23	0	0.2
74704003102	2010	1	19	20	0	0.002
74704003102	2010	1	19	21	0	0.31
74704003102	2010	1	19	22	0	0.34
74704003102	2010	1	19	23	0	0.03
74704003102	2010	1	20	0	0	0.02
74704003102	2010	1	20	1	0	0.06
74704003102	2010	1	20	9	0	0.01
74704003102	2010	1	20	14	0	0.01
74704003102	2010	1	20	20	0	0.004
74704003102	2010	1	20	21	0	0.08
74704003102	2010	1	20	22	0	0.04
74704003102	2010	1	20	23	0	0.07
74704003102	2010	1	21	0	0	0.08
74704003102	2010	1	21	1	0	0.14
74704003102	2010	1	21	2	0	0.15
74704003102	2010	1	21	3	0	0.13
74704003102	2010	1	21	4	0	0.12
74704003102	2010	1	21	5	0	0.11
74704003102	2010	1	21	6	0	0.09
74704003102	2010	1	21	7	0	0.07
74704003102	2010	1	21	8	0	0.06
74704003102	2010	1	21	9	0	0.05
74704003102	2010	1	21	10	0	0.04
74704003102	2010	1	21	11	0	0.01
74704003102	2010	1	21	12	0	0.01
74704003102	2010	1	21	13	0	0.02
74704003102	2010	1	21	14	0	0.03
74704003102	2010	1	21	15	0	0.03
74704003102	2010	1	21	16	0	0.03
74704003102	2010	1	21	17	0	0.03
74704003102	2010	1	21	18	0	0.03
74704003102	2010	1	21	19	0	0.04
74704003102	2010	1	21	20	0	0.05
74704003102	2010	1	21	21	0	0.06
74704003102	2010	1	21	22	0	0.06
74704003102	2010	1	21	23	0	0.07
74704003102	2010	1	22	0	0	0.08
74704003102	2010	1	22	1	0	0.08
74704003102	2010	1	22	2	0	0.08
74704003102	2010	1	22	3	0	0.08
74704003102	2010	1	22	4	0	0.07
74704003102	2010	1	22	5	0	0.08
74704003102	2010	1	22	6	0	0.08
74704003102	2010	1	22	7	0	0.08
74704003102	2010	1	22	8	0	0.08
74704003102	2010	1	22	9	0	0.07
74704003102	2010	1	22	10	0	0.07
74704003102	2010	1	22	11	0	0.06
74704003102	2010	1	22	12	0	0.06
74704003102	2010	1	22	13	0	0.06
74704003102	2010	1	22	14	0	0.05
74704003102	2010	1	22	15	0	0.05
74704003102	2010	1	22	16	0	0.04
74704003102	2010	1	22	17	0	0.05
74704003102	2010	1	22	18	0	0.05
74704003102	2010	1	22	19	0	0.04
74704003102	2010	1	22	20	0	0.05
74704003102	2010	1	22	21	0	0.04
74704003102	2010	1	22	22	0	0.05
74704003102	2010	1	22	23	0	0.04
74704003102	2010	1	23	0	0	0.05
74704003102	2010	1	23	1	0	0.05
74704003102	2010	1	23	2	0	0.05
74704003102	2010	1	23	3	0	0.04
74704003102	2010	1	23	4	0	0.05
74704003102	2010	1	23	5	0	0.03
74704003102	2010	1	23	6	0	0.04
74704003102	2010	1	23	7	0	0.03
74704003102	2010	1	23	8	0	0.03
74704003102	2010	1	23	9	0	0.03
74704003102	2010	1	23	10	0	0.03
74704003102	2010	1	23	11	0	0.02
74704003102	2010	1	23	12	0	0.03
74704003102	2010	1	23	13	0	0.02
74704003102	2010	1	23	14	0	0.01
74704003102	2010	1	23	15	0	0.01
74704003102	2010	1	27	0	0	0.01
74704003102	2010	1	27	2	0	0.01
74704003102	2010	1	27	3	0	0.01
74704003102	2010	1	27	4	0	0.01
74704003102	2010	1	27	6	0	0.01
74704003102	2010	2	5	10	0	0.01
74704003102	2010	2	6	10	0	0.014
74704003102	2010	2	6	11	0	0.007
74704003102	2010	2	6	12	0	0.069
74704003102	2010	2	6	13	0	0.09
74704003102	2010	2	6	14	0	0.22
74704003102	2010	2	6	15	0	0.01
74704003102	2010	2	6	16	0	0.228
74704003102	2010	2	6	17	0	0.01
74704003102	2010	2	6	18	0	0.01
74704003102	2010	2	6	19	0	0.74
74704003102	2010	2	6	22	0	0.06
74704003102	2010	2	6	23	0	0.03
74704003102	2010	2	7	0	0	0.05
74704003102	2010	2	9	16	0	0.01
74704003102	2010	2	9	20	0	0.03
74704003102	2010	2	9	23	0	0.07
74704003102	2010	2	10	0	0	0.21
74704003102	2010	2	10	1	0	0.18
74704003102	2010	2	10	2	0	0.05
74704003102	2010	2	10	4	0	0.01
74704003102	2010	2	10	6	0	0.002
74704003102	2010	2	20	5	0	0.02
74704003102	2010	2	20	6	0	0.01
74704003102	2010	2	20	9	0	0.01
74704003102	2010	2	21	7	0	0.01
74704003102	2010	2	21	9	0	0.11
74704003102	2010	2	21	10	0	0.1
74704003102	2010	2	21	11	0	0.01
74704003102	2010	2	21	18	0	0.01
74704003102	2010	2	22	2	0	0.01
74704003102	2010	2	22	3	0	0.09
74704003102	2010	2	22	7	0	0.02
74704003102	2010	2	22	8	0	0.06
74704003102	2010	2	22	9	0	0.01
74704003102	2010	2	27	12	0	0.12
74704003102	2010	2	27	13	0	0.04
74704003102	2010	2	27	14	0	0.07
74704003102	2010	2	27	15	0	0.05
74704003102	2010	2	27	16	0	0.11
74704003102	2010	2	27	17	0	0.11
74704003102	2010	2	27	18	0	0.08
74704003102	2010	2	27	19	0	0.08
74704003102	2010	2	27	20	0	0.1
74704003102	2010	2	27	21	0	0.09
74704003102	2010	2	27	22	0	0.08
74704003102	2010	2	27	23	0	0.09
74704003102	2010	2	28	0	0	0.11
74704003102	2010	2	28	1	0	0.08
74704003102	2010	3	4	7	0	0.02
74704003102	2010	3	4	8	0	0.07
74704003102	2010	3	4	9	0	0.01
74704003102	2010	3	4	11	0	0.01
74704003102	2010	3	6	23	0	0.003
74704003102	2010	3	7	0	0	0.02
74704003102	2010	3	7	1	0	0.01
74704003102	2010	3	7	2	0	0.02
74704003102	2010	3	7	3	0	0.04
74704003102	2010	3	7	4	0	0.07
74704003102	2010	3	7	5	0	0.07
74704003102	2010	3	7	6	0	0.05
74704003102	2010	3	7	7	0	0.03
74704003102	2010	3	7	8	0	0.02
74704003102	2010	3	7	9	0	0.01
74704003102	2010	3	8	0	0	0.05
74704003102	2010	3	8	1	0	0.04
74704003102	2010	3	8	2	0	0.02
74704003102	2010	3	8	3	0	0.02
74704003102	2010	3	9	12	0	0.02
74704003102	2010	3	31	21	0	0.03
74704003102	2010	4	5	8	0	0.02
74704003102	2010	4	5	9	0	0.01
74704003102	2010	4	5	11	0	0.01
74704003102	2010	4	5	12	0	0.02
74704003102	2010	4	5	13	0	0.02
74704003102	2010	4	5	15	0	0.07
74704003102	2010	4	5	16	0	0.02
74704003102	2010	4	5	17	0	0.16
74704003102	2010	4	12	7	0	0.09
74704003102	2010	4	12	8	0	0.11
74704003102	2010	4	12	9	0	0.32
74704003102	2010	4	12	10	0	0.16
74704003102	2010	4	12	11	0	0.06
74704003102	2010	4	12	12	0	0.01
74704003102	2010	4	12	17	0	0.02
74704003102	2010	4	12	18	0	0.02
74704003102	2010	4	20	23	0	0.02
74704003102	2010	4	21	0	0	0.07
74704003102	2010	4	21	1	0	0.07
74704003102	2010	4	21	2	0	0.04
74704003102	2010	4	21	3	0	0.01
74704003102	2010	4	22	10	0	0.01
74704003102	2010	4	22	19	0	0.01
74704003102	2010	4	23	13	0	0.01
74704003102	2010	4	28	12	0	0.01
74704003102	2010	5	18	4	0	0.02
74704003102	2010	5	18	15	0	0.01
74704003102	2010	10	6	2	0	0.005
74704003102	2010	10	6	3	0	0.01
74704003102	2010	10	6	14	0	0.01
74704003102	2010	10	6	15	0	0.02
74704003102	2010	10	6	16	0	0.02
74704003102	2010	10	6	17	0	0.01
74704003102	2010	10	6	18	0	0.02
74704003102	2010	10	6	19	0	0.34
74704003102	2010	10	6	20	0	0.02
74704003102	2010	10	6	21	0	0.01
74704003102	2010	10	19	7	0	0.01
74704003102	2010	10	19	20	0	0.01
74704003102	2010	10	20	3	0	0.01
74704003102	2010	10	20	9	0	0.01
74704003102	2010	10	20	14	0	0.01
74704003102	2010	10	20	16	0	0.01
74704003102	2010	10	20	19	0	0.01
74704003102	2010	10	20	21	0	0.01
74704003102	2010	10	21	1	0	0.01
74704003102	2010	10	21	6	0	0.01
74704003102	2010	10	21	13	0	0.01
74704003102	2010	10	21	18	0	0.01
74704003102	2010	10	22	1	0	0.01
74704003102	2010	10	22	8	0	0.01
74704003102	2010	10	22	16	0	0.01
74704003102	2010	10	22	20	0	0.01
74704003102	2010	10	25	7	0	0.01
74704003102	2010	10	25	8	0	0.01
74704003102	2010	10	25	9	0	0.01
74704003102	2010	10	25	10	0	0.02
74704003102	2010	10	25	11	0	0.02
74704003102	2010	10	25	12	0	0.02
74704003102	2010	10	25	13	0	0.01
74704003102	2010	10	25	14	0	0.02
74704003102	2010	10	25	15	0	0.01
74704003102	2010	10	25	16	0	0.02
74704003102	2010	10	25	17	0	0.01
74704003102	2010	10	25	18	0	0.01
74704003102	2010	10	25	19	0	0.01
74704003102	2010	10	25	23	0	0.01
74704003102	2010	10	30	14	0	0.036
74704003102	2010	10	30	15	0	0.037
74704003102	2010	10	30	18	0	0.01
74704003102	2010	10	30	23	0	0.01
74704003102	2010	10	31	4	0	0.01
74704003102	2010	10	31	7	0	0.01
74704003102	2010	10	31	10	0	0.01
74704003102	2010	10	31	14	0	0.01
74704003102	2010	10	31	18	0	0.01
74704003102	2010	10	31	21	0	0.01
74704003102	2010	11	1	4	0	0.01
74704003102	2010	11	1	18	0	0.01
74704003102	2010	11	8	10	0	0.01
74704003102	2010	11	8	11	0	0.01
74704003102	2010	11	8	12	0	0.01
74704003102	2010	11	8	13	0	0.01
74704003102	2010	11	8	14	0	0.05
74704003102	2010	11	8	15	0	0.03
74704003102	2010	11	11	15	0	0.01
74704003102	2010	11	20	12	0	0.01
74704003102	2010	11	20	13	0	0.01
74704003102	2010	11	20	14	0	0.06
74704003102	2010	11	20	15	0	0.05
74704003102	2010	11	20	16	0	0.05
74704003102	2010	11	20	17	0	0.02
74704003102	2010	11	20	18	0	0.11
74704003102	2010	11	20	19	0	0.05
74704003102	2010	11	20	20	0	0.14
74704003102	2010	11	20	21	0	0.09
74704003102	2010	11	20	22	0	0.14
74704003102	2010	11	20	23	0	0.04
74704003102	2010	11	21	0	0	0.03
74704003102	2010	11	21	2	0	0.02
74704003102	2010	11	21	14	0	0.007
74704003102	2010	11	21	15	0	0.17
74704003102	2010	11	21	16	0	0.04
74704003102	2010	11	22	10	0	0.01
74704003102	2010	11	24	7	0	0.01
74704003102	2010	11	28	6	0	0.02
74704003102	2010	11	29	17	0	0.01
74704003102	2010	12	6	1	0	0.01
74704003102	2010	12	6	2	0	0.06
74704003102	2010	12	6	3	0	0.06
74704003102	2010	12	6	4	0	0.13
74704003102	2010	12	6	5	0	0.02
74704003102	2010	12	6	6	0	0.01
74704003102	2010	12	6	7	0	0.09
74704003102	2010	12	6	8	0	0.13
74704003102	2010	12	6	9	0	0.11
74704003102	2010	12	6	10	0	0.08
74704003102	2010	12	6	11	0	0.01
74704003102	2010	12	7	9	0	0.01
74704003102	2010	12	16	8	0	0.011
74704003102	2010	12	16	9	0	0.02
74704003102	2010	12	16	10	0	0.02
74704003102	2010	12	16	11	0	0.07
74704003102	2010	12	16	12	0	0.04
74704003102	2010	12	16	13	0	0.03
74704003102	2010	12	16	14	0	0.01
74704003102	2010	12	17	20	0	0.01
74704003102	2010	12	17	23	0	0.03
74704003102	2010	12	18	0	0	0.04
74704003102	2010	12	18	1	0	0.05
74704003102	2010	12	18	2	0	0.03
74704003102	2010	12	18	3	0	0.04
74704003102	2010	12	18	4	0	0.04
74704003102	2010	12	18	5	0	0.02
74704003102	2010	12	18	6	0	0.05
74704003102	2010	12	18	7	0	0.05
74704003102	2010	12	18	8	0	0.05
74704003102	2010	12	18	9	0	0.02
74704003102	2010	12	18	14	0	0.01
74704003102	2010	12	18	16	0	0.03
74704003102	2010	12	18	18	0	0.03
74704003102	2010	12	18	19	0	0.07
74704003102	2010	12	18	20	0	0.05
74704003102	2010	12	18	22	0	0.03
74704003102	2010	12	18	23	0	0.02
74704003102	2010	12	19	0	0	0.01
74704003102	2010	12	19	1	0	0.03
74704003102	2010	12	19	2	0	0.02
74704003102	2010	12	19	3	0	0.02
74704003102	2010	12	19	4	0	0.02
74704003102	2010	12	19	5	0	0.03
74704003102	2010	12	19	6	0	0.02
74704003102	2010	12	19	7	0	0.02
74704003102	2010	12	19	8	0	0.03
74704003102	2010	12	19	9	0	0.02
74704003102	2010	12	19	10	0	0.02
74704003102	2010	12	19	11	0	0.03
74704003102	2010	12	19	12	0	0.02
74704003102	2010	12	19	13	0	0.03
74704003102	2010	12	19	14	0	0.02
74704003102	2010	12	19	15	0	0.02
74704003102	2010	12	19	16	0	0.03
74704003102	2010	12	19	17	0	0.02
74704003102	2010	12	19	18	0	0.03
74704003102	2010	12	19	19	0	0.03
74704003102	2010	12	19	20	0	0.02
74704003102	2010	12	19	21	0	0.03
74704003102	2010	12	19	22	0	0.03
74704003102	2010	12	19	23	0	0.02
74704003102	2010	12	20	0	0	0.02
74704003102	2010	12	20	1	0	0.02
74704003102	2010	12	20	2	0	0.02
74704003102	2010	12	20	3	0	0.01
74704003102	2010	12	20	4	0	0.02
74704003102	2010	12	20	5	0	0.02
74704003102	2010	12	20	6	0	0.02
74704003102	2010	12	20	7	0	0.01
74704003102	2010	12	20	8	0	0.02
74704003102	2010	12	20	9	0	0.02
74704003102	2010	12	20	10	0	0.01
74704003102	2010	12	20	11	0	0.02
74704003102	2010	12	20	12	0	0.01
74704003102	2010	12	20	13	0	0.01
74704003102	2010	12	20	14	0	0.02
74704003102	2010	12	20	15	0	0.01
74704003102	2010	12	20	16	0	0.01
74704003102	2010	12	20	17	0	0.01
74704003102	2010	12	20	18	0	0.01
74704003102	2010	12	20	19	0	0.01
74704003102	2010	12	20	20	0	0.01
74704003102	2010	12	20	21	0	0.01
74704003102	2010	12	20	22	0	0.02
74704003102	2010	12	20	23	0	0.01
74704003102	2010	12	21	0	0	0.01
74704003102	2010	12	21	1	0	0.01
74704003102	2010	12	21	2	0	0.01
74704003102	2010	12	21	3	0	0.01
74704003102	2010	12	21	4	0	0.01
74704003102	2010	12	21	5	0	0.01
74704003102	2010	12	21	6	0	0.01
74704003102	2010	12	21	7	0	0.01
74704003102	2010	12	21	9	0	0.01
74704003102	2010	12	21	10	0	0.01
74704003102	2010	12	21	11	0	0.01
74704003102	2010	12	21	12	0	0.01
74704003102	2010	12	21	14	0	0.01
74704003102	2010	12	21	15	0	0.01
74704003102	2010	12	21	16	0	0.01
74704003102	2010	12	21	18	0	1.92
74704003102	2010	12	21	19	0	0.07
74704003102	2010	12	21	20	0	0.03
74704003102	2010	12	21	21	0	0.02
74704003102	2010	12	21	22	0	0.06
74704003102	2010	12	21	23	0	0.09
74704003102	2010	12	22	0	0	0.07
74704003102	2010	12	22	1	0	0.07
74704003102	2010	12	22	2	0	0.03
74704003102	2010	12	22	3	0	0.09
74704003102	2010	12	22	4	0	0.08
74704003102	2010	12	22	6	0	0.01
74704003102	2010	12	22	7	0	0.23
74704003102	2010	12	22	8	0	0.25
74704003102	2010	12	22	9	0	0.16
74704003102	2010	12	22	10	0	0.27
74704003102	2010	12	22	11	0	0.31
74704003102	2010	12	22	12	0	0.24
74704003102	2010	12	22	13	0	0.06
74704003102	2010	12	22	14	0	0.235
74704003102	2010	12	22	15	0	0.251
74704003102	2010	12	22	16	0	0.172
74704003102	2010	12	22	17	0	0.183
74704003102	2010	12	22	18	0	0.163
74704003102	2010	12	22	19	0	0.015
74704003102	2010	12	22	21	0	0.026
74704003102	2010	12	22	22	0	0.036
74704003102	2010	12	22	23	0	0.177
74704003102	2010	12	23	0	0	0.092
74704003102	2010	12	23	1	0	0.031
74704003102	2010	12	23	2	0	0.001
74704003102	2010	12	23	7	0	0.001
74704003102	2010	12	26	5	0	0.005
74704003102	2010	12	26	6	0	0.17
74704003102	2010	12	26	7	0	0.02
74704003102	2010	12	26	8	0	0.02
74704003102	2010	12	26	9	0	0.02
74704003102	2010	12	26	10	0	0.06
74704003102	2010	12	26	11	0	0.03
74704003102	2010	12	29	12	0	0.01
74704003102	2010	12	29	13	0	0.05
74704003102	2010	12	29	14	0	0.1
74704003102	2010	12	29	15	0	0.07
74704003102	2010	12	29	16	0	0.13
74704003102	2010	12	29	17	0	0.06
74704003102	2010	12	29	18	0	0.15
74704003102	2010	12	29	19	0	0.03
74704003102	2010	12	29	21	0	0.01
74704003102	2010	12	29	23	0	0.01
74704003102	2011	1	3	0	0	0.04
74704003102	2011	1	3	1	0	0.02
74704003102	2011	1	3	2	0	0.02
74704003102	2011	1	3	3	0	0.11
74704003102	2011	1	3	4	0	0.11
74704003102	2011	1	3	5	0	0.05
74704003102	2011	1	3	6	0	0.12
74704003102	2011	1	3	10	0	0.01
74704003102	2011	1	3	17	0	0.01
74704003102	2011	1	3	18	0	0.01
74704003102	2011	1	3	19	0	0.01
74704003102	2011	1	30	20	0	0.001
74704003102	2011	1	30	21	0	0.02
74704003102	2011	1	30	22	0	0.09
74704003102	2011	1	30	23	0	0.07
74704003102	2011	1	31	0	0	0.02
74704003102	2011	1	31	2	0	0.03
74704003102	2011	1	31	3	0	0.02
74704003102	2011	1	31	13	0	0.01
74704003102	2011	2	16	7	0	0.01
74704003102	2011	2	16	11	0	0.07
74704003102	2011	2	16	12	0	0.06
74704003102	2011	2	16	13	0	0.01
74704003102	2011	2	16	14	0	0.02
74704003102	2011	2	16	15	0	0.03
74704003102	2011	2	16	16	0	0.01
74704003102	2011	2	16	18	0	0.05
74704003102	2011	2	16	20	0	0.1
74704003102	2011	2	16	21	0	0.02
74704003102	2011	2	16	22	0	0.06
74704003102	2011	2	18	23	0	0.04
74704003102	2011	2	19	0	0	0.02
74704003102	2011	2	19	1	0	0.05
74704003102	2011	2	19	2	0	0.08
74704003102	2011	2	19	3	0	0.04
74704003102	2011	2	19	5	0	0.01
74704003102	2011	2	19	6	0	0.04
74704003102	2011	2	19	8	0	0.03
74704003102	2011	2	19	9	0	0.06
74704003102	2011	2	19	21	0	0.05
74704003102	2011	2	19	23	0	0.01
74704003102	2011	2	20	0	0	0.11
74704003102	2011	2	20	1	0	0.05
74704003102	2011	2	20	2	0	0.02
74704003102	2011	2	20	3	0	0.01
74704003102	2011	2	20	4	0	0.02
74704003102	2011	2	20	5	0	0.11
74704003102	2011	2	20	6	0	0.06
74704003102	2011	2	20	8	0	0.02
74704003102	2011	2	25	23	0	0.02
74704003102	2011	2	26	1	0	0.05
74704003102	2011	2	26	2	0	0.04
74704003102	2011	2	26	3	0	0.04
74704003102	2011	2	26	4	0	0.05
74704003102	2011	2	26	5	0	0.12
74704003102	2011	2	26	6	0	0.12
74704003102	2011	2	26	7	0	0.07
74704003102	2011	2	26	8	0	0.07
74704003102	2011	2	26	9	0	0.08
74704003102	2011	2	26	10	0	0.08
74704003102	2011	2	26	11	0	0.07
74704003102	2011	2	26	12	0	0.08
74704003102	2011	2	26	13	0	0.07
74704003102	2011	2	26	14	0	0.08
74704003102	2011	2	26	15	0	0.07
74704003102	2011	2	26	16	0	0.08
74704003102	2011	2	26	17	0	0.08
74704003102	2011	2	26	18	0	0.08
74704003102	2011	2	26	19	0	0.07
74704003102	2011	2	26	20	0	0.06
74704003102	2011	2	26	21	0	0.06
74704003102	2011	2	26	22	0	0.05
74704003102	2011	2	26	23	0	0.05
74704003102	2011	2	27	0	0	0.04
74704003102	2011	2	27	1	0	0.04
74704003102	2011	2	27	2	0	0.03
74704003102	2011	3	3	6	0	0.02
74704003102	2011	3	3	7	0	0.02
74704003102	2011	3	3	8	0	0.01
74704003102	2011	3	3	12	0	0.01
74704003102	2011	3	7	6	0	0.01
74704003102	2011	3	7	7	0	0.02
74704003102	2011	3	7	12	0	0.01
74704003102	2011	3	19	12	0	0.01
74704003102	2011	3	19	15	0	0.03
74704003102	2011	3	20	17	0	0.01
74704003102	2011	3	20	20	0	0.01
74704003102	2011	3	21	1	0	0.01
74704003102	2011	3	21	2	0	0.01
74704003102	2011	3	21	3	0	0.01
74704003102	2011	3	21	4	0	0.02
74704003102	2011	3	21	5	0	0.04
74704003102	2011	3	21	6	0	0.05
74704003102	2011	3	21	7	0	0.07
74704003102	2011	3	21	8	0	0.06
74704003102	2011	3	21	9	0	0.06
74704003102	2011	3	21	10	0	0.07
74704003102	2011	3	21	11	0	0.07
74704003102	2011	3	21	12	0	0.07
74704003102	2011	3	21	13	0	0.07
74704003102	2011	3	21	14	0	0.07
74704003102	2011	3	21	15	0	0.09
74704003102	2011	3	21	16	0	0.09
74704003102	2011	3	21	17	0	0.07
74704003102	2011	3	21	18	0	0.05
74704003102	2011	3	21	19	0	0.05
74704003102	2011	3	21	20	0	0.05
74704003102	2011	3	21	21	0	0.04
74704003102	2011	3	21	22	0	0.02
74704003102	2011	3	21	23	0	0.01
74704003102	2011	3	22	0	0	0.02
74704003102	2011	3	22	1	0	0.03
74704003102	2011	3	22	2	0	0.04
74704003102	2011	3	22	3	0	0.03
74704003102	2011	3	22	4	0	0.04
74704003102	2011	3	22	5	0	0.02
74704003102	2011	3	22	6	0	0.02
74704003102	2011	3	22	7	0	0.02
74704003102	2011	3	22	8	0	0.02
74704003102	2011	3	24	2	0	0.088
74704003102	2011	3	24	3	0	0.01
74704003102	2011	3	24	7	0	0.01
74704003102	2011	3	24	12	0	0.01
74704003102	2011	3	24	16	0	0.35
74704003102	2011	3	25	8	0	0.02
74704003102	2011	3	25	9	0	0.03
74704003102	2011	3	25	10	0	0.07
74704003102	2011	3	25	11	0	0.04
74704003102	2011	3	25	12	0	0.05
74704003102	2011	3	25	13	0	0.07
74704003102	2011	3	25	14	0	0.08
74704003102	2011	3	25	15	0	0.06
74704003102	2011	3	25	16	0	0.01
74704003102	2011	4	8	2	0	0.02
74704003102	2011	4	8	3	0	0.01
74704003102	2011	4	8	20	0	0.01
74704003102	2011	5	15	13	0	0.01
74704003102	2011	5	15	15	0	0.02
74704003102	2011	5	15	16	0	0.1
74704003102	2011	5	15	17	0	0.01
74704003102	2011	5	17	15	0	0.01
74704003102	2011	5	17	16	0	0.02
74704003102	2011	5	17	17	0	0.01
74704003102	2011	5	18	8	0	0.04
74704003102	2011	5	18	9	0	0.05
74704003102	2011	5	18	10	0	0.04
74704003102	2011	5	18	11	0	0.03
74704003102	2011	5	18	12	0	0.01
74704003102	2011	5	18	13	0	0.02
74704003102	2011	5	18	16	0	0.02
74704003102	2011	7	31	12	0	0.03
74704003102	2011	7	31	13	0	0.21
74704003102	2011	7	31	14	0	0.02
74704003102	2011	7	31	15	0	0.02
74704003102	2011	7	31	16	0	0.01
74704003102	2011	7	31	17	0	0.04
74704003102	2011	7	31	18	0	0.01
74704003102	2011	9	5	13	0	0.01
74704003102	2011	9	5	17	0	0.01
74704003102	2011	10	5	16	0	0.07
74704003102	2011	10	5	17	0	0.07
74704003102	2011	10	5	18	0	0.1
74704003102	2011	10	5	19	0	0.13
74704003102	2011	10	5	20	0	0.14
74704003102	2011	10	5	21	0	0.26
74704003102	2011	10	5	22	0	0.15
74704003102	2011	10	5	23	0	0.04
74704003102	2011	10	6	0	0	0.01
74704003102	2011	10	24	22	0	0.006
74704003102	2011	10	25	18	0	0.01
74704003102	2011	11	4	13	0	0.03
74704003102	2011	11	4	14	0	0.01
74704003102	2011	11	4	15	0	0.15
74704003102	2011	11	4	16	0	0.01
74704003102	2011	11	4	17	0	0.01
74704003102	2011	11	4	20	0	0.05
74704003102	2011	11	4	21	0	0.04
74704003102	2011	11	6	16	0	0.01
74704003102	2011	11	6	17	0	0.01
74704003102	2011	11	6	18	0	0.04
74704003102	2011	11	7	2	0	0.008
74704003102	2011	11	7	11	0	0.01
74704003102	2011	11	12	11	0	0.02
74704003102	2011	11	12	12	0	0.04
74704003102	2011	11	12	13	0	0.01
74704003102	2011	11	12	14	0	0.03
74704003102	2011	11	12	16	0	0.01
74704003102	2011	11	20	14	0	0.01
74704003102	2011	11	20	21	0	0.05
74704003102	2011	11	20	22	0	0.03
74704003102	2011	11	20	23	0	0.12
74704003102	2011	11	21	0	0	0.16
74704003102	2011	11	21	1	0	0.28
74704003102	2011	11	21	2	0	0.04
74704003102	2011	11	21	3	0	0.03
74704003102	2011	11	21	4	0	0.02
74704003102	2011	11	21	5	0	0.01
74704003102	2011	11	21	14	0	0.01
74704003102	2011	12	12	17	0	0.016
74704003102	2011	12	12	18	0	0.04
74704003102	2011	12	12	19	0	0.1
74704003102	2011	12	12	20	0	0.12
74704003102	2011	12	12	21	0	0.09
74704003102	2011	12	12	22	0	0.01
74704003102	2011	12	12	23	0	0.01
74704003102	2011	12	15	22	0	0.1
74704003102	2011	12	15	23	0	0.32
74704003102	2011	12	16	0	0	0.01
74704003102	2011	12	16	6	0	0.01
74704003102	2011	12	22	16	0	0.01
74704003102	2012	1	16	5	0	0.02
74704003102	2012	1	16	6	0	0.01
74704003102	2012	1	21	12	0	0.04
74704003102	2012	1	21	13	0	0.04
74704003102	2012	1	21	14	0	0.12
74704003102	2012	1	21	15	0	0.13
74704003102	2012	1	21	16	0	0.1
74704003102	2012	1	21	17	0	0.05
74704003102	2012	1	21	18	0	0.04
74704003102	2012	1	23	14	0	0.01
74704003102	2012	1	23	16	0	0.03
74704003102	2012	1	23	18	0	0.05
74704003102	2012	1	23	19	0	0.05
74704003102	2012	1	23	20	0	0.08
74704003102	2012	1	23	21	0	0.04
74704003102	2012	1	23	22	0	0.01
74704003102	2012	1	23	23	0	0.07
74704003102	2012	1	24	0	0	0.03
74704003102	2012	2	8	2	0	0.01
74704003102	2012	2	11	16	0	0.01
74704003102	2012	2	12	1	0	0.04
74704003102	2012	2	12	16	0	0.01
74704003102	2012	2	14	0	0	0.06
74704003102	2012	2	15	18	0	0.05
74704003102	2012	2	15	19	0	0.01
74704003102	2012	2	15	20	0	0.09
74704003102	2012	2	15	21	0	0.11
74704003102	2012	2	15	22	0	0.02
74704003102	2012	2	15	23	0	0.22
74704003102	2012	2	16	0	0	0.02
74704003102	2012	2	27	21	0	0.04
74704003102	2012	2	27	22	0	0.02
74704003102	2012	2	27	23	0	0.11
74704003102	2012	2	28	0	0	0.06
74704003102	2012	2	28	1	0	0.01
74704003102	2012	2	28	5	0	0.02
74704003102	2012	2	28	6	0	0.01
74704003102	2012	3	17	10	0	0.01
74704003102	2012	3	17	15	0	0.09
74704003102	2012	3	17	16	0	0.01
74704003102	2012	3	17	17	0	0.11
74704003102	2012	3	17	18	0	0.19
74704003102	2012	3	17	19	0	0.19
74704003102	2012	3	17	20	0	0.18
74704003102	2012	3	17	21	0	0.06
74704003102	2012	3	17	22	0	0.05
74704003102	2012	3	17	23	0	0.03
74704003102	2012	3	18	0	0	0.01
74704003102	2012	3	18	1	0	0.01
74704003102	2012	3	18	7	0	0.09
74704003102	2012	3	18	8	0	0.09
74704003102	2012	3	18	9	0	0.02
74704003102	2012	3	18	13	0	0.01
74704003102	2012	3	18	21	0	0.05
74704003102	2012	3	25	20	0	0.01
74704003102	2012	3	25	21	0	0.11
74704003102	2012	3	25	22	0	0.08
74704003102	2012	3	25	23	0	0.1
74704003102	2012	3	26	0	0	0.11
74704003102	2012	3	26	1	0	0.09
74704003102	2012	3	26	2	0	0.07
74704003102	2012	3	26	3	0	0.03
74704003102	2012	3	26	4	0	0.01
74704003102	2012	3	26	5	0	0.04
74704003102	2012	3	26	6	0	0.05
74704003102	2012	3	26	7	0	0.07
74704003102	2012	3	26	8	0	0.09
74704003102	2012	3	26	9	0	0.07
74704003102	2012	3	26	10	0	0.05
74704003102	2012	3	26	11	0	0.04
74704003102	2012	3	26	12	0	0.02
74704003102	2012	4	1	4	0	0.01
74704003102	2012	4	1	5	0	0.02
74704003102	2012	4	1	6	0	0.03
74704003102	2012	4	1	7	0	0.01
74704003102	2012	4	11	10	0	0.01
74704003102	2012	4	11	11	0	0.01
74704003102	2012	4	11	12	0	0.06
74704003102	2012	4	11	13	0	0.02
74704003102	2012	4	11	14	0	0.02
74704003102	2012	4	11	15	0	0.02
74704003102	2012	4	11	16	0	0.01
74704003102	2012	4	11	17	0	0.01
74704003102	2012	4	11	18	0	0.01
74704003102	2012	4	11	20	0	0.01
74704003102	2012	4	11	21	0	0.01
74704003102	2012	4	11	22	0	0.01
74704003102	2012	4	11	23	0	0.01
74704003102	2012	4	12	0	0	0.01
74704003102	2012	4	12	1	0	0.01
74704003102	2012	4	12	2	0	0.01
74704003102	2012	4	12	3	0	0.01
74704003102	2012	4	12	5	0	0.01
74704003102	2012	4	12	6	0	0.01
74704003102	2012	4	13	16	0	0.01
74704003102	2012	4	13	17	0	0.009
74704003102	2012	4	13	20	0	0.03
74704003102	2012	4	13	21	0	0.3
74704003102	2012	4	13	22	0	0.14
74704003102	2012	4	13	23	0	0.01
74704003102	2012	4	14	0	0	0.01
74704003102	2012	4	14	1	0	0.03
74704003102	2012	4	26	5	0	0.02
74704003102	2012	4	26	6	0	0.04
74704003102	2012	4	26	7	0	0.1
74704003102	2012	4	26	8	0	0.02
74704003102	2012	4	26	9	0	0.01
74704003102	2012	4	26	12	0	0.02
74704003102	2012	4	26	13	0	0.04
74704003102	2012	4	26	15	0	0.07
74704003102	2012	4	26	16	0	0.02
74704003102	2012	5	7	17	0	0.01
74704003102	2012	7	13	12	0	0.05
74704003102	2012	10	12	0	0	0.15
74704003102	2012	10	12	1	0	0.01
74704003102	2012	10	20	15	0	0.01
74704003102	2012	11	9	0	0	0.01
74704003102	2012	11	9	1	0	0.01
74704003102	2012	11	9	2	0	0.03
74704003102	2012	11	9	3	0	0.03
74704003102	2012	11	9	4	0	0.01
74704003102	2012	11	9	5	0	0.02
74704003102	2012	11	9	6	0	0.02
74704003102	2012	11	9	7	0	0.02
74704003102	2012	11	16	9	0	0.01
74704003102	2012	11	17	11	0	0.03
74704003102	2012	11	17	13	0	0.01
74704003102	2012	11	29	11	0	0.02
74704003102	2012	11	29	12	0	0.01
74704003102	2012	11	29	13	0	0.05
74704003102	2012	11	29	15	0	0.01
74704003102	2012	11	30	10	0	0.01
74704003102	2012	11	30	11	0	0.02
74704003102	2012	11	30	12	0	0.02
74704003102	2012	11	30	13	0	0.01
74704003102	2012	11	30	14	0	0.02
74704003102	2012	11	30	15	0	0.02
74704003102	2012	11	30	16	0	0.02
74704003102	2012	11	30	20	0	0.01
74704003102	2012	11	30	21	0	0.02
74704003102	2012	11	30	22	0	0.04
74704003102	2012	11	30	23	0	0.02
74704003102	2012	12	2	8	0	0.01
74704003102	2012	12	2	10	0	0.01
74704003102	2012	12	2	11	0	0.01
74704003102	2012	12	2	22	0	0.05
74704003102	2012	12	2	23	0	0.02
74704003102	2012	12	3	7	0	0.04
74704003102	2012	12	3	8	0	0.06
74704003102	2012	12	3	9	0	0.08
74704003102	2012	12	3	10	0	0.04
74704003102	2012	12	3	11	0	0.04
74704003102	2012	12	3	12	0	0.04
74704003102	2012	12	3	13	0	0.04
74704003102	2012	12	3	14	0	0.01
74704003102	2012	12	3	15	0	0.01
74704003102	2012	12	13	5	0	0.03
74704003102	2012	12	13	7	0	0.01
74704003102	2012	12	13	8	0	0.04
74704003102	2012	12	13	9	0	0.1
74704003102	2012	12	13	10	0	0.08
74704003102	2012	12	13	11	0	0.07
74704003102	2012	12	13	12	0	0.15
74704003102	2012	12	13	13	0	0.09
74704003102	2012	12	13	14	0	0.05
74704003102	2012	12	15	6	0	0.01
74704003102	2012	12	15	7	0	0.04
74704003102	2012	12	15	8	0	0.02
74704003102	2012	12	15	14	0	0.001
74704003102	2012	12	18	12	0	0.01
74704003102	2012	12	18	13	0	0.02
74704003102	2012	12	18	14	0	0.07
74704003102	2012	12	18	15	0	0.07
74704003102	2012	12	18	17	0	0.01
74704003102	2012	12	24	12	0	0.09
74704003102	2012	12	24	13	0	0.06
74704003102	2012	12	24	14	0	0.05
74704003102	2012	12	24	15	0	0.05
74704003102	2012	12	24	16	0	0.04
74704003102	2012	12	24	17	0	0.01
74704003102	2012	12	25	7	0	0.01
74704003102	2012	12	26	13	0	0.1
74704003102	2012	12	26	14	0	0.03
74704003102	2012	12	26	15	0	0.01
74704003102	2012	12	26	16	0	0.1
74704003102	2012	12	29	19	0	0.03
74704003102	2012	12	29	20	0	0.03
74704003102	2012	12	29	21	0	0.02
74704003102	2012	12	29	22	0	0.02
74704003102	2012	12	30	21	0	0.02
74704003102	2013	1	6	13	0	0.01
74704003102	2013	1	6	14	0	0.01
74704003102	2013	1	7	0	0	0.04
74704003102	2013	1	10	14	0	0.03
74704003102	2013	1	24	10	0	0.01
74704003102	2013	1	24	11	0	0.05
74704003102	2013	1	24	12	0	0.03
74704003102	2013	1	24	13	0	0.04
74704003102	2013	1	24	14	0	0.05
74704003102	2013	1	24	16	0	0.06
74704003102	2013	1	24	17	0	0.08
74704003102	2013	1	24	18	0	0.01
74704003102	2013	1	25	8	0	0.01
74704003102	2013	1	25	11	0	0.02
74704003102	2013	1	25	12	0	0.01
74704003102	2013	1	25	14	0	0.04
74704003102	2013	1	25	15	0	0.04
74704003102	2013	1	25	16	0	0.1
74704003102	2013	1	25	17	0	0.08
74704003102	2013	1	25	18	0	0.01
74704003102	2013	1	25	20	0	0.01
74704003102	2013	1	25	21	0	0.01
74704003102	2013	1	25	22	0	0.02
74704003102	2013	1	25	23	0	0.03
74704003102	2013	1	26	1	0	0.01
74704003102	2013	1	26	2	0	0.03
74704003102	2013	1	26	3	0	0.01
74704003102	2013	1	26	16	0	0.01
74704003102	2013	1	26	17	0	0.11
74704003102	2013	1	28	5	0	0.003
74704003102	2013	2	3	9	0	0.01
74704003102	2013	2	8	8	0	0.01
74704003102	2013	2	8	9	0	0.14
74704003102	2013	2	8	18	0	0.03
74704003102	2013	2	8	19	0	0.02
74704003102	2013	2	8	21	0	0.03
74704003102	2013	2	8	22	0	0.03
74704003102	2013	2	8	23	0	0.01
74704003102	2013	2	9	0	0	0.01
74704003102	2013	2	9	2	0	0.01
74704003102	2013	2	9	3	0	0.06
74704003102	2013	2	9	4	0	0.01
74704003102	2013	2	19	20	0	0.01
74704003102	2013	2	19	22	0	0.01
74704003102	2013	2	19	23	0	0.04
74704003102	2013	2	20	5	0	0.06
74704003102	2013	2	20	6	0	0.16
74704003102	2013	2	20	7	0	0.06
74704003102	2013	3	7	9	0	0.02
74704003102	2013	3	7	10	0	0.03
74704003102	2013	3	7	11	0	0.06
74704003102	2013	3	7	12	0	0.01
74704003102	2013	3	8	9	0	0.02
74704003102	2013	3	8	10	0	0.05
74704003102	2013	3	8	11	0	0.11
74704003102	2013	3	8	12	0	0.09
74704003102	2013	3	8	13	0	0.07
74704003102	2013	3	8	14	0	0.05
74704003102	2013	3	8	15	0	0.02
74704003102	2013	3	9	1	0	0.01
74704003102	2013	3	9	6	0	0.01
74704003102	2013	3	9	7	0	0.03
74704003102	2013	5	6	10	0	0.02
74704003102	2013	5	6	11	0	0.05
74704003102	2013	5	6	12	0	0.03
74704003102	2013	5	6	13	0	0.04
74704003102	2013	5	6	14	0	0.08
74704003102	2013	5	6	17	0	0.05
74704003102	2013	5	6	18	0	0.01
74704003102	2013	5	6	19	0	0.02
74704003102	2013	5	6	20	0	0.01
74704003102	2013	5	6	21	0	0.02
74704003102	2013	5	6	22	0	0.01
74704003102	2013	5	6	23	0	0.01
74704003102	2013	5	7	0	0	0.01
74704003102	2013	5	7	1	0	0.01
74704003102	2013	7	20	22	0	0.01
74704003102	2013	7	26	15	0	0.02
74704003102	2013	7	26	17	0	0.01
74704003102	2013	10	9	13	0	0.01
74704003102	2013	10	9	20	0	0.001
74704003102	2013	10	9	23	0	0.01
74704003102	2013	10	10	1	0	0.02
74704003102	2013	10	10	2	0	0.02
74704003102	2013	10	28	20	0	0.01
74704003102	2013	10	28	21	0	0.1
74704003102	2013	11	21	4	0	0.03
74704003102	2013	11	21	6	0	0.01
74704003102	2013	11	21	7	0	0.01
74704003102	2013	11	21	8	0	0.01
74704003102	2013	11	21	9	0	0.01
74704003102	2013	11	21	10	0	0.05
74704003102	2013	11	21	11	0	0.01
74704003102	2013	11	21	12	0	0.02
74704003102	2013	11	21	13	0	0.01
74704003102	2013	11	21	14	0	0.02
74704003102	2013	11	21	15	0	0.03
74704003102	2013	11	21	16	0	0.03
74704003102	2013	11	21	17	0	0.04
74704003102	2013	11	22	2	0	0.01
74704003102	2013	11	29	17	0	0.01
74704003102	2013	11	29	18	0	0.02
74704003102	2013	12	7	18	0	0.02
74704003102	2013	12	7	19	0	0.07
74704003102	2013	12	7	20	0	0.02
74704003102	2013	12	7	23	0	0.01
74704003102	2013	12	19	21	0	0.02
74704003102	2013	12	19	22	0	0.08
74704003102	2013	12	19	23	0	0.02
74704003102	2013	12	20	0	0	0.07
74704003102	2013	12	20	1	0	0.01
74704003102	2013	12	20	2	0	0.01
74704003102	2013	12	20	3	0	0.02
74704003102	2013	12	20	6	0	0.01
74704003102	2013	12	21	17	0	0.01
74704003102	2014	1	31	2	0	0.02
74704003102	2014	1	31	6	0	0.01
74704003102	2014	1	31	9	0	0.06
74704003102	2014	1	31	11	0	0.01
74704003102	2014	2	6	22	0	0.03
74704003102	2014	2	6	23	0	0.02
74704003102	2014	2	7	0	0	0.06
74704003102	2014	2	7	1	0	0.02
74704003102	2014	2	7	2	0	0.01
74704003102	2014	2	7	6	0	0.01
74704003102	2014	2	7	11	0	0.01
74704003102	2014	2	27	9	0	0.03
74704003102	2014	2	27	10	0	0.06
74704003102	2014	2	27	11	0	0.11
74704003102	2014	2	27	12	0	0.05
74704003102	2014	2	27	13	0	0.04
74704003102	2014	2	27	14	0	0.04
74704003102	2014	2	27	15	0	0.03
74704003102	2014	2	28	8	0	0.01
74704003102	2014	2	28	10	0	0.01
74704003102	2014	2	28	11	0	0.05
74704003102	2014	2	28	12	0	0.09
74704003102	2014	2	28	13	0	0.21
74704003102	2014	2	28	14	0	0.08
74704003102	2014	2	28	15	0	0.01
74704003102	2014	2	28	16	0	0.01
74704003102	2014	2	28	17	0	0.03
74704003102	2014	2	28	18	0	0.2
74704003102	2014	2	28	19	0	0.05
74704003102	2014	2	28	20	0	0.03
74704003102	2014	2	28	23	0	0.11
74704003102	2014	3	1	0	0	0.09
74704003102	2014	3	1	1	0	0.04
74704003102	2014	3	1	4	0	0.07
74704003102	2014	3	1	5	0	0.46
74704003102	2014	3	1	9	0	0.01
74704003102	2014	3	1	11	0	0.03
74704003102	2014	3	1	13	0	0.03
74704003102	2014	3	1	14	0	0.08
74704003102	2014	3	1	17	0	0.01
74704003102	2014	3	1	21	0	0.04
74704003102	2014	3	1	23	0	0.14
74704003102	2014	3	2	2	0	0.15
74704003102	2014	3	2	3	0	0.01
74704003102	2014	4	1	9	0	0.01
74704003102	2014	4	1	10	0	0.03
74704003102	2014	4	1	11	0	0.05
74704003102	2014	4	2	7	0	0.04
74704003102	2014	4	2	8	0	0.12
74704003102	2014	4	2	9	0	0.02
74704003102	2014	4	2	10	0	0.01
74704003102	2014	4	26	4	0	0.03
74704003102	2014	4	26	5	0	0.12
74704003102	2014	4	26	6	0	0.13
74704003102	2014	4	26	7	0	0.17
74704003102	2014	4	26	8	0	0.02
74704003102	2014	5	24	1	0	0.07
74704003102	2014	8	3	3	0	0.01
74704003102	2014	8	3	4	0	0.01
74704003102	2014	8	3	5	0	0.01
74704003102	2014	8	3	6	0	0.04
74704003102	2014	8	3	7	0	0.02
74704003102	2014	8	3	8	0	0.01
74704003102	2014	8	3	9	0	0.02
74704003102	2014	8	3	10	0	0.01
74704003102	2014	9	8	17	0	0.04
74704003102	2014	9	8	19	0	0.06
74704003102	2014	9	16	23	0	0.02
74704003102	2014	11	1	5	0	0.13
74704003102	2014	11	1	6	0	0.05
74704003102	2014	11	1	8	0	0.08
74704003102	2014	11	1	9	0	0.28
74704003102	2014	11	1	10	0	0.04
74704003102	2014	11	1	16	0	0.14
74704003102	2014	11	1	22	0	0.01
74704003102	2014	11	21	10	0	0.01
74704003102	2014	11	21	11	0	0.16
74704003102	2014	11	30	20	0	0.01
74704003102	2014	11	30	22	0	0.07
74704003102	2014	11	30	23	0	0.08
74704003102	2014	12	1	0	0	0.02
74704003102	2014	12	1	1	0	0.02
74704003102	2014	12	1	2	0	0.03
74704003102	2014	12	1	3	0	0.01
74704003102	2014	12	1	4	0	0.07
74704003102	2014	12	1	5	0	0.01
74704003102	2014	12	1	6	0	0.01
74704003102	2014	12	2	16	0	0.01
74704003102	2014	12	2	17	0	0.02
74704003102	2014	12	2	18	0	0.06
74704003102	2014	12	2	19	0	0.09
74704003102	2014	12	2	20	0	0.13
74704003102	2014	12	2	21	0	0.11
74704003102	2014	12	2	22	0	0.07
74704003102	2014	12	2	23	0	0.35
74704003102	2014	12	3	0	0	0.16
74704003102	2014	12	3	1	0	0.07
74704003102	2014	12	3	2	0	0.06
74704003102	2014	12	3	3	0	0.09
74704003102	2014	12	3	4	0	0.03
74704003102	2014	12	3	5	0	0.05
74704003102	2014	12	3	6	0	0.02
74704003102	2014	12	3	10	0	0.01
74704003102	2014	12	3	11	0	0.01
74704003102	2014	12	3	12	0	0.06
74704003102	2014	12	3	13	0	0.01
74704003102	2014	12	3	14	0	0.01
74704003102	2014	12	3	23	0	0.008
74704003102	2014	12	4	2	0	0.19
74704003102	2014	12	4	3	0	0.04
74704003102	2014	12	4	4	0	0.05
74704003102	2014	12	4	5	0	0.05
74704003102	2014	12	4	6	0	0.13
74704003102	2014	12	4	7	0	0.29
74704003102	2014	12	4	8	0	0.08
74704003102	2014	12	4	9	0	0.01
74704003102	2014	12	12	13	0	0.32
74704003102	2014	12	12	14	0	0.18
74704003102	2014	12	12	15	0	0.17
74704003102	2014	12	12	16	0	0.15
74704003102	2014	12	12	17	0	0.04
74704003102	2014	12	12	18	0	0.04
74704003102	2014	12	12	19	0	0.07
74704003102	2014	12	12	20	0	0.17
74704003102	2014	12	12	21	0	0.19
74704003102	2014	12	12	22	0	0.15
74704003102	2014	12	13	3	0	0.08
74704003102	2014	12	13	4	0	0.01
74704003102	2014	12	16	23	0	0.01
74704003102	2014	12	17	0	0	0.01
74704003102	2014	12	17	9	0	0.02
74704003102	2014	12	17	10	0	0.01
74704003102	2014	12	17	11	0	0.06
74704003102	2014	12	17	12	0	0.29
74704003102	2014	12	17	13	0	0.04
74704003102	2014	12	17	16	0	0.06
74704003102	2014	12	17	17	0	0.01
74704003102	2014	12	30	22	0	0.01
74704003102	2015	1	11	1	0	0.01
74704003102	2015	1	11	2	0	0.01
74704003102	2015	1	11	6	0	0.03
74704003102	2015	1	11	9	0	0.05
74704003102	2015	1	11	11	0	0.01
74704003102	2015	1	11	12	0	0.06
74704003102	2015	1	11	13	0	0.03
74704003102	2015	1	11	14	0	0.05
74704003102	2015	1	11	15	0	0.03
74704003102	2015	1	11	17	0	0.01
74704003102	2015	1	11	18	0	0.02
74704003102	2015	1	11	19	0	0.13
74704003102	2015	1	11	20	0	0.07
74704003102	2015	1	11	21	0	0.06
74704003102	2015	1	26	22	0	0.01
74704003102	2015	1	26	23	0	0.012
74704003102	2015	1	27	0	0	0.15
74704003102	2015	1	27	1	0	0.01
74704003102	2015	1	27	2	0	0.01
74704003102	2015	1	27	3	0	0.06
74704003102	2015	1	27	4	0	0.01
74704003102	2015	1	31	1	0	0.01
74704003102	2015	2	22	21	0	0.03
74704003102	2015	2	23	0	0	0.02
74704003102	2015	2	23	1	0	0.02
74704003102	2015	2	23	2	0	0.02
74704003102	2015	2	23	3	0	0.1
74704003102	2015	2	23	4	0	0.03
74704003102	2015	2	23	5	0	0.21
74704003102	2015	2	23	6	0	0.1
74704003102	2015	2	23	7	0	0.14
74704003102	2015	2	23	14	0	0.02
74704003102	2015	2	23	22	0	0.59
74704003102	2015	2	24	0	0	0.04
74704003102	2015	2	24	1	0	0.01
74704003102	2015	2	24	2	0	0.02
74704003102	2015	2	28	7	0	0.002
74704003102	2015	3	1	4	0	0.03
74704003102	2015	3	1	7	0	0.18
74704003102	2015	3	1	10	0	0.02
74704003102	2015	3	1	11	0	0.01
74704003102	2015	3	2	11	0	0.001
74704003102	2015	3	2	12	0	0.09
74704003102	2015	3	2	13	0	0.01
74704003102	2015	3	2	19	0	0.02
74704003102	2015	4	8	1	0	0.01
74704003102	2015	4	8	2	0	0.02
74704003102	2015	4	8	3	0	0.04
74704003102	2015	4	8	4	0	0.01
74704003102	2015	4	25	22	0	0.18
74704003102	2015	4	25	23	0	0.19
74704003102	2015	4	26	0	0	0.05
74704003102	2015	5	8	4	0	0.07
74704003102	2015	5	8	5	0	0.01
74704003102	2015	5	8	6	0	0.07
74704003102	2015	5	8	7	0	0.12
74704003102	2015	5	8	8	0	0.12
74704003102	2015	5	8	9	0	0.01
74704003102	2015	5	8	10	0	0.03
74704003102	2015	5	8	11	0	0.02
74704003102	2015	5	14	20	0	0.01
74704003102	2015	5	14	21	0	0.1
74704003102	2015	5	14	22	0	0.25
74704003102	2015	5	14	23	0	0.08
74704003102	2015	5	15	1	0	0.01
74704003102	2015	5	15	15	0	0.01
74704003102	2015	5	15	16	0	0.02
74704003102	2015	5	23	11	0	0.01
74704003102	2015	6	30	23	0	0.001
74704003102	2015	7	1	0	0	0.001
74704003102	2015	7	18	21	0	0.07
74704003102	2015	7	18	22	0	0.06
74704003102	2015	7	18	23	0	0.07
74704003102	2015	7	19	0	0	0.03
74704003102	2015	7	19	4	0	0.01
74704003102	2015	7	19	23	0	0.04
74704003102	2015	7	20	0	0	0.02
74704003102	2015	7	20	1	0	0.04
74704003102	2015	7	20	2	0	0.01
74704003102	2015	7	20	3	0	0.03
74704003102	2015	7	20	4	0	0.01
74704003102	2015	7	20	5	0	0.07
74704003102	2015	7	20	6	0	0.05
74704003102	2015	7	20	7	0	0.07
74704003102	2015	7	20	8	0	0.02
74704003102	2015	9	9	21	0	0.47
74704003102	2015	9	15	12	0	0.07
74704003102	2015	9	15	13	0	0.24
74704003102	2015	9	15	14	0	0.37
74704003102	2015	9	15	15	0	0.25
74704003102	2015	9	15	16	0	0.01
74704003102	2015	9	15	17	0	0.09
74704003102	2015	9	15	18	0	0.18
74704003102	2015	9	15	20	0	0.03
74704003102	2015	9	15	21	0	0.01
74704003102	2015	10	4	13	0	0.04
74704003102	2015	10	4	14	0	0.01
74704003102	2015	10	4	15	0	0.06
74704003102	2015	10	5	4	0	0.01
74704003102	2015	10	5	8	0	0.004
74704003102	2015	10	5	9	0	0.13
74704003102	2015	10	5	10	0	0.02
74704003102	2015	10	5	11	0	0.01
74704003102	2015	10	5	22	0	0.01
74704003102	2015	10	5	23	0	0.07
74704003102	2015	10	6	2	0	0.01
74704003102	2015	10	6	3	0	0.21
74704003102	2015	10	15	5	0	0.02
74704003102	2015	10	16	16	0	0.01
74704003102	2015	10	16	17	0	0.04
74704003102	2015	11	3	1	0	0.01
74704003102	2015	11	3	2	0	0.02
74704003102	2015	11	3	3	0	0.01
74704003102	2015	11	3	6	0	0.01
74704003102	2015	11	3	23	0	0.001
74704003102	2015	11	4	0	0	0.14
74704003102	2015	11	4	2	0	0.04
74704003102	2015	11	25	9	0	0.05
74704003102	2015	11	25	10	0	0.07
74704003102	2015	11	27	3	0	0.06
74704003102	2015	12	11	4	0	0.01
74704003102	2015	12	11	5	0	0.09
74704003102	2015	12	11	7	0	0.01
74704003102	2015	12	11	8	0	0.01
74704003102	2015	12	11	22	0	0.05
74704003102	2015	12	14	2	0	0.01
74704003102	2015	12	14	3	0	0.07
74704003102	2015	12	14	4	0	0.13
74704003102	2015	12	14	6	0	0.01
74704003102	2015	12	20	2	0	0.004
74704003102	2015	12	20	3	0	0.12
74704003102	2015	12	20	4	0	0.01
74704003102	2015	12	22	7	0	0.02
74704003102	2015	12	22	8	0	0.05
74704003102	2015	12	22	9	0	0.08
74704003102	2015	12	22	10	0	0.07
74704003102	2015	12	22	11	0	0.04
74704003102	2015	12	22	12	0	0.05
74704003102	2015	12	22	13	0	0.03
74704003102	2015	12	22	19	0	0.01
74704003102	2015	12	22	22	0	0.01
74704003102	2015	12	22	23	0	0.03
74704003102	2015	12	23	0	0	0.03
74704003102	2015	12	23	3	0	0.01
74704003102	2015	12	29	1	0	0.01
74704003102	2016	1	5	16	0	0.02
74704003102	2016	1	5	17	0	0.11
74704003102	2016	1	5	18	0	0.17
74704003102	2016	1	5	19	0	0.2
74704003102	2016	1	5	20	0	0.1
74704003102	2016	1	5	21	0	0.11
74704003102	2016	1	5	22	0	0.02
74704003102	2016	1	5	23	0	0.01
74704003102	2016	1	6	18	0	0.01
74704003102	2016	1	6	19	0	0.08
74704003102	2016	1	6	20	0	0.12
74704003102	2016	1	6	21	0	0.14
74704003102	2016	1	6	22	0	0.11
74704003102	2016	1	6	23	0	0.05
74704003102	2016	1	7	0	0	0.07
74704003102	2016	1	7	1	0	0.03
74704003102	2016	1	7	6	0	0.02
74704003102	2016	1	7	7	0	0.02
74704003102	2016	1	7	8	0	0.04
74704003102	2016	1	7	9	0	0.05
74704003102	2016	1	7	10	0	0.05
74704003102	2016	1	7	11	0	0.05
74704003102	2016	1	7	12	0	0.05
74704003102	2016	1	7	13	0	0.05
74704003102	2016	1	7	14	0	0.02
74704003102	2016	1	7	15	0	0.02
74704003102	2016	1	19	23	0	0.01
74704003102	2016	1	20	0	0	0.02
74704003102	2016	1	20	3	0	0.01
74704003102	2016	1	20	4	0	0.01
74704003102	2016	1	20	5	0	0.01
74704003102	2016	1	31	17	0	0.1
74704003102	2016	1	31	18	0	0.04
74704003102	2016	1	31	19	0	0.05
74704003102	2016	1	31	20	0	0.09
74704003102	2016	1	31	21	0	0.05
74704003102	2016	1	31	22	0	0.05
74704003102	2016	2	1	1	0	0.03
74704003102	2016	2	18	1	0	0.03
74704003102	2016	2	18	2	0	0.03
74704003102	2016	2	18	3	0	0.04
74704003102	2016	2	18	4	0	0.07
74704003102	2016	2	18	5	0	0.17
74704003102	2016	2	18	6	0	0.02
74704003102	2016	2	18	10	0	0.02
74704003102	2016	2	18	16	0	0.03
74704003102	2016	2	18	17	0	0.02
74704003102	2016	3	6	7	0	0.03
74704003102	2016	3	6	8	0	0.06
74704003102	2016	3	6	11	0	0.04
74704003102	2016	3	6	12	0	0.13
74704003102	2016	3	6	13	0	0.05
74704003102	2016	3	6	14	0	0.14
74704003102	2016	3	6	15	0	0.14
74704003102	2016	3	6	16	0	0.05
74704003102	2016	3	7	15	0	0.13
74704003102	2016	3	7	16	0	0.05
74704003102	2016	3	7	18	0	0.01
74704003102	2016	3	7	23	0	0.1
74704003102	2016	3	8	0	0	0.03
74704003102	2016	3	8	2	0	0.06
74704003102	2016	3	8	3	0	0.01
74704003102	2016	3	12	0	0	0.14
74704003102	2016	3	12	3	0	0.01
74704003102	2016	3	14	15	0	0.02
74704003102	2016	3	30	0	0	0.04
74704003102	2016	4	7	19	0	0.01
74704003102	2016	4	8	2	0	0.01
74704003102	2016	4	8	3	0	0.01
74704003102	2016	4	8	4	0	0.01
74704003102	2016	4	8	8	0	0.01
74704003102	2016	4	8	18	0	0.02
74704003102	2016	4	8	19	0	0.04
74704003102	2016	4	8	20	0	0.01
74704003102	2016	4	10	0	0	0.02
74704003102	2016	4	10	1	0	0.01
74704003102	2016	4	10	23	0	0.01
74704003102	2016	4	26	1	0	0.11
74704003102	2016	4	30	12	0	0.01
74704003102	2016	5	6	6	0	0.01
74704003102	2016	5	6	22	0	0.1
74704003102	2016	5	6	23	0	0.37
74704003102	2016	5	7	0	0	0.37
74704003102	2016	5	7	1	0	0.4
74704003102	2016	5	7	2	0	0.02
74704003102	2016	10	17	13	0	0.02
74704003102	2016	10	17	14	0	0.03
74704003102	2016	10	17	15	0	0.01
74704003102	2016	10	23	23	0	0.003
74704003102	2016	10	24	0	0	0.08
74704003102	2016	10	24	1	0	0.09
74704003102	2016	10	24	5	0	0.04
74704003102	2016	10	24	12	0	0.08
74704003102	2016	10	24	13	0	0.13
74704003102	2016	10	24	14	0	0.05
74704003102	2016	10	24	15	0	0.01
74704003102	2016	10	24	23	0	0.01
74704003102	2016	10	25	1	0	0.02
74704003102	2016	10	30	20	0	0.01
74704003102	2016	11	21	4	0	0.02
74704003102	2016	11	21	6	0	0.04
74704003102	2016	11	21	7	0	0.3
74704003102	2016	11	21	8	0	0.14
74704003102	2016	11	21	9	0	0.06
74704003102	2016	11	21	10	0	0.02
74704003102	2016	11	26	22	0	0.09
74704003102	2016	11	26	23	0	0.09
74704003102	2016	11	27	2	0	0.02
74704003102	2016	11	27	18	0	0.01
74704003102	2016	11	27	19	0	0.03
74704003102	2016	11	27	20	0	0.01
74704003102	2016	12	11	10	0	0.01
74704003102	2016	12	16	2	0	0.02
74704003102	2016	12	16	3	0	0.02
74704003102	2016	12	16	4	0	0.13
74704003102	2016	12	16	5	0	0.03
74704003102	2016	12	16	6	0	0.02
74704003102	2016	12	16	7	0	0.08
74704003102	2016	12	16	8	0	0.06
74704003102	2016	12	16	9	0	0.04
74704003102	2016	12	16	10	0	0.06
74704003102	2016	12	16	11	0	0.1
74704003102	2016	12	16	12	0	0.23
74704003102	2016	12	16	13	0	0.12
74704003102	2016	12	16	14	0	0.28
74704003102	2016	12	16	15	0	0.18
74704003102	2016	12	16	16	0	0.04
74704003102	2016	12	16	17	0	0.01
74704003102	2016	12	16	18	0	0.04
74704003102	2016	12	17	4	0	0.01
74704003102	2016	12	17	5	0	0.05
74704003102	2016	12	21	20	0	0.05
74704003102	2016	12	21	21	0	0.04
74704003102	2016	12	22	4	0	0.06
74704003102	2016	12	22	5	0	0.09
74704003102	2016	12	22	6	0	0.01
74704003102	2016	12	22	7	0	0.01
74704003102	2016	12	22	8	0	0.07
74704003102	2016	12	22	9	0	0.15
74704003102	2016	12	22	11	0	0.02
74704003102	2016	12	22	12	0	0.05
74704003102	2016	12	22	16	0	0.03
74704003102	2016	12	22	17	0	0.07
74704003102	2016	12	22	18	0	0.01
74704003102	2016	12	23	18	0	0.01
74704003102	2016	12	24	4	0	0.05
74704003102	2016	12	24	5	0	0.22
74704003102	2016	12	24	6	0	0.16
74704003102	2016	12	24	7	0	0.23
74704003102	2016	12	24	8	0	0.22
74704003102	2016	12	24	9	0	0.05
74704003102	2016	12	24	10	0	0.07
74704003102	2016	12	24	11	0	0.03
74704003102	2016	12	30	16	0	0.01
74704003102	2016	12	30	17	0	0.02
74704003102	2016	12	31	7	0	0.01
74704003102	2016	12	31	10	0	0.02
74704003102	2016	12	31	11	0	0.02
74704003102	2016	12	31	12	0	0.01
74704003102	2016	12	31	15	0	0.04
74704003102	2016	12	31	20	0	0.01
74704003102	2017	1	1	0	0	0.04
74704003102	2017	1	1	1	0	0.02
74704003102	2017	1	5	9	0	0.03
74704003102	2017	1	5	10	0	0.04
74704003102	2017	1	5	11	0	0.05
74704003102	2017	1	5	12	0	0.02
74704003102	2017	1	5	13	0	0.02
74704003102	2017	1	5	14	0	0.02
74704003102	2017	1	5	17	0	0.03
74704003102	2017	1	5	18	0	0.06
74704003102	2017	1	7	14	0	0.001
74704003102	2017	1	7	15	0	0.02
74704003102	2017	1	9	12	0	0.16
74704003102	2017	1	9	13	0	0.22
74704003102	2017	1	9	14	0	0.11
74704003102	2017	1	9	15	0	0.02
74704003102	2017	1	9	16	0	0.01
74704003102	2017	1	9	18	0	0.01
74704003102	2017	1	10	21	0	0.01
74704003102	2017	1	11	7	0	0.04
74704003102	2017	1	11	8	0	0.05
74704003102	2017	1	11	9	0	0.02
74704003102	2017	1	11	10	0	0.05
74704003102	2017	1	11	13	0	0.04
74704003102	2017	1	11	14	0	0.06
74704003102	2017	1	11	15	0	0.06
74704003102	2017	1	11	16	0	0.07
74704003102	2017	1	11	17	0	0.05
74704003102	2017	1	12	11	0	0.02
74704003102	2017	1	12	14	0	0.012
74704003102	2017	1	12	15	0	0.05
74704003102	2017	1	12	17	0	0.06
74704003102	2017	1	12	18	0	0.12
74704003102	2017	1	12	19	0	0.21
74704003102	2017	1	12	20	0	0.1
74704003102	2017	1	12	21	0	0.12
74704003102	2017	1	12	22	0	0.25
74704003102	2017	1	12	23	0	0.1
74704003102	2017	1	13	0	0	0.08
74704003102	2017	1	13	5	0	0.04
74704003102	2017	1	13	6	0	0.02
74704003102	2017	1	19	10	0	0.04
74704003102	2017	1	19	11	0	0.13
74704003102	2017	1	19	12	0	0.1
74704003102	2017	1	19	13	0	0.22
74704003102	2017	1	19	14	0	0.1
74704003102	2017	1	19	15	0	0.07
74704003102	2017	1	19	16	0	0.01
74704003102	2017	1	20	6	0	0.07
74704003102	2017	1	20	7	0	0.01
74704003102	2017	1	20	9	0	0.04
74704003102	2017	1	20	12	0	0.1
74704003102	2017	1	20	13	0	0.02
74704003102	2017	1	20	14	0	0.02
74704003102	2017	1	20	15	0	0.07
74704003102	2017	1	20	16	0	0.06
74704003102	2017	1	20	17	0	0.1
74704003102	2017	1	20	18	0	0.08
74704003102	2017	1	20	19	0	0.22
74704003102	2017	1	20	20	0	0.33
74704003102	2017	1	20	21	0	0.28
74704003102	2017	1	20	22	0	0.04
74704003102	2017	1	22	10	0	0.01
74704003102	2017	1	22	11	0	0.01
74704003102	2017	1	22	14	0	0.02
74704003102	2017	1	22	15	0	0.02
74704003102	2017	1	22	16	0	0.02
74704003102	2017	1	22	17	0	0.03
74704003102	2017	1	22	18	0	0.01
74704003102	2017	1	22	19	0	0.07
74704003102	2017	1	22	20	0	0.14
74704003102	2017	1	22	21	0	0.22
74704003102	2017	1	22	22	0	0.23
74704003102	2017	1	22	23	0	0.24
74704003102	2017	1	23	0	0	0.22
74704003102	2017	1	23	1	0	0.22
74704003102	2017	1	23	2	0	0.17
74704003102	2017	1	23	3	0	0.18
74704003102	2017	1	23	4	0	0.07
74704003102	2017	1	23	7	0	0.03
74704003102	2017	1	23	8	0	0.05
74704003102	2017	1	23	14	0	0.01
74704003102	2017	1	23	15	0	0.02
74704003102	2017	1	23	16	0	0.02
74704003102	2017	1	23	17	0	0.02
74704003102	2017	1	23	19	0	0.35
74704003102	2017	1	23	20	0	0.2
74704003102	2017	1	24	1	0	0.14
74704003102	2017	1	24	2	0	0.06
74704003102	2017	2	3	19	0	0.01
74704003102	2017	2	6	12	0	0.01
74704003102	2017	2	6	13	0	0.02
74704003102	2017	2	6	14	0	0.04
74704003102	2017	2	6	15	0	0.04
74704003102	2017	2	6	16	0	0.04
74704003102	2017	2	6	17	0	0.04
74704003102	2017	2	6	18	0	0.04
74704003102	2017	2	6	20	0	0.01
74704003102	2017	2	6	21	0	0.01
74704003102	2017	2	7	10	0	0.01
74704003102	2017	2	7	11	0	0.06
74704003102	2017	2	7	12	0	0.01
74704003102	2017	2	7	13	0	0.02
74704003102	2017	2	7	14	0	0.01
74704003102	2017	2	7	16	0	0.04
74704003102	2017	2	11	2	0	0.001
74704003102	2017	2	11	3	0	0.02
74704003102	2017	2	11	4	0	0.02
74704003102	2017	2	11	5	0	0.01
74704003102	2017	2	11	6	0	0.01
74704003102	2017	2	11	7	0	0.01
74704003102	2017	2	11	13	0	0.13
74704003102	2017	2	11	14	0	0.01
74704003102	2017	2	17	23	0	0.005
74704003102	2017	2	18	0	0	0.26
74704003102	2017	2	18	1	0	0.11
74704003102	2017	2	18	2	0	0.26
74704003102	2017	2	18	3	0	0.15
74704003102	2017	2	18	4	0	0.09
74704003102	2017	2	18	5	0	0.08
74704003102	2017	2	18	6	0	0.1
74704003102	2017	2	18	7	0	0.08
74704003102	2017	2	18	8	0	0.06
74704003102	2017	2	18	9	0	0.01
74704003102	2017	2	18	22	0	0.03
74704003102	2017	2	26	11	0	0.01
74704003102	2017	2	26	12	0	0.09
74704003102	2017	2	26	13	0	0.02
74704003102	2017	2	26	14	0	0.01
74704003102	2017	2	27	21	0	0.1
74704003102	2017	2	27	22	0	0.02
74704003102	2017	2	27	23	0	0.02
74704003102	2017	3	22	0	0	0.02
74704003102	2017	3	22	1	0	0.08
74704003102	2017	3	22	2	0	0.03
74704003102	2017	3	22	3	0	0.01
74704003102	2017	4	8	10	0	0.02
74704003102	2017	4	8	11	0	0.02
74704003102	2017	5	7	5	0	0.03
74704003102	2017	5	7	7	0	0.03
74704003102	2017	5	7	8	0	0.09
74704003102	2017	5	7	9	0	0.13
74704003102	2017	5	7	10	0	0.13
74704003102	2017	5	15	18	0	0.05
74704003102	2017	5	15	19	0	0.04
74704003102	2017	5	15	20	0	0.06
74704003102	2017	7	24	17	0	0.01
74704003102	2017	7	24	18	0	0.04
74704003102	2017	8	31	14	0	0.02
74704003102	2017	9	4	0	0	0.02
74704003102	2017	9	11	14	0	0.02
74704003102	2018	1	8	20	0	0.005
74704003102	2018	1	8	21	0	0.02
74704003102	2018	1	8	22	0	0.01
74704003102	2018	1	8	23	0	0.02
74704003102	2018	1	9	0	0	0.02
74704003102	2018	1	9	1	0	0.03
74704003102	2018	1	9	8	0	0.02
74704003102	2018	1	9	9	0	0.06
74704003102	2018	1	9	10	0	0.06
74704003102	2018	1	9	11	0	0.07
74704003102	2018	1	9	12	0	0.12
74704003102	2018	1	9	13	0	0.07
74704003102	2018	1	9	14	0	0.07
74704003102	2018	1	9	15	0	0.09
74704003102	2018	1	9	16	0	0.01
74704003102	2018	1	9	18	0	0.02
74704003102	2018	1	9	22	0	0.09
74704003102	2018	1	9	23	0	0.07
74704003102	2018	1	10	1	0	0.083
74704003102	2018	1	10	2	0	0.081
74704003102	2018	1	10	3	0	0.046
74704003102	2018	1	10	4	0	0.011
74704003102	2018	1	10	5	0	0.002
74704003102	2018	1	10	6	0	0.003
74704003102	2018	1	10	7	0	0.001
74704003102	2018	1	20	10	0	0.11
74704003102	2018	2	19	14	0	0.01
74704003102	2018	2	27	7	0	0.08
74704003102	2018	2	27	8	0	0.09
74704003102	2018	2	27	9	0	0.06
74704003102	2018	2	27	10	0	0.01
74704003102	2018	3	3	4	0	0.01
74704003102	2018	3	3	5	0	0.01
74704003102	2018	3	11	0	0	0.04
74704003102	2018	3	11	1	0	0.06
74704003102	2018	3	11	3	0	0.052
74704003102	2018	3	11	4	0	0.06
74704003102	2018	3	11	7	0	0.03
74704003102	2018	3	14	0	0	0.01
74704003102	2018	3	14	2	0	0.01
74704003102	2018	3	15	4	0	0.13
74704003102	2018	3	15	5	0	0.04
74704003102	2018	3	15	7	0	0.09
74704003102	2018	3	15	8	0	0.04
74704003102	2018	3	15	9	0	0.06
74704003102	2018	3	15	10	0	0.04
74704003102	2018	3	15	12	0	0.043
74704003102	2018	3	15	13	0	0.006
74704003102	2018	3	15	14	0	0.008
74704003102	2018	3	17	5	0	0.01
74704003102	2018	3	17	7	0	0.12
74704003102	2018	3	17	8	0	0.07
74704003102	2018	3	21	20	0	0.11
74704003102	2018	3	22	18	0	0.06
74704003102	2018	3	22	20	0	0.054
74704003102	2018	3	22	21	0	0.052
74704003102	2018	3	22	22	0	0.023
74704003102	2018	3	22	23	0	0.035
74704003102	2018	3	23	0	0	0.01
74704003102	2018	3	23	2	0	0.005
74704003102	2018	3	23	3	0	0.016
74704003102	2018	3	23	4	0	0.006
74704003102	2018	3	23	5	0	0.004
74704003102	2018	3	23	6	0	0.003
74704003102	2018	3	23	7	0	0.014
74704003102	2018	3	23	8	0	0.01
74704003102	2018	5	1	11	0	0.02
74704003102	2018	5	1	16	0	0.01
74704003102	2018	5	2	11	0	0.01
74704003102	2018	5	2	12	0	0.02
74704003102	2018	5	2	16	0	0.01
74704003102	2018	10	13	4	0	0.01
74704003102	2018	10	13	5	0	0.13
74704003102	2018	10	13	6	0	0.09
74704003102	2018	10	13	7	0	0.16
74704003102	2018	10	13	17	0	0.028
74704003102	2018	10	13	18	0	0.006
74704003102	2018	10	13	19	0	0.009
74704003102	2018	10	13	20	0	0.003
74704003102	2018	10	13	21	0	0.001
74704003102	2018	10	13	22	0	0.002
74704003102	2018	10	13	23	0	0.002
74704003102	2018	10	14	0	0	0.01
74704003102	2018	10	14	5	0	0.001
74704003102	2018	10	14	6	0	0.001
74704003102	2018	11	22	9	0	0.04
74704003102	2018	11	22	10	0	0.06
74704003102	2018	11	22	11	0	0.08
74704003102	2018	11	22	12	0	0.02
74704003102	2018	11	29	9	0	0.01
74704003102	2018	11	29	11	0	0.009
74704003102	2018	11	29	13	0	0.01
74704003102	2018	11	29	15	0	0.03
74704003102	2018	11	29	16	0	0.02
74704003102	2018	11	29	17	0	0.12
74704003102	2018	11	29	19	0	0.06
74704003102	2018	11	29	21	0	0.03
74704003102	2018	11	29	23	0	0.09
74704003102	2018	11	30	1	0	0.33
74704003102	2018	11	30	4	0	0.1
74704003102	2018	12	5	14	0	0.01
74704003102	2018	12	5	15	0	0.01
74704003102	2018	12	6	5	0	0.006
74704003102	2018	12	6	8	0	0.01
74704003102	2018	12	6	15	0	0.03
74704003102	2018	12	6	17	0	0.01
74704003102	2018	12	6	19	0	0.1
74704003102	2018	12	6	20	0	0.14
74704003102	2018	12	6	21	0	0.23
74704003102	2018	12	6	22	0	0.29
74704003102	2018	12	6	23	0	0.09
74704003102	2018	12	7	0	0	0.01
74704003102	2018	12	7	5	0	0.01
74704003102	2018	12	7	10	0	0.003
74704003102	2018	12	7	11	0	0.003
74704003102	2018	12	7	12	0	0.002
74704003102	2018	12	25	9	0	0.07
74704003102	2018	12	25	10	0	0.01
74704003102	2019	1	6	1	0	0.01
74704003102	2019	1	6	5	0	0.02
74704003102	2019	1	6	6	0	0.07
74704003102	2019	1	6	7	0	0.06
74704003102	2019	1	6	12	0	0.02
74704003102	2019	1	12	11	0	0.001
74704003102	2019	1	12	12	0	0.11
74704003102	2019	1	12	13	0	0.04
74704003102	2019	1	12	14	0	0.01
74704003102	2019	1	12	20	0	0.04
74704003102	2019	1	12	21	0	0.02
74704003102	2019	1	14	19	0	0.01
74704003102	2019	1	14	20	0	0.017
74704003102	2019	1	14	21	0	0.03
74704003102	2019	1	14	22	0	0.06
74704003102	2019	1	14	23	0	0.02
74704003102	2019	1	15	0	0	0.03
74704003102	2019	1	15	1	0	0.06
74704003102	2019	1	15	5	0	0.02
74704003102	2019	1	15	6	0	0.02
74704003102	2019	1	15	23	0	0.013
74704003102	2019	1	16	0	0	0.08
74704003102	2019	1	16	1	0	0.01
74704003102	2019	1	16	2	0	0.01
74704003102	2019	1	16	3	0	0.07
74704003102	2019	1	16	4	0	0.05
74704003102	2019	1	16	5	0	0.04
74704003102	2019	1	16	6	0	0.04
74704003102	2019	1	16	10	0	0.01
74704003102	2019	1	16	11	0	0.03
74704003102	2019	1	16	12	0	0.01
74704003102	2019	1	16	15	0	0.02
74704003102	2019	1	16	16	0	0.02
74704003102	2019	1	16	17	0	0.01
74704003102	2019	1	16	19	0	0.05
74704003102	2019	1	17	3	0	0.26
74704003102	2019	1	17	4	0	0.19
74704003102	2019	1	17	5	0	0.05
74704003102	2019	1	17	6	0	0.04
74704003102	2019	1	17	7	0	0.02
74704003102	2019	1	17	8	0	0.17
74704003102	2019	1	17	9	0	0.26
74704003102	2019	1	17	10	0	0.08
74704003102	2019	1	17	14	0	0.037
74704003102	2019	1	17	15	0	0.05
74704003102	2019	1	17	16	0	0.03
74704003102	2019	1	17	17	0	0.27
74704003102	2019	1	17	18	0	0.16
74704003102	2019	1	17	19	0	0.14
74704003102	2019	1	17	20	0	0.06
74704003102	2019	1	17	21	0	0.07
74704003102	2019	1	31	20	0	0.023
74704003102	2019	1	31	21	0	0.15
74704003102	2019	1	31	22	0	0.06
74704003102	2019	2	2	7	0	0.01
74704003102	2019	2	2	10	0	0.02
74704003102	2019	2	2	11	0	0.01
74704003102	2019	2	2	12	0	0.03
74704003102	2019	2	2	13	0	0.02
74704003102	2019	2	2	15	0	0.03
74704003102	2019	2	2	16	0	0.02
74704003102	2019	2	2	17	0	0.02
74704003102	2019	2	2	18	0	0.01
74704003102	2019	2	2	20	0	0.02
74704003102	2019	2	2	21	0	0.37
74704003102	2019	2	2	22	0	0.29
74704003102	2019	2	2	23	0	0.18
74704003102	2019	2	3	1	0	0.02
74704003102	2019	2	3	2	0	0.01
74704003102	2019	2	3	6	0	0.06
74704003102	2019	2	3	7	0	0.029
74704003102	2019	2	3	8	0	0.006
74704003102	2019	2	3	11	0	0.012
74704003102	2019	2	3	12	0	0.006
74704003102	2019	2	3	14	0	0.003
74704003102	2019	2	3	15	0	0.013
74704003102	2019	2	3	16	0	0.014
74704003102	2019	2	3	17	0	0.017
74704003102	2019	2	3	18	0	0.01
74704003102	2019	2	3	20	0	0.12
74704003102	2019	2	3	23	0	0.03
74704003102	2019	2	4	0	0	0.02
74704003102	2019	2	4	4	0	0.01
74704003102	2019	2	4	5	0	0.01
74704003102	2019	2	4	10	0	0.02
74704003102	2019	2	4	11	0	0.01
74704003102	2019	2	4	12	0	0.01
74704003102	2019	2	4	14	0	0.02
74704003102	2019	2	4	16	0	0.01
74704003102	2019	2	4	17	0	0.03
74704003102	2019	2	4	18	0	0.01
74704003102	2019	2	4	19	0	0.04
74704003102	2019	2	4	21	0	0.03
74704003102	2019	2	5	4	0	0.07
74704003102	2019	2	5	5	0	0.01
74704003102	2019	2	5	8	0	0.06
74704003102	2019	2	5	10	0	0.06
74704003102	2019	2	5	13	0	0.03
74704003102	2019	2	5	16	0	0.08
74704003102	2019	2	5	19	0	0.01
74704003102	2019	2	5	22	0	0.009
74704003102	2019	2	9	15	0	0.01
74704003102	2019	2	9	16	0	0.14
74704003102	2019	2	10	14	0	0.03
74704003102	2019	2	10	15	0	0.01
74704003102	2019	2	10	23	0	0.002
74704003102	2019	2	14	5	0	0.01
74704003102	2019	2	14	8	0	0.024
74704003102	2019	2	14	9	0	0.16
74704003102	2019	2	14	10	0	0.18
74704003102	2019	2	14	11	0	0.16
74704003102	2019	2	14	12	0	0.1
74704003102	2019	2	14	13	0	0.2
74704003102	2019	2	14	14	0	0.08
74704003102	2019	2	14	15	0	0.04
74704003102	2019	2	14	16	0	0.29
74704003102	2019	2	14	17	0	0.03
74704003102	2019	2	14	18	0	0.19
74704003102	2019	2	14	19	0	0.37
74704003102	2019	2	14	20	0	0.16
74704003102	2019	2	16	3	0	0.12
74704003102	2019	2	17	22	0	0.06
74704003102	2019	2	21	3	0	0.02
74704003102	2019	2	21	4	0	0.02
74704003102	2019	2	21	5	0	0.02
74704003102	2019	2	21	9	0	0.03
74704003102	2019	2	21	23	0	0.01
74704003102	2019	3	2	11	0	0.002
74704003102	2019	3	2	12	0	0.03
74704003102	2019	3	2	13	0	0.1
74704003102	2019	3	2	14	0	0.11
74704003102	2019	3	2	15	0	0.1
74704003102	2019	3	2	16	0	0.05
74704003102	2019	3	2	17	0	0.04
74704003102	2019	3	2	20	0	0.02
74704003102	2019	3	3	0	0	0.01
74704003102	2019	3	3	2	0	0.01
74704003102	2019	3	3	4	0	0.03
74704003102	2019	3	6	1	0	0.01
74704003102	2019	3	6	14	0	0.01
74704003102	2019	3	6	15	0	0.03
74704003102	2019	3	6	16	0	0.1
74704003102	2019	3	6	17	0	0.13
74704003102	2019	3	6	18	0	0.12
74704003102	2019	3	6	19	0	0.09
74704003102	2019	3	6	20	0	0.04
74704003102	2019	3	7	9	0	0.019
74704003102	2019	3	7	10	0	0.005
74704003102	2019	3	7	12	0	0.006
74704003102	2019	3	7	13	0	0.001
74704003102	2019	3	8	5	0	0.001
74704003102	2019	3	8	8	0	0.012
74704003102	2019	3	8	9	0	0.006
74704003102	2019	3	8	10	0	0.003
74704003102	2019	3	8	11	0	0.001
74704003102	2019	3	12	10	0	0.01
74704003102	2019	3	12	11	0	0.01
74704003102	2019	3	13	13	0	0.01
74704003102	2019	3	20	21	0	0.02
74704003102	2019	3	20	23	0	0.01
74704003102	2019	3	21	0	0	0.01
74704003102	2019	3	21	1	0	0.01
74704003102	2019	3	21	18	0	0.01
74704003102	2019	4	29	10	0	0.03
74704003102	2019	4	29	11	0	0.02
74704003102	2019	5	6	9	0	0.01
74704003102	2019	5	7	12	0	0.01
74704003102	2019	5	7	13	0	0.06
74704003102	2019	5	16	13	0	0.02
74704003102	2019	5	16	14	0	0.06
74704003102	2019	5	16	15	0	0.11
74704003102	2019	5	16	16	0	0.11
74704003102	2019	5	16	17	0	0.04
74704003102	2019	5	16	18	0	0.01
74704003102	2019	5	19	8	0	0.005
74704003102	2019	5	19	9	0	0.02
74704003102	2019	5	19	10	0	0.06
74704003102	2019	5	19	11	0	0.02
74704003102	2019	5	19	13	0	0.04
74704003102	2019	5	19	14	0	0.01
74704003102	2019	5	19	19	0	0.01
74704003102	2019	5	20	6	0	0.01
74704003102	2019	5	22	20	0	0.04
74704003102	2019	5	22	21	0	0.04
74704003102	2019	5	22	22	0	0.08
74704003102	2019	5	22	23	0	0.03
74704003102	2019	5	27	2	0	0.01
74704003102	2019	5	27	3	0	0.06
74704003102	2019	11	20	13	0	0.02
74704003102	2019	11	20	15	0	0.07
74704003102	2019	11	20	17	0	0.01
74704003102	2019	11	20	18	0	0.06
74704003102	2019	11	20	19	0	0.09
74704003102	2019	11	20	20	0	0.06
74704003102	2019	11	20	21	0	0.01
74704003102	2019	11	20	22	0	0.01
74704003102	2019	11	21	5	0	0.01
74704003102	2019	11	27	16	0	0.01
74704003102	2019	11	27	17	0	0.04
74704003102	2019	11	27	18	0	0.09
74704003102	2019	11	27	19	0	0.15
74704003102	2019	11	27	20	0	0.07
74704003102	2019	11	27	21	0	0.06
74704003102	2019	11	27	22	0	0.01
74704003102	2019	11	28	1	0	0.01
74704003102	2019	11	28	7	0	0.04
74704003102	2019	11	28	9	0	0.01
74704003102	2019	11	28	10	0	0.02
74704003102	2019	11	28	11	0	0.07
74704003102	2019	11	28	15	0	0.1
74704003102	2019	11	28	16	0	0.24
74704003102	2019	11	28	17	0	0.2
74704003102	2019	11	28	18	0	0.09
74704003102	2019	11	28	19	0	0.2
74704003102	2019	11	28	20	0	0.19
74704003102	2019	11	28	21	0	0.11
74704003102	2019	11	28	22	0	0.05
74704003102	2019	11	29	0	0	0.07
74704003102	2019	11	29	1	0	0.03
74704003102	2019	11	29	2	0	0.12
74704003102	2019	11	29	3	0	0.28
74704003102	2019	11	29	6	0	0.03
74704003102	2019	11	29	7	0	0.01
74704003102	2019	11	29	8	0	0.02
74704003102	2019	11	30	4	0	0.04
74704003102	2019	11	30	5	0	0.02
74704003102	2019	11	30	6	0	0.01
74704003102	2019	11	30	7	0	0.003
74704003102	2019	12	4	5	0	0.001
74704003102	2019	12	4	10	0	0.001
74704003102	2019	12	4	12	0	0.06
74704003102	2019	12	4	13	0	0.09
74704003102	2019	12	4	14	0	0.13
74704003102	2019	12	4	15	0	0.03
74704003102	2019	12	4	16	0	0.08
74704003102	2019	12	4	17	0	0.03
74704003102	2019	12	4	18	0	0.26
74704003102	2019	12	4	19	0	0.14
74704003102	2019	12	4	20	0	0.06
74704003102	2019	12	4	21	0	0.03
74704003102	2019	12	6	22	0	0.05
74704003102	2019	12	6	23	0	0.07
74704003102	2019	12	7	0	0	0.01
74704003102	2019	12	7	10	0	0.03
74704003102	2019	12	7	11	0	0.01
74704003102	2019	12	7	14	0	0.01
74704003102	2019	12	7	20	0	0.01
74704003102	2019	12	7	22	0	0.01
74704003102	2019	12	8	3	0	0.01
74704003102	2019	12	8	4	0	0.01
74704003102	2019	12	8	7	0	0.01
74704003102	2019	12	8	10	0	0.01
74704003102	2019	12	8	22	0	0.06
74704003102	2019	12	14	16	0	0.004
74704003102	2019	12	14	17	0	0.008
74704003102	2019	12	14	18	0	0.01
74704003102	2019	12	14	21	0	0.01
74704003102	2019	12	23	9	0	0.03
74704003102	2019	12	23	10	0	0.07
74704003102	2019	12	23	11	0	0.01
74704003102	2019	12	23	12	0	0.07
74704003102	2019	12	23	13	0	0.16
74704003102	2019	12	23	14	0	0.06
74704003102	2019	12	23	15	0	0.04
74704003102	2019	12	23	16	0	0.12
74704003102	2019	12	23	17	0	0.06
74704003102	2019	12	23	18	0	0.03
74704003102	2019	12	23	22	0	0.03
74704003102	2019	12	23	23	0	0.01
74704003102	2019	12	24	1	0	0.01
74704003102	2019	12	25	7	0	0.08
74704003102	2019	12	26	6	0	0.06
74704003102	2019	12	26	7	0	0.08
74704003102	2019	12	26	8	0	0.06
74704003102	2019	12	26	9	0	0.16
74704003102	2019	12	26	10	0	0.28
74704003102	2019	12	26	11	0	0.29
74704003102	2019	12	26	12	0	0.29
74704003102	2019	12	26	13	0	0.15
74704003102	2019	12	26	14	0	0.14
74704003102	2019	12	26	15	0	0.12
74704003102	2019	12	26	16	0	0.04
74704003102	2019	12	26	18	0	0.04
74704003102	2019	12	26	19	0	0.03
74704003102	2019	12	26	20	0	0.04
74704003102	2019	12	26	21	0	0.01
