74718823158	1995	2	14	12	0	0.030
74718823158	1995	2	14	13	0	0.040
74718823158	1995	2	14	14	0	0.070
74718823158	1995	2	14	15	0	0.010
74718823158	1995	2	14	16	0	0.020
74718823158	1995	2	14	17	0	0.010
74718823158	1995	2	14	18	0	0.030
74718823158	1995	2	21	5	0	0.030
74718823158	1995	2	21	6	0	0.050
74718823158	1995	2	21	10	0	0.020
74718823158	1995	3	11	5	0	0.040
74718823158	1995	3	11	6	0	0.070
74718823158	1995	3	11	7	0	0.060
74718823158	1995	3	11	8	0	0.010
74718823158	1995	3	11	11	0	0.180
74718823158	1995	5	4	21	0	0.030
74718823158	1995	7	16	8	0	0.030
74718823158	1995	8	20	24	0	0.020
74718823158	1995	8	21	1	0	0.910
74718823158	1995	8	21	2	0	0.400
74718823158	1995	8	21	3	0	0.030
74718823158	1995	8	21	4	0	0.010
74718823158	1996	2	12	15	0	0.050
74718823158	1996	2	13	3	0	0.040
74718823158	1996	2	13	4	0	0.090
74718823158	1996	2	13	5	0	0.030
74718823158	1996	2	25	15	0	0.090
74718823158	1996	2	25	16	0	0.010
74718823158	1996	3	13	11	0	0.010
74718823158	1996	3	13	12	0	0.040
74718823158	1996	3	13	14	0	0.060
74718823158	1996	3	13	15	0	0.020
74718823158	1996	5	25	13	0	0.030
74718823158	1996	5	25	14	0	0.210
74718823158	1996	9	4	19	0	0.190
74718823158	1996	9	4	20	0	0.590
74718823158	1996	9	5	16	0	0.060
74718823158	1996	11	1	3	0	0.020
74718823158	1996	11	22	5	0	0.020
74718823158	1997	1	12	17	0	0.150
74718823158	1997	1	15	21	0	0.150
74718823158	1997	1	16	0	0	0.150
74718823158	1997	4	3	20	0	0.060
74718823158	1997	7	22	17	0	0.031
74718823158	1997	7	22	18	0	0.369
74718823158	1997	7	27	19	0	0.120
74718823158	1997	8	21	22	0	0.019
74718823158	1997	8	21	23	0	0.011
74718823158	1997	9	25	0	0	0.211
74718823158	1997	9	25	1	0	0.105
74718823158	1997	9	25	2	0	0.105
74718823158	1997	9	25	3	0	0.105
74718823158	1997	9	25	5	0	0.105
74718823158	1997	9	25	6	0	0.105
74718823158	1997	9	25	12	0	0.300
74718823158	1997	9	25	13	0	0.400
74718823158	1997	9	25	14	0	0.450
74718823158	1997	9	25	15	0	0.150
74718823158	1997	9	25	16	0	0.180
74718823158	1997	9	25	17	0	0.010
74718823158	1997	9	25	21	0	0.080
74718823158	1997	11	13	20	0	0.020
74718823158	1997	12	6	9	0	0.090
74718823158	1997	12	6	17	0	0.090
74718823158	1997	12	21	13	0	0.040
74718823158	1997	12	21	14	0	0.050
74718823158	1997	12	21	15	0	0.160
74718823158	1997	12	21	18	0	0.050
74718823158	1997	12	21	19	0	0.050
74718823158	1997	12	21	20	0	0.010
74718823158	1997	12	21	21	0	0.010
74718823158	1997	12	21	24	0	0.050
74718823158	1997	12	22	1	0	0.010
74718823158	1997	12	22	2	0	0.060
74718823158	1997	12	22	3	0	0.100
74718823158	1997	12	22	4	0	0.100
74718823158	1997	12	22	5	0	0.020
74718823158	1998	1	9	14	0	0.050
74718823158	1998	1	9	15	0	0.100
74718823158	1998	1	9	16	0	0.030
74718823158	1998	1	10	10	0	0.050
74718823158	1998	2	3	14	0	0.050
74718823158	1998	2	3	15	0	0.160
74718823158	1998	2	3	16	0	0.190
74718823158	1998	2	3	17	0	0.100
74718823158	1998	2	3	18	0	0.020
74718823158	1998	2	3	19	0	0.060
74718823158	1998	2	3	20	0	0.090
74718823158	1998	2	3	21	0	0.380
74718823158	1998	2	3	22	0	0.150
74718823158	1998	2	3	23	0	0.010
74718823158	1998	2	8	6	0	0.020
74718823158	1998	2	8	7	0	0.110
74718823158	1998	2	8	8	0	0.040
74718823158	1998	2	8	9	0	0.050
74718823158	1998	2	14	14	0	0.020
74718823158	1998	2	14	15	0	0.070
74718823158	1998	2	14	16	0	0.020
74718823158	1998	2	14	20	0	0.070
74718823158	1998	2	14	21	0	0.080
74718823158	1998	2	17	3	0	0.170
74718823158	1998	2	17	4	0	0.070
74718823158	1998	2	17	5	0	0.040
74718823158	1998	2	17	7	0	0.110
74718823158	1998	2	17	8	0	0.060
74718823158	1998	2	17	9	0	0.100
74718823158	1998	2	17	10	0	0.100
74718823158	1998	2	17	11	0	0.120
74718823158	1998	2	17	12	0	0.060
74718823158	1998	2	17	13	0	0.020
74718823158	1998	2	20	3	0	0.020
74718823158	1998	2	20	4	0	0.060
74718823158	1998	2	20	5	0	0.040
74718823158	1998	2	24	15	0	0.010
74718823158	1998	2	24	16	0	0.040
74718823158	1998	3	14	4	0	0.020
74718823158	1998	3	14	5	0	0.030
74718823158	1998	3	14	8	0	0.140
74718823158	1998	3	14	9	0	0.090
74718823158	1998	3	14	10	0	0.120
74718823158	1998	3	14	11	0	0.480
74718823158	1998	3	14	12	0	0.070
74718823158	1998	3	25	20	0	0.200
74718823158	1998	4	1	4	0	0.010
74718823158	1998	5	20	14	0	0.010
74718823158	1998	10	30	20	0	0.050
74718823158	1998	11	28	16	0	0.120
74718823158	1998	11	28	17	0	0.010
74718823158	1998	11	28	18	0	0.010
74718823158	1998	12	6	7	0	0.050
74718823158	1998	12	6	8	0	0.050
74718823158	1998	12	6	9	0	0.100
74718823158	1999	2	4	15	0	0.010
74718823158	1999	2	4	16	0	0.060
74718823158	1999	2	4	17	0	0.130
74718823158	1999	2	4	18	0	0.040
74718823158	1999	2	4	19	0	0.060
74718823158	1999	4	1	18	0	0.020
74718823158	1999	4	1	19	0	0.040
74718823158	1999	4	1	20	0	0.050
74718823158	1999	4	1	21	0	0.070
74718823158	1999	4	1	22	0	0.020
74718823158	1999	4	1	23	0	0.020
74718823158	1999	4	2	0	0	0.040
74718823158	1999	4	2	1	0	0.040
74718823158	1999	4	2	2	0	0.050
74718823158	1999	4	12	14	0	0.030
74718823158	1999	4	12	15	0	0.060
74718823158	1999	4	12	16	0	0.010
74718823158	1999	4	12	20	0	0.050
74718823158	1999	4	12	21	0	0.170
74718823158	1999	4	12	22	0	0.060
74718823158	1999	4	12	23	0	0.030
74718823158	1999	4	13	0	0	0.020
74718823158	1999	4	13	1	0	0.080
74718823158	1999	4	13	3	0	0.020
74718823158	1999	4	13	4	0	0.030
74718823158	1999	7	7	15	0	0.030
74718823158	1999	7	11	17	0	0.070
74718823158	1999	7	11	18	0	0.130
74718823158	1999	7	13	5	0	0.050
74718823158	1999	7	14	3	0	0.010
74718823158	1999	7	14	6	0	0.010
74718823158	1999	7	14	13	0	0.007
74718823158	1999	7	14	15	0	0.193
74718823158	1999	7	14	20	0	0.470
74718823158	1999	7	28	18	0	0.030
74718823158	1999	7	29	7	0	0.039
74718823158	1999	7	29	8	0	0.031
74718823158	1999	9	22	11	0	0.250
74718823158	1999	9	22	12	0	0.140
74718823158	1999	9	22	13	0	0.010
74718823158	1999	9	22	16	0	0.010
74718823158	1999	9	22	17	0	0.020
74718823158	1999	9	23	7	0	0.200
74718823158	2000	3	5	12	0	0.020
74718823158	2000	3	5	18	0	0.200
74718823158	2000	3	8	14	0	0.010
74718823158	2000	3	8	15	0	0.020
74718823158	2000	3	27	16	0	0.010
74718823158	2000	3	27	21	0	0.030
74718823158	2000	3	27	22	0	0.020
74718823158	2000	3	27	23	0	0.010
74718823158	2000	6	21	20	0	0.010
74718823158	2000	10	22	17	0	0.105
74718823158	2000	10	23	5	0	0.105
74718823158	2000	10	24	9	0	0.105
74718823158	2000	10	31	23	0	0.211
74718823158	2000	11	30	11	0	0.105
74718823158	2001	1	8	20	0	0.020
74718823158	2001	1	8	21	0	0.039
74718823158	2001	1	8	22	0	0.039
74718823158	2001	1	8	23	0	0.039
74718823158	2001	1	9	0	0	0.012
74718823158	2001	1	9	1	0	0.012
74718823158	2001	1	9	2	0	0.020
74718823158	2001	1	9	3	0	0.020
74718823158	2001	1	9	7	0	0.020
74718823158	2001	1	9	8	0	0.039
74718823158	2001	1	11	11	0	0.012
74718823158	2001	1	11	12	0	0.051
74718823158	2001	1	11	13	0	0.051
74718823158	2001	1	11	14	0	0.039
74718823158	2001	1	11	15	0	0.039
74718823158	2001	1	11	16	0	0.039
74718823158	2001	1	11	17	0	0.039
74718823158	2001	1	11	19	0	0.012
74718823158	2001	1	15	11	0	0.012
74718823158	2001	1	15	12	0	0.020
74718823158	2001	1	15	17	0	0.071
74718823158	2001	1	26	18	0	0.020
74718823158	2001	1	26	19	0	0.020
74718823158	2001	1	27	2	0	0.012
74718823158	2001	1	27	5	0	0.105
74718823158	2001	1	27	7	0	0.012
74718823158	2001	1	27	8	0	0.039
74718823158	2001	1	27	20	0	0.012
74718823158	2001	1	27	21	0	0.012
74718823158	2001	2	13	7	0	0.020
74718823158	2001	2	13	8	0	0.039
74718823158	2001	2	13	9	0	0.105
74718823158	2001	2	25	18	0	0.105
74718823158	2001	2	25	21	0	0.012
74718823158	2001	2	25	22	0	0.051
74718823158	2001	2	25	23	0	0.020
74718823158	2001	2	26	0	0	0.012
74718823158	2001	2	26	1	0	0.020
74718823158	2001	2	26	3	0	0.020
74718823158	2001	2	26	4	0	0.031
74718823158	2001	2	26	5	0	0.020
74718823158	2001	2	26	6	0	0.039
74718823158	2001	2	26	7	0	0.020
74718823158	2001	2	26	8	0	0.020
74718823158	2001	2	27	9	0	0.012
74718823158	2001	2	27	11	0	0.012
74718823158	2001	2	27	12	0	0.020
74718823158	2001	2	27	13	0	0.150
74718823158	2001	2	27	14	0	0.012
74718823158	2001	2	27	15	0	0.211
74718823158	2001	2	27	16	0	0.031
74718823158	2001	2	27	17	0	0.012
74718823158	2001	2	27	18	0	0.071
74718823158	2001	2	27	19	0	0.012
74718823158	2001	2	28	11	0	0.105
74718823158	2001	3	1	6	0	0.012
74718823158	2001	3	1	7	0	0.012
74718823158	2001	3	6	14	0	0.012
74718823158	2001	3	6	15	0	0.079
74718823158	2001	3	6	16	0	0.091
74718823158	2001	3	6	17	0	0.142
74718823158	2001	3	6	18	0	0.012
74718823158	2001	3	6	19	0	0.039
74718823158	2001	3	6	20	0	0.201
74718823158	2001	3	6	21	0	0.299
74718823158	2001	3	6	22	0	0.291
74718823158	2001	3	6	23	0	0.098
74718823158	2001	3	7	10	0	0.012
74718823158	2001	4	10	8	0	0.012
74718823158	2001	8	3	1	0	0.105
74718823158	2001	8	9	7	0	0.105
74718823158	2001	8	12	20	0	0.480
74718823158	2001	11	5	16	0	0.039
74718823158	2001	11	5	17	0	0.031
74718823158	2001	11	24	18	0	0.020
74718823158	2001	11	24	19	0	0.012
74718823158	2001	11	24	20	0	0.012
74718823158	2001	12	11	6	0	0.020
74718823158	2001	12	11	10	0	0.012
74718823158	2001	12	15	5	0	0.012
74718823158	2002	3	18	4	0	0.012
74718823158	2002	3	18	5	0	0.031
74718823158	2002	3	20	11	0	0.020
74718823158	2002	9	2	16	0	0.012
74718823158	2002	9	6	9	0	0.012
74718823158	2002	9	6	10	0	0.031
74718823158	2002	9	6	22	0	0.280
74718823158	2002	9	6	23	0	0.110
74718823158	2002	9	7	5	0	0.090
74718823158	2002	9	7	6	0	0.012
74718823158	2002	9	7	7	0	0.071
74718823158	2002	9	7	8	0	0.012
74718823158	2002	9	9	8	0	0.039
74718823158	2002	9	9	10	0	0.012
74718823158	2002	9	9	11	0	0.039
74718823158	2002	9	9	12	0	0.020
74718823158	2002	9	9	13	0	0.012
74718823158	2002	9	10	16	0	0.012
74718823158	2002	9	10	20	0	0.039
74718823158	2002	10	17	19	0	0.020
74718823158	2002	11	27	3	0	0.020
74718823158	2002	11	29	12	0	0.012
74718823158	2002	11	30	20	0	0.211
74718823158	2003	1	1	12	0	0.012
74718823158	2003	1	1	13	0	0.012
74718823158	2003	1	1	14	0	0.012
74718823158	2003	1	2	10	0	0.012
74718823158	2003	1	2	11	0	0.079
74718823158	2003	1	2	17	0	0.012
74718823158	2003	1	2	18	0	0.091
74718823158	2003	1	2	19	0	0.039
74718823158	2003	1	3	0	0	0.031
74718823158	2003	1	3	2	0	0.012
74718823158	2003	1	3	22	0	0.012
74718823158	2003	1	4	6	0	0.039
74718823158	2003	1	4	7	0	0.039
74718823158	2003	1	4	8	0	0.059
74718823158	2003	1	4	9	0	0.012
74718823158	2003	1	4	10	0	0.012
74718823158	2003	1	4	11	0	0.012
74718823158	2003	1	4	14	0	0.012
74718823158	2003	1	5	11	0	0.012
74718823158	2003	1	8	11	0	0.020
74718823158	2003	1	11	22	0	0.012
74718823158	2003	1	11	23	0	0.012
74718823158	2003	1	11	24	0	0.020
74718823158	2003	1	12	4	0	0.012
74718823158	2003	1	12	5	0	0.012
74718823158	2003	1	12	6	0	0.012
74718823158	2003	1	12	7	0	0.020
74718823158	2003	1	13	21	0	0.012
74718823158	2003	1	13	22	0	0.012
74718823158	2003	1	13	23	0	0.020
74718823158	2003	1	13	24	0	0.012
74718823158	2003	1	21	5	0	0.012
74718823158	2003	1	21	6	0	0.012
74718823158	2003	1	21	7	0	0.012
74718823158	2003	1	21	8	0	0.031
74718823158	2003	1	21	9	0	0.031
74718823158	2003	1	21	10	0	0.039
74718823158	2003	1	21	11	0	0.051
74718823158	2003	1	21	12	0	0.059
74718823158	2003	1	21	13	0	0.039
74718823158	2003	1	21	14	0	0.031
74718823158	2003	1	21	15	0	0.020
74718823158	2003	1	21	16	0	0.020
74718823158	2003	1	21	17	0	0.020
74718823158	2003	1	21	18	0	0.012
74718823158	2003	1	21	22	0	0.012
74718823158	2003	1	22	5	0	0.020
74718823158	2003	1	22	6	0	0.039
74718823158	2003	1	22	7	0	0.039
74718823158	2003	1	22	8	0	0.051
74718823158	2003	1	22	9	0	0.079
74718823158	2003	1	22	10	0	0.079
74718823158	2003	1	22	11	0	0.071
74718823158	2003	1	22	12	0	0.020
74718823158	2003	1	22	14	0	0.012
74718823158	2003	1	22	15	0	0.012
74718823158	2003	1	22	16	0	0.020
74718823158	2003	1	22	18	0	0.020
74718823158	2003	1	25	14	0	0.012
74718823158	2003	1	25	15	0	0.012
74718823158	2003	1	25	22	0	0.012
74718823158	2003	1	26	9	0	0.012
74718823158	2003	1	27	7	0	0.012
74718823158	2003	1	29	14	0	0.012
74718823158	2003	1	30	14	0	0.020
74718823158	2003	1	30	15	0	0.059
74718823158	2003	1	30	16	0	0.051
74718823158	2003	1	30	17	0	0.031
74718823158	2003	1	30	18	0	0.012
74718823158	2003	1	30	22	0	0.071
74718823158	2003	1	31	2	0	0.020
74718823158	2003	1	31	3	0	0.020
74718823158	2003	1	31	4	0	0.039
74718823158	2003	1	31	12	0	0.012
74718823158	2003	2	15	21	0	0.012
74718823158	2003	2	15	22	0	0.031
74718823158	2003	2	15	23	0	0.031
74718823158	2003	2	15	24	0	0.039
74718823158	2003	2	16	1	0	0.031
74718823158	2003	2	16	2	0	0.020
74718823158	2003	2	16	3	0	0.012
74718823158	2003	2	21	13	0	0.012
74718823158	2003	2	21	19	0	0.031
74718823158	2003	2	21	20	0	0.012
74718823158	2003	3	5	23	0	0.091
74718823158	2003	3	5	24	0	0.020
74718823158	2003	3	6	1	0	0.012
74718823158	2003	3	9	2	0	0.012
74718823158	2003	3	9	3	0	0.031
74718823158	2003	3	9	4	0	0.031
74718823158	2003	3	9	5	0	0.020
74718823158	2003	3	9	6	0	0.012
74718823158	2003	3	9	10	0	0.012
74718823158	2003	3	9	11	0	0.020
74718823158	2003	3	12	5	0	0.012
74718823158	2003	3	13	11	0	0.012
74718823158	2003	3	14	24	0	0.020
74718823158	2003	3	15	1	0	0.039
74718823158	2003	3	15	2	0	0.020
74718823158	2003	3	15	3	0	0.012
74718823158	2003	3	15	4	0	0.012
74718823158	2003	3	15	6	0	0.012
74718823158	2003	4	6	5	0	0.051
74718823158	2003	4	6	6	0	0.051
74718823158	2003	4	6	7	0	0.031
74718823158	2003	4	6	8	0	0.012
74718823158	2003	4	12	10	0	0.059
74718823158	2003	4	12	11	0	0.020
74718823158	2003	4	12	12	0	0.039
74718823158	2003	4	12	24	0	0.079
74718823158	2003	4	13	5	0	0.071
74718823158	2003	4	13	6	0	0.012
74718823158	2003	4	14	3	0	0.020
74718823158	2003	4	14	4	0	0.012
74718823158	2003	4	22	7	0	0.012
74718823158	2003	4	23	22	0	0.012
74718823158	2003	4	23	23	0	0.039
74718823158	2003	4	24	0	0	0.031
74718823158	2003	4	24	1	0	0.031
74718823158	2003	4	24	3	0	0.031
74718823158	2003	4	24	4	0	0.031
74718823158	2003	4	24	5	0	0.020
74718823158	2003	4	24	7	0	0.012
74718823158	2003	4	24	8	0	0.059
74718823158	2003	4	24	9	0	0.079
74718823158	2003	4	24	10	0	0.051
74718823158	2003	4	24	14	0	0.012
74718823158	2003	4	24	15	0	0.031
74718823158	2003	4	24	16	0	0.051
74718823158	2003	4	28	21	0	0.012
74718823158	2003	5	4	14	0	0.020
74718823158	2003	5	4	15	0	0.012
74718823158	2003	5	25	6	0	0.012
74718823158	2003	5	25	7	0	0.020
74718823158	2003	5	30	10	0	0.012
74718823158	2003	5	30	11	0	0.012
74718823158	2003	6	13	11	0	0.012
74718823158	2003	6	13	12	0	0.130
74718823158	2003	6	13	14	0	0.051
74718823158	2003	7	17	6	0	0.012
74718823158	2003	8	3	8	0	0.012
74718823158	2003	8	7	4	0	0.012
74718823158	2003	8	7	7	0	0.020
74718823158	2003	8	10	23	0	0.012
74718823158	2003	8	10	24	0	0.012
74718823158	2003	8	11	1	0	0.012
74718823158	2003	8	11	2	0	0.012
74718823158	2003	8	11	3	0	0.020
74718823158	2003	9	4	18	0	0.071
74718823158	2003	10	14	5	0	0.012
74718823158	2003	10	15	12	0	0.031
74718823158	2003	10	15	13	0	0.020
74718823158	2003	10	16	1	0	0.012
74718823158	2003	10	16	2	0	0.051
74718823158	2003	10	16	3	0	0.012
74718823158	2003	10	16	4	0	0.012
74718823158	2003	10	16	5	0	0.020
74718823158	2003	10	16	6	0	0.031
74718823158	2003	10	16	7	0	0.059
74718823158	2003	10	16	8	0	0.012
74718823158	2003	10	20	3	0	0.031
74718823158	2003	10	20	4	0	0.020
74718823158	2003	10	20	16	0	0.012
74718823158	2003	10	20	21	0	0.012
74718823158	2003	10	29	17	0	0.020
74718823158	2003	11	2	6	0	0.012
74718823158	2003	11	2	7	0	0.012
74718823158	2003	11	2	8	0	0.012
74718823158	2003	11	2	9	0	0.012
74718823158	2003	11	12	7	0	0.051
74718823158	2003	11	12	13	0	0.012
74718823158	2003	11	16	12	0	0.012
74718823158	2003	11	16	14	0	0.012
74718823158	2003	11	16	15	0	0.118
74718823158	2003	11	17	21	0	0.012
74718823158	2003	11	20	12	0	0.012
74718823158	2003	11	20	13	0	0.020
74718823158	2003	11	20	14	0	0.020
74718823158	2003	11	20	15	0	0.059
74718823158	2003	11	20	16	0	0.031
74718823158	2003	11	28	15	0	0.012
74718823158	2003	12	1	11	0	0.020
74718823158	2003	12	1	12	0	0.031
74718823158	2003	12	1	13	0	0.031
74718823158	2003	12	1	14	0	0.031
74718823158	2003	12	1	15	0	0.020
74718823158	2003	12	1	16	0	0.012
74718823158	2003	12	2	23	0	0.020
74718823158	2003	12	4	17	0	0.020
74718823158	2003	12	4	18	0	0.031
74718823158	2003	12	4	19	0	0.031
74718823158	2003	12	4	20	0	0.051
74718823158	2003	12	4	21	0	0.020
74718823158	2003	12	4	22	0	0.031
74718823158	2003	12	4	23	0	0.020
74718823158	2003	12	5	1	0	0.012
74718823158	2003	12	5	2	0	0.020
74718823158	2003	12	5	3	0	0.012
74718823158	2003	12	6	1	0	0.020
74718823158	2003	12	7	9	0	0.012
74718823158	2003	12	7	10	0	0.020
74718823158	2003	12	9	20	0	0.012
74718823158	2003	12	9	21	0	0.012
74718823158	2003	12	9	22	0	0.020
74718823158	2003	12	9	23	0	0.039
74718823158	2003	12	9	24	0	0.031
74718823158	2003	12	10	1	0	0.031
74718823158	2003	12	10	2	0	0.031
74718823158	2003	12	10	3	0	0.039
74718823158	2003	12	10	4	0	0.031
74718823158	2003	12	10	5	0	0.012
74718823158	2003	12	10	6	0	0.020
74718823158	2003	12	10	7	0	0.012
74718823158	2003	12	10	9	0	0.012
74718823158	2003	12	10	10	0	0.012
74718823158	2003	12	10	11	0	0.012
74718823158	2003	12	10	13	0	0.012
74718823158	2003	12	10	17	0	0.012
74718823158	2003	12	10	18	0	0.012
74718823158	2003	12	10	20	0	0.012
74718823158	2003	12	10	22	0	0.012
74718823158	2003	12	10	24	0	0.012
74718823158	2003	12	11	22	0	0.012
74718823158	2003	12	11	23	0	0.020
74718823158	2003	12	12	1	0	0.012
74718823158	2003	12	12	3	0	0.012
74718823158	2003	12	12	4	0	0.012
74718823158	2003	12	13	4	0	0.012
74718823158	2003	12	13	5	0	0.051
74718823158	2003	12	13	6	0	0.020
74718823158	2003	12	13	7	0	0.031
74718823158	2003	12	13	8	0	0.012
74718823158	2003	12	13	9	0	0.020
74718823158	2003	12	13	13	0	0.012
74718823158	2003	12	19	20	0	0.020
74718823158	2003	12	19	24	0	0.012
74718823158	2003	12	20	5	0	0.012
74718823158	2003	12	23	18	0	0.020
74718823158	2003	12	23	19	0	0.039
74718823158	2003	12	23	20	0	0.039
74718823158	2003	12	23	21	0	0.039
74718823158	2003	12	23	22	0	0.020
74718823158	2003	12	24	4	0	0.039
74718823158	2003	12	24	5	0	0.012
74718823158	2003	12	24	7	0	0.020
74718823158	2003	12	24	8	0	0.020
74718823158	2003	12	27	17	0	0.012
74718823158	2003	12	27	18	0	0.012
74718823158	2003	12	31	5	0	0.012
74718823158	2004	1	1	7	0	0.012
74718823158	2004	1	1	8	0	0.059
74718823158	2004	1	1	9	0	0.059
74718823158	2004	1	1	10	0	0.012
74718823158	2004	1	1	11	0	0.012
74718823158	2004	1	1	12	0	0.039
74718823158	2004	1	1	13	0	0.039
74718823158	2004	1	1	14	0	0.012
74718823158	2004	1	1	15	0	0.012
74718823158	2004	1	6	9	0	0.012
74718823158	2004	1	6	10	0	0.012
74718823158	2004	1	6	11	0	0.012
74718823158	2004	1	6	12	0	0.012
74718823158	2004	1	7	2	0	0.020
74718823158	2004	1	12	17	0	0.020
74718823158	2004	1	12	19	0	0.012
74718823158	2004	1	14	11	0	0.012
74718823158	2004	1	14	12	0	0.012
74718823158	2004	1	14	13	0	0.031
74718823158	2004	1	14	14	0	0.012
74718823158	2004	1	14	15	0	0.020
74718823158	2004	1	14	16	0	0.031
74718823158	2004	1	14	17	0	0.012
74718823158	2004	1	14	18	0	0.012
74718823158	2004	1	14	19	0	0.031
74718823158	2004	1	14	20	0	0.059
74718823158	2004	1	18	4	0	0.020
74718823158	2004	1	18	5	0	0.031
74718823158	2004	1	18	6	0	0.012
74718823158	2004	1	18	7	0	0.031
74718823158	2004	1	18	8	0	0.012
74718823158	2004	1	29	16	0	0.031
74718823158	2004	2	2	4	0	0.020
74718823158	2004	2	2	5	0	0.039
74718823158	2004	2	2	6	0	0.031
74718823158	2004	2	2	7	0	0.039
74718823158	2004	2	2	8	0	0.020
74718823158	2004	2	2	9	0	0.012
74718823158	2004	2	2	10	0	0.012
74718823158	2004	2	2	12	0	0.012
74718823158	2004	2	2	17	0	0.012
74718823158	2004	2	3	1	0	0.012
74718823158	2004	2	3	5	0	0.012
74718823158	2004	2	3	7	0	0.012
74718823158	2004	2	6	14	0	0.012
74718823158	2004	2	14	22	0	0.012
74718823158	2004	2	16	11	0	0.020
74718823158	2004	2	16	12	0	0.059
74718823158	2004	2	16	13	0	0.071
74718823158	2004	2	16	14	0	0.051
74718823158	2004	2	16	15	0	0.031
74718823158	2004	2	17	14	0	0.020
74718823158	2004	2	17	15	0	0.039
74718823158	2004	2	17	16	0	0.020
74718823158	2004	2	17	17	0	0.031
74718823158	2004	2	17	18	0	0.012
74718823158	2004	2	17	19	0	0.051
74718823158	2004	2	17	20	0	0.012
74718823158	2004	2	17	21	0	0.012
74718823158	2004	2	18	0	0	0.012
74718823158	2004	2	22	22	0	0.012
74718823158	2004	2	23	21	0	0.012
74718823158	2004	2	24	4	0	0.020
74718823158	2004	2	24	6	0	0.031
74718823158	2004	2	24	7	0	0.020
74718823158	2004	2	24	9	0	0.012
74718823158	2004	2	25	13	0	0.039
74718823158	2004	2	25	14	0	0.051
74718823158	2004	2	25	15	0	0.110
74718823158	2004	2	25	16	0	0.118
74718823158	2004	2	25	17	0	0.130
74718823158	2004	2	25	18	0	0.079
74718823158	2004	2	25	19	0	0.098
74718823158	2004	2	25	20	0	0.031
74718823158	2004	2	25	21	0	0.012
74718823158	2004	3	2	11	0	0.118
74718823158	2004	3	5	16	0	0.031
74718823158	2004	3	5	17	0	0.110
74718823158	2004	3	5	18	0	0.079
74718823158	2004	3	5	19	0	0.039
74718823158	2004	3	5	20	0	0.051
74718823158	2004	3	5	21	0	0.059
74718823158	2004	3	5	22	0	0.012
74718823158	2004	3	5	23	0	0.012
74718823158	2004	3	24	9	0	0.012
74718823158	2004	3	25	17	0	0.051
74718823158	2004	3	25	18	0	0.020
74718823158	2004	3	25	19	0	0.020
74718823158	2004	3	25	20	0	0.039
74718823158	2004	3	25	21	0	0.091
74718823158	2004	3	25	22	0	0.142
74718823158	2004	3	25	23	0	0.039
74718823158	2004	4	19	24	0	0.031
74718823158	2004	4	20	4	0	0.039
74718823158	2004	4	20	17	0	0.012
74718823158	2004	4	27	16	0	0.110
74718823158	2004	4	27	17	0	0.020
74718823158	2004	5	11	15	0	0.012
74718823158	2004	5	11	16	0	0.031
74718823158	2004	5	11	17	0	0.012
74718823158	2004	5	11	18	0	0.031
74718823158	2004	5	11	19	0	0.020
74718823158	2004	5	11	20	0	0.059
74718823158	2004	5	11	21	0	0.012
74718823158	2004	5	13	19	0	0.079
74718823158	2004	5	13	20	0	0.031
74718823158	2004	5	14	1	0	0.012
74718823158	2004	5	16	1	0	0.012
74718823158	2004	5	16	2	0	0.020
74718823158	2004	5	16	4	0	0.012
74718823158	2004	5	16	5	0	0.012
74718823158	2004	5	16	6	0	0.012
74718823158	2004	5	16	7	0	0.012
74718823158	2004	5	16	8	0	0.031
74718823158	2004	5	16	12	0	0.012
74718823158	2004	5	17	2	0	0.031
74718823158	2004	5	17	3	0	0.039
74718823158	2004	5	17	4	0	0.012
74718823158	2004	5	17	6	0	0.012
74718823158	2004	5	17	7	0	0.020
74718823158	2004	5	17	9	0	0.012
74718823158	2004	5	18	5	0	0.012
74718823158	2004	5	19	16	0	0.291
74718823158	2004	5	19	20	0	0.059
74718823158	2004	5	19	21	0	0.031
74718823158	2004	5	20	15	0	0.020
74718823158	2004	5	20	20	0	0.012
74718823158	2004	5	22	13	0	0.130
74718823158	2004	5	22	14	0	0.012
74718823158	2004	5	22	21	0	0.012
74718823158	2004	5	23	4	0	0.012
74718823158	2004	5	23	5	0	0.051
74718823158	2004	5	23	14	0	0.051
74718823158	2004	5	27	18	0	0.071
74718823158	2004	5	27	19	0	0.020
74718823158	2004	6	5	4	0	0.012
74718823158	2004	6	5	5	0	0.031
74718823158	2004	6	9	18	0	0.012
74718823158	2004	6	9	19	0	0.020
74718823158	2004	6	9	22	0	0.012
74718823158	2004	6	10	1	0	0.059
74718823158	2004	7	19	4	0	0.039
74718823158	2004	7	19	5	0	0.130
74718823158	2004	7	19	6	0	0.059
74718823158	2004	7	19	7	0	0.059
74718823158	2004	8	4	19	0	0.110
74718823158	2004	8	5	1	0	0.012
74718823158	2004	8	5	3	0	0.051
74718823158	2004	8	5	4	0	0.051
74718823158	2004	8	5	5	0	0.012
74718823158	2004	8	5	13	0	0.079
74718823158	2004	8	6	12	0	0.012
74718823158	2004	8	6	13	0	0.012
74718823158	2004	8	6	15	0	0.020
74718823158	2004	8	6	16	0	0.012
74718823158	2004	8	6	18	0	0.031
74718823158	2004	8	14	6	0	0.012
74718823158	2004	8	21	21	0	0.012
74718823158	2004	8	24	2	0	0.031
74718823158	2004	8	24	3	0	0.020
74718823158	2004	8	24	4	0	0.031
74718823158	2004	8	24	7	0	0.071
74718823158	2004	8	24	8	0	0.012
74718823158	2004	8	24	9	0	0.020
74718823158	2004	8	24	10	0	0.012
74718823158	2004	8	25	2	0	0.012
74718823158	2004	8	25	6	0	0.012
74718823158	2004	8	25	12	0	0.012
74718823158	2004	9	8	21	0	0.039
74718823158	2004	9	8	22	0	0.020
74718823158	2004	9	11	2	0	0.012
74718823158	2004	9	11	3	0	0.071
74718823158	2004	9	13	6	0	0.012
74718823158	2004	9	13	7	0	0.020
74718823158	2004	9	15	2	0	0.012
74718823158	2004	9	18	15	0	0.039
74718823158	2004	9	18	16	0	0.012
74718823158	2004	9	22	14	0	0.012
74718823158	2004	9	22	15	0	0.031
74718823158	2004	10	8	20	0	0.012
74718823158	2004	10	8	21	0	0.039
74718823158	2004	10	8	22	0	0.020
74718823158	2004	10	8	23	0	0.012
74718823158	2004	10	16	23	0	0.039
74718823158	2004	10	16	24	0	0.012
74718823158	2004	10	17	3	0	0.012
74718823158	2004	10	17	4	0	0.039
74718823158	2004	10	17	5	0	0.031
74718823158	2004	10	17	9	0	0.012
74718823158	2004	10	17	10	0	0.012
74718823158	2004	10	17	14	0	0.150
74718823158	2004	10	17	15	0	0.098
74718823158	2004	10	19	12	0	0.012
74718823158	2004	10	19	13	0	0.020
74718823158	2004	10	19	15	0	0.012
74718823158	2004	10	19	18	0	0.012
74718823158	2004	10	21	6	0	0.091
74718823158	2004	10	21	8	0	0.020
74718823158	2004	10	21	9	0	0.012
74718823158	2004	10	22	8	0	0.012
74718823158	2004	10	27	11	0	0.012
74718823158	2004	11	1	13	0	0.012
74718823158	2004	11	1	15	0	0.031
74718823158	2004	11	14	10	0	0.012
74718823158	2004	11	21	12	0	0.091
74718823158	2004	11	27	10	0	0.031
74718823158	2004	12	4	7	0	0.012
74718823158	2004	12	4	9	0	0.012
74718823158	2004	12	4	13	0	0.012
74718823158	2004	12	4	14	0	0.012
74718823158	2004	12	5	21	0	0.059
74718823158	2004	12	6	7	0	0.012
74718823158	2004	12	6	8	0	0.020
74718823158	2004	12	6	9	0	0.012
74718823158	2004	12	6	11	0	0.012
74718823158	2004	12	6	24	0	0.020
74718823158	2004	12	7	2	0	0.012
74718823158	2004	12	7	3	0	0.012
74718823158	2004	12	7	4	0	0.012
74718823158	2004	12	7	5	0	0.012
74718823158	2004	12	7	7	0	0.012
74718823158	2004	12	7	17	0	0.012
74718823158	2004	12	7	18	0	0.031
74718823158	2004	12	7	19	0	0.039
74718823158	2004	12	7	20	0	0.039
74718823158	2004	12	7	21	0	0.051
74718823158	2004	12	7	22	0	0.031
74718823158	2004	12	7	23	0	0.039
74718823158	2004	12	7	24	0	0.071
74718823158	2004	12	8	1	0	0.051
74718823158	2004	12	8	2	0	0.059
74718823158	2004	12	8	3	0	0.020
74718823158	2004	12	9	17	0	0.012
74718823158	2004	12	9	18	0	0.031
74718823158	2004	12	9	20	0	0.020
74718823158	2004	12	9	21	0	0.020
74718823158	2004	12	9	22	0	0.020
74718823158	2004	12	9	23	0	0.031
74718823158	2004	12	10	1	0	0.012
74718823158	2004	12	10	8	0	0.012
74718823158	2004	12	13	21	0	0.012
74718823158	2004	12	29	5	0	0.012
74718823158	2004	12	29	6	0	0.079
74718823158	2004	12	29	7	0	0.039
74718823158	2004	12	29	8	0	0.012
74718823158	2004	12	29	9	0	0.020
74718823158	2004	12	29	10	0	0.012
74718823158	2004	12	29	11	0	0.020
74718823158	2004	12	29	12	0	0.012
74718823158	2004	12	29	13	0	0.012
74718823158	2004	12	30	6	0	0.012
74718823158	2004	12	30	7	0	0.012
74718823158	2004	12	30	8	0	0.020
74718823158	2004	12	30	9	0	0.012
74718823158	2004	12	30	12	0	0.012
74718823158	2004	12	30	14	0	0.012
74718823158	2004	12	31	16	0	0.012
74718823158	2005	1	1	0	0	0.039
74718823158	2005	1	1	1	0	0.051
74718823158	2005	1	1	2	0	0.059
74718823158	2005	1	1	3	0	0.020
74718823158	2005	1	1	6	0	0.012
74718823158	2005	1	1	16	0	0.012
74718823158	2005	1	1	17	0	0.020
74718823158	2005	1	1	18	0	0.031
74718823158	2005	1	1	19	0	0.012
74718823158	2005	1	1	20	0	0.020
74718823158	2005	1	1	21	0	0.031
74718823158	2005	1	1	22	0	0.020
74718823158	2005	1	1	23	0	0.012
74718823158	2005	1	3	21	0	0.020
74718823158	2005	1	4	12	0	0.012
74718823158	2005	1	7	2	0	0.012
74718823158	2005	1	7	4	0	0.020
74718823158	2005	1	7	9	0	0.012
74718823158	2005	1	7	10	0	0.020
74718823158	2005	1	7	11	0	0.031
74718823158	2005	1	7	12	0	0.039
74718823158	2005	1	7	13	0	0.031
74718823158	2005	1	7	14	0	0.039
74718823158	2005	1	8	10	0	0.012
74718823158	2005	1	8	14	0	0.012
74718823158	2005	1	8	21	0	0.071
74718823158	2005	1	8	22	0	0.039
74718823158	2005	1	9	1	0	0.051
74718823158	2005	1	9	2	0	0.020
74718823158	2005	1	9	13	0	0.012
74718823158	2005	1	15	16	0	0.012
74718823158	2005	1	15	17	0	0.039
74718823158	2005	1	15	18	0	0.039
74718823158	2005	1	15	19	0	0.020
74718823158	2005	1	15	20	0	0.071
74718823158	2005	1	16	3	0	0.012
74718823158	2005	1	26	5	0	0.051
74718823158	2005	1	26	6	0	0.012
74718823158	2005	1	26	14	0	0.091
74718823158	2005	1	26	15	0	0.012
74718823158	2005	1	26	19	0	0.012
74718823158	2005	1	27	10	0	0.012
74718823158	2005	1	28	16	0	0.012
74718823158	2005	1	28	18	0	0.012
74718823158	2005	2	4	17	0	0.012
74718823158	2005	2	4	18	0	0.051
74718823158	2005	2	6	14	0	0.012
74718823158	2005	2	6	15	0	0.039
74718823158	2005	2	6	16	0	0.012
74718823158	2005	2	6	17	0	0.012
74718823158	2005	2	6	18	0	0.020
74718823158	2005	2	6	20	0	0.012
74718823158	2005	2	6	21	0	0.012
74718823158	2005	2	11	0	0	0.039
74718823158	2005	2	11	4	0	0.039
74718823158	2005	2	11	5	0	0.098
74718823158	2005	2	11	6	0	0.079
74718823158	2005	2	11	7	0	0.031
74718823158	2005	2	11	9	0	0.071
74718823158	2005	2	11	10	0	0.071
74718823158	2005	2	11	11	0	0.051
74718823158	2005	2	11	12	0	0.012
74718823158	2005	2	11	13	0	0.079
74718823158	2005	2	11	14	0	0.051
74718823158	2005	2	11	15	0	0.039
74718823158	2005	2	11	16	0	0.012
74718823158	2005	2	11	18	0	0.012
74718823158	2005	2	18	9	0	0.071
74718823158	2005	2	18	10	0	0.079
74718823158	2005	2	19	16	0	0.079
74718823158	2005	2	19	17	0	0.280
74718823158	2005	2	22	15	0	0.098
74718823158	2005	2	23	11	0	0.201
74718823158	2005	3	5	15	0	0.071
74718823158	2005	3	19	12	0	0.020
74718823158	2005	3	19	13	0	0.051
74718823158	2005	3	19	14	0	0.051
74718823158	2005	3	19	15	0	0.039
74718823158	2005	3	19	16	0	0.031
74718823158	2005	3	19	17	0	0.020
74718823158	2005	4	11	5	0	0.031
74718823158	2005	4	12	18	0	0.012
74718823158	2005	4	23	18	0	0.012
74718823158	2005	5	8	18	0	0.020
74718823158	2005	5	8	19	0	0.051
74718823158	2005	5	8	21	0	0.012
74718823158	2005	5	9	0	0	0.039
74718823158	2005	5	9	1	0	0.020
74718823158	2005	5	9	20	0	0.020
74718823158	2005	5	9	21	0	0.039
74718823158	2005	5	9	22	0	0.051
74718823158	2005	5	9	23	0	0.130
74718823158	2005	5	10	0	0	0.110
74718823158	2005	5	10	1	0	0.020
74718823158	2005	5	10	17	0	0.031
74718823158	2005	5	14	4	0	0.031
74718823158	2005	5	15	14	0	0.071
74718823158	2005	5	15	15	0	0.012
74718823158	2005	5	20	14	0	0.110
74718823158	2005	6	5	4	0	0.020
74718823158	2005	6	5	5	0	0.012
74718823158	2005	6	5	7	0	0.020
74718823158	2005	6	5	8	0	0.012
74718823158	2005	7	22	9	0	0.031
74718823158	2005	7	22	10	0	0.020
74718823158	2005	7	22	11	0	0.012
74718823158	2005	8	9	18	0	0.091
74718823158	2005	8	14	19	0	0.512
74718823158	2005	8	17	19	0	0.012
74718823158	2005	9	10	4	0	0.031
74718823158	2005	9	10	5	0	0.012
74718823158	2005	9	10	6	0	0.020
74718823158	2005	9	10	15	0	0.012
74718823158	2005	9	30	16	0	0.012
74718823158	2005	9	30	18	0	0.012
74718823158	2005	10	2	17	0	0.012
74718823158	2005	10	3	0	0	0.012
74718823158	2005	10	3	2	0	0.012
74718823158	2005	10	3	3	0	0.020
74718823158	2005	10	3	4	0	0.012
74718823158	2005	10	6	16	0	0.012
74718823158	2005	10	6	17	0	0.012
74718823158	2005	10	8	19	0	0.039
74718823158	2005	10	17	6	0	0.012
74718823158	2005	10	17	7	0	0.051
74718823158	2005	10	17	9	0	0.280
74718823158	2005	10	18	3	0	0.161
74718823158	2005	10	19	3	0	0.020
74718823158	2005	10	19	4	0	0.012
74718823158	2005	10	19	5	0	0.031
74718823158	2005	10	19	6	0	0.031
74718823158	2005	10	28	0	0	0.012
74718823158	2005	10	31	0	0	0.012
74718823158	2005	10	31	2	0	0.012
74718823158	2005	10	31	3	0	0.012
74718823158	2005	10	31	4	0	0.039
74718823158	2005	10	31	5	0	0.020
74718823158	2005	10	31	6	0	0.020
74718823158	2005	10	31	7	0	0.039
74718823158	2005	10	31	8	0	0.039
74718823158	2005	10	31	9	0	0.012
74718823158	2005	11	1	4	0	0.012
74718823158	2005	11	1	5	0	0.020
74718823158	2005	11	1	6	0	0.059
74718823158	2005	11	1	7	0	0.142
74718823158	2005	11	1	8	0	0.071
74718823158	2005	11	1	9	0	0.079
74718823158	2005	11	1	10	0	0.091
74718823158	2005	11	1	11	0	0.059
74718823158	2005	11	1	12	0	0.012
74718823158	2005	11	3	9	0	0.012
74718823158	2005	11	3	10	0	0.039
74718823158	2005	11	3	11	0	0.039
74718823158	2005	11	3	12	0	0.051
74718823158	2005	11	3	13	0	0.020
74718823158	2005	11	3	14	0	0.020
74718823158	2005	11	3	15	0	0.012
74718823158	2005	11	5	16	0	0.031
74718823158	2005	11	5	17	0	0.130
74718823158	2005	11	5	18	0	0.071
74718823158	2005	11	5	19	0	0.079
74718823158	2005	11	5	20	0	0.020
74718823158	2005	11	5	21	0	0.059
74718823158	2005	11	5	22	0	0.031
74718823158	2005	11	13	3	0	0.051
74718823158	2005	11	13	4	0	0.059
74718823158	2005	11	13	5	0	0.020
74718823158	2005	11	13	7	0	0.012
74718823158	2005	11	25	5	0	0.012
74718823158	2005	11	25	6	0	0.031
74718823158	2005	11	25	7	0	0.079
74718823158	2005	11	25	8	0	0.051
74718823158	2005	11	25	10	0	0.012
74718823158	2005	11	28	22	0	0.020
74718823158	2005	11	28	23	0	0.012
74718823158	2005	11	29	0	0	0.020
74718823158	2005	11	29	1	0	0.012
74718823158	2005	11	29	2	0	0.012
74718823158	2005	11	29	13	0	0.012
74718823158	2005	12	1	11	0	0.012
74718823158	2005	12	1	12	0	0.020
74718823158	2005	12	1	13	0	0.031
74718823158	2005	12	1	14	0	0.012
74718823158	2005	12	1	15	0	0.012
74718823158	2005	12	20	8	0	0.012
74718823158	2005	12	20	9	0	0.012
74718823158	2005	12	21	16	0	0.012
74718823158	2005	12	23	16	0	0.012
74718823158	2005	12	23	17	0	0.039
74718823158	2005	12	23	18	0	0.071
74718823158	2005	12	24	1	0	0.012
74718823158	2005	12	27	7	0	0.059
74718823158	2005	12	28	2	0	0.012
74718823158	2005	12	28	5	0	0.012
74718823158	2005	12	28	6	0	0.012
74718823158	2005	12	28	7	0	0.012
74718823158	2005	12	28	8	0	0.012
74718823158	2005	12	28	9	0	0.020
74718823158	2005	12	28	10	0	0.020
74718823158	2005	12	28	11	0	0.012
74718823158	2005	12	28	12	0	0.012
74718823158	2005	12	29	21	0	0.020
74718823158	2005	12	29	22	0	0.012
74718823158	2005	12	29	23	0	0.012
74718823158	2005	12	30	0	0	0.020
74718823158	2005	12	30	1	0	0.020
74718823158	2005	12	30	2	0	0.012
74718823158	2005	12	30	9	0	0.012
74718823158	2005	12	30	10	0	0.012
74718823158	2005	12	30	11	0	0.012
74718823158	2005	12	30	12	0	0.012
74718823158	2005	12	30	15	0	0.020
74718823158	2005	12	30	16	0	0.012
74718823158	2005	12	30	17	0	0.012
74718823158	2005	12	30	22	0	0.012
74718823158	2006	2	18	15	0	0.090
74718823158	2006	6	28	10	0	0.18
74718823158	2006	6	28	11	0	0.02
74718823158	2006	7	20	12	0	0.13
74718823158	2006	7	20	13	0	0.01
74718823158	2006	7	23	16	0	0.01
74718823158	2006	8	10	3	0	0.42
74718823158	2006	8	10	4	0	1.03
74718823158	2006	8	10	5	0	0.01
74718823158	2006	9	7	7	0	1.39
74718823158	2006	9	7	8	0	0.01
74718823158	2006	9	8	12	0	0.02
74718823158	2006	9	12	15	0	0.02
74718823158	2006	10	24	15	0	0.04
74718823158	2007	1	19	18	0	0.02
74718823158	2007	1	19	21	0	0.06
74718823158	2007	1	19	22	0	0.05
74718823158	2007	1	31	8	0	0.02
74718823158	2007	1	31	20	0	0.01
74718823158	2007	2	19	15	0	0.02
74718823158	2007	2	19	16	0	0.03
74718823158	2007	2	19	17	0	0.01
74718823158	2007	2	20	0	0	0.01
74718823158	2007	3	22	22	0	0.04
74718823158	2007	3	22	23	0	0.08
74718823158	2007	3	23	0	0	0.03
74718823158	2007	3	23	1	0	0.02
74718823158	2007	3	23	6	0	0.02
74718823158	2007	3	23	7	0	0.03
74718823158	2007	3	23	17	0	0.001
74718823158	2007	3	23	18	0	0.11
74718823158	2007	3	23	19	0	0.1
74718823158	2007	3	23	20	0	0.03
74718823158	2007	3	23	21	0	0.01
74718823158	2007	3	23	22	0	0.01
74718823158	2007	9	22	10	0	0.06
74718823158	2007	11	12	7	0	0.02
74718823158	2007	11	12	8	0	0.01
74718823158	2007	11	12	9	0	0.04
74718823158	2007	12	1	0	0	0.13
74718823158	2007	12	1	1	0	0.1
74718823158	2007	12	1	2	0	0.29
74718823158	2007	12	1	3	0	0.32
74718823158	2007	12	1	4	0	0.16
74718823158	2007	12	1	5	0	0.01
74718823158	2008	1	7	7	0	0.02
74718823158	2008	1	7	8	0	0.03
74718823158	2008	1	7	9	0	0.03
74718823158	2008	1	7	10	0	0.02
74718823158	2008	1	7	11	0	0.08
74718823158	2008	1	7	12	0	0.01
74718823158	2008	1	7	15	0	0.01
74718823158	2008	1	7	17	0	0.01
74718823158	2008	1	24	12	0	0.02
74718823158	2008	1	24	13	0	0.03
74718823158	2008	1	24	14	0	0.01
74718823158	2008	1	27	7	0	0.04
74718823158	2008	1	27	8	0	0.03
74718823158	2008	1	27	9	0	0.09
74718823158	2008	1	27	10	0	0.1
74718823158	2008	1	27	11	0	0.02
74718823158	2008	1	27	12	0	0.01
74718823158	2008	1	27	14	0	0.01
74718823158	2008	1	27	15	0	0.01
74718823158	2008	1	27	16	0	0.07
74718823158	2008	1	27	17	0	0.09
74718823158	2008	1	27	20	0	0.01
74718823158	2008	1	27	21	0	0.01
74718823158	2008	1	28	5	0	0.01
74718823158	2008	2	22	13	0	0.01
74718823158	2008	2	22	15	0	0.01
74718823158	2008	5	23	22	0	0.01
74718823158	2008	5	23	23	0	0.01
74718823158	2008	5	24	0	0	0.05
74718823158	2008	5	24	1	0	0.1
74718823158	2008	5	24	2	0	0.01
74718823158	2008	7	20	10	0	0.22
74718823158	2008	7	20	11	0	0.05
74718823158	2008	8	9	1	0	0.01
74718823158	2008	8	14	13	0	0.01
74718823158	2008	8	14	15	0	0.02
74718823158	2008	8	30	10	0	0.11
74718823158	2008	9	11	23	0	0.05
74718823158	2008	9	12	0	0	0.01
74718823158	2008	11	26	12	0	0.01
74718823158	2008	11	26	13	0	0.02
74718823158	2008	11	26	14	0	0.04
74718823158	2008	11	26	15	0	0.07
74718823158	2008	11	26	16	0	0.01
74718823158	2008	11	26	17	0	0.04
74718823158	2008	11	26	18	0	0.04
74718823158	2008	11	27	13	0	0.01
74718823158	2008	11	28	13	0	0.01
74718823158	2008	12	17	13	0	0.05
74718823158	2008	12	17	14	0	0.1
74718823158	2008	12	17	15	0	0.06
74718823158	2008	12	17	16	0	0.04
74718823158	2008	12	17	17	0	0.05
74718823158	2008	12	17	18	0	0.1
74718823158	2008	12	17	19	0	0.05
74718823158	2008	12	17	20	0	0.03
74718823158	2008	12	17	21	0	0.03
74718823158	2008	12	17	22	0	0.01
74718823158	2008	12	17	23	0	0.04
74718823158	2008	12	18	0	0	0.04
74718823158	2008	12	18	1	0	0.05
74718823158	2009	1	24	2	0	0.02
74718823158	2009	2	7	16	0	0.03
74718823158	2009	2	7	17	0	0.12
74718823158	2009	2	7	18	0	0.02
74718823158	2009	2	7	19	0	0.03
74718823158	2009	2	7	20	0	0.01
74718823158	2009	2	7	21	0	0.05
74718823158	2009	2	7	22	0	0.02
74718823158	2009	2	7	23	0	0.05
74718823158	2009	2	8	2	0	0.01
74718823158	2009	2	8	3	0	0.02
74718823158	2009	2	8	8	0	0.01
74718823158	2009	2	9	19	0	0.01
74718823158	2009	2	17	2	0	0.04
74718823158	2009	2	17	3	0	0.01
74718823158	2009	5	18	18	0	0.02
74718823158	2009	5	18	20	0	0.01
74718823158	2009	6	16	13	0	0.01
74718823158	2009	7	2	22	0	0.07
74718823158	2009	8	22	12	0	0.02
74718823158	2009	9	5	12	0	0.03
74718823158	2009	12	7	16	0	0.02
74718823158	2009	12	7	17	0	0.05
74718823158	2009	12	7	21	0	0.01
74718823158	2009	12	7	22	0	0.02
74718823158	2009	12	7	23	0	0.02
74718823158	2009	12	8	0	0	0.05
74718823158	2009	12	8	1	0	0.1
74718823158	2009	12	8	2	0	0.54
74718823158	2009	12	8	3	0	0.03
74718823158	2009	12	12	21	0	0.01
74718823158	2010	1	18	7	0	0.02
74718823158	2010	1	18	11	0	0.01
74718823158	2010	1	18	12	0	0.02
74718823158	2010	1	18	14	0	0.02
74718823158	2010	1	19	2	0	0.003
74718823158	2010	1	19	3	0	0.02
74718823158	2010	1	19	4	0	0.06
74718823158	2010	1	19	5	0	0.01
74718823158	2010	1	19	14	0	0.01
74718823158	2010	1	19	22	0	0.06
74718823158	2010	1	19	23	0	0.11
74718823158	2010	1	20	0	0	0.09
74718823158	2010	1	20	1	0	0.06
74718823158	2010	1	21	4	0	0.02
74718823158	2010	1	21	5	0	0.07
74718823158	2010	1	21	6	0	0.03
74718823158	2010	1	21	7	0	0.04
74718823158	2010	1	21	8	0	0.02
74718823158	2010	1	21	9	0	0.08
74718823158	2010	1	21	10	0	0.1
74718823158	2010	1	21	11	0	0.06
74718823158	2010	1	21	12	0	0.1
74718823158	2010	1	21	13	0	0.12
74718823158	2010	1	21	14	0	0.02
74718823158	2010	1	21	15	0	0.06
74718823158	2010	1	21	16	0	0.07
74718823158	2010	1	21	17	0	0.05
74718823158	2010	1	21	18	0	0.18
74718823158	2010	1	21	19	0	0.27
74718823158	2010	1	21	20	0	0.09
74718823158	2010	1	21	21	0	0.05
74718823158	2010	1	21	22	0	0.04
74718823158	2010	1	21	23	0	0.15
74718823158	2010	2	6	17	0	0.01
74718823158	2010	2	6	18	0	0.02
74718823158	2010	2	6	19	0	0.05
74718823158	2010	2	6	22	0	0.06
74718823158	2010	2	6	23	0	0.08
74718823158	2010	2	7	1	0	0.01
74718823158	2010	2	10	8	0	0.01
74718823158	2010	2	10	9	0	0.1
74718823158	2010	2	10	10	0	0.2
74718823158	2010	2	10	11	0	0.06
74718823158	2010	2	10	12	0	0.04
74718823158	2010	2	10	13	0	0.05
74718823158	2010	2	10	14	0	0.01
74718823158	2010	2	10	16	0	0.01
74718823158	2010	2	20	13	0	0.03
74718823158	2010	2	20	14	0	0.05
74718823158	2010	2	20	16	0	0.01
74718823158	2010	2	22	15	0	0.01
74718823158	2010	2	28	2	0	0.05
74718823158	2010	2	28	3	0	0.02
74718823158	2010	2	28	4	0	0.01
74718823158	2010	2	28	6	0	0.01
74718823158	2010	3	7	13	0	0.03
74718823158	2010	3	7	14	0	0.16
74718823158	2010	3	7	15	0	0.2
74718823158	2010	3	7	16	0	0.17
74718823158	2010	3	7	17	0	0.05
74718823158	2010	3	8	1	0	0.01
74718823158	2010	3	8	2	0	0.01
74718823158	2010	3	8	6	0	0.02
74718823158	2010	3	8	7	0	0.02
74718823158	2010	4	22	21	0	0.01
74718823158	2010	8	25	12	0	0.02
74718823158	2010	8	25	13	0	0.01
74718823158	2010	10	1	11	0	0.03
74718823158	2010	10	19	23	0	0.01
74718823158	2010	10	20	11	0	0.01
74718823158	2010	10	20	21	0	0.15
74718823158	2010	10	20	22	0	0.06
74718823158	2010	12	16	13	0	0.01
74718823158	2010	12	16	14	0	0.01
74718823158	2010	12	16	15	0	0.01
74718823158	2010	12	16	16	0	0.01
74718823158	2010	12	16	17	0	0.02
74718823158	2010	12	21	20	0	0.01
74718823158	2010	12	21	22	0	0.03
74718823158	2010	12	21	23	0	0.02
74718823158	2010	12	22	0	0	0.02
74718823158	2010	12	22	17	0	0.01
74718823158	2010	12	22	18	0	0.021
74718823158	2010	12	22	19	0	0.04
74718823158	2010	12	22	20	0	0.01
74718823158	2010	12	22	21	0	0.01
74718823158	2010	12	22	22	0	0.11
74718823158	2010	12	22	23	0	0.08
74718823158	2010	12	23	0	0	0.02
74718823158	2010	12	23	2	0	0.004
74718823158	2010	12	23	3	0	0.095
74718823158	2010	12	29	18	0	0.02
74718823158	2010	12	30	8	0	0.02
74718823158	2011	2	19	4	0	0.01
74718823158	2011	2	19	5	0	0.01
74718823158	2011	2	19	6	0	0.08
74718823158	2011	2	19	7	0	0.03
74718823158	2011	2	19	8	0	0.08
74718823158	2011	2	19	9	0	0.05
74718823158	2011	2	19	10	0	0.09
74718823158	2011	2	19	11	0	0.07
74718823158	2011	2	19	12	0	0.14
74718823158	2011	2	19	13	0	0.1
74718823158	2011	2	19	14	0	0.15
74718823158	2011	2	19	15	0	0.08
74718823158	2011	2	19	16	0	0.07
74718823158	2011	2	26	23	0	0.01
74718823158	2011	2	27	1	0	0.11
74718823158	2011	2	27	2	0	0.09
74718823158	2011	3	21	9	0	0.01
74718823158	2011	3	21	11	0	0.01
74718823158	2011	3	21	12	0	0.03
74718823158	2011	3	21	13	0	0.01
74718823158	2011	7	4	9	0	0.01
74718823158	2011	7	6	6	0	0.34
74718823158	2011	7	6	7	0	0.96
74718823158	2011	7	6	8	0	0.09
74718823158	2011	7	6	9	0	0.15
74718823158	2011	7	6	10	0	0.07
74718823158	2011	7	6	11	0	0.02
74718823158	2011	9	13	0	0	0.01
74718823158	2011	9	13	1	0	0.02
74718823158	2011	9	13	15	0	0.01
74718823158	2011	9	13	17	0	0.01
74718823158	2011	9	13	23	0	0.03
74718823158	2011	10	1	12	0	0.12
74718823158	2011	11	5	2	0	0.002
74718823158	2011	11	5	3	0	0.09
74718823158	2011	11	5	4	0	0.02
74718823158	2011	11	5	5	0	0.03
74718823158	2011	11	5	6	0	0.01
74718823158	2011	11	7	0	0	0.01
74718823158	2011	11	7	3	0	0.03
74718823158	2011	11	7	4	0	0.01
74718823158	2011	11	13	6	0	0.01
74718823158	2011	11	13	12	0	0.01
74718823158	2011	12	12	13	0	0.07
74718823158	2011	12	12	14	0	0.02
74718823158	2011	12	12	22	0	0.01
74718823158	2011	12	13	8	0	0.01
74718823158	2011	12	13	22	0	0.02
74718823158	2011	12	13	23	0	0.05
74718823158	2011	12	14	0	0	0.12
74718823158	2011	12	14	1	0	0.08
74718823158	2011	12	14	2	0	0.03
74718823158	2011	12	14	3	0	0.01
74718823158	2011	12	18	12	0	0.08
74718823158	2011	12	18	13	0	0.07
74718823158	2011	12	18	14	0	0.02
74718823158	2011	12	19	5	0	0.01
74718823158	2012	2	16	7	0	0.01
74718823158	2012	3	18	0	0	0.03
74718823158	2012	3	18	1	0	0.06
74718823158	2012	3	18	2	0	0.03
74718823158	2012	3	18	3	0	0.07
74718823158	2012	4	14	2	0	0.005
74718823158	2012	4	26	12	0	0.02
74718823158	2012	4	26	13	0	0.09
74718823158	2012	4	26	14	0	0.01
74718823158	2012	7	12	12	0	0.01
74718823158	2012	7	12	13	0	0.02
74718823158	2012	7	14	1	0	0.67
74718823158	2012	7	14	2	0	0.05
74718823158	2012	7	14	3	0	0.03
74718823158	2012	7	14	22	0	0.36
74718823158	2012	7	14	23	0	0.3
74718823158	2012	7	16	2	0	0.03
74718823158	2012	7	23	10	0	0.03
74718823158	2012	7	31	17	0	0.03
74718823158	2012	7	31	18	0	0.35
74718823158	2012	8	11	0	0	0.01
74718823158	2012	8	11	13	0	0.01
74718823158	2012	8	11	14	0	0.01
74718823158	2012	8	16	19	0	0.01
74718823158	2012	8	16	20	0	0.03
74718823158	2012	8	16	21	0	0.01
74718823158	2012	8	17	6	0	0.35
74718823158	2012	8	17	7	0	0.03
74718823158	2012	8	22	6	0	0.03
74718823158	2012	8	22	23	0	0.23
74718823158	2012	8	23	0	0	0.01
74718823158	2012	8	23	1	0	0.31
74718823158	2012	8	30	18	0	0.01
74718823158	2012	9	11	21	0	0.07
74718823158	2012	10	11	11	0	0.04
74718823158	2012	10	11	12	0	0.11
74718823158	2012	10	12	7	0	0.1
74718823158	2012	10	12	8	0	0.02
74718823158	2012	12	14	2	0	0.011
74718823158	2012	12	14	3	0	0.27
74718823158	2012	12	14	4	0	0.14
74718823158	2012	12	14	5	0	0.04
74718823158	2012	12	14	6	0	0.03
74718823158	2012	12	14	8	0	0.01
74718823158	2012	12	14	11	0	0.01
74718823158	2012	12	15	5	0	0.01
74718823158	2012	12	15	6	0	0.01
74718823158	2012	12	15	15	0	0.02
74718823158	2012	12	15	16	0	0.03
74718823158	2012	12	15	17	0	0.02
74718823158	2012	12	16	6	0	0.01
74718823158	2013	1	26	0	0	0.01
74718823158	2013	1	26	1	0	0.05
74718823158	2013	1	26	2	0	0.02
74718823158	2013	1	26	3	0	0.04
74718823158	2013	1	26	4	0	0.04
74718823158	2013	1	26	5	0	0.01
74718823158	2013	1	26	6	0	0.03
74718823158	2013	1	26	7	0	0.13
74718823158	2013	1	26	8	0	0.05
74718823158	2013	1	26	9	0	0.06
74718823158	2013	1	26	10	0	0.11
74718823158	2013	1	26	11	0	0.08
74718823158	2013	1	26	12	0	0.02
74718823158	2013	1	26	14	0	0.01
74718823158	2013	1	26	15	0	0.05
74718823158	2013	1	26	16	0	0.01
74718823158	2013	1	26	17	0	0.02
74718823158	2013	1	26	18	0	0.02
74718823158	2013	1	26	19	0	0.01
74718823158	2013	2	20	12	0	0.01
74718823158	2013	3	8	16	0	0.02
74718823158	2013	3	8	17	0	0.01
74718823158	2013	7	11	12	0	0.02
74718823158	2013	7	11	13	0	0.04
74718823158	2013	7	11	14	0	0.13
74718823158	2013	7	11	15	0	0.02
74718823158	2013	7	20	12	0	0.06
74718823158	2013	7	20	13	0	0.02
74718823158	2013	7	20	14	0	0.01
74718823158	2013	7	21	18	0	0.09
74718823158	2013	7	21	19	0	0.14
74718823158	2013	7	21	20	0	0.01
74718823158	2013	8	23	2	0	0.01
74718823158	2013	8	23	3	0	0.01
74718823158	2013	8	25	0	0	0.23
74718823158	2013	8	25	1	0	0.06
74718823158	2013	8	25	2	0	0.01
74718823158	2013	8	25	20	0	0.01
74718823158	2013	8	25	21	0	0.01
74718823158	2013	8	26	8	0	0.01
74718823158	2013	8	26	9	0	0.03
74718823158	2013	8	26	10	0	0.04
74718823158	2013	8	26	11	0	0.03
74718823158	2013	8	26	12	0	0.15
74718823158	2013	8	26	13	0	0.01
74718823158	2013	8	30	1	0	0.01
74718823158	2013	8	30	2	0	0.04
74718823158	2013	9	3	2	0	0.01
74718823158	2013	9	4	18	0	0.11
74718823158	2013	9	4	19	0	0.01
74718823158	2013	9	7	4	0	0.01
74718823158	2013	9	8	21	0	0.05
74718823158	2013	9	8	22	0	0.2
74718823158	2013	9	9	23	0	0.15
74718823158	2013	9	10	0	0	0.02
74718823158	2013	9	10	7	0	0.01
74718823158	2013	10	10	7	0	0.01
74718823158	2013	10	10	9	0	0.01
74718823158	2013	11	22	3	0	0.06
74718823158	2013	11	22	4	0	0.05
74718823158	2013	11	22	5	0	0.02
74718823158	2013	11	22	6	0	0.01
74718823158	2013	11	22	8	0	0.01
74718823158	2013	11	22	9	0	0.02
74718823158	2013	11	22	10	0	0.01
74718823158	2013	11	22	13	0	0.04
74718823158	2013	11	22	16	0	0.07
74718823158	2013	11	22	17	0	0.03
74718823158	2013	11	22	18	0	0.03
74718823158	2013	11	22	20	0	0.01
74718823158	2013	11	22	21	0	0.02
74718823158	2013	11	22	22	0	0.03
74718823158	2013	11	22	23	0	0.05
74718823158	2013	11	23	0	0	0.04
74718823158	2013	11	23	1	0	0.05
74718823158	2013	11	23	2	0	0.03
74718823158	2013	11	23	3	0	0.01
74718823158	2013	11	23	4	0	0.04
74718823158	2013	11	23	6	0	0.01
74718823158	2013	11	23	7	0	0.02
74718823158	2013	11	23	12	0	0.01
74718823158	2013	11	23	17	0	0.01
74718823158	2013	11	23	18	0	0.01
74718823158	2013	12	20	8	0	0.01
74718823158	2014	3	1	1	0	0.01
74718823158	2014	3	1	2	0	0.02
74718823158	2014	3	1	3	0	0.01
74718823158	2014	3	1	4	0	0.03
74718823158	2014	3	1	22	0	0.03
74718823158	2014	3	1	23	0	0.01
74718823158	2014	5	24	0	0	0.01
74718823158	2014	7	27	14	0	0.13
74718823158	2014	8	12	9	0	0.02
74718823158	2014	8	13	9	0	0.06
74718823158	2014	8	18	11	0	0.01
74718823158	2014	8	18	12	0	0.02
74718823158	2014	8	21	2	0	0.15
74718823158	2014	8	21	23	0	0.06
74718823158	2014	8	22	0	0	0.16
74718823158	2014	8	22	1	0	0.1
74718823158	2014	9	9	0	0	0.01
74718823158	2014	9	9	19	0	0.03
74718823158	2014	9	17	2	0	0.02
74718823158	2014	9	26	22	0	0.01
74718823158	2014	9	26	23	0	0.04
74718823158	2014	10	8	20	0	0.01
74718823158	2014	10	8	22	0	0.01
74718823158	2014	12	3	11	0	0.03
74718823158	2014	12	3	12	0	0.03
74718823158	2014	12	3	13	0	0.02
74718823158	2014	12	12	23	0	0.01
74718823158	2014	12	13	0	0	0.02
74718823158	2014	12	17	1	0	0.01
74718823158	2014	12	17	2	0	0.08
74718823158	2014	12	17	3	0	0.11
74718823158	2014	12	17	4	0	0.07
74718823158	2014	12	17	5	0	0.01
74718823158	2014	12	17	16	0	0.02
74718823158	2014	12	17	17	0	0.03
74718823158	2014	12	17	18	0	0.01
74718823158	2014	12	17	22	0	0.33
74718823158	2015	1	12	4	0	0.02
74718823158	2015	1	12	5	0	0.02
74718823158	2015	1	12	6	0	0.01
74718823158	2015	1	26	18	0	0.1
74718823158	2015	1	26	23	0	0.02
74718823158	2015	1	27	0	0	0.03
74718823158	2015	1	27	1	0	0.02
74718823158	2015	1	27	2	0	0.01
74718823158	2015	1	27	3	0	0.01
74718823158	2015	1	27	11	0	0.01
74718823158	2015	1	30	10	0	0.06
74718823158	2015	1	30	11	0	0.07
74718823158	2015	1	30	12	0	0.11
74718823158	2015	1	30	13	0	0.03
74718823158	2015	1	30	14	0	0.04
74718823158	2015	1	30	15	0	0.01
74718823158	2015	2	23	9	0	0.01
74718823158	2015	2	23	10	0	0.01
74718823158	2015	2	23	11	0	0.02
74718823158	2015	3	1	16	0	0.01
74718823158	2015	3	1	17	0	0.05
74718823158	2015	3	1	18	0	0.02
74718823158	2015	3	1	19	0	0.02
74718823158	2015	3	1	22	0	0.01
74718823158	2015	3	1	23	0	0.03
74718823158	2015	3	2	0	0	0.03
74718823158	2015	3	2	1	0	0.01
74718823158	2015	3	2	2	0	0.11
74718823158	2015	3	2	3	0	0.12
74718823158	2015	3	2	4	0	0.13
74718823158	2015	3	2	5	0	0.1
74718823158	2015	3	2	6	0	0.02
74718823158	2015	3	2	7	0	0.08
74718823158	2015	3	2	8	0	0.05
74718823158	2015	3	2	9	0	0.03
74718823158	2015	3	2	10	0	0.1
74718823158	2015	3	2	11	0	0.03
74718823158	2015	3	2	12	0	0.02
74718823158	2015	3	2	13	0	0.01
74718823158	2015	3	2	22	0	0.01
74718823158	2015	3	19	15	0	0.01
74718823158	2015	3	19	16	0	0.01
74718823158	2015	5	5	4	0	0.01
74718823158	2015	5	5	5	0	0.06
74718823158	2015	5	15	12	0	0.02
74718823158	2015	5	15	14	0	0.01
74718823158	2015	5	15	15	0	0.01
74718823158	2015	5	15	16	0	0.02
74718823158	2015	5	15	18	0	0.01
74718823158	2015	5	15	19	0	0.02
74718823158	2015	5	15	20	0	0.03
74718823158	2015	5	15	22	0	0.03
74718823158	2015	5	15	23	0	0.08
74718823158	2015	5	16	0	0	0.05
74718823158	2015	6	9	18	0	0.02
74718823158	2015	6	9	20	0	0.01
74718823158	2015	6	9	21	0	0.01
74718823158	2015	7	1	15	0	0.14
74718823158	2015	7	1	16	0	0.02
74718823158	2015	7	18	23	0	0.01
74718823158	2015	7	19	0	0	0.01
74718823158	2015	7	20	2	0	0.04
74718823158	2015	7	20	3	0	0.01
74718823158	2015	7	31	1	0	0.001
74718823158	2015	9	22	12	0	0.03
74718823158	2015	9	22	13	0	0.01
74718823158	2015	10	6	11	0	0.03
74718823158	2015	10	17	3	0	0.02
74718823158	2015	10	17	6	0	0.21
74718823158	2015	10	17	7	0	0.01
74718823158	2015	10	18	22	0	0.24
74718823158	2015	10	21	3	0	0.02
74718823158	2015	10	21	4	0	0.31
74718823158	2015	11	15	16	0	0.05
74718823158	2016	1	4	16	0	0.02
74718823158	2016	1	4	17	0	0.04
74718823158	2016	1	4	18	0	0.04
74718823158	2016	1	4	19	0	0.02
74718823158	2016	1	4	21	0	0.01
74718823158	2016	1	5	17	0	0.01
74718823158	2016	1	5	23	0	0.01
74718823158	2016	1	6	0	0	0.09
74718823158	2016	1	6	1	0	0.1
74718823158	2016	1	6	2	0	0.03
74718823158	2016	1	6	5	0	0.09
74718823158	2016	1	6	6	0	0.01
74718823158	2016	1	7	2	0	0.001
74718823158	2016	1	7	14	0	0.02
74718823158	2016	1	8	1	0	0.02
74718823158	2016	2	1	1	0	0.01
74718823158	2016	4	8	6	0	0.01
74718823158	2016	4	8	18	0	0.02
74718823158	2016	4	8	20	0	0.01
74718823158	2016	4	10	12	0	0.01
74718823158	2016	4	10	13	0	0.03
74718823158	2016	4	10	15	0	0.02
74718823158	2016	4	30	22	0	0.04
74718823158	2016	6	30	23	0	0.03
74718823158	2016	7	30	12	0	0.11
74718823158	2016	7	30	13	0	0.12
74718823158	2016	7	30	14	0	0.01
74718823158	2016	8	21	14	0	0.14
74718823158	2016	9	20	10	0	0.01
74718823158	2016	9	20	12	0	0.01
74718823158	2016	9	20	13	0	0.01
74718823158	2016	9	20	14	0	0.01
74718823158	2016	9	20	15	0	0.01
74718823158	2016	9	20	18	0	0.07
74718823158	2016	9	20	19	0	0.01
74718823158	2016	10	25	0	0	0.02
74718823158	2016	10	25	4	0	0.01
74718823158	2016	10	25	5	0	0.11
74718823158	2016	11	21	13	0	0.01
74718823158	2016	11	27	23	0	0.04
74718823158	2016	11	28	0	0	0.01
74718823158	2016	12	21	21	0	0.03
74718823158	2016	12	22	1	0	0.04
74718823158	2016	12	22	3	0	0.07
74718823158	2016	12	22	4	0	0.12
74718823158	2016	12	22	5	0	0.16
74718823158	2016	12	22	6	0	0.14
74718823158	2016	12	22	7	0	0.19
74718823158	2016	12	22	8	0	0.16
74718823158	2016	12	22	9	0	0.13
74718823158	2016	12	22	10	0	0.1
74718823158	2016	12	22	11	0	0.03
74718823158	2016	12	22	12	0	0.04
74718823158	2016	12	22	13	0	0.06
74718823158	2016	12	22	14	0	0.09
74718823158	2016	12	22	15	0	0.04
74718823158	2016	12	23	0	0	0.01
74718823158	2016	12	24	13	0	0.05
74718823158	2016	12	24	14	0	0.16
74718823158	2016	12	24	15	0	0.06
74718823158	2016	12	24	16	0	0.04
74718823158	2016	12	30	23	0	0.02
74718823158	2016	12	31	0	0	0.02
74718823158	2017	1	1	5	0	0.003
74718823158	2017	1	1	6	0	0.07
74718823158	2017	1	1	8	0	0.32
74718823158	2017	1	1	9	0	0.19
74718823158	2017	1	1	10	0	0.03
74718823158	2017	1	20	23	0	0.03
74718823158	2017	1	21	0	0	0.05
74718823158	2017	1	21	1	0	0.04
74718823158	2017	1	21	3	0	0.04
74718823158	2017	1	21	4	0	0.02
74718823158	2017	2	11	18	0	0.01
74718823158	2017	2	18	9	0	0.04
74718823158	2017	2	18	10	0	0.11
74718823158	2017	2	18	11	0	0.04
74718823158	2017	2	18	12	0	0.22
74718823158	2017	2	18	13	0	0.03
74718823158	2017	2	18	14	0	0.03
74718823158	2017	2	18	15	0	0.03
74718823158	2017	2	18	17	0	0.02
74718823158	2017	2	18	19	0	0.02
74718823158	2017	2	18	20	0	0.03
74718823158	2017	2	18	22	0	0.02
74718823158	2017	2	18	23	0	0.04
74718823158	2017	2	19	0	0	0.04
74718823158	2017	2	19	1	0	0.04
74718823158	2017	2	19	2	0	0.01
74718823158	2017	2	19	3	0	0.04
74718823158	2017	2	19	4	0	0.01
74718823158	2017	2	19	6	0	0.02
74718823158	2017	2	19	7	0	0.01
74718823158	2017	2	27	20	0	0.03
74718823158	2017	2	27	21	0	0.06
74718823158	2017	2	27	22	0	0.03
74718823158	2017	2	27	23	0	0.04
74718823158	2017	2	28	0	0	0.02
74718823158	2017	2	28	1	0	0.03
74718823158	2017	2	28	2	0	0.05
74718823158	2017	2	28	3	0	0.02
74718823158	2017	2	28	4	0	0.02
74718823158	2017	2	28	6	0	0.01
74718823158	2017	2	28	7	0	0.02
74718823158	2017	2	28	8	0	0.03
74718823158	2017	2	28	9	0	0.07
74718823158	2017	2	28	10	0	0.03
74718823158	2017	5	9	3	0	0.01
74718823158	2017	5	9	8	0	0.03
74718823158	2017	5	9	9	0	0.01
74718823158	2017	5	9	10	0	0.01
74718823158	2017	5	9	11	0	0.07
74718823158	2017	5	9	12	0	0.07
74718823158	2017	5	9	13	0	0.06
74718823158	2017	5	9	14	0	0.07
74718823158	2017	5	9	15	0	0.04
74718823158	2017	5	9	16	0	0.07
74718823158	2017	5	9	17	0	0.02
74718823158	2017	5	10	4	0	0.01
74718823158	2017	5	10	7	0	0.04
74718823158	2017	5	10	8	0	0.03
74718823158	2017	5	10	9	0	0.01
74718823158	2017	7	19	14	0	0.005
74718823158	2017	7	19	15	0	0.01
74718823158	2017	8	1	19	0	0.04
74718823158	2017	8	3	13	0	0.35
74718823158	2017	8	3	14	0	0.02
74718823158	2017	9	9	0	0	0.01
74718823158	2017	9	9	2	0	0.01
74718823158	2017	9	9	15	0	0.02
74718823158	2017	9	9	16	0	0.03
74718823158	2017	9	9	18	0	0.11
74718823158	2017	9	9	19	0	0.09
74718823158	2018	1	9	21	0	0.04
74718823158	2018	1	9	22	0	0.08
74718823158	2018	1	9	23	0	0.01
74718823158	2018	3	10	20	0	0.02
74718823158	2018	3	11	11	0	0.01
74718823158	2018	7	7	3	0	0.01
74718823158	2018	7	9	9	0	0.02
74718823158	2018	7	9	10	0	0.01
74718823158	2018	7	18	9	0	0.01
74718823158	2018	7	18	10	0	0.04
74718823158	2018	7	31	6	0	0.01
74718823158	2018	8	10	6	0	0.68
74718823158	2018	8	10	7	0	0.02
74718823158	2018	8	10	8	0	0.043
74718823158	2018	9	30	21	0	0.02
74718823158	2018	10	4	4	0	0.06
74718823158	2018	10	13	10	0	0.07
74718823158	2018	10	13	11	0	0.52
74718823158	2018	10	13	12	0	0.11
74718823158	2018	10	13	13	0	0.09
74718823158	2018	12	7	0	0	0.03
74718823158	2018	12	7	1	0	0.02
74718823158	2018	12	7	2	0	0.06
74718823158	2018	12	7	3	0	0.05
74718823158	2018	12	7	4	0	0.03
74718823158	2018	12	7	5	0	0.01
74718823158	2018	12	7	6	0	0.02
74718823158	2018	12	7	7	0	0.01
74718823158	2018	12	7	8	0	0.05
74718823158	2018	12	7	9	0	0.01
74718823158	2018	12	7	10	0	0.08
74718823158	2018	12	7	11	0	0.03
74718823158	2018	12	7	12	0	0.05
74718823158	2018	12	7	13	0	0.02
74718823158	2018	12	7	14	0	0.01
74718823158	2018	12	7	15	0	0.01
74718823158	2019	1	6	0	0	0.01
74718823158	2019	1	6	1	0	0.02
74718823158	2019	1	6	2	0	0.03
74718823158	2019	1	6	3	0	0.03
74718823158	2019	1	6	4	0	0.01
74718823158	2019	1	6	5	0	0.04
74718823158	2019	1	6	6	0	0.03
74718823158	2019	1	6	8	0	0.01
74718823158	2019	1	6	13	0	0.01
74718823158	2019	1	15	0	0	0.01
74718823158	2019	1	15	1	0	0.03
74718823158	2019	1	15	2	0	0.01
74718823158	2019	1	15	3	0	0.03
74718823158	2019	1	15	4	0	0.01
74718823158	2019	1	15	5	0	0.09
74718823158	2019	1	15	8	0	0.01
74718823158	2019	1	15	11	0	0.04
74718823158	2019	1	15	12	0	0.04
74718823158	2019	1	15	14	0	0.02
74718823158	2019	1	15	15	0	0.01
74718823158	2019	1	15	16	0	0.07
74718823158	2019	1	15	17	0	0.02
74718823158	2019	1	15	19	0	0.01
74718823158	2019	1	15	20	0	0.06
74718823158	2019	1	15	21	0	0.01
74718823158	2019	2	3	0	0	0.02
74718823158	2019	2	3	3	0	0.03
74718823158	2019	2	3	4	0	0.04
74718823158	2019	2	3	5	0	0.01
74718823158	2019	2	3	6	0	0.02
74718823158	2019	2	14	12	0	0.01
74718823158	2019	2	14	13	0	0.01
74718823158	2019	2	14	21	0	0.03
74718823158	2019	2	14	22	0	0.01
74718823158	2019	2	14	23	0	0.01
74718823158	2019	2	15	0	0	0.02
74718823158	2019	2	21	8	0	0.03
74718823158	2019	2	22	0	0	0.01
74718823158	2019	2	22	4	0	0.02
74718823158	2019	2	22	11	0	0.01
74718823158	2019	2	22	12	0	0.03
74718823158	2019	2	22	13	0	0.01
74718823158	2019	3	6	5	0	0.01
74718823158	2019	3	6	6	0	0.02
74718823158	2019	3	6	10	0	0.01
74718823158	2019	3	12	1	0	0.01
74718823158	2019	3	12	18	0	0.12
74718823158	2019	3	12	19	0	0.02
74718823158	2019	4	16	15	0	0.01
74718823158	2019	4	17	4	0	0.06
74718823158	2019	4	17	5	0	0.03
74718823158	2019	9	26	2	0	0.009
74718823158	2019	9	26	3	0	0.02
74718823158	2019	11	20	3	0	0.15
74718823158	2019	11	20	4	0	0.01
74718823158	2019	11	20	7	0	0.04
74718823158	2019	11	20	8	0	0.32
74718823158	2019	11	20	9	0	0.3
74718823158	2019	11	20	13	0	0.01
74718823158	2019	11	20	20	0	0.01
74718823158	2019	11	20	21	0	0.01
74718823158	2019	11	21	8	0	0.01
74718823158	2019	11	21	9	0	0.02
74718823158	2019	11	21	10	0	0.05
74718823158	2019	11	21	12	0	0.06
74718823158	2019	11	21	13	0	0.02
74718823158	2019	11	28	15	0	0.01
74718823158	2019	11	29	1	0	0.46
74718823158	2019	11	29	2	0	0.09
74718823158	2019	11	29	3	0	0.02
74718823158	2019	11	29	4	0	0.03
74718823158	2019	11	29	5	0	0.04
74718823158	2019	11	29	6	0	0.04
74718823158	2019	11	29	7	0	0.01
74718823158	2019	11	29	8	0	0.02
74718823158	2019	12	4	21	0	0.04
74718823158	2019	12	4	23	0	0.01
74718823158	2019	12	7	20	0	0.02
74718823158	2019	12	7	21	0	0.03
74718823158	2019	12	7	23	0	0.01
74718823158	2019	12	8	0	0	0.01
74718823158	2019	12	8	2	0	0.01
74718823158	2019	12	23	23	0	0.04
74718823158	2019	12	24	0	0	0.04
74718823158	2019	12	24	14	0	0.01
74718823158	2019	12	26	18	0	0.01
74718823158	2019	12	26	19	0	0.09
74718823158	2019	12	26	20	0	0.04
74718823158	2019	12	26	22	0	0.01
74718823158	2019	12	27	1	0	0.01
74718823158	2019	12	27	6	0	0.04
