74718703104	2003	1	2	18	0	0.01
74718703104	2003	1	2	19	0	0.08
74718703104	2003	1	3	1	0	0.01
74718703104	2003	1	3	2	0	0.09
74718703104	2003	1	3	3	0	0.04
74718703104	2003	1	3	8	0	0.03
74718703104	2003	1	3	10	0	0.01
74718703104	2003	1	4	6	0	0.01
74718703104	2003	1	4	14	0	0.04
74718703104	2003	1	4	15	0	0.04
74718703104	2003	1	4	16	0	0.06
74718703104	2003	1	4	17	0	0.01
74718703104	2003	1	4	18	0	0.01
74718703104	2003	1	4	19	0	0.01
74718703104	2003	1	4	22	0	0.01
74718703104	2003	1	5	19	0	0.01
74718703104	2003	1	8	19	0	0.02
74718703104	2003	1	12	6	0	0.01
74718703104	2003	1	12	7	0	0.01
74718703104	2003	1	12	8	0	0.02
74718703104	2003	1	12	12	0	0.01
74718703104	2003	1	12	13	0	0.01
74718703104	2003	1	12	14	0	0.01
74718703104	2003	1	12	15	0	0.02
74718703104	2003	1	14	5	0	0.01
74718703104	2003	1	14	6	0	0.01
74718703104	2003	1	14	7	0	0.02
74718703104	2003	1	14	8	0	0.01
74718703104	2003	1	21	13	0	0.01
74718703104	2003	1	21	14	0	0.01
74718703104	2003	1	21	15	0	0.01
74718703104	2003	1	21	16	0	0.03
74718703104	2003	1	21	17	0	0.03
74718703104	2003	1	21	18	0	0.04
74718703104	2003	1	21	19	0	0.05
74718703104	2003	1	21	20	0	0.06
74718703104	2003	1	21	21	0	0.04
74718703104	2003	1	21	22	0	0.03
74718703104	2003	1	21	23	0	0.02
74718703104	2003	1	22	0	0	0.02
74718703104	2003	1	22	1	0	0.02
74718703104	2003	1	22	2	0	0.01
74718703104	2003	1	22	6	0	0.01
74718703104	2003	1	22	13	0	0.02
74718703104	2003	1	22	14	0	0.04
74718703104	2003	1	22	15	0	0.04
74718703104	2003	1	22	16	0	0.05
74718703104	2003	1	22	17	0	0.08
74718703104	2003	1	22	18	0	0.08
74718703104	2003	1	22	19	0	0.07
74718703104	2003	1	22	20	0	0.02
74718703104	2003	1	22	22	0	0.01
74718703104	2003	1	22	23	0	0.01
74718703104	2003	1	23	0	0	0.02
74718703104	2003	1	23	2	0	0.02
74718703104	2003	1	25	22	0	0.01
74718703104	2003	1	25	23	0	0.01
74718703104	2003	1	26	6	0	0.01
74718703104	2003	1	26	17	0	0.01
74718703104	2003	1	27	15	0	0.01
74718703104	2003	1	29	22	0	0.01
74718703104	2003	1	30	22	0	0.02
74718703104	2003	1	30	23	0	0.06
74718703104	2003	1	31	0	0	0.05
74718703104	2003	1	31	1	0	0.03
74718703104	2003	1	31	2	0	0.01
74718703104	2003	1	31	6	0	0.07
74718703104	2003	1	31	11	0	0.04
74718703104	2003	1	31	12	0	0.04
74718703104	2003	1	31	20	0	0.01
74718703104	2003	2	14	7	0	0.008
74718703104	2003	2	16	5	0	0.01
74718703104	2003	2	16	6	0	0.03
74718703104	2003	2	16	7	0	0.03
74718703104	2003	2	16	8	0	0.04
74718703104	2003	2	16	9	0	0.03
74718703104	2003	2	16	10	0	0.02
74718703104	2003	2	16	11	0	0.01
74718703104	2003	2	21	21	0	0.01
74718703104	2003	2	22	3	0	0.03
74718703104	2003	2	22	4	0	0.01
74718703104	2003	2	25	21	0	0.001
74718703104	2003	2	26	10	0	0.006
74718703104	2003	2	26	12	0	0.009
74718703104	2003	3	6	7	0	0.09
74718703104	2003	3	6	8	0	0.02
74718703104	2003	3	6	9	0	0.01
74718703104	2003	3	9	10	0	0.01
74718703104	2003	3	9	11	0	0.03
74718703104	2003	3	9	12	0	0.03
74718703104	2003	3	9	13	0	0.02
74718703104	2003	3	9	14	0	0.01
74718703104	2003	3	9	18	0	0.01
74718703104	2003	3	9	19	0	0.02
74718703104	2003	3	12	13	0	0.01
74718703104	2003	3	13	19	0	0.01
74718703104	2003	3	15	8	0	0.02
74718703104	2003	3	15	9	0	0.04
74718703104	2003	3	15	10	0	0.02
74718703104	2003	3	15	11	0	0.01
74718703104	2003	3	15	12	0	0.01
74718703104	2003	3	15	14	0	0.01
74718703104	2003	4	6	13	0	0.05
74718703104	2003	4	6	14	0	0.05
74718703104	2003	4	6	15	0	0.03
74718703104	2003	4	6	16	0	0.01
74718703104	2003	4	12	18	0	0.06
74718703104	2003	4	12	19	0	0.02
74718703104	2003	4	12	20	0	0.04
74718703104	2003	4	13	8	0	0.08
74718703104	2003	4	13	13	0	0.07
74718703104	2003	4	13	14	0	0.01
74718703104	2003	4	14	11	0	0.02
74718703104	2003	4	14	12	0	0.01
74718703104	2003	4	22	15	0	0.01
74718703104	2003	4	24	6	0	0.01
74718703104	2003	4	24	7	0	0.04
74718703104	2003	4	24	8	0	0.03
74718703104	2003	4	24	9	0	0.03
74718703104	2003	4	24	11	0	0.03
74718703104	2003	4	24	12	0	0.03
74718703104	2003	4	24	13	0	0.02
74718703104	2003	4	24	15	0	0.01
74718703104	2003	4	24	16	0	0.06
74718703104	2003	4	24	17	0	0.08
74718703104	2003	4	24	18	0	0.05
74718703104	2003	4	24	22	0	0.01
74718703104	2003	4	24	23	0	0.03
74718703104	2003	4	25	0	0	0.05
74718703104	2003	4	29	5	0	0.01
74718703104	2003	5	4	22	0	0.02
74718703104	2003	5	4	23	0	0.01
74718703104	2003	5	25	14	0	0.01
74718703104	2003	5	25	15	0	0.02
74718703104	2003	5	30	18	0	0.01
74718703104	2003	5	30	19	0	0.01
74718703104	2003	6	13	19	0	0.01
74718703104	2003	6	13	20	0	0.13
74718703104	2003	6	13	22	0	0.05
74718703104	2003	8	3	16	0	0.01
74718703104	2003	8	7	12	0	0.01
74718703104	2003	8	7	15	0	0.02
74718703104	2003	8	11	7	0	0.01
74718703104	2003	8	11	8	0	0.01
74718703104	2003	8	11	9	0	0.01
74718703104	2003	8	11	10	0	0.01
74718703104	2003	8	11	11	0	0.02
74718703104	2003	10	14	13	0	0.01
74718703104	2003	10	15	20	0	0.03
74718703104	2003	10	15	21	0	0.02
74718703104	2003	10	16	9	0	0.01
74718703104	2003	10	16	10	0	0.05
74718703104	2003	10	16	11	0	0.01
74718703104	2003	10	16	12	0	0.01
74718703104	2003	10	16	13	0	0.02
74718703104	2003	10	16	14	0	0.03
74718703104	2003	10	16	15	0	0.06
74718703104	2003	10	16	16	0	0.01
74718703104	2003	10	20	11	0	0.03
74718703104	2003	10	20	12	0	0.02
74718703104	2003	10	21	0	0	0.01
74718703104	2003	10	21	5	0	0.01
74718703104	2003	10	30	1	0	0.02
74718703104	2003	11	2	14	0	0.01
74718703104	2003	11	2	15	0	0.01
74718703104	2003	11	2	16	0	0.01
74718703104	2003	11	2	17	0	0.01
74718703104	2003	11	16	20	0	0.01
74718703104	2003	11	16	22	0	0.01
74718703104	2003	11	16	23	0	0.12
74718703104	2003	11	18	5	0	0.01
74718703104	2003	11	20	20	0	0.01
74718703104	2003	11	20	21	0	0.02
74718703104	2003	11	20	22	0	0.02
74718703104	2003	11	20	23	0	0.06
74718703104	2003	11	21	0	0	0.03
74718703104	2003	11	28	23	0	0.01
74718703104	2003	12	1	19	0	0.02
74718703104	2003	12	1	20	0	0.03
74718703104	2003	12	1	21	0	0.03
74718703104	2003	12	1	22	0	0.03
74718703104	2003	12	1	23	0	0.02
74718703104	2003	12	2	0	0	0.01
74718703104	2003	12	3	7	0	0.02
74718703104	2003	12	5	1	0	0.02
74718703104	2003	12	5	2	0	0.03
74718703104	2003	12	5	3	0	0.03
74718703104	2003	12	5	4	0	0.05
74718703104	2003	12	5	5	0	0.02
74718703104	2003	12	5	6	0	0.03
74718703104	2003	12	5	7	0	0.02
74718703104	2003	12	5	9	0	0.01
74718703104	2003	12	5	10	0	0.02
74718703104	2003	12	5	11	0	0.01
74718703104	2003	12	6	9	0	0.02
74718703104	2003	12	7	17	0	0.01
74718703104	2003	12	7	18	0	0.02
74718703104	2003	12	10	4	0	0.01
74718703104	2003	12	10	5	0	0.01
74718703104	2003	12	10	6	0	0.02
74718703104	2003	12	10	7	0	0.04
74718703104	2003	12	10	8	0	0.03
74718703104	2003	12	10	9	0	0.03
74718703104	2003	12	10	10	0	0.03
74718703104	2003	12	10	11	0	0.04
74718703104	2003	12	10	12	0	0.03
74718703104	2003	12	10	13	0	0.01
74718703104	2003	12	10	14	0	0.02
74718703104	2003	12	10	15	0	0.01
74718703104	2003	12	10	17	0	0.01
74718703104	2003	12	10	18	0	0.01
74718703104	2003	12	10	19	0	0.01
74718703104	2003	12	10	21	0	0.01
74718703104	2003	12	11	1	0	0.01
74718703104	2003	12	11	2	0	0.01
74718703104	2003	12	11	4	0	0.01
74718703104	2003	12	11	6	0	0.01
74718703104	2003	12	11	8	0	0.01
74718703104	2003	12	12	6	0	0.01
74718703104	2003	12	12	7	0	0.02
74718703104	2003	12	12	9	0	0.01
74718703104	2003	12	12	11	0	0.01
74718703104	2003	12	12	12	0	0.01
74718703104	2003	12	13	12	0	0.01
74718703104	2003	12	13	13	0	0.05
74718703104	2003	12	13	14	0	0.02
74718703104	2003	12	13	15	0	0.03
74718703104	2003	12	13	16	0	0.01
74718703104	2003	12	13	17	0	0.02
74718703104	2003	12	13	21	0	0.01
74718703104	2003	12	20	4	0	0.02
74718703104	2003	12	20	8	0	0.01
74718703104	2003	12	20	13	0	0.01
74718703104	2003	12	24	3	0	0.04
74718703104	2003	12	24	4	0	0.04
74718703104	2003	12	24	5	0	0.04
74718703104	2003	12	24	6	0	0.02
74718703104	2003	12	24	12	0	0.04
74718703104	2003	12	24	13	0	0.01
74718703104	2003	12	24	15	0	0.02
74718703104	2003	12	24	16	0	0.02
74718703104	2003	12	26	0	0	0.003
74718703104	2003	12	26	1	0	0.018
74718703104	2003	12	26	2	0	0.014
74718703104	2003	12	28	1	0	0.01
74718703104	2003	12	28	2	0	0.01
74718703104	2003	12	31	13	0	0.01
74718703104	2004	1	1	15	0	0.01
74718703104	2004	1	1	16	0	0.06
74718703104	2004	1	1	17	0	0.06
74718703104	2004	1	1	18	0	0.01
74718703104	2004	1	1	19	0	0.01
74718703104	2004	1	1	20	0	0.04
74718703104	2004	1	1	21	0	0.04
74718703104	2004	1	1	22	0	0.01
74718703104	2004	1	1	23	0	0.01
74718703104	2004	1	6	17	0	0.01
74718703104	2004	1	6	18	0	0.01
74718703104	2004	1	6	19	0	0.01
74718703104	2004	1	6	20	0	0.01
74718703104	2004	1	7	10	0	0.02
74718703104	2004	1	13	1	0	0.02
74718703104	2004	1	13	3	0	0.01
74718703104	2004	1	14	22	0	0.01
74718703104	2004	1	14	23	0	0.02
74718703104	2004	1	15	0	0	0.03
74718703104	2004	1	15	1	0	0.01
74718703104	2004	1	15	2	0	0.01
74718703104	2004	1	15	3	0	0.03
74718703104	2004	1	15	4	0	0.06
74718703104	2004	1	18	12	0	0.02
74718703104	2004	1	18	13	0	0.03
74718703104	2004	1	18	14	0	0.01
74718703104	2004	1	18	16	0	0.01
74718703104	2004	1	30	0	0	0.03
74718703104	2004	2	2	12	0	0.02
74718703104	2004	2	2	13	0	0.04
74718703104	2004	2	2	14	0	0.03
74718703104	2004	2	2	15	0	0.04
74718703104	2004	2	2	17	0	0.01
74718703104	2004	2	2	18	0	0.01
74718703104	2004	2	2	20	0	0.01
74718703104	2004	2	3	1	0	0.01
74718703104	2004	2	3	13	0	0.01
74718703104	2004	2	3	15	0	0.01
74718703104	2004	2	15	6	0	0.01
74718703104	2004	2	16	19	0	0.02
74718703104	2004	2	16	20	0	0.06
74718703104	2004	2	16	21	0	0.07
74718703104	2004	2	16	22	0	0.05
74718703104	2004	2	16	23	0	0.03
74718703104	2004	2	17	22	0	0.02
74718703104	2004	2	17	23	0	0.04
74718703104	2004	2	18	0	0	0.02
74718703104	2004	2	18	1	0	0.03
74718703104	2004	2	18	2	0	0.01
74718703104	2004	2	18	3	0	0.05
74718703104	2004	2	18	4	0	0.01
74718703104	2004	2	18	5	0	0.01
74718703104	2004	2	18	8	0	0.01
74718703104	2004	2	19	18	0	0.004
74718703104	2004	2	23	6	0	0.02
74718703104	2004	2	23	7	0	0.013
74718703104	2004	2	23	8	0	0.015
74718703104	2004	2	23	9	0	0.005
74718703104	2004	2	23	10	0	0.001
74718703104	2004	2	23	12	0	0.008
74718703104	2004	2	23	13	0	0.044
74718703104	2004	2	23	14	0	0.041
74718703104	2004	2	23	15	0	0.007
74718703104	2004	2	24	5	0	0.01
74718703104	2004	2	24	12	0	0.02
74718703104	2004	2	24	14	0	0.03
74718703104	2004	2	24	15	0	0.02
74718703104	2004	2	24	17	0	0.01
74718703104	2004	2	25	21	0	0.04
74718703104	2004	2	25	22	0	0.05
74718703104	2004	2	25	23	0	0.11
74718703104	2004	2	26	0	0	0.12
74718703104	2004	2	26	1	0	0.13
74718703104	2004	2	26	2	0	0.08
74718703104	2004	2	26	3	0	0.1
74718703104	2004	2	26	4	0	0.03
74718703104	2004	2	26	5	0	0.01
74718703104	2004	3	6	0	0	0.03
74718703104	2004	3	6	1	0	0.11
74718703104	2004	3	6	2	0	0.08
74718703104	2004	3	6	3	0	0.04
74718703104	2004	3	6	4	0	0.05
74718703104	2004	3	6	5	0	0.06
74718703104	2004	3	6	6	0	0.01
74718703104	2004	3	6	7	0	0.01
74718703104	2004	3	24	17	0	0.01
74718703104	2004	3	26	1	0	0.05
74718703104	2004	3	26	2	0	0.02
74718703104	2004	3	26	3	0	0.02
74718703104	2004	3	26	4	0	0.04
74718703104	2004	3	26	5	0	0.09
74718703104	2004	3	26	6	0	0.14
74718703104	2004	3	26	7	0	0.04
74718703104	2004	4	3	4	0	0.005
74718703104	2004	4	20	8	0	0.03
74718703104	2004	4	20	12	0	0.04
74718703104	2004	4	21	1	0	0.01
74718703104	2004	4	28	0	0	0.11
74718703104	2004	4	28	1	0	0.02
74718703104	2004	5	11	23	0	0.01
74718703104	2004	5	12	0	0	0.03
74718703104	2004	5	12	1	0	0.01
74718703104	2004	5	12	2	0	0.03
74718703104	2004	5	12	3	0	0.02
74718703104	2004	5	12	4	0	0.06
74718703104	2004	5	12	5	0	0.01
74718703104	2004	5	14	3	0	0.08
74718703104	2004	5	14	4	0	0.03
74718703104	2004	5	14	9	0	0.01
74718703104	2004	5	16	9	0	0.01
74718703104	2004	5	16	10	0	0.02
74718703104	2004	5	16	12	0	0.01
74718703104	2004	5	16	13	0	0.01
74718703104	2004	5	16	14	0	0.01
74718703104	2004	5	16	15	0	0.01
74718703104	2004	5	16	16	0	0.03
74718703104	2004	5	16	20	0	0.01
74718703104	2004	5	17	10	0	0.03
74718703104	2004	5	17	11	0	0.04
74718703104	2004	5	17	12	0	0.01
74718703104	2004	5	17	14	0	0.01
74718703104	2004	5	17	15	0	0.02
74718703104	2004	5	17	17	0	0.01
74718703104	2004	5	18	13	0	0.01
74718703104	2004	5	20	4	0	0.06
74718703104	2004	5	20	5	0	0.03
74718703104	2004	5	20	23	0	0.02
74718703104	2004	5	21	4	0	0.01
74718703104	2004	5	22	21	0	0.13
74718703104	2004	5	22	22	0	0.01
74718703104	2004	5	23	5	0	0.01
74718703104	2004	5	23	12	0	0.01
74718703104	2004	5	23	13	0	0.05
74718703104	2004	5	23	22	0	0.05
74718703104	2004	5	28	2	0	0.07
74718703104	2004	5	28	3	0	0.02
74718703104	2004	6	5	12	0	0.01
74718703104	2004	6	5	13	0	0.03
74718703104	2004	6	10	2	0	0.01
74718703104	2004	6	10	3	0	0.02
74718703104	2004	6	10	6	0	0.01
74718703104	2004	6	10	9	0	0.06
74718703104	2004	7	19	12	0	0.04
74718703104	2004	7	19	13	0	0.13
74718703104	2004	7	19	14	0	0.06
74718703104	2004	7	19	15	0	0.06
74718703104	2004	8	5	3	0	0.11
74718703104	2004	8	5	9	0	0.01
74718703104	2004	8	5	11	0	0.05
74718703104	2004	8	5	12	0	0.05
74718703104	2004	8	5	13	0	0.01
74718703104	2004	8	5	21	0	0.08
74718703104	2004	8	6	20	0	0.01
74718703104	2004	8	6	21	0	0.01
74718703104	2004	8	6	23	0	0.02
74718703104	2004	8	7	0	0	0.01
74718703104	2004	8	7	2	0	0.03
74718703104	2004	8	22	5	0	0.01
74718703104	2004	8	24	10	0	0.03
74718703104	2004	8	24	11	0	0.02
74718703104	2004	8	24	12	0	0.03
74718703104	2004	8	24	15	0	0.07
74718703104	2004	8	24	16	0	0.01
74718703104	2004	8	24	17	0	0.02
74718703104	2004	8	24	18	0	0.01
74718703104	2004	8	25	10	0	0.01
74718703104	2004	8	25	14	0	0.01
74718703104	2004	8	25	20	0	0.01
74718703104	2004	9	11	10	0	0.01
74718703104	2004	9	11	11	0	0.07
74718703104	2004	9	13	14	0	0.01
74718703104	2004	9	13	15	0	0.02
74718703104	2004	9	15	10	0	0.01
74718703104	2004	9	18	23	0	0.04
74718703104	2004	9	19	0	0	0.01
74718703104	2004	9	22	22	0	0.01
74718703104	2004	9	22	23	0	0.03
74718703104	2004	10	9	4	0	0.01
74718703104	2004	10	9	5	0	0.04
74718703104	2004	10	9	6	0	0.02
74718703104	2004	10	9	7	0	0.01
74718703104	2004	10	17	7	0	0.04
74718703104	2004	10	17	8	0	0.01
74718703104	2004	10	17	11	0	0.01
74718703104	2004	10	17	12	0	0.04
74718703104	2004	10	17	13	0	0.03
74718703104	2004	10	17	17	0	0.01
74718703104	2004	10	17	18	0	0.01
74718703104	2004	10	17	22	0	0.15
74718703104	2004	10	17	23	0	0.1
74718703104	2004	10	19	20	0	0.01
74718703104	2004	10	19	21	0	0.02
74718703104	2004	10	19	23	0	0.012
74718703104	2004	10	20	2	0	0.01
74718703104	2004	10	20	12	0	0.005
74718703104	2004	10	21	12	0	0.002
74718703104	2004	10	22	16	0	0.01
74718703104	2004	10	27	20	0	0.005
74718703104	2004	10	27	22	0	0.004
74718703104	2004	10	27	23	0	0.014
74718703104	2004	10	28	16	0	0.008
74718703104	2004	11	1	21	0	0.01
74718703104	2004	11	1	23	0	0.03
74718703104	2004	11	14	18	0	0.01
74718703104	2004	11	21	18	0	0.136
74718703104	2004	11	27	18	0	0.03
74718703104	2004	12	4	15	0	0.01
74718703104	2004	12	4	17	0	0.01
74718703104	2004	12	4	21	0	0.01
74718703104	2004	12	6	15	0	0.01
74718703104	2004	12	6	16	0	0.02
74718703104	2004	12	6	17	0	0.01
74718703104	2004	12	6	19	0	0.01
74718703104	2004	12	7	8	0	0.02
74718703104	2004	12	7	10	0	0.01
74718703104	2004	12	7	11	0	0.01
74718703104	2004	12	7	12	0	0.01
74718703104	2004	12	7	13	0	0.01
74718703104	2004	12	7	15	0	0.01
74718703104	2004	12	8	1	0	0.01
74718703104	2004	12	8	2	0	0.03
74718703104	2004	12	8	3	0	0.04
74718703104	2004	12	8	4	0	0.04
74718703104	2004	12	8	6	0	0.03
74718703104	2004	12	8	7	0	0.04
74718703104	2004	12	8	8	0	0.07
74718703104	2004	12	8	9	0	0.05
74718703104	2004	12	8	10	0	0.06
74718703104	2004	12	8	11	0	0.02
74718703104	2004	12	10	1	0	0.01
74718703104	2004	12	10	2	0	0.03
74718703104	2004	12	10	4	0	0.02
74718703104	2004	12	10	5	0	0.02
74718703104	2004	12	10	6	0	0.02
74718703104	2004	12	10	7	0	0.03
74718703104	2004	12	10	16	0	0.01
74718703104	2004	12	14	5	0	0.01
74718703104	2004	12	28	18	0	0.083
74718703104	2004	12	28	22	0	0.059
74718703104	2004	12	29	5	0	0.049
74718703104	2004	12	29	9	0	0.03
74718703104	2004	12	29	10	0	0.085
74718703104	2004	12	29	11	0	0.098
74718703104	2004	12	29	12	0	0.01
74718703104	2004	12	29	13	0	0.01
74718703104	2004	12	29	14	0	0.02
74718703104	2004	12	29	15	0	0.041
74718703104	2004	12	29	16	0	0.01
74718703104	2004	12	29	17	0	0.02
74718703104	2004	12	29	18	0	0.015
74718703104	2004	12	29	19	0	0.02
74718703104	2004	12	29	20	0	0.01
74718703104	2004	12	29	21	0	0.01
74718703104	2004	12	30	14	0	0.01
74718703104	2004	12	30	15	0	0.01
74718703104	2004	12	30	16	0	0.02
74718703104	2004	12	30	17	0	0.01
74718703104	2004	12	30	20	0	0.01
74718703104	2004	12	30	22	0	0.01
74718703104	2005	1	3	13	0	0.03
74718703104	2005	1	3	14	0	0.04
74718703104	2005	1	3	15	0	0.037
74718703104	2005	1	3	16	0	0.09
74718703104	2005	1	3	17	0	0.02
74718703104	2005	1	3	18	0	0.03
74718703104	2005	1	3	19	0	0.12
74718703104	2005	1	3	20	0	0.05
74718703104	2005	1	4	2	0	0.15
74718703104	2005	1	4	5	0	0.01
74718703104	2005	1	4	13	0	0.01
74718703104	2005	1	4	14	0	0.04
74718703104	2005	1	4	15	0	0.01
74718703104	2005	1	4	16	0	0.02
74718703104	2005	1	7	13	0	0.01
74718703104	2005	1	7	14	0	0.04
74718703104	2005	1	7	15	0	0.01
74718703104	2005	1	7	17	0	0.017
74718703104	2005	1	7	19	0	0.03
74718703104	2005	1	7	20	0	0.01
74718703104	2005	1	7	21	0	0.01
74718703104	2005	1	7	22	0	0.01
74718703104	2005	1	7	23	0	0.01
74718703104	2005	1	8	4	0	0.01
74718703104	2005	1	10	1	0	0.01
74718703104	2005	1	10	2	0	0.12
74718703104	2005	1	10	3	0	0.05
74718703104	2005	1	10	4	0	0.05
74718703104	2005	1	10	5	0	0.14
74718703104	2005	1	10	6	0	0.05
74718703104	2005	1	10	11	0	0.02
74718703104	2005	1	10	12	0	0.08
74718703104	2005	1	10	16	0	0.01
74718703104	2005	1	10	20	0	0.02
74718703104	2005	1	10	21	0	0.01
74718703104	2005	1	11	8	0	0.004
74718703104	2005	1	11	9	0	0.024
74718703104	2005	1	11	10	0	0.03
74718703104	2005	1	11	11	0	0.01
74718703104	2005	1	11	12	0	0.054
74718703104	2005	1	11	13	0	0.023
74718703104	2005	1	11	14	0	0.011
74718703104	2005	1	11	15	0	0.021
74718703104	2005	1	11	16	0	0.02
74718703104	2005	1	11	17	0	0.001
74718703104	2005	1	11	18	0	0.001
74718703104	2005	1	26	10	0	0.01
74718703104	2005	1	26	11	0	0.02
74718703104	2005	1	26	12	0	0.007
74718703104	2005	1	26	13	0	0.02
74718703104	2005	1	27	0	0	0.01
74718703104	2005	1	27	14	0	0.01
74718703104	2005	1	29	3	0	0.01
74718703104	2005	2	11	4	0	0.01
74718703104	2005	2	11	6	0	0.03
74718703104	2005	2	11	7	0	0.02
74718703104	2005	2	11	8	0	0.04
74718703104	2005	2	11	9	0	0.05
74718703104	2005	2	11	10	0	0.06
74718703104	2005	2	11	11	0	0.04
74718703104	2005	2	11	12	0	0.03
74718703104	2005	2	11	13	0	0.04
74718703104	2005	2	11	16	0	0.25
74718703104	2005	2	11	17	0	0.24
74718703104	2005	2	11	18	0	0.04
74718703104	2005	2	11	19	0	0.05
74718703104	2005	2	11	20	0	0.01
74718703104	2005	2	11	21	0	0.07
74718703104	2005	2	12	2	0	0.01
74718703104	2005	2	12	3	0	0.02
74718703104	2005	2	12	4	0	0.02
74718703104	2005	2	12	5	0	0.01
74718703104	2005	2	13	14	0	0.01
74718703104	2005	2	18	1	0	0.01
74718703104	2005	2	18	2	0	0.01
74718703104	2005	2	18	13	0	0.1
74718703104	2005	2	18	14	0	0.09
74718703104	2005	2	18	15	0	0.079
74718703104	2005	2	18	16	0	0.1
74718703104	2005	2	18	17	0	0.01
74718703104	2005	2	19	2	0	0.01
74718703104	2005	2	19	3	0	0.008
74718703104	2005	2	19	4	0	0.02
74718703104	2005	2	19	7	0	0.03
74718703104	2005	2	19	19	0	0.04
74718703104	2005	2	19	20	0	0.03
74718703104	2005	2	19	23	0	0.02
74718703104	2005	2	21	0	0	0.01
74718703104	2005	2	21	3	0	0.03
74718703104	2005	2	21	5	0	0.04
74718703104	2005	2	21	13	0	0.01
74718703104	2005	2	21	14	0	0.05
74718703104	2005	2	21	15	0	0.04
74718703104	2005	2	21	16	0	0.01
74718703104	2005	2	21	19	0	0.03
74718703104	2005	2	21	20	0	0.049
74718703104	2005	2	21	21	0	0.03
74718703104	2005	2	21	22	0	0.06
74718703104	2005	2	21	23	0	0.02
74718703104	2005	2	22	0	0	0.026
74718703104	2005	2	22	1	0	0.01
74718703104	2005	2	22	7	0	0.02
74718703104	2005	2	22	14	0	0.003
74718703104	2005	2	23	3	0	0.02
74718703104	2005	2	23	5	0	0.01
74718703104	2005	2	23	8	0	0.01
74718703104	2005	2	23	11	0	0.04
74718703104	2005	2	23	12	0	0.1
74718703104	2005	2	23	13	0	0.08
74718703104	2005	2	23	14	0	0.07
74718703104	2005	2	23	15	0	0.094
74718703104	2005	2	23	16	0	0.04
74718703104	2005	2	23	17	0	0.01
74718703104	2005	2	25	2	0	0.02
74718703104	2005	3	5	19	0	0.01
74718703104	2005	8	5	4	0	0.005
74718703104	2005	8	10	0	0	0.063
74718703104	2005	8	10	1	0	0.057
74718703104	2005	8	10	2	0	0.009
74718703104	2005	8	10	3	0	0.007
74718703104	2005	9	20	9	0	0.002
74718703104	2005	9	20	10	0	0.001
74718703104	2005	9	20	12	0	0.01
74718703104	2005	9	20	13	0	0.011
74718703104	2005	9	20	14	0	0.009
74718703104	2005	9	20	15	0	0.016
74718703104	2005	9	20	16	0	0.007
74718703104	2005	9	20	17	0	0.007
74718703104	2005	9	20	18	0	0.003
74718703104	2005	9	20	23	0	0.001
74718703104	2005	10	16	15	0	0.01
74718703104	2005	10	16	21	0	0.01
74718703104	2005	10	16	22	0	0.02
74718703104	2005	10	16	23	0	0.01
74718703104	2005	10	17	0	0	0.01
74718703104	2005	10	17	6	0	0.03
74718703104	2005	10	17	8	0	0.03
74718703104	2005	10	17	9	0	0.06
74718703104	2005	10	17	10	0	0.21
74718703104	2005	10	17	19	0	0.05
74718703104	2005	10	17	20	0	0.14
74718703104	2005	10	17	21	0	0.26
74718703104	2005	10	18	6	0	0.01
74718703104	2005	10	18	7	0	0.94
74718703104	2005	10	18	8	0	0.14
74718703104	2005	10	18	9	0	0.14
74718703104	2005	10	18	11	0	0.01
74718703104	2006	2	28	11	0	0.01
74718703104	2006	2	28	13	0	0.01
74718703104	2006	3	11	8	0	0.003
74718703104	2006	3	11	11	0	0.016
74718703104	2006	3	11	12	0	0.02
74718703104	2006	3	11	15	0	0.06
74718703104	2006	3	11	16	0	0.01
74718703104	2006	3	12	1	0	0.01
74718703104	2006	10	24	13	0	0.03
74718703104	2007	1	20	0	0	0.04
74718703104	2007	3	27	22	0	0.01
74718703104	2007	4	12	21	0	0.01
74718703104	2007	4	12	22	0	0.01
74718703104	2007	4	21	1	0	0.01
74718703104	2007	9	2	9	0	0.1
74718703104	2007	11	30	15	0	0.03
74718703104	2007	11	30	17	0	0.01
74718703104	2007	11	30	22	0	0.05
74718703104	2007	11	30	23	0	0.07
74718703104	2007	12	1	0	0	0.13
74718703104	2007	12	1	1	0	0.35
74718703104	2007	12	1	2	0	0.06
74718703104	2007	12	1	6	0	0.01
74718703104	2007	12	1	7	0	0.08
74718703104	2007	12	9	6	0	0.01
74718703104	2007	12	9	8	0	0.01
74718703104	2007	12	9	9	0	0.06
74718703104	2007	12	9	10	0	0.07
74718703104	2007	12	9	11	0	0.04
74718703104	2007	12	9	12	0	0.03
74718703104	2007	12	9	13	0	0.05
74718703104	2007	12	9	14	0	0.02
74718703104	2007	12	9	15	0	0.03
74718703104	2008	1	7	6	0	0.02
74718703104	2008	1	7	7	0	0.05
74718703104	2008	1	7	8	0	0.06
74718703104	2008	1	7	9	0	0.04
74718703104	2008	1	7	10	0	0.02
74718703104	2008	1	7	11	0	0.03
74718703104	2008	1	7	12	0	0.02
74718703104	2008	1	7	13	0	0.03
74718703104	2008	1	7	15	0	0.01
74718703104	2008	1	10	10	0	0.01
74718703104	2008	1	27	4	0	0.01
74718703104	2008	1	27	5	0	0.038
74718703104	2008	1	27	6	0	0.1
74718703104	2008	1	27	7	0	0.06
74718703104	2008	1	27	8	0	0.1
74718703104	2008	1	27	9	0	0.13
74718703104	2008	1	27	10	0	0.07
74718703104	2008	1	27	11	0	0.1
74718703104	2008	1	27	12	0	0.13
74718703104	2008	1	27	13	0	0.14
74718703104	2008	1	27	14	0	0.1
74718703104	2008	1	27	15	0	0.06
74718703104	2008	1	27	16	0	0.11
74718703104	2008	1	27	17	0	0.14
74718703104	2008	1	27	18	0	0.01
74718703104	2008	2	22	13	0	0.01
74718703104	2008	2	22	14	0	0.01
74718703104	2008	2	22	17	0	0.02
74718703104	2008	5	23	20	0	0.04
74718703104	2008	7	12	10	0	0.02
74718703104	2008	8	7	20	0	0.08
74718703104	2008	8	30	11	0	0.003
74718703104	2008	8	30	12	0	0.02
74718703104	2008	8	30	19	0	0.01
74718703104	2008	9	12	1	0	0.06
74718703104	2008	11	26	10	0	0.07
74718703104	2008	11	26	11	0	0.19
74718703104	2008	11	26	12	0	0.01
74718703104	2008	11	26	14	0	0.01
74718703104	2008	11	26	15	0	0.03
74718703104	2008	11	27	3	0	0.13
74718703104	2008	11	27	6	0	0.01
74718703104	2008	11	27	7	0	0.01
74718703104	2008	11	27	8	0	0.01
74718703104	2008	11	27	9	0	0.01
74718703104	2008	11	28	8	0	0.01
74718703104	2008	12	15	21	0	0.01
74718703104	2008	12	15	22	0	0.1
74718703104	2008	12	15	23	0	0.04
74718703104	2008	12	16	0	0	0.04
74718703104	2008	12	16	5	0	0.01
74718703104	2008	12	17	8	0	0.01
74718703104	2008	12	17	9	0	0.04
74718703104	2008	12	17	10	0	0.04
74718703104	2008	12	17	11	0	0.05
74718703104	2008	12	17	12	0	0.04
74718703104	2008	12	17	13	0	0.03
74718703104	2008	12	17	14	0	0.04
74718703104	2008	12	17	15	0	0.05
74718703104	2008	12	17	16	0	0.1
74718703104	2008	12	17	17	0	0.15
74718703104	2008	12	17	18	0	0.11
74718703104	2008	12	17	19	0	0.17
74718703104	2008	12	17	20	0	0.09
74718703104	2008	12	17	21	0	0.2
74718703104	2008	12	17	22	0	0.07
74718703104	2008	12	17	23	0	0.08
74718703104	2008	12	18	0	0	0.03
74718703104	2008	12	18	1	0	0.02
74718703104	2008	12	18	3	0	0.01
74718703104	2008	12	18	10	0	0.01
74718703104	2009	2	7	12	0	0.08
74718703104	2009	2	7	13	0	0.19
74718703104	2009	2	7	14	0	0.04
74718703104	2009	2	7	15	0	0.01
74718703104	2009	2	7	16	0	0.01
74718703104	2009	2	9	23	0	0.01
74718703104	2009	2	10	1	0	0.01
74718703104	2009	2	16	19	0	0.05
74718703104	2009	2	16	20	0	0.03
74718703104	2009	2	16	21	0	0.04
74718703104	2009	2	16	22	0	0.01
74718703104	2009	2	16	23	0	0.01
74718703104	2009	4	28	17	0	0.01
74718703104	2009	9	5	23	0	0.005
74718703104	2009	9	6	0	0	0.04
74718703104	2009	12	7	17	0	0.01
74718703104	2009	12	7	18	0	0.01
74718703104	2009	12	7	19	0	0.01
74718703104	2009	12	7	20	0	0.02
74718703104	2009	12	7	21	0	0.08
74718703104	2009	12	7	22	0	0.13
74718703104	2009	12	7	23	0	0.14
74718703104	2009	12	8	0	0	0.09
74718703104	2009	12	8	1	0	0.05
74718703104	2009	12	8	3	0	0.01
74718703104	2009	12	8	4	0	0.01
74718703104	2009	12	13	9	0	0.02
74718703104	2010	1	18	2	0	0.01
74718703104	2010	1	18	5	0	0.02
74718703104	2010	1	18	6	0	0.01
74718703104	2010	1	18	23	0	0.028
74718703104	2010	1	19	0	0	0.17
74718703104	2010	1	19	1	0	0.22
74718703104	2010	1	19	2	0	0.02
74718703104	2010	1	19	6	0	0.01
74718703104	2010	1	19	21	0	0.08
74718703104	2010	1	19	22	0	0.05
74718703104	2010	1	19	23	0	0.09
74718703104	2010	1	21	1	0	0.04
74718703104	2010	1	21	2	0	0.06
74718703104	2010	1	21	3	0	0.16
74718703104	2010	1	21	4	0	0.05
74718703104	2010	1	21	6	0	0.03
74718703104	2010	1	21	10	0	0.05
74718703104	2010	1	21	11	0	0.06
74718703104	2010	1	21	12	0	0.04
74718703104	2010	1	21	13	0	0.05
74718703104	2010	1	21	14	0	0.08
74718703104	2010	1	21	15	0	0.16
74718703104	2010	1	21	16	0	0.07
74718703104	2010	1	21	17	0	0.11
74718703104	2010	1	21	18	0	0.06
74718703104	2010	1	21	19	0	0.12
74718703104	2010	1	21	20	0	0.13
74718703104	2010	1	21	21	0	0.1
74718703104	2010	1	21	22	0	0.04
74718703104	2010	1	22	0	0	0.08
74718703104	2010	1	22	8	0	0.01
74718703104	2010	1	22	12	0	0.05
74718703104	2010	1	22	13	0	0.09
74718703104	2010	1	22	18	0	0.02
74718703104	2010	1	22	19	0	0.02
74718703104	2010	1	23	0	0	0.06
74718703104	2010	1	27	4	0	0.02
74718703104	2010	1	27	5	0	0.01
74718703104	2010	1	27	7	0	0.01
74718703104	2010	1	27	14	0	0.01
74718703104	2010	2	6	14	0	0.02
74718703104	2010	2	6	15	0	0.01
74718703104	2010	2	6	20	0	0.05
74718703104	2010	2	6	22	0	0.02
74718703104	2010	2	7	3	0	0.01
74718703104	2010	2	10	0	0	0.14
74718703104	2010	2	10	1	0	0.01
74718703104	2010	2	10	6	0	0.05
74718703104	2010	2	10	7	0	0.06
74718703104	2010	2	10	8	0	0.02
74718703104	2010	2	27	18	0	0.02
74718703104	2010	3	7	17	0	0.02
74718703104	2010	3	7	18	0	0.04
74718703104	2010	3	7	19	0	0.05
74718703104	2010	3	7	20	0	0.09
74718703104	2010	3	7	21	0	0.03
74718703104	2010	3	8	7	0	0.01
74718703104	2010	6	4	17	0	0.02
74718703104	2010	9	30	14	0	0.01
74718703104	2010	10	2	13	0	0.01
74718703104	2010	10	2	14	0	0.01
74718703104	2010	10	2	15	0	0.03
74718703104	2010	10	2	16	0	0.02
74718703104	2010	10	3	12	0	0.01
74718703104	2010	10	3	17	0	0.01
74718703104	2010	10	19	15	0	0.09
74718703104	2010	10	19	19	0	0.01
74718703104	2010	10	19	20	0	0.26
74718703104	2010	10	19	22	0	0.01
74718703104	2010	10	19	23	0	0.03
74718703104	2010	10	20	0	0	0.09
74718703104	2010	10	20	2	0	0.02
74718703104	2010	10	20	9	0	0.08
74718703104	2010	10	20	10	0	0.03
74718703104	2010	10	21	0	0	0.01
74718703104	2010	12	16	14	0	0.001
74718703104	2010	12	20	21	0	0.01
74718703104	2010	12	21	4	0	0.01
74718703104	2010	12	21	16	0	0.01
74718703104	2010	12	21	17	0	0.04
74718703104	2010	12	21	18	0	0.04
74718703104	2010	12	21	19	0	0.06
74718703104	2010	12	21	20	0	0.02
74718703104	2010	12	21	21	0	0.04
74718703104	2010	12	21	22	0	0.01
74718703104	2010	12	21	23	0	0.01
74718703104	2010	12	22	0	0	0.01
74718703104	2010	12	22	1	0	0.02
74718703104	2010	12	22	2	0	0.05
74718703104	2010	12	22	3	0	0.01
74718703104	2010	12	22	4	0	0.02
74718703104	2010	12	22	5	0	0.01
74718703104	2010	12	22	6	0	0.01
74718703104	2010	12	22	8	0	0.019
74718703104	2010	12	22	9	0	0.082
74718703104	2010	12	22	10	0	0.02
74718703104	2010	12	22	11	0	0.03
74718703104	2010	12	22	12	0	0.31
74718703104	2010	12	22	13	0	0.08
74718703104	2010	12	22	14	0	0.075
74718703104	2010	12	22	15	0	0.02
74718703104	2010	12	22	16	0	0.02
74718703104	2010	12	22	17	0	0.01
74718703104	2010	12	22	19	0	0.05
74718703104	2010	12	22	20	0	0.01
74718703104	2010	12	22	22	0	0.01
74718703104	2010	12	24	4	0	0.01
74718703104	2010	12	26	8	0	0.01
74718703104	2010	12	29	15	0	0.001
74718703104	2010	12	29	16	0	0.002
74718703104	2010	12	29	17	0	0.003
74718703104	2010	12	29	18	0	0.003
74718703104	2010	12	29	19	0	0.002
74718703104	2010	12	29	20	0	0.002
74718703104	2011	2	19	1	0	0.02
74718703104	2011	2	19	2	0	0.05
74718703104	2011	2	19	3	0	0.05
74718703104	2011	2	19	4	0	0.2
74718703104	2011	2	19	5	0	0.14
74718703104	2011	2	19	6	0	0.17
74718703104	2011	2	19	7	0	0.1
74718703104	2011	2	19	8	0	0.06
74718703104	2011	2	19	9	0	0.02
74718703104	2011	2	19	10	0	0.03
74718703104	2011	2	19	11	0	0.04
74718703104	2011	2	19	12	0	0.03
74718703104	2011	2	20	7	0	0.01
74718703104	2011	7	6	10	0	0.07
74718703104	2011	7	6	11	0	0.01
74718703104	2011	9	6	3	0	0.01
74718703104	2011	9	6	4	0	0.02
74718703104	2011	9	6	5	0	0.01
74718703104	2011	9	6	7	0	0.01
74718703104	2011	9	6	15	0	0.01
74718703104	2011	9	10	10	0	0.02
74718703104	2011	9	13	12	0	0.15
74718703104	2011	9	13	13	0	0.01
74718703104	2011	9	13	14	0	0.11
74718703104	2011	9	13	17	0	0.12
74718703104	2011	9	13	19	0	0.01
74718703104	2011	9	13	20	0	0.02
74718703104	2011	9	14	0	0	0.08
74718703104	2011	9	14	9	0	0.01
74718703104	2011	9	15	9	0	0.003
74718703104	2011	11	5	4	0	0.01
74718703104	2011	11	12	15	0	0.05
74718703104	2011	11	12	17	0	0.04
74718703104	2011	11	12	21	0	0.06
74718703104	2011	11	12	22	0	0.05
74718703104	2011	11	12	23	0	0.02
74718703104	2011	11	14	9	0	0.01
74718703104	2011	11	21	6	0	0.03
74718703104	2011	12	12	20	0	0.01
74718703104	2011	12	12	21	0	0.05
74718703104	2011	12	16	2	0	0.01
74718703104	2012	2	16	1	0	0.06
74718703104	2012	2	16	2	0	0.08
74718703104	2012	2	16	3	0	0.04
74718703104	2012	2	16	5	0	0.02
74718703104	2012	2	16	6	0	0.02
74718703104	2012	2	16	7	0	0.02
74718703104	2012	2	16	8	0	0.02
74718703104	2012	2	16	9	0	0.01
74718703104	2012	3	17	22	0	0.02
74718703104	2012	3	18	21	0	0.01
74718703104	2012	4	26	10	0	0.03
74718703104	2012	4	26	11	0	0.02
74718703104	2012	4	26	13	0	0.01
74718703104	2012	7	4	11	0	0.04
74718703104	2012	7	4	13	0	0.02
74718703104	2012	7	14	0	0	0.01
74718703104	2012	7	14	1	0	0.08
74718703104	2012	7	14	2	0	0.01
74718703104	2012	7	30	23	0	0.005
74718703104	2012	7	31	0	0	0.02
74718703104	2012	7	31	19	0	0.06
74718703104	2012	7	31	20	0	0.09
74718703104	2012	7	31	22	0	0.06
74718703104	2012	7	31	23	0	0.041
74718703104	2012	8	1	0	0	0.004
74718703104	2012	8	1	1	0	0.003
74718703104	2012	8	1	2	0	0.003
74718703104	2012	8	1	4	0	0.001
74718703104	2012	8	22	10	0	0.17
74718703104	2012	8	30	21	0	0.01
74718703104	2012	8	30	22	0	0.02
74718703104	2012	9	11	9	0	0.74
74718703104	2012	9	11	10	0	0.02
74718703104	2012	9	11	11	0	0.03
74718703104	2012	12	13	17	0	0.01
74718703104	2012	12	13	18	0	0.02
74718703104	2012	12	13	19	0	0.03
74718703104	2012	12	13	20	0	0.01
74718703104	2012	12	13	22	0	0.01
74718703104	2012	12	13	23	0	0.01
74718703104	2012	12	14	0	0	0.03
74718703104	2012	12	14	2	0	0.02
74718703104	2013	1	25	12	0	0.02
74718703104	2013	1	25	13	0	0.01
74718703104	2013	1	25	17	0	0.03
74718703104	2013	1	25	18	0	0.01
74718703104	2013	1	25	23	0	0.01
74718703104	2013	1	26	2	0	0.009
74718703104	2013	1	26	3	0	0.03
74718703104	2013	1	26	5	0	0.03
74718703104	2013	1	26	6	0	0.05
74718703104	2013	1	26	7	0	0.05
74718703104	2013	1	26	8	0	0.02
74718703104	2013	1	26	9	0	0.02
74718703104	2013	1	26	10	0	0.02
74718703104	2013	1	26	11	0	0.01
74718703104	2013	1	27	2	0	0.01
74718703104	2013	3	8	9	0	0.01
74718703104	2013	3	8	10	0	0.04
74718703104	2013	3	8	11	0	0.01
74718703104	2013	3	8	14	0	0.01
74718703104	2013	7	11	17	0	0.01
74718703104	2013	7	21	12	0	0.02
74718703104	2013	7	21	13	0	0.01
74718703104	2013	7	21	17	0	0.01
74718703104	2013	7	26	17	0	0.002
74718703104	2013	8	25	22	0	0.02
74718703104	2013	8	25	23	0	0.487
74718703104	2013	8	26	0	0	0.03
74718703104	2013	8	26	11	0	0.02
74718703104	2013	8	26	12	0	0.031
74718703104	2013	8	26	13	0	0.01
74718703104	2013	8	26	14	0	0.01
74718703104	2013	8	26	15	0	0.03
74718703104	2013	8	26	16	0	0.014
74718703104	2013	8	26	17	0	0.08
74718703104	2013	8	26	18	0	0.034
74718703104	2013	8	26	19	0	0.01
74718703104	2013	8	26	20	0	0.002
74718703104	2013	9	9	8	0	0.13
74718703104	2013	9	9	9	0	0.01
74718703104	2013	11	22	19	0	0.03
74718703104	2013	11	22	21	0	0.01
74718703104	2013	11	22	22	0	0.01
74718703104	2013	11	22	23	0	0.01
74718703104	2013	11	23	0	0	0.01
74718703104	2013	12	20	7	0	0.01
74718703104	2014	2	28	18	0	0.01
74718703104	2014	2	28	21	0	0.03
74718703104	2014	2	28	22	0	0.04
74718703104	2014	3	1	2	0	0.003
74718703104	2014	8	2	20	0	0.01
74718703104	2014	8	2	21	0	0.02
74718703104	2014	8	3	8	0	0.01
74718703104	2014	8	3	9	0	0.01
74718703104	2014	8	3	20	0	0.24
74718703104	2014	8	4	0	0	0.03
74718703104	2014	9	7	19	0	0.09
74718703104	2014	9	8	15	0	0.02
74718703104	2014	9	8	16	0	0.02
74718703104	2014	12	3	8	0	0.01
74718703104	2014	12	12	17	0	0.01
74718703104	2014	12	12	18	0	0.01
74718703104	2014	12	12	19	0	0.01
74718703104	2014	12	12	22	0	0.01
74718703104	2014	12	17	14	0	0.05
74718703104	2014	12	17	15	0	0.03
74718703104	2014	12	31	4	0	0.01
74718703104	2014	12	31	5	0	0.01
74718703104	2015	1	11	22	0	0.01
74718703104	2015	1	11	23	0	0.01
74718703104	2015	1	26	23	0	0.005
74718703104	2015	1	27	1	0	0.02
74718703104	2015	1	27	2	0	0.01
74718703104	2015	1	27	3	0	0.01
74718703104	2015	1	30	11	0	0.01
74718703104	2015	1	30	12	0	0.03
74718703104	2015	1	30	13	0	0.03
74718703104	2015	1	30	14	0	0.03
74718703104	2015	2	23	8	0	0.006
74718703104	2015	2	23	9	0	0.02
74718703104	2015	3	1	14	0	0.003
74718703104	2015	3	1	15	0	0.01
74718703104	2015	3	1	16	0	0.03
74718703104	2015	3	1	17	0	0.04
74718703104	2015	3	1	18	0	0.05
74718703104	2015	3	1	19	0	0.05
74718703104	2015	3	1	20	0	0.02
74718703104	2015	3	1	21	0	0.01
74718703104	2015	3	1	22	0	0.013
74718703104	2015	3	1	23	0	0.008
74718703104	2015	3	2	0	0	0.01
74718703104	2015	3	2	1	0	0.01
74718703104	2015	3	2	2	0	0.01
74718703104	2015	3	2	3	0	0.02
74718703104	2015	3	2	4	0	0.01
74718703104	2015	3	2	5	0	0.04
74718703104	2015	3	2	6	0	0.022
74718703104	2015	3	2	7	0	0.007
74718703104	2015	3	2	8	0	0.003
74718703104	2015	3	2	9	0	0.006
74718703104	2015	3	2	10	0	0.003
74718703104	2015	5	15	19	0	0.03
74718703104	2015	5	15	20	0	0.02
74718703104	2015	5	15	21	0	0.02
74718703104	2015	7	18	1	0	0.11
74718703104	2015	7	18	2	0	0.01
74718703104	2015	7	18	15	0	0.01
74718703104	2015	7	18	16	0	0.46
74718703104	2015	7	18	17	0	0.03
74718703104	2015	7	18	18	0	0.02
74718703104	2015	7	18	19	0	0.01
74718703104	2015	7	20	1	0	0.01
74718703104	2015	7	20	2	0	0.09
74718703104	2015	7	20	3	0	0.09
74718703104	2015	7	31	2	0	0.04
74718703104	2015	8	7	4	0	0.002
74718703104	2015	8	7	6	0	0.033
74718703104	2015	8	7	7	0	0.008
74718703104	2015	9	15	22	0	0.01
74718703104	2015	10	15	9	0	0.13
74718703104	2015	10	15	10	0	0.01
74718703104	2015	10	16	2	0	0.25
74718703104	2015	10	16	5	0	0.02
74718703104	2015	12	29	4	0	0.01
74718703104	2015	12	29	6	0	0.01
74718703104	2016	1	5	22	0	0.02
74718703104	2016	1	5	23	0	0.08
74718703104	2016	1	6	0	0	0.27
74718703104	2016	1	6	1	0	0.28
74718703104	2016	1	6	2	0	0.11
74718703104	2016	1	6	22	0	0.01
74718703104	2016	1	6	23	0	0.03
74718703104	2016	1	7	0	0	0.09
74718703104	2016	1	7	7	0	0.02
74718703104	2016	1	7	8	0	0.06
74718703104	2016	1	7	9	0	0.02
74718703104	2016	1	7	10	0	0.01
74718703104	2016	1	7	11	0	0.06
74718703104	2016	1	7	12	0	0.06
74718703104	2016	1	7	13	0	0.03
74718703104	2016	1	31	22	0	0.01
74718703104	2016	1	31	23	0	0.03
74718703104	2016	2	1	0	0	0.01
74718703104	2016	4	8	7	0	0.01
74718703104	2016	4	8	8	0	0.02
74718703104	2016	4	8	9	0	0.01
74718703104	2016	4	8	10	0	0.02
74718703104	2016	4	8	11	0	0.08
74718703104	2016	4	8	12	0	0.02
74718703104	2016	4	8	13	0	0.1
74718703104	2016	4	8	14	0	0.09
74718703104	2016	9	20	15	0	0.04
74718703104	2016	9	20	16	0	0.06
74718703104	2016	9	20	17	0	0.02
74718703104	2016	9	20	18	0	0.02
74718703104	2016	9	20	19	0	0.05
74718703104	2016	9	20	20	0	0.01
74718703104	2016	9	20	22	0	0.01
74718703104	2016	9	21	0	0	0.03
74718703104	2016	9	21	1	0	0.01
74718703104	2016	9	21	2	0	0.01
74718703104	2016	9	21	3	0	0.01
74718703104	2016	9	21	6	0	0.01
74718703104	2016	9	22	0	0	0.01
74718703104	2016	10	25	0	0	0.01
74718703104	2016	10	25	2	0	0.003
74718703104	2016	10	25	3	0	0.12
74718703104	2016	11	21	13	0	0.01
74718703104	2016	12	16	8	0	0.03
74718703104	2016	12	21	18	0	0.04
74718703104	2016	12	21	20	0	0.01
74718703104	2016	12	22	0	0	0.04
74718703104	2016	12	22	2	0	0.06
74718703104	2016	12	22	3	0	0.11
74718703104	2016	12	22	4	0	0.2
74718703104	2016	12	22	5	0	0.07
74718703104	2016	12	22	6	0	0.06
74718703104	2016	12	22	7	0	0.01
74718703104	2016	12	22	8	0	0.04
74718703104	2016	12	22	10	0	0.02
74718703104	2016	12	22	11	0	0.07
74718703104	2016	12	22	12	0	0.13
74718703104	2016	12	22	13	0	0.13
74718703104	2016	12	22	14	0	0.08
74718703104	2016	12	22	15	0	0.04
74718703104	2016	12	22	16	0	0.01
74718703104	2016	12	22	18	0	0.01
74718703104	2016	12	22	19	0	0.01
74718703104	2016	12	22	22	0	0.02
74718703104	2016	12	22	23	0	0.01
74718703104	2016	12	30	19	0	0.01
74718703104	2016	12	30	20	0	0.02
74718703104	2017	1	1	3	0	0.01
74718703104	2017	1	1	4	0	0.04
74718703104	2017	1	1	5	0	0.07
74718703104	2017	1	1	6	0	0.01
74718703104	2017	1	9	15	0	0.01
74718703104	2017	1	13	9	0	0.01
74718703104	2017	1	13	12	0	0.03
74718703104	2017	1	13	15	0	0.01
74718703104	2017	1	13	16	0	0.02
74718703104	2017	1	13	17	0	0.05
74718703104	2017	1	13	18	0	0.04
74718703104	2017	1	13	19	0	0.07
74718703104	2017	1	13	20	0	0.13
74718703104	2017	1	13	21	0	0.11
74718703104	2017	1	13	22	0	0.1
74718703104	2017	1	13	23	0	0.04
74718703104	2017	1	14	23	0	0.01
74718703104	2017	1	19	16	0	0.02
74718703104	2017	1	19	17	0	0.05
74718703104	2017	1	19	18	0	0.01
74718703104	2017	1	20	21	0	0.01
74718703104	2017	1	20	22	0	0.07
74718703104	2017	1	20	23	0	0.15
74718703104	2017	1	21	0	0	0.09
74718703104	2017	1	21	1	0	0.04
74718703104	2017	1	21	2	0	0.03
74718703104	2017	1	22	23	0	0.01
74718703104	2017	1	23	0	0	0.02
74718703104	2017	1	23	1	0	0.09
74718703104	2017	1	23	2	0	0.06
74718703104	2017	1	23	3	0	0.01
74718703104	2017	1	23	4	0	0.01
74718703104	2017	1	23	6	0	0.01
74718703104	2017	1	23	20	0	0.001
74718703104	2017	2	18	4	0	0.02
74718703104	2017	2	18	5	0	0.13
74718703104	2017	2	18	6	0	0.06
74718703104	2017	2	18	7	0	0.03
74718703104	2017	2	18	8	0	0.01
74718703104	2017	2	18	9	0	0.01
74718703104	2017	2	18	10	0	0.01
74718703104	2017	2	18	15	0	0.05
74718703104	2017	2	18	16	0	0.01
74718703104	2017	2	18	17	0	0.01
74718703104	2017	2	18	21	0	0.01
74718703104	2017	2	18	22	0	0.01
74718703104	2017	2	18	23	0	0.01
74718703104	2017	2	27	17	0	0.01
74718703104	2017	2	27	18	0	0.02
74718703104	2017	2	27	19	0	0.04
74718703104	2017	2	27	20	0	0.03
74718703104	2017	2	27	21	0	0.03
74718703104	2017	2	27	22	0	0.02
74718703104	2017	2	27	23	0	0.02
74718703104	2017	2	28	2	0	0.014
74718703104	2017	2	28	3	0	0.01
74718703104	2017	2	28	4	0	0.02
74718703104	2017	2	28	5	0	0.03
74718703104	2017	2	28	6	0	0.04
74718703104	2017	2	28	7	0	0.03
74718703104	2017	2	28	10	0	0.01
74718703104	2017	8	2	6	0	0.07
74718703104	2017	9	8	21	0	0.001
74718703104	2017	9	9	1	0	0.02
74718703104	2017	9	9	13	0	0.002
74718703104	2017	9	9	23	0	0.022
74718703104	2017	9	10	0	0	0.01
74718703104	2017	9	10	1	0	0.003
74718703104	2018	1	9	7	0	0.01
74718703104	2018	1	9	8	0	0.03
74718703104	2018	1	9	9	0	0.07
74718703104	2018	1	9	10	0	0.14
74718703104	2018	1	9	11	0	0.02
74718703104	2018	1	9	12	0	0.01
74718703104	2018	1	9	13	0	0.03
74718703104	2018	1	9	14	0	0.02
74718703104	2018	1	9	16	0	0.01
74718703104	2018	1	9	17	0	0.01
74718703104	2018	1	9	18	0	0.06
74718703104	2018	8	10	13	0	0.12
74718703104	2018	10	1	0	0	0.02
74718703104	2018	10	13	4	0	0.04
74718703104	2018	10	13	6	0	0.01
74718703104	2018	10	13	7	0	0.53
74718703104	2018	10	13	8	0	0.08
74718703104	2018	10	13	9	0	0.08
74718703104	2018	10	13	10	0	0.06
74718703104	2018	10	13	11	0	0.02
74718703104	2018	12	5	22	0	0.02
74718703104	2018	12	5	23	0	0.03
74718703104	2018	12	6	0	0	0.08
74718703104	2018	12	6	1	0	0.04
74718703104	2018	12	6	2	0	0.04
74718703104	2018	12	6	14	0	0.02
74718703104	2018	12	6	15	0	0.01
74718703104	2018	12	6	20	0	0.01
74718703104	2018	12	7	1	0	0.01
74718703104	2018	12	7	2	0	0.02
74718703104	2018	12	7	3	0	0.09
74718703104	2018	12	7	4	0	0.03
74718703104	2018	12	7	5	0	0.01
74718703104	2018	12	7	6	0	0.01
74718703104	2019	1	6	5	0	0.01
74718703104	2019	1	6	9	0	0.01
74718703104	2019	1	12	15	0	0.04
74718703104	2019	1	12	16	0	0.1
74718703104	2019	1	12	17	0	0.01
74718703104	2019	1	14	19	0	0.03
74718703104	2019	1	14	20	0	0.03
74718703104	2019	1	14	21	0	0.03
74718703104	2019	1	14	23	0	0.02
74718703104	2019	1	15	0	0	0.06
74718703104	2019	1	15	1	0	0.09
74718703104	2019	1	15	2	0	0.04
74718703104	2019	1	15	3	0	0.02
74718703104	2019	1	15	15	0	0.02
74718703104	2019	1	15	17	0	0.02
74718703104	2019	1	15	18	0	0.01
74718703104	2019	1	16	2	0	0.01
74718703104	2019	1	17	19	0	0.01
74718703104	2019	2	1	1	0	0.03
74718703104	2019	2	1	2	0	0.08
74718703104	2019	2	1	3	0	0.03
74718703104	2019	2	2	9	0	0.03
74718703104	2019	2	2	10	0	0.01
74718703104	2019	2	2	23	0	0.01
74718703104	2019	2	3	0	0	0.02
74718703104	2019	2	3	2	0	0.02
74718703104	2019	2	3	3	0	0.04
74718703104	2019	2	14	10	0	0.04
74718703104	2019	2	14	11	0	0.13
74718703104	2019	2	14	12	0	0.06
74718703104	2019	2	14	13	0	0.04
74718703104	2019	2	14	14	0	0.06
74718703104	2019	2	14	15	0	0.05
74718703104	2019	2	14	16	0	0.03
74718703104	2019	2	14	17	0	0.1
74718703104	2019	2	14	18	0	0.17
74718703104	2019	2	14	19	0	0.05
74718703104	2019	2	14	20	0	0.08
74718703104	2019	2	14	21	0	0.08
74718703104	2019	2	14	22	0	0.09
74718703104	2019	2	14	23	0	0.02
74718703104	2019	2	21	23	0	0.02
74718703104	2019	3	6	9	0	0.01
74718703104	2019	3	12	4	0	0.04
74718703104	2019	3	12	5	0	0.03
74718703104	2019	3	12	6	0	0.02
74718703104	2019	3	12	7	0	0.02
74718703104	2019	3	12	8	0	0.02
74718703104	2019	3	12	9	0	0.02
74718703104	2019	3	21	0	0	0.01
74718703104	2019	5	7	4	0	0.01
74718703104	2019	7	23	23	0	0.15
74718703104	2019	7	24	0	0	0.29
74718703104	2019	9	2	8	0	0.39
74718703104	2019	9	26	3	0	0.07
74718703104	2019	9	26	4	0	0.03
74718703104	2019	9	26	5	0	0.01
74718703104	2019	9	26	20	0	0.01
74718703104	2019	11	20	1	0	0.01
74718703104	2019	11	20	3	0	0.01
74718703104	2019	11	20	4	0	0.02
74718703104	2019	11	20	5	0	0.07
74718703104	2019	11	20	6	0	0.13
74718703104	2019	11	20	7	0	0.03
74718703104	2019	11	21	0	0	0.11
74718703104	2019	11	21	1	0	0.02
74718703104	2019	11	28	21	0	0.05
74718703104	2019	11	28	22	0	0.01
74718703104	2019	11	28	23	0	0.03
74718703104	2019	11	29	0	0	0.02
74718703104	2019	11	29	1	0	0.01
74718703104	2019	11	29	5	0	0.01
74718703104	2019	11	29	6	0	0.03
74718703104	2019	11	29	7	0	0.02
74718703104	2019	12	4	13	0	0.01
74718703104	2019	12	4	14	0	0.02
74718703104	2019	12	4	15	0	0.01
74718703104	2019	12	4	16	0	0.07
74718703104	2019	12	4	17	0	0.02
74718703104	2019	12	4	18	0	0.04
74718703104	2019	12	4	19	0	0.04
74718703104	2019	12	4	20	0	0.01
74718703104	2019	12	4	21	0	0.03
74718703104	2019	12	7	1	0	0.01
74718703104	2019	12	7	2	0	0.01
74718703104	2019	12	23	19	0	0.02
74718703104	2019	12	23	20	0	0.08
74718703104	2019	12	23	21	0	0.01
74718703104	2019	12	24	9	0	0.05
74718703104	2019	12	24	10	0	0.08
74718703104	2019	12	26	12	0	0.01
74718703104	2019	12	26	13	0	0.17
74718703104	2019	12	26	14	0	0.16
74718703104	2019	12	26	15	0	0.14
74718703104	2019	12	26	16	0	0.11
74718703104	2019	12	26	17	0	0.08
74718703104	2019	12	26	18	0	0.04
74718703104	2019	12	26	19	0	0.09
74718703104	2019	12	26	20	0	0.06
74718703104	2019	12	26	21	0	0.02
74718703104	2019	12	30	23	0	0.01
74718703104	2019	12	31	0	0	0.02
74718703104	2020	3	10	6	0	0.12
74718703104	2020	3	10	7	0	0.02
74718703104	2020	3	10	9	0	0.02
74718703104	2020	3	10	10	0	0.13
74718703104	2020	3	10	11	0	0.14
74718703104	2020	3	10	12	0	0.06
74718703104	2020	3	10	13	0	0.01
74718703104	2020	3	10	21	0	0.01
74718703104	2020	3	10	23	0	0.01
74718703104	2020	3	11	0	0	0.04
74718703104	2020	3	11	1	0	0.01
74718703104	2020	3	11	3	0	0.01
74718703104	2020	3	12	14	0	0.01
74718703104	2020	3	12	15	0	0.02
74718703104	2020	3	12	16	0	0.01
74718703104	2020	3	12	19	0	0.66
74718703104	2020	3	12	20	0	0.52
74718703104	2020	3	12	21	0	0.4
74718703104	2020	3	12	22	0	0.04
74718703104	2020	3	18	16	0	0.02
74718703104	2020	3	18	17	0	0.02
74718703104	2020	3	18	18	0	0.01
74718703104	2020	3	18	19	0	0.01
74718703104	2020	3	18	21	0	0.02
74718703104	2020	4	8	2	0	0.02
74718703104	2020	4	8	5	0	0.01
74718703104	2020	4	8	10	0	0.02
74718703104	2020	4	8	11	0	0.08
74718703104	2020	4	8	12	0	0.1
74718703104	2020	4	8	13	0	0.18
74718703104	2020	4	8	14	0	0.11
74718703104	2020	4	10	3	0	0.01
74718703104	2020	4	10	22	0	0.01
74718703104	2020	4	10	23	0	0.01
74718703104	2020	4	11	0	0	0.02
74718703104	2020	4	11	1	0	0.01
74718703104	2020	4	11	2	0	0.02
74718703104	2020	4	11	3	0	0.03
74718703104	2020	4	11	4	0	0.03
74718703104	2020	4	11	5	0	0.02
74718703104	2020	4	11	6	0	0.01
74718703104	2020	4	11	7	0	0.02
74718703104	2020	4	11	12	0	0.01
74718703104	2020	12	25	0	0	0.02
74718703104	2020	12	29	5	0	0.02
74718703104	2021	1	20	13	0	0.01
74718703104	2021	1	20	14	0	0.04
74718703104	2021	1	24	1	0	0.01
74718703104	2021	1	25	12	0	0.05
74718703104	2021	1	25	13	0	0.04
74718703104	2021	1	25	14	0	0.03
74718703104	2021	1	25	15	0	0.02
74718703104	2021	1	26	1	0	0.07
74718703104	2021	1	26	2	0	0.01
74718703104	2021	1	29	11	0	0.01
74718703104	2021	1	29	13	0	0.01
74718703104	2021	3	4	1	0	0.01
74718703104	2021	4	6	14	0	0.028
74718703104	2021	4	14	13	0	0.002
74718703104	2021	4	14	14	0	0.002
74718703104	2021	4	14	15	0	0.002
74718703104	2021	7	26	10	0	0.25
74718703104	2021	7	26	11	0	0.04
74718703104	2021	7	26	13	0	0.03
74718703104	2021	7	26	14	0	0.04
74718703104	2021	7	26	15	0	0.08
74718703104	2021	8	11	5	0	0.011
74718703104	2021	8	11	7	0	0.04
74718703104	2021	8	31	3	0	0.01
74718703104	2021	10	5	10	0	0.01
74718703104	2021	12	24	6	0	0.02
74718703104	2021	12	24	7	0	0.01
74718703104	2021	12	24	11	0	0.05
74718703104	2021	12	24	12	0	0.02
74718703104	2021	12	24	16	0	0.01
74718703104	2021	12	24	17	0	0.01
74718703104	2021	12	24	20	0	0.01
