USC00291445	2008	2	13	14	0	0.100
USC00291445	2008	5	3	10	0	0.100
USC00291445	2008	5	5	22	0	0.200
USC00291445	2008	5	5	23	0	0.500
USC00291445	2008	5	7	2	0	0.100
USC00291445	2008	5	7	9	0	0.100
USC00291445	2008	5	10	22	0	0.100
USC00291445	2008	5	15	7	0	0.100
USC00291445	2008	5	15	24	0	0.100
USC00291445	2008	5	16	3	0	0.100
USC00291445	2008	5	17	15	0	0.100
USC00291445	2008	6	21	2	0	0.100
USC00291445	2008	6	23	19	0	0.200
USC00291445	2008	6	26	15	0	0.100
USC00291445	2008	6	29	12	0	0.100
USC00291445	2008	7	9	20	0	0.400
USC00291445	2008	7	9	21	0	0.300
USC00291445	2008	7	9	22	0	0.400
USC00291445	2008	7	9	23	0	0.400
USC00291445	2008	7	9	24	0	0.200
USC00291445	2008	7	10	1	0	0.500
USC00291445	2008	7	10	2	0	0.200
USC00291445	2008	7	10	3	0	0.100
USC00291445	2008	7	10	4	0	0.100
USC00291445	2008	7	10	5	0	0.200
USC00291445	2008	7	10	6	0	0.100
USC00291445	2008	7	11	10	0	0.100
USC00291445	2008	7	12	24	0	0.100
USC00291445	2008	7	14	14	0	0.100
USC00291445	2008	7	15	23	0	0.100
USC00291445	2008	7	15	24	0	0.400
USC00291445	2008	7	16	2	0	0.300
USC00291445	2008	7	17	15	0	0.100
USC00291445	2008	7	26	16	0	0.300
USC00291445	2008	7	27	7	0	0.100
USC00291445	2008	7	30	22	0	0.200
USC00291445	2008	8	7	24	0	0.100
USC00291445	2008	8	8	12	0	0.100
USC00291445	2008	8	11	20	0	0.400
USC00291445	2008	8	11	21	0	0.500
USC00291445	2008	8	12	7	0	0.100
USC00291445	2008	8	31	24	0	0.002
USC00291445	2008	9	1	1	0	0.002
USC00291445	2008	9	1	2	0	0.002
USC00291445	2008	9	1	3	0	0.002
USC00291445	2008	9	1	4	0	0.002
USC00291445	2008	9	1	5	0	0.002
USC00291445	2008	9	1	6	0	0.009
USC00291445	2008	9	1	7	0	0.009
USC00291445	2008	9	1	8	0	0.009
USC00291445	2008	9	1	18	0	0.027
USC00291445	2008	9	1	19	0	0.027
USC00291445	2008	9	1	20	0	0.027
USC00291445	2008	9	1	24	0	0.003
USC00291445	2008	9	2	1	0	0.003
USC00291445	2008	9	2	2	0	0.003
USC00291445	2008	9	2	3	0	0.019
USC00291445	2008	9	2	4	0	0.019
USC00291445	2008	9	2	5	0	0.019
USC00291445	2008	9	2	9	0	0.002
USC00291445	2008	9	2	10	0	0.002
USC00291445	2008	9	3	4	0	0.100
USC00291445	2008	9	7	16	0	0.100
USC00291445	2008	9	11	17	0	0.100
USC00291445	2008	9	13	15	0	0.100
USC00291445	2008	9	13	18	0	0.200
USC00291445	2008	9	14	10	0	0.100
USC00291445	2008	10	5	12	0	0.100
USC00291445	2008	10	8	9	0	0.100
USC00291445	2008	10	12	1	0	0.200
USC00291445	2008	10	12	2	0	0.100
USC00291445	2008	10	12	3	0	0.100
USC00291445	2008	10	14	1	0	0.200
USC00291445	2008	10	14	6	0	0.300
USC00291445	2008	10	14	8	0	0.200
USC00291445	2008	10	14	9	0	0.100
USC00291445	2008	10	19	9	0	0.100
USC00291445	2008	10	20	17	0	0.100
USC00291445	2008	11	28	13	0	0.100
USC00291445	2008	12	8	11	0	0.007
USC00291445	2008	12	8	12	0	0.005
USC00291445	2008	12	8	14	0	0.002
USC00291445	2008	12	9	5	0	0.002
USC00291445	2008	12	9	6	0	0.083
USC00291445	2008	12	9	7	0	0.096
USC00291445	2009	2	8	17	0	0.100
USC00291445	2009	2	9	12	0	0.100
USC00291445	2009	3	20	20	0	0.100
USC00291445	2009	3	20	21	0	0.100
USC00291445	2009	3	20	22	0	0.200
USC00291445	2009	3	20	24	0	0.100
USC00291445	2009	4	12	17	0	0.100
USC00291445	2009	5	19	17	0	0.100
USC00291445	2009	5	20	22	0	0.100
USC00291445	2009	5	20	23	0	0.100
USC00291445	2009	5	22	11	0	0.100
USC00291445	2009	5	31	5	0	0.100
USC00291445	2009	6	2	19	0	0.006
USC00291445	2009	6	2	22	0	0.001
USC00291445	2009	6	3	1	0	0.006
USC00291445	2009	6	3	2	0	0.015
USC00291445	2009	6	3	22	0	0.200
USC00291445	2009	6	4	7	0	0.100
USC00291445	2009	6	19	16	0	0.136
USC00291445	2009	6	19	17	0	0.044
USC00291445	2009	6	19	23	0	0.015
USC00291445	2009	6	19	24	0	0.493
USC00291445	2009	6	20	1	0	0.393
USC00291445	2009	6	20	2	0	0.267
USC00291445	2009	6	20	5	0	0.006
USC00291445	2009	6	24	24	0	0.200
USC00291445	2009	6	26	15	0	0.100
USC00291445	2009	6	26	21	0	0.100
USC00291445	2009	6	27	1	0	0.200
USC00291445	2009	6	28	6	0	0.013
USC00291445	2009	6	28	7	0	0.001
USC00291445	2009	6	28	14	0	0.005
USC00291445	2009	6	28	16	0	0.006
USC00291445	2009	6	28	17	0	0.189
USC00291445	2009	6	28	18	0	0.241
USC00291445	2009	6	28	19	0	0.007
USC00291445	2009	6	29	4	0	0.039
USC00291445	2009	6	29	5	0	0.086
USC00291445	2009	6	29	6	0	0.004
USC00291445	2009	6	29	7	0	0.001
USC00291445	2009	6	29	8	0	0.003
USC00291445	2009	6	29	9	0	0.033
USC00291445	2009	6	29	10	0	0.006
USC00291445	2009	6	29	11	0	0.001
USC00291445	2009	6	29	17	0	0.203
USC00291445	2009	6	29	18	0	0.278
USC00291445	2009	6	29	19	0	0.042
USC00291445	2009	6	29	20	0	0.012
USC00291445	2009	6	29	24	0	0.188
USC00291445	2009	6	30	1	0	0.414
USC00291445	2009	6	30	2	0	0.183
USC00291445	2009	6	30	3	0	0.002
USC00291445	2009	7	6	22	0	0.005
USC00291445	2009	7	6	23	0	0.01
USC00291445	2009	7	6	24	0	0.048
USC00291445	2009	7	7	1	0	0.026
USC00291445	2009	7	7	2	0	0.01
USC00291445	2009	7	16	22	0	0.100
USC00291445	2009	7	18	17	0	0.100
USC00291445	2009	7	18	21	0	0.100
USC00291445	2009	7	22	2	0	0.100
USC00291445	2009	7	22	3	0	0.100
USC00291445	2009	7	22	4	0	0.800
USC00291445	2009	7	22	5	0	0.500
USC00291445	2009	7	22	6	0	0.500
USC00291445	2009	7	22	7	0	0.300
USC00291445	2009	7	22	8	0	0.200
USC00291445	2009	7	22	9	0	0.100
USC00291445	2009	7	22	10	0	0.200
USC00291445	2009	7	28	22	0	0.500
USC00291445	2009	7	29	22	0	0.100
USC00291445	2009	7	30	22	0	0.100
USC00291445	2009	7	30	24	0	0.100
USC00291445	2009	9	5	15	0	0.700
USC00291445	2009	9	11	18	0	0.100
USC00291445	2009	9	11	20	0	0.100
USC00291445	2009	9	12	17	0	0.100
USC00291445	2009	9	16	9	0	0.100
USC00291445	2009	9	16	10	0	0.100
USC00291445	2009	9	16	11	0	0.600
USC00291445	2009	9	16	12	0	0.300
USC00291445	2009	9	16	13	0	0.100
USC00291445	2009	9	20	2	0	0.100
USC00291445	2009	9	21	20	0	0.100
USC00291445	2009	9	21	21	0	0.300
USC00291445	2009	9	21	22	0	0.100
USC00291445	2009	9	21	23	0	0.100
USC00291445	2009	9	22	20	0	0.100
USC00291445	2009	10	3	14	0	0.100
USC00291445	2009	10	3	16	0	0.100
USC00291445	2009	10	7	15	0	0.200
USC00291445	2009	10	7	16	0	0.200
USC00291445	2009	10	20	19	0	0.100
USC00291445	2009	10	20	20	0	0.100
USC00291445	2009	10	20	21	0	0.200
USC00291445	2009	10	20	22	0	0.500
USC00291445	2009	10	20	23	0	0.100
USC00291445	2009	10	20	24	0	0.300
USC00291445	2009	10	21	7	0	0.100
USC00291445	2009	10	25	22	0	0.100
USC00291445	2009	10	26	2	0	0.100
USC00291445	2009	10	26	8	0	0.100
USC00291445	2009	11	3	14	0	0.100
USC00291445	2009	11	30	20	0	0.018
USC00291445	2009	11	30	21	0	0.006
USC00291445	2009	12	1	4	0	0.100
USC00291445	2009	12	1	9	0	0.100
USC00291445	2009	12	3	20	0	0.100
USC00291445	2009	12	21	17	0	0.200
USC00291445	2009	12	23	11	0	0.100
USC00291445	2009	12	23	21	0	0.100
USC00291445	2009	12	29	8	0	0.100
USC00291445	2009	12	31	23	0	0.100
USC00291445	2010	1	22	16	0	0.100
USC00291445	2010	1	28	1	0	0.100
USC00291445	2010	1	28	2	0	0.100
USC00291445	2010	1	28	3	0	0.200
USC00291445	2010	1	28	4	0	0.100
USC00291445	2010	1	28	5	0	0.300
USC00291445	2010	1	28	6	0	0.100
USC00291445	2010	1	29	14	0	0.100
USC00291445	2010	2	3	4	0	0.100
USC00291445	2010	2	3	6	0	0.100
USC00291445	2010	2	3	8	0	0.100
USC00291445	2010	2	3	10	0	0.100
USC00291445	2010	2	3	11	0	0.100
USC00291445	2010	2	3	15	0	0.100
USC00291445	2010	2	3	23	0	0.100
USC00291445	2010	2	7	22	0	0.003
USC00291445	2010	2	8	2	0	0.011
USC00291445	2010	2	8	11	0	0.024
USC00291445	2010	2	11	1	0	0.005
USC00291445	2010	2	11	2	0	0.005
USC00291445	2010	2	11	10	0	0.03
USC00291445	2010	2	11	11	0	0.058
USC00291445	2010	2	11	15	0	0.003
USC00291445	2010	2	22	18	0	0.063
USC00291445	2010	2	22	19	0	0.007
USC00291445	2010	2	22	20	0	0.134
USC00291445	2010	2	22	21	0	0.003
USC00291445	2010	2	22	22	0	0.01
USC00291445	2010	2	27	8	0	0.03
USC00291445	2010	2	28	14	0	0.012
USC00291445	2010	2	28	15	0	0.016
USC00291445	2010	2	28	23	0	0.042
USC00291445	2010	2	28	24	0	0.057
USC00291445	2010	3	1	1	0	0.084
USC00291445	2010	3	1	10	0	0.002
USC00291445	2010	3	1	11	0	0.014
USC00291445	2010	3	7	24	0	0.003
USC00291445	2010	3	8	1	0	0.023
USC00291445	2010	3	8	7	0	0.001
USC00291445	2010	3	8	12	0	0.001
USC00291445	2010	3	8	13	0	0.002
USC00291445	2010	3	15	6	0	0.100
USC00291445	2010	3	15	9	0	0.100
USC00291445	2010	3	15	10	0	0.100
USC00291445	2010	3	15	11	0	0.100
USC00291445	2010	3	15	21	0	0.100
USC00291445	2010	3	16	22	0	0.100
USC00291445	2010	3	19	20	0	0.002
USC00291445	2010	3	19	21	0	0.034
USC00291445	2010	3	19	22	0	0.013
USC00291445	2010	4	14	24	0	0.200
USC00291445	2010	4	15	1	0	0.500
USC00291445	2010	4	15	3	0	0.100
USC00291445	2010	4	15	4	0	0.100
USC00291445	2010	4	15	6	0	0.100
USC00291445	2010	4	22	13	0	0.100
USC00291445	2010	4	22	20	0	0.100
USC00291445	2010	5	14	13	0	0.100
USC00291445	2010	5	16	9	0	0.100
USC00291445	2010	5	17	20	0	0.100
USC00291445	2010	6	20	17	0	0.100
USC00291445	2010	6	22	18	0	0.100
USC00291445	2010	6	26	16	0	0.300
USC00291445	2010	6	27	18	0	0.200
USC00291445	2010	6	27	19	0	0.100
USC00291445	2010	7	1	7	0	0.100
USC00291445	2010	7	2	13	0	0.100
USC00291445	2010	7	2	19	0	0.100
USC00291445	2010	7	2	24	0	0.100
USC00291445	2010	7	3	9	0	0.100
USC00291445	2010	7	3	11	0	0.100
USC00291445	2010	7	3	13	0	0.100
USC00291445	2010	7	7	17	0	0.200
USC00291445	2010	7	11	4	0	0.100
USC00291445	2010	7	23	15	0	0.100
USC00291445	2010	7	23	16	0	0.800
USC00291445	2010	7	23	17	0	0.100
USC00291445	2010	7	23	18	0	0.100
USC00291445	2010	7	24	18	0	1.900
USC00291445	2010	7	24	19	0	0.200
USC00291445	2010	7	24	20	0	0.200
USC00291445	2010	7	24	21	0	0.100
USC00291445	2010	7	24	22	0	0.100
USC00291445	2010	7	25	8	0	0.100
USC00291445	2010	8	8	14	0	0.700
USC00291445	2010	8	8	18	0	0.100
USC00291445	2010	8	10	18	0	0.300
USC00291445	2010	8	10	19	0	0.100
USC00291445	2010	8	24	13	0	0.100
USC00291445	2010	8	30	2	0	0.100
USC00291445	2010	8	30	3	0	0.200
USC00291445	2010	8	30	4	0	0.100
USC00291445	2010	9	2	9	0	0.01
USC00291445	2010	9	3	2	0	0.003
USC00291445	2010	9	3	4	0	0.005
USC00291445	2010	9	3	5	0	0.007
USC00291445	2010	9	9	16	0	0.008
USC00291445	2010	9	9	17	0	0.001
USC00291445	2010	9	14	16	0	0.04
USC00291445	2010	9	14	17	0	0.077
USC00291445	2010	9	14	18	0	0.013
USC00291445	2010	9	15	24	0	0.09
USC00291445	2010	9	16	1	0	0.023
USC00291445	2010	9	16	16	0	0.002
USC00291445	2010	9	16	17	0	0.001
USC00291445	2010	9	16	18	0	0.016
USC00291445	2010	9	16	19	0	0.035
USC00291445	2010	9	16	20	0	0.023
USC00291445	2010	9	16	21	0	0.06
USC00291445	2010	9	16	22	0	0.005
USC00291445	2010	9	22	17	0	0.016
USC00291445	2010	9	22	18	0	0.035
USC00291445	2010	9	22	20	0	0.017
USC00291445	2010	9	22	21	0	0.028
USC00291445	2010	9	22	22	0	0.117
USC00291445	2010	9	22	23	0	0.162
USC00291445	2010	9	22	24	0	0.101
USC00291445	2010	9	23	1	0	0.001
USC00291445	2010	9	23	5	0	0.029
USC00291445	2010	9	23	6	0	0.168
USC00291445	2010	9	23	7	0	0.07
USC00291445	2010	9	23	8	0	0.003
USC00291445	2010	9	23	9	0	0.006
USC00291445	2010	9	23	10	0	0.001
USC00291445	2010	9	23	24	0	0.001
USC00291445	2010	9	24	1	0	0.003
USC00291445	2010	9	24	2	0	0.004
USC00291445	2010	9	24	3	0	0.003
USC00291445	2010	9	24	4	0	0.002
USC00291445	2010	9	24	5	0	0.002
USC00291445	2010	9	25	7	0	0.002
USC00291445	2010	9	25	12	0	0.013
USC00291445	2010	9	25	21	0	0.011
USC00291445	2010	9	25	22	0	0.011
USC00291445	2010	9	25	23	0	0.009
USC00291445	2010	9	25	24	0	0.008
USC00291445	2010	9	26	1	0	0.012
USC00291445	2010	9	26	2	0	0.017
USC00291445	2010	9	26	3	0	0.009
USC00291445	2010	9	26	4	0	0.007
USC00291445	2010	10	3	1	0	0.100
USC00291445	2010	10	3	2	0	0.300
USC00291445	2010	10	3	3	0	0.200
USC00291445	2010	10	3	4	0	0.100
USC00291445	2010	10	21	7	0	0.200
USC00291445	2010	10	21	8	0	0.200
USC00291445	2010	10	23	9	0	0.100
USC00291445	2010	12	30	20	0	0.100
USC00291445	2011	2	6	10	0	0.100
USC00291445	2011	2	6	11	0	0.100
USC00291445	2011	2	11	11	0	0.100
USC00291445	2011	6	2	6	0	0.002
USC00291445	2011	6	2	19	0	0.008
USC00291445	2011	6	2	20	0	0.018
USC00291445	2011	6	2	21	0	0.011
USC00291445	2011	6	2	22	0	0.019
USC00291445	2011	6	2	23	0	0.007
USC00291445	2011	6	27	17	0	0.021
USC00291445	2011	6	27	18	0	0.011
USC00291445	2011	6	27	19	0	0.006
USC00291445	2011	6	27	20	0	0.019
USC00291445	2011	6	27	21	0	0.037
USC00291445	2011	6	27	22	0	0.012
USC00291445	2011	7	3	15	0	0.002
USC00291445	2011	7	3	24	0	0.007
USC00291445	2011	7	4	1	0	0.004
USC00291445	2011	7	4	2	0	0.003
USC00291445	2011	7	11	15	0	0.02
USC00291445	2011	7	11	16	0	0.039
USC00291445	2011	7	11	17	0	0.008
USC00291445	2011	7	11	18	0	0.002
USC00291445	2011	7	11	20	0	0.004
USC00291445	2011	7	11	21	0	0.001
USC00291445	2011	7	13	14	0	0.013
USC00291445	2011	7	13	15	0	0.149
USC00291445	2011	7	13	16	0	0.126
USC00291445	2011	7	13	17	0	0.347
USC00291445	2011	7	13	18	0	0.023
USC00291445	2011	7	13	22	0	0.007
USC00291445	2011	7	13	23	0	0.01
USC00291445	2011	7	13	24	0	0.008
USC00291445	2011	7	14	2	0	0.001
USC00291445	2011	7	14	3	0	0.001
USC00291445	2011	7	24	18	0	1.000
USC00291445	2011	8	9	10	0	0.100
USC00291445	2011	8	12	6	0	0.200
USC00291445	2011	8	12	9	0	0.100
USC00291445	2011	9	4	4	0	0.100
USC00291445	2011	9	4	5	0	0.100
USC00291445	2011	9	4	6	0	0.200
USC00291445	2011	9	14	24	0	0.200
USC00291445	2011	9	15	1	0	0.300
USC00291445	2011	9	15	2	0	0.300
USC00291445	2011	9	15	3	0	0.500
USC00291445	2011	9	15	4	0	0.500
USC00291445	2011	9	15	5	0	0.100
USC00291445	2011	9	28	20	0	0.100
USC00291445	2011	10	5	7	0	0.002
USC00291445	2011	10	5	8	0	0.002
USC00291445	2011	10	26	19	0	0.008
USC00291445	2011	10	26	20	0	0.072
USC00291445	2011	10	26	21	0	0.084
USC00291445	2011	10	26	22	0	0.055
USC00291445	2011	10	26	23	0	0.039
USC00291445	2011	10	26	24	0	0.061
USC00291445	2011	10	27	1	0	0.003
USC00291445	2011	10	27	3	0	0.066
USC00291445	2011	10	27	5	0	0.001
USC00291445	2011	10	27	6	0	0.092
USC00291445	2011	10	27	7	0	0.005
USC00291445	2011	10	27	8	0	0.003
USC00291445	2011	10	27	12	0	0.005
USC00291445	2011	11	14	4	0	0.004
USC00291445	2011	11	14	5	0	0.005
USC00291445	2011	11	14	6	0	0.027
USC00291445	2011	11	21	16	0	0.005
USC00291445	2011	11	25	8	0	0.025
USC00291445	2011	11	25	9	0	0.019
USC00291445	2011	11	25	10	0	0.002
USC00291445	2011	11	25	15	0	0.012
USC00291445	2011	12	2	24	0	0.003
USC00291445	2011	12	3	1	0	0.003
USC00291445	2011	12	3	2	0	0.003
USC00291445	2011	12	3	3	0	0.001
USC00291445	2011	12	3	4	0	0.001
USC00291445	2011	12	3	5	0	0.001
USC00291445	2011	12	3	9	0	0.001
USC00291445	2011	12	3	10	0	0.001
USC00291445	2011	12	3	11	0	0.001
USC00291445	2011	12	4	18	0	0.003
USC00291445	2011	12	4	19	0	0.003
USC00291445	2011	12	4	20	0	0.003
USC00291445	2011	12	4	21	0	0.002
USC00291445	2011	12	4	22	0	0.002
USC00291445	2011	12	4	23	0	0.002
USC00291445	2011	12	4	24	0	0.002
USC00291445	2011	12	5	1	0	0.002
USC00291445	2011	12	5	2	0	0.002
USC00291445	2011	12	5	3	0	0.004
USC00291445	2011	12	5	4	0	0.004
USC00291445	2011	12	5	5	0	0.004
USC00291445	2011	12	5	6	0	0.007
USC00291445	2011	12	5	7	0	0.007
USC00291445	2011	12	5	8	0	0.007
USC00291445	2011	12	5	9	0	0.004
USC00291445	2011	12	5	10	0	0.004
USC00291445	2011	12	5	11	0	0.004
USC00291445	2011	12	12	6	0	0.003
USC00291445	2011	12	12	7	0	0.003
USC00291445	2011	12	12	8	0	0.003
USC00291445	2011	12	13	20	0	0.003
USC00291445	2011	12	13	23	0	0.001
USC00291445	2011	12	18	22	0	0.01
USC00291445	2011	12	18	24	0	0.034
USC00291445	2011	12	19	1	0	0.074
USC00291445	2011	12	19	2	0	0.238
USC00291445	2011	12	19	3	0	0.057
USC00291445	2011	12	19	4	0	0.082
USC00291445	2011	12	19	5	0	0.071
USC00291445	2011	12	19	11	0	0.003
USC00291445	2011	12	19	12	0	0.027
USC00291445	2011	12	23	13	0	0.001
USC00291445	2011	12	23	16	0	0.043
USC00291445	2011	12	23	17	0	0.067
USC00291445	2011	12	23	18	0	0.083
USC00291445	2011	12	23	19	0	0.048
USC00291445	2011	12	24	3	0	0.031
USC00291445	2011	12	24	4	0	0.033
USC00291445	2011	12	24	5	0	0.005
USC00291445	2011	12	24	6	0	0.035
USC00291445	2011	12	24	7	0	0.053
USC00291445	2011	12	24	8	0	0.002
USC00291445	2011	12	24	13	0	0.027
USC00291445	2011	12	24	14	0	0.017
USC00291445	2011	12	24	15	0	0.015
USC00291445	2011	12	24	16	0	0.002
USC00291445	2011	12	25	10	0	0.015
USC00291445	2011	12	25	12	0	0.015
USC00291445	2011	12	26	14	0	0.002
USC00291445	2011	12	26	15	0	0.002
USC00291445	2011	12	26	16	0	0.001
USC00291445	2011	12	26	17	0	0.001
USC00291445	2012	1	4	9	0	2.130
USC00291445	2012	1	6	9	0	0.010
USC00291445	2012	1	6	12	0	0.010
USC00291445	2012	1	11	7	0	0.010
USC00291445	2012	1	11	19	0	0.010
USC00291445	2012	1	11	20	0	0.010
USC00291445	2012	1	11	22	0	0.010
USC00291445	2012	1	12	22	0	0.010
USC00291445	2012	1	19	9	0	0.010
USC00291445	2012	1	21	24	0	0.010
USC00291445	2012	1	22	1	0	0.020
USC00291445	2012	1	22	2	0	0.010
USC00291445	2012	1	22	11	0	0.010
USC00291445	2012	1	22	12	0	0.010
USC00291445	2012	1	27	8	0	0.010
USC00291445	2012	1	27	18	0	0.050
USC00291445	2012	1	27	20	0	0.020
USC00291445	2012	1	31	9	0	0.010
USC00291445	2012	2	1	8	0	0.010
USC00291445	2012	2	9	10	0	0.010
USC00291445	2012	2	12	5	0	0.020
USC00291445	2012	2	12	6	0	0.010
USC00291445	2012	2	12	7	0	0.010
USC00291445	2012	2	12	13	0	0.010
USC00291445	2012	2	12	21	0	0.010
USC00291445	2012	2	16	24	0	0.010
USC00291445	2012	2	17	1	0	0.030
USC00291445	2012	2	17	2	0	0.020
USC00291445	2012	2	17	3	0	0.010
USC00291445	2012	2	20	11	0	0.040
USC00291445	2012	2	20	12	0	0.010
USC00291445	2012	2	20	13	0	0.020
USC00291445	2012	2	21	3	0	0.010
USC00291445	2012	2	22	9	0	0.010
USC00291445	2012	2	22	15	0	0.020
USC00291445	2012	2	27	10	0	0.010
USC00291445	2012	2	27	19	0	0.010
USC00291445	2012	3	3	7	0	0.010
USC00291445	2012	3	6	21	0	0.010
USC00291445	2012	3	9	13	0	0.030
USC00291445	2012	3	9	14	0	0.010
USC00291445	2012	3	9	18	0	0.040
USC00291445	2012	3	9	20	0	0.010
USC00291445	2012	3	9	22	0	0.010
USC00291445	2012	3	10	2	0	0.010
USC00291445	2012	3	10	3	0	0.010
USC00291445	2012	3	10	8	0	0.010
USC00291445	2012	3	11	9	0	0.020
USC00291445	2012	3	11	21	0	0.010
USC00291445	2012	3	13	23	0	0.010
USC00291445	2012	3	19	11	0	0.010
USC00291445	2012	3	19	12	0	0.030
USC00291445	2012	3	20	15	0	0.020
USC00291445	2012	3	20	21	0	0.010
USC00291445	2012	3	21	17	0	0.010
USC00291445	2012	3	23	7	0	0.010
USC00291445	2012	3	26	24	0	0.010
USC00291445	2012	3	29	1	0	0.010
USC00291445	2012	4	6	7	0	0.010
USC00291445	2012	4	10	18	0	0.010
USC00291445	2012	4	10	19	0	0.290
USC00291445	2012	4	11	7	0	0.010
USC00291445	2012	4	11	16	0	0.090
USC00291445	2012	4	11	17	0	0.020
USC00291445	2012	4	12	16	0	0.010
USC00291445	2012	4	13	23	0	0.010
USC00291445	2012	4	18	7	0	0.010
USC00291445	2012	4	18	24	0	0.010
USC00291445	2012	4	19	22	0	0.010
USC00291445	2012	4	19	23	0	0.020
USC00291445	2012	4	23	8	0	0.010
USC00291445	2012	4	24	8	0	0.010
USC00291445	2012	5	7	16	0	0.040
USC00291445	2012	5	7	17	0	0.410
USC00291445	2012	5	7	22	0	0.190
USC00291445	2012	5	7	23	0	0.020
USC00291445	2012	5	7	24	0	0.010
USC00291445	2012	5	8	2	0	0.040
USC00291445	2012	5	8	3	0	0.020
USC00291445	2012	5	10	6	0	0.020
USC00291445	2012	5	10	7	0	0.050
USC00291445	2012	5	10	8	0	0.010
USC00291445	2012	5	10	10	0	0.020
USC00291445	2012	5	10	11	0	0.010
USC00291445	2012	5	10	12	0	0.040
USC00291445	2012	5	10	13	0	0.090
USC00291445	2012	5	10	17	0	0.010
USC00291445	2012	5	10	18	0	0.040
USC00291445	2012	5	10	19	0	0.050
USC00291445	2012	5	10	20	0	0.030
USC00291445	2012	5	10	21	0	0.020
USC00291445	2012	5	10	22	0	0.010
USC00291445	2012	5	12	6	0	0.010
USC00291445	2012	5	12	16	0	0.010
USC00291445	2012	5	13	13	0	0.010
USC00291445	2012	5	13	14	0	0.010
USC00291445	2012	5	13	17	0	0.010
USC00291445	2012	5	13	18	0	0.040
USC00291445	2012	5	14	12	0	0.040
USC00291445	2012	5	15	1	0	0.010
USC00291445	2012	5	15	16	0	0.010
USC00291445	2012	6	2	14	0	0.010
USC00291445	2012	6	3	24	0	0.010
USC00291445	2012	6	4	14	0	0.040
USC00291445	2012	6	4	15	0	0.140
USC00291445	2012	6	4	16	0	0.010
USC00291445	2012	6	5	14	0	0.010
USC00291445	2012	6	14	13	0	0.010
USC00291445	2012	6	15	13	0	0.010
USC00291445	2012	6	15	16	0	0.140
USC00291445	2012	6	15	17	0	0.600
USC00291445	2012	6	15	18	0	0.070
USC00291445	2012	6	16	14	0	0.010
USC00291445	2012	6	16	15	0	0.050
USC00291445	2012	6	16	19	0	0.020
USC00291445	2012	6	16	20	0	0.020
USC00291445	2012	6	16	21	0	0.030
USC00291445	2012	6	16	22	0	0.150
USC00291445	2012	6	16	23	0	0.050
USC00291445	2012	6	16	24	0	0.070
USC00291445	2012	6	18	13	0	0.010
USC00291445	2012	7	6	14	0	0.010
USC00291445	2012	7	8	14	0	0.040
USC00291445	2012	7	9	5	0	0.050
USC00291445	2012	7	9	6	0	0.100
USC00291445	2012	7	9	7	0	0.020
USC00291445	2012	7	9	20	0	0.020
USC00291445	2012	7	9	22	0	0.170
USC00291445	2012	7	9	23	0	0.040
USC00291445	2012	7	10	9	0	0.060
USC00291445	2012	7	10	10	0	0.120
USC00291445	2012	7	10	11	0	0.090
USC00291445	2012	7	10	12	0	0.130
USC00291445	2012	7	11	20	0	0.010
USC00291445	2012	7	16	21	0	0.010
USC00291445	2012	7	16	22	0	0.010
USC00291445	2012	7	23	1	0	0.040
USC00291445	2012	7	23	6	0	0.200
USC00291445	2012	7	23	7	0	0.020
USC00291445	2012	7	23	8	0	0.010
USC00291445	2012	7	23	9	0	0.020
USC00291445	2012	8	12	23	0	0.380
USC00291445	2012	8	12	24	0	0.090
USC00291445	2012	8	13	1	0	0.180
USC00291445	2012	8	13	2	0	0.020
USC00291445	2012	8	14	3	0	0.050
USC00291445	2012	8	14	4	0	0.010
USC00291445	2012	8	18	15	0	0.010
USC00291445	2012	8	18	16	0	0.040
USC00291445	2012	8	18	17	0	0.010
USC00291445	2012	8	18	21	0	0.010
USC00291445	2012	8	19	18	0	0.010
USC00291445	2012	8	20	20	0	0.110
USC00291445	2012	8	20	21	0	0.010
USC00291445	2012	8	20	24	0	0.020
USC00291445	2012	8	21	19	0	0.010
USC00291445	2012	8	22	15	0	0.010
USC00291445	2012	8	23	1	0	0.010
USC00291445	2012	8	23	18	0	0.030
USC00291445	2012	8	23	19	0	0.180
USC00291445	2012	8	31	13	0	0.010
USC00291445	2012	9	1	14	0	0.010
USC00291445	2012	9	3	14	0	0.010
USC00291445	2012	9	7	21	0	0.010
USC00291445	2012	9	7	23	0	0.020
USC00291445	2012	9	7	24	0	0.020
USC00291445	2012	9	8	2	0	0.020
USC00291445	2012	9	8	5	0	0.030
USC00291445	2012	9	8	15	0	0.010
USC00291445	2012	9	8	16	0	0.020
USC00291445	2012	9	8	17	0	0.010
USC00291445	2012	9	8	18	0	0.010
USC00291445	2012	9	8	21	0	0.010
USC00291445	2012	9	9	20	0	0.010
USC00291445	2012	9	11	9	0	0.010
USC00291445	2012	9	12	13	0	0.010
USC00291445	2012	9	12	21	0	0.050
USC00291445	2012	9	12	22	0	0.140
USC00291445	2012	9	13	4	0	0.030
USC00291445	2012	9	13	5	0	0.090
USC00291445	2012	9	13	6	0	0.050
USC00291445	2012	9	13	7	0	0.020
USC00291445	2012	9	13	15	0	0.010
USC00291445	2012	9	14	15	0	0.010
USC00291445	2012	9	16	14	0	0.010
USC00291445	2012	9	28	9	0	0.190
USC00291445	2012	9	28	10	0	0.100
USC00291445	2012	9	28	12	0	0.240
USC00291445	2012	9	28	13	0	0.090
USC00291445	2012	9	28	14	0	0.080
USC00291445	2012	9	28	15	0	0.030
USC00291445	2012	9	28	16	0	0.030
USC00291445	2012	9	28	18	0	0.020
USC00291445	2012	9	28	19	0	0.020
USC00291445	2012	9	28	20	0	0.010
USC00291445	2012	9	28	21	0	0.010
USC00291445	2012	9	28	22	0	0.010
USC00291445	2012	9	28	23	0	0.020
USC00291445	2012	9	28	24	0	0.010
USC00291445	2012	9	29	1	0	0.010
USC00291445	2012	9	30	5	0	0.010
USC00291445	2012	9	30	18	0	0.190
USC00291445	2012	9	30	19	0	0.040
USC00291445	2012	10	2	16	0	0.010
USC00291445	2012	10	8	7	0	0.010
USC00291445	2012	10	12	3	0	0.070
USC00291445	2012	10	12	4	0	0.630
USC00291445	2012	10	13	19	0	0.010
USC00291445	2012	10	23	23	0	0.010
USC00291445	2012	11	9	24	0	0.010
USC00291445	2012	11	18	10	0	0.010
USC00291445	2012	12	14	13	0	0.130
USC00291445	2012	12	14	14	0	0.010
USC00291445	2012	12	19	10	0	0.010
USC00291445	2012	12	19	15	0	0.020
USC00291445	2012	12	30	20	0	0.070
USC00291445	2012	12	30	21	0	0.100
USC00291445	2012	12	31	8	0	0.010
USC00291445	2013	1	1	3	0	0.010
USC00291445	2013	1	3	24	0	0.020
USC00291445	2013	1	4	1	0	0.010
USC00291445	2013	1	4	2	0	0.010
USC00291445	2013	1	4	3	0	0.010
USC00291445	2013	1	4	6	0	0.020
USC00291445	2013	1	8	9	0	0.010
USC00291445	2013	1	9	14	0	0.020
USC00291445	2013	1	9	16	0	0.020
USC00291445	2013	1	9	19	0	0.080
USC00291445	2013	1	9	20	0	0.200
USC00291445	2013	1	9	21	0	0.060
USC00291445	2013	1	9	22	0	0.010
USC00291445	2013	1	10	1	0	0.010
USC00291445	2013	1	19	6	0	0.010
USC00291445	2013	1	21	10	0	0.010
USC00291445	2013	1	24	9	0	0.010
USC00291445	2013	1	24	21	0	0.010
USC00291445	2013	1	30	8	0	0.010
USC00291445	2013	2	1	9	0	0.010
USC00291445	2013	2	1	23	0	0.010
USC00291445	2013	2	9	8	0	0.010
USC00291445	2013	2	9	14	0	0.020
USC00291445	2013	2	10	8	0	0.010
USC00291445	2013	2	18	7	0	0.010
USC00291445	2013	2	19	14	0	0.030
USC00291445	2013	2	19	20	0	0.010
USC00291445	2013	2	19	21	0	0.030
USC00291445	2013	2	19	23	0	0.010
USC00291445	2013	2	19	24	0	0.010
USC00291445	2013	2	24	12	0	0.020
USC00291445	2013	2	25	2	0	0.010
USC00291445	2013	2	25	7	0	0.010
USC00291445	2013	2	27	8	0	0.010
USC00291445	2013	2	27	9	0	0.010
USC00291445	2013	3	3	24	0	0.010
USC00291445	2013	3	7	8	0	0.010
USC00291445	2013	3	7	23	0	0.010
USC00291445	2013	3	8	21	0	0.010
USC00291445	2013	3	8	22	0	0.010
USC00291445	2013	3	14	9	0	0.010
USC00291445	2013	3	17	15	0	0.020
USC00291445	2013	3	21	13	0	0.020
USC00291445	2013	3	22	9	0	0.010
USC00291445	2013	3	24	10	0	0.010
USC00291445	2013	3	26	10	0	0.010
USC00291445	2013	4	1	3	0	0.010
USC00291445	2013	4	5	8	0	0.010
USC00291445	2013	4	12	8	0	0.010
USC00291445	2013	4	14	14	0	0.010
USC00291445	2013	4	17	14	0	0.040
USC00291445	2013	4	17	17	0	0.030
USC00291445	2013	4	18	10	0	0.010
USC00291445	2013	4	20	15	0	0.010
USC00291445	2013	4	27	7	0	0.010
USC00291445	2013	5	1	24	0	0.020
USC00291445	2013	5	2	1	0	0.020
USC00291445	2013	5	2	16	0	0.010
USC00291445	2013	5	3	6	0	0.010
USC00291445	2013	5	6	7	0	0.010
USC00291445	2013	5	6	8	0	0.010
USC00291445	2013	5	7	13	0	0.010
USC00291445	2013	5	10	1	0	0.010
USC00291445	2013	5	10	6	0	0.010
USC00291445	2013	5	10	7	0	0.010
USC00291445	2013	5	13	15	0	0.010
USC00291445	2013	5	23	5	0	0.010
USC00291445	2013	5	25	16	0	1.080
USC00291445	2013	5	25	17	0	0.230
USC00291445	2013	5	25	18	0	0.010
USC00291445	2013	5	27	24	0	0.010
USC00291445	2013	5	28	21	0	0.010
USC00291445	2013	6	2	22	0	0.021
USC00291445	2013	6	2	23	0	0.462
USC00291445	2013	6	2	24	0	0.039
USC00291445	2013	6	3	3	0	0.003
USC00291445	2013	6	3	5	0	0.012
USC00291445	2013	6	5	20	0	0.093
USC00291445	2013	6	5	21	0	0.001
USC00291445	2013	6	7	21	0	0.046
USC00291445	2013	6	7	22	0	0.253
USC00291445	2013	6	7	23	0	0.036
USC00291445	2013	6	14	20	0	0.130
USC00291445	2013	6	15	16	0	0.010
USC00291445	2013	6	17	15	0	0.020
USC00291445	2013	6	17	16	0	0.450
USC00291445	2013	6	17	23	0	0.020
USC00291445	2013	6	18	3	0	0.030
USC00291445	2013	6	19	15	0	0.010
USC00291445	2013	6	20	18	0	0.070
USC00291445	2013	6	20	21	0	0.070
USC00291445	2013	6	20	22	0	0.010
USC00291445	2013	6	20	24	0	0.010
USC00291445	2013	6	30	23	0	0.380
USC00291445	2013	6	30	24	0	0.190
USC00291445	2013	7	1	1	0	0.150
USC00291445	2013	7	1	2	0	0.030
USC00291445	2013	7	1	18	0	0.410
USC00291445	2013	7	1	19	0	0.370
USC00291445	2013	7	3	17	0	0.010
USC00291445	2013	7	3	19	0	0.070
USC00291445	2013	7	9	15	0	0.010
USC00291445	2013	7	13	14	0	0.010
USC00291445	2013	7	14	15	0	0.010
USC00291445	2013	7	14	23	0	0.010
USC00291445	2013	7	15	3	0	0.020
USC00291445	2013	7	15	4	0	0.010
USC00291445	2013	7	15	6	0	0.040
USC00291445	2013	7	17	9	0	0.170
USC00291445	2013	7	17	10	0	0.210
USC00291445	2013	7	17	11	0	0.070
USC00291445	2013	7	18	3	0	0.010
USC00291445	2013	7	18	4	0	0.050
USC00291445	2013	7	18	5	0	0.060
USC00291445	2013	7	18	6	0	0.030
USC00291445	2013	7	18	8	0	0.090
USC00291445	2013	7	18	19	0	0.010
USC00291445	2013	7	20	15	0	0.010
USC00291445	2013	7	24	12	0	0.010
USC00291445	2013	7	24	15	0	0.040
USC00291445	2013	7	25	12	0	0.010
USC00291445	2013	7	31	11	0	0.060
USC00291445	2013	8	6	17	0	0.020
USC00291445	2013	8	7	14	0	0.010
USC00291445	2013	8	10	17	0	0.030
USC00291445	2013	8	11	3	0	0.910
USC00291445	2013	8	11	4	0	0.230
USC00291445	2013	8	11	5	0	0.150
USC00291445	2013	8	11	16	0	0.010
USC00291445	2013	8	12	16	0	0.010
USC00291445	2013	8	13	13	0	0.010
USC00291445	2013	8	13	16	0	0.020
USC00291445	2013	8	14	4	0	0.010
USC00291445	2013	8	14	17	0	0.010
USC00291445	2013	8	14	18	0	0.010
USC00291445	2013	8	14	19	0	0.030
USC00291445	2013	8	15	14	0	0.010
USC00291445	2013	8	23	15	0	0.010
USC00291445	2013	9	10	15	0	0.010
USC00291445	2013	9	10	20	0	0.340
USC00291445	2013	9	10	21	0	0.850
USC00291445	2013	9	10	22	0	0.050
USC00291445	2013	9	10	23	0	0.010
USC00291445	2013	9	10	24	0	0.020
USC00291445	2013	9	11	5	0	0.010
USC00291445	2013	9	11	6	0	0.010
USC00291445	2013	9	11	7	0	0.050
USC00291445	2013	9	11	8	0	0.050
USC00291445	2013	9	11	9	0	0.010
USC00291445	2013	9	11	10	0	0.220
USC00291445	2013	9	11	11	0	0.010
USC00291445	2013	9	11	20	0	0.030
USC00291445	2013	9	11	21	0	0.020
USC00291445	2013	9	15	15	0	0.070
USC00291445	2013	9	15	16	0	0.020
USC00291445	2013	9	15	17	0	0.020
USC00291445	2013	9	16	23	0	0.140
USC00291445	2013	9	16	24	0	0.130
USC00291445	2013	9	17	1	0	0.190
USC00291445	2013	9	17	2	0	0.080
USC00291445	2013	9	17	3	0	0.010
USC00291445	2013	9	17	4	0	0.010
USC00291445	2013	9	17	15	0	0.010
USC00291445	2013	9	18	15	0	0.010
USC00291445	2013	9	27	8	0	0.010
USC00291445	2013	9	27	9	0	0.010
USC00291445	2013	9	27	10	0	0.010
USC00291445	2013	9	27	19	0	0.010
USC00291445	2013	9	27	20	0	0.010
USC00291445	2013	9	27	22	0	0.070
USC00291445	2013	9	30	9	0	0.010
USC00291445	2013	9	30	10	0	0.010
USC00291445	2013	10	3	15	0	0.020
USC00291445	2013	10	3	19	0	0.020
USC00291445	2013	10	5	2	0	0.010
USC00291445	2013	10	5	3	0	0.010
USC00291445	2013	10	10	16	0	0.060
USC00291445	2013	10	10	17	0	0.030
USC00291445	2013	10	13	10	0	0.060
USC00291445	2013	10	13	11	0	0.010
USC00291445	2013	10	13	18	0	0.020
USC00291445	2013	10	14	13	0	0.010
USC00291445	2013	10	14	17	0	0.010
USC00291445	2013	10	17	6	0	0.010
USC00291445	2013	10	17	20	0	0.010
USC00291445	2013	10	20	24	0	0.020
USC00291445	2013	10	21	1	0	0.040
USC00291445	2013	10	25	11	0	0.010
USC00291445	2013	10	25	23	0	0.050
USC00291445	2013	10	28	4	0	0.010
USC00291445	2013	10	28	14	0	0.010
USC00291445	2013	10	30	8	0	0.020
USC00291445	2013	10	30	15	0	0.020
USC00291445	2013	10	30	16	0	0.050
USC00291445	2013	11	1	2	0	0.030
USC00291445	2013	11	3	23	0	0.010
USC00291445	2013	11	4	18	0	0.120
USC00291445	2013	11	4	19	0	0.010
USC00291445	2013	11	5	12	0	0.010
USC00291445	2013	11	7	8	0	0.010
USC00291445	2013	11	12	1	0	0.020
USC00291445	2013	11	12	3	0	0.050
USC00291445	2013	11	12	5	0	0.020
USC00291445	2013	11	12	6	0	0.110
USC00291445	2013	11	14	4	0	0.010
USC00291445	2013	11	14	24	0	0.010
USC00291445	2013	11	15	10	0	0.030
USC00291445	2013	11	15	11	0	0.010
USC00291445	2013	11	15	14	0	0.020
USC00291445	2013	11	15	15	0	0.040
USC00291445	2013	11	15	21	0	0.010
USC00291445	2013	11	16	12	0	0.100
USC00291445	2013	11	16	13	0	0.100
USC00291445	2013	11	16	14	0	0.100
USC00291445	2013	11	16	24	0	0.030
USC00291445	2013	11	17	1	0	0.030
USC00291445	2013	11	17	10	0	0.010
USC00291445	2013	11	17	11	0	0.010
USC00291445	2013	11	21	17	0	0.030
USC00291445	2013	11	21	22	0	0.030
USC00291445	2013	11	21	23	0	0.010
USC00291445	2013	11	23	5	0	0.060
USC00291445	2013	11	23	6	0	0.020
USC00291445	2013	11	23	7	0	0.020
USC00291445	2013	11	23	10	0	0.020
USC00291445	2013	11	23	12	0	0.010
USC00291445	2013	11	23	16	0	0.020
USC00291445	2013	11	23	17	0	0.080
USC00291445	2013	11	23	18	0	0.030
USC00291445	2013	11	23	19	0	0.070
USC00291445	2013	11	23	20	0	0.090
USC00291445	2013	11	23	21	0	0.070
USC00291445	2013	11	23	22	0	0.010
USC00291445	2013	11	23	23	0	0.010
USC00291445	2013	11	23	24	0	0.010
USC00291445	2013	11	24	1	0	0.010
USC00291445	2013	11	24	3	0	0.040
USC00291445	2013	11	24	4	0	0.010
USC00291445	2013	11	24	6	0	0.010
USC00291445	2013	11	24	10	0	0.010
USC00291445	2013	11	24	11	0	0.050
USC00291445	2013	11	24	12	0	0.040
USC00291445	2013	11	24	13	0	0.020
USC00291445	2013	11	25	21	0	0.020
USC00291445	2013	11	29	7	0	0.010
USC00291445	2013	11	29	21	0	0.010
USC00291445	2013	12	4	1	0	0.020
USC00291445	2013	12	4	6	0	0.030
USC00291445	2013	12	4	12	0	0.020
USC00291445	2013	12	5	8	0	0.030
USC00291445	2013	12	5	9	0	0.020
USC00291445	2013	12	5	10	0	0.030
USC00291445	2013	12	5	11	0	0.020
USC00291445	2013	12	5	12	0	0.020
USC00291445	2013	12	8	8	0	0.010
USC00291445	2013	12	12	10	0	0.010
USC00291445	2013	12	12	13	0	0.030
USC00291445	2013	12	12	21	0	0.010
USC00291445	2013	12	12	24	0	0.010
USC00291445	2013	12	13	2	0	0.010
USC00291445	2013	12	15	5	0	0.010
USC00291445	2013	12	15	24	0	0.010
USC00291445	2013	12	19	13	0	0.030
USC00291445	2013	12	20	11	0	0.060
USC00291445	2013	12	20	12	0	0.060
USC00291445	2013	12	20	13	0	0.050
USC00291445	2013	12	20	14	0	0.030
USC00291445	2013	12	20	15	0	0.010
USC00291445	2013	12	20	21	0	0.010
USC00291445	2013	12	21	2	0	0.040
USC00291445	2013	12	21	3	0	0.030
USC00291445	2013	12	21	11	0	0.060
USC00291445	2013	12	24	6	0	0.010
USC00291445	2013	12	26	7	0	0.010
USC00291445	2013	12	30	1	0	0.010
USC00291445	2014	1	10	12	0	0.030
USC00291445	2014	1	10	14	0	0.030
USC00291445	2014	1	12	9	0	0.020
USC00291445	2014	1	13	10	0	0.020
USC00291445	2014	1	13	11	0	0.020
USC00291445	2014	1	13	12	0	0.020
USC00291445	2014	1	19	2	0	0.010
USC00291445	2014	1	19	12	0	0.020
USC00291445	2014	1	21	13	0	0.020
USC00291445	2014	1	29	10	0	0.010
USC00291445	2014	1	30	1	0	0.010
USC00291445	2014	1	30	9	0	0.020
USC00291445	2014	2	1	23	0	0.020
USC00291445	2014	2	1	24	0	0.010
USC00291445	2014	2	2	2	0	0.010
USC00291445	2014	2	2	3	0	0.020
USC00291445	2014	2	2	4	0	0.010
USC00291445	2014	2	2	8	0	0.010
USC00291445	2014	2	3	24	0	0.020
USC00291445	2014	2	5	2	0	0.020
USC00291445	2014	2	6	1	0	0.010
USC00291445	2014	2	6	2	0	0.010
USC00291445	2014	2	6	3	0	0.010
USC00291445	2014	2	8	8	0	0.010
USC00291445	2014	2	13	3	0	0.010
USC00291445	2014	2	18	14	0	0.030
USC00291445	2014	2	20	5	0	0.020
USC00291445	2014	2	20	8	0	0.020
USC00291445	2014	2	20	9	0	0.040
USC00291445	2014	2	20	15	0	0.040
USC00291445	2014	2	21	8	0	0.010
USC00291445	2014	2	27	22	0	0.010
USC00291445	2014	2	28	8	0	0.030
USC00291445	2014	2	28	10	0	0.010
USC00291445	2014	2	28	11	0	0.030
USC00291445	2014	2	28	12	0	0.010
USC00291445	2014	2	28	23	0	0.010
USC00291445	2014	3	1	14	0	0.010
USC00291445	2014	3	1	15	0	0.010
USC00291445	2014	3	2	10	0	0.010
USC00291445	2014	3	2	12	0	0.050
USC00291445	2014	3	5	10	0	0.030
USC00291445	2014	3	5	14	0	0.010
USC00291445	2014	3	5	15	0	0.010
USC00291445	2014	3	11	8	0	0.010
USC00291445	2014	3	11	10	0	0.010
USC00291445	2014	3	11	12	0	0.010
USC00291445	2014	3	11	15	0	0.010
USC00291445	2014	3	11	20	0	0.080
USC00291445	2014	3	11	23	0	0.050
USC00291445	2014	3	12	1	0	0.020
USC00291445	2014	3	15	12	0	0.010
USC00291445	2014	3	15	16	0	0.050
USC00291445	2014	3	15	19	0	0.010
USC00291445	2014	3	15	20	0	0.020
USC00291445	2014	3	15	21	0	0.010
USC00291445	2014	3	16	2	0	0.020
USC00291445	2014	3	18	8	0	0.020
USC00291445	2014	3	18	9	0	0.010
USC00291445	2014	3	18	13	0	0.090
USC00291445	2014	3	18	15	0	0.030
USC00291445	2014	3	18	23	0	0.010
USC00291445	2014	3	24	6	0	0.010
USC00291445	2014	3	26	1	0	0.290
USC00291445	2014	3	26	2	0	0.040
USC00291445	2014	3	26	3	0	0.120
USC00291445	2014	3	26	4	0	0.010
USC00291445	2014	3	26	16	0	0.020
USC00291445	2014	3	27	9	0	0.020
USC00291445	2014	3	31	8	0	0.010
USC00291445	2014	3	31	9	0	0.010
USC00291445	2014	4	1	7	0	0.010
USC00291445	2014	4	1	15	0	0.020
USC00291445	2014	4	1	18	0	0.020
USC00291445	2014	4	14	2	0	0.020
USC00291445	2014	4	14	3	0	0.020
USC00291445	2014	4	14	10	0	0.020
USC00291445	2014	4	18	8	0	0.010
USC00291445	2014	4	19	10	0	0.090
USC00291445	2014	4	19	11	0	0.040
USC00291445	2014	4	19	12	0	0.100
USC00291445	2014	4	19	13	0	0.170
USC00291445	2014	4	20	20	0	0.010
USC00291445	2014	4	23	10	0	0.010
USC00291445	2014	4	23	12	0	0.010
USC00291445	2014	4	23	15	0	0.020
USC00291445	2014	4	23	16	0	0.010
USC00291445	2014	4	24	8	0	0.010
USC00291445	2014	4	26	2	0	0.010
USC00291445	2014	4	26	15	0	0.040
USC00291445	2014	4	26	17	0	0.020
USC00291445	2014	4	26	21	0	0.020
USC00291445	2014	4	28	9	0	0.030
USC00291445	2014	4	28	16	0	0.010
USC00291445	2014	5	7	14	0	0.030
USC00291445	2014	5	11	2	0	0.010
USC00291445	2014	5	11	13	0	0.030
USC00291445	2014	5	11	14	0	0.030
USC00291445	2014	5	11	17	0	0.020
USC00291445	2014	5	16	11	0	0.010
USC00291445	2014	5	18	24	0	0.010
USC00291445	2014	5	22	12	0	0.170
USC00291445	2014	5	22	13	0	0.050
USC00291445	2014	5	23	3	0	0.050
USC00291445	2014	5	23	15	0	0.010
USC00291445	2014	5	23	20	0	0.020
USC00291445	2014	5	24	1	0	0.010
USC00291445	2014	5	24	2	0	0.070
USC00291445	2014	5	24	3	0	0.400
USC00291445	2014	5	24	4	0	0.150
USC00291445	2014	5	24	5	0	0.130
USC00291445	2014	5	24	6	0	0.310
USC00291445	2014	5	24	7	0	0.020
USC00291445	2014	5	24	8	0	0.010
USC00291445	2014	5	24	20	0	0.040
USC00291445	2014	5	24	21	0	0.110
USC00291445	2014	5	25	19	0	0.010
USC00291445	2014	5	25	24	0	0.050
USC00291445	2014	5	26	1	0	0.170
USC00291445	2014	5	26	2	0	0.050
USC00291445	2014	5	26	14	0	0.030
USC00291445	2014	5	26	15	0	0.010
USC00291445	2014	5	30	16	0	0.010
USC00291445	2014	6	7	16	0	0.010
USC00291445	2014	6	7	20	0	0.110
USC00291445	2014	6	7	21	0	0.400
USC00291445	2014	6	7	23	0	0.130
USC00291445	2014	6	7	24	0	0.040
USC00291445	2014	6	13	17	0	0.020
USC00291445	2014	6	13	18	0	0.410
USC00291445	2014	6	13	19	0	0.050
USC00291445	2014	6	14	11	0	0.020
USC00291445	2014	6	19	15	0	0.070
USC00291445	2014	6	22	24	0	0.020
USC00291445	2014	6	23	15	0	0.010
USC00291445	2014	7	1	19	0	0.010
USC00291445	2014	7	1	23	0	0.030
USC00291445	2014	7	2	4	0	0.610
USC00291445	2014	7	2	5	0	0.800
USC00291445	2014	7	2	6	0	0.100
USC00291445	2014	7	2	7	0	0.010
USC00291445	2014	7	2	8	0	0.010
USC00291445	2014	7	2	15	0	0.560
USC00291445	2014	7	2	16	0	0.630
USC00291445	2014	7	2	17	0	0.010
USC00291445	2014	7	3	20	0	0.010
USC00291445	2014	7	14	21	0	0.050
USC00291445	2014	7	14	22	0	0.080
USC00291445	2014	7	14	24	0	0.020
USC00291445	2014	7	15	1	0	0.030
USC00291445	2014	7	15	20	0	0.010
USC00291445	2014	7	17	24	0	0.010
USC00291445	2014	7	18	17	0	0.010
USC00291445	2014	7	19	13	0	0.010
USC00291445	2014	7	19	20	0	0.660
USC00291445	2014	7	19	22	0	0.010
USC00291445	2014	7	21	14	0	0.020
USC00291445	2014	7	21	16	0	0.030
USC00291445	2014	7	25	11	0	0.020
USC00291445	2014	7	26	16	0	0.030
USC00291445	2014	7	27	11	0	0.010
USC00291445	2014	7	27	12	0	0.020
USC00291445	2014	7	27	15	0	0.050
USC00291445	2014	7	28	9	0	0.040
USC00291445	2014	7	28	16	0	0.020
USC00291445	2014	7	28	17	0	0.010
USC00291445	2014	7	28	18	0	0.010
USC00291445	2014	7	28	22	0	0.020
USC00291445	2014	7	28	24	0	0.150
USC00291445	2014	7	29	1	0	0.160
USC00291445	2014	7	29	2	0	0.510
USC00291445	2014	7	29	3	0	0.070
USC00291445	2014	7	29	4	0	0.010
USC00291445	2014	7	29	9	0	0.010
USC00291445	2014	7	29	20	0	0.010
USC00291445	2014	7	30	15	0	0.010
USC00291445	2014	7	31	3	0	0.060
USC00291445	2014	7	31	4	0	0.020
USC00291445	2014	7	31	5	0	0.030
USC00291445	2014	7	31	21	0	0.010
USC00291445	2014	8	7	13	0	0.020
USC00291445	2014	8	7	17	0	0.300
USC00291445	2014	8	7	18	0	0.010
USC00291445	2014	8	7	19	0	0.020
USC00291445	2014	8	7	20	0	0.040
USC00291445	2014	8	8	13	0	0.010
USC00291445	2014	8	11	1	0	0.010
USC00291445	2014	8	11	2	0	0.050
USC00291445	2014	8	11	3	0	0.260
USC00291445	2014	8	11	4	0	0.090
USC00291445	2014	8	11	5	0	0.030
USC00291445	2014	8	11	17	0	0.010
USC00291445	2014	8	12	17	0	0.010
USC00291445	2014	8	22	16	0	0.010
USC00291445	2014	8	22	17	0	0.020
USC00291445	2014	8	25	15	0	0.270
USC00291445	2014	8	25	16	0	0.160
USC00291445	2014	9	5	18	0	0.150
USC00291445	2014	9	5	19	0	1.310
USC00291445	2014	9	6	2	0	0.040
USC00291445	2014	9	11	4	0	0.110
USC00291445	2014	9	11	5	0	0.020
USC00291445	2014	9	11	7	0	0.060
USC00291445	2014	9	11	17	0	0.170
USC00291445	2014	9	12	9	0	0.140
USC00291445	2014	9	12	10	0	0.080
USC00291445	2014	9	12	12	0	0.010
USC00291445	2014	9	14	12	0	0.020
USC00291445	2014	9	14	13	0	0.010
USC00291445	2014	9	14	15	0	0.060
USC00291445	2014	9	14	16	0	0.040
USC00291445	2014	9	18	2	0	0.010
USC00291445	2014	9	18	3	0	0.030
USC00291445	2014	9	18	4	0	0.020
USC00291445	2014	9	18	21	0	0.010
USC00291445	2014	9	18	22	0	0.050
USC00291445	2014	9	18	23	0	0.070
USC00291445	2014	9	18	24	0	0.060
USC00291445	2014	9	21	1	0	0.007
USC00291445	2014	9	21	2	0	0.084
USC00291445	2014	9	21	3	0	0.111
USC00291445	2014	9	21	4	0	0.035
USC00291445	2014	9	21	6	0	0.001
USC00291445	2014	9	21	7	0	0.002
USC00291445	2014	9	21	9	0	0.033
USC00291445	2014	9	21	10	0	0.109
USC00291445	2014	9	21	11	0	0.18
USC00291445	2014	9	21	12	0	0.072
USC00291445	2014	9	21	13	0	0.021
USC00291445	2014	9	21	14	0	0.004
USC00291445	2014	9	21	15	0	0.001
USC00291445	2014	9	21	16	0	0.002
USC00291445	2014	9	21	17	0	0.005
USC00291445	2014	9	21	18	0	0.001
USC00291445	2014	9	22	4	0	0.060
USC00291445	2014	9	22	5	0	0.130
USC00291445	2014	9	22	15	0	0.110
USC00291445	2014	10	18	4	0	0.010
USC00291445	2014	10	18	5	0	0.110
USC00291445	2014	10	18	6	0	0.030
USC00291445	2014	10	18	7	0	0.020
USC00291445	2014	10	21	13	0	0.070
USC00291445	2014	10	21	14	0	0.010
USC00291445	2014	11	3	8	0	0.004
USC00291445	2014	11	3	9	0	0.014
USC00291445	2014	11	3	10	0	0.002
USC00291445	2014	11	3	13	0	0.001
USC00291445	2014	11	3	15	0	0.001
USC00291445	2014	11	3	16	0	0.004
USC00291445	2014	11	3	17	0	0.19
USC00291445	2014	11	3	18	0	0.325
USC00291445	2014	11	3	19	0	0.119
USC00291445	2014	11	3	20	0	0.03
USC00291445	2014	11	3	21	0	0.078
USC00291445	2014	11	3	23	0	0.001
USC00291445	2014	11	4	3	0	0.093
USC00291445	2014	11	4	4	0	0.068
USC00291445	2014	11	4	6	0	0.198
USC00291445	2014	11	4	7	0	0.061
USC00291445	2014	11	4	14	0	0.002
USC00291445	2014	11	16	12	0	0.046
USC00291445	2014	12	7	3	0	0.020
USC00291445	2014	12	8	2	0	0.010
USC00291445	2014	12	12	6	0	0.010
USC00291445	2014	12	21	20	0	0.010
USC00291445	2014	12	22	14	0	0.010
USC00291445	2014	12	22	18	0	0.010
USC00291445	2014	12	22	19	0	0.010
USC00291445	2014	12	22	20	0	0.010
USC00291445	2014	12	23	3	0	0.060
USC00291445	2014	12	23	4	0	0.010
USC00291445	2014	12	23	6	0	0.010
USC00291445	2014	12	23	9	0	0.040
USC00291445	2014	12	26	10	0	0.010
USC00291445	2014	12	26	11	0	0.010
USC00291445	2015	1	1	9	0	0.010
USC00291445	2015	1	2	12	0	0.010
USC00291445	2015	1	2	13	0	0.030
USC00291445	2015	1	2	14	0	0.040
USC00291445	2015	1	2	17	0	0.030
USC00291445	2015	1	2	18	0	0.100
USC00291445	2015	1	2	19	0	0.180
USC00291445	2015	1	2	20	0	0.220
USC00291445	2015	1	2	21	0	0.040
USC00291445	2015	1	3	6	0	0.010
USC00291445	2015	1	3	7	0	0.010
USC00291445	2015	1	3	11	0	0.010
USC00291445	2015	1	3	12	0	0.020
USC00291445	2015	1	4	8	0	0.010
USC00291445	2015	1	12	22	0	0.020
USC00291445	2015	1	13	24	0	0.010
USC00291445	2015	1	14	7	0	0.010
USC00291445	2015	1	14	19	0	0.010
USC00291445	2015	1	15	8	0	0.010
USC00291445	2015	1	21	17	0	0.020
USC00291445	2015	1	21	18	0	0.030
USC00291445	2015	1	21	23	0	0.010
USC00291445	2015	1	21	24	0	0.020
USC00291445	2015	1	22	2	0	0.020
USC00291445	2015	1	22	3	0	0.010
USC00291445	2015	1	22	7	0	0.010
USC00291445	2015	1	22	8	0	0.010
USC00291445	2015	1	22	9	0	0.010
USC00291445	2015	1	22	11	0	0.010
USC00291445	2015	1	22	13	0	0.010
USC00291445	2015	1	22	16	0	0.010
USC00291445	2015	1	26	8	0	0.010
USC00291445	2015	1	26	22	0	0.010
USC00291445	2015	1	29	24	0	0.010
USC00291445	2015	1	30	7	0	0.010
USC00291445	2015	1	30	9	0	0.010
USC00291445	2015	1	30	10	0	0.030
USC00291445	2015	1	30	19	0	0.020
USC00291445	2015	1	30	20	0	0.010
USC00291445	2015	1	30	21	0	0.010
USC00291445	2015	1	30	22	0	0.070
USC00291445	2015	1	30	23	0	0.040
USC00291445	2015	1	30	24	0	0.060
USC00291445	2015	1	31	1	0	0.010
USC00291445	2015	1	31	4	0	0.010
USC00291445	2015	1	31	6	0	0.010
USC00291445	2015	1	31	9	0	0.010
USC00291445	2015	2	3	7	0	0.010
USC00291445	2015	2	11	12	0	0.010
USC00291445	2015	2	11	14	0	0.010
USC00291445	2015	2	11	17	0	0.010
USC00291445	2015	2	16	1	0	0.010
USC00291445	2015	2	16	20	0	0.010
USC00291445	2015	2	16	21	0	0.010
USC00291445	2015	2	17	1	0	0.010
USC00291445	2015	2	17	9	0	0.010
USC00291445	2015	2	17	10	0	0.020
USC00291445	2015	2	19	8	0	0.010
USC00291445	2015	2	19	22	0	0.010
USC00291445	2015	2	23	8	0	0.010
USC00291445	2015	2	25	7	0	0.010
USC00291445	2015	2	26	23	0	0.020
USC00291445	2015	2	26	24	0	0.040
USC00291445	2015	2	27	1	0	0.040
USC00291445	2015	2	27	2	0	0.040
USC00291445	2015	2	27	3	0	0.010
USC00291445	2015	2	27	4	0	0.040
USC00291445	2015	2	27	5	0	0.010
USC00291445	2015	2	28	10	0	0.010
USC00291445	2015	3	1	4	0	0.010
USC00291445	2015	3	1	24	0	0.010
USC00291445	2015	3	4	15	0	0.020
USC00291445	2015	3	4	17	0	0.010
USC00291445	2015	3	7	7	0	0.010
USC00291445	2015	3	9	17	0	0.090
USC00291445	2015	3	10	15	0	0.040
USC00291445	2015	3	17	12	0	0.010
USC00291445	2015	3	17	13	0	0.010
USC00291445	2015	3	17	14	0	0.010
USC00291445	2015	3	17	16	0	0.010
USC00291445	2015	3	17	17	0	0.030
USC00291445	2015	3	17	18	0	0.050
USC00291445	2015	3	17	19	0	0.100
USC00291445	2015	3	17	20	0	0.040
USC00291445	2015	3	17	21	0	0.040
USC00291445	2015	3	17	22	0	0.010
USC00291445	2015	3	18	21	0	0.010
USC00291445	2015	3	21	6	0	0.010
USC00291445	2015	3	21	16	0	0.010
USC00291445	2015	3	22	16	0	0.010
USC00291445	2015	3	31	15	0	0.020
USC00291445	2015	4	5	24	0	0.010
USC00291445	2015	4	10	6	0	0.010
USC00291445	2015	4	12	15	0	0.020
USC00291445	2015	4	12	16	0	0.030
USC00291445	2015	4	12	17	0	0.020
USC00291445	2015	4	12	19	0	0.010
USC00291445	2015	4	12	21	0	0.050
USC00291445	2015	4	12	23	0	0.010
USC00291445	2015	4	12	24	0	0.050
USC00291445	2015	4	13	1	0	0.370
USC00291445	2015	4	13	2	0	0.250
USC00291445	2015	4	13	3	0	0.070
USC00291445	2015	4	13	4	0	0.010
USC00291445	2015	4	13	5	0	0.030
USC00291445	2015	4	13	6	0	0.040
USC00291445	2015	4	13	7	0	0.020
USC00291445	2015	4	13	8	0	0.130
USC00291445	2015	4	13	9	0	0.300
USC00291445	2015	4	13	10	0	0.350
USC00291445	2015	4	13	11	0	0.270
USC00291445	2015	4	13	12	0	0.130
USC00291445	2015	4	13	13	0	0.050
USC00291445	2015	4	13	14	0	0.040
USC00291445	2015	4	13	15	0	0.040
USC00291445	2015	4	13	16	0	0.010
USC00291445	2015	4	13	17	0	0.010
USC00291445	2015	4	15	21	0	0.010
USC00291445	2015	4	18	7	0	0.010
USC00291445	2015	4	22	2	0	0.010
USC00291445	2015	4	26	21	0	0.030
USC00291445	2015	4	26	22	0	0.010
USC00291445	2015	4	27	13	0	0.010
USC00291445	2015	4	27	14	0	0.020
USC00291445	2015	4	28	14	0	0.010
USC00291445	2015	4	30	7	0	0.010
USC00291445	2015	5	4	14	0	0.030
USC00291445	2015	5	4	18	0	0.230
USC00291445	2015	5	4	19	0	0.020
USC00291445	2015	5	4	20	0	0.020
USC00291445	2015	5	4	23	0	0.010
USC00291445	2015	5	4	24	0	0.010
USC00291445	2015	5	5	1	0	0.260
USC00291445	2015	5	5	2	0	0.260
USC00291445	2015	5	5	3	0	0.170
USC00291445	2015	5	5	4	0	0.010
USC00291445	2015	5	5	13	0	0.002
USC00291445	2015	5	5	14	0	0.031
USC00291445	2015	5	5	15	0	0.001
USC00291445	2015	5	12	6	0	0.054
USC00291445	2015	5	12	7	0	0.005
USC00291445	2015	5	12	22	0	0.005
USC00291445	2015	5	12	23	0	0.02
USC00291445	2015	5	12	24	0	0.008
USC00291445	2015	5	13	1	0	0.167
USC00291445	2015	5	13	2	0	0.062
USC00291445	2015	5	13	3	0	0.083
USC00291445	2015	5	13	4	0	0.069
USC00291445	2015	5	13	5	0	0.028
USC00291445	2015	5	13	6	0	0.015
USC00291445	2015	5	13	24	0	0.023
USC00291445	2015	5	14	1	0	0.003
USC00291445	2015	5	14	4	0	0.007
USC00291445	2015	5	14	5	0	0.007
USC00291445	2015	5	14	7	0	0.001
USC00291445	2015	5	15	19	0	0.006
USC00291445	2015	5	15	20	0	0.002
USC00291445	2015	5	15	21	0	0.072
USC00291445	2015	5	15	22	0	0.021
USC00291445	2015	5	16	8	0	0.002
USC00291445	2015	5	16	9	0	0.002
USC00291445	2015	5	18	18	0	0.012
USC00291445	2015	5	19	2	0	0.025
USC00291445	2015	5	19	3	0	0.035
USC00291445	2015	5	19	4	0	0.717
USC00291445	2015	5	19	5	0	0.013
USC00291445	2015	5	19	6	0	0.074
USC00291445	2015	5	20	24	0	0.004
USC00291445	2015	5	21	1	0	0.004
USC00291445	2015	5	21	21	0	0.091
USC00291445	2015	5	21	22	0	0.123
USC00291445	2015	5	21	23	0	0.001
USC00291445	2015	5	21	24	0	0.002
USC00291445	2015	5	22	2	0	0.008
USC00291445	2015	5	23	1	0	0.004
USC00291445	2015	5	23	22	0	0.005
USC00291445	2015	5	28	9	0	0.008
USC00291445	2015	5	28	10	0	0.021
USC00291445	2015	5	28	11	0	0.13
USC00291445	2015	5	28	12	0	0.018
USC00291445	2015	5	28	13	0	0.001
USC00291445	2015	5	28	17	0	0.003
USC00291445	2015	5	28	18	0	0.012
USC00291445	2015	5	28	19	0	0.016
USC00291445	2015	5	28	20	0	0.048
USC00291445	2015	5	29	18	0	0.015
USC00291445	2015	5	29	19	0	0.051
USC00291445	2015	5	29	20	0	0.008
USC00291445	2015	5	29	24	0	0.016
USC00291445	2015	5	30	1	0	0.255
USC00291445	2015	5	30	2	0	0.125
USC00291445	2015	5	30	3	0	0.044
USC00291445	2015	5	30	4	0	0.019
USC00291445	2015	6	3	21	0	0.010
USC00291445	2015	6	7	3	0	0.020
USC00291445	2015	6	8	1	0	0.010
USC00291445	2015	6	8	3	0	0.020
USC00291445	2015	6	8	4	0	0.010
USC00291445	2015	6	8	7	0	0.020
USC00291445	2015	6	8	15	0	0.010
USC00291445	2015	6	13	14	0	0.250
USC00291445	2015	6	13	15	0	0.010
USC00291445	2015	6	13	16	0	0.190
USC00291445	2015	6	14	13	0	0.010
USC00291445	2015	6	18	23	0	0.030
USC00291445	2015	6	18	24	0	0.080
USC00291445	2015	6	19	1	0	0.030
USC00291445	2015	6	19	16	0	0.510
USC00291445	2015	6	29	17	0	0.010
USC00291445	2015	7	2	15	0	0.320
USC00291445	2015	7	2	16	0	0.040
USC00291445	2015	7	2	17	0	0.070
USC00291445	2015	7	2	18	0	0.040
USC00291445	2015	7	3	13	0	1.400
USC00291445	2015	7	3	15	0	0.100
USC00291445	2015	7	4	16	0	0.010
USC00291445	2015	7	6	12	0	0.010
USC00291445	2015	7	6	19	0	0.050
USC00291445	2015	7	6	22	0	0.030
USC00291445	2015	7	9	16	0	0.010
USC00291445	2015	7	9	18	0	0.060
USC00291445	2015	7	9	22	0	1.100
USC00291445	2015	7	9	23	0	0.010
USC00291445	2015	7	10	15	0	0.010
USC00291445	2015	7	10	21	0	0.480
USC00291445	2015	7	10	22	0	1.050
USC00291445	2015	7	10	23	0	0.020
USC00291445	2015	7	11	2	0	0.090
USC00291445	2015	7	11	3	0	0.080
USC00291445	2015	7	11	4	0	0.050
USC00291445	2015	7	11	5	0	0.030
USC00291445	2015	7	11	14	0	0.010
USC00291445	2015	7	15	16	0	0.110
USC00291445	2015	7	16	12	0	0.010
USC00291445	2015	7	17	12	0	0.010
USC00291445	2015	7	17	19	0	0.010
USC00291445	2015	7	17	21	0	0.010
USC00291445	2015	7	20	17	0	0.140
USC00291445	2015	7	28	12	0	0.010
USC00291445	2015	7	28	20	0	0.060
USC00291445	2015	7	28	21	0	0.060
USC00291445	2015	7	28	22	0	0.010
USC00291445	2015	7	29	19	0	0.010
USC00291445	2015	7	31	12	0	0.220
USC00291445	2015	8	1	12	0	0.010
USC00291445	2015	8	1	13	0	0.120
USC00291445	2015	8	1	14	0	0.010
USC00291445	2015	8	1	17	0	0.010
USC00291445	2015	8	1	18	0	0.810
USC00291445	2015	8	1	19	0	0.020
USC00291445	2015	8	3	14	0	0.050
USC00291445	2015	8	3	15	0	0.050
USC00291445	2015	8	3	16	0	0.020
USC00291445	2015	8	3	17	0	0.020
USC00291445	2015	8	4	16	0	0.010
USC00291445	2015	8	16	2	0	0.080
USC00291445	2015	8	16	3	0	0.070
USC00291445	2015	8	18	2	0	0.110
USC00291445	2015	8	18	3	0	0.170
USC00291445	2015	8	18	4	0	0.070
USC00291445	2015	8	18	17	0	0.010
USC00291445	2015	8	21	16	0	0.010
USC00291445	2015	8	21	17	0	0.050
USC00291445	2015	8	22	12	0	0.010
USC00291445	2015	8	28	16	0	0.010
USC00291445	2015	8	28	19	0	0.140
USC00291445	2015	8	28	21	0	0.050
USC00291445	2015	8	28	22	0	0.010
USC00291445	2015	8	28	23	0	0.010
USC00291445	2015	8	28	24	0	0.020
USC00291445	2015	9	1	15	0	0.010
USC00291445	2015	9	6	17	0	0.030
USC00291445	2015	9	6	18	0	0.070
USC00291445	2015	9	6	19	0	0.020
USC00291445	2015	9	7	13	0	0.010
USC00291445	2015	9	7	19	0	0.020
USC00291445	2015	9	8	13	0	0.010
USC00291445	2015	9	17	16	0	0.060
USC00291445	2015	9	20	3	0	0.010
USC00291445	2015	9	20	17	0	0.010
USC00291445	2015	9	21	14	0	0.010
USC00291445	2015	9	22	17	0	0.010
USC00291445	2015	9	22	18	0	0.010
USC00291445	2015	9	23	4	0	0.010
USC00291445	2015	9	23	12	0	0.030
USC00291445	2015	9	23	22	0	0.080
USC00291445	2015	9	23	23	0	0.060
USC00291445	2015	9	24	14	0	0.060
USC00291445	2015	9	24	15	0	0.100
USC00291445	2015	9	24	16	0	0.010
USC00291445	2015	9	26	22	0	0.010
USC00291445	2015	10	3	18	0	0.200
USC00291445	2015	10	3	19	0	0.220
USC00291445	2015	10	3	20	0	0.310
USC00291445	2015	10	3	21	0	0.250
USC00291445	2015	10	3	22	0	0.140
USC00291445	2015	10	3	23	0	0.090
USC00291445	2015	10	3	24	0	0.040
USC00291445	2015	10	4	2	0	0.010
USC00291445	2015	10	4	10	0	0.010
USC00291445	2015	10	4	12	0	0.030
USC00291445	2015	10	4	13	0	0.070
USC00291445	2015	10	4	14	0	0.040
USC00291445	2015	10	4	15	0	0.030
USC00291445	2015	10	4	16	0	0.060
USC00291445	2015	10	4	17	0	0.030
USC00291445	2015	10	4	18	0	0.040
USC00291445	2015	10	4	19	0	0.080
USC00291445	2015	10	4	20	0	0.060
USC00291445	2015	10	4	21	0	0.110
USC00291445	2015	10	4	22	0	0.070
USC00291445	2015	10	4	23	0	0.010
USC00291445	2015	10	4	24	0	0.060
USC00291445	2015	10	5	2	0	0.030
USC00291445	2015	10	5	3	0	0.010
USC00291445	2015	10	5	4	0	0.050
USC00291445	2015	10	5	5	0	0.010
USC00291445	2015	10	5	8	0	0.010
USC00291445	2015	10	6	20	0	0.010
USC00291445	2015	10	6	21	0	0.010
USC00291445	2015	10	6	24	0	0.010
USC00291445	2015	10	7	10	0	0.010
USC00291445	2015	10	7	11	0	0.010
USC00291445	2015	10	7	14	0	0.010
USC00291445	2015	10	7	17	0	0.020
USC00291445	2015	10	7	18	0	0.140
USC00291445	2015	10	7	19	0	0.120
USC00291445	2015	10	7	20	0	0.280
USC00291445	2015	10	7	21	0	0.050
USC00291445	2015	10	7	22	0	0.160
USC00291445	2015	10	7	23	0	0.230
USC00291445	2015	10	7	24	0	0.150
USC00291445	2015	10	8	1	0	0.090
USC00291445	2015	10	8	2	0	0.010
USC00291445	2015	10	8	21	0	0.010
USC00291445	2015	10	9	17	0	0.010
USC00291445	2015	10	13	1	0	0.010
USC00291445	2015	10	13	20	0	0.010
USC00291445	2015	10	20	22	0	0.210
USC00291445	2015	10	20	24	0	0.540
USC00291445	2015	10	21	1	0	0.170
USC00291445	2015	10	21	10	0	0.010
USC00291445	2015	10	21	11	0	0.010
USC00291445	2015	10	21	12	0	0.010
USC00291445	2015	10	21	19	0	0.520
USC00291445	2015	10	21	20	0	0.270
USC00291445	2015	10	21	21	0	0.020
USC00291445	2015	10	21	22	0	0.010
USC00291445	2015	10	21	24	0	0.030
USC00291445	2015	10	23	4	0	0.010
USC00291445	2015	10	23	15	0	0.010
USC00291445	2015	10	29	22	0	0.020
USC00291445	2015	10	29	23	0	0.030
USC00291445	2015	10	30	19	0	0.020
USC00291445	2015	10	30	20	0	0.010
USC00291445	2015	11	26	1	0	0.010
USC00291445	2015	11	26	13	0	0.020
USC00291445	2015	11	26	18	0	0.050
USC00291445	2015	11	26	23	0	0.030
USC00291445	2015	11	27	22	0	0.010
USC00291445	2015	11	27	23	0	0.170
USC00291445	2015	11	27	24	0	0.020
USC00291445	2015	11	28	12	0	0.010
USC00291445	2015	12	4	7	0	0.010
USC00291445	2015	12	12	8	0	0.010
USC00291445	2015	12	12	15	0	0.010
USC00291445	2015	12	12	16	0	0.010
USC00291445	2015	12	17	6	0	0.010
USC00291445	2015	12	19	8	0	0.010
USC00291445	2015	12	26	16	0	0.010
USC00291445	2015	12	26	17	0	0.120
USC00291445	2015	12	26	18	0	0.030
USC00291445	2015	12	26	19	0	0.030
USC00291445	2015	12	26	20	0	0.030
USC00291445	2015	12	26	22	0	0.040
USC00291445	2015	12	26	23	0	0.020
USC00291445	2015	12	26	24	0	0.030
USC00291445	2015	12	27	1	0	0.020
USC00291445	2015	12	27	3	0	0.010
USC00291445	2015	12	27	4	0	0.020
USC00291445	2015	12	27	5	0	0.010
USC00291445	2015	12	27	7	0	0.010
USC00291445	2015	12	27	8	0	0.010
USC00291445	2015	12	27	10	0	0.040
USC00291445	2015	12	27	12	0	0.020
USC00291445	2015	12	27	13	0	0.110
USC00291445	2015	12	27	14	0	0.040
USC00291445	2015	12	27	15	0	0.010
USC00291445	2015	12	27	17	0	0.020
USC00291445	2015	12	28	9	0	0.020
USC00291445	2015	12	28	10	0	0.140
USC00291445	2015	12	28	11	0	0.050
USC00291445	2015	12	28	12	0	0.020
USC00291445	2015	12	28	14	0	0.300
USC00291445	2015	12	28	15	0	0.090
USC00291445	2015	12	28	18	0	0.020
USC00291445	2015	12	29	9	0	0.040
USC00291445	2015	12	29	15	0	0.020
USC00291445	2015	12	31	24	0	0.010
USC00291445	2016	1	1	2	0	0.010
USC00291445	2016	1	1	7	0	0.010
USC00291445	2016	1	5	6	0	0.020
USC00291445	2016	1	5	7	0	0.010
USC00291445	2016	1	7	24	0	0.010
USC00291445	2016	1	8	14	0	0.010
USC00291445	2016	1	8	15	0	0.010
USC00291445	2016	1	19	9	0	0.010
USC00291445	2016	1	26	12	0	0.010
USC00291445	2016	1	26	13	0	0.010
USC00291445	2016	2	22	18	0	0.040
USC00291445	2016	2	22	19	0	0.020
USC00291445	2016	3	2	7	0	0.010
USC00291445	2016	3	13	7	0	0.010
USC00291445	2016	3	23	6	0	0.010
USC00291445	2016	3	29	3	0	0.010
USC00291445	2016	3	31	24	0	0.010
USC00291445	2016	4	1	3	0	0.060
USC00291445	2016	4	1	4	0	0.010
USC00291445	2016	4	1	6	0	0.010
USC00291445	2016	4	9	1	0	0.020
USC00291445	2016	4	9	2	0	0.030
USC00291445	2016	4	12	10	0	0.010
USC00291445	2016	4	12	11	0	0.030
USC00291445	2016	4	12	12	0	0.010
USC00291445	2016	4	12	22	0	0.020
USC00291445	2016	4	19	3	0	0.010
USC00291445	2016	5	1	6	0	0.010
USC00291445	2016	5	1	7	0	0.010
USC00291445	2016	5	1	8	0	0.010
USC00291445	2016	5	5	13	0	0.010
USC00291445	2016	5	14	4	0	0.036
USC00291445	2016	5	14	5	0	0.066
USC00291445	2016	5	14	16	0	0.001
USC00291445	2016	5	14	22	0	0.002
USC00291445	2016	5	15	1	0	0.025
USC00291445	2016	5	15	2	0	0.025
USC00291445	2016	5	15	3	0	0.028
USC00291445	2016	5	15	4	0	0.097
USC00291445	2016	5	15	5	0	0.049
USC00291445	2016	5	15	6	0	0.122
USC00291445	2016	5	17	6	0	0.001
USC00291445	2016	5	17	8	0	0.004
USC00291445	2016	5	17	9	0	0.007
USC00291445	2016	5	17	19	0	0.022
USC00291445	2016	5	17	20	0	0.248
USC00291445	2016	5	17	21	0	0.027
USC00291445	2016	5	17	22	0	0.001
USC00291445	2016	5	17	23	0	0.018
USC00291445	2016	5	17	24	0	0.001
USC00291445	2016	5	18	1	0	0.001
USC00291445	2016	5	18	13	0	0.007
USC00291445	2016	5	18	18	0	0.026
USC00291445	2016	5	18	19	0	0.017
USC00291445	2016	5	18	20	0	0.126
USC00291445	2016	5	18	22	0	0.001
USC00291445	2016	5	19	9	0	0.004
USC00291445	2016	5	21	15	0	0.002
USC00291445	2016	5	21	22	0	0.006
USC00291445	2016	5	21	23	0	0.048
USC00291445	2016	5	29	16	0	0.002
USC00291445	2016	5	29	17	0	0.002
USC00291445	2016	5	30	19	0	0.003
USC00291445	2016	5	31	15	0	0.002
USC00291445	2016	5	31	16	0	0.039
USC00291445	2016	5	31	17	0	0.051
USC00291445	2016	5	31	18	0	0.007
USC00291445	2016	5	31	20	0	0.003
USC00291445	2016	6	1	10	0	0.004
USC00291445	2016	6	5	24	0	0.001
USC00291445	2016	6	6	1	0	0.003
USC00291445	2016	6	9	17	0	0.02
USC00291445	2016	6	9	18	0	0.089
USC00291445	2016	6	9	19	0	0.009
USC00291445	2016	6	9	20	0	0.021
USC00291445	2016	6	9	21	0	0.031
USC00291445	2016	6	9	24	0	0.003
USC00291445	2016	6	11	14	0	0.001
USC00291445	2016	6	11	15	0	0.017
USC00291445	2016	6	11	16	0	0.03
USC00291445	2016	6	11	17	0	0.036
USC00291445	2016	6	12	16	0	0.003
USC00291445	2016	6	15	15	0	0.026
USC00291445	2016	6	15	16	0	0.061
USC00291445	2016	6	23	22	0	0.006
USC00291445	2016	6	26	6	0	0.001
USC00291445	2016	6	26	8	0	0.001
USC00291445	2016	7	1	21	0	0.002
USC00291445	2016	7	1	23	0	0.008
USC00291445	2016	7	1	24	0	0.006
USC00291445	2016	7	2	1	0	0.002
USC00291445	2016	7	16	14	0	0.010
USC00291445	2016	7	16	18	0	0.100
USC00291445	2016	7	26	3	0	0.040
USC00291445	2016	7	26	4	0	0.100
USC00291445	2016	7	26	5	0	0.070
USC00291445	2016	8	1	16	0	0.010
USC00291445	2016	8	2	13	0	0.010
USC00291445	2016	8	2	14	0	0.290
USC00291445	2016	8	2	15	0	0.020
USC00291445	2016	8	2	20	0	0.010
USC00291445	2016	8	2	21	0	0.040
USC00291445	2016	8	2	22	0	0.010
USC00291445	2016	8	3	3	0	0.010
USC00291445	2016	8	3	17	0	0.050
USC00291445	2016	8	4	16	0	0.010
USC00291445	2016	8	8	15	0	0.130
USC00291445	2016	8	8	22	0	0.510
USC00291445	2016	8	8	23	0	0.050
USC00291445	2016	8	9	14	0	0.690
USC00291445	2016	8	9	15	0	0.090
USC00291445	2016	8	9	17	0	0.010
USC00291445	2016	8	12	16	0	0.450
USC00291445	2016	8	13	21	0	0.020
USC00291445	2016	8	15	15	0	0.010
USC00291445	2016	8	23	21	0	0.010
USC00291445	2016	8	23	22	0	0.040
USC00291445	2016	8	23	23	0	0.030
USC00291445	2016	8	24	3	0	0.020
USC00291445	2016	8	25	16	0	0.010
USC00291445	2016	8	25	19	0	0.020
USC00291445	2016	8	26	15	0	0.010
USC00291445	2016	8	28	2	0	0.060
USC00291445	2016	8	28	3	0	0.030
USC00291445	2016	8	28	4	0	0.020
USC00291445	2016	8	28	5	0	0.080
USC00291445	2016	8	28	6	0	0.010
USC00291445	2016	8	28	14	0	0.310
USC00291445	2016	8	28	15	0	0.130
USC00291445	2016	8	28	21	0	0.030
USC00291445	2016	8	28	22	0	0.010
USC00291445	2016	8	28	23	0	0.020
USC00291445	2016	8	30	3	0	0.020
USC00291445	2016	8	30	4	0	0.110
USC00291445	2016	8	30	5	0	0.120
USC00291445	2016	8	30	6	0	0.250
USC00291445	2016	8	30	7	0	0.320
USC00291445	2016	8	30	8	0	0.220
USC00291445	2016	8	30	9	0	0.070
USC00291445	2016	8	30	10	0	0.230
USC00291445	2016	8	30	11	0	0.100
USC00291445	2016	8	30	12	0	0.140
USC00291445	2016	8	30	13	0	0.110
USC00291445	2016	8	30	15	0	0.030
USC00291445	2016	8	31	2	0	0.010
USC00291445	2016	8	31	3	0	0.170
USC00291445	2016	8	31	5	0	0.030
USC00291445	2016	8	31	7	0	0.140
USC00291445	2016	8	31	8	0	0.290
USC00291445	2016	8	31	9	0	0.180
USC00291445	2016	8	31	10	0	0.310
USC00291445	2016	8	31	11	0	0.230
USC00291445	2016	8	31	12	0	0.010
USC00291445	2016	8	31	13	0	0.030
USC00291445	2016	8	31	14	0	0.030
USC00291445	2016	9	1	11	0	0.001
USC00291445	2016	9	1	12	0	0.03
USC00291445	2016	9	1	17	0	0.015
USC00291445	2016	9	2	11	0	0.008
USC00291445	2016	9	2	12	0	0.004
USC00291445	2016	9	6	14	0	0.001
USC00291445	2016	9	6	15	0	0.042
USC00291445	2016	9	6	16	0	0.163
USC00291445	2016	9	6	17	0	0.008
USC00291445	2016	9	6	18	0	0.09
USC00291445	2016	9	6	19	0	0.024
USC00291445	2016	9	6	22	0	0.004
USC00291445	2016	9	6	23	0	0.008
USC00291445	2016	9	7	1	0	0.035
USC00291445	2016	9	7	2	0	0.011
USC00291445	2016	9	7	3	0	0.007
USC00291445	2016	9	7	5	0	0.017
USC00291445	2016	9	7	6	0	0.049
USC00291445	2016	9	7	7	0	0.013
USC00291445	2016	9	7	8	0	0.013
USC00291445	2016	9	9	23	0	0.002
USC00291445	2016	9	12	16	0	0.001
USC00291445	2016	9	14	6	0	0.011
USC00291445	2016	9	14	19	0	0.003
USC00291445	2016	9	14	20	0	0.005
USC00291445	2016	9	15	1	0	0.009
USC00291445	2016	9	15	2	0	0.066
USC00291445	2016	9	15	3	0	0.075
USC00291445	2016	9	15	4	0	0.156
USC00291445	2016	9	15	5	0	0.203
USC00291445	2016	9	15	6	0	0.013
USC00291445	2016	9	15	7	0	0.012
USC00291445	2016	9	15	8	0	0.014
USC00291445	2016	9	15	9	0	0.027
USC00291445	2016	9	15	10	0	0.006
USC00291445	2016	9	15	15	0	0.002
USC00291445	2016	9	15	18	0	0.01
USC00291445	2016	9	15	19	0	0.016
USC00291445	2016	9	15	20	0	0.074
USC00291445	2016	9	15	21	0	0.069
USC00291445	2016	9	15	22	0	0.003
USC00291445	2016	9	16	2	0	0.001
USC00291445	2016	9	17	16	0	0.009
USC00291445	2016	10	1	16	0	0.005
USC00291445	2016	10	1	17	0	0.007
USC00291445	2016	10	9	2	0	0.010
USC00291445	2016	10	9	21	0	0.040
USC00291445	2016	10	9	22	0	0.190
USC00291445	2016	10	11	15	0	0.010
USC00291445	2016	10	13	6	0	0.010
USC00291445	2016	10	13	7	0	0.080
USC00291445	2016	10	13	8	0	0.070
USC00291445	2016	10	13	9	0	0.010
USC00291445	2016	10	14	6	0	0.010
USC00291445	2016	10	14	20	0	0.010
USC00291445	2016	11	2	8	0	0.010
USC00291445	2016	11	2	11	0	0.030
USC00291445	2016	11	2	14	0	0.030
USC00291445	2016	11	2	15	0	0.010
USC00291445	2016	11	2	21	0	0.070
USC00291445	2016	11	2	22	0	0.040
USC00291445	2016	11	2	24	0	0.030
USC00291445	2016	11	3	1	0	0.010
USC00291445	2016	11	5	2	0	0.040
USC00291445	2016	11	5	4	0	0.110
USC00291445	2016	11	5	5	0	0.170
USC00291445	2016	11	5	6	0	0.030
USC00291445	2016	11	5	19	0	0.050
USC00291445	2016	11	5	22	0	0.160
USC00291445	2016	11	5	23	0	0.010
USC00291445	2016	11	6	18	0	0.080
USC00291445	2016	11	6	19	0	0.010
USC00291445	2016	11	14	7	0	0.010
USC00291445	2016	12	2	23	0	0.070
USC00291445	2016	12	2	24	0	0.110
USC00291445	2016	12	3	1	0	0.080
USC00291445	2016	12	3	2	0	0.030
USC00291445	2016	12	3	5	0	0.010
USC00291445	2016	12	3	7	0	0.020
USC00291445	2016	12	3	8	0	0.010
USC00291445	2016	12	3	9	0	0.010
USC00291445	2016	12	3	14	0	0.010
USC00291445	2016	12	22	1	0	0.006
USC00291445	2016	12	22	2	0	0.002
USC00291445	2016	12	22	6	0	0.001
USC00291445	2016	12	22	8	0	0.002
USC00291445	2016	12	22	20	0	0.001
USC00291445	2016	12	22	21	0	0.003
USC00291445	2016	12	22	22	0	0.002
USC00291445	2016	12	31	14	0	0.001
USC00291445	2016	12	31	15	0	0.001
USC00291445	2017	1	1	18	0	0.093
USC00291445	2017	1	1	19	0	0.186
USC00291445	2017	1	1	20	0	0.054
USC00291445	2017	1	2	4	0	0.001
USC00291445	2017	1	6	9	0	0.004
USC00291445	2017	1	6	10	0	0.012
USC00291445	2017	1	14	13	0	0.004
USC00291445	2017	1	14	15	0	0.009
USC00291445	2017	1	15	2	0	0.013
USC00291445	2017	1	15	3	0	0.035
USC00291445	2017	1	15	4	0	0.013
USC00291445	2017	1	15	7	0	0.016
USC00291445	2017	1	15	8	0	0.048
USC00291445	2017	1	15	9	0	0.067
USC00291445	2017	1	15	10	0	0.107
USC00291445	2017	1	15	11	0	0.071
USC00291445	2017	1	15	12	0	0.035
USC00291445	2017	1	15	13	0	0.023
USC00291445	2017	1	17	18	0	0.023
USC00291445	2017	1	17	19	0	0.009
USC00291445	2017	1	17	20	0	0.074
USC00291445	2017	1	18	16	0	0.009
USC00291445	2017	2	13	2	0	0.004
USC00291445	2017	2	13	3	0	0.016
USC00291445	2017	2	13	4	0	0.018
USC00291445	2017	2	13	5	0	0.005
USC00291445	2017	2	13	6	0	0.052
USC00291445	2017	2	13	7	0	0.009
USC00291445	2017	2	13	8	0	0.01
USC00291445	2017	2	13	13	0	0.001
USC00291445	2017	2	13	14	0	0.103
USC00291445	2017	2	13	15	0	0.073
USC00291445	2017	2	13	16	0	0.007
USC00291445	2017	2	13	17	0	0.008
USC00291445	2017	2	14	6	0	0.009
USC00291445	2017	2	14	7	0	0.009
USC00291445	2017	3	3	8	0	0.010
USC00291445	2017	3	6	10	0	0.020
USC00291445	2017	3	14	3	0	0.010
USC00291445	2017	3	14	22	0	0.010
USC00291445	2017	3	23	15	0	0.010
USC00291445	2017	3	23	19	0	0.020
USC00291445	2017	3	29	1	0	0.100
USC00291445	2017	3	29	2	0	0.040
USC00291445	2017	3	29	4	0	0.010
USC00291445	2017	3	31	7	0	0.010
USC00291445	2017	3	31	13	0	0.010
USC00291445	2017	3	31	17	0	0.010
USC00291445	2017	4	3	7	0	0.010
USC00291445	2017	4	12	8	0	0.030
USC00291445	2017	4	12	9	0	0.520
USC00291445	2017	4	12	10	0	0.220
USC00291445	2017	4	12	11	0	0.010
USC00291445	2017	4	12	15	0	0.040
USC00291445	2017	4	12	16	0	0.040
USC00291445	2017	4	12	17	0	0.190
USC00291445	2017	4	12	18	0	0.130
USC00291445	2017	4	13	22	0	0.010
USC00291445	2017	4	16	5	0	0.010
USC00291445	2017	4	24	11	0	0.020
USC00291445	2017	4	25	6	0	0.010
USC00291445	2017	4	28	24	0	0.010
USC00291445	2017	4	29	6	0	0.010
USC00291445	2017	4	29	8	0	0.020
USC00291445	2017	4	29	9	0	0.020
USC00291445	2017	4	29	10	0	0.010
USC00291445	2017	4	29	11	0	0.010
USC00291445	2017	4	29	13	0	0.060
USC00291445	2017	4	29	14	0	0.010
USC00291445	2017	5	1	1	0	0.010
USC00291445	2017	5	3	3	0	0.010
USC00291445	2017	5	9	17	0	0.070
USC00291445	2017	5	9	18	0	0.070
USC00291445	2017	5	9	23	0	0.110
USC00291445	2017	5	9	24	0	0.100
USC00291445	2017	5	10	23	0	0.010
USC00291445	2017	5	22	16	0	0.010
USC00291445	2017	5	22	18	0	0.060
USC00291445	2017	5	23	16	0	0.010
USC00291445	2017	5	28	2	0	0.010
USC00291445	2017	5	31	19	0	0.010
USC00291445	2017	6	1	22	0	0.210
USC00291445	2017	6	1	23	0	0.060
USC00291445	2017	6	1	24	0	0.100
USC00291445	2017	6	2	1	0	0.080
USC00291445	2017	6	2	3	0	0.010
USC00291445	2017	6	2	24	0	0.010
USC00291445	2017	6	3	2	0	0.010
USC00291445	2017	6	3	14	0	0.010
USC00291445	2017	6	3	15	0	0.040
USC00291445	2017	6	5	20	0	0.010
USC00291445	2017	6	5	21	0	0.010
USC00291445	2017	6	6	18	0	0.340
USC00291445	2017	6	7	13	0	0.010
USC00291445	2017	6	8	22	0	0.030
USC00291445	2017	6	8	23	0	0.050
USC00291445	2017	6	21	18	0	0.010
USC00291445	2017	6	21	19	0	0.030
USC00291445	2017	6	25	22	0	0.090
USC00291445	2017	6	25	23	0	0.040
USC00291445	2017	6	26	16	0	0.010
USC00291445	2017	7	1	14	0	0.010
USC00291445	2017	7	1	21	0	0.010
USC00291445	2017	7	1	22	0	0.450
USC00291445	2017	7	1	23	0	0.140
USC00291445	2017	7	1	24	0	0.010
USC00291445	2017	7	2	1	0	0.060
USC00291445	2017	7	2	2	0	0.010
USC00291445	2017	7	3	18	0	0.006
USC00291445	2017	7	3	19	0	0.009
USC00291445	2017	7	4	23	0	0.001
USC00291445	2017	7	4	24	0	0.181
USC00291445	2017	7	5	1	0	0.015
USC00291445	2017	7	5	2	0	0.008
USC00291445	2017	7	15	11	0	0.004
USC00291445	2017	7	15	12	0	0.001
USC00291445	2017	7	15	14	0	0.002
USC00291445	2017	7	15	15	0	0.007
USC00291445	2017	7	15	16	0	0.122
USC00291445	2017	7	15	17	0	0.048
USC00291445	2017	7	15	18	0	0.061
USC00291445	2017	7	15	19	0	0.026
USC00291445	2017	7	16	18	0	0.001
USC00291445	2017	7	19	17	0	0.082
USC00291445	2017	7	19	18	0	0.02
USC00291445	2017	7	22	13	0	0.002
USC00291445	2017	7	22	14	0	0.001
USC00291445	2017	7	22	22	0	0.008
USC00291445	2017	7	22	23	0	0.011
USC00291445	2017	7	22	24	0	0.008
USC00291445	2017	7	25	15	0	0.008
USC00291445	2017	7	26	13	0	0.001
USC00291445	2017	7	26	14	0	0.005
USC00291445	2017	7	26	15	0	0.001
USC00291445	2017	7	30	12	0	0.011
USC00291445	2017	7	30	13	0	0.064
USC00291445	2017	7	30	14	0	0.013
USC00291445	2017	7	30	21	0	0.004
USC00291445	2017	7	30	22	0	0.02
USC00291445	2017	7	30	23	0	0.004
USC00291445	2017	7	31	1	0	0.003
USC00291445	2017	7	31	2	0	0.173
USC00291445	2017	7	31	3	0	0.015
USC00291445	2017	7	31	19	0	0.003
USC00291445	2017	7	31	20	0	0.193
USC00291445	2017	7	31	21	0	0.276
USC00291445	2017	7	31	22	0	0.121
USC00291445	2017	7	31	23	0	0.296
USC00291445	2017	7	31	24	0	0.077
USC00291445	2017	8	1	13	0	0.005
USC00291445	2017	8	1	14	0	0.021
USC00291445	2017	8	1	15	0	0.009
USC00291445	2017	8	1	16	0	0.02
USC00291445	2017	8	1	17	0	0.018
USC00291445	2017	8	3	20	0	0.002
USC00291445	2017	8	3	21	0	0.072
USC00291445	2017	8	3	22	0	0.001
USC00291445	2017	8	3	23	0	0.019
USC00291445	2017	8	3	24	0	0.079
USC00291445	2017	8	4	1	0	0.01
USC00291445	2017	8	5	14	0	0.007
USC00291445	2017	8	5	15	0	0.058
USC00291445	2017	8	5	16	0	0.004
USC00291445	2017	8	5	17	0	0.002
USC00291445	2017	8	5	20	0	0.063
USC00291445	2017	8	6	15	0	0.010
USC00291445	2017	8	7	18	0	0.010
USC00291445	2017	8	7	19	0	0.010
USC00291445	2017	8	7	20	0	0.150
USC00291445	2017	8	7	21	0	0.050
USC00291445	2017	8	8	16	0	0.010
USC00291445	2017	8	11	23	0	0.080
USC00291445	2017	8	11	24	0	0.090
USC00291445	2017	8	12	1	0	0.070
USC00291445	2017	8	12	2	0	0.200
USC00291445	2017	8	12	3	0	0.210
USC00291445	2017	8	12	4	0	0.030
USC00291445	2017	8	12	5	0	0.040
USC00291445	2017	8	12	6	0	0.020
USC00291445	2017	8	17	12	0	0.060
USC00291445	2017	8	17	13	0	0.190
USC00291445	2017	8	17	14	0	0.010
USC00291445	2017	8	19	22	0	0.010
USC00291445	2017	8	19	23	0	0.010
USC00291445	2017	8	19	24	0	0.040
USC00291445	2017	8	20	1	0	0.010
USC00291445	2017	8	20	14	0	0.220
USC00291445	2017	8	20	15	0	0.790
USC00291445	2017	8	20	16	0	0.160
USC00291445	2017	8	20	17	0	0.010
USC00291445	2017	8	20	18	0	0.010
USC00291445	2017	8	20	19	0	0.020
USC00291445	2017	8	20	21	0	0.010
USC00291445	2017	8	21	3	0	0.120
USC00291445	2017	8	21	4	0	0.140
USC00291445	2017	8	22	14	0	0.010
USC00291445	2017	8	22	17	0	0.020
USC00291445	2017	8	22	18	0	0.010
USC00291445	2017	8	23	13	0	0.010
USC00291445	2017	8	24	7	0	0.030
USC00291445	2017	8	24	8	0	0.300
USC00291445	2017	8	24	9	0	0.030
USC00291445	2017	8	24	19	0	0.010
USC00291445	2017	8	24	20	0	0.010
USC00291445	2017	8	25	14	0	0.160
USC00291445	2017	8	25	15	0	0.030
USC00291445	2017	8	26	15	0	0.010
USC00291445	2017	9	16	14	0	0.010
USC00291445	2017	9	17	15	0	0.010
USC00291445	2017	9	17	16	0	0.020
USC00291445	2017	9	18	14	0	0.010
USC00291445	2017	9	23	14	0	0.540
USC00291445	2017	9	23	15	0	0.140
USC00291445	2017	9	23	16	0	0.070
USC00291445	2017	9	23	19	0	0.340
USC00291445	2017	9	23	20	0	0.680
USC00291445	2017	9	24	15	0	0.010
USC00291445	2017	9	25	6	0	0.220
USC00291445	2017	9	25	7	0	0.200
USC00291445	2017	9	25	8	0	0.070
USC00291445	2017	9	26	1	0	0.010
USC00291445	2017	9	26	2	0	0.070
USC00291445	2017	9	26	3	0	0.650
USC00291445	2017	9	26	4	0	0.080
USC00291445	2017	9	26	5	0	0.120
USC00291445	2017	9	26	6	0	0.020
USC00291445	2017	9	26	7	0	0.010
USC00291445	2017	9	26	15	0	0.040
USC00291445	2017	9	26	22	0	0.010
USC00291445	2017	9	26	24	0	0.010
USC00291445	2017	9	27	19	0	0.010
USC00291445	2017	9	28	3	0	0.010
USC00291445	2017	9	28	17	0	0.010
USC00291445	2017	9	29	8	0	0.010
USC00291445	2017	9	29	9	0	0.030
USC00291445	2017	9	29	12	0	0.130
USC00291445	2017	9	29	13	0	0.080
USC00291445	2017	9	29	24	0	0.010
USC00291445	2017	9	30	9	0	0.010
USC00291445	2017	10	1	8	0	0.010
USC00291445	2017	10	1	19	0	0.010
USC00291445	2017	10	2	19	0	0.010
USC00291445	2017	10	4	6	0	0.020
USC00291445	2017	10	4	8	0	0.040
USC00291445	2017	10	4	9	0	0.030
USC00291445	2017	10	4	17	0	0.010
USC00291445	2017	10	5	8	0	0.004
USC00291445	2017	10	5	10	0	0.02
USC00291445	2017	10	5	11	0	0.014
USC00291445	2017	10	5	15	0	0.01
USC00291445	2017	10	5	23	0	0.01
USC00291445	2017	10	5	24	0	0.195
USC00291445	2017	10	6	1	0	0.016
USC00291445	2017	10	9	8	0	0.102
USC00291445	2017	10	13	17	0	0.014
USC00291445	2017	10	13	18	0	0.006
USC00291445	2017	10	13	20	0	0.001
USC00291445	2017	10	16	3	0	0.010
USC00291445	2017	10	19	9	0	0.020
USC00291445	2017	10	19	10	0	0.010
USC00291445	2017	10	19	22	0	0.020
USC00291445	2017	10	19	23	0	0.050
USC00291445	2017	10	20	8	0	0.030
USC00291445	2017	10	20	10	0	0.030
USC00291445	2017	10	20	11	0	0.030
USC00291445	2017	10	20	12	0	0.030
USC00291445	2017	10	20	13	0	0.030
USC00291445	2017	10	20	15	0	0.010
USC00291445	2017	10	20	16	0	0.010
USC00291445	2017	10	21	13	0	0.020
USC00291445	2017	10	22	20	0	0.010
USC00291445	2017	10	23	9	0	0.020
USC00291445	2017	10	26	6	0	0.030
USC00291445	2017	10	26	10	0	0.020
USC00291445	2017	10	26	20	0	0.010
USC00291445	2017	10	26	21	0	0.010
USC00291445	2017	10	27	4	0	0.010
USC00291445	2017	10	27	5	0	0.010
USC00291445	2017	10	29	9	0	0.020
USC00291445	2017	10	29	11	0	0.020
USC00291445	2017	10	31	4	0	0.050
USC00291445	2017	10	31	5	0	0.090
USC00291445	2017	10	31	7	0	0.010
USC00291445	2017	10	31	14	0	0.020
USC00291445	2017	10	31	23	0	0.010
USC00291445	2017	11	1	9	0	0.010
USC00291445	2017	11	1	10	0	0.010
USC00291445	2017	11	1	22	0	0.010
USC00291445	2017	11	3	11	0	0.010
USC00291445	2017	11	3	12	0	0.010
USC00291445	2017	11	3	13	0	0.010
USC00291445	2017	11	3	22	0	0.010
USC00291445	2017	11	5	4	0	0.010
USC00291445	2017	11	5	5	0	0.010
USC00291445	2017	11	5	21	0	0.010
USC00291445	2017	11	9	9	0	0.010
USC00291445	2017	11	12	4	0	0.020
USC00291445	2017	11	12	6	0	0.020
USC00291445	2017	11	13	24	0	0.010
USC00291445	2017	11	14	18	0	0.010
USC00291445	2017	11	17	13	0	0.020
USC00291445	2017	11	18	4	0	0.010
USC00291445	2017	11	18	5	0	0.020
USC00291445	2017	11	18	6	0	0.030
USC00291445	2017	11	21	3	0	0.020
USC00291445	2017	11	21	10	0	0.020
USC00291445	2017	11	21	11	0	0.040
USC00291445	2017	11	21	13	0	0.020
USC00291445	2017	11	24	10	0	0.020
USC00291445	2017	11	28	11	0	0.020
USC00291445	2017	11	28	14	0	0.050
USC00291445	2017	11	28	15	0	0.020
USC00291445	2017	11	29	13	0	0.020
USC00291445	2017	11	29	14	0	0.010
USC00291445	2017	12	4	22	0	0.010
USC00291445	2017	12	7	10	0	0.020
USC00291445	2017	12	7	13	0	0.020
USC00291445	2017	12	8	12	0	0.040
USC00291445	2017	12	8	13	0	0.050
USC00291445	2017	12	8	15	0	0.010
USC00291445	2017	12	11	10	0	0.050
USC00291445	2017	12	12	24	0	0.030
USC00291445	2017	12	13	11	0	0.020
USC00291445	2017	12	16	11	0	0.020
USC00291445	2017	12	16	18	0	0.020
USC00291445	2017	12	16	22	0	0.020
USC00291445	2017	12	19	7	0	0.010
USC00291445	2017	12	20	24	0	0.040
USC00291445	2017	12	21	1	0	0.050
USC00291445	2017	12	21	2	0	0.030
USC00291445	2017	12	21	9	0	0.020
USC00291445	2017	12	21	11	0	0.030
USC00291445	2017	12	21	13	0	0.020
USC00291445	2017	12	21	15	0	0.020
USC00291445	2017	12	21	24	0	0.010
USC00291445	2017	12	24	8	0	0.020
USC00291445	2017	12	24	13	0	0.020
USC00291445	2017	12	28	10	0	0.020
USC00291445	2017	12	28	12	0	0.020
USC00291445	2017	12	30	10	0	0.010
USC00291445	2017	12	30	22	0	0.010
USC00291445	2018	1	6	22	0	0.010
USC00291445	2018	1	7	10	0	0.040
USC00291445	2018	1	7	11	0	0.040
USC00291445	2018	1	7	12	0	0.030
USC00291445	2018	1	8	3	0	0.010
USC00291445	2018	1	8	11	0	0.020
USC00291445	2018	1	10	9	0	0.060
USC00291445	2018	1	10	11	0	0.060
USC00291445	2018	1	10	13	0	0.060
USC00291445	2018	1	10	14	0	0.030
USC00291445	2018	1	10	17	0	0.020
USC00291445	2018	1	11	4	0	0.030
USC00291445	2018	1	11	5	0	0.030
USC00291445	2018	1	11	6	0	0.020
USC00291445	2018	1	11	9	0	0.050
USC00291445	2018	1	12	13	0	0.010
USC00291445	2018	1	12	14	0	0.010
USC00291445	2018	1	15	11	0	0.060
USC00291445	2018	1	15	17	0	0.010
USC00291445	2018	1	15	18	0	0.020
USC00291445	2018	2	16	8	0	0.010
USC00291445	2018	2	16	20	0	0.010
USC00291445	2018	2	16	21	0	0.110
USC00291445	2018	2	16	22	0	0.100
USC00291445	2018	2	16	23	0	0.010
USC00291445	2018	3	10	24	0	0.010
USC00291445	2018	3	11	3	0	0.010
USC00291445	2018	3	15	24	0	0.010
USC00291445	2018	3	18	10	0	0.020
USC00291445	2018	3	24	7	0	0.010
USC00291445	2018	3	24	20	0	0.030
USC00291445	2018	3	27	12	0	0.030
USC00291445	2018	4	1	5	0	0.010
USC00291445	2018	4	5	7	0	0.010
USC00291445	2018	4	13	7	0	0.010
USC00291445	2018	4	13	13	0	0.020
USC00291445	2018	4	20	15	0	0.020
USC00291445	2018	4	21	3	0	0.010
USC00291445	2018	5	21	23	0	0.020
USC00291445	2018	5	21	24	0	0.530
USC00291445	2018	5	22	1	0	0.080
USC00291445	2018	5	22	2	0	0.100
USC00291445	2018	5	22	3	0	0.080
USC00291445	2018	5	23	15	0	0.030
USC00291445	2018	5	23	16	0	0.050
USC00291445	2018	5	23	17	0	0.460
USC00291445	2018	5	23	18	0	0.480
USC00291445	2018	5	24	15	0	0.010
USC00291445	2018	6	3	16	0	0.020
USC00291445	2018	6	3	19	0	0.080
USC00291445	2018	6	3	20	0	0.050
USC00291445	2018	6	3	21	0	0.550
USC00291445	2018	6	3	22	0	0.300
USC00291445	2018	6	3	23	0	0.030
USC00291445	2018	6	4	18	0	0.010
USC00291445	2018	6	16	13	0	0.120
USC00291445	2018	6	16	14	0	0.040
USC00291445	2018	6	16	15	0	0.010
USC00291445	2018	6	18	14	0	0.010
USC00291445	2018	7	1	16	0	0.120
USC00291445	2018	7	2	14	0	0.140
USC00291445	2018	7	2	15	0	0.380
USC00291445	2018	7	2	16	0	0.230
USC00291445	2018	7	6	12	0	0.020
USC00291445	2018	7	6	18	0	0.070
USC00291445	2018	7	7	9	0	0.030
USC00291445	2018	7	7	10	0	0.060
USC00291445	2018	7	8	17	0	0.010
USC00291445	2018	7	11	16	0	0.010
USC00291445	2018	7	13	1	0	0.170
USC00291445	2018	7	13	2	0	0.050
USC00291445	2018	7	13	19	0	0.010
USC00291445	2018	7	13	20	0	0.050
USC00291445	2018	7	13	21	0	0.020
USC00291445	2018	7	13	22	0	0.020
USC00291445	2018	7	16	15	0	0.010
USC00291445	2018	7	26	6	0	0.990
USC00291445	2018	8	3	20	0	0.170
USC00291445	2018	8	4	14	0	0.010
USC00291445	2018	8	7	15	0	0.010
USC00291445	2018	8	8	22	0	0.160
USC00291445	2018	8	8	23	0	0.120
USC00291445	2018	8	9	14	0	0.010
USC00291445	2018	8	10	5	0	0.030
USC00291445	2018	8	10	17	0	0.060
USC00291445	2018	8	12	12	0	0.090
USC00291445	2018	8	15	14	0	0.020
USC00291445	2018	8	15	17	0	0.100
USC00291445	2018	8	15	18	0	0.010
USC00291445	2018	8	17	16	0	0.010
USC00291445	2018	8	17	23	0	0.020
USC00291445	2018	8	18	5	0	0.010
USC00291445	2018	8	18	14	0	0.010
USC00291445	2018	8	18	15	0	0.570
USC00291445	2018	8	25	22	0	0.080
USC00291445	2018	9	2	13	0	0.040
USC00291445	2018	9	2	17	0	0.010
USC00291445	2018	9	3	14	0	0.010
USC00291445	2018	9	3	17	0	0.250
USC00291445	2018	9	4	16	0	0.010
USC00291445	2018	9	5	16	0	0.020
USC00291445	2018	9	6	6	0	0.030
USC00291445	2018	9	6	7	0	0.050
USC00291445	2018	9	6	22	0	0.010
USC00291445	2018	9	7	14	0	0.110
USC00291445	2018	9	7	15	0	0.020
USC00291445	2018	9	8	19	0	0.010
USC00291445	2018	9	11	15	0	0.010
USC00291445	2018	9	20	12	0	0.050
USC00291445	2018	9	21	15	0	0.080
USC00291445	2018	9	21	16	0	0.010
USC00291445	2018	9	23	6	0	0.010
USC00291445	2018	9	23	14	0	0.010
USC00291445	2018	9	25	24	0	0.730
USC00291445	2018	9	26	1	0	0.050
USC00291445	2018	9	27	22	0	0.010
USC00291445	2018	10	2	13	0	0.070
USC00291445	2018	10	7	4	0	0.090
USC00291445	2018	10	7	17	0	0.010
USC00291445	2018	10	7	22	0	0.030
USC00291445	2018	10	8	20	0	0.010
USC00291445	2018	10	8	21	0	0.160
USC00291445	2018	10	8	22	0	0.070
USC00291445	2018	10	8	23	0	0.010
USC00291445	2018	10	9	1	0	0.020
USC00291445	2018	10	9	17	0	0.020
USC00291445	2018	10	10	1	0	0.010
USC00291445	2018	10	11	6	0	0.010
USC00291445	2018	10	12	3	0	0.010
USC00291445	2018	10	12	12	0	0.010
USC00291445	2018	10	12	13	0	0.010
USC00291445	2018	10	12	14	0	0.010
USC00291445	2018	10	12	15	0	0.010
USC00291445	2018	10	12	21	0	0.060
USC00291445	2018	10	12	22	0	0.050
USC00291445	2018	10	12	24	0	0.010
USC00291445	2018	10	13	3	0	0.020
USC00291445	2018	10	13	5	0	0.010
USC00291445	2018	10	15	24	0	0.010
USC00291445	2018	10	16	15	0	0.010
USC00291445	2018	10	16	23	0	0.010
USC00291445	2018	10	17	4	0	0.010
USC00291445	2018	10	17	11	0	0.010
USC00291445	2018	10	17	22	0	0.020
USC00291445	2018	10	17	23	0	0.030
USC00291445	2018	10	17	24	0	0.030
USC00291445	2018	10	18	1	0	0.020
USC00291445	2018	10	18	3	0	0.010
USC00291445	2018	10	18	4	0	0.060
USC00291445	2018	10	18	5	0	0.010
USC00291445	2018	10	18	6	0	0.020
USC00291445	2018	10	18	8	0	0.100
USC00291445	2018	10	18	9	0	0.250
USC00291445	2018	10	18	10	0	0.130
USC00291445	2018	10	18	11	0	0.020
USC00291445	2018	10	18	15	0	0.090
USC00291445	2018	10	18	17	0	0.010
USC00291445	2018	10	18	18	0	0.170
USC00291445	2018	10	18	21	0	0.020
USC00291445	2018	10	19	23	0	0.010
USC00291445	2018	10	23	21	0	0.010
USC00291445	2018	10	23	23	0	0.020
USC00291445	2018	10	23	24	0	0.150
USC00291445	2018	10	24	1	0	0.190
USC00291445	2018	10	24	2	0	0.150
USC00291445	2018	10	24	3	0	0.190
USC00291445	2018	10	24	4	0	0.060
USC00291445	2018	10	24	5	0	0.010
USC00291445	2018	10	24	8	0	0.010
USC00291445	2018	10	27	19	0	0.010
USC00291445	2018	10	31	9	0	0.050
USC00291445	2018	11	1	7	0	0.010
USC00291445	2018	11	7	6	0	0.010
USC00291445	2018	11	16	8	0	0.010
USC00291445	2018	11	21	9	0	0.010
USC00291445	2018	11	25	1	0	0.020
USC00291445	2018	12	6	24	0	0.010
USC00291445	2018	12	7	6	0	0.020
USC00291445	2018	12	7	7	0	0.010
USC00291445	2018	12	7	9	0	0.010
USC00291445	2018	12	7	18	0	0.010
USC00291445	2018	12	7	19	0	0.010
USC00291445	2018	12	7	21	0	0.030
USC00291445	2018	12	7	22	0	0.070
USC00291445	2018	12	7	23	0	0.020
USC00291445	2018	12	7	24	0	0.020
USC00291445	2018	12	8	1	0	0.030
USC00291445	2018	12	8	2	0	0.080
USC00291445	2018	12	8	3	0	0.090
USC00291445	2018	12	8	4	0	0.080
USC00291445	2018	12	8	5	0	0.020
USC00291445	2018	12	8	9	0	0.020
USC00291445	2018	12	9	8	0	0.010
USC00291445	2018	12	11	4	0	0.010
USC00291445	2018	12	13	1	0	0.010
USC00291445	2018	12	16	6	0	0.010
USC00291445	2018	12	26	24	0	0.010
USC00291445	2018	12	27	1	0	0.090
USC00291445	2018	12	27	2	0	0.060
USC00291445	2018	12	28	11	0	0.010
USC00291445	2018	12	29	2	0	0.010
USC00291445	2019	1	4	8	0	0.010
USC00291445	2019	1	9	8	0	0.010
USC00291445	2019	1	9	19	0	0.010
USC00291445	2019	1	10	22	0	0.010
USC00291445	2019	1	10	23	0	0.050
USC00291445	2019	1	11	23	0	0.010
USC00291445	2019	1	18	4	0	0.010
USC00291445	2019	1	21	10	0	0.010
USC00291445	2019	2	2	3	0	0.010
USC00291445	2019	2	4	8	0	0.010
USC00291445	2019	2	10	17	0	0.010
USC00291445	2019	2	10	18	0	0.010
USC00291445	2019	2	11	14	0	0.010
USC00291445	2019	2	11	15	0	0.010
USC00291445	2019	2	14	9	0	0.010
USC00291445	2019	2	18	8	0	0.010
USC00291445	2019	2	21	9	0	0.010
USC00291445	2019	2	21	21	0	0.010
USC00291445	2019	2	22	21	0	0.030
USC00291445	2019	2	22	23	0	0.030
USC00291445	2019	2	22	24	0	0.020
USC00291445	2019	3	6	13	0	0.010
USC00291445	2019	3	6	23	0	0.010
USC00291445	2019	3	8	24	0	0.020
USC00291445	2019	3	9	22	0	0.010
USC00291445	2019	3	10	8	0	0.010
USC00291445	2019	3	10	9	0	0.010
USC00291445	2019	3	12	2	0	0.010
USC00291445	2019	3	12	6	0	0.020
USC00291445	2019	3	12	7	0	0.100
USC00291445	2019	3	12	8	0	0.030
USC00291445	2019	3	12	17	0	0.010
USC00291445	2019	3	12	18	0	0.240
USC00291445	2019	3	15	7	0	0.010
USC00291445	2019	3	17	7	0	0.010
USC00291445	2019	3	22	3	0	0.030
USC00291445	2019	3	22	4	0	0.010
USC00291445	2019	3	23	8	0	0.010
USC00291445	2019	4	2	7	0	0.010
USC00291445	2019	4	10	10	0	0.250
USC00291445	2019	4	10	14	0	0.040
USC00291445	2019	4	10	20	0	0.010
USC00291445	2019	4	13	6	0	0.040
USC00291445	2019	4	13	7	0	0.080
USC00291445	2019	4	13	8	0	0.140
USC00291445	2019	4	13	9	0	0.160
USC00291445	2019	4	13	10	0	0.080
USC00291445	2019	4	13	11	0	0.070
USC00291445	2019	4	13	12	0	0.040
USC00291445	2019	4	13	13	0	0.080
USC00291445	2019	4	13	14	0	0.040
USC00291445	2019	4	15	24	0	0.010
USC00291445	2019	4	22	22	0	0.050
USC00291445	2019	4	22	23	0	0.140
USC00291445	2019	4	23	2	0	0.010
USC00291445	2019	4	23	3	0	0.010
USC00291445	2019	4	25	1	0	0.010
USC00291445	2019	4	26	20	0	0.020
USC00291445	2019	4	26	21	0	0.030
USC00291445	2019	4	27	14	0	0.010
USC00291445	2019	5	2	3	0	0.010
USC00291445	2019	5	6	21	0	0.010
USC00291445	2019	5	10	6	0	0.010
USC00291445	2019	5	10	7	0	0.030
USC00291445	2019	5	10	12	0	0.010
USC00291445	2019	5	11	16	0	0.020
USC00291445	2019	5	16	21	0	0.010
USC00291445	2019	5	22	23	0	0.010
USC00291445	2019	5	30	19	0	0.020
USC00291445	2019	6	1	19	0	0.100
USC00291445	2019	6	1	20	0	0.010
USC00291445	2019	6	1	21	0	0.200
USC00291445	2019	6	2	17	0	0.010
USC00291445	2019	6	2	18	0	0.560
USC00291445	2019	6	3	19	0	0.230
USC00291445	2019	6	3	20	0	0.030
USC00291445	2019	6	3	21	0	0.180
USC00291445	2019	6	3	22	0	0.110
USC00291445	2019	6	17	23	0	0.490
USC00291445	2019	6	18	17	0	0.010
USC00291445	2019	6	20	6	0	0.010
USC00291445	2019	6	28	16	0	0.010
USC00291445	2019	6	30	16	0	0.010
USC00291445	2019	7	1	18	0	0.010
USC00291445	2019	7	1	20	0	0.030
USC00291445	2019	7	1	21	0	0.020
USC00291445	2019	7	1	22	0	0.010
USC00291445	2019	7	2	6	0	0.001
USC00291445	2019	7	3	16	0	0.013
USC00291445	2019	7	3	17	0	0.022
USC00291445	2019	7	3	18	0	0.001
USC00291445	2019	7	5	17	0	0.010
USC00291445	2019	7	6	20	0	0.010
USC00291445	2019	7	6	21	0	0.050
USC00291445	2019	7	6	22	0	0.610
USC00291445	2019	7	6	23	0	0.130
USC00291445	2019	7	6	24	0	0.110
USC00291445	2019	7	7	1	0	0.050
USC00291445	2019	7	8	2	0	0.210
USC00291445	2019	7	8	21	0	0.010
USC00291445	2019	7	9	13	0	0.010
USC00291445	2019	7	15	13	0	0.010
USC00291445	2019	7	18	16	0	0.010
USC00291445	2019	7	21	20	0	0.020
USC00291445	2019	7	21	21	0	0.060
USC00291445	2019	7	21	22	0	0.010
USC00291445	2019	7	28	16	0	0.020
USC00291445	2019	7	28	23	0	0.120
USC00291445	2019	8	3	17	0	0.320
USC00291445	2019	8	3	18	0	0.100
USC00291445	2019	8	8	13	0	0.010
USC00291445	2019	8	8	18	0	0.050
USC00291445	2019	8	9	14	0	0.010
USC00291445	2019	8	11	14	0	0.010
USC00291445	2019	8	11	15	0	0.060
USC00291445	2019	8	14	22	0	0.050
USC00291445	2019	8	14	23	0	0.030
USC00291445	2019	8	15	13	0	0.010
USC00291445	2019	8	22	7	0	0.020
USC00291445	2019	8	23	3	0	0.010
USC00291445	2019	8	23	15	0	0.010
USC00291445	2019	8	24	14	0	0.010
USC00291445	2019	8	29	14	0	0.010
USC00291445	2019	8	31	16	0	0.130
USC00291445	2019	8	31	18	0	0.030
USC00291445	2019	9	10	15	0	0.140
USC00291445	2019	9	11	14	0	0.010
USC00291445	2019	9	11	17	0	0.410
USC00291445	2019	9	12	12	0	0.010
USC00291445	2019	9	12	15	0	0.010
USC00291445	2019	9	12	23	0	0.010
USC00291445	2019	9	13	2	0	0.020
USC00291445	2019	9	13	3	0	0.050
USC00291445	2019	9	13	4	0	0.040
USC00291445	2019	9	13	17	0	0.010
USC00291445	2019	9	14	13	0	0.010
USC00291445	2019	9	19	23	0	0.010
USC00291445	2019	9	19	24	0	0.030
USC00291445	2019	9	20	2	0	0.030
USC00291445	2019	9	20	3	0	0.010
USC00291445	2019	9	20	8	0	0.030
USC00291445	2019	9	21	12	0	0.060
USC00291445	2019	9	21	13	0	0.110
USC00291445	2019	9	21	15	0	0.120
USC00291445	2019	9	21	16	0	0.020
USC00291445	2019	9	21	18	0	0.010
USC00291445	2019	9	22	22	0	0.010
USC00291445	2019	9	27	20	0	0.210
USC00291445	2019	9	27	23	0	0.240
USC00291445	2019	9	27	24	0	0.120
USC00291445	2019	9	28	23	0	0.120
USC00291445	2019	9	29	18	0	0.010
USC00291445	2019	9	30	18	0	0.360
USC00291445	2019	9	30	19	0	1.830
USC00291445	2019	9	30	20	0	0.190
USC00291445	2019	9	30	21	0	0.490
USC00291445	2019	9	30	22	0	0.110
USC00291445	2019	9	30	23	0	0.010
USC00291445	2019	10	1	5	0	0.070
USC00291445	2019	10	1	6	0	0.690
USC00291445	2019	10	1	7	0	0.360
USC00291445	2019	10	1	9	0	0.030
USC00291445	2019	10	1	10	0	0.300
USC00291445	2019	10	1	19	0	0.050
USC00291445	2019	10	1	21	0	0.010
USC00291445	2019	10	1	22	0	0.030
USC00291445	2019	10	2	4	0	0.030
USC00291445	2019	10	2	5	0	0.010
USC00291445	2019	10	2	12	0	0.010
USC00291445	2019	10	3	10	0	0.090
USC00291445	2019	10	3	11	0	0.100
USC00291445	2019	10	3	16	0	0.020
USC00291445	2019	10	4	3	0	0.010
USC00291445	2019	10	8	22	0	0.030
USC00291445	2019	10	13	22	0	0.010
USC00291445	2019	11	1	5	0	0.010
USC00291445	2019	11	4	7	0	0.010
USC00291445	2019	11	6	1	0	0.020
USC00291445	2019	11	6	6	0	0.010
USC00291445	2019	11	6	7	0	0.010
USC00291445	2019	11	6	8	0	0.010
USC00291445	2019	11	6	10	0	0.010
USC00291445	2019	11	6	11	0	0.100
USC00291445	2019	11	6	12	0	0.030
USC00291445	2019	11	6	14	0	0.070
USC00291445	2019	11	6	17	0	0.010
USC00291445	2019	11	6	24	0	0.100
USC00291445	2019	11	7	1	0	0.100
USC00291445	2019	11	7	2	0	0.010
USC00291445	2019	11	7	3	0	0.050
USC00291445	2019	11	7	4	0	0.010
USC00291445	2019	11	7	7	0	0.010
USC00291445	2019	11	7	10	0	0.030
USC00291445	2019	11	7	15	0	0.010
USC00291445	2019	11	7	16	0	0.010
USC00291445	2019	11	9	2	0	0.010
USC00291445	2019	11	9	23	0	0.010
USC00291445	2019	11	10	16	0	0.010
USC00291445	2019	11	13	8	0	0.010
USC00291445	2019	11	20	9	0	0.050
USC00291445	2019	11	21	3	0	0.010
USC00291445	2019	11	21	17	0	0.070
USC00291445	2019	11	21	18	0	0.020
USC00291445	2019	11	21	19	0	0.040
USC00291445	2019	11	21	20	0	0.050
USC00291445	2019	11	21	21	0	0.010
USC00291445	2019	11	21	22	0	0.010
USC00291445	2019	11	27	7	0	0.010
USC00291445	2019	11	27	15	0	0.010
USC00291445	2019	11	27	16	0	0.060
USC00291445	2019	11	27	17	0	0.040
USC00291445	2019	11	27	18	0	0.010
USC00291445	2019	11	27	19	0	0.010
USC00291445	2019	11	27	20	0	0.030
USC00291445	2019	11	27	21	0	0.010
USC00291445	2019	11	28	1	0	0.050
USC00291445	2019	11	28	2	0	0.010
USC00291445	2019	11	28	3	0	0.010
USC00291445	2019	11	28	9	0	0.020
USC00291445	2019	11	28	10	0	0.030
USC00291445	2019	11	28	11	0	0.050
USC00291445	2019	11	28	12	0	0.020
USC00291445	2019	11	30	8	0	0.010
USC00291445	2019	11	30	12	0	0.020
USC00291445	2019	12	1	8	0	0.010
USC00291445	2019	12	11	6	0	0.010
USC00291445	2019	12	14	8	0	0.010
USC00291445	2019	12	20	8	0	0.010
USC00291445	2019	12	27	21	0	0.130
USC00291445	2019	12	29	3	0	0.010
USC00291445	2019	12	29	6	0	0.010
USC00291445	2020	1	2	18	0	0.010
USC00291445	2020	1	2	20	0	0.010
USC00291445	2020	1	5	4	0	0.010
USC00291445	2020	1	15	24	0	0.020
USC00291445	2020	1	16	1	0	0.010
USC00291445	2020	1	16	9	0	0.010
USC00291445	2020	1	16	20	0	0.010
USC00291445	2020	1	16	22	0	0.010
USC00291445	2020	1	17	6	0	0.010
USC00291445	2020	1	17	7	0	0.020
USC00291445	2020	1	21	13	0	0.010
USC00291445	2020	1	21	14	0	0.050
USC00291445	2020	1	21	15	0	0.030
USC00291445	2020	1	21	16	0	0.010
USC00291445	2020	1	21	18	0	0.010
USC00291445	2020	1	25	9	0	0.010
USC00291445	2020	1	27	8	0	0.010
USC00291445	2020	1	27	18	0	0.010
USC00291445	2020	1	30	8	0	0.010
USC00291445	2020	2	2	8	0	0.010
USC00291445	2020	2	4	9	0	0.010
USC00291445	2020	2	4	12	0	0.010
USC00291445	2020	2	4	13	0	0.020
USC00291445	2020	2	6	9	0	0.010
USC00291445	2020	2	10	8	0	0.010
USC00291445	2020	2	10	9	0	0.030
USC00291445	2020	2	10	10	0	0.010
USC00291445	2020	2	10	22	0	0.010
USC00291445	2020	2	11	1	0	0.020
USC00291445	2020	2	11	3	0	0.050
USC00291445	2020	2	11	4	0	0.110
USC00291445	2020	2	11	5	0	0.040
USC00291445	2020	2	11	6	0	0.020
USC00291445	2020	2	11	13	0	0.010
USC00291445	2020	2	11	17	0	0.010
USC00291445	2020	2	11	18	0	0.010
USC00291445	2020	2	11	19	0	0.040
USC00291445	2020	2	11	20	0	0.090
USC00291445	2020	2	11	21	0	0.010
USC00291445	2020	2	12	3	0	0.010
USC00291445	2020	2	12	23	0	0.010
USC00291445	2020	2	16	8	0	0.010
USC00291445	2020	2	23	15	0	0.010
USC00291445	2020	2	23	21	0	0.010
USC00291445	2020	2	28	8	0	0.010
USC00291445	2020	3	3	8	0	0.022
USC00291445	2020	3	3	9	0	0.026
USC00291445	2020	3	3	10	0	0.038
USC00291445	2020	3	3	11	0	0.024
USC00291445	2020	3	3	13	0	0.047
USC00291445	2020	3	3	14	0	0.027
USC00291445	2020	3	3	15	0	0.004
USC00291445	2020	3	3	16	0	0.007
USC00291445	2020	3	3	17	0	0.003
USC00291445	2020	3	3	22	0	0.007
USC00291445	2020	3	3	23	0	0.006
USC00291445	2020	3	3	24	0	0.069
USC00291445	2020	3	4	1	0	0.091
USC00291445	2020	3	4	2	0	0.059
USC00291445	2020	3	4	3	0	0.086
USC00291445	2020	3	4	4	0	0.086
USC00291445	2020	3	4	5	0	0.078
USC00291445	2020	3	4	6	0	0.052
USC00291445	2020	3	4	7	0	0.067
USC00291445	2020	3	4	8	0	0.067
USC00291445	2020	3	4	9	0	0.006
USC00291445	2020	3	4	10	0	0.008
USC00291445	2020	3	4	11	0	0.011
USC00291445	2020	3	4	13	0	0.008
USC00291445	2020	3	8	6	0	0.008
USC00291445	2020	3	8	7	0	0.013
USC00291445	2020	3	8	8	0	0.036
USC00291445	2020	3	8	9	0	0.02
USC00291445	2020	3	8	10	0	0.002
USC00291445	2020	3	8	11	0	0.073
USC00291445	2020	3	8	16	0	0.001
USC00291445	2020	3	8	17	0	0.027
USC00291445	2020	3	8	18	0	0.083
USC00291445	2020	3	8	19	0	0.009
USC00291445	2020	3	8	20	0	0.026
USC00291445	2020	3	8	21	0	0.063
USC00291445	2020	3	8	22	0	0.003
USC00291445	2020	3	8	23	0	0.008
USC00291445	2020	3	8	24	0	0.002
USC00291445	2020	3	12	15	0	0.009
USC00291445	2020	3	12	16	0	0.011
USC00291445	2020	3	12	17	0	0.006
USC00291445	2020	3	12	18	0	0.002
USC00291445	2020	3	12	19	0	0.012
USC00291445	2020	3	12	20	0	0.002
USC00291445	2020	3	12	22	0	0.003
USC00291445	2020	3	12	23	0	0.039
USC00291445	2020	3	12	24	0	0.098
USC00291445	2020	3	13	1	0	0.03
USC00291445	2020	3	13	2	0	0.016
USC00291445	2020	3	13	3	0	0.004
USC00291445	2020	3	13	5	0	0.002
USC00291445	2020	3	13	6	0	0.001
USC00291445	2020	3	13	7	0	0.021
USC00291445	2020	3	13	8	0	0.042
USC00291445	2020	3	13	9	0	0.017
USC00291445	2020	3	13	11	0	0.006
USC00291445	2020	3	13	12	0	0.003
USC00291445	2020	3	13	13	0	0.099
USC00291445	2020	3	13	19	0	0.009
USC00291445	2020	3	13	20	0	0.134
USC00291445	2020	3	13	22	0	0.007
USC00291445	2020	3	14	9	0	0.004
USC00291445	2020	3	15	7	0	0.027
USC00291445	2020	3	15	8	0	0.027
USC00291445	2020	3	17	5	0	0.011
USC00291445	2020	3	17	6	0	0.008
USC00291445	2020	3	17	8	0	0.002
USC00291445	2020	3	17	9	0	0.009
USC00291445	2020	3	17	10	0	0.015
USC00291445	2020	3	17	11	0	0.012
USC00291445	2020	3	17	12	0	0.009
USC00291445	2020	3	17	13	0	0.009
USC00291445	2020	3	17	15	0	0.052
USC00291445	2020	3	17	17	0	0.001
USC00291445	2020	3	17	18	0	0.004
USC00291445	2020	3	18	15	0	0.007
USC00291445	2020	3	18	18	0	0.003
USC00291445	2020	3	18	19	0	0.005
USC00291445	2020	3	18	20	0	0.01
USC00291445	2020	3	18	22	0	0.005
USC00291445	2020	3	18	23	0	0.011
USC00291445	2020	3	19	2	0	0.05
USC00291445	2020	3	19	3	0	0.006
USC00291445	2020	3	22	8	0	0.010
USC00291445	2020	3	28	8	0	0.010
USC00291445	2020	3	28	9	0	0.010
USC00291445	2020	4	10	8	0	0.010
USC00291445	2020	4	10	9	0	0.010
USC00291445	2020	4	11	2	0	0.010
USC00291445	2020	4	12	22	0	0.110
USC00291445	2020	4	12	23	0	0.080
USC00291445	2020	5	11	9	0	0.010
USC00291445	2020	5	11	18	0	0.030
USC00291445	2020	5	11	19	0	0.030
USC00291445	2020	5	11	20	0	0.020
USC00291445	2020	5	12	22	0	0.010
USC00291445	2020	5	18	15	0	0.010
USC00291445	2020	5	24	1	0	0.010
USC00291445	2020	6	9	2	0	0.030
USC00291445	2020	6	23	15	0	0.010
USC00291445	2020	6	23	19	0	0.270
USC00291445	2020	6	23	20	0	0.090
USC00291445	2020	6	23	21	0	0.110
USC00291445	2020	6	24	17	0	0.010
USC00291445	2020	7	4	1	0	0.060
USC00291445	2020	7	4	2	0	0.030
USC00291445	2020	7	4	3	0	0.030
USC00291445	2020	7	4	4	0	0.020
USC00291445	2020	7	4	5	0	0.010
USC00291445	2020	7	4	16	0	0.010
USC00291445	2020	7	5	13	0	0.010
USC00291445	2020	7	18	15	0	0.030
USC00291445	2020	7	18	16	0	0.080
USC00291445	2020	7	18	18	0	0.020
USC00291445	2020	7	22	10	0	0.140
USC00291445	2020	7	22	11	0	0.010
USC00291445	2020	7	26	5	0	0.030
USC00291445	2020	7	27	24	0	0.020
USC00291445	2020	8	2	17	0	0.010
USC00291445	2020	8	2	20	0	0.010
USC00291445	2020	8	2	21	0	0.070
USC00291445	2020	8	2	22	0	0.010
USC00291445	2020	8	6	19	0	0.010
USC00291445	2020	8	7	19	0	0.100
USC00291445	2020	8	8	18	0	0.170
USC00291445	2020	8	8	19	0	0.180
USC00291445	2020	8	9	17	0	0.440
USC00291445	2020	8	10	15	0	0.010
USC00291445	2020	8	15	13	0	0.010
USC00291445	2020	8	15	19	0	0.010
USC00291445	2020	8	15	20	0	0.060
USC00291445	2020	8	15	21	0	0.010
USC00291445	2020	8	15	22	0	0.020
USC00291445	2020	8	15	23	0	0.020
USC00291445	2020	8	19	7	0	0.010
USC00291445	2020	8	19	22	0	0.010
USC00291445	2020	8	20	12	0	0.010
USC00291445	2020	8	28	14	0	0.010
USC00291445	2020	9	1	15	0	0.010
USC00291445	2020	9	1	16	0	0.010
USC00291445	2020	9	9	5	0	0.010
USC00291445	2020	9	9	8	0	0.020
USC00291445	2020	9	9	24	0	0.010
USC00291445	2020	9	16	15	0	0.100
USC00291445	2020	10	27	5	0	0.010
USC00291445	2020	10	27	6	0	0.040
USC00291445	2020	10	27	9	0	0.010
USC00291445	2020	10	27	10	0	0.010
USC00291445	2020	10	27	14	0	0.010
USC00291445	2020	10	27	16	0	0.010
USC00291445	2020	10	27	22	0	0.030
USC00291445	2020	10	27	23	0	0.050
USC00291445	2020	10	28	1	0	0.010
USC00291445	2020	10	28	3	0	0.010
USC00291445	2020	10	28	6	0	0.010
USC00291445	2020	10	28	7	0	0.010
USC00291445	2020	10	28	10	0	0.010
USC00291445	2020	10	28	13	0	0.010
USC00291445	2020	10	29	24	0	0.010
USC00291445	2020	11	22	21	0	0.030
USC00291445	2020	11	22	22	0	0.020
USC00291445	2020	11	22	23	0	0.010
USC00291445	2020	11	22	24	0	0.010
USC00291445	2020	11	23	1	0	0.010
USC00291445	2020	11	23	8	0	0.010
USC00291445	2020	11	23	11	0	0.010
USC00291445	2020	11	24	13	0	0.020
USC00291445	2020	11	27	10	0	0.010
USC00291445	2020	11	29	9	0	0.010
USC00291445	2020	11	29	10	0	0.020
USC00291445	2020	11	29	12	0	0.010
USC00291445	2020	12	1	13	0	0.020
USC00291445	2020	12	7	9	0	0.010
USC00291445	2020	12	11	15	0	0.010
USC00291445	2020	12	11	16	0	0.010
USC00291445	2020	12	13	9	0	0.010
USC00291445	2020	12	13	10	0	0.010
USC00291445	2020	12	23	15	0	0.030
USC00291445	2020	12	28	20	0	0.010
USC00291445	2020	12	28	21	0	0.010
