USC00056136	1990	1	2	8	0	0.104
USC00056136	1990	1	20	12	0	0.081
USC00056136	1990	1	20	13	0	0.081
USC00056136	1990	1	20	15	0	0.081
USC00056136	1990	1	20	23	0	0.937
USC00056136	1990	2	16	11	0	0.104
USC00056136	1990	2	20	12	0	0.081
USC00056136	1990	2	20	13	0	0.081
USC00056136	1990	2	20	23	0	0.729
USC00056136	1990	2	28	11	0	0.208
USC00056136	1990	3	6	8	0	0.104
USC00056136	1990	3	7	11	0	0.104
USC00056136	1990	3	7	12	0	0.104
USC00056136	1990	3	28	6	0	0.104
USC00056136	1990	3	29	2	0	0.104
USC00056136	1990	3	29	11	0	0.104
USC00056136	1990	3	29	14	0	0.104
USC00056136	1990	3	29	19	0	0.104
USC00056136	1990	3	30	10	0	0.208
USC00056136	1990	4	4	23	0	0.104
USC00056136	1990	4	6	8	0	0.104
USC00056136	1990	4	14	8	0	0.104
USC00056136	1990	4	25	11	0	0.104
USC00056136	1990	4	26	7	0	0.104
USC00056136	1990	5	2	15	0	0.104
USC00056136	1990	5	2	16	0	0.104
USC00056136	1990	5	3	6	0	0.104
USC00056136	1990	5	3	9	0	0.104
USC00056136	1990	5	3	10	0	0.104
USC00056136	1990	5	3	11	0	0.312
USC00056136	1990	5	3	12	0	0.312
USC00056136	1990	5	3	13	0	0.312
USC00056136	1990	5	3	14	0	0.416
USC00056136	1990	5	3	15	0	0.104
USC00056136	1990	5	3	16	0	0.104
USC00056136	1990	5	5	17	0	0.104
USC00056136	1990	5	11	6	0	0.100
USC00056136	1990	5	11	17	0	0.100
USC00056136	1990	5	16	4	0	0.100
USC00056136	1990	5	17	7	0	0.100
USC00056136	1990	5	29	13	0	0.100
USC00056136	1990	5	29	14	0	0.100
USC00056136	1990	5	29	20	0	0.300
USC00056136	1990	5	29	21	0	0.100
USC00056136	1990	6	6	24	0	0.200
USC00056136	1990	6	7	1	0	0.100
USC00056136	1990	7	4	17	0	0.100
USC00056136	1990	7	4	19	0	0.100
USC00056136	1990	7	4	20	0	0.100
USC00056136	1990	7	5	16	0	0.100
USC00056136	1990	7	5	17	0	0.100
USC00056136	1990	7	5	24	0	0.400
USC00056136	1990	7	8	18	0	0.400
USC00056136	1990	7	8	19	0	0.100
USC00056136	1990	7	8	20	0	0.100
USC00056136	1990	7	9	19	0	0.100
USC00056136	1990	7	10	21	0	0.100
USC00056136	1990	7	20	14	0	0.100
USC00056136	1990	7	20	17	0	0.100
USC00056136	1990	7	21	15	0	1.300
USC00056136	1990	7	28	17	0	0.100
USC00056136	1990	7	28	18	0	1.200
USC00056136	1990	7	28	19	0	0.200
USC00056136	1990	7	29	16	0	0.100
USC00056136	1990	7	29	18	0	0.200
USC00056136	1990	8	4	16	0	0.100
USC00056136	1990	8	4	17	0	0.700
USC00056136	1990	8	4	18	0	0.100
USC00056136	1990	9	10	18	0	0.200
USC00056136	1990	9	17	3	0	0.100
USC00056136	1990	9	18	23	0	0.400
USC00056136	1990	9	20	18	0	0.100
USC00056136	1990	9	27	21	0	0.100
USC00056136	1990	9	28	3	0	0.100
USC00056136	1990	9	28	13	0	0.300
USC00056136	1990	9	28	14	0	0.100
USC00056136	1990	9	28	15	0	0.100
USC00056136	1990	9	28	23	0	0.100
USC00056136	1990	9	28	24	0	0.300
USC00056136	1990	9	29	1	0	0.300
USC00056136	1990	9	29	2	0	0.200
USC00056136	1990	9	29	5	0	0.100
USC00056136	1990	10	2	17	0	0.100
USC00056136	1990	10	9	8	0	0.100
USC00056136	1990	10	20	2	0	0.100
USC00056136	1990	10	20	3	0	0.100
USC00056136	1990	10	20	7	0	0.100
USC00056136	1990	11	2	19	0	0.100
USC00056136	1990	11	2	20	0	0.100
USC00056136	1990	11	2	22	0	0.100
USC00056136	1990	11	3	1	0	0.100
USC00056136	1990	11	3	12	0	0.100
USC00056136	1990	11	4	9	0	0.100
USC00056136	1990	11	28	9	0	0.100
USC00056136	1990	12	20	22	0	0.100
USC00056136	1991	1	14	5	0	0.100
USC00056136	1991	1	14	10	0	0.100
USC00056136	1991	3	6	9	0	0.100
USC00056136	1991	3	16	11	0	0.100
USC00056136	1991	3	22	3	0	0.200
USC00056136	1991	3	29	17	0	0.100
USC00056136	1991	3	29	18	0	0.200
USC00056136	1991	3	30	1	0	0.100
USC00056136	1991	3	30	9	0	0.100
USC00056136	1991	4	2	11	0	0.100
USC00056136	1991	4	2	21	0	0.100
USC00056136	1991	4	13	24	0	0.100
USC00056136	1991	4	18	20	0	0.100
USC00056136	1991	4	18	21	0	0.100
USC00056136	1991	4	23	7	0	0.100
USC00056136	1991	4	30	11	0	0.100
USC00056136	1991	5	2	15	0	0.200
USC00056136	1991	5	4	8	0	0.100
USC00056136	1991	5	4	9	0	0.100
USC00056136	1991	5	16	13	0	0.100
USC00056136	1991	5	16	16	0	0.100
USC00056136	1991	5	16	18	0	0.100
USC00056136	1991	5	22	21	0	0.100
USC00056136	1991	5	24	10	0	0.100
USC00056136	1991	5	24	12	0	0.200
USC00056136	1991	5	28	13	0	0.200
USC00056136	1991	5	28	16	0	0.100
USC00056136	1991	6	5	17	0	0.100
USC00056136	1991	6	6	15	0	0.300
USC00056136	1991	6	6	16	0	0.200
USC00056136	1991	6	6	17	0	0.100
USC00056136	1991	6	10	18	0	0.100
USC00056136	1991	6	21	19	0	0.100
USC00056136	1991	6	22	9	0	0.100
USC00056136	1991	7	1	20	0	0.200
USC00056136	1991	7	1	22	0	0.100
USC00056136	1991	7	2	19	0	0.900
USC00056136	1991	7	2	24	0	0.100
USC00056136	1991	7	4	8	0	0.100
USC00056136	1991	7	8	22	0	0.100
USC00056136	1991	7	9	17	0	0.200
USC00056136	1991	7	9	18	0	0.100
USC00056136	1991	7	11	17	0	0.100
USC00056136	1991	7	11	18	0	1.000
USC00056136	1991	7	13	7	0	0.100
USC00056136	1991	7	18	18	0	0.100
USC00056136	1991	7	18	20	0	0.100
USC00056136	1991	7	20	19	0	0.300
USC00056136	1991	7	20	20	0	0.200
USC00056136	1991	7	22	11	0	0.100
USC00056136	1991	7	22	12	0	0.100
USC00056136	1991	7	22	17	0	0.200
USC00056136	1991	7	22	20	0	0.200
USC00056136	1991	7	22	21	0	0.200
USC00056136	1991	7	22	23	0	0.100
USC00056136	1991	8	2	17	0	0.700
USC00056136	1991	8	2	18	0	0.600
USC00056136	1991	8	2	19	0	0.100
USC00056136	1991	8	2	20	0	0.100
USC00056136	1991	8	2	21	0	0.200
USC00056136	1991	8	3	22	0	0.100
USC00056136	1991	8	4	1	0	0.100
USC00056136	1991	8	8	15	0	0.300
USC00056136	1991	8	8	20	0	0.100
USC00056136	1991	8	8	21	0	0.600
USC00056136	1991	8	12	16	0	0.100
USC00056136	1991	8	12	17	0	0.100
USC00056136	1991	8	12	19	0	0.100
USC00056136	1991	8	12	24	0	0.100
USC00056136	1991	8	18	19	0	0.200
USC00056136	1991	8	18	20	0	0.100
USC00056136	1991	8	28	19	0	0.100
USC00056136	1991	9	10	1	0	0.100
USC00056136	1991	9	10	2	0	0.100
USC00056136	1991	9	10	12	0	0.100
USC00056136	1991	9	15	21	0	0.100
USC00056136	1991	9	15	23	0	0.100
USC00056136	1991	10	30	10	0	0.100
USC00056136	1991	10	30	21	0	0.100
USC00056136	1991	10	30	24	0	0.100
USC00056136	1991	10	31	9	0	0.100
USC00056136	1991	10	31	12	0	0.100
USC00056136	1991	11	2	4	0	0.100
USC00056136	1991	11	7	4	0	0.100
USC00056136	1991	11	16	2	0	0.100
USC00056136	1991	11	16	6	0	0.100
USC00056136	1991	11	16	7	0	0.100
USC00056136	1991	11	16	10	0	0.100
USC00056136	1991	11	16	14	0	0.100
USC00056136	1991	11	16	17	0	0.100
USC00056136	1991	11	17	9	0	0.100
USC00056136	1991	11	19	3	0	0.100
USC00056136	1991	12	11	14	0	0.100
USC00056136	1991	12	11	17	0	0.100
USC00056136	1991	12	11	18	0	0.100
USC00056136	1991	12	11	24	0	0.100
USC00056136	1991	12	18	20	0	0.100
USC00056136	1991	12	22	11	0	0.100
USC00056136	1991	12	22	12	0	0.100
USC00056136	1991	12	22	13	0	0.100
USC00056136	1991	12	31	5	0	0.100
USC00056136	1991	12	31	6	0	0.100
USC00056136	1991	12	31	7	0	0.100
USC00056136	1991	12	31	12	0	0.100
USC00056136	1992	1	6	22	0	0.100
USC00056136	1992	1	7	8	0	0.100
USC00056136	1992	1	7	13	0	0.100
USC00056136	1992	1	12	5	0	0.100
USC00056136	1992	3	4	4	0	0.100
USC00056136	1992	3	4	5	0	0.100
USC00056136	1992	3	4	6	0	0.200
USC00056136	1992	3	4	9	0	0.100
USC00056136	1992	3	4	17	0	0.100
USC00056136	1992	3	18	24	0	0.100
USC00056136	1992	3	27	20	0	0.100
USC00056136	1992	3	28	13	0	0.100
USC00056136	1992	4	11	23	0	0.100
USC00056136	1992	4	15	20	0	0.100
USC00056136	1992	4	16	6	0	0.100
USC00056136	1992	4	16	7	0	0.100
USC00056136	1992	4	16	8	0	0.100
USC00056136	1992	4	16	9	0	0.100
USC00056136	1992	5	10	11	0	0.100
USC00056136	1992	5	13	19	0	0.100
USC00056136	1992	5	27	9	0	0.100
USC00056136	1992	6	1	7	0	0.100
USC00056136	1992	6	1	8	0	0.100
USC00056136	1992	6	1	10	0	0.100
USC00056136	1992	6	1	11	0	0.100
USC00056136	1992	6	1	15	0	0.100
USC00056136	1992	6	1	18	0	0.100
USC00056136	1992	6	5	13	0	0.100
USC00056136	1992	6	6	16	0	0.100
USC00056136	1992	6	8	17	0	0.100
USC00056136	1992	6	8	18	0	0.100
USC00056136	1992	6	8	19	0	0.100
USC00056136	1992	6	8	20	0	0.100
USC00056136	1992	6	8	21	0	0.100
USC00056136	1992	6	8	22	0	0.100
USC00056136	1992	6	9	3	0	0.100
USC00056136	1992	6	9	5	0	0.100
USC00056136	1992	6	9	9	0	0.100
USC00056136	1992	6	9	10	0	0.200
USC00056136	1992	6	9	11	0	0.100
USC00056136	1992	6	9	12	0	0.100
USC00056136	1992	6	11	19	0	0.100
USC00056136	1992	6	20	17	0	0.100
USC00056136	1992	6	24	19	0	0.100
USC00056136	1992	6	25	16	0	0.500
USC00056136	1992	6	26	19	0	0.100
USC00056136	1992	6	28	16	0	0.100
USC00056136	1992	7	8	5	0	0.100
USC00056136	1992	7	8	15	0	0.400
USC00056136	1992	7	8	16	0	0.200
USC00056136	1992	7	13	8	0	0.100
USC00056136	1992	7	16	19	0	0.100
USC00056136	1992	7	21	16	0	0.100
USC00056136	1992	7	26	2	0	0.100
USC00056136	1992	7	26	4	0	0.100
USC00056136	1992	7	26	5	0	0.100
USC00056136	1992	7	26	6	0	0.200
USC00056136	1992	7	26	7	0	0.100
USC00056136	1992	7	26	9	0	0.100
USC00056136	1992	8	8	19	0	0.100
USC00056136	1992	8	8	20	0	0.100
USC00056136	1992	8	10	17	0	0.500
USC00056136	1992	8	10	18	0	0.600
USC00056136	1992	8	10	19	0	0.200
USC00056136	1992	8	10	20	0	0.100
USC00056136	1992	8	10	23	0	0.100
USC00056136	1992	8	16	21	0	0.100
USC00056136	1992	8	24	7	0	0.100
USC00056136	1992	8	24	8	0	0.200
USC00056136	1992	8	24	9	0	0.100
USC00056136	1992	8	24	10	0	0.100
USC00056136	1992	8	24	15	0	0.300
USC00056136	1992	8	24	16	0	0.300
USC00056136	1992	8	24	17	0	0.300
USC00056136	1992	8	24	18	0	0.100
USC00056136	1992	8	25	22	0	0.100
USC00056136	1992	10	29	1	0	0.100
USC00056136	1992	10	31	18	0	0.100
USC00056136	1992	11	10	24	0	0.100
USC00056136	1992	11	11	7	0	0.100
USC00056136	1992	11	11	10	0	0.100
USC00056136	1992	11	20	18	0	0.100
USC00056136	1992	11	20	21	0	0.100
USC00056136	1992	11	21	5	0	0.100
USC00056136	1992	11	23	19	0	0.100
USC00056136	1992	12	12	19	0	0.100
USC00056136	1993	1	8	17	0	0.100
USC00056136	1993	1	8	21	0	0.100
USC00056136	1993	1	19	23	0	0.100
USC00056136	1993	2	4	9	0	0.100
USC00056136	1993	2	15	2	0	0.100
USC00056136	1993	2	15	7	0	0.100
USC00056136	1993	3	1	5	0	0.100
USC00056136	1993	3	1	6	0	0.100
USC00056136	1993	3	1	8	0	0.100
USC00056136	1993	3	1	10	0	0.100
USC00056136	1993	3	1	13	0	0.100
USC00056136	1993	3	1	15	0	0.100
USC00056136	1993	3	11	21	0	0.100
USC00056136	1993	3	27	6	0	0.100
USC00056136	1993	3	27	7	0	0.100
USC00056136	1993	3	27	20	0	0.100
USC00056136	1993	4	6	16	0	0.200
USC00056136	1993	4	6	18	0	0.200
USC00056136	1993	4	6	19	0	0.100
USC00056136	1993	4	7	6	0	0.100
USC00056136	1993	4	27	17	0	0.100
USC00056136	1993	4	27	20	0	0.100
USC00056136	1993	4	27	23	0	0.100
USC00056136	1993	5	15	18	0	0.100
USC00056136	1993	5	15	19	0	0.200
USC00056136	1993	5	15	20	0	0.100
USC00056136	1993	5	16	19	0	0.100
USC00056136	1993	5	18	14	0	0.200
USC00056136	1993	5	22	17	0	0.100
USC00056136	1993	5	23	22	0	0.200
USC00056136	1993	5	24	21	0	0.300
USC00056136	1993	5	26	18	0	0.100
USC00056136	1993	5	28	18	0	0.200
USC00056136	1993	5	30	17	0	0.300
USC00056136	1993	5	31	19	0	0.100
USC00056136	1993	6	18	2	0	0.100
USC00056136	1993	6	18	7	0	0.200
USC00056136	1993	7	12	17	0	0.100
USC00056136	1993	7	13	18	0	0.300
USC00056136	1993	7	14	4	0	0.200
USC00056136	1993	7	20	19	0	0.100
USC00056136	1993	8	4	12	0	0.100
USC00056136	1993	8	4	18	0	0.500
USC00056136	1993	8	4	19	0	0.400
USC00056136	1993	8	5	9	0	0.100
USC00056136	1993	8	5	17	0	0.100
USC00056136	1993	8	10	18	0	0.200
USC00056136	1993	8	10	19	0	0.100
USC00056136	1993	8	10	20	0	0.100
USC00056136	1993	8	18	20	0	0.100
USC00056136	1993	8	21	16	0	0.300
USC00056136	1993	8	21	18	0	0.100
USC00056136	1993	8	26	15	0	0.100
USC00056136	1993	8	26	16	0	0.400
USC00056136	1993	8	26	17	0	0.300
USC00056136	1993	8	26	21	0	0.100
USC00056136	1993	8	27	7	0	0.100
USC00056136	1993	8	27	9	0	0.100
USC00056136	1993	8	27	10	0	0.100
USC00056136	1993	8	27	11	0	0.100
USC00056136	1993	8	27	12	0	0.100
USC00056136	1993	8	29	24	0	0.300
USC00056136	1993	9	2	14	0	0.200
USC00056136	1993	9	7	16	0	0.100
USC00056136	1993	9	7	17	0	0.200
USC00056136	1993	9	7	19	0	0.100
USC00056136	1993	9	13	10	0	0.100
USC00056136	1993	9	15	9	0	0.100
USC00056136	1993	9	24	18	0	0.100
USC00056136	1993	10	7	22	0	0.100
USC00056136	1993	10	15	20	0	0.600
USC00056136	1993	10	16	24	0	0.100
USC00056136	1993	10	17	1	0	0.400
USC00056136	1993	10	17	2	0	0.100
USC00056136	1993	10	17	3	0	0.100
USC00056136	1993	10	17	23	0	0.100
USC00056136	1993	10	17	24	0	0.200
USC00056136	1993	10	18	20	0	0.100
USC00056136	1993	10	18	23	0	0.100
USC00056136	1993	10	28	21	0	0.100
USC00056136	1993	11	11	23	0	0.100
USC00056136	1993	11	13	23	0	0.100
USC00056136	1993	11	14	1	0	0.120
USC00056136	1993	11	14	2	0	0.120
USC00056136	1993	11	14	3	0	0.120
USC00056136	1993	11	14	4	0	0.120
USC00056136	1993	11	14	5	0	0.120
USC00056136	1994	1	26	4	0	0.100
USC00056136	1994	1	26	5	0	0.100
USC00056136	1994	1	26	7	0	0.100
USC00056136	1994	3	7	23	0	0.100
USC00056136	1994	3	8	3	0	0.100
USC00056136	1994	3	8	6	0	0.100
USC00056136	1994	3	8	13	0	0.100
USC00056136	1994	3	8	20	0	0.100
USC00056136	1994	4	2	8	0	0.100
USC00056136	1994	4	2	10	0	0.100
USC00056136	1994	4	2	11	0	0.100
USC00056136	1994	4	2	13	0	0.100
USC00056136	1994	4	5	3	0	0.100
USC00056136	1994	4	5	11	0	0.100
USC00056136	1994	4	9	12	0	0.100
USC00056136	1994	4	10	8	0	0.100
USC00056136	1994	4	10	19	0	0.100
USC00056136	1994	4	10	24	0	0.100
USC00056136	1994	4	11	2	0	0.150
USC00056136	1994	4	11	8	0	0.150
USC00056136	1994	4	25	15	0	0.100
USC00056136	1994	4	27	9	0	0.100
USC00056136	1994	4	29	10	0	0.100
USC00056136	1994	4	29	17	0	0.100
USC00056136	1994	5	2	7	0	0.100
USC00056136	1994	5	2	16	0	0.100
USC00056136	1994	5	3	9	0	0.100
USC00056136	1994	5	9	13	0	0.100
USC00056136	1994	5	9	19	0	0.200
USC00056136	1994	5	9	20	0	0.200
USC00056136	1994	5	9	21	0	0.200
USC00056136	1994	5	12	14	0	0.100
USC00056136	1994	5	13	19	0	0.100
USC00056136	1994	5	18	15	0	0.100
USC00056136	1994	5	18	17	0	0.100
USC00056136	1994	5	25	15	0	0.400
USC00056136	1994	5	25	19	0	0.100
USC00056136	1994	5	26	4	0	0.100
USC00056136	1994	5	26	5	0	0.100
USC00056136	1994	5	26	8	0	0.100
USC00056136	1994	5	28	18	0	0.100
USC00056136	1994	6	2	3	0	0.100
USC00056136	1994	6	2	4	0	0.100
USC00056136	1994	6	2	5	0	0.100
USC00056136	1994	6	9	1	0	0.100
USC00056136	1994	6	18	17	0	0.100
USC00056136	1994	6	22	13	0	0.300
USC00056136	1994	6	22	14	0	0.200
USC00056136	1994	7	3	16	0	0.200
USC00056136	1994	7	15	14	0	0.100
USC00056136	1994	7	16	15	0	0.300
USC00056136	1994	7	16	16	0	0.100
USC00056136	1994	7	17	21	0	0.200
USC00056136	1994	7	25	23	0	0.100
USC00056136	1994	7	28	19	0	0.500
USC00056136	1994	7	28	20	0	0.100
USC00056136	1994	8	1	17	0	0.100
USC00056136	1994	8	10	22	0	0.200
USC00056136	1994	8	10	23	0	0.100
USC00056136	1994	8	11	8	0	0.100
USC00056136	1994	8	13	17	0	0.200
USC00056136	1994	8	13	18	0	0.100
USC00056136	1994	8	13	19	0	0.100
USC00056136	1994	8	13	20	0	0.100
USC00056136	1994	8	19	10	0	0.100
USC00056136	1994	8	28	17	0	0.400
USC00056136	1994	8	28	18	0	0.200
USC00056136	1994	8	28	20	0	0.100
USC00056136	1994	8	31	2	0	0.100
USC00056136	1994	8	31	3	0	0.100
USC00056136	1994	9	1	8	0	0.100
USC00056136	1994	10	4	16	0	0.100
USC00056136	1994	10	4	18	0	0.200
USC00056136	1994	10	5	17	0	0.100
USC00056136	1994	10	5	18	0	0.100
USC00056136	1994	10	7	24	0	0.100
USC00056136	1994	10	14	22	0	0.104
USC00056136	1994	10	15	3	0	0.104
USC00056136	1994	10	15	5	0	0.104
USC00056136	1994	10	17	4	0	0.104
USC00056136	1994	10	17	5	0	0.104
USC00056136	1994	10	30	19	0	0.104
USC00056136	1994	11	3	19	0	0.100
USC00056136	1994	11	14	10	0	0.100
USC00056136	1994	11	19	20	0	0.100
USC00056136	1994	11	19	23	0	0.200
USC00056136	1994	11	20	1	0	0.100
USC00056136	1994	12	19	3	0	0.100
USC00056136	1995	1	15	4	0	0.100
USC00056136	1995	2	11	4	0	0.100
USC00056136	1995	3	9	11	0	0.100
USC00056136	1995	3	26	10	0	0.200
USC00056136	1995	3	28	9	0	0.100
USC00056136	1995	3	28	24	0	0.100
USC00056136	1995	4	9	18	0	0.100
USC00056136	1995	4	10	3	0	0.100
USC00056136	1995	4	10	9	0	0.100
USC00056136	1995	4	17	12	0	0.100
USC00056136	1995	4	17	13	0	0.200
USC00056136	1995	4	17	14	0	0.100
USC00056136	1995	4	17	15	0	0.100
USC00056136	1995	4	17	16	0	0.100
USC00056136	1995	4	17	17	0	0.100
USC00056136	1995	4	17	20	0	0.100
USC00056136	1995	4	17	21	0	0.100
USC00056136	1995	4	17	22	0	0.100
USC00056136	1995	4	17	23	0	0.100
USC00056136	1995	4	19	9	0	0.100
USC00056136	1995	4	20	16	0	0.200
USC00056136	1995	4	20	19	0	0.100
USC00056136	1995	4	21	2	0	0.100
USC00056136	1995	4	21	4	0	0.100
USC00056136	1995	4	21	5	0	0.200
USC00056136	1995	4	21	6	0	0.100
USC00056136	1995	4	21	7	0	0.100
USC00056136	1995	4	21	8	0	0.100
USC00056136	1995	4	25	24	0	0.200
USC00056136	1995	4	26	1	0	0.100
USC00056136	1995	4	26	2	0	0.100
USC00056136	1995	4	26	4	0	0.100
USC00056136	1995	4	30	14	0	0.100
USC00056136	1995	5	5	21	0	0.100
USC00056136	1995	5	16	17	0	0.700
USC00056136	1995	5	16	21	0	0.100
USC00056136	1995	5	17	9	0	0.200
USC00056136	1995	5	17	10	0	0.200
USC00056136	1995	5	17	11	0	0.300
USC00056136	1995	5	17	12	0	0.200
USC00056136	1995	5	17	13	0	0.200
USC00056136	1995	5	17	14	0	0.100
USC00056136	1995	5	17	15	0	0.100
USC00056136	1995	5	17	16	0	0.100
USC00056136	1995	5	17	17	0	0.100
USC00056136	1995	5	17	19	0	0.100
USC00056136	1995	5	20	15	0	0.100
USC00056136	1995	5	27	1	0	0.100
USC00056136	1995	5	29	1	0	0.100
USC00056136	1995	5	29	2	0	0.100
USC00056136	1995	5	29	11	0	0.100
USC00056136	1995	5	29	12	0	0.100
USC00056136	1995	5	29	16	0	0.100
USC00056136	1995	5	29	20	0	0.100
USC00056136	1995	5	30	4	0	0.100
USC00056136	1995	5	31	16	0	0.100
USC00056136	1995	6	2	14	0	0.100
USC00056136	1995	6	2	24	0	0.100
USC00056136	1995	6	3	12	0	0.100
USC00056136	1995	6	3	19	0	0.100
USC00056136	1995	6	4	18	0	0.100
USC00056136	1995	6	4	19	0	0.500
USC00056136	1995	6	4	20	0	0.100
USC00056136	1995	6	7	20	0	0.100
USC00056136	1995	6	9	4	0	0.100
USC00056136	1995	6	10	15	0	0.100
USC00056136	1995	6	22	24	0	0.100
USC00056136	1995	6	23	17	0	0.100
USC00056136	1995	6	23	18	0	0.100
USC00056136	1995	6	23	19	0	0.100
USC00056136	1995	6	25	23	0	0.100
USC00056136	1995	6	28	18	0	0.100
USC00056136	1995	6	28	19	0	0.200
USC00056136	1995	6	28	21	0	0.100
USC00056136	1995	6	30	4	0	0.100
USC00056136	1995	6	30	11	0	0.100
USC00056136	1995	7	1	17	0	0.100
USC00056136	1995	7	2	17	0	0.100
USC00056136	1995	7	2	18	0	0.100
USC00056136	1995	7	4	14	0	0.100
USC00056136	1995	7	14	16	0	0.100
USC00056136	1995	7	18	24	0	0.100
USC00056136	1995	7	20	22	0	0.100
USC00056136	1995	7	22	18	0	0.100
USC00056136	1995	8	13	23	0	0.100
USC00056136	1995	8	13	24	0	0.200
USC00056136	1995	8	19	1	0	0.100
USC00056136	1995	8	19	3	0	0.400
USC00056136	1995	8	19	6	0	0.200
USC00056136	1995	8	25	22	0	0.100
USC00056136	1995	9	6	17	0	0.100
USC00056136	1995	9	6	18	0	0.100
USC00056136	1995	9	6	19	0	0.100
USC00056136	1995	9	6	20	0	0.100
USC00056136	1995	9	8	13	0	0.100
USC00056136	1995	9	9	8	0	0.100
USC00056136	1995	9	9	9	0	0.200
USC00056136	1995	9	9	10	0	0.100
USC00056136	1995	9	9	17	0	0.200
USC00056136	1995	9	9	18	0	0.600
USC00056136	1995	9	9	19	0	0.100
USC00056136	1995	9	10	14	0	0.100
USC00056136	1995	9	21	8	0	0.100
USC00056136	1996	1	25	23	0	0.100
USC00056136	1996	2	1	19	0	0.100
USC00056136	1996	3	5	14	0	0.100
USC00056136	1996	3	6	7	0	0.100
USC00056136	1996	3	14	10	0	0.100
USC00056136	1996	3	14	12	0	0.100
USC00056136	1996	3	14	13	0	0.300
USC00056136	1996	3	14	15	0	0.100
USC00056136	1996	3	14	20	0	0.100
USC00056136	1996	3	15	9	0	0.100
USC00056136	1996	4	5	2	0	0.100
USC00056136	1996	4	8	9	0	0.100
USC00056136	1996	4	13	21	0	0.100
USC00056136	1996	5	9	21	0	0.100
USC00056136	1996	5	25	6	0	0.200
USC00056136	1996	5	25	7	0	0.400
USC00056136	1996	5	25	8	0	0.200
USC00056136	1996	5	25	9	0	0.200
USC00056136	1996	5	25	10	0	0.200
USC00056136	1996	5	25	11	0	0.100
USC00056136	1996	5	25	12	0	0.200
USC00056136	1996	5	25	13	0	0.100
USC00056136	1996	5	25	14	0	0.100
USC00056136	1996	5	25	15	0	0.100
USC00056136	1996	5	25	19	0	0.300
USC00056136	1996	5	25	20	0	0.100
USC00056136	1996	5	26	11	0	0.100
USC00056136	1996	6	9	17	0	0.200
USC00056136	1996	6	10	18	0	0.200
USC00056136	1996	6	13	17	0	0.200
USC00056136	1996	6	15	11	0	0.100
USC00056136	1996	6	18	8	0	0.100
USC00056136	1996	6	22	15	0	0.100
USC00056136	1996	6	23	11	0	0.100
USC00056136	1996	6	30	6	0	0.100
USC00056136	1996	6	30	7	0	0.300
USC00056136	1996	6	30	8	0	0.200
USC00056136	1996	6	30	9	0	0.100
USC00056136	1996	6	30	10	0	0.100
USC00056136	1996	7	9	8	0	0.100
USC00056136	1996	7	9	18	0	0.100
USC00056136	1996	7	9	20	0	0.100
USC00056136	1996	7	10	1	0	0.100
USC00056136	1996	7	13	19	0	0.300
USC00056136	1996	7	13	24	0	0.300
USC00056136	1996	7	14	1	0	0.100
USC00056136	1996	7	15	18	0	0.100
USC00056136	1996	7	18	15	0	0.100
USC00056136	1996	7	18	17	0	0.300
USC00056136	1996	7	18	18	0	0.100
USC00056136	1996	7	19	5	0	0.100
USC00056136	1996	7	25	23	0	0.100
USC00056136	1996	8	1	16	0	0.100
USC00056136	1996	8	9	20	0	0.600
USC00056136	1996	8	9	21	0	0.100
USC00056136	1996	8	14	17	0	0.100
USC00056136	1996	8	15	22	0	0.100
USC00056136	1996	8	21	19	0	0.200
USC00056136	1996	8	25	9	0	0.100
USC00056136	1996	8	25	16	0	0.200
USC00056136	1996	8	29	21	0	0.200
USC00056136	1996	8	29	23	0	0.300
USC00056136	1996	9	1	19	0	0.100
USC00056136	1996	9	13	17	0	0.100
USC00056136	1996	9	13	18	0	0.200
USC00056136	1996	9	13	19	0	0.100
USC00056136	1996	9	25	17	0	0.100
USC00056136	1996	9	25	18	0	0.100
USC00056136	1996	9	26	10	0	0.100
USC00056136	1996	9	27	5	0	0.100
USC00056136	1996	9	27	8	0	0.100
USC00056136	1996	10	27	10	0	0.100
USC00056136	1996	10	27	12	0	0.100
USC00056136	1996	11	23	12	0	0.100
USC00056136	1996	11	26	19	0	0.100
USC00056136	1996	12	6	14	0	0.100
USC00056136	1997	1	12	11	0	0.100
USC00056136	1997	2	13	5	0	0.100
USC00056136	1997	2	23	7	0	0.100
USC00056136	1997	2	23	18	0	0.100
USC00056136	1997	2	23	24	0	0.100
USC00056136	1997	2	24	12	0	0.100
USC00056136	1997	3	24	15	0	0.100
USC00056136	1997	4	6	11	0	0.100
USC00056136	1997	4	10	22	0	0.100
USC00056136	1997	4	21	18	0	0.100
USC00056136	1997	4	23	22	0	0.200
USC00056136	1997	4	23	23	0	0.100
USC00056136	1997	4	23	24	0	0.100
USC00056136	1997	4	24	1	0	0.200
USC00056136	1997	4	24	2	0	0.100
USC00056136	1997	4	24	3	0	0.100
USC00056136	1997	4	24	4	0	0.100
USC00056136	1997	4	24	5	0	0.100
USC00056136	1997	4	24	6	0	0.100
USC00056136	1997	4	24	7	0	0.100
USC00056136	1997	4	24	8	0	0.100
USC00056136	1997	4	24	9	0	0.100
USC00056136	1997	4	24	12	0	0.100
USC00056136	1997	4	24	14	0	0.100
USC00056136	1997	4	24	19	0	0.100
USC00056136	1997	5	12	2	0	0.100
USC00056136	1997	5	17	14	0	0.100
USC00056136	1997	5	18	24	0	0.100
USC00056136	1997	5	21	17	0	0.100
USC00056136	1997	5	29	6	0	0.100
USC00056136	1997	6	6	22	0	0.100
USC00056136	1997	6	8	21	0	0.100
USC00056136	1997	6	8	22	0	0.100
USC00056136	1997	6	12	19	0	0.100
USC00056136	1997	6	12	23	0	0.100
USC00056136	1997	6	12	24	0	0.100
USC00056136	1997	6	14	4	0	0.100
USC00056136	1997	6	15	14	0	0.100
USC00056136	1997	6	17	12	0	0.100
USC00056136	1997	6	25	17	0	0.300
USC00056136	1997	6	25	18	0	0.100
USC00056136	1997	7	5	17	0	0.100
USC00056136	1997	7	19	16	0	0.700
USC00056136	1997	7	19	17	0	0.100
USC00056136	1997	7	19	22	0	0.100
USC00056136	1997	7	20	15	0	0.300
USC00056136	1997	7	20	16	0	0.300
USC00056136	1997	7	25	19	0	0.100
USC00056136	1997	7	28	18	0	0.200
USC00056136	1997	7	28	21	0	0.100
USC00056136	1997	7	28	22	0	0.100
USC00056136	1997	7	28	23	0	0.400
USC00056136	1997	7	29	1	0	0.100
USC00056136	1997	7	29	23	0	0.400
USC00056136	1997	7	29	24	0	1.000
USC00056136	1997	7	30	1	0	0.400
USC00056136	1997	8	1	17	0	0.200
USC00056136	1997	8	2	18	0	0.400
USC00056136	1997	8	2	19	0	0.100
USC00056136	1997	8	3	12	0	0.100
USC00056136	1997	8	4	24	0	0.200
USC00056136	1997	8	5	2	0	0.200
USC00056136	1997	8	5	3	0	0.200
USC00056136	1997	8	5	4	0	0.200
USC00056136	1997	8	5	5	0	0.200
USC00056136	1997	8	5	6	0	0.200
USC00056136	1997	8	5	7	0	0.100
USC00056136	1997	8	5	8	0	0.200
USC00056136	1997	8	5	18	0	0.100
USC00056136	1997	8	5	19	0	0.200
USC00056136	1997	8	5	20	0	0.600
USC00056136	1997	8	5	21	0	0.200
USC00056136	1997	8	9	21	0	0.100
USC00056136	1997	8	10	15	0	0.100
USC00056136	1997	8	10	16	0	0.100
USC00056136	1997	8	12	23	0	0.300
USC00056136	1997	8	12	24	0	1.600
USC00056136	1997	8	18	5	0	0.100
USC00056136	1997	8	19	16	0	0.200
USC00056136	1997	8	22	20	0	0.100
USC00056136	1997	8	29	17	0	0.100
USC00056136	1997	8	31	18	0	0.400
USC00056136	1997	9	1	11	0	0.100
USC00056136	1997	9	11	10	0	0.100
USC00056136	1997	9	20	23	0	0.100
USC00056136	1997	10	7	23	0	0.100
USC00056136	1997	10	11	20	0	0.200
USC00056136	1997	10	11	21	0	0.100
USC00056136	1997	10	25	8	0	0.104
USC00056136	1997	10	25	10	0	0.104
USC00056136	1997	10	25	13	0	0.104
USC00056136	1997	10	25	14	0	0.208
USC00056136	1997	10	25	15	0	0.104
USC00056136	1997	10	25	17	0	0.104
USC00056136	1997	10	25	19	0	0.104
USC00056136	1997	10	26	11	0	0.100
USC00056136	1997	10	31	14	0	0.100
USC00056136	1997	11	28	6	0	0.100
USC00056136	1997	11	28	7	0	0.100
USC00056136	1997	11	28	9	0	0.100
USC00056136	1997	11	28	12	0	0.100
USC00056136	1997	11	28	14	0	0.200
USC00056136	1997	12	2	20	0	0.100
USC00056136	1997	12	9	3	0	0.100
USC00056136	1997	12	9	8	0	0.100
USC00056136	1998	1	26	13	0	0.100
USC00056136	1998	2	9	11	0	0.100
USC00056136	1998	2	15	21	0	0.100
USC00056136	1998	2	15	23	0	0.100
USC00056136	1998	2	16	5	0	0.100
USC00056136	1998	2	16	14	0	0.100
USC00056136	1998	3	18	11	0	0.100
USC00056136	1998	3	18	17	0	0.100
USC00056136	1998	3	18	19	0	0.100
USC00056136	1998	3	18	20	0	0.100
USC00056136	1998	3	18	22	0	0.100
USC00056136	1998	3	27	9	0	0.100
USC00056136	1998	3	30	6	0	0.100
USC00056136	1998	3	30	10	0	0.100
USC00056136	1998	4	6	12	0	0.100
USC00056136	1998	5	4	24	0	0.200
USC00056136	1998	5	5	1	0	0.100
USC00056136	1998	5	9	6	0	0.100
USC00056136	1998	5	15	4	0	0.100
USC00056136	1998	5	24	18	0	0.200
USC00056136	1998	6	6	9	0	0.104
USC00056136	1998	6	14	16	0	0.100
USC00056136	1998	6	14	17	0	0.100
USC00056136	1998	6	14	18	0	0.100
USC00056136	1998	6	14	22	0	0.100
USC00056136	1998	6	21	17	0	0.100
USC00056136	1998	6	21	18	0	0.200
USC00056136	1998	6	21	19	0	0.100
USC00056136	1998	6	21	21	0	0.300
USC00056136	1998	6	21	22	0	0.100
USC00056136	1998	7	1	18	0	0.400
USC00056136	1998	7	1	19	0	0.100
USC00056136	1998	7	2	16	0	0.100
USC00056136	1998	7	6	15	0	0.300
USC00056136	1998	7	9	16	0	0.100
USC00056136	1998	7	10	19	0	0.100
USC00056136	1998	7	22	18	0	0.200
USC00056136	1998	7	22	19	0	0.100
USC00056136	1998	7	22	20	0	0.100
USC00056136	1998	7	22	22	0	0.100
USC00056136	1998	7	24	17	0	0.100
USC00056136	1998	7	25	19	0	0.100
USC00056136	1998	7	26	12	0	0.100
USC00056136	1998	7	26	14	0	0.200
USC00056136	1998	7	26	15	0	0.200
USC00056136	1998	7	29	16	0	0.100
USC00056136	1998	7	30	3	0	0.100
USC00056136	1998	7	30	17	0	0.200
USC00056136	1998	7	30	18	0	1.600
USC00056136	1998	7	30	19	0	0.100
USC00056136	1998	10	1	4	0	0.100
USC00056136	1998	10	1	9	0	0.100
USC00056136	1998	10	1	11	0	0.100
USC00056136	1998	10	1	19	0	0.100
USC00056136	1998	10	26	17	0	0.100
USC00056136	1998	10	30	18	0	0.100
USC00056136	1998	10	30	21	0	0.100
USC00056136	1998	10	31	5	0	0.100
USC00056136	1998	10	31	11	0	0.100
USC00056136	1998	11	1	1	0	0.100
USC00056136	1998	11	1	7	0	0.100
USC00056136	1998	11	1	8	0	0.100
USC00056136	1998	11	1	11	0	0.100
USC00056136	1998	11	9	9	0	0.104
USC00056136	1998	12	6	9	0	0.100
USC00056136	1998	12	20	3	0	0.100
USC00056136	1999	1	30	6	0	0.100
USC00056136	1999	2	10	21	0	0.100
USC00056136	1999	3	12	12	0	0.100
USC00056136	1999	3	12	20	0	0.100
USC00056136	1999	3	24	3	0	0.100
USC00056136	1999	4	2	16	0	0.100
USC00056136	1999	4	5	1	0	0.100
USC00056136	1999	4	5	2	0	0.300
USC00056136	1999	4	5	3	0	0.100
USC00056136	1999	4	5	5	0	0.100
USC00056136	1999	4	5	6	0	0.200
USC00056136	1999	4	6	13	0	0.100
USC00056136	1999	4	21	20	0	0.100
USC00056136	1999	4	21	22	0	0.100
USC00056136	1999	4	21	23	0	0.100
USC00056136	1999	4	22	1	0	0.100
USC00056136	1999	4	22	4	0	0.100
USC00056136	1999	4	22	7	0	0.100
USC00056136	1999	4	22	19	0	0.100
USC00056136	1999	4	22	21	0	0.100
USC00056136	1999	4	22	23	0	0.100
USC00056136	1999	4	23	1	0	0.100
USC00056136	1999	4	24	19	0	0.100
USC00056136	1999	4	24	20	0	0.100
USC00056136	1999	4	24	23	0	0.100
USC00056136	1999	4	25	0	0	0.200
USC00056136	1999	4	25	1	0	0.200
USC00056136	1999	4	25	3	0	0.100
USC00056136	1999	4	28	15	0	0.200
USC00056136	1999	4	28	16	0	0.900
USC00056136	1999	4	28	17	0	0.300
USC00056136	1999	4	28	18	0	0.100
USC00056136	1999	4	28	23	0	0.100
USC00056136	1999	4	29	13	0	0.100
USC00056136	1999	4	30	3	0	0.100
USC00056136	1999	4	30	4	0	0.400
USC00056136	1999	4	30	5	0	0.200
USC00056136	1999	4	30	6	0	0.200
USC00056136	1999	4	30	9	0	0.100
USC00056136	1999	4	30	12	0	0.400
USC00056136	1999	4	30	13	0	0.300
USC00056136	1999	4	30	14	0	0.100
USC00056136	1999	4	30	15	0	0.200
USC00056136	1999	5	1	11	0	0.300
USC00056136	1999	5	1	12	0	0.300
USC00056136	1999	5	1	13	0	0.100
USC00056136	1999	5	1	14	0	0.100
USC00056136	1999	5	1	15	0	0.100
USC00056136	1999	5	4	7	0	0.100
USC00056136	1999	5	21	20	0	0.100
USC00056136	1999	5	25	5	0	0.100
USC00056136	1999	5	25	6	0	0.300
USC00056136	1999	5	25	7	0	0.100
USC00056136	1999	5	25	8	0	0.200
USC00056136	1999	5	25	10	0	0.100
USC00056136	1999	5	25	11	0	0.200
USC00056136	1999	6	2	21	0	0.200
USC00056136	1999	6	11	21	0	0.729
USC00056136	1999	6	11	22	0	0.104
USC00056136	1999	6	12	18	0	0.208
USC00056136	1999	6	12	19	0	0.208
USC00056136	1999	6	12	20	0	0.312
USC00056136	1999	7	10	11	0	0.100
USC00056136	1999	7	15	22	0	0.100
USC00056136	1999	7	16	22	0	1.000
USC00056136	1999	7	16	23	0	0.300
USC00056136	1999	7	16	24	0	0.100
USC00056136	1999	7	26	17	0	0.400
USC00056136	1999	7	30	21	0	0.300
USC00056136	1999	7	30	24	0	0.100
USC00056136	1999	8	1	2	0	0.100
USC00056136	1999	8	1	3	0	0.100
USC00056136	1999	8	1	12	0	0.500
USC00056136	1999	8	1	13	0	0.300
USC00056136	1999	8	1	14	0	0.500
USC00056136	1999	8	1	15	0	0.200
USC00056136	1999	8	1	16	0	0.100
USC00056136	1999	8	4	12	0	0.100
USC00056136	1999	8	4	15	0	0.300
USC00056136	1999	8	4	17	0	0.200
USC00056136	1999	8	4	18	0	0.100
USC00056136	1999	8	4	19	0	0.100
USC00056136	1999	8	4	20	0	0.200
USC00056136	1999	8	5	1	0	0.100
USC00056136	1999	8	5	20	0	0.100
USC00056136	1999	9	5	1	0	0.800
USC00056136	1999	9	15	15	0	0.100
USC00056136	1999	9	15	16	0	0.200
USC00056136	1999	9	20	6	0	0.100
USC00056136	1999	9	28	10	0	0.104
USC00056136	1999	10	7	17	0	0.400
USC00056136	1999	10	7	18	0	0.100
USC00056136	1999	10	16	15	0	0.100
USC00056136	1999	10	20	9	0	0.100
USC00056136	1999	11	22	22	0	0.104
USC00056136	1999	11	23	10	0	0.104
USC00056136	1999	12	3	18	0	0.100
USC00056136	1999	12	4	12	0	0.100
USC00056136	2000	1	26	22	0	0.100
USC00056136	2000	1	27	5	0	0.100
USC00056136	2000	2	22	22	0	0.104
USC00056136	2000	2	22	24	0	0.104
USC00056136	2000	2	25	6	0	0.104
USC00056136	2000	2	25	9	0	0.104
USC00056136	2000	3	2	6	0	0.100
USC00056136	2000	3	2	7	0	0.100
USC00056136	2000	3	2	8	0	0.100
USC00056136	2000	3	2	11	0	0.100
USC00056136	2000	3	7	7	0	0.100
USC00056136	2000	3	7	24	0	0.100
USC00056136	2000	3	15	22	0	0.100
USC00056136	2000	3	18	8	0	0.100
USC00056136	2000	3	22	13	0	0.100
USC00056136	2000	3	22	14	0	0.100
USC00056136	2000	3	30	9	0	0.100
USC00056136	2000	3	30	12	0	0.100
USC00056136	2000	3	30	17	0	0.200
USC00056136	2000	3	30	18	0	0.100
USC00056136	2000	3	30	20	0	0.100
USC00056136	2000	3	30	23	0	0.100
USC00056136	2000	3	31	3	0	0.100
USC00056136	2000	3	31	8	0	0.200
USC00056136	2000	3	31	16	0	0.100
USC00056136	2000	3	31	22	0	0.100
USC00056136	2000	4	1	22	0	0.100
USC00056136	2000	4	23	15	0	0.200
USC00056136	2000	5	8	14	0	0.104
USC00056136	2000	5	8	15	0	0.104
USC00056136	2000	5	8	16	0	0.104
USC00056136	2000	5	8	17	0	0.104
USC00056136	2000	5	8	23	0	0.104
USC00056136	2000	6	20	24	0	0.300
USC00056136	2000	6	21	1	0	0.100
USC00056136	2000	6	21	3	0	0.100
USC00056136	2000	6	26	2	0	0.100
USC00056136	2000	6	26	18	0	0.100
USC00056136	2000	6	26	20	0	0.100
USC00056136	2000	6	27	9	0	0.100
USC00056136	2000	7	10	16	0	0.200
USC00056136	2000	7	16	24	0	0.600
USC00056136	2000	7	17	1	0	0.400
USC00056136	2000	7	17	2	0	0.100
USC00056136	2000	7	17	3	0	0.100
USC00056136	2000	7	17	10	0	0.100
USC00056136	2000	7	17	17	0	0.300
USC00056136	2000	7	17	19	0	0.100
USC00056136	2000	7	30	14	0	0.200
USC00056136	2000	8	12	21	0	0.300
USC00056136	2000	8	12	22	0	0.300
USC00056136	2000	8	12	23	0	0.100
USC00056136	2000	8	17	21	0	0.200
USC00056136	2000	8	18	3	0	0.100
USC00056136	2000	8	21	21	0	0.100
USC00056136	2000	8	21	23	0	0.100
USC00056136	2000	8	21	24	0	0.100
USC00056136	2000	8	22	4	0	0.100
USC00056136	2000	9	5	12	0	0.100
USC00056136	2000	9	23	20	0	0.100
USC00056136	2000	9	23	21	0	0.100
USC00056136	2000	9	24	10	0	0.100
USC00056136	2000	10	22	22	0	0.200
USC00056136	2000	10	25	11	0	0.100
USC00056136	2000	10	28	13	0	0.100
USC00056136	2000	10	28	14	0	0.100
USC00056136	2000	10	28	21	0	0.200
USC00056136	2000	10	28	23	0	0.200
USC00056136	2000	10	28	24	0	0.100
USC00056136	2000	10	29	4	0	0.100
USC00056136	2000	10	29	6	0	0.100
USC00056136	2000	11	5	16	0	0.100
USC00056136	2000	11	12	10	0	0.100
USC00056136	2000	12	24	17	0	0.100
USC00056136	2001	1	16	3	0	0.100
USC00056136	2001	1	16	13	0	0.100
USC00056136	2001	1	27	14	0	0.100
USC00056136	2001	1	27	23	0	0.100
USC00056136	2001	2	8	18	0	0.100
USC00056136	2001	2	11	11	0	0.100
USC00056136	2001	3	9	12	0	0.104
USC00056136	2001	3	10	24	0	0.104
USC00056136	2001	3	17	10	0	0.104
USC00056136	2001	3	22	20	0	0.104
USC00056136	2001	3	26	2	0	0.104
USC00056136	2001	4	9	1	0	0.100
USC00056136	2001	4	9	4	0	0.100
USC00056136	2001	4	9	5	0	0.100
USC00056136	2001	4	9	7	0	0.100
USC00056136	2001	4	9	8	0	0.100
USC00056136	2001	4	9	9	0	0.100
USC00056136	2001	4	9	10	0	0.100
USC00056136	2001	5	3	21	0	0.100
USC00056136	2001	5	4	6	0	0.100
USC00056136	2001	5	4	7	0	0.200
USC00056136	2001	5	4	9	0	0.100
USC00056136	2001	5	4	14	0	0.100
USC00056136	2001	5	4	20	0	0.100
USC00056136	2001	5	5	3	0	0.100
USC00056136	2001	5	5	7	0	0.200
USC00056136	2001	5	5	8	0	0.100
USC00056136	2001	5	5	9	0	0.200
USC00056136	2001	5	5	11	0	0.100
USC00056136	2001	5	5	12	0	0.100
USC00056136	2001	5	5	14	0	0.100
USC00056136	2001	5	6	12	0	0.100
USC00056136	2001	5	6	14	0	0.100
USC00056136	2001	5	6	21	0	0.100
USC00056136	2001	5	6	24	0	0.100
USC00056136	2001	5	16	10	0	0.100
USC00056136	2001	5	16	20	0	0.100
USC00056136	2001	5	17	7	0	0.100
USC00056136	2001	5	17	8	0	0.100
USC00056136	2001	5	17	14	0	0.100
USC00056136	2001	5	17	22	0	0.100
USC00056136	2001	5	19	5	0	0.100
USC00056136	2001	5	20	17	0	0.100
USC00056136	2001	5	27	14	0	0.100
USC00056136	2001	5	29	14	0	0.100
USC00056136	2001	6	4	24	0	0.300
USC00056136	2001	6	7	14	0	0.100
USC00056136	2001	6	7	18	0	0.300
USC00056136	2001	6	7	19	0	0.100
USC00056136	2001	6	13	20	0	0.100
USC00056136	2001	6	13	22	0	0.100
USC00056136	2001	6	20	22	0	0.100
USC00056136	2001	6	29	20	0	0.200
USC00056136	2001	6	30	9	0	0.100
USC00056136	2001	7	4	8	0	0.100
USC00056136	2001	7	12	20	0	0.100
USC00056136	2001	7	12	21	0	0.100
USC00056136	2001	7	12	23	0	0.100
USC00056136	2001	7	13	19	0	1.300
USC00056136	2001	7	13	20	0	0.300
USC00056136	2001	7	13	21	0	0.100
USC00056136	2001	7	13	24	0	0.100
USC00056136	2001	7	15	14	0	0.200
USC00056136	2001	7	23	15	0	0.400
USC00056136	2001	7	23	16	0	0.200
USC00056136	2001	7	23	17	0	0.100
USC00056136	2001	7	23	23	0	0.100
USC00056136	2001	7	25	20	0	0.100
USC00056136	2001	7	25	21	0	0.100
USC00056136	2001	7	25	22	0	0.100
USC00056136	2001	7	25	23	0	0.100
USC00056136	2001	8	2	15	0	0.100
USC00056136	2001	8	2	16	0	0.100
USC00056136	2001	8	5	19	0	0.200
USC00056136	2001	8	5	20	0	0.300
USC00056136	2001	8	6	18	0	0.100
USC00056136	2001	8	14	15	0	0.100
USC00056136	2001	8	14	18	0	0.100
USC00056136	2001	8	22	2	0	0.100
USC00056136	2001	8	22	11	0	0.100
USC00056136	2001	9	2	17	0	0.100
USC00056136	2001	9	7	5	0	0.100
USC00056136	2001	9	7	6	0	0.100
USC00056136	2001	9	7	8	0	0.100
USC00056136	2001	9	8	6	0	0.100
USC00056136	2001	9	8	7	0	0.100
USC00056136	2001	9	9	10	0	0.100
USC00056136	2001	9	15	23	0	0.100
USC00056136	2001	9	17	19	0	0.100
USC00056136	2001	11	8	4	0	0.100
USC00056136	2001	11	8	6	0	0.100
USC00056136	2001	11	22	24	0	0.100
USC00056136	2001	11	23	1	0	0.100
USC00056136	2001	11	23	4	0	0.100
USC00056136	2001	11	23	6	0	0.100
USC00056136	2001	11	23	7	0	0.100
USC00056136	2001	11	23	13	0	0.100
USC00056136	2001	11	25	10	0	0.100
USC00056136	2001	11	28	13	0	0.100
USC00056136	2001	12	12	10	0	0.104
USC00056136	2001	12	12	11	0	0.104
USC00056136	2001	12	12	13	0	0.104
USC00056136	2001	12	30	7	0	0.104
USC00056136	2002	1	1	23	0	0.104
USC00056136	2002	1	10	9	0	0.100
USC00056136	2002	1	30	21	0	0.100
USC00056136	2002	1	31	4	0	0.100
USC00056136	2002	2	25	10	0	0.100
USC00056136	2002	5	12	14	0	0.100
USC00056136	2002	5	16	17	0	0.100
USC00056136	2002	5	16	19	0	0.200
USC00056136	2002	6	4	4	0	0.104
USC00056136	2002	6	4	15	0	0.104
USC00056136	2002	6	4	16	0	0.104
USC00056136	2002	6	4	19	0	0.104
USC00056136	2002	6	5	11	0	0.104
USC00056136	2002	7	10	20	0	0.100
USC00056136	2002	7	11	13	0	0.100
USC00056136	2002	8	3	16	0	0.300
USC00056136	2002	8	10	11	0	0.100
USC00056136	2002	9	10	13	0	0.100
USC00056136	2002	9	12	21	0	0.100
USC00056136	2002	9	12	23	0	0.200
USC00056136	2002	9	13	16	0	0.100
USC00056136	2002	9	13	17	0	0.200
USC00056136	2002	10	1	18	0	0.104
USC00056136	2002	10	1	23	0	0.104
USC00056136	2002	10	23	12	0	0.104
USC00056136	2002	10	26	22	0	0.104
USC00056136	2002	10	26	23	0	0.104
USC00056136	2002	10	30	11	0	0.104
USC00056136	2002	11	15	9	0	0.100
USC00056136	2002	12	3	19	0	0.100
USC00056136	2002	12	17	24	0	0.100
USC00056136	2002	12	24	4	0	0.100
USC00056136	2003	2	7	12	0	0.100
USC00056136	2003	2	28	6	0	0.100
USC00056136	2003	2	28	11	0	0.100
USC00056136	2003	3	18	11	0	0.100
USC00056136	2003	3	18	24	0	0.100
USC00056136	2003	3	19	2	0	0.100
USC00056136	2003	3	19	5	0	0.100
USC00056136	2003	3	19	9	0	0.100
USC00056136	2003	3	21	5	0	0.100
USC00056136	2003	3	22	9	0	0.100
USC00056136	2003	4	15	14	0	0.100
USC00056136	2003	4	15	15	0	0.100
USC00056136	2003	4	19	9	0	0.200
USC00056136	2003	4	19	14	0	0.100
USC00056136	2003	5	1	23	0	0.200
USC00056136	2003	5	1	24	0	0.100
USC00056136	2003	5	6	16	0	0.100
USC00056136	2003	5	10	2	0	0.200
USC00056136	2003	5	15	16	0	0.104
USC00056136	2003	5	15	17	0	0.104
USC00056136	2003	5	24	17	0	0.208
USC00056136	2003	6	1	12	0	0.104
USC00056136	2003	6	1	13	0	0.312
USC00056136	2003	6	1	14	0	0.104
USC00056136	2003	6	5	7	0	0.104
USC00056136	2003	6	5	10	0	0.104
USC00056136	2003	6	6	7	0	0.104
USC00056136	2003	6	10	20	0	0.104
USC00056136	2003	6	12	17	0	0.300
USC00056136	2003	6	13	11	0	0.100
USC00056136	2003	6	16	19	0	0.100
USC00056136	2003	6	16	21	0	0.100
USC00056136	2003	6	17	22	0	0.100
USC00056136	2003	6	17	23	0	0.200
USC00056136	2003	6	18	9	0	0.100
USC00056136	2003	6	18	15	0	0.100
USC00056136	2003	6	19	22	0	0.100
USC00056136	2003	7	20	17	0	0.200
USC00056136	2003	7	20	18	0	0.100
USC00056136	2003	7	21	11	0	0.100
USC00056136	2003	8	18	22	0	0.100
USC00056136	2003	8	29	18	0	0.200
USC00056136	2003	8	29	19	0	0.200
USC00056136	2003	8	29	20	0	0.100
USC00056136	2003	8	30	1	0	0.200
USC00056136	2003	9	3	16	0	0.100
USC00056136	2003	9	3	19	0	0.100
USC00056136	2003	9	7	14	0	0.400
USC00056136	2003	9	7	17	0	0.100
USC00056136	2003	9	9	21	0	0.100
USC00056136	2003	9	13	17	0	0.100
USC00056136	2003	9	13	18	0	0.100
USC00056136	2003	10	4	6	0	0.100
USC00056136	2003	10	4	8	0	0.100
USC00056136	2003	10	7	12	0	0.100
USC00056136	2004	1	20	18	0	0.100
USC00056136	2004	1	25	23	0	0.100
USC00056136	2004	3	5	7	0	0.100
USC00056136	2004	3	27	8	0	0.100
USC00056136	2004	4	3	7	0	0.081
USC00056136	2004	4	10	9	0	0.081
USC00056136	2004	4	21	19	0	0.081
USC00056136	2004	4	21	23	0	0.081
USC00056136	2004	4	22	10	0	0.081
USC00056136	2004	4	23	8	0	0.081
USC00056136	2004	4	23	17	0	0.081
USC00056136	2004	4	25	11	0	0.081
USC00056136	2004	4	29	3	0	0.081
USC00056136	2004	6	9	17	0	0.100
USC00056136	2004	6	16	16	0	0.700
USC00056136	2004	6	17	17	0	0.100
USC00056136	2004	6	18	18	0	0.200
USC00056136	2004	6	18	23	0	0.100
USC00056136	2004	6	18	24	0	0.300
USC00056136	2004	6	19	2	0	0.100
USC00056136	2004	6	19	20	0	0.200
USC00056136	2004	6	20	15	0	0.100
USC00056136	2004	6	20	16	0	0.100
USC00056136	2004	6	21	17	0	0.100
USC00056136	2004	6	22	7	0	0.100
USC00056136	2004	6	26	17	0	0.200
USC00056136	2004	6	27	15	0	0.100
USC00056136	2004	6	30	18	0	0.416
USC00056136	2004	6	30	22	0	0.104
USC00056136	2004	7	5	23	0	0.104
USC00056136	2004	7	16	22	0	0.312
USC00056136	2004	7	16	23	0	0.104
USC00056136	2004	7	16	24	0	0.104
USC00056136	2004	7	17	4	0	0.104
USC00056136	2004	7	22	17	0	0.104
USC00056136	2004	7	22	18	0	0.312
USC00056136	2004	7	22	19	0	0.104
USC00056136	2004	7	24	2	0	0.104
USC00056136	2004	7	28	24	0	0.104
USC00056136	2004	8	4	18	0	0.208
USC00056136	2004	8	4	23	0	0.104
USC00056136	2004	8	10	20	0	0.104
USC00056136	2004	8	10	21	0	0.104
USC00056136	2004	8	18	21	0	0.900
USC00056136	2004	8	18	22	0	1.300
USC00056136	2004	8	18	23	0	0.400
USC00056136	2004	8	18	24	0	0.100
USC00056136	2004	8	19	1	0	0.200
USC00056136	2004	8	19	2	0	0.100
USC00056136	2004	8	19	3	0	0.100
USC00056136	2004	8	19	5	0	0.100
USC00056136	2004	8	19	8	0	0.100
USC00056136	2004	8	27	20	0	0.200
USC00056136	2004	9	4	15	0	0.100
USC00056136	2004	9	4	16	0	0.100
USC00056136	2004	9	19	17	0	0.100
USC00056136	2004	9	19	18	0	0.800
USC00056136	2004	9	21	20	0	0.100
USC00056136	2004	9	21	21	0	0.100
USC00056136	2004	9	21	23	0	0.100
USC00056136	2004	9	22	11	0	0.100
USC00056136	2004	9	22	18	0	0.200
USC00056136	2004	9	22	19	0	0.100
USC00056136	2004	10	21	15	0	0.100
USC00056136	2004	10	28	13	0	0.100
USC00056136	2004	11	14	12	0	0.100
USC00056136	2004	11	21	12	0	0.100
USC00056136	2004	11	22	11	0	0.100
USC00056136	2005	2	19	13	0	0.100
USC00056136	2005	3	16	13	0	0.100
USC00056136	2005	3	26	7	0	0.100
USC00056136	2005	3	27	8	0	0.100
USC00056136	2005	3	30	22	0	0.104
USC00056136	2005	3	30	23	0	0.104
USC00056136	2005	3	31	1	0	0.104
USC00056136	2005	3	31	3	0	0.104
USC00056136	2005	3	31	13	0	0.104
USC00056136	2005	4	5	9	0	0.100
USC00056136	2005	4	5	11	0	0.200
USC00056136	2005	4	10	9	0	0.100
USC00056136	2005	4	24	14	0	0.100
USC00056136	2005	4	24	15	0	0.100
USC00056136	2005	4	24	18	0	0.100
USC00056136	2005	4	24	22	0	0.100
USC00056136	2005	4	29	6	0	0.100
USC00056136	2005	5	13	17	0	0.100
USC00056136	2005	5	23	17	0	0.100
USC00056136	2005	5	29	20	0	0.100
USC00056136	2005	5	30	20	0	0.100
USC00056136	2005	5	31	7	0	0.100
USC00056136	2005	6	3	18	0	0.400
USC00056136	2005	6	10	20	0	0.100
USC00056136	2005	6	11	3	0	0.100
USC00056136	2005	6	12	2	0	0.100
USC00056136	2005	6	12	11	0	0.300
USC00056136	2005	6	15	15	0	0.100
USC00056136	2005	6	24	17	0	0.100
USC00056136	2005	6	26	6	0	0.100
USC00056136	2005	6	30	18	0	0.300
USC00056136	2005	6	30	19	0	0.100
USC00056136	2005	7	3	13	0	0.100
USC00056136	2005	7	9	18	0	0.100
USC00056136	2005	7	25	16	0	0.100
USC00056136	2005	7	25	19	0	0.100
USC00056136	2005	8	11	17	0	0.625
USC00056136	2005	8	11	18	0	0.104
USC00056136	2005	8	11	19	0	0.104
USC00056136	2005	8	11	23	0	0.104
USC00056136	2005	8	22	8	0	0.104
USC00056136	2005	9	6	21	0	1.100
USC00056136	2005	9	7	1	0	0.100
USC00056136	2005	9	14	18	0	0.200
USC00056136	2005	9	14	19	0	0.300
USC00056136	2005	9	15	2	0	0.100
USC00056136	2005	9	28	7	0	0.100
USC00056136	2005	9	28	11	0	0.100
USC00056136	2005	10	9	19	0	0.104
USC00056136	2005	10	10	2	0	0.104
USC00056136	2005	10	10	4	0	0.104
USC00056136	2005	10	10	10	0	0.104
USC00056136	2005	10	10	15	0	0.104
USC00056136	2005	10	10	18	0	0.104
USC00056136	2005	10	10	20	0	0.104
USC00056136	2005	10	10	22	0	0.104
USC00056136	2005	10	19	12	0	0.104
USC00056136	2005	10	19	13	0	0.104
USC00056136	2005	10	19	14	0	0.104
USC00056136	2005	10	30	23	0	0.104
USC00056136	2005	12	4	11	0	0.100
USC00056136	2005	12	11	13	0	0.100
USC00056136	2006	3	21	11	0	0.100
USC00056136	2006	3	21	12	0	0.100
USC00056136	2006	3	30	14	0	0.100
USC00056136	2006	4	28	12	0	0.104
USC00056136	2006	4	28	13	0	0.104
USC00056136	2006	4	29	9	0	0.104
USC00056136	2006	5	9	21	0	0.100
USC00056136	2006	5	10	12	0	0.100
USC00056136	2006	5	20	13	0	0.100
USC00056136	2006	5	22	16	0	0.200
USC00056136	2006	5	22	17	0	0.100
USC00056136	2006	5	22	18	0	0.300
USC00056136	2006	5	22	19	0	0.100
USC00056136	2006	5	22	20	0	0.100
USC00056136	2006	5	22	21	0	0.100
USC00056136	2006	5	23	0	0	0.100
USC00056136	2006	5	30	3	0	0.100
USC00056136	2006	5	30	4	0	0.100
USC00056136	2006	5	30	21	0	0.200
USC00056136	2006	5	30	23	0	0.100
USC00056136	2006	6	24	22	0	0.100
USC00056136	2006	7	1	10	0	0.100
USC00056136	2006	7	3	13	0	0.200
USC00056136	2006	7	3	14	0	0.100
USC00056136	2006	7	3	18	0	0.100
USC00056136	2006	7	3	19	0	0.200
USC00056136	2006	7	3	20	0	0.100
USC00056136	2006	7	3	22	0	0.100
USC00056136	2006	7	3	23	0	0.100
USC00056136	2006	7	6	0	0	0.100
USC00056136	2006	7	6	22	0	0.100
USC00056136	2006	7	8	14	0	0.200
USC00056136	2006	7	8	16	0	0.100
USC00056136	2006	7	9	16	0	0.200
USC00056136	2006	7	9	17	0	0.100
USC00056136	2006	7	9	18	0	0.200
USC00056136	2006	7	10	16	0	0.100
USC00056136	2006	7	20	22	0	0.200
USC00056136	2006	7	23	16	0	0.100
USC00056136	2006	7	28	15	0	0.100
USC00056136	2006	7	31	17	0	0.100
USC00056136	2006	7	31	18	0	0.100
USC00056136	2006	7	31	19	0	0.100
USC00056136	2006	8	2	22	0	0.100
USC00056136	2006	8	3	1	0	0.100
USC00056136	2006	8	4	16	0	0.100
USC00056136	2006	8	6	13	0	0.100
USC00056136	2006	8	9	10	0	0.100
USC00056136	2006	8	9	14	0	0.600
USC00056136	2006	8	9	15	0	0.200
USC00056136	2006	8	12	17	0	0.100
USC00056136	2006	8	14	10	0	0.100
USC00056136	2006	8	18	19	0	0.100
USC00056136	2006	8	18	20	0	0.500
USC00056136	2006	8	18	21	0	0.100
USC00056136	2006	8	18	23	0	0.100
USC00056136	2006	8	24	17	0	0.100
USC00056136	2006	8	24	18	0	0.100
USC00056136	2006	8	24	19	0	0.100
USC00056136	2006	8	26	19	0	0.200
USC00056136	2006	8	26	20	0	0.100
USC00056136	2006	8	30	12	0	0.100
USC00056136	2006	9	1	18	0	0.200
USC00056136	2006	9	1	19	0	0.200
USC00056136	2006	9	1	20	0	0.100
USC00056136	2006	9	9	16	0	0.100
USC00056136	2006	9	9	17	0	0.100
USC00056136	2006	9	12	9	0	0.100
USC00056136	2006	9	21	5	0	0.100
USC00056136	2006	9	21	7	0	0.100
USC00056136	2006	9	24	14	0	0.100
USC00056136	2006	10	8	10	0	0.041
USC00056136	2006	10	8	11	0	0.041
USC00056136	2006	10	8	12	0	0.061
USC00056136	2006	10	8	13	0	0.142
USC00056136	2006	10	8	14	0	0.172
USC00056136	2006	10	8	15	0	0.081
USC00056136	2006	10	8	16	0	0.051
USC00056136	2006	10	8	17	0	0.071
USC00056136	2006	10	8	18	0	0.030
USC00056136	2006	10	8	21	0	0.010
USC00056136	2006	10	9	5	0	0.010
USC00056136	2006	10	9	13	0	0.010
USC00056136	2006	10	9	17	0	0.020
USC00056136	2006	10	9	19	0	0.010
USC00056136	2006	10	9	20	0	0.010
USC00056136	2006	10	9	21	0	0.010
USC00056136	2006	10	9	22	0	0.010
USC00056136	2006	10	9	23	0	0.010
USC00056136	2006	10	9	24	0	0.041
USC00056136	2006	10	10	1	0	0.051
USC00056136	2006	10	10	2	0	0.041
USC00056136	2006	10	10	3	0	0.010
USC00056136	2006	10	10	4	0	0.020
USC00056136	2006	10	10	6	0	0.010
USC00056136	2006	10	26	4	0	0.200
USC00056136	2006	10	26	5	0	0.100
USC00056136	2006	10	26	6	0	0.100
USC00056136	2006	10	26	8	0	0.100
USC00056136	2006	10	26	10	0	0.100
USC00056136	2006	10	26	12	0	0.100
USC00056136	2006	10	26	13	0	0.200
USC00056136	2006	10	26	14	0	0.100
USC00056136	2006	12	19	13	0	0.100
USC00056136	2006	12	20	5	0	0.100
USC00056136	2007	1	5	9	0	0.100
USC00056136	2007	1	5	11	0	0.100
USC00056136	2007	1	20	18	0	0.100
USC00056136	2007	1	26	11	0	0.100
USC00056136	2007	2	16	13	0	0.100
USC00056136	2007	2	24	4	0	0.019
USC00056136	2007	2	28	15	0	0.008
USC00056136	2007	2	28	16	0	0.004
USC00056136	2007	2	28	17	0	0.01
USC00056136	2007	3	24	11	0	0.100
USC00056136	2007	3	24	12	0	0.100
USC00056136	2007	4	10	8	0	0.100
USC00056136	2007	4	10	9	0	0.100
USC00056136	2007	4	12	18	0	0.100
USC00056136	2007	4	13	12	0	0.100
USC00056136	2007	4	16	21	0	0.100
USC00056136	2007	4	16	22	0	0.100
USC00056136	2007	4	24	9	0	0.100
USC00056136	2007	4	24	10	0	0.200
USC00056136	2007	4	24	11	0	0.100
USC00056136	2007	4	24	12	0	0.100
USC00056136	2007	4	24	15	0	0.100
USC00056136	2007	4	28	16	0	0.100
USC00056136	2007	5	6	18	0	0.100
USC00056136	2007	5	6	21	0	0.300
USC00056136	2007	5	6	22	0	0.100
USC00056136	2007	5	15	1	0	0.100
USC00056136	2007	5	15	2	0	0.100
USC00056136	2007	5	15	4	0	0.100
USC00056136	2007	5	20	8	0	0.100
USC00056136	2007	5	22	16	0	0.200
USC00056136	2007	5	23	14	0	0.100
USC00056136	2007	5	23	15	0	0.100
USC00056136	2007	5	23	16	0	0.200
USC00056136	2007	5	23	17	0	0.100
USC00056136	2007	5	23	18	0	0.100
USC00056136	2007	5	23	20	0	0.100
USC00056136	2007	5	24	1	0	0.100
USC00056136	2007	5	29	16	0	0.100
USC00056136	2007	5	29	17	0	0.300
USC00056136	2007	5	29	18	0	0.100
USC00056136	2007	5	29	19	0	0.100
USC00056136	2007	6	3	11	0	0.100
USC00056136	2007	6	12	15	0	0.200
USC00056136	2007	6	12	21	0	0.300
USC00056136	2007	6	12	23	0	0.100
USC00056136	2007	6	12	24	0	0.100
USC00056136	2007	6	22	15	0	0.100
USC00056136	2007	6	23	8	0	0.100
USC00056136	2007	6	27	20	0	1.600
USC00056136	2007	6	27	21	0	0.500
USC00056136	2007	6	27	22	0	0.100
USC00056136	2007	7	4	22	0	0.100
USC00056136	2007	7	27	12	0	0.100
USC00056136	2007	7	27	17	0	0.400
USC00056136	2007	7	27	18	0	0.200
USC00056136	2007	7	28	20	0	0.200
USC00056136	2007	7	29	12	0	0.200
USC00056136	2007	7	29	13	0	0.100
USC00056136	2007	8	4	17	0	0.400
USC00056136	2007	8	4	18	0	0.500
USC00056136	2007	8	4	19	0	0.100
USC00056136	2007	8	4	20	0	0.100
USC00056136	2007	8	5	20	0	0.100
USC00056136	2007	8	5	21	0	0.100
USC00056136	2007	8	7	21	0	0.100
USC00056136	2007	8	15	17	0	0.400
USC00056136	2007	8	15	19	0	0.200
USC00056136	2007	8	16	23	0	0.100
USC00056136	2007	8	16	24	0	0.100
USC00056136	2007	8	23	17	0	2.300
USC00056136	2007	8	23	18	0	0.500
USC00056136	2007	8	23	19	0	0.200
USC00056136	2007	8	24	24	0	0.100
USC00056136	2007	8	28	8	0	0.100
USC00056136	2007	9	6	3	0	0.100
USC00056136	2007	9	7	16	0	0.100
USC00056136	2007	9	8	22	0	0.200
USC00056136	2007	9	17	13	0	0.100
USC00056136	2007	9	25	16	0	0.100
USC00056136	2007	10	7	16	0	0.001
USC00056136	2007	10	7	17	0	0.002
USC00056136	2007	10	7	18	0	0.001
USC00056136	2007	10	13	19	0	0.004
USC00056136	2007	10	13	20	0	0.01
USC00056136	2007	10	13	21	0	0.003
USC00056136	2007	10	14	1	0	0.017
USC00056136	2007	10	14	2	0	0.008
USC00056136	2007	10	14	3	0	0.014
USC00056136	2007	10	14	4	0	0.014
USC00056136	2007	10	14	24	0	0.001
USC00056136	2007	10	15	1	0	0.001
USC00056136	2007	10	15	2	0	0.001
USC00056136	2007	10	17	14	0	0.002
USC00056136	2007	10	17	15	0	0.012
USC00056136	2007	10	17	16	0	0.006
USC00056136	2007	10	17	20	0	0.001
USC00056136	2007	10	17	21	0	0.005
USC00056136	2007	10	17	22	0	0.001
USC00056136	2007	10	21	5	0	0.049
USC00056136	2007	10	21	6	0	0.021
USC00056136	2007	10	21	7	0	0.019
USC00056136	2007	10	21	8	0	0.009
USC00056136	2007	10	21	9	0	0.024
USC00056136	2007	10	21	10	0	0.031
USC00056136	2007	10	21	11	0	0.005
USC00056136	2007	10	21	12	0	0.005
USC00056136	2007	10	21	13	0	0.022
USC00056136	2007	11	24	14	0	0.100
USC00056136	2007	12	9	8	0	0.100
USC00056136	2007	12	11	14	0	0.100
USC00056136	2008	1	9	13	0	0.100
USC00056136	2008	2	2	1	0	0.001
USC00056136	2008	2	2	2	0	0.027
USC00056136	2008	2	4	21	0	0.031
USC00056136	2008	2	4	22	0	0.031
USC00056136	2008	2	4	23	0	0.024
USC00056136	2008	2	4	24	0	0.017
USC00056136	2008	2	5	1	0	0.011
USC00056136	2008	2	5	2	0	0.032
USC00056136	2008	2	5	3	0	0.036
USC00056136	2008	2	5	4	0	0.035
USC00056136	2008	2	5	5	0	0.004
USC00056136	2008	2	5	6	0	0.01
USC00056136	2008	2	5	7	0	0.003
USC00056136	2008	2	5	8	0	0.005
USC00056136	2008	2	26	1	0	0.003
USC00056136	2008	3	14	7	0	0.100
USC00056136	2008	3	15	19	0	0.100
USC00056136	2008	3	16	23	0	0.100
USC00056136	2008	3	20	13	0	0.100
USC00056136	2008	4	10	3	0	0.100
USC00056136	2008	4	16	22	0	0.100
USC00056136	2008	4	17	4	0	0.100
USC00056136	2008	4	19	13	0	0.100
USC00056136	2008	5	7	13	0	0.100
USC00056136	2008	5	10	10	0	0.100
USC00056136	2008	5	31	24	0	0.100
USC00056136	2008	6	5	7	0	0.100
USC00056136	2008	6	5	9	0	0.100
USC00056136	2008	6	5	11	0	0.200
USC00056136	2008	6	5	12	0	0.200
USC00056136	2008	6	5	13	0	0.100
USC00056136	2008	6	5	14	0	0.100
USC00056136	2008	6	5	16	0	0.100
USC00056136	2008	6	20	22	0	0.100
USC00056136	2008	6	21	5	0	0.100
USC00056136	2008	7	2	20	0	0.166
USC00056136	2008	7	2	21	0	0.043
USC00056136	2008	7	2	22	0	0.069
USC00056136	2008	7	2	23	0	0.044
USC00056136	2008	7	2	24	0	0.015
USC00056136	2008	7	3	21	0	0.002
USC00056136	2008	7	3	22	0	0.016
USC00056136	2008	7	3	23	0	0.006
USC00056136	2008	7	6	16	0	0.153
USC00056136	2008	7	6	17	0	0.184
USC00056136	2008	7	6	18	0	0.007
USC00056136	2008	7	6	23	0	0.001
USC00056136	2008	7	7	10	0	0.011
USC00056136	2008	7	7	12	0	0.002
USC00056136	2008	7	7	13	0	0.024
USC00056136	2008	7	7	14	0	0.019
USC00056136	2008	7	14	20	0	0.005
USC00056136	2008	7	14	21	0	0.05
USC00056136	2008	7	14	22	0	0.002
USC00056136	2008	7	15	15	0	0.015
USC00056136	2008	7	15	16	0	0.062
USC00056136	2008	7	15	17	0	0.005
USC00056136	2008	7	17	17	0	0.093
USC00056136	2008	7	17	18	0	0.031
USC00056136	2008	7	17	20	0	0.002
USC00056136	2008	7	18	14	0	0.01
USC00056136	2008	7	18	15	0	0.009
USC00056136	2008	7	18	16	0	0.019
USC00056136	2008	7	18	17	0	0.116
USC00056136	2008	7	18	18	0	0.116
USC00056136	2008	7	18	19	0	0.008
USC00056136	2008	7	23	19	0	0.036
USC00056136	2008	7	23	20	0	0.034
USC00056136	2008	7	23	21	0	0.029
USC00056136	2008	7	23	22	0	0.001
USC00056136	2008	7	24	19	0	0.001
USC00056136	2008	7	24	20	0	0.025
USC00056136	2008	7	24	21	0	0.029
USC00056136	2008	7	24	22	0	0.025
USC00056136	2008	7	24	23	0	0.005
USC00056136	2008	7	24	24	0	0.001
USC00056136	2008	7	26	17	0	0.006
USC00056136	2008	7	28	19	0	0.1
USC00056136	2008	7	28	20	0	0.083
USC00056136	2008	7	28	21	0	0.031
USC00056136	2008	7	28	22	0	0.001
USC00056136	2008	7	29	20	0	0.006
USC00056136	2008	7	29	21	0	0.006
USC00056136	2008	8	5	17	0	0.100
USC00056136	2008	8	5	18	0	0.100
USC00056136	2008	8	5	20	0	0.300
USC00056136	2008	8	6	22	0	0.200
USC00056136	2008	8	6	23	0	0.200
USC00056136	2008	8	7	1	0	0.100
USC00056136	2008	8	7	2	0	0.100
USC00056136	2008	8	11	1	0	0.100
USC00056136	2008	8	11	2	0	0.300
USC00056136	2008	8	12	7	0	0.100
USC00056136	2008	8	12	18	0	0.200
USC00056136	2008	8	14	18	0	0.100
USC00056136	2008	8	14	19	0	0.100
USC00056136	2008	8	14	20	0	0.100
USC00056136	2008	8	15	2	0	0.100
USC00056136	2008	8	15	10	0	0.200
USC00056136	2008	8	15	24	0	0.100
USC00056136	2008	8	16	13	0	0.100
USC00056136	2008	8	16	14	0	0.100
USC00056136	2008	8	17	4	0	0.100
USC00056136	2008	8	17	5	0	0.100
USC00056136	2008	8	17	22	0	0.100
USC00056136	2008	8	23	10	0	0.100
USC00056136	2008	8	23	20	0	0.200
USC00056136	2008	8	23	23	0	0.100
USC00056136	2008	9	7	22	0	0.600
USC00056136	2008	9	12	19	0	0.100
USC00056136	2008	9	12	20	0	0.200
USC00056136	2008	9	21	13	0	0.100
USC00056136	2008	10	11	14	0	0.100
USC00056136	2008	10	11	15	0	0.300
USC00056136	2008	10	11	16	0	0.100
USC00056136	2008	10	11	17	0	0.100
USC00056136	2008	10	11	19	0	0.100
USC00056136	2008	10	14	8	0	0.200
USC00056136	2008	10	14	9	0	0.200
USC00056136	2008	10	14	10	0	0.100
USC00056136	2008	10	14	13	0	0.100
USC00056136	2008	11	10	9	0	0.100
USC00056136	2008	11	10	10	0	0.100
USC00056136	2008	11	10	12	0	0.100
USC00056136	2008	11	10	13	0	0.100
USC00056136	2008	11	11	9	0	0.100
USC00056136	2008	11	28	13	0	0.100
USC00056136	2008	11	30	10	0	0.100
USC00056136	2009	2	8	20	0	0.100
USC00056136	2009	3	13	10	0	0.100
USC00056136	2009	3	26	14	0	0.01
USC00056136	2009	3	26	15	0	0.016
USC00056136	2009	3	26	16	0	0.005
USC00056136	2009	3	26	17	0	0.009
USC00056136	2009	3	26	18	0	0.012
USC00056136	2009	3	26	19	0	0.013
USC00056136	2009	3	26	20	0	0.011
USC00056136	2009	3	26	21	0	0.013
USC00056136	2009	3	26	22	0	0.03
USC00056136	2009	3	26	23	0	0.100
USC00056136	2009	4	11	7	0	0.100
USC00056136	2009	4	12	5	0	0.100
USC00056136	2009	4	12	10	0	0.100
USC00056136	2009	4	12	11	0	0.100
USC00056136	2009	4	12	13	0	0.100
USC00056136	2009	4	12	14	0	0.100
USC00056136	2009	4	16	20	0	0.200
USC00056136	2009	4	17	3	0	0.200
USC00056136	2009	4	17	5	0	0.100
USC00056136	2009	4	17	8	0	0.100
USC00056136	2009	4	17	9	0	0.100
USC00056136	2009	4	17	10	0	0.200
USC00056136	2009	4	17	14	0	0.200
USC00056136	2009	4	18	7	0	0.100
USC00056136	2009	4	18	8	0	0.100
USC00056136	2009	4	18	10	0	0.100
USC00056136	2009	4	25	21	0	0.001
USC00056136	2009	4	25	22	0	0.001
USC00056136	2009	4	25	24	0	0.001
USC00056136	2009	4	26	1	0	0.001
USC00056136	2009	4	26	20	0	0.003
USC00056136	2009	4	26	21	0	0.013
USC00056136	2009	4	26	22	0	0.009
USC00056136	2009	5	1	23	0	0.009
USC00056136	2009	5	1	24	0	0.009
USC00056136	2009	5	2	20	0	0.01
USC00056136	2009	5	3	1	0	0.01
USC00056136	2009	5	3	4	0	0.019
USC00056136	2009	5	3	20	0	0.001
USC00056136	2009	5	3	21	0	0.004
USC00056136	2009	5	3	22	0	0.005
USC00056136	2009	5	3	23	0	0.001
USC00056136	2009	5	3	24	0	0.003
USC00056136	2009	5	4	1	0	0.003
USC00056136	2009	5	4	2	0	0.004
USC00056136	2009	5	4	5	0	0.004
USC00056136	2009	5	20	7	0	0.100
USC00056136	2009	5	21	19	0	0.200
USC00056136	2009	5	21	20	0	0.100
USC00056136	2009	5	21	23	0	0.100
USC00056136	2009	5	25	17	0	0.100
USC00056136	2009	5	26	5	0	0.100
USC00056136	2009	6	2	1	0	0.100
USC00056136	2009	6	2	4	0	0.200
USC00056136	2009	6	2	6	0	0.100
USC00056136	2009	6	2	7	0	0.100
USC00056136	2009	6	2	8	0	0.200
USC00056136	2009	6	2	9	0	0.100
USC00056136	2009	6	6	23	0	0.200
USC00056136	2009	6	11	17	0	0.100
USC00056136	2009	6	20	4	0	0.400
USC00056136	2009	6	20	6	0	0.100
USC00056136	2009	6	20	7	0	0.100
USC00056136	2009	6	20	8	0	0.100
USC00056136	2009	7	6	12	0	0.100
USC00056136	2009	7	12	16	0	0.600
USC00056136	2009	7	12	17	0	0.100
USC00056136	2009	7	19	14	0	0.100
USC00056136	2009	7	26	18	0	0.600
USC00056136	2009	7	26	19	0	0.100
USC00056136	2009	7	27	18	0	0.700
USC00056136	2009	7	31	16	0	0.100
USC00056136	2009	8	5	14	0	0.100
USC00056136	2009	8	10	23	0	0.100
USC00056136	2009	8	17	24	0	1.700
USC00056136	2009	8	19	11	0	0.100
USC00056136	2009	8	25	15	0	0.200
USC00056136	2009	8	25	16	0	0.100
USC00056136	2009	8	31	14	0	0.100
USC00056136	2009	9	8	20	0	0.100
USC00056136	2009	9	21	8	0	0.100
USC00056136	2009	9	21	9	0	0.100
USC00056136	2009	9	21	12	0	0.100
USC00056136	2009	9	23	14	0	0.100
USC00056136	2009	9	29	17	0	0.200
USC00056136	2009	9	30	12	0	0.100
USC00056136	2009	10	13	5	0	0.100
USC00056136	2009	10	14	14	0	0.100
USC00056136	2009	10	21	3	0	0.100
USC00056136	2009	10	21	4	0	0.100
USC00056136	2009	10	21	6	0	0.100
USC00056136	2009	10	21	8	0	0.100
USC00056136	2009	10	21	13	0	0.100
USC00056136	2009	10	21	16	0	0.100
USC00056136	2009	10	21	19	0	0.100
USC00056136	2009	10	21	22	0	0.100
USC00056136	2009	10	22	1	0	0.100
USC00056136	2009	10	22	6	0	0.100
USC00056136	2009	10	26	9	0	0.100
USC00056136	2009	11	15	5	0	0.100
USC00056136	2009	11	15	11	0	0.100
USC00056136	2009	12	22	24	0	0.100
USC00056136	2009	12	23	5	0	0.100
USC00056136	2010	1	28	19	0	0.100
USC00056136	2010	1	28	24	0	0.100
USC00056136	2010	2	3	19	0	0.100
USC00056136	2010	2	3	21	0	0.100
USC00056136	2010	2	4	1	0	0.100
USC00056136	2010	2	7	16	0	0.100
USC00056136	2010	2	8	8	0	0.100
USC00056136	2010	2	22	2	0	0.100
USC00056136	2010	2	28	20	0	0.100
USC00056136	2010	3	8	4	0	0.100
USC00056136	2010	3	8	19	0	0.100
USC00056136	2010	3	23	22	0	0.100
USC00056136	2010	3	26	15	0	0.100
USC00056136	2010	4	15	19	0	0.004
USC00056136	2010	4	15	20	0	0.013
USC00056136	2010	4	15	21	0	0.037
USC00056136	2010	4	15	22	0	0.076
USC00056136	2010	4	15	23	0	0.07
USC00056136	2010	4	15	24	0	0.122
USC00056136	2010	4	16	1	0	0.045
USC00056136	2010	4	16	2	0	0.022
USC00056136	2010	4	16	3	0	0.015
USC00056136	2010	4	16	4	0	0.003
USC00056136	2010	4	16	5	0	0.003
USC00056136	2010	4	16	7	0	0.006
USC00056136	2010	4	16	8	0	0.017
USC00056136	2010	4	16	12	0	0.009
USC00056136	2010	4	17	18	0	0.001
USC00056136	2010	4	17	19	0	0.011
USC00056136	2010	4	20	14	0	0.004
USC00056136	2010	4	20	15	0	0.004
USC00056136	2010	4	20	16	0	0.001
USC00056136	2010	4	21	18	0	0.001
USC00056136	2010	4	21	19	0	0.003
USC00056136	2010	4	21	21	0	0.009
USC00056136	2010	4	21	22	0	0.044
USC00056136	2010	4	21	23	0	0.063
USC00056136	2010	4	22	6	0	0.003
USC00056136	2010	4	22	7	0	0.003
USC00056136	2010	4	22	13	0	0.001
USC00056136	2010	4	22	14	0	0.004
USC00056136	2010	4	22	15	0	0.195
USC00056136	2010	4	22	16	0	0.048
USC00056136	2010	4	22	21	0	0.001
USC00056136	2010	4	22	22	0	0.001
USC00056136	2010	4	23	1	0	0.002
USC00056136	2010	4	23	3	0	0.001
USC00056136	2010	4	23	4	0	0.02
USC00056136	2010	4	23	5	0	0.043
USC00056136	2010	4	23	6	0	0.063
USC00056136	2010	4	23	7	0	0.005
USC00056136	2010	4	23	8	0	0.018
USC00056136	2010	4	23	9	0	0.02
USC00056136	2010	4	23	10	0	0.022
USC00056136	2010	4	23	12	0	0.007
USC00056136	2010	4	23	13	0	0.002
USC00056136	2010	4	23	14	0	0.011
USC00056136	2010	4	23	20	0	0.022
USC00056136	2010	4	23	21	0	0.029
USC00056136	2010	4	25	15	0	0.001
USC00056136	2010	4	25	17	0	0.008
USC00056136	2010	4	25	18	0	0.031
USC00056136	2010	4	25	20	0	0.006
USC00056136	2010	4	25	21	0	0.034
USC00056136	2010	4	25	22	0	0.039
USC00056136	2010	4	25	23	0	0.038
USC00056136	2010	4	25	24	0	0.007
USC00056136	2010	4	26	1	0	0.009
USC00056136	2010	4	26	2	0	0.005
USC00056136	2010	4	26	3	0	0.013
USC00056136	2010	4	26	4	0	0.026
USC00056136	2010	4	26	15	0	0.001
USC00056136	2010	4	27	2	0	0.002
USC00056136	2010	5	2	14	0	0.100
USC00056136	2010	5	2	15	0	0.100
USC00056136	2010	5	7	18	0	0.100
USC00056136	2010	5	13	22	0	0.100
USC00056136	2010	5	14	19	0	0.200
USC00056136	2010	5	14	22	0	0.100
USC00056136	2010	5	18	12	0	0.100
USC00056136	2010	5	22	8	0	0.100
USC00056136	2010	5	26	14	0	0.100
USC00056136	2010	6	12	18	0	0.100
USC00056136	2010	6	12	20	0	0.100
USC00056136	2010	6	12	21	0	0.200
USC00056136	2010	6	12	22	0	0.100
USC00056136	2010	6	14	16	0	0.100
USC00056136	2010	6	27	16	0	0.200
USC00056136	2010	7	5	1	0	0.200
USC00056136	2010	7	7	21	0	0.200
USC00056136	2010	7	7	22	0	1.100
USC00056136	2010	7	7	23	0	0.100
USC00056136	2010	7	7	24	0	0.200
USC00056136	2010	7	8	1	0	0.100
USC00056136	2010	7	8	17	0	0.500
USC00056136	2010	7	8	18	0	0.100
USC00056136	2010	7	15	20	0	0.100
USC00056136	2010	7	16	15	0	0.100
USC00056136	2010	7	19	22	0	0.100
USC00056136	2010	7	20	20	0	0.100
USC00056136	2010	7	20	21	0	0.100
USC00056136	2010	7	21	2	0	0.100
USC00056136	2010	7	30	15	0	1.000
USC00056136	2010	7	30	22	0	0.400
USC00056136	2010	7	30	23	0	0.300
USC00056136	2010	7	30	24	0	0.200
USC00056136	2010	7	31	1	0	0.200
USC00056136	2010	7	31	3	0	0.100
USC00056136	2010	7	31	4	0	0.200
USC00056136	2010	7	31	8	0	0.100
USC00056136	2010	8	4	21	0	0.100
USC00056136	2010	8	4	22	0	0.100
USC00056136	2010	8	6	1	0	0.100
USC00056136	2010	8	15	1	0	0.200
USC00056136	2010	8	16	15	0	0.100
USC00056136	2010	8	16	16	0	0.400
USC00056136	2010	9	8	14	0	0.100
USC00056136	2010	9	22	14	0	0.100
USC00056136	2010	9	22	17	0	0.100
USC00056136	2011	2	4	13	0	0.100
USC00056136	2011	3	4	2	0	0.100
USC00056136	2011	3	7	24	0	0.100
USC00056136	2011	3	29	3	0	0.100
USC00056136	2011	3	29	4	0	0.100
USC00056136	2011	3	29	8	0	0.100
USC00056136	2011	4	19	3	0	0.100
USC00056136	2011	4	24	24	0	0.400
USC00056136	2011	4	29	12	0	0.100
USC00056136	2011	5	9	12	0	0.100
USC00056136	2011	5	11	13	0	0.300
USC00056136	2011	5	11	15	0	0.100
USC00056136	2011	5	18	16	0	0.100
USC00056136	2011	5	18	18	0	0.200
USC00056136	2011	5	18	19	0	0.300
USC00056136	2011	5	18	20	0	0.100
USC00056136	2011	5	18	21	0	0.200
USC00056136	2011	5	18	22	0	0.100
USC00056136	2011	5	19	17	0	0.100
USC00056136	2011	5	24	9	0	0.300
USC00056136	2011	5	24	10	0	0.100
USC00056136	2011	5	24	11	0	0.100
USC00056136	2011	5	26	13	0	0.100
USC00056136	2011	6	20	3	0	0.100
USC00056136	2011	6	20	5	0	0.100
USC00056136	2011	6	20	6	0	0.200
USC00056136	2011	7	3	9	0	0.100
USC00056136	2011	7	7	19	0	0.200
USC00056136	2011	7	15	13	0	0.100
USC00056136	2011	7	20	18	0	0.100
USC00056136	2011	7	27	19	0	0.100
USC00056136	2011	7	28	16	0	0.100
USC00056136	2011	7	28	17	0	0.500
USC00056136	2011	7	28	18	0	0.100
USC00056136	2011	7	28	19	0	0.100
USC00056136	2011	7	28	20	0	0.100
USC00056136	2011	7	30	18	0	0.100
USC00056136	2011	7	31	17	0	0.002
USC00056136	2011	8	2	20	0	0.100
USC00056136	2011	8	2	21	0	0.200
USC00056136	2011	8	2	22	0	0.100
USC00056136	2011	8	3	1	0	0.100
USC00056136	2011	8	4	16	0	0.100
USC00056136	2011	8	16	17	0	0.100
USC00056136	2011	8	16	21	0	0.800
USC00056136	2011	8	16	22	0	0.300
USC00056136	2011	8	26	18	0	0.200
USC00056136	2011	8	26	19	0	0.200
USC00056136	2011	8	26	20	0	0.300
USC00056136	2011	8	29	13	0	0.100
USC00056136	2011	9	14	17	0	0.100
USC00056136	2011	9	14	19	0	0.100
USC00056136	2011	9	17	12	0	0.100
USC00056136	2011	10	8	8	0	0.100
USC00056136	2011	10	8	10	0	0.100
USC00056136	2011	10	25	13	0	0.100
USC00056136	2011	10	26	10	0	0.100
USC00056136	2011	10	26	16	0	0.100
USC00056136	2011	11	2	4	0	0.002
USC00056136	2011	11	2	5	0	0.067
USC00056136	2011	11	2	6	0	0.037
USC00056136	2011	11	2	7	0	0.017
USC00056136	2011	11	2	11	0	0.002
USC00056136	2011	11	2	12	0	0.001
USC00056136	2011	11	7	18	0	0.007
USC00056136	2011	11	7	20	0	0.074
USC00056136	2011	11	7	21	0	0.044
USC00056136	2011	11	7	22	0	0.05
USC00056136	2011	11	7	23	0	0.06
USC00056136	2011	11	7	24	0	0.045
USC00056136	2011	11	8	1	0	0.015
USC00056136	2011	11	8	2	0	0.006
USC00056136	2011	11	8	3	0	0.003
USC00056136	2011	11	8	4	0	0.005
USC00056136	2011	11	8	5	0	0.001
USC00056136	2011	11	8	8	0	0.001
USC00056136	2011	11	8	9	0	0.001
USC00056136	2011	11	8	10	0	0.001
USC00056136	2011	11	8	11	0	0.001
USC00056136	2011	11	25	9	0	0.001
USC00056136	2011	11	25	10	0	0.001
USC00056136	2011	11	25	11	0	0.001
USC00056136	2011	11	25	12	0	0.001
USC00056136	2011	11	25	13	0	0.001
USC00056136	2011	12	1	3	0	0.100
USC00056136	2011	12	18	12	0	0.100
USC00056136	2011	12	20	1	0	0.100
USC00056136	2011	12	22	8	0	0.100
USC00056136	2012	2	2	14	0	0.200
USC00056136	2012	2	3	4	0	0.100
USC00056136	2012	2	11	4	0	0.001
USC00056136	2012	2	11	5	0	0.001
USC00056136	2012	2	11	6	0	0.001
USC00056136	2012	3	1	23	0	0.100
USC00056136	2012	3	22	10	0	0.100
USC00056136	2012	4	3	2	0	0.100
USC00056136	2012	4	3	14	0	0.100
USC00056136	2012	4	3	18	0	0.100
USC00056136	2012	4	4	10	0	0.100
USC00056136	2012	4	15	1	0	0.200
USC00056136	2012	4	15	2	0	0.100
USC00056136	2012	4	26	22	0	0.200
USC00056136	2012	4	26	24	0	0.100
USC00056136	2012	5	24	1	0	0.100
USC00056136	2012	5	24	11	0	0.100
USC00056136	2012	5	26	17	0	0.100
USC00056136	2012	6	10	21	0	0.100
USC00056136	2012	6	10	23	0	0.100
USC00056136	2012	6	15	19	0	0.300
USC00056136	2012	6	15	20	0	0.100
USC00056136	2012	6	28	9	0	0.050
USC00056136	2012	6	28	16	0	0.010
USC00056136	2012	6	28	22	0	0.010
USC00056136	2012	6	29	15	0	0.010
USC00056136	2012	6	29	20	0	0.010
USC00056136	2012	7	1	16	0	0.120
USC00056136	2012	7	1	17	0	0.080
USC00056136	2012	7	1	21	0	0.010
USC00056136	2012	7	2	19	0	0.010
USC00056136	2012	7	3	3	0	0.010
USC00056136	2012	7	3	18	0	0.010
USC00056136	2012	7	3	20	0	0.100
USC00056136	2012	7	4	2	0	0.010
USC00056136	2012	7	4	18	0	0.010
USC00056136	2012	7	4	20	0	0.010
USC00056136	2012	7	8	20	0	0.060
USC00056136	2012	7	8	21	0	0.060
USC00056136	2012	7	8	22	0	0.050
USC00056136	2012	7	8	23	0	0.010
USC00056136	2012	7	8	24	0	0.010
USC00056136	2012	7	9	6	0	0.010
USC00056136	2012	7	9	19	0	0.010
USC00056136	2012	7	17	3	0	0.010
USC00056136	2012	7	17	19	0	0.020
USC00056136	2012	7	17	20	0	0.390
USC00056136	2012	7	17	21	0	0.040
USC00056136	2012	7	18	20	0	0.010
USC00056136	2012	7	30	24	0	0.070
USC00056136	2012	7	31	1	0	0.060
USC00056136	2012	7	31	2	0	0.090
USC00056136	2012	7	31	3	0	0.030
USC00056136	2012	7	31	5	0	0.040
USC00056136	2012	7	31	18	0	0.010
USC00056136	2012	8	2	2	0	0.010
USC00056136	2012	8	2	18	0	0.030
USC00056136	2012	8	2	19	0	0.010
USC00056136	2012	8	2	21	0	0.010
USC00056136	2012	8	3	20	0	0.010
USC00056136	2012	8	3	24	0	0.010
USC00056136	2012	8	4	21	0	0.010
USC00056136	2012	8	16	20	0	0.010
USC00056136	2012	8	19	21	0	0.010
USC00056136	2012	8	24	4	0	0.010
USC00056136	2012	8	24	14	0	0.120
USC00056136	2012	8	24	15	0	0.430
USC00056136	2012	8	25	21	0	0.010
USC00056136	2012	9	4	1	0	0.010
USC00056136	2012	9	4	19	0	0.010
USC00056136	2012	9	12	6	0	0.010
USC00056136	2012	9	12	10	0	0.010
USC00056136	2012	9	12	11	0	0.060
USC00056136	2012	9	12	12	0	0.030
USC00056136	2012	9	12	15	0	0.040
USC00056136	2012	9	12	16	0	0.110
USC00056136	2012	9	12	17	0	0.050
USC00056136	2012	9	13	20	0	0.010
USC00056136	2012	9	17	1	0	0.010
USC00056136	2012	9	17	19	0	0.010
USC00056136	2012	9	19	24	0	0.010
USC00056136	2012	9	20	22	0	0.010
USC00056136	2012	9	24	24	0	0.010
USC00056136	2012	9	25	20	0	0.120
USC00056136	2012	9	25	21	0	0.010
USC00056136	2012	9	26	19	0	0.010
USC00056136	2012	9	26	21	0	0.020
USC00056136	2012	9	26	23	0	0.010
USC00056136	2012	9	27	16	0	0.300
USC00056136	2012	9	27	21	0	0.010
USC00056136	2012	9	28	23	0	0.010
USC00056136	2012	10	1	22	0	0.010
USC00056136	2012	10	4	21	0	0.010
USC00056136	2012	10	5	24	0	0.010
USC00056136	2012	10	6	2	0	0.010
USC00056136	2012	10	6	6	0	0.010
USC00056136	2012	10	6	19	0	0.010
USC00056136	2012	10	12	17	0	0.020
USC00056136	2012	10	17	23	0	0.010
USC00056136	2012	10	25	2	0	0.010
USC00056136	2012	10	26	10	0	0.080
USC00056136	2012	11	11	5	0	0.030
USC00056136	2012	11	11	6	0	0.010
USC00056136	2012	11	11	7	0	0.010
USC00056136	2012	11	11	9	0	0.020
USC00056136	2012	11	11	10	0	0.010
USC00056136	2012	11	12	8	0	0.010
USC00056136	2012	11	12	23	0	0.010
USC00056136	2012	11	17	2	0	0.010
USC00056136	2012	11	20	5	0	0.010
USC00056136	2012	11	25	5	0	0.010
USC00056136	2012	12	1	10	0	0.010
USC00056136	2012	12	7	11	0	0.010
USC00056136	2012	12	9	4	0	0.010
USC00056136	2012	12	9	5	0	0.010
USC00056136	2012	12	9	23	0	0.010
USC00056136	2012	12	10	7	0	0.010
USC00056136	2012	12	10	9	0	0.010
USC00056136	2012	12	10	24	0	0.010
USC00056136	2012	12	14	2	0	0.010
USC00056136	2012	12	14	10	0	0.020
USC00056136	2012	12	14	11	0	0.010
USC00056136	2012	12	15	13	0	0.010
USC00056136	2012	12	19	7	0	0.020
USC00056136	2012	12	19	12	0	0.010
USC00056136	2012	12	19	13	0	0.010
USC00056136	2012	12	19	15	0	0.040
USC00056136	2012	12	19	16	0	0.010
USC00056136	2012	12	25	1	0	0.010
USC00056136	2012	12	25	5	0	0.010
USC00056136	2012	12	26	8	0	0.010
USC00056136	2012	12	28	12	0	0.010
USC00056136	2013	1	1	7	0	0.010
USC00056136	2013	1	1	21	0	0.010
USC00056136	2013	1	11	10	0	0.020
USC00056136	2013	1	14	3	0	0.010
USC00056136	2013	1	16	9	0	0.010
USC00056136	2013	1	30	11	0	0.010
USC00056136	2013	2	1	10	0	0.010
USC00056136	2013	2	7	12	0	0.010
USC00056136	2013	2	12	12	0	0.010
USC00056136	2013	2	18	9	0	0.020
USC00056136	2013	2	20	12	0	0.010
USC00056136	2013	2	20	20	0	0.010
USC00056136	2013	2	21	5	0	0.050
USC00056136	2013	2	21	6	0	0.020
USC00056136	2013	2	21	7	0	0.010
USC00056136	2013	2	26	5	0	0.010
USC00056136	2013	2	26	13	0	0.010
USC00056136	2013	2	26	14	0	0.010
USC00056136	2013	2	26	15	0	0.010
USC00056136	2013	3	4	16	0	0.020
USC00056136	2013	3	5	12	0	0.010
USC00056136	2013	3	9	8	0	0.010
USC00056136	2013	3	9	12	0	0.010
USC00056136	2013	3	9	13	0	0.020
USC00056136	2013	3	9	14	0	0.010
USC00056136	2013	3	10	12	0	0.010
USC00056136	2013	3	12	11	0	0.010
USC00056136	2013	3	18	11	0	0.010
USC00056136	2013	3	19	9	0	0.020
USC00056136	2013	3	21	6	0	0.010
USC00056136	2013	3	21	14	0	0.010
USC00056136	2013	3	21	17	0	0.020
USC00056136	2013	3	21	18	0	0.020
USC00056136	2013	3	22	20	0	0.020
USC00056136	2013	3	22	24	0	0.010
USC00056136	2013	3	23	1	0	0.010
USC00056136	2013	3	23	7	0	0.030
USC00056136	2013	3	23	8	0	0.040
USC00056136	2013	3	23	9	0	0.040
USC00056136	2013	3	23	10	0	0.010
USC00056136	2013	3	23	11	0	0.010
USC00056136	2013	3	23	12	0	0.030
USC00056136	2013	3	23	13	0	0.020
USC00056136	2013	3	23	14	0	0.020
USC00056136	2013	3	28	20	0	0.010
USC00056136	2013	4	4	1	0	0.010
USC00056136	2013	4	4	20	0	0.010
USC00056136	2013	4	5	22	0	0.010
USC00056136	2013	4	8	20	0	0.010
USC00056136	2013	4	8	23	0	0.030
USC00056136	2013	4	10	23	0	0.010
USC00056136	2013	4	13	24	0	0.010
USC00056136	2013	4	14	11	0	0.020
USC00056136	2013	4	17	10	0	0.010
USC00056136	2013	4	17	14	0	0.010
USC00056136	2013	4	17	15	0	0.010
USC00056136	2013	4	17	17	0	0.010
USC00056136	2013	4	17	18	0	0.010
USC00056136	2013	4	17	20	0	0.010
USC00056136	2013	4	18	8	0	0.010
USC00056136	2013	4	21	19	0	0.010
USC00056136	2013	4	23	5	0	0.010
USC00056136	2013	4	23	6	0	0.020
USC00056136	2013	4	23	7	0	0.010
USC00056136	2013	4	23	8	0	0.010
USC00056136	2013	4	23	9	0	0.010
USC00056136	2013	4	23	10	0	0.010
USC00056136	2013	4	24	20	0	0.010
USC00056136	2013	4	26	22	0	0.010
USC00056136	2013	4	30	21	0	0.010
USC00056136	2013	4	30	24	0	0.010
USC00056136	2013	5	1	13	0	0.010
USC00056136	2013	5	1	15	0	0.010
USC00056136	2013	5	1	17	0	0.010
USC00056136	2013	5	1	18	0	0.010
USC00056136	2013	5	1	19	0	0.010
USC00056136	2013	5	1	21	0	0.010
USC00056136	2013	5	2	13	0	0.010
USC00056136	2013	5	7	20	0	0.010
USC00056136	2013	5	8	10	0	0.220
USC00056136	2013	5	8	11	0	0.070
USC00056136	2013	5	8	12	0	0.100
USC00056136	2013	5	8	13	0	0.030
USC00056136	2013	5	9	9	0	0.010
USC00056136	2013	5	9	10	0	0.010
USC00056136	2013	5	9	11	0	0.010
USC00056136	2013	5	9	12	0	0.010
USC00056136	2013	5	9	13	0	0.020
USC00056136	2013	5	9	14	0	0.010
USC00056136	2013	5	9	15	0	0.030
USC00056136	2013	5	9	16	0	0.020
USC00056136	2013	5	9	17	0	0.010
USC00056136	2013	5	10	13	0	0.070
USC00056136	2013	5	10	14	0	0.120
USC00056136	2013	5	10	21	0	0.010
USC00056136	2013	5	11	20	0	0.020
USC00056136	2013	5	30	20	0	0.010
USC00056136	2013	6	5	1	0	0.010
USC00056136	2013	6	5	8	0	0.020
USC00056136	2013	6	12	20	0	0.010
USC00056136	2013	6	15	16	0	0.020
USC00056136	2013	6	15	17	0	0.140
USC00056136	2013	6	15	18	0	0.080
USC00056136	2013	6	16	20	0	0.010
USC00056136	2013	6	18	18	0	0.010
USC00056136	2013	6	18	21	0	0.020
USC00056136	2013	6	30	13	0	0.020
USC00056136	2013	6	30	21	0	0.010
USC00056136	2013	7	1	4	0	0.010
USC00056136	2013	7	1	6	0	0.010
USC00056136	2013	7	1	9	0	0.020
USC00056136	2013	7	6	1	0	0.010
USC00056136	2013	7	6	17	0	0.110
USC00056136	2013	7	6	18	0	0.040
USC00056136	2013	7	6	19	0	0.100
USC00056136	2013	7	7	18	0	0.010
USC00056136	2013	7	7	19	0	0.010
USC00056136	2013	7	7	20	0	0.010
USC00056136	2013	7	7	24	0	0.010
USC00056136	2013	7	8	17	0	0.010
USC00056136	2013	7	8	22	0	0.010
USC00056136	2013	7	10	15	0	0.010
USC00056136	2013	7	10	16	0	0.480
USC00056136	2013	7	10	17	0	0.040
USC00056136	2013	7	14	18	0	0.030
USC00056136	2013	7	14	19	0	0.100
USC00056136	2013	7	14	23	0	0.060
USC00056136	2013	7	14	24	0	0.030
USC00056136	2013	7	15	22	0	0.010
USC00056136	2013	7	16	23	0	0.010
USC00056136	2013	7	19	15	0	0.320
USC00056136	2013	7	19	16	0	0.010
USC00056136	2013	7	19	19	0	0.010
USC00056136	2013	7	20	12	0	0.010
USC00056136	2013	7	20	22	0	0.010
USC00056136	2013	7	28	17	0	0.100
USC00056136	2013	7	28	18	0	0.540
USC00056136	2013	7	28	19	0	0.010
USC00056136	2013	7	29	21	0	0.010
USC00056136	2013	8	2	24	0	0.010
USC00056136	2013	8	3	19	0	0.010
USC00056136	2013	8	3	20	0	0.070
USC00056136	2013	8	3	21	0	0.010
USC00056136	2013	8	3	22	0	0.180
USC00056136	2013	8	3	23	0	0.050
USC00056136	2013	8	3	24	0	0.050
USC00056136	2013	8	4	22	0	0.010
USC00056136	2013	8	7	4	0	0.010
USC00056136	2013	8	7	6	0	0.010
USC00056136	2013	8	7	9	0	0.070
USC00056136	2013	8	7	15	0	0.030
USC00056136	2013	8	7	16	0	0.070
USC00056136	2013	8	7	18	0	0.030
USC00056136	2013	8	7	19	0	0.010
USC00056136	2013	8	8	11	0	0.020
USC00056136	2013	8	8	21	0	0.010
USC00056136	2013	8	9	19	0	0.010
USC00056136	2013	8	9	20	0	0.030
USC00056136	2013	8	9	21	0	0.030
USC00056136	2013	8	10	2	0	0.010
USC00056136	2013	8	10	20	0	0.010
USC00056136	2013	8	10	22	0	0.020
USC00056136	2013	8	11	19	0	0.030
USC00056136	2013	8	11	20	0	0.070
USC00056136	2013	8	12	17	0	0.020
USC00056136	2013	8	12	18	0	0.010
USC00056136	2013	8	12	23	0	0.010
USC00056136	2013	8	13	18	0	0.010
USC00056136	2013	8	13	23	0	0.010
USC00056136	2013	8	22	18	0	0.010
USC00056136	2013	8	22	20	0	0.010
USC00056136	2013	8	22	22	0	0.020
USC00056136	2013	8	22	23	0	0.080
USC00056136	2013	8	23	19	0	0.010
USC00056136	2013	9	11	6	0	0.020
USC00056136	2013	9	11	7	0	0.080
USC00056136	2013	9	11	8	0	0.020
USC00056136	2013	9	11	9	0	0.010
USC00056136	2013	9	12	17	0	0.030
USC00056136	2013	9	12	18	0	0.050
USC00056136	2013	9	12	19	0	0.220
USC00056136	2013	9	12	24	0	0.510
USC00056136	2013	9	13	1	0	0.100
USC00056136	2013	9	13	2	0	0.020
USC00056136	2013	9	13	3	0	0.040
USC00056136	2013	9	13	7	0	0.030
USC00056136	2013	9	13	21	0	0.010
USC00056136	2013	9	14	22	0	0.010
USC00056136	2013	9	15	18	0	0.010
USC00056136	2013	9	15	19	0	0.070
USC00056136	2013	9	15	20	0	0.110
USC00056136	2013	9	15	21	0	0.030
USC00056136	2013	9	15	22	0	0.010
USC00056136	2013	9	16	2	0	0.020
USC00056136	2013	9	16	23	0	0.010
USC00056136	2013	9	22	3	0	0.010
USC00056136	2013	9	22	19	0	0.010
USC00056136	2013	9	22	22	0	0.150
USC00056136	2013	9	23	2	0	0.010
USC00056136	2013	9	23	4	0	0.010
USC00056136	2013	9	23	5	0	0.030
USC00056136	2013	9	23	9	0	2.160
USC00056136	2013	9	23	10	0	1.190
USC00056136	2013	9	23	20	0	0.010
USC00056136	2013	10	1	24	0	0.010
USC00056136	2013	10	2	23	0	0.010
USC00056136	2013	10	10	11	0	0.010
USC00056136	2013	10	10	13	0	0.020
USC00056136	2013	10	10	15	0	0.020
USC00056136	2013	10	10	16	0	0.120
USC00056136	2013	10	11	18	0	0.010
USC00056136	2013	10	11	19	0	0.210
USC00056136	2013	10	12	7	0	0.010
USC00056136	2013	10	13	24	0	0.020
USC00056136	2013	10	14	2	0	0.010
USC00056136	2013	10	14	11	0	0.020
USC00056136	2013	10	18	6	0	0.040
USC00056136	2013	10	18	7	0	0.030
USC00056136	2013	10	18	8	0	0.030
USC00056136	2013	10	18	9	0	0.020
USC00056136	2013	10	18	11	0	0.010
USC00056136	2013	10	19	9	0	0.010
USC00056136	2013	10	20	7	0	0.010
USC00056136	2013	10	20	20	0	0.020
USC00056136	2013	10	20	22	0	0.010
USC00056136	2013	10	21	11	0	0.010
USC00056136	2013	10	26	11	0	0.010
USC00056136	2013	10	29	12	0	0.010
USC00056136	2013	11	2	11	0	0.010
USC00056136	2013	11	4	24	0	0.030
USC00056136	2013	11	5	1	0	0.010
USC00056136	2013	11	5	5	0	0.010
USC00056136	2013	11	5	6	0	0.040
USC00056136	2013	11	6	9	0	0.010
USC00056136	2013	11	17	8	0	0.010
USC00056136	2013	11	21	6	0	0.050
USC00056136	2013	11	22	3	0	0.010
USC00056136	2013	11	22	4	0	0.010
USC00056136	2013	11	22	5	0	0.010
USC00056136	2013	11	22	6	0	0.020
USC00056136	2013	11	22	7	0	0.010
USC00056136	2013	11	22	9	0	0.010
USC00056136	2013	11	24	21	0	0.010
USC00056136	2013	11	24	22	0	0.010
USC00056136	2013	11	25	3	0	0.020
USC00056136	2013	11	27	9	0	0.010
USC00056136	2013	12	1	11	0	0.010
USC00056136	2013	12	4	12	0	0.010
USC00056136	2013	12	7	11	0	0.010
USC00056136	2013	12	8	5	0	0.010
USC00056136	2013	12	8	11	0	0.010
USC00056136	2013	12	11	8	0	0.010
USC00056136	2013	12	25	8	0	0.010
USC00056136	2014	1	4	13	0	0.010
USC00056136	2014	1	4	18	0	0.010
USC00056136	2014	1	23	5	0	0.010
USC00056136	2014	1	23	8	0	0.010
USC00056136	2014	1	23	11	0	0.010
USC00056136	2014	1	24	7	0	0.010
USC00056136	2014	1	24	9	0	0.010
USC00056136	2014	1	27	20	0	0.030
USC00056136	2014	1	27	21	0	0.020
USC00056136	2014	1	27	22	0	0.010
USC00056136	2014	1	28	12	0	0.010
USC00056136	2014	1	31	4	0	0.020
USC00056136	2014	1	31	5	0	0.040
USC00056136	2014	1	31	8	0	0.010
USC00056136	2014	1	31	22	0	0.070
USC00056136	2014	1	31	23	0	0.020
USC00056136	2014	2	1	12	0	0.010
USC00056136	2014	2	1	13	0	0.020
USC00056136	2014	2	1	18	0	0.010
USC00056136	2014	2	1	21	0	0.010
USC00056136	2014	2	2	9	0	0.010
USC00056136	2014	2	2	12	0	0.010
USC00056136	2014	2	3	24	0	0.010
USC00056136	2014	2	4	1	0	0.040
USC00056136	2014	2	4	2	0	0.030
USC00056136	2014	2	4	3	0	0.020
USC00056136	2014	2	4	4	0	0.010
USC00056136	2014	2	4	5	0	0.020
USC00056136	2014	2	4	6	0	0.040
USC00056136	2014	2	4	7	0	0.010
USC00056136	2014	2	5	9	0	0.010
USC00056136	2014	2	7	10	0	0.010
USC00056136	2014	2	10	12	0	0.010
USC00056136	2014	2	10	13	0	0.010
USC00056136	2014	2	11	10	0	0.010
USC00056136	2014	2	16	7	0	0.010
USC00056136	2014	2	16	13	0	0.010
USC00056136	2014	2	16	14	0	0.030
USC00056136	2014	2	16	17	0	0.010
USC00056136	2014	2	16	21	0	0.060
USC00056136	2014	2	16	24	0	0.020
USC00056136	2014	2	17	1	0	0.010
USC00056136	2014	2	19	12	0	0.010
USC00056136	2014	2	19	21	0	0.030
USC00056136	2014	2	19	22	0	0.050
USC00056136	2014	2	19	23	0	0.010
USC00056136	2014	2	20	11	0	0.030
USC00056136	2014	2	21	7	0	0.010
USC00056136	2014	2	22	21	0	0.020
USC00056136	2014	2	25	10	0	0.010
USC00056136	2014	3	1	10	0	0.020
USC00056136	2014	3	2	10	0	0.010
USC00056136	2014	3	2	12	0	0.010
USC00056136	2014	3	2	13	0	0.020
USC00056136	2014	3	3	8	0	0.010
USC00056136	2014	3	3	9	0	0.020
USC00056136	2014	3	5	21	0	0.010
USC00056136	2014	3	7	17	0	0.050
USC00056136	2014	3	7	18	0	0.040
USC00056136	2014	3	7	19	0	0.010
USC00056136	2014	3	7	20	0	0.010
USC00056136	2014	3	9	11	0	0.010
USC00056136	2014	3	11	8	0	0.030
USC00056136	2014	3	11	9	0	0.020
USC00056136	2014	3	11	14	0	0.040
USC00056136	2014	3	11	15	0	0.060
USC00056136	2014	3	11	16	0	0.020
USC00056136	2014	3	11	18	0	0.020
USC00056136	2014	3	12	13	0	0.010
USC00056136	2014	3	15	9	0	0.030
USC00056136	2014	3	15	11	0	0.010
USC00056136	2014	3	15	12	0	0.050
USC00056136	2014	3	15	13	0	0.040
USC00056136	2014	3	15	16	0	0.020
USC00056136	2014	3	16	12	0	0.010
USC00056136	2014	3	18	7	0	0.010
USC00056136	2014	3	18	8	0	0.030
USC00056136	2014	3	18	11	0	0.020
USC00056136	2014	3	18	12	0	0.100
USC00056136	2014	3	18	13	0	0.010
USC00056136	2014	3	18	14	0	0.040
USC00056136	2014	3	18	16	0	0.040
USC00056136	2014	3	19	4	0	0.010
USC00056136	2014	3	19	11	0	0.010
USC00056136	2014	3	22	11	0	0.010
USC00056136	2014	3	22	17	0	0.060
USC00056136	2014	3	22	18	0	0.020
USC00056136	2014	3	22	19	0	0.020
USC00056136	2014	3	22	20	0	0.020
USC00056136	2014	3	23	8	0	0.010
USC00056136	2014	3	24	1	0	0.030
USC00056136	2014	3	26	13	0	0.020
USC00056136	2014	3	30	17	0	0.010
USC00056136	2014	3	30	18	0	0.040
USC00056136	2014	3	30	21	0	0.040
USC00056136	2014	3	30	22	0	0.020
USC00056136	2014	3	30	23	0	0.030
USC00056136	2014	3	30	24	0	0.030
USC00056136	2014	3	31	1	0	0.020
USC00056136	2014	4	1	8	0	0.020
USC00056136	2014	4	1	9	0	0.020
USC00056136	2014	4	1	20	0	0.020
USC00056136	2014	4	3	2	0	0.040
USC00056136	2014	4	3	3	0	0.050
USC00056136	2014	4	3	4	0	0.030
USC00056136	2014	4	3	5	0	0.010
USC00056136	2014	4	3	6	0	0.010
USC00056136	2014	4	3	7	0	0.020
USC00056136	2014	4	3	8	0	0.040
USC00056136	2014	4	3	9	0	0.050
USC00056136	2014	4	3	10	0	0.050
USC00056136	2014	4	3	11	0	0.030
USC00056136	2014	4	3	12	0	0.030
USC00056136	2014	4	4	12	0	0.010
USC00056136	2014	4	7	8	0	0.030
USC00056136	2014	4	7	10	0	0.030
USC00056136	2014	4	7	13	0	0.040
USC00056136	2014	4	7	15	0	0.010
USC00056136	2014	4	7	23	0	0.010
USC00056136	2014	4	9	18	0	0.010
USC00056136	2014	4	9	21	0	0.010
USC00056136	2014	4	10	20	0	0.010
USC00056136	2014	4	13	4	0	0.050
USC00056136	2014	4	13	6	0	0.030
USC00056136	2014	4	13	15	0	0.020
USC00056136	2014	4	13	16	0	0.020
USC00056136	2014	4	13	17	0	0.010
USC00056136	2014	4	13	19	0	0.070
USC00056136	2014	4	13	20	0	0.040
USC00056136	2014	4	14	12	0	0.010
USC00056136	2014	4	16	7	0	0.050
USC00056136	2014	4	16	8	0	0.040
USC00056136	2014	4	17	9	0	0.010
USC00056136	2014	4	19	5	0	0.010
USC00056136	2014	4	19	16	0	0.020
USC00056136	2014	4	21	6	0	0.010
USC00056136	2014	4	21	7	0	0.030
USC00056136	2014	4	21	19	0	0.010
USC00056136	2014	4	22	24	0	0.020
USC00056136	2014	4	23	22	0	0.050
USC00056136	2014	4	23	23	0	0.030
USC00056136	2014	4	27	6	0	0.030
USC00056136	2014	4	27	7	0	0.030
USC00056136	2014	4	27	9	0	0.020
USC00056136	2014	4	27	10	0	0.020
USC00056136	2014	4	27	13	0	0.040
USC00056136	2014	4	27	17	0	0.020
USC00056136	2014	4	28	4	0	0.010
USC00056136	2014	4	29	6	0	0.020
USC00056136	2014	4	29	8	0	0.040
USC00056136	2014	4	29	9	0	0.040
USC00056136	2014	4	29	10	0	0.050
USC00056136	2014	4	29	12	0	0.020
USC00056136	2014	4	29	14	0	0.050
USC00056136	2014	4	29	15	0	0.040
USC00056136	2014	4	29	19	0	0.020
USC00056136	2014	4	30	10	0	0.010
USC00056136	2014	4	30	12	0	0.060
USC00056136	2014	4	30	15	0	0.030
USC00056136	2014	5	8	1	0	0.080
USC00056136	2014	5	8	2	0	0.100
USC00056136	2014	5	8	15	0	0.070
USC00056136	2014	5	9	20	0	0.010
USC00056136	2014	5	11	18	0	0.030
USC00056136	2014	5	11	19	0	0.030
USC00056136	2014	5	11	20	0	0.030
USC00056136	2014	5	11	21	0	0.060
USC00056136	2014	5	11	22	0	0.020
USC00056136	2014	5	11	23	0	0.020
USC00056136	2014	5	11	24	0	0.010
USC00056136	2014	5	16	13	0	0.010
USC00056136	2014	5	16	21	0	0.090
USC00056136	2014	5	16	22	0	0.020
USC00056136	2014	5	16	23	0	0.010
USC00056136	2014	5	19	21	0	0.010
USC00056136	2014	5	22	15	0	0.030
USC00056136	2014	5	30	20	0	0.010
USC00056136	2014	6	1	24	0	0.010
USC00056136	2014	6	2	1	0	0.030
USC00056136	2014	6	2	20	0	0.010
USC00056136	2014	6	4	18	0	0.010
USC00056136	2014	6	4	20	0	0.010
USC00056136	2014	6	4	23	0	0.020
USC00056136	2014	6	5	18	0	0.010
USC00056136	2014	6	5	20	0	0.010
USC00056136	2014	6	5	21	0	0.660
USC00056136	2014	6	5	22	0	0.010
USC00056136	2014	6	6	16	0	0.010
USC00056136	2014	6	6	17	0	0.010
USC00056136	2014	6	7	15	0	0.200
USC00056136	2014	6	7	16	0	0.100
USC00056136	2014	6	7	19	0	0.010
USC00056136	2014	6	8	1	0	0.010
USC00056136	2014	6	8	14	0	0.010
USC00056136	2014	6	8	15	0	0.080
USC00056136	2014	6	22	14	0	0.100
USC00056136	2014	6	22	19	0	0.010
USC00056136	2014	6	23	17	0	0.010
USC00056136	2014	6	23	18	0	0.030
USC00056136	2014	6	23	19	0	0.010
USC00056136	2014	6	23	24	0	0.010
USC00056136	2014	6	24	20	0	0.010
USC00056136	2014	7	7	24	0	0.010
USC00056136	2014	7	8	21	0	0.010
USC00056136	2014	7	12	15	0	0.010
USC00056136	2014	7	12	20	0	0.010
USC00056136	2014	7	12	22	0	0.020
USC00056136	2014	7	12	23	0	0.080
USC00056136	2014	7	12	24	0	0.090
USC00056136	2014	7	13	2	0	0.120
USC00056136	2014	7	13	21	0	0.010
USC00056136	2014	7	14	13	0	0.010
USC00056136	2014	7	14	17	0	0.050
USC00056136	2014	7	14	20	0	0.050
USC00056136	2014	7	15	1	0	0.060
USC00056136	2014	7	15	2	0	0.070
USC00056136	2014	7	15	17	0	0.010
USC00056136	2014	7	15	18	0	0.010
USC00056136	2014	7	16	16	0	0.340
USC00056136	2014	7	16	17	0	0.010
USC00056136	2014	7	16	18	0	0.010
USC00056136	2014	7	16	20	0	0.120
USC00056136	2014	7	16	21	0	0.080
USC00056136	2014	7	17	20	0	0.010
USC00056136	2014	7	17	23	0	0.010
USC00056136	2014	7	25	2	0	0.010
USC00056136	2014	7	25	17	0	0.010
USC00056136	2014	7	25	18	0	0.050
USC00056136	2014	7	25	19	0	0.020
USC00056136	2014	7	26	15	0	0.010
USC00056136	2014	7	26	21	0	0.010
USC00056136	2014	7	27	19	0	0.010
USC00056136	2014	7	27	22	0	0.040
USC00056136	2014	7	27	23	0	0.090
USC00056136	2014	7	27	24	0	0.070
USC00056136	2014	7	28	23	0	0.010
USC00056136	2014	7	29	17	0	0.020
USC00056136	2014	7	29	18	0	0.160
USC00056136	2014	7	29	19	0	0.070
USC00056136	2014	7	29	20	0	0.050
USC00056136	2014	7	29	21	0	0.010
USC00056136	2014	7	29	22	0	0.020
USC00056136	2014	7	29	23	0	0.010
USC00056136	2014	7	29	24	0	0.100
USC00056136	2014	7	30	1	0	0.010
USC00056136	2014	7	31	20	0	0.010
USC00056136	2014	7	31	23	0	0.010
USC00056136	2014	8	2	24	0	0.010
USC00056136	2014	8	3	23	0	0.010
USC00056136	2014	8	4	3	0	0.010
USC00056136	2014	8	4	18	0	0.080
USC00056136	2014	8	4	20	0	0.010
USC00056136	2014	8	5	17	0	0.020
USC00056136	2014	8	5	19	0	0.110
USC00056136	2014	8	5	20	0	0.030
USC00056136	2014	8	5	24	0	0.010
USC00056136	2014	8	6	13	0	0.010
USC00056136	2014	8	6	21	0	0.010
USC00056136	2014	8	9	4	0	0.020
USC00056136	2014	8	9	16	0	0.010
USC00056136	2014	8	9	21	0	0.010
USC00056136	2014	8	15	18	0	0.030
USC00056136	2014	8	15	19	0	0.050
USC00056136	2014	8	15	20	0	0.070
USC00056136	2014	8	16	19	0	0.010
USC00056136	2014	8	16	21	0	0.010
USC00056136	2014	8	22	16	0	0.850
USC00056136	2014	8	22	17	0	0.010
USC00056136	2014	8	23	19	0	0.010
USC00056136	2014	8	26	9	0	0.020
USC00056136	2014	8	26	18	0	0.010
USC00056136	2014	8	27	21	0	0.010
USC00056136	2014	8	28	13	0	0.010
USC00056136	2014	8	28	17	0	0.050
USC00056136	2014	8	29	17	0	0.040
USC00056136	2014	8	29	18	0	0.070
USC00056136	2014	8	29	19	0	0.050
USC00056136	2014	8	29	24	0	0.010
USC00056136	2014	8	30	19	0	0.010
USC00056136	2014	9	5	3	0	0.010
USC00056136	2014	9	5	4	0	0.030
USC00056136	2014	9	5	5	0	0.020
USC00056136	2014	9	5	6	0	0.030
USC00056136	2014	9	6	19	0	0.010
USC00056136	2014	9	10	5	0	0.050
USC00056136	2014	9	10	8	0	0.040
USC00056136	2014	9	10	9	0	0.030
USC00056136	2014	9	10	22	0	0.010
USC00056136	2014	9	11	19	0	0.020
USC00056136	2014	9	11	20	0	0.020
USC00056136	2014	9	11	21	0	0.020
USC00056136	2014	9	11	22	0	0.010
USC00056136	2014	9	11	23	0	0.020
USC00056136	2014	9	11	24	0	0.010
USC00056136	2014	9	14	19	0	0.010
USC00056136	2014	9	15	1	0	0.010
USC00056136	2014	9	15	21	0	0.010
USC00056136	2014	9	29	16	0	0.120
USC00056136	2014	9	29	17	0	0.010
USC00056136	2014	9	29	23	0	0.010
USC00056136	2014	9	30	23	0	0.010
USC00056136	2014	10	1	10	0	0.010
USC00056136	2014	10	1	15	0	0.020
USC00056136	2014	10	1	18	0	0.020
USC00056136	2014	10	1	19	0	0.010
USC00056136	2014	10	2	11	0	0.010
USC00056136	2014	10	2	20	0	0.010
USC00056136	2014	10	9	11	0	0.010
USC00056136	2014	10	9	13	0	0.050
USC00056136	2014	10	9	14	0	0.020
USC00056136	2014	10	9	15	0	0.060
USC00056136	2014	10	9	16	0	0.270
USC00056136	2014	10	9	17	0	0.020
USC00056136	2014	10	9	18	0	0.020
USC00056136	2014	10	9	19	0	0.020
USC00056136	2014	10	10	1	0	0.020
USC00056136	2014	10	10	2	0	0.040
USC00056136	2014	10	10	3	0	0.050
USC00056136	2014	10	10	4	0	0.030
USC00056136	2014	10	10	5	0	0.030
USC00056136	2014	10	10	6	0	0.010
USC00056136	2014	10	10	7	0	0.020
USC00056136	2014	10	10	8	0	0.020
USC00056136	2014	10	10	9	0	0.040
USC00056136	2014	10	11	11	0	0.010
USC00056136	2014	10	12	14	0	0.110
USC00056136	2014	10	12	15	0	0.020
USC00056136	2014	10	13	11	0	0.010
USC00056136	2014	10	25	18	0	0.010
USC00056136	2014	10	25	20	0	0.010
USC00056136	2014	11	15	11	0	0.010
USC00056136	2014	11	16	11	0	0.010
USC00056136	2014	11	16	12	0	0.030
USC00056136	2014	11	16	13	0	0.020
USC00056136	2014	11	17	8	0	0.010
USC00056136	2014	12	14	13	0	0.020
USC00056136	2014	12	18	9	0	0.020
USC00056136	2014	12	21	22	0	0.020
USC00056136	2014	12	21	24	0	0.020
USC00056136	2014	12	22	15	0	0.010
USC00056136	2014	12	27	9	0	0.010
USC00056136	2014	12	27	11	0	0.010
USC00056136	2014	12	28	9	0	0.010
USC00056136	2014	12	31	8	0	0.010
USC00056136	2014	12	31	10	0	0.010
