USC00414775	2004	1	14	19	0	0.003
USC00414775	2004	1	14	21	0	0.02
USC00414775	2004	1	14	22	0	0.028
USC00414775	2004	1	14	23	0	0.016
USC00414775	2004	1	14	24	0	0.026
USC00414775	2004	1	15	5	0	0.001
USC00414775	2004	1	15	14	0	0.046
USC00414775	2004	1	15	15	0	0.071
USC00414775	2004	1	15	16	0	0.084
USC00414775	2004	1	15	17	0	0.036
USC00414775	2004	1	16	3	0	0.005
USC00414775	2004	1	16	6	0	0.009
USC00414775	2004	1	16	7	0	0.078
USC00414775	2004	1	16	8	0	0.046
USC00414775	2004	1	16	9	0	0.061
USC00414775	2004	1	16	10	0	0.003
USC00414775	2004	1	16	11	0	0.001
USC00414775	2004	1	16	16	0	0.031
USC00414775	2004	1	16	17	0	0.016
USC00414775	2004	1	17	9	0	0.029
USC00414775	2004	1	17	12	0	0.051
USC00414775	2004	1	24	5	0	0.004
USC00414775	2004	2	13	16	0	0.100
USC00414775	2004	2	23	21	0	0.100
USC00414775	2004	2	23	22	0	0.200
USC00414775	2004	2	23	23	0	0.100
USC00414775	2004	2	24	3	0	0.100
USC00414775	2004	2	24	4	0	0.100
USC00414775	2004	2	24	5	0	0.100
USC00414775	2004	2	24	14	0	0.100
USC00414775	2004	2	28	23	0	0.100
USC00414775	2004	2	28	24	0	0.100
USC00414775	2004	2	29	4	0	0.100
USC00414775	2004	3	2	11	0	0.004
USC00414775	2004	3	3	22	0	0.001
USC00414775	2004	3	4	4	0	0.005
USC00414775	2004	3	4	9	0	0.026
USC00414775	2004	3	4	10	0	0.013
USC00414775	2004	3	11	11	0	0.009
USC00414775	2004	3	11	12	0	0.025
USC00414775	2004	3	11	13	0	0.028
USC00414775	2004	3	11	14	0	0.007
USC00414775	2004	3	11	15	0	0.028
USC00414775	2004	3	11	16	0	0.094
USC00414775	2004	3	11	17	0	0.015
USC00414775	2004	3	11	23	0	0.011
USC00414775	2004	3	12	1	0	0.015
USC00414775	2004	3	12	3	0	0.04
USC00414775	2004	3	12	5	0	0.015
USC00414775	2004	3	12	6	0	0.089
USC00414775	2004	3	12	7	0	0.006
USC00414775	2004	3	12	8	0	0.006
USC00414775	2004	3	12	9	0	0.019
USC00414775	2004	3	12	10	0	0.024
USC00414775	2004	3	12	11	0	0.008
USC00414775	2004	3	12	12	0	0.001
USC00414775	2004	3	12	14	0	0.011
USC00414775	2004	3	12	15	0	0.126
USC00414775	2004	3	12	16	0	0.556
USC00414775	2004	3	12	17	0	0.027
USC00414775	2004	3	12	21	0	0.001
USC00414775	2004	3	17	5	0	0.009
USC00414775	2004	3	20	17	0	0.002
USC00414775	2004	3	20	18	0	0.064
USC00414775	2004	3	20	19	0	0.005
USC00414775	2004	3	20	20	0	0.001
USC00414775	2004	3	20	21	0	0.001
USC00414775	2004	3	20	22	0	0.001
USC00414775	2004	3	20	23	0	0.328
USC00414775	2004	3	20	24	0	0.103
USC00414775	2004	3	21	1	0	0.006
USC00414775	2004	3	21	8	0	0.037
USC00414775	2004	3	21	9	0	0.036
USC00414775	2004	3	21	10	0	0.06
USC00414775	2004	3	21	11	0	0.033
USC00414775	2004	3	21	12	0	0.007
USC00414775	2004	4	1	17	0	0.003
USC00414775	2004	4	1	18	0	0.029
USC00414775	2004	4	1	19	0	0.004
USC00414775	2004	4	2	5	0	0.009
USC00414775	2004	4	2	14	0	0.001
USC00414775	2004	4	2	15	0	0.083
USC00414775	2004	4	3	9	0	0.002
USC00414775	2004	4	3	15	0	0.003
USC00414775	2004	4	3	20	0	0.006
USC00414775	2004	4	3	21	0	0.021
USC00414775	2004	4	3	22	0	0.03
USC00414775	2004	4	4	1	0	0.009
USC00414775	2004	4	4	3	0	0.003
USC00414775	2004	4	4	4	0	0.026
USC00414775	2004	4	4	5	0	0.004
USC00414775	2004	4	4	6	0	0.061
USC00414775	2004	4	4	7	0	0.031
USC00414775	2004	4	4	8	0	0.104
USC00414775	2004	4	4	9	0	0.255
USC00414775	2004	4	4	10	0	0.472
USC00414775	2004	4	4	11	0	0.217
USC00414775	2004	4	4	12	0	0.167
USC00414775	2004	4	4	13	0	0.055
USC00414775	2004	4	4	14	0	0.002
USC00414775	2004	4	5	6	0	0.03
USC00414775	2004	4	5	10	0	0.005
USC00414775	2004	4	5	11	0	0.009
USC00414775	2004	4	5	17	0	0.003
USC00414775	2004	4	5	19	0	0.008
USC00414775	2004	4	5	24	0	0.005
USC00414775	2004	4	11	6	0	0.04
USC00414775	2004	4	11	8	0	0.013
USC00414775	2004	6	17	24	0	0.100
USC00414775	2004	6	18	11	0	0.100
USC00414775	2004	6	24	15	0	0.300
USC00414775	2004	6	24	16	0	0.600
USC00414775	2004	6	24	20	0	0.100
USC00414775	2004	6	28	11	0	0.100
USC00414775	2004	7	6	18	0	0.02
USC00414775	2004	7	6	19	0	0.061
USC00414775	2004	7	7	10	0	0.100
USC00414775	2004	7	21	4	0	0.100
USC00414775	2004	7	21	5	0	0.100
USC00414775	2004	7	22	12	0	0.100
USC00414775	2004	7	23	21	0	0.100
USC00414775	2004	7	24	22	0	0.200
USC00414775	2004	7	25	6	0	0.400
USC00414775	2004	7	25	7	0	0.400
USC00414775	2004	7	25	8	0	0.500
USC00414775	2004	7	25	9	0	0.100
USC00414775	2004	7	25	11	0	0.100
USC00414775	2004	7	25	15	0	0.100
USC00414775	2004	7	26	8	0	0.100
USC00414775	2004	7	26	10	0	0.100
USC00414775	2004	7	26	11	0	0.100
USC00414775	2004	7	26	12	0	0.100
USC00414775	2004	7	26	14	0	0.100
USC00414775	2004	7	27	9	0	0.100
USC00414775	2004	8	12	5	0	0.100
USC00414775	2004	8	13	2	0	0.100
USC00414775	2004	8	15	18	0	0.100
USC00414775	2004	8	30	2	0	0.100
USC00414775	2004	8	30	19	0	0.200
USC00414775	2004	8	30	20	0	0.700
USC00414775	2004	8	30	21	0	0.400
USC00414775	2004	9	1	2	0	0.100
USC00414775	2004	9	1	15	0	0.100
USC00414775	2004	9	19	24	0	0.100
USC00414775	2004	9	25	8	0	1.000
USC00414775	2004	9	25	9	0	0.100
USC00414775	2004	9	25	10	0	0.100
USC00414775	2004	9	26	4	0	0.200
USC00414775	2004	9	26	5	0	0.400
USC00414775	2004	9	26	6	0	0.100
USC00414775	2004	9	26	9	0	0.100
USC00414775	2004	9	26	11	0	0.100
USC00414775	2004	9	26	14	0	0.100
USC00414775	2004	9	26	15	0	0.100
USC00414775	2004	9	26	16	0	0.200
USC00414775	2004	9	26	18	0	0.300
USC00414775	2004	9	26	19	0	0.200
USC00414775	2004	9	28	5	0	0.100
USC00414775	2004	9	30	2	0	0.600
USC00414775	2004	9	30	9	0	0.100
USC00414775	2004	10	3	12	0	0.100
USC00414775	2004	10	5	23	0	0.100
USC00414775	2004	10	5	24	0	0.500
USC00414775	2004	10	6	1	0	0.700
USC00414775	2004	10	6	4	0	0.100
USC00414775	2004	10	7	2	0	0.600
USC00414775	2004	10	7	3	0	0.100
USC00414775	2004	10	7	11	0	0.100
USC00414775	2004	10	9	20	0	0.100
USC00414775	2004	10	11	14	0	0.100
USC00414775	2004	10	14	1	0	0.100
USC00414775	2004	10	22	7	0	0.100
USC00414775	2004	10	22	9	0	0.100
USC00414775	2004	10	27	10	0	0.100
USC00414775	2004	11	1	17	0	0.200
USC00414775	2004	11	1	22	0	0.200
USC00414775	2004	11	1	23	0	0.100
USC00414775	2004	11	1	24	0	0.200
USC00414775	2004	11	2	2	0	0.100
USC00414775	2004	11	2	3	0	0.100
USC00414775	2004	11	13	5	0	0.100
USC00414775	2004	11	13	8	0	0.100
USC00414775	2004	11	13	10	0	0.100
USC00414775	2004	11	14	6	0	0.100
USC00414775	2004	11	14	11	0	0.100
USC00414775	2004	11	14	18	0	0.100
USC00414775	2004	11	14	23	0	0.300
USC00414775	2004	11	14	24	0	0.100
USC00414775	2004	11	15	1	0	0.100
USC00414775	2004	11	15	3	0	0.100
USC00414775	2004	11	15	4	0	0.100
USC00414775	2004	11	15	5	0	0.100
USC00414775	2004	11	15	6	0	0.100
USC00414775	2004	11	15	10	0	0.100
USC00414775	2004	11	15	11	0	0.100
USC00414775	2004	11	15	14	0	0.100
USC00414775	2004	11	15	19	0	0.100
USC00414775	2004	11	15	21	0	0.100
USC00414775	2004	11	15	22	0	0.300
USC00414775	2004	11	15	24	0	0.100
USC00414775	2004	11	16	1	0	0.200
USC00414775	2004	11	16	2	0	0.300
USC00414775	2004	11	16	3	0	0.100
USC00414775	2004	11	16	8	0	0.100
USC00414775	2004	11	16	13	0	0.100
USC00414775	2004	11	22	1	0	0.100
USC00414775	2004	11	22	23	0	0.100
USC00414775	2004	11	22	24	0	0.100
USC00414775	2004	12	5	11	0	0.100
USC00414775	2004	12	6	9	0	0.100
USC00414775	2004	12	21	24	0	0.001
USC00414775	2004	12	22	1	0	0.026
USC00414775	2004	12	22	6	0	0.011
USC00414775	2004	12	23	20	0	0.05
USC00414775	2005	1	2	5	0	0.006
USC00414775	2005	1	2	24	0	0.007
USC00414775	2005	1	3	7	0	0.004
USC00414775	2005	1	4	3	0	0.004
USC00414775	2005	1	27	2	0	0.100
USC00414775	2005	1	27	18	0	0.100
USC00414775	2005	2	1	6	0	0.100
USC00414775	2005	2	1	8	0	0.100
USC00414775	2005	2	1	10	0	0.100
USC00414775	2005	2	1	12	0	0.100
USC00414775	2005	2	3	11	0	0.100
USC00414775	2005	2	5	18	0	0.100
USC00414775	2005	2	5	19	0	0.100
USC00414775	2005	2	5	20	0	0.100
USC00414775	2005	2	5	21	0	0.100
USC00414775	2005	2	5	22	0	0.200
USC00414775	2005	2	5	23	0	0.100
USC00414775	2005	2	5	24	0	0.100
USC00414775	2005	2	11	3	0	0.100
USC00414775	2005	2	12	11	0	0.100
USC00414775	2005	2	24	7	0	0.100
USC00414775	2005	2	25	3	0	0.100
USC00414775	2005	2	25	6	0	0.100
USC00414775	2005	2	25	9	0	0.100
USC00414775	2005	3	5	10	0	0.200
USC00414775	2005	3	5	11	0	0.100
USC00414775	2005	3	6	21	0	0.800
USC00414775	2005	3	6	22	0	0.100
USC00414775	2005	3	15	16	0	0.100
USC00414775	2005	3	26	17	0	0.100
USC00414775	2005	3	26	18	0	0.100
USC00414775	2005	3	29	12	0	0.100
USC00414775	2005	5	6	7	0	0.100
USC00414775	2005	5	6	23	0	0.200
USC00414775	2005	5	10	19	0	0.200
USC00414775	2005	5	11	12	0	0.100
USC00414775	2005	5	15	9	0	0.100
USC00414775	2005	5	15	11	0	0.200
USC00414775	2005	5	15	13	0	0.100
USC00414775	2005	5	15	15	0	0.100
USC00414775	2005	5	26	6	0	0.500
USC00414775	2005	5	26	7	0	0.200
USC00414775	2005	5	26	8	0	0.100
USC00414775	2005	5	27	19	0	0.100
USC00414775	2005	5	28	8	0	0.100
USC00414775	2005	5	29	14	0	0.100
USC00414775	2005	5	31	11	0	0.100
USC00414775	2005	6	2	10	0	0.900
USC00414775	2005	6	4	20	0	0.100
USC00414775	2005	7	1	8	0	0.001
USC00414775	2005	7	1	9	0	0.007
USC00414775	2005	7	9	2	0	0.300
USC00414775	2005	7	9	3	0	0.100
USC00414775	2005	7	9	5	0	0.100
USC00414775	2005	7	26	19	0	0.400
USC00414775	2005	7	26	23	0	0.100
USC00414775	2005	7	26	24	0	0.100
USC00414775	2005	7	27	1	0	0.100
USC00414775	2005	7	27	3	0	0.100
USC00414775	2005	7	27	4	0	0.200
USC00414775	2005	7	27	5	0	0.100
USC00414775	2005	8	5	18	0	0.900
USC00414775	2005	8	5	19	0	1.100
USC00414775	2005	8	5	23	0	0.100
USC00414775	2005	8	13	5	0	0.100
USC00414775	2005	8	14	12	0	0.600
USC00414775	2005	8	20	6	0	0.100
USC00414775	2005	8	20	19	0	0.100
USC00414775	2005	8	20	21	0	0.100
USC00414775	2005	8	28	5	0	0.100
USC00414775	2005	8	28	6	0	0.100
USC00414775	2005	8	29	16	0	0.100
USC00414775	2005	10	6	1	0	0.200
USC00414775	2005	10	6	3	0	0.100
USC00414775	2005	10	6	4	0	0.200
USC00414775	2005	10	6	5	0	0.500
USC00414775	2005	10	6	6	0	0.200
USC00414775	2005	10	6	7	0	0.200
USC00414775	2005	10	6	8	0	0.100
USC00414775	2005	10	6	10	0	0.100
USC00414775	2005	10	6	12	0	0.100
USC00414775	2005	10	6	22	0	0.100
USC00414775	2005	10	9	15	0	1.200
USC00414775	2005	10	9	16	0	0.100
USC00414775	2005	10	13	3	0	0.100
USC00414775	2005	10	13	4	0	0.300
USC00414775	2005	10	13	5	0	0.100
USC00414775	2005	10	13	6	0	0.100
USC00414775	2005	10	15	10	0	0.023
USC00414775	2005	10	15	11	0	0.037
USC00414775	2005	10	15	12	0	0.03
USC00414775	2005	10	15	22	0	0.003
USC00414775	2005	10	15	23	0	0.012
USC00414775	2005	10	16	4	0	0.022
USC00414775	2005	10	16	23	0	0.037
USC00414775	2005	10	17	21	0	0.001
USC00414775	2005	10	17	22	0	0.001
USC00414775	2005	10	18	3	0	0.002
USC00414775	2005	10	29	6	0	0.002
USC00414775	2005	11	10	13	0	0.005
USC00414775	2005	11	12	6	0	0.002
USC00414775	2005	12	31	15	0	0.100
USC00414775	2006	2	23	9	0	0.100
USC00414775	2006	2	23	11	0	0.100
USC00414775	2006	2	23	13	0	0.100
USC00414775	2006	2	24	2	0	0.100
USC00414775	2006	2	24	4	0	0.100
USC00414775	2006	2	24	23	0	0.200
USC00414775	2006	2	24	24	0	0.100
USC00414775	2006	3	18	20	0	0.400
USC00414775	2006	3	19	5	0	0.100
USC00414775	2006	3	19	9	0	0.100
USC00414775	2006	3	19	10	0	0.400
USC00414775	2006	3	19	11	0	0.200
USC00414775	2006	3	19	19	0	0.200
USC00414775	2006	3	28	20	0	0.300
USC00414775	2006	3	28	21	0	0.100
USC00414775	2006	3	28	23	0	0.100
USC00414775	2006	4	23	15	0	0.600
USC00414775	2006	5	31	24	0	0.100
USC00414775	2006	6	1	1	0	0.200
USC00414775	2006	6	1	7	0	0.21
USC00414775	2006	6	1	8	0	0.125
USC00414775	2006	6	1	9	0	0.093
USC00414775	2006	6	1	16	0	0.002
USC00414775	2006	6	22	20	0	0.002
USC00414775	2006	6	23	3	0	0.063
USC00414775	2006	6	23	4	0	0.026
USC00414775	2006	6	23	22	0	0.025
USC00414775	2006	6	28	14	0	0.023
USC00414775	2006	6	29	14	0	0.002
USC00414775	2006	6	29	15	0	0.001
USC00414775	2006	7	4	18	0	0.013
USC00414775	2006	7	4	19	0	0.067
USC00414775	2006	7	5	13	0	0.001
USC00414775	2006	7	5	14	0	0.007
USC00414775	2006	7	5	15	0	0.002
USC00414775	2006	7	5	16	0	0.002
USC00414775	2006	7	5	17	0	0.004
USC00414775	2006	7	5	18	0	0.001
USC00414775	2006	7	6	13	0	0.005
USC00414775	2006	7	30	17	0	0.300
USC00414775	2006	8	1	16	0	0.027
USC00414775	2006	8	1	17	0	0.291
USC00414775	2006	8	1	18	0	0.008
USC00414775	2006	8	1	19	0	0.014
USC00414775	2006	8	1	20	0	0.002
USC00414775	2006	8	1	22	0	0.004
USC00414775	2006	8	1	23	0	0.001
USC00414775	2006	8	1	24	0	0.007
USC00414775	2006	8	2	1	0	0.006
USC00414775	2006	8	2	12	0	0.027
USC00414775	2006	8	3	12	0	0.131
USC00414775	2006	8	3	13	0	0.097
USC00414775	2006	8	4	4	0	0.001
USC00414775	2006	8	7	17	0	0.036
USC00414775	2006	8	11	16	0	0.001
USC00414775	2006	8	11	17	0	0.011
USC00414775	2006	8	11	18	0	0.04
USC00414775	2006	8	11	19	0	0.015
USC00414775	2006	8	11	20	0	0.023
USC00414775	2006	8	11	21	0	0.014
USC00414775	2006	8	12	13	0	0.009
USC00414775	2006	8	13	17	0	0.012
USC00414775	2006	8	13	18	0	0.029
USC00414775	2006	8	13	19	0	0.001
USC00414775	2006	8	13	20	0	0.072
USC00414775	2006	8	13	21	0	0.119
USC00414775	2006	8	13	22	0	0.012
USC00414775	2006	8	13	23	0	0.021
USC00414775	2006	8	13	24	0	0.009
USC00414775	2006	8	14	24	0	0.011
USC00414775	2006	8	15	1	0	0.068
USC00414775	2006	8	15	2	0	0.048
USC00414775	2006	8	15	3	0	0.002
USC00414775	2006	8	15	4	0	0.126
USC00414775	2006	8	15	5	0	0.178
USC00414775	2006	8	15	6	0	0.005
USC00414775	2006	8	15	18	0	0.073
USC00414775	2006	8	15	19	0	0.035
USC00414775	2006	8	15	21	0	0.023
USC00414775	2006	8	16	14	0	0.017
USC00414775	2006	8	16	15	0	0.001
USC00414775	2006	8	16	20	0	0.025
USC00414775	2006	8	16	21	0	0.013
USC00414775	2006	8	16	22	0	0.022
USC00414775	2006	8	17	4	0	0.006
USC00414775	2006	8	17	23	0	0.053
USC00414775	2006	8	19	14	0	0.001
USC00414775	2006	8	19	15	0	0.019
USC00414775	2006	8	19	16	0	0.066
USC00414775	2006	8	21	22	0	0.006
USC00414775	2006	8	21	23	0	0.006
USC00414775	2006	8	21	24	0	0.065
USC00414775	2006	8	22	1	0	0.091
USC00414775	2006	8	22	5	0	0.069
USC00414775	2006	8	22	14	0	0.001
USC00414775	2006	8	22	15	0	0.002
USC00414775	2006	8	22	16	0	0.001
USC00414775	2006	8	22	17	0	0.005
USC00414775	2006	8	22	18	0	0.006
USC00414775	2006	8	22	24	0	0.005
USC00414775	2006	8	23	1	0	0.002
USC00414775	2006	8	23	2	0	0.001
USC00414775	2006	8	25	16	0	0.007
USC00414775	2006	8	25	17	0	0.528
USC00414775	2006	8	25	18	0	0.028
USC00414775	2006	8	25	19	0	0.017
USC00414775	2006	8	25	22	0	0.006
USC00414775	2006	8	26	1	0	0.001
USC00414775	2006	8	26	22	0	0.014
USC00414775	2006	8	27	5	0	0.006
USC00414775	2006	8	27	6	0	0.018
USC00414775	2006	8	27	18	0	0.04
USC00414775	2006	8	27	19	0	0.418
USC00414775	2006	8	27	20	0	0.412
USC00414775	2006	8	27	21	0	0.048
USC00414775	2006	8	27	22	0	0.083
USC00414775	2006	8	27	23	0	0.094
USC00414775	2006	8	28	15	0	0.049
USC00414775	2006	8	28	16	0	0.152
USC00414775	2006	8	28	17	0	0.112
USC00414775	2006	8	29	1	0	0.005
USC00414775	2006	8	29	7	0	0.002
USC00414775	2006	8	29	13	0	0.005
USC00414775	2006	8	29	14	0	0.01
USC00414775	2006	8	29	15	0	0.025
USC00414775	2006	8	29	16	0	0.333
USC00414775	2006	8	29	17	0	0.004
USC00414775	2006	8	31	16	0	0.022
USC00414775	2006	8	31	17	0	0.429
USC00414775	2006	8	31	18	0	0.004
USC00414775	2006	8	31	19	0	0.033
USC00414775	2006	9	1	8	0	0.004
USC00414775	2006	9	1	21	0	0.012
USC00414775	2006	9	2	10	0	0.001
USC00414775	2006	9	2	11	0	0.003
USC00414775	2006	9	2	14	0	0.001
USC00414775	2006	9	2	15	0	0.01
USC00414775	2006	9	2	16	0	0.016
USC00414775	2006	9	2	17	0	0.012
USC00414775	2006	9	2	18	0	0.274
USC00414775	2006	9	2	19	0	0.091
USC00414775	2006	9	2	20	0	0.004
USC00414775	2006	9	2	21	0	0.005
USC00414775	2006	9	2	22	0	0.018
USC00414775	2006	9	2	23	0	0.005
USC00414775	2006	9	2	24	0	0.005
USC00414775	2006	9	3	1	0	0.029
USC00414775	2006	9	3	2	0	0.009
USC00414775	2006	9	3	3	0	0.029
USC00414775	2006	9	3	4	0	0.007
USC00414775	2006	9	3	6	0	0.003
USC00414775	2006	9	3	7	0	0.035
USC00414775	2006	9	3	8	0	0.053
USC00414775	2006	9	3	9	0	0.042
USC00414775	2006	9	3	10	0	0.015
USC00414775	2006	9	3	15	0	0.018
USC00414775	2006	9	3	16	0	0.055
USC00414775	2006	9	3	17	0	0.007
USC00414775	2006	9	3	18	0	0.036
USC00414775	2006	9	3	20	0	0.053
USC00414775	2006	9	3	21	0	0.112
USC00414775	2006	9	3	22	0	0.061
USC00414775	2006	9	3	23	0	0.026
USC00414775	2006	9	3	24	0	0.015
USC00414775	2006	9	4	2	0	0.002
USC00414775	2006	9	4	4	0	0.033
USC00414775	2006	9	4	5	0	0.019
USC00414775	2006	9	4	6	0	0.009
USC00414775	2006	9	4	7	0	0.012
USC00414775	2006	9	4	10	0	0.016
USC00414775	2006	9	4	11	0	0.218
USC00414775	2006	9	4	12	0	0.047
USC00414775	2006	9	4	13	0	0.108
USC00414775	2006	9	4	14	0	0.048
USC00414775	2006	9	4	15	0	0.091
USC00414775	2006	9	4	16	0	0.049
USC00414775	2006	9	4	17	0	0.022
USC00414775	2006	9	4	20	0	0.014
USC00414775	2006	9	4	21	0	0.014
USC00414775	2006	9	4	24	0	0.012
USC00414775	2006	9	5	2	0	0.002
USC00414775	2006	9	5	3	0	0.006
USC00414775	2006	9	5	4	0	0.001
USC00414775	2006	9	5	23	0	0.012
USC00414775	2006	9	12	11	0	0.001
USC00414775	2006	9	12	12	0	0.001
USC00414775	2006	9	14	9	0	0.043
USC00414775	2006	9	14	10	0	0.045
USC00414775	2006	9	14	11	0	0.006
USC00414775	2006	9	14	12	0	0.141
USC00414775	2006	9	14	17	0	0.067
USC00414775	2006	9	14	18	0	0.008
USC00414775	2006	9	16	17	0	0.008
USC00414775	2006	9	17	2	0	0.003
USC00414775	2006	9	17	3	0	0.044
USC00414775	2006	9	17	4	0	0.039
USC00414775	2006	9	17	5	0	0.008
USC00414775	2006	9	17	6	0	0.004
USC00414775	2006	9	20	22	0	0.011
USC00414775	2006	9	24	9	0	0.002
USC00414775	2006	10	9	21	0	0.476
USC00414775	2006	10	9	22	0	0.027
USC00414775	2006	10	10	2	0	0.005
USC00414775	2006	10	10	22	0	0.023
USC00414775	2006	10	10	23	0	0.004
USC00414775	2006	10	11	3	0	0.087
USC00414775	2006	10	11	5	0	0.001
USC00414775	2006	10	13	15	0	0.001
USC00414775	2006	10	13	16	0	0.002
USC00414775	2006	10	14	17	0	0.007
USC00414775	2006	10	14	19	0	0.141
USC00414775	2006	10	14	20	0	0.002
USC00414775	2006	10	14	21	0	0.168
USC00414775	2006	10	14	22	0	0.033
USC00414775	2006	10	14	23	0	0.003
USC00414775	2006	10	14	24	0	0.024
USC00414775	2006	10	15	1	0	0.044
USC00414775	2006	10	15	2	0	0.024
USC00414775	2006	10	15	3	0	0.025
USC00414775	2006	10	15	17	0	0.002
USC00414775	2006	10	15	18	0	0.502
USC00414775	2006	10	15	19	0	0.04
USC00414775	2006	10	15	20	0	0.002
USC00414775	2006	10	15	22	0	0.085
USC00414775	2006	10	15	23	0	0.065
USC00414775	2006	10	15	24	0	0.029
USC00414775	2006	10	16	1	0	0.001
USC00414775	2006	10	16	2	0	0.006
USC00414775	2006	10	16	7	0	0.103
USC00414775	2006	10	18	22	0	0.048
USC00414775	2006	10	24	17	0	0.001
USC00414775	2006	10	24	18	0	0.002
USC00414775	2006	11	29	4	0	0.011
USC00414775	2006	12	18	23	0	0.014
USC00414775	2006	12	19	7	0	0.007
USC00414775	2006	12	19	15	0	0.007
USC00414775	2006	12	19	21	0	0.008
USC00414775	2006	12	19	22	0	0.148
USC00414775	2006	12	19	23	0	0.167
USC00414775	2006	12	19	24	0	0.035
USC00414775	2006	12	20	9	0	0.006
USC00414775	2006	12	23	11	0	0.007
USC00414775	2006	12	23	12	0	0.015
USC00414775	2006	12	23	13	0	0.033
USC00414775	2006	12	23	14	0	0.036
USC00414775	2006	12	23	15	0	0.021
USC00414775	2006	12	28	19	0	0.03
USC00414775	2006	12	28	20	0	0.056
USC00414775	2006	12	28	21	0	0.055
USC00414775	2006	12	28	22	0	0.006
USC00414775	2006	12	28	23	0	0.012
USC00414775	2006	12	28	24	0	0.038
USC00414775	2006	12	29	1	0	0.065
USC00414775	2006	12	29	2	0	0.003
USC00414775	2006	12	29	3	0	0.101
USC00414775	2006	12	29	4	0	0.041
USC00414775	2006	12	29	5	0	0.042
USC00414775	2006	12	29	6	0	0.12
USC00414775	2006	12	29	7	0	0.138
USC00414775	2006	12	29	8	0	0.021
USC00414775	2006	12	29	9	0	0.006
USC00414775	2006	12	29	19	0	0.006
USC00414775	2006	12	30	19	0	0.005
USC00414775	2007	1	3	11	0	0.002
USC00414775	2007	1	13	13	0	0.003
USC00414775	2007	1	14	9	0	0.017
USC00414775	2007	1	14	13	0	0.019
USC00414775	2007	1	16	19	0	0.003
USC00414775	2007	1	16	20	0	0.021
USC00414775	2007	1	16	21	0	0.024
USC00414775	2007	1	16	22	0	0.003
USC00414775	2007	1	16	23	0	0.005
USC00414775	2007	1	16	24	0	0.008
USC00414775	2007	1	17	1	0	0.012
USC00414775	2007	1	18	5	0	0.003
USC00414775	2007	1	18	6	0	0.008
USC00414775	2007	1	18	15	0	0.02
USC00414775	2007	1	18	18	0	0.087
USC00414775	2007	1	18	19	0	0.069
USC00414775	2007	1	18	20	0	0.001
USC00414775	2007	1	18	23	0	0.004
USC00414775	2007	1	18	24	0	0.004
USC00414775	2007	1	19	1	0	0.024
USC00414775	2007	1	19	2	0	0.057
USC00414775	2007	1	19	3	0	0.073
USC00414775	2007	1	19	4	0	0.156
USC00414775	2007	1	19	5	0	0.103
USC00414775	2007	1	19	6	0	0.097
USC00414775	2007	1	19	7	0	0.025
USC00414775	2007	1	19	8	0	0.013
USC00414775	2007	1	19	9	0	0.007
USC00414775	2007	1	19	12	0	0.011
USC00414775	2007	1	19	13	0	0.011
USC00414775	2007	1	19	14	0	0.013
USC00414775	2007	1	19	15	0	0.013
USC00414775	2007	1	19	16	0	0.003
USC00414775	2007	1	19	18	0	0.012
USC00414775	2007	1	19	19	0	0.015
USC00414775	2007	1	19	20	0	0.019
USC00414775	2007	1	19	21	0	0.015
USC00414775	2007	1	19	22	0	0.007
USC00414775	2007	1	19	23	0	0.003
USC00414775	2007	1	19	24	0	0.011
USC00414775	2007	1	20	1	0	0.044
USC00414775	2007	1	20	2	0	0.042
USC00414775	2007	1	20	3	0	0.05
USC00414775	2007	1	20	4	0	0.063
USC00414775	2007	1	20	5	0	0.082
USC00414775	2007	1	20	6	0	0.067
USC00414775	2007	1	20	7	0	0.027
USC00414775	2007	1	20	8	0	0.001
USC00414775	2007	1	20	9	0	0.05
USC00414775	2007	1	20	10	0	0.024
USC00414775	2007	1	20	11	0	0.021
USC00414775	2007	1	20	12	0	0.022
USC00414775	2007	1	22	3	0	0.053
USC00414775	2007	1	22	21	0	0.002
USC00414775	2007	1	22	22	0	0.008
USC00414775	2007	1	22	23	0	0.007
USC00414775	2007	1	22	24	0	0.001
USC00414775	2007	1	23	1	0	0.032
USC00414775	2007	1	23	2	0	0.03
USC00414775	2007	1	23	3	0	0.039
USC00414775	2007	1	23	4	0	0.03
USC00414775	2007	1	23	5	0	0.012
USC00414775	2007	1	23	7	0	0.044
USC00414775	2007	1	26	18	0	0.038
USC00414775	2007	1	26	19	0	0.003
USC00414775	2007	2	1	6	0	0.011
USC00414775	2007	2	1	7	0	0.003
USC00414775	2007	2	1	8	0	0.021
USC00414775	2007	2	2	5	0	0.001
USC00414775	2007	2	2	6	0	0.006
USC00414775	2007	2	2	7	0	0.007
USC00414775	2007	2	2	8	0	0.005
USC00414775	2007	2	12	1	0	0.025
USC00414775	2007	3	11	15	0	0.100
USC00414775	2007	3	11	16	0	0.100
USC00414775	2007	3	11	17	0	0.100
USC00414775	2007	3	22	1	0	0.100
USC00414775	2007	3	23	24	0	0.200
USC00414775	2007	3	25	16	0	0.400
USC00414775	2007	3	25	17	0	0.900
USC00414775	2007	3	25	18	0	1.400
USC00414775	2007	3	25	19	0	0.300
USC00414775	2007	3	25	21	0	0.300
USC00414775	2007	3	25	22	0	0.200
USC00414775	2007	3	25	23	0	0.300
USC00414775	2007	3	30	7	0	0.100
USC00414775	2007	4	6	16	0	0.100
USC00414775	2007	4	7	11	0	0.100
USC00414775	2007	4	7	12	0	0.100
USC00414775	2007	4	29	9	0	0.100
USC00414775	2007	4	29	10	0	0.200
USC00414775	2007	4	29	15	0	0.100
USC00414775	2007	4	29	18	0	0.400
USC00414775	2007	5	2	10	0	0.300
USC00414775	2007	5	2	11	0	2.000
USC00414775	2007	5	2	12	0	0.400
USC00414775	2007	5	8	1	0	0.100
USC00414775	2007	5	8	14	0	0.500
USC00414775	2007	5	8	15	0	0.200
USC00414775	2007	5	8	16	0	0.100
USC00414775	2007	5	9	14	0	0.100
USC00414775	2007	5	9	15	0	0.100
USC00414775	2007	5	15	14	0	0.100
USC00414775	2007	5	16	9	0	0.200
USC00414775	2007	5	16	12	0	0.100
USC00414775	2007	5	17	7	0	0.100
USC00414775	2007	5	18	13	0	0.100
USC00414775	2007	6	3	20	0	0.100
USC00414775	2007	6	4	24	0	0.100
USC00414775	2007	6	12	5	0	0.100
USC00414775	2007	6	17	22	0	0.200
USC00414775	2007	6	19	9	0	0.100
USC00414775	2007	6	26	24	0	0.100
USC00414775	2007	7	5	13	0	0.023
USC00414775	2007	7	5	14	0	0.045
USC00414775	2007	7	5	15	0	0.004
USC00414775	2007	7	5	16	0	0.108
USC00414775	2007	7	5	17	0	0.024
USC00414775	2007	7	5	18	0	0.045
USC00414775	2007	7	5	19	0	0.002
USC00414775	2007	7	6	11	0	0.013
USC00414775	2007	7	6	12	0	0.004
USC00414775	2007	7	6	13	0	0.03
USC00414775	2007	7	6	14	0	0.067
USC00414775	2007	7	6	15	0	0.141
USC00414775	2007	7	6	16	0	0.056
USC00414775	2007	7	6	17	0	0.008
USC00414775	2007	7	6	18	0	0.003
USC00414775	2007	7	20	21	0	0.003
USC00414775	2007	7	21	11	0	0.007
USC00414775	2007	7	21	14	0	0.001
USC00414775	2007	7	21	15	0	0.058
USC00414775	2007	7	21	16	0	1.103
USC00414775	2007	7	21	17	0	0.012
USC00414775	2007	7	21	18	0	0.012
USC00414775	2007	7	21	19	0	0.026
USC00414775	2007	7	21	20	0	0.001
USC00414775	2007	7	22	10	0	0.033
USC00414775	2007	7	22	11	0	0.001
USC00414775	2007	7	22	12	0	0.053
USC00414775	2007	7	22	13	0	0.023
USC00414775	2007	7	22	14	0	0.004
USC00414775	2007	7	27	18	0	0.001
USC00414775	2007	7	28	5	0	0.346
USC00414775	2007	7	28	6	0	0.103
USC00414775	2007	7	28	7	0	0.201
USC00414775	2007	7	28	8	0	0.078
USC00414775	2007	7	28	9	0	0.03
USC00414775	2007	7	28	14	0	0.001
USC00414775	2007	7	28	15	0	0.018
USC00414775	2007	7	28	16	0	0.003
USC00414775	2007	7	28	17	0	0.007
USC00414775	2007	7	28	18	0	0.058
USC00414775	2007	7	28	19	0	0.035
USC00414775	2007	7	29	13	0	0.001
USC00414775	2007	7	29	14	0	0.001
USC00414775	2007	7	29	18	0	0.087
USC00414775	2007	7	29	19	0	0.001
USC00414775	2007	7	29	20	0	0.001
USC00414775	2007	7	30	8	0	0.001
USC00414775	2007	7	30	16	0	0.005
USC00414775	2007	7	30	17	0	0.001
USC00414775	2007	8	1	18	0	0.001
USC00414775	2007	8	2	7	0	0.251
USC00414775	2007	8	2	8	0	0.002
USC00414775	2007	8	2	21	0	0.003
USC00414775	2007	8	2	22	0	0.033
USC00414775	2007	8	2	23	0	0.062
USC00414775	2007	8	3	2	0	0.075
USC00414775	2007	8	30	13	0	0.200
USC00414775	2007	9	9	18	0	0.100
USC00414775	2007	9	9	21	0	0.100
USC00414775	2007	9	10	4	0	0.500
USC00414775	2007	9	10	5	0	0.100
USC00414775	2007	9	10	14	0	0.100
USC00414775	2007	9	10	16	0	0.100
USC00414775	2007	9	16	22	0	0.100
USC00414775	2007	9	16	24	0	0.100
USC00414775	2007	9	20	17	0	0.200
USC00414775	2007	9	23	6	0	0.100
USC00414775	2007	11	19	11	0	0.100
USC00414775	2007	11	22	11	0	0.100
USC00414775	2007	11	22	15	0	0.100
USC00414775	2007	11	24	20	0	0.100
USC00414775	2007	11	24	21	0	0.500
USC00414775	2008	1	24	15	0	0.016
USC00414775	2008	1	26	5	0	0.012
USC00414775	2008	3	22	21	0	0.200
USC00414775	2008	3	22	22	0	0.200
USC00414775	2008	5	17	11	0	0.100
USC00414775	2008	5	24	12	0	0.100
USC00414775	2008	5	25	17	0	0.100
USC00414775	2008	5	25	19	0	0.100
USC00414775	2008	6	6	9	0	0.200
USC00414775	2008	6	21	4	0	0.100
USC00414775	2008	6	21	5	0	0.200
USC00414775	2008	6	21	6	0	0.100
USC00414775	2008	6	25	15	0	0.100
USC00414775	2008	6	25	17	0	0.100
USC00414775	2008	6	28	15	0	0.100
USC00414775	2008	6	29	9	0	0.001
USC00414775	2008	6	29	15	0	0.01
USC00414775	2008	6	29	16	0	0.028
USC00414775	2008	6	29	17	0	0.006
USC00414775	2008	6	29	20	0	0.003
USC00414775	2008	6	30	2	0	0.001
USC00414775	2008	6	30	3	0	0.003
USC00414775	2008	6	30	5	0	0.017
USC00414775	2008	6	30	6	0	0.263
USC00414775	2008	6	30	7	0	0.124
USC00414775	2008	6	30	8	0	0.21
USC00414775	2008	6	30	9	0	0.08
USC00414775	2008	6	30	10	0	0.022
USC00414775	2008	6	30	11	0	0.001
USC00414775	2008	6	30	12	0	0.003
USC00414775	2008	6	30	13	0	0.004
USC00414775	2008	7	1	7	0	0.156
USC00414775	2008	7	1	8	0	0.017
USC00414775	2008	7	1	10	0	0.017
USC00414775	2008	7	1	11	0	0.009
USC00414775	2008	7	1	12	0	0.017
USC00414775	2008	7	1	13	0	0.017
USC00414775	2008	7	12	18	0	0.100
USC00414775	2008	7	13	1	0	0.100
USC00414775	2008	7	13	2	0	0.400
USC00414775	2008	7	13	3	0	0.300
USC00414775	2008	7	15	17	0	0.100
USC00414775	2008	7	16	21	0	0.200
USC00414775	2008	7	17	16	0	0.100
USC00414775	2008	7	24	15	0	0.100
USC00414775	2008	7	25	16	0	0.100
USC00414775	2008	7	30	20	0	0.500
USC00414775	2008	7	31	7	0	0.100
USC00414775	2008	8	11	2	0	0.100
USC00414775	2008	8	11	4	0	0.100
USC00414775	2008	8	16	14	0	0.100
USC00414775	2008	8	18	7	0	0.400
USC00414775	2008	8	18	8	0	0.100
USC00414775	2008	8	30	2	0	0.200
USC00414775	2008	9	2	17	0	0.034
USC00414775	2008	9	2	18	0	0.034
USC00414775	2008	9	8	12	0	0.100
USC00414775	2008	9	8	13	0	0.600
USC00414775	2008	9	9	17	0	0.100
USC00414775	2008	9	9	20	0	0.100
USC00414775	2008	9	9	21	0	0.400
USC00414775	2008	9	9	22	0	0.200
USC00414775	2008	9	11	4	0	0.007
USC00414775	2008	9	11	5	0	0.006
USC00414775	2008	9	11	12	0	0.004
USC00414775	2008	9	11	13	0	0.009
USC00414775	2008	9	11	14	0	0.04
USC00414775	2008	9	11	15	0	0.784
USC00414775	2008	9	11	16	0	0.412
USC00414775	2008	9	11	17	0	0.023
USC00414775	2008	9	11	18	0	0.046
USC00414775	2008	9	11	19	0	0.008
USC00414775	2008	9	11	20	0	0.012
USC00414775	2008	9	11	21	0	0.026
USC00414775	2008	9	11	22	0	0.049
USC00414775	2008	9	12	1	0	0.002
USC00414775	2008	9	12	2	0	0.017
USC00414775	2008	9	13	1	0	0.002
USC00414775	2008	9	13	2	0	0.002
USC00414775	2008	9	13	3	0	0.002
USC00414775	2008	9	13	4	0	0.002
USC00414775	2008	9	13	5	0	0.002
USC00414775	2008	9	13	6	0	0.002
USC00414775	2008	9	13	19	0	0.009
USC00414775	2008	9	13	20	0	0.009
USC00414775	2008	9	13	21	0	0.009
USC00414775	2008	9	13	22	0	0.027
USC00414775	2008	9	13	23	0	0.027
USC00414775	2008	9	13	24	0	0.027
USC00414775	2008	9	14	1	0	0.006
USC00414775	2008	9	14	2	0	0.006
USC00414775	2008	9	14	3	0	0.006
USC00414775	2008	9	14	4	0	0.017
USC00414775	2008	9	14	5	0	0.017
USC00414775	2008	9	14	6	0	0.017
USC00414775	2008	9	14	7	0	0.013
USC00414775	2008	9	14	8	0	0.013
USC00414775	2008	9	14	9	0	0.013
USC00414775	2008	9	14	10	0	0.018
USC00414775	2008	9	14	11	0	0.018
USC00414775	2008	9	14	12	0	0.018
USC00414775	2008	9	14	13	0	0.003
USC00414775	2008	9	14	14	0	0.003
USC00414775	2008	9	14	15	0	0.003
USC00414775	2008	9	14	19	0	0.006
USC00414775	2008	9	14	20	0	0.006
USC00414775	2008	9	14	21	0	0.006
USC00414775	2008	9	14	22	0	0.003
USC00414775	2008	9	14	23	0	0.003
USC00414775	2008	9	14	24	0	0.003
USC00414775	2008	9	17	24	0	0.224
USC00414775	2008	10	5	17	0	0.300
USC00414775	2008	10	5	18	0	0.900
USC00414775	2008	10	5	19	0	0.100
USC00414775	2008	10	12	16	0	0.300
USC00414775	2008	10	12	17	0	0.400
USC00414775	2008	10	14	2	0	0.100
USC00414775	2008	10	14	4	0	0.100
USC00414775	2008	10	14	6	0	0.100
USC00414775	2008	10	14	13	0	0.100
USC00414775	2008	10	26	16	0	0.100
USC00414775	2009	1	5	14	0	0.011
USC00414775	2009	2	8	21	0	0.100
USC00414775	2009	4	11	18	0	0.400
USC00414775	2009	5	22	7	0	0.100
USC00414775	2009	5	22	8	0	0.100
USC00414775	2009	5	22	9	0	0.100
USC00414775	2009	5	24	6	0	0.100
USC00414775	2009	5	25	2	0	0.100
USC00414775	2009	5	28	20	0	0.100
USC00414775	2009	6	1	9	0	0.100
USC00414775	2009	6	10	7	0	0.100
USC00414775	2009	6	14	1	0	0.100
USC00414775	2009	6	15	9	0	0.100
USC00414775	2009	6	18	18	0	0.200
USC00414775	2009	6	18	19	0	0.100
USC00414775	2009	6	19	5	0	0.100
USC00414775	2009	6	19	18	0	0.100
USC00414775	2009	6	19	22	0	0.100
USC00414775	2009	6	20	2	0	0.500
USC00414775	2009	6	20	3	0	0.200
USC00414775	2009	6	20	4	0	0.100
USC00414775	2009	6	28	7	0	0.100
USC00414775	2009	6	30	14	0	0.100
USC00414775	2009	7	5	7	0	0.500
USC00414775	2009	7	5	8	0	0.600
USC00414775	2009	7	5	9	0	0.200
USC00414775	2009	7	5	10	0	0.900
USC00414775	2009	7	5	11	0	0.200
USC00414775	2009	7	5	12	0	0.100
USC00414775	2009	7	5	13	0	0.100
USC00414775	2009	7	22	9	0	0.200
USC00414775	2009	7	22	10	0	0.500
USC00414775	2009	7	22	11	0	0.100
USC00414775	2009	7	23	8	0	0.100
USC00414775	2009	7	29	1	0	0.100
USC00414775	2009	7	29	2	0	0.100
USC00414775	2009	7	31	2	0	0.600
USC00414775	2009	7	31	3	0	0.800
USC00414775	2009	7	31	4	0	0.200
USC00414775	2009	7	31	5	0	0.100
USC00414775	2009	8	2	16	0	0.100
USC00414775	2009	8	21	17	0	0.100
USC00414775	2009	8	27	19	0	0.100
USC00414775	2009	8	27	20	0	0.100
USC00414775	2009	9	9	19	0	0.100
USC00414775	2009	9	13	20	0	0.100
USC00414775	2009	9	23	13	0	0.100
USC00414775	2009	9	24	1	0	0.100
USC00414775	2009	9	27	19	0	0.100
USC00414775	2009	10	21	3	0	0.200
USC00414775	2009	10	21	4	0	0.100
USC00414775	2009	10	26	14	0	0.100
USC00414775	2009	11	30	23	0	0.100
USC00414775	2009	12	1	1	0	0.100
USC00414775	2009	12	1	3	0	0.100
USC00414775	2009	12	24	7	0	0.100
USC00414775	2009	12	29	12	0	0.100
USC00414775	2010	1	23	1	0	0.100
USC00414775	2010	1	28	1	0	0.100
USC00414775	2010	1	28	5	0	0.200
USC00414775	2010	1	28	6	0	0.100
USC00414775	2010	1	28	7	0	0.100
USC00414775	2010	1	28	8	0	0.100
USC00414775	2010	1	28	10	0	0.100
USC00414775	2010	1	30	23	0	0.100
USC00414775	2010	2	3	3	0	0.100
USC00414775	2010	2	3	5	0	0.100
USC00414775	2010	2	3	6	0	0.100
USC00414775	2010	2	3	11	0	0.700
USC00414775	2010	2	3	13	0	0.100
USC00414775	2010	2	3	16	0	0.100
USC00414775	2010	2	5	12	0	0.100
USC00414775	2010	2	11	12	0	0.100
USC00414775	2010	2	23	1	0	0.100
USC00414775	2010	2	23	7	0	0.100
USC00414775	2010	3	1	5	0	0.100
USC00414775	2010	3	1	6	0	0.100
USC00414775	2010	3	14	18	0	0.100
USC00414775	2010	3	15	11	0	0.100
USC00414775	2010	3	16	4	0	0.100
USC00414775	2010	4	12	7	0	0.100
USC00414775	2010	4	14	23	0	0.100
USC00414775	2010	4	15	11	0	0.100
USC00414775	2010	4	15	12	0	0.100
USC00414775	2010	4	15	18	0	0.100
USC00414775	2010	4	16	1	0	0.100
USC00414775	2010	5	14	5	0	0.100
USC00414775	2010	6	26	20	0	0.700
USC00414775	2010	6	26	21	0	0.700
USC00414775	2010	6	26	22	0	0.100
USC00414775	2010	6	26	23	0	0.100
USC00414775	2010	6	28	1	0	0.200
USC00414775	2010	6	28	9	0	0.100
USC00414775	2010	6	29	13	0	0.100
USC00414775	2010	6	30	12	0	0.100
USC00414775	2010	7	1	15	0	0.001
USC00414775	2010	7	1	17	0	0.024
USC00414775	2010	7	1	18	0	0.055
USC00414775	2010	7	1	19	0	0.062
USC00414775	2010	7	1	20	0	0.011
USC00414775	2010	7	1	21	0	0.013
USC00414775	2010	7	1	22	0	0.014
USC00414775	2010	7	1	23	0	0.006
USC00414775	2010	7	1	24	0	0.003
USC00414775	2010	7	2	1	0	0.006
USC00414775	2010	7	2	2	0	0.002
USC00414775	2010	7	2	4	0	0.002
USC00414775	2010	7	2	5	0	0.003
USC00414775	2010	7	2	6	0	0.003
USC00414775	2010	7	2	7	0	0.012
USC00414775	2010	7	2	8	0	0.021
USC00414775	2010	7	2	9	0	0.008
USC00414775	2010	7	2	10	0	0.023
USC00414775	2010	7	2	12	0	0.006
USC00414775	2010	7	2	13	0	0.01
USC00414775	2010	7	2	14	0	0.012
USC00414775	2010	7	2	15	0	0.01
USC00414775	2010	7	2	23	0	0.024
USC00414775	2010	7	2	24	0	0.237
USC00414775	2010	7	3	1	0	0.049
USC00414775	2010	7	3	4	0	0.004
USC00414775	2010	7	3	5	0	0.066
USC00414775	2010	7	3	6	0	0.01
USC00414775	2010	7	3	8	0	0.115
USC00414775	2010	7	3	9	0	0.177
USC00414775	2010	7	3	10	0	0.057
USC00414775	2010	7	3	11	0	0.008
USC00414775	2010	7	3	12	0	0.009
USC00414775	2010	7	3	13	0	0.001
USC00414775	2010	7	3	15	0	0.038
USC00414775	2010	7	3	16	0	0.113
USC00414775	2010	7	7	15	0	0.071
USC00414775	2010	7	7	16	0	0.062
USC00414775	2010	7	7	17	0	0.042
USC00414775	2010	7	7	18	0	0.041
USC00414775	2010	7	7	22	0	0.24
USC00414775	2010	7	7	23	0	0.038
USC00414775	2010	7	8	13	0	0.002
USC00414775	2010	7	8	14	0	0.001
USC00414775	2010	7	8	16	0	0.001
USC00414775	2010	7	8	17	0	0.03
USC00414775	2010	7	8	18	0	0.065
USC00414775	2010	7	8	19	0	0.248
USC00414775	2010	7	8	20	0	0.001
USC00414775	2010	7	8	21	0	0.109
USC00414775	2010	7	8	22	0	0.05
USC00414775	2010	7	8	23	0	0.001
USC00414775	2010	7	9	10	0	0.004
USC00414775	2010	7	9	11	0	0.059
USC00414775	2010	7	9	12	0	0.022
USC00414775	2010	7	9	13	0	0.129
USC00414775	2010	7	9	14	0	0.058
USC00414775	2010	7	9	15	0	0.156
USC00414775	2010	7	9	16	0	0.037
USC00414775	2010	7	9	22	0	0.001
USC00414775	2010	7	10	7	0	0.013
USC00414775	2010	7	12	3	0	0.046
USC00414775	2010	7	12	4	0	0.053
USC00414775	2010	7	24	19	0	0.001
USC00414775	2010	7	24	20	0	0.001
USC00414775	2010	7	24	21	0	0.01
USC00414775	2010	7	25	9	0	0.002
USC00414775	2010	7	28	19	0	0.073
USC00414775	2010	7	28	20	0	0.253
USC00414775	2010	7	28	21	0	0.037
USC00414775	2010	7	30	16	0	0.011
USC00414775	2010	7	30	17	0	0.004
USC00414775	2010	8	8	20	0	0.100
USC00414775	2010	8	8	21	0	0.100
USC00414775	2010	8	8	22	0	0.500
USC00414775	2010	8	8	23	0	0.100
USC00414775	2010	8	9	1	0	0.400
USC00414775	2010	8	9	12	0	0.100
USC00414775	2010	8	20	17	0	0.100
USC00414775	2010	8	20	18	0	0.900
USC00414775	2010	8	21	17	0	0.100
USC00414775	2010	9	3	2	0	0.500
USC00414775	2010	9	7	19	0	0.100
USC00414775	2010	9	17	7	0	0.100
USC00414775	2010	9	17	8	0	0.200
USC00414775	2010	9	23	18	0	0.100
USC00414775	2011	2	4	8	0	0.100
USC00414775	2011	4	2	12	0	0.100
USC00414775	2011	7	12	13	0	0.300
USC00414775	2011	7	22	13	0	0.100
USC00414775	2011	8	14	12	0	0.100
USC00414775	2011	9	14	22	0	0.100
USC00414775	2011	9	15	6	0	0.100
USC00414775	2011	9	15	12	0	0.100
USC00414775	2011	9	16	3	0	0.100
USC00414775	2011	9	16	4	0	0.100
USC00414775	2011	9	29	14	0	0.200
USC00414775	2011	10	28	12	0	0.100
USC00414775	2011	12	3	1	0	0.001
USC00414775	2011	12	3	2	0	0.001
USC00414775	2011	12	3	3	0	0.001
USC00414775	2011	12	3	4	0	0.007
USC00414775	2011	12	3	5	0	0.007
USC00414775	2011	12	3	6	0	0.007
USC00414775	2011	12	4	19	0	0.027
USC00414775	2011	12	4	20	0	0.027
USC00414775	2011	12	4	21	0	0.027
USC00414775	2011	12	4	22	0	0.135
USC00414775	2011	12	4	23	0	0.135
USC00414775	2011	12	4	24	0	0.135
USC00414775	2011	12	5	1	0	0.004
USC00414775	2011	12	5	2	0	0.004
USC00414775	2011	12	5	3	0	0.004
USC00414775	2011	12	5	4	0	0.009
USC00414775	2011	12	5	5	0	0.009
USC00414775	2011	12	5	6	0	0.009
USC00414775	2011	12	11	1	0	0.002
USC00414775	2011	12	11	2	0	0.002
USC00414775	2011	12	11	3	0	0.002
USC00414775	2011	12	18	23	0	0.004
USC00414775	2011	12	18	24	0	0.008
USC00414775	2011	12	19	1	0	0.002
USC00414775	2011	12	19	2	0	0.009
USC00414775	2011	12	19	4	0	0.112
USC00414775	2011	12	19	5	0	0.047
USC00414775	2011	12	19	6	0	0.082
USC00414775	2011	12	19	7	0	0.004
USC00414775	2011	12	19	8	0	0.001
USC00414775	2011	12	23	13	0	0.010
USC00414775	2011	12	23	15	0	0.010
USC00414775	2011	12	23	16	0	0.010
USC00414775	2011	12	23	17	0	0.010
USC00414775	2011	12	23	20	0	0.030
USC00414775	2011	12	23	21	0	0.020
USC00414775	2011	12	23	22	0	0.030
USC00414775	2011	12	23	23	0	0.050
USC00414775	2011	12	23	24	0	0.020
USC00414775	2011	12	24	1	0	0.020
USC00414775	2011	12	24	2	0	0.030
USC00414775	2011	12	24	3	0	0.030
USC00414775	2011	12	24	4	0	0.010
USC00414775	2011	12	24	6	0	0.030
USC00414775	2011	12	24	7	0	0.030
USC00414775	2011	12	24	8	0	0.020
USC00414775	2011	12	24	9	0	0.010
USC00414775	2011	12	24	10	0	0.010
USC00414775	2011	12	24	12	0	0.020
USC00414775	2011	12	24	13	0	0.020
USC00414775	2011	12	24	14	0	0.010
USC00414775	2011	12	24	15	0	0.020
USC00414775	2011	12	24	16	0	0.010
USC00414775	2011	12	24	18	0	0.020
USC00414775	2011	12	24	19	0	0.030
USC00414775	2011	12	24	20	0	0.010
USC00414775	2011	12	24	21	0	0.010
USC00414775	2011	12	24	22	0	0.030
USC00414775	2011	12	24	23	0	0.010
USC00414775	2012	1	9	3	0	0.020
USC00414775	2012	1	9	4	0	0.010
USC00414775	2012	1	9	5	0	0.030
USC00414775	2012	1	9	6	0	0.010
USC00414775	2012	1	9	7	0	0.040
USC00414775	2012	1	9	8	0	0.020
USC00414775	2012	1	9	9	0	0.040
USC00414775	2012	1	9	10	0	0.230
USC00414775	2012	1	9	11	0	0.030
USC00414775	2012	1	9	12	0	0.010
USC00414775	2012	1	9	14	0	0.020
USC00414775	2012	1	9	15	0	0.060
USC00414775	2012	1	9	16	0	0.040
USC00414775	2012	1	9	17	0	0.030
USC00414775	2012	1	9	18	0	0.010
USC00414775	2012	1	9	19	0	0.010
USC00414775	2012	1	10	1	0	0.010
USC00414775	2012	1	16	4	0	0.010
USC00414775	2012	1	20	2	0	0.010
USC00414775	2012	1	25	3	0	0.010
USC00414775	2012	1	25	10	0	0.020
USC00414775	2012	1	25	11	0	0.080
USC00414775	2012	1	25	12	0	0.060
USC00414775	2012	1	25	13	0	0.080
USC00414775	2012	1	25	14	0	0.100
USC00414775	2012	1	25	15	0	0.080
USC00414775	2012	1	25	16	0	0.050
USC00414775	2012	1	25	17	0	0.090
USC00414775	2012	1	25	18	0	0.010
USC00414775	2012	1	26	9	0	0.010
USC00414775	2012	1	31	4	0	0.010
USC00414775	2012	2	2	8	0	0.010
USC00414775	2012	2	2	22	0	0.010
USC00414775	2012	2	11	8	0	0.010
USC00414775	2012	2	12	10	0	0.010
USC00414775	2012	2	12	11	0	0.010
USC00414775	2012	2	12	12	0	0.010
USC00414775	2012	2	12	14	0	0.010
USC00414775	2012	2	12	16	0	0.010
USC00414775	2012	2	12	19	0	0.010
USC00414775	2012	2	12	20	0	0.020
USC00414775	2012	2	13	9	0	0.020
USC00414775	2012	2	13	10	0	0.020
USC00414775	2012	2	14	22	0	0.010
USC00414775	2012	2	18	1	0	0.010
USC00414775	2012	2	18	7	0	0.020
USC00414775	2012	2	18	8	0	0.010
USC00414775	2012	2	18	13	0	0.020
USC00414775	2012	2	19	3	0	0.010
USC00414775	2012	2	22	6	0	0.010
USC00414775	2012	2	23	5	0	0.010
USC00414775	2012	2	23	11	0	0.030
USC00414775	2012	2	23	22	0	0.010
USC00414775	2012	2	28	14	0	0.020
USC00414775	2012	2	28	15	0	0.010
USC00414775	2012	3	2	18	0	0.030
USC00414775	2012	3	2	19	0	0.030
USC00414775	2012	3	2	23	0	0.010
USC00414775	2012	3	3	18	0	0.100
USC00414775	2012	3	4	18	0	0.050
USC00414775	2012	3	5	18	0	0.050
USC00414775	2012	3	6	1	0	0.010
USC00414775	2012	3	6	18	0	0.110
USC00414775	2012	3	7	18	0	0.060
USC00414775	2012	3	7	20	0	0.010
USC00414775	2012	3	8	18	0	0.150
USC00414775	2012	3	9	18	0	0.140
USC00414775	2012	3	9	24	0	0.010
USC00414775	2012	3	10	18	0	0.090
USC00414775	2012	3	11	11	0	0.010
USC00414775	2012	3	11	21	0	0.010
USC00414775	2012	3	12	18	0	0.070
USC00414775	2012	3	13	5	0	0.010
USC00414775	2012	3	13	18	0	0.060
USC00414775	2012	3	13	24	0	0.010
USC00414775	2012	3	14	18	0	0.030
USC00414775	2012	3	15	18	0	0.040
USC00414775	2012	3	15	23	0	0.010
USC00414775	2012	3	16	18	0	0.070
USC00414775	2012	3	17	18	0	0.070
USC00414775	2012	3	18	18	0	0.080
USC00414775	2012	3	18	21	0	0.160
USC00414775	2012	3	18	22	0	0.180
USC00414775	2012	3	19	11	0	0.020
USC00414775	2012	3	19	12	0	0.030
USC00414775	2012	3	19	18	0	0.010
USC00414775	2012	3	20	18	0	0.010
USC00414775	2012	3	21	18	0	0.060
USC00414775	2012	3	21	24	0	0.010
USC00414775	2012	3	22	18	0	0.070
USC00414775	2012	3	22	19	0	0.010
USC00414775	2012	3	23	18	0	0.070
USC00414775	2012	3	24	18	0	0.020
USC00414775	2012	3	25	4	0	0.010
USC00414775	2012	3	25	18	0	0.090
USC00414775	2012	3	26	18	0	0.070
USC00414775	2012	3	27	18	0	0.050
USC00414775	2012	3	28	18	0	0.010
USC00414775	2012	4	7	24	0	0.080
USC00414775	2012	4	8	1	0	0.010
USC00414775	2012	4	9	4	0	0.010
USC00414775	2012	4	9	20	0	0.220
USC00414775	2012	4	9	21	0	0.010
USC00414775	2012	4	11	20	0	0.210
USC00414775	2012	4	11	22	0	0.160
USC00414775	2012	4	11	23	0	0.520
USC00414775	2012	4	11	24	0	0.010
USC00414775	2012	4	12	18	0	0.010
USC00414775	2012	5	7	12	0	0.003
USC00414775	2012	5	7	22	0	0.022
USC00414775	2012	5	7	23	0	0.059
USC00414775	2012	5	7	24	0	0.048
USC00414775	2012	5	8	1	0	0.037
USC00414775	2012	5	8	2	0	0.015
USC00414775	2012	5	8	3	0	0.008
USC00414775	2012	5	8	5	0	0.001
USC00414775	2012	5	8	6	0	0.006
USC00414775	2012	5	8	7	0	0.01
USC00414775	2012	5	8	8	0	0.001
USC00414775	2012	5	9	21	0	0.003
USC00414775	2012	5	9	23	0	0.032
USC00414775	2012	5	9	24	0	0.092
USC00414775	2012	5	10	1	0	0.104
USC00414775	2012	5	10	2	0	0.29
USC00414775	2012	5	10	3	0	0.282
USC00414775	2012	5	10	4	0	0.388
USC00414775	2012	5	10	5	0	0.005
USC00414775	2012	5	10	6	0	0.123
USC00414775	2012	5	10	7	0	0.086
USC00414775	2012	5	10	8	0	0.024
USC00414775	2012	5	10	9	0	0.012
USC00414775	2012	5	10	11	0	0.004
USC00414775	2012	5	10	15	0	0.001
USC00414775	2012	5	10	16	0	0.004
USC00414775	2012	5	10	19	0	0.002
USC00414775	2012	5	10	20	0	0.005
USC00414775	2012	5	13	22	0	0.05
USC00414775	2012	5	13	23	0	0.256
USC00414775	2012	5	13	24	0	0.203
USC00414775	2012	5	14	1	0	0.161
USC00414775	2012	5	14	8	0	0.001
USC00414775	2012	5	14	9	0	0.008
USC00414775	2012	5	14	11	0	0.134
USC00414775	2012	5	14	12	0	0.186
USC00414775	2012	5	14	13	0	0.038
USC00414775	2012	5	14	14	0	0.006
USC00414775	2012	5	14	15	0	0.001
USC00414775	2012	5	26	17	0	0.017
USC00414775	2012	5	26	18	0	0.078
USC00414775	2012	5	26	19	0	0.002
USC00414775	2012	5	26	20	0	0.001
USC00414775	2012	5	26	22	0	0.009
USC00414775	2012	5	26	23	0	0.05
USC00414775	2012	5	26	24	0	0.037
USC00414775	2012	6	2	21	0	0.010
USC00414775	2012	6	7	1	0	0.010
USC00414775	2012	7	8	14	0	0.020
USC00414775	2012	7	9	15	0	0.010
USC00414775	2012	7	10	3	0	0.100
USC00414775	2012	7	10	4	0	0.370
USC00414775	2012	7	10	5	0	0.180
USC00414775	2012	7	11	13	0	0.010
USC00414775	2012	7	12	1	0	0.010
USC00414775	2012	7	12	18	0	0.010
USC00414775	2012	7	23	6	0	0.020
USC00414775	2012	7	23	15	0	0.010
USC00414775	2012	7	23	19	0	0.020
USC00414775	2012	7	25	21	0	0.040
USC00414775	2012	7	25	22	0	0.180
USC00414775	2012	7	25	23	0	0.100
USC00414775	2012	7	25	24	0	0.010
USC00414775	2012	7	26	18	0	0.020
USC00414775	2012	7	27	4	0	0.030
USC00414775	2012	7	27	5	0	0.110
USC00414775	2012	7	27	7	0	0.010
USC00414775	2012	7	27	13	0	0.360
USC00414775	2012	7	27	14	0	0.080
USC00414775	2012	7	27	15	0	0.010
USC00414775	2012	7	28	20	0	0.010
USC00414775	2012	8	8	6	0	0.001
USC00414775	2012	8	13	6	0	0.001
USC00414775	2012	8	16	5	0	0.005
USC00414775	2012	8	16	6	0	0.034
USC00414775	2012	8	16	7	0	0.034
USC00414775	2012	8	16	8	0	0.007
USC00414775	2012	8	16	24	0	0.014
USC00414775	2012	8	17	1	0	0.004
USC00414775	2012	8	17	19	0	0.033
USC00414775	2012	8	17	20	0	0.004
USC00414775	2012	8	17	21	0	0.02
USC00414775	2012	8	17	22	0	0.016
USC00414775	2012	8	17	23	0	0.008
USC00414775	2012	8	17	24	0	0.105
USC00414775	2012	8	18	1	0	0.013
USC00414775	2012	8	18	2	0	0.001
USC00414775	2012	8	19	15	0	0.024
USC00414775	2012	8	23	22	0	0.002
USC00414775	2012	8	23	23	0	0.046
USC00414775	2012	8	23	24	0	0.152
USC00414775	2012	8	24	1	0	0.019
USC00414775	2012	8	24	19	0	0.001
USC00414775	2012	8	25	20	0	0.016
USC00414775	2012	8	26	17	0	0.002
USC00414775	2012	8	26	18	0	0.029
USC00414775	2012	8	26	19	0	0.007
USC00414775	2012	8	26	20	0	0.005
USC00414775	2012	8	26	21	0	0.009
USC00414775	2012	8	26	22	0	0.003
USC00414775	2012	8	26	23	0	0.002
USC00414775	2012	8	27	14	0	0.004
USC00414775	2012	8	27	15	0	0.002
USC00414775	2012	8	27	16	0	0.002
USC00414775	2012	8	27	17	0	0.016
USC00414775	2012	9	5	21	0	0.820
USC00414775	2012	9	5	22	0	1.040
USC00414775	2012	9	5	23	0	0.030
USC00414775	2012	9	5	24	0	0.040
USC00414775	2012	9	6	1	0	0.050
USC00414775	2012	9	6	2	0	0.040
USC00414775	2012	9	6	16	0	0.010
USC00414775	2012	9	12	22	0	0.190
USC00414775	2012	9	15	6	0	0.030
USC00414775	2012	9	15	7	0	0.180
USC00414775	2012	9	15	8	0	0.040
USC00414775	2012	9	15	9	0	0.040
USC00414775	2012	9	15	10	0	0.110
USC00414775	2012	9	15	11	0	0.070
USC00414775	2012	9	17	7	0	0.010
USC00414775	2012	9	20	3	0	0.010
USC00414775	2012	9	26	2	0	0.010
USC00414775	2012	9	26	16	0	0.100
USC00414775	2012	9	26	20	0	0.010
USC00414775	2012	9	27	8	0	0.010
USC00414775	2012	9	27	23	0	0.250
USC00414775	2012	9	27	24	0	0.170
USC00414775	2012	9	28	2	0	0.010
USC00414775	2012	9	28	3	0	0.010
USC00414775	2012	9	28	4	0	0.120
USC00414775	2012	9	28	5	0	0.010
USC00414775	2012	9	28	12	0	0.360
USC00414775	2012	9	28	13	0	0.220
USC00414775	2012	9	28	14	0	0.020
USC00414775	2012	9	28	15	0	0.020
USC00414775	2012	9	28	16	0	0.040
USC00414775	2012	9	28	17	0	0.060
USC00414775	2012	9	28	18	0	0.080
USC00414775	2012	9	28	19	0	0.130
USC00414775	2012	9	28	20	0	0.110
USC00414775	2012	9	28	21	0	0.100
USC00414775	2012	9	28	22	0	0.150
USC00414775	2012	9	28	23	0	0.120
USC00414775	2012	9	28	24	0	0.100
USC00414775	2012	9	29	1	0	0.200
USC00414775	2012	9	29	2	0	0.040
USC00414775	2012	9	29	4	0	0.010
USC00414775	2012	9	30	19	0	0.010
USC00414775	2012	9	30	22	0	0.350
USC00414775	2012	9	30	23	0	0.070
USC00414775	2012	10	21	24	0	0.190
USC00414775	2012	10	22	3	0	0.030
USC00414775	2012	10	23	18	0	0.010
USC00414775	2012	10	23	21	0	0.010
USC00414775	2012	10	23	23	0	0.010
USC00414775	2012	10	24	2	0	0.010
USC00414775	2012	10	24	6	0	0.010
USC00414775	2012	10	24	16	0	0.010
USC00414775	2012	10	24	20	0	0.010
USC00414775	2012	10	24	22	0	0.010
USC00414775	2012	10	25	1	0	0.010
USC00414775	2012	10	25	4	0	0.010
USC00414775	2012	10	25	20	0	0.010
USC00414775	2012	10	26	4	0	0.010
USC00414775	2012	10	26	20	0	0.010
USC00414775	2012	10	29	6	0	0.010
USC00414775	2012	10	29	19	0	0.010
USC00414775	2012	11	1	2	0	0.010
USC00414775	2012	11	1	7	0	0.010
USC00414775	2012	12	14	2	0	0.010
USC00414775	2012	12	14	6	0	0.010
USC00414775	2012	12	14	9	0	0.010
USC00414775	2012	12	14	24	0	0.010
USC00414775	2012	12	27	4	0	0.010
USC00414775	2012	12	30	4	0	0.010
USC00414775	2012	12	30	19	0	0.010
USC00414775	2012	12	30	20	0	0.020
USC00414775	2012	12	30	21	0	0.040
USC00414775	2012	12	30	22	0	0.020
USC00414775	2012	12	30	23	0	0.010
USC00414775	2012	12	30	24	0	0.010
USC00414775	2012	12	31	9	0	0.010
USC00414775	2012	12	31	23	0	0.010
USC00414775	2012	12	31	24	0	0.010
USC00414775	2013	1	2	3	0	0.010
USC00414775	2013	1	2	23	0	0.010
USC00414775	2013	1	3	9	0	0.010
USC00414775	2013	1	3	12	0	0.010
USC00414775	2013	1	3	13	0	0.020
USC00414775	2013	1	3	18	0	0.010
USC00414775	2013	1	3	20	0	0.020
USC00414775	2013	1	3	21	0	0.010
USC00414775	2013	1	3	22	0	0.020
USC00414775	2013	1	3	23	0	0.020
USC00414775	2013	1	3	24	0	0.020
USC00414775	2013	1	4	1	0	0.030
USC00414775	2013	1	4	3	0	0.010
USC00414775	2013	1	4	11	0	0.010
USC00414775	2013	1	9	3	0	0.010
USC00414775	2013	1	9	11	0	0.010
USC00414775	2013	1	9	12	0	0.040
USC00414775	2013	1	9	13	0	0.090
USC00414775	2013	1	9	14	0	0.050
USC00414775	2013	1	9	15	0	0.040
USC00414775	2013	1	9	16	0	0.060
USC00414775	2013	1	9	17	0	0.100
USC00414775	2013	1	9	18	0	0.370
USC00414775	2013	1	9	19	0	0.190
USC00414775	2013	1	9	20	0	0.010
USC00414775	2013	1	9	23	0	0.010
USC00414775	2013	1	9	24	0	0.010
USC00414775	2013	1	10	1	0	0.010
USC00414775	2013	1	10	2	0	0.010
USC00414775	2013	2	19	17	0	0.040
USC00414775	2013	2	19	18	0	0.010
USC00414775	2013	2	19	20	0	0.020
USC00414775	2013	2	20	23	0	0.010
USC00414775	2013	3	27	24	0	0.010
USC00414775	2013	3	28	6	0	0.010
USC00414775	2013	3	28	20	0	0.010
USC00414775	2013	3	28	24	0	0.010
USC00414775	2013	3	29	5	0	0.010
USC00414775	2013	3	29	19	0	0.010
USC00414775	2013	3	29	24	0	0.010
USC00414775	2013	3	30	6	0	0.010
USC00414775	2013	4	2	24	0	0.010
USC00414775	2013	4	3	21	0	0.010
USC00414775	2013	5	29	1	0	0.010
USC00414775	2013	5	29	6	0	0.010
USC00414775	2013	6	7	5	0	0.011
USC00414775	2013	6	7	6	0	0.064
USC00414775	2013	6	8	2	0	0.021
USC00414775	2013	6	16	18	0	0.001
USC00414775	2013	6	16	19	0	0.089
USC00414775	2013	6	16	20	0	0.152
USC00414775	2013	6	17	19	0	0.172
USC00414775	2013	6	17	20	0	0.011
USC00414775	2013	6	19	19	0	0.002
USC00414775	2013	6	19	20	0	0.005
USC00414775	2013	6	19	21	0	0.001
USC00414775	2013	6	20	3	0	0.001
USC00414775	2013	7	1	6	0	0.002
USC00414775	2013	7	1	9	0	0.002
USC00414775	2013	7	1	10	0	0.001
USC00414775	2013	7	1	11	0	0.003
USC00414775	2013	7	2	11	0	0.055
USC00414775	2013	7	2	12	0	0.099
USC00414775	2013	7	2	13	0	0.334
USC00414775	2013	7	2	14	0	0.006
USC00414775	2013	7	4	14	0	0.004
USC00414775	2013	7	15	3	0	0.001
USC00414775	2013	7	15	4	0	0.01
USC00414775	2013	7	15	5	0	0.028
USC00414775	2013	7	15	7	0	0.001
USC00414775	2013	7	15	8	0	0.008
USC00414775	2013	7	15	11	0	0.005
USC00414775	2013	7	15	14	0	0.007
USC00414775	2013	7	16	21	0	0.036
USC00414775	2013	7	16	22	0	0.013
USC00414775	2013	7	16	24	0	0.033
USC00414775	2013	7	17	1	0	0.068
USC00414775	2013	7	17	2	0	0.002
USC00414775	2013	7	17	3	0	0.01
USC00414775	2013	7	17	4	0	0.011
USC00414775	2013	7	17	5	0	0.019
USC00414775	2013	7	17	6	0	0.027
USC00414775	2013	7	17	7	0	0.033
USC00414775	2013	7	17	8	0	0.012
USC00414775	2013	7	17	9	0	0.017
USC00414775	2013	7	17	10	0	0.009
USC00414775	2013	7	17	11	0	0.009
USC00414775	2013	7	17	12	0	0.01
USC00414775	2013	7	17	13	0	0.044
USC00414775	2013	7	17	14	0	0.022
USC00414775	2013	7	17	15	0	0.013
USC00414775	2013	7	17	17	0	0.078
USC00414775	2013	7	17	18	0	0.015
USC00414775	2013	7	17	19	0	0.033
USC00414775	2013	7	17	20	0	0.011
USC00414775	2013	7	17	21	0	0.01
USC00414775	2013	7	17	23	0	0.019
USC00414775	2013	7	17	24	0	0.009
USC00414775	2013	7	18	1	0	0.002
USC00414775	2013	7	18	2	0	0.015
USC00414775	2013	7	18	3	0	0.012
USC00414775	2013	7	18	4	0	0.005
USC00414775	2013	7	18	5	0	0.022
USC00414775	2013	7	18	6	0	0.038
USC00414775	2013	7	18	12	0	0.01
USC00414775	2013	7	23	18	0	0.004
USC00414775	2013	7	24	13	0	0.001
USC00414775	2013	7	24	14	0	0.002
USC00414775	2013	7	24	15	0	0.148
USC00414775	2013	7	24	16	0	0.002
USC00414775	2013	7	24	17	0	0.028
USC00414775	2013	7	24	18	0	0.002
USC00414775	2013	7	26	15	0	0.008
USC00414775	2013	7	26	16	0	0.002
USC00414775	2013	7	28	19	0	0.024
USC00414775	2013	7	28	20	0	0.058
USC00414775	2013	7	28	21	0	0.02
USC00414775	2013	7	28	22	0	0.005
USC00414775	2013	7	28	23	0	0.001
USC00414775	2013	7	30	17	0	0.045
USC00414775	2013	9	2	17	0	0.210
USC00414775	2013	9	17	2	0	0.010
USC00414775	2013	9	17	3	0	0.010
USC00414775	2013	9	17	22	0	0.010
USC00414775	2013	9	20	4	0	0.010
USC00414775	2013	9	20	7	0	0.160
USC00414775	2013	9	20	8	0	0.330
USC00414775	2013	9	20	9	0	0.040
USC00414775	2013	9	20	10	0	0.040
USC00414775	2013	9	20	11	0	0.170
USC00414775	2013	9	21	3	0	0.010
USC00414775	2013	9	27	16	0	0.160
USC00414775	2013	9	27	18	0	0.020
USC00414775	2013	9	27	19	0	0.020
USC00414775	2013	9	27	24	0	0.020
USC00414775	2013	9	28	23	0	0.010
USC00414775	2013	10	13	14	0	0.020
USC00414775	2013	10	15	1	0	0.010
USC00414775	2013	10	15	9	0	0.010
USC00414775	2013	10	15	10	0	0.030
USC00414775	2013	10	15	11	0	0.010
USC00414775	2013	10	15	12	0	0.020
USC00414775	2013	10	15	14	0	0.030
USC00414775	2013	10	30	1	0	0.010
USC00414775	2013	10	30	22	0	0.030
USC00414775	2013	11	16	2	0	0.030
USC00414775	2013	11	23	10	0	0.020
USC00414775	2013	11	23	12	0	0.010
USC00414775	2013	11	23	17	0	0.010
USC00414775	2013	11	23	18	0	0.050
USC00414775	2013	11	23	19	0	0.060
USC00414775	2013	11	23	20	0	0.020
USC00414775	2013	11	23	22	0	0.010
USC00414775	2013	11	23	24	0	0.010
USC00414775	2013	11	24	2	0	0.010
USC00414775	2013	11	24	8	0	0.020
USC00414775	2013	11	24	10	0	0.010
USC00414775	2013	11	24	12	0	0.010
USC00414775	2013	11	24	13	0	0.020
USC00414775	2013	11	24	14	0	0.020
USC00414775	2013	11	24	15	0	0.010
USC00414775	2013	11	24	16	0	0.010
USC00414775	2013	11	24	17	0	0.010
USC00414775	2013	11	25	9	0	0.020
USC00414775	2013	11	25	10	0	0.070
USC00414775	2013	11	25	11	0	0.050
USC00414775	2013	11	30	24	0	0.010
USC00414775	2013	12	5	8	0	0.016
USC00414775	2013	12	5	9	0	0.05
USC00414775	2013	12	5	10	0	0.101
USC00414775	2013	12	5	11	0	0.058
USC00414775	2013	12	5	12	0	0.002
USC00414775	2013	12	5	13	0	0.026
USC00414775	2013	12	5	14	0	0.002
USC00414775	2013	12	5	15	0	0.014
USC00414775	2013	12	5	17	0	0.006
USC00414775	2013	12	5	18	0	0.003
USC00414775	2013	12	5	19	0	0.069
USC00414775	2013	12	5	20	0	0.02
USC00414775	2013	12	5	21	0	0.004
USC00414775	2013	12	5	22	0	0.003
USC00414775	2013	12	6	3	0	0.009
USC00414775	2013	12	6	4	0	0.022
USC00414775	2013	12	6	5	0	0.01
USC00414775	2013	12	12	23	0	0.004
USC00414775	2013	12	12	24	0	0.022
USC00414775	2013	12	13	1	0	0.002
USC00414775	2013	12	20	11	0	0.001
USC00414775	2013	12	20	12	0	0.007
USC00414775	2013	12	20	13	0	0.011
USC00414775	2013	12	20	14	0	0.025
USC00414775	2013	12	20	15	0	0.037
USC00414775	2013	12	20	16	0	0.296
USC00414775	2013	12	20	17	0	0.152
USC00414775	2013	12	20	18	0	0.154
USC00414775	2013	12	20	19	0	0.096
USC00414775	2013	12	20	20	0	0.071
USC00414775	2013	12	20	21	0	0.077
USC00414775	2013	12	21	2	0	0.006
USC00414775	2013	12	21	3	0	0.006
USC00414775	2013	12	21	4	0	0.078
USC00414775	2014	2	1	24	0	0.003
USC00414775	2014	2	2	1	0	0.057
USC00414775	2014	2	2	2	0	0.017
USC00414775	2014	2	2	3	0	0.01
USC00414775	2014	2	2	7	0	0.062
USC00414775	2014	2	2	8	0	0.034
USC00414775	2014	2	24	2	0	0.010
USC00414775	2014	3	1	24	0	0.010
USC00414775	2014	3	2	6	0	0.010
USC00414775	2014	3	11	4	0	0.010
USC00414775	2014	3	11	20	0	0.010
USC00414775	2014	3	25	4	0	0.010
USC00414775	2014	3	25	21	0	0.040
USC00414775	2014	3	25	22	0	0.040
USC00414775	2014	3	25	23	0	0.010
USC00414775	2014	3	25	24	0	0.010
USC00414775	2014	3	26	2	0	0.010
USC00414775	2014	3	26	21	0	0.010
USC00414775	2014	4	18	24	0	0.010
USC00414775	2014	4	19	18	0	0.030
USC00414775	2014	4	19	19	0	0.220
USC00414775	2014	4	19	20	0	0.460
USC00414775	2014	4	19	21	0	0.010
USC00414775	2014	4	19	22	0	0.010
USC00414775	2014	4	20	3	0	0.010
USC00414775	2014	5	21	16	0	0.610
USC00414775	2014	5	24	11	0	0.310
USC00414775	2014	5	24	12	0	0.020
USC00414775	2014	5	25	2	0	0.090
USC00414775	2014	6	8	21	0	0.010
USC00414775	2014	6	17	18	0	0.030
USC00414775	2014	6	17	19	0	0.100
USC00414775	2014	6	22	2	0	0.010
USC00414775	2014	6	22	17	0	0.010
USC00414775	2014	6	23	4	0	0.010
USC00414775	2014	6	24	1	0	0.050
USC00414775	2014	6	25	2	0	0.010
USC00414775	2014	6	25	13	0	0.100
USC00414775	2014	7	15	1	0	0.010
USC00414775	2014	7	20	4	0	0.270
USC00414775	2014	7	23	17	0	0.010
USC00414775	2014	7	23	20	0	0.010
USC00414775	2014	7	30	16	0	0.010
USC00414775	2014	7	30	18	0	0.010
USC00414775	2014	7	30	19	0	0.020
USC00414775	2014	8	1	8	0	0.010
USC00414775	2014	8	10	15	0	0.010
USC00414775	2014	8	10	18	0	0.020
USC00414775	2014	8	17	15	0	0.010
USC00414775	2014	8	17	16	0	0.480
USC00414775	2014	8	17	17	0	0.530
USC00414775	2014	8	23	2	0	0.020
USC00414775	2014	9	6	5	0	0.010
USC00414775	2014	9	6	6	0	0.550
USC00414775	2014	9	6	7	0	0.940
USC00414775	2014	9	6	8	0	0.240
USC00414775	2014	9	6	9	0	0.140
USC00414775	2014	9	6	10	0	0.240
USC00414775	2014	9	6	11	0	0.130
USC00414775	2014	9	6	12	0	0.050
USC00414775	2014	9	6	13	0	0.010
USC00414775	2014	9	8	12	0	0.080
USC00414775	2014	9	12	3	0	0.001
USC00414775	2014	9	12	4	0	0.135
USC00414775	2014	9	12	13	0	0.006
USC00414775	2014	9	12	14	0	0.01
USC00414775	2014	9	12	22	0	0.056
USC00414775	2014	9	12	23	0	0.148
USC00414775	2014	9	18	5	0	0.010
USC00414775	2014	9	18	9	0	0.020
USC00414775	2014	9	18	15	0	0.220
USC00414775	2014	9	18	24	0	0.001
USC00414775	2014	9	19	1	0	0.01
USC00414775	2014	9	19	2	0	0.139
USC00414775	2014	9	19	3	0	0.464
USC00414775	2014	9	19	4	0	0.853
USC00414775	2014	9	19	5	0	0.145
USC00414775	2014	9	19	6	0	0.642
USC00414775	2014	9	19	7	0	0.236
USC00414775	2014	9	19	8	0	0.529
USC00414775	2014	9	19	9	0	0.32
USC00414775	2014	9	19	10	0	0.064
USC00414775	2014	9	19	11	0	0.013
USC00414775	2014	9	19	21	0	0.002
USC00414775	2014	9	19	22	0	0.022
USC00414775	2014	9	19	23	0	0.003
USC00414775	2014	9	19	24	0	0.030
USC00414775	2014	9	20	1	0	0.020
USC00414775	2014	9	21	1	0	0.019
USC00414775	2014	9	21	13	0	0.004
USC00414775	2014	9	21	14	0	0.008
USC00414775	2014	9	21	15	0	0.007
USC00414775	2014	9	21	16	0	0.002
USC00414775	2014	9	21	21	0	0.004
USC00414775	2014	9	21	22	0	0.029
USC00414775	2014	9	21	23	0	0.051
USC00414775	2014	9	26	16	0	0.080
USC00414775	2014	9	26	17	0	0.020
USC00414775	2014	9	26	18	0	0.010
USC00414775	2014	10	20	15	0	0.010
USC00414775	2014	10	20	16	0	0.020
USC00414775	2014	10	20	18	0	0.010
USC00414775	2014	10	21	18	0	0.080
USC00414775	2014	10	21	19	0	0.010
USC00414775	2014	10	22	17	0	0.010
USC00414775	2014	10	22	23	0	0.010
USC00414775	2014	10	23	6	0	0.010
USC00414775	2014	10	23	18	0	0.010
USC00414775	2014	11	4	6	0	0.100
USC00414775	2014	11	4	8	0	0.160
USC00414775	2014	11	4	9	0	0.470
USC00414775	2014	11	4	10	0	0.060
USC00414775	2014	11	4	14	0	0.050
USC00414775	2014	11	4	15	0	0.020
USC00414775	2014	11	4	16	0	0.030
USC00414775	2014	11	9	6	0	0.010
USC00414775	2014	11	9	21	0	0.010
USC00414775	2014	11	11	6	0	0.010
USC00414775	2014	11	11	18	0	0.010
USC00414775	2014	11	22	7	0	0.030
USC00414775	2014	11	22	23	0	0.010
USC00414775	2014	11	23	20	0	0.010
USC00414775	2014	12	7	3	0	0.010
USC00414775	2014	12	7	9	0	0.010
USC00414775	2014	12	7	10	0	0.020
USC00414775	2014	12	8	7	0	0.010
USC00414775	2014	12	11	10	0	0.010
USC00414775	2014	12	11	23	0	0.010
USC00414775	2014	12	12	7	0	0.010
USC00414775	2014	12	12	21	0	0.010
USC00414775	2014	12	15	5	0	0.010
USC00414775	2014	12	18	24	0	0.010
USC00414775	2014	12	19	21	0	0.010
USC00414775	2014	12	22	24	0	0.030
USC00414775	2014	12	23	5	0	0.020
USC00414775	2014	12	23	6	0	0.020
USC00414775	2014	12	23	7	0	0.020
USC00414775	2014	12	23	8	0	0.030
USC00414775	2014	12	23	9	0	0.020
USC00414775	2014	12	23	10	0	0.030
USC00414775	2014	12	24	3	0	0.010
USC00414775	2014	12	27	6	0	0.010
USC00414775	2014	12	27	8	0	0.020
USC00414775	2014	12	27	9	0	0.100
USC00414775	2014	12	27	10	0	0.030
USC00414775	2014	12	27	12	0	0.010
USC00414775	2014	12	27	14	0	0.010
USC00414775	2014	12	30	11	0	0.010
USC00414775	2014	12	30	16	0	0.010
USC00414775	2014	12	30	17	0	0.010
USC00414775	2015	1	2	7	0	0.080
USC00414775	2015	1	2	8	0	0.120
USC00414775	2015	1	2	9	0	0.010
USC00414775	2015	1	2	10	0	0.050
USC00414775	2015	1	2	11	0	0.180
USC00414775	2015	1	2	12	0	0.180
USC00414775	2015	1	2	13	0	0.060
USC00414775	2015	1	2	14	0	0.010
USC00414775	2015	1	2	15	0	0.010
USC00414775	2015	1	2	17	0	0.010
USC00414775	2015	1	2	18	0	0.010
USC00414775	2015	1	2	20	0	0.010
USC00414775	2015	1	2	21	0	0.040
USC00414775	2015	1	3	11	0	0.070
USC00414775	2015	1	10	8	0	0.010
USC00414775	2015	1	10	10	0	0.010
USC00414775	2015	1	10	11	0	0.040
USC00414775	2015	1	10	12	0	0.010
USC00414775	2015	1	10	13	0	0.010
USC00414775	2015	1	22	8	0	0.010
USC00414775	2015	1	22	16	0	0.010
USC00414775	2015	1	22	17	0	0.020
USC00414775	2015	1	22	18	0	0.020
USC00414775	2015	1	22	20	0	0.020
USC00414775	2015	1	22	24	0	0.010
USC00414775	2015	1	23	2	0	0.020
USC00414775	2015	1	23	3	0	0.010
USC00414775	2015	1	23	10	0	0.040
USC00414775	2015	1	29	8	0	0.010
USC00414775	2015	1	29	9	0	0.020
USC00414775	2015	1	29	24	0	0.010
USC00414775	2015	1	30	20	0	0.020
USC00414775	2015	1	30	22	0	0.020
USC00414775	2015	1	30	23	0	0.010
USC00414775	2015	1	30	24	0	0.050
USC00414775	2015	1	31	1	0	0.050
USC00414775	2015	1	31	2	0	0.110
USC00414775	2015	1	31	3	0	0.150
USC00414775	2015	1	31	4	0	0.140
USC00414775	2015	1	31	5	0	0.040
USC00414775	2015	2	16	22	0	0.040
USC00414775	2015	2	17	1	0	0.020
USC00414775	2015	2	22	8	0	0.010
USC00414775	2015	2	22	11	0	0.020
USC00414775	2015	2	22	12	0	0.010
USC00414775	2015	2	22	13	0	0.080
USC00414775	2015	3	4	11	0	0.010
USC00414775	2015	3	4	12	0	0.050
USC00414775	2015	3	4	13	0	0.030
USC00414775	2015	3	4	14	0	0.110
USC00414775	2015	3	4	15	0	0.150
USC00414775	2015	3	4	16	0	0.020
USC00414775	2015	3	4	17	0	0.030
USC00414775	2015	3	4	18	0	0.050
USC00414775	2015	3	13	6	0	0.010
USC00414775	2015	3	13	18	0	0.010
USC00414775	2015	3	17	9	0	0.020
USC00414775	2015	3	17	10	0	0.090
USC00414775	2015	3	17	11	0	0.130
USC00414775	2015	3	17	12	0	0.080
USC00414775	2015	3	17	13	0	0.100
USC00414775	2015	3	17	14	0	0.060
USC00414775	2015	3	17	15	0	0.070
USC00414775	2015	3	17	16	0	0.020
USC00414775	2015	3	17	19	0	0.040
USC00414775	2015	3	17	20	0	0.130
USC00414775	2015	3	17	21	0	0.080
USC00414775	2015	3	20	6	0	0.030
USC00414775	2015	3	20	7	0	0.110
USC00414775	2015	3	20	8	0	0.060
USC00414775	2015	3	21	5	0	0.010
USC00414775	2015	3	21	6	0	0.010
USC00414775	2015	3	21	8	0	0.010
USC00414775	2015	3	21	9	0	0.020
USC00414775	2015	3	21	10	0	0.010
USC00414775	2015	3	22	6	0	0.010
USC00414775	2015	3	25	6	0	0.010
USC00414775	2015	3	29	6	0	0.010
USC00414775	2015	3	31	6	0	0.010
USC00414775	2015	4	2	6	0	0.010
USC00414775	2015	4	7	6	0	0.010
USC00414775	2015	4	7	19	0	0.010
USC00414775	2015	4	12	17	0	0.010
USC00414775	2015	4	12	18	0	0.020
USC00414775	2015	4	13	16	0	0.020
USC00414775	2015	4	13	21	0	0.010
USC00414775	2015	5	4	6	0	0.010
USC00414775	2015	5	4	7	0	0.010
USC00414775	2015	5	4	18	0	0.010
USC00414775	2015	5	4	20	0	0.070
USC00414775	2015	5	4	21	0	0.250
USC00414775	2015	5	5	21	0	0.010
USC00414775	2015	5	11	24	0	0.990
USC00414775	2015	5	12	23	0	0.060
USC00414775	2015	5	12	24	0	0.020
USC00414775	2015	5	13	1	0	0.070
USC00414775	2015	5	13	2	0	0.080
USC00414775	2015	5	13	3	0	0.220
USC00414775	2015	5	14	15	0	0.020
USC00414775	2015	5	14	16	0	0.090
USC00414775	2015	5	14	18	0	0.090
USC00414775	2015	5	15	21	0	0.030
USC00414775	2015	5	15	22	0	0.040
USC00414775	2015	5	15	23	0	0.010
USC00414775	2015	5	21	19	0	0.010
USC00414775	2015	5	21	23	0	0.010
USC00414775	2015	5	21	24	0	0.040
USC00414775	2015	5	22	1	0	0.020
USC00414775	2015	5	22	2	0	0.010
USC00414775	2015	5	22	3	0	0.020
USC00414775	2015	5	22	4	0	0.010
USC00414775	2015	5	22	6	0	0.010
USC00414775	2015	5	23	1	0	0.030
USC00414775	2015	5	23	14	0	0.290
USC00414775	2015	5	23	17	0	0.030
USC00414775	2015	5	29	24	0	0.010
USC00414775	2015	5	30	4	0	0.620
USC00414775	2015	5	30	5	0	0.060
USC00414775	2015	5	30	6	0	0.190
USC00414775	2015	5	30	7	0	0.020
USC00414775	2015	6	14	19	0	0.320
USC00414775	2015	6	18	6	0	0.130
USC00414775	2015	6	18	7	0	0.280
USC00414775	2015	6	26	13	0	0.470
USC00414775	2015	6	26	17	0	0.050
USC00414775	2015	6	26	18	0	0.180
USC00414775	2015	6	26	20	0	0.010
USC00414775	2015	6	27	13	0	0.010
USC00414775	2015	6	28	6	0	0.010
USC00414775	2015	6	28	22	0	0.010
USC00414775	2015	6	29	21	0	0.010
USC00414775	2015	6	29	22	0	0.010
USC00414775	2015	6	29	23	0	0.010
USC00414775	2015	6	30	21	0	0.010
USC00414775	2015	7	6	23	0	0.100
USC00414775	2015	7	6	24	0	0.050
USC00414775	2015	7	8	18	0	0.010
USC00414775	2015	7	21	1	0	0.010
USC00414775	2015	7	21	16	0	0.010
USC00414775	2015	7	21	17	0	0.220
USC00414775	2015	7	21	18	0	0.190
USC00414775	2015	8	2	19	0	0.010
USC00414775	2015	8	2	20	0	0.510
USC00414775	2015	8	3	18	0	0.340
USC00414775	2015	8	3	19	0	0.280
USC00414775	2015	8	3	20	0	0.040
USC00414775	2015	8	3	21	0	0.230
USC00414775	2015	8	3	22	0	0.050
USC00414775	2015	8	4	20	0	0.010
USC00414775	2015	8	14	17	0	0.080
USC00414775	2015	8	14	18	0	0.010
USC00414775	2015	8	14	21	0	0.020
USC00414775	2015	8	14	22	0	0.010
USC00414775	2015	8	23	15	0	0.060
USC00414775	2015	8	23	16	0	0.060
USC00414775	2015	8	23	17	0	0.020
USC00414775	2015	8	23	18	0	0.020
USC00414775	2015	8	23	19	0	0.110
USC00414775	2015	8	23	20	0	0.040
USC00414775	2015	8	24	22	0	0.010
USC00414775	2015	8	28	2	0	0.010
USC00414775	2015	8	28	18	0	0.190
USC00414775	2015	8	28	19	0	0.070
USC00414775	2015	8	28	20	0	0.080
USC00414775	2015	8	28	21	0	0.020
USC00414775	2015	8	29	21	0	0.010
USC00414775	2015	9	9	6	0	0.006
USC00414775	2015	9	9	7	0	0.003
USC00414775	2015	9	9	8	0	0.001
USC00414775	2015	9	9	14	0	0.244
USC00414775	2015	9	9	15	0	0.806
USC00414775	2015	9	9	16	0	0.011
USC00414775	2015	9	9	22	0	0.007
USC00414775	2015	9	9	23	0	0.001
USC00414775	2015	9	18	18	0	0.001
USC00414775	2015	9	18	22	0	0.002
USC00414775	2015	9	19	6	0	0.003
USC00414775	2015	9	19	7	0	0.001
USC00414775	2015	9	19	15	0	0.032
USC00414775	2015	9	19	16	0	0.006
USC00414775	2015	9	19	17	0	0.022
USC00414775	2015	9	19	18	0	0.059
USC00414775	2015	9	19	19	0	0.004
USC00414775	2015	9	19	20	0	0.006
USC00414775	2015	9	19	21	0	0.002
USC00414775	2015	9	19	22	0	0.014
USC00414775	2015	9	19	23	0	0.047
USC00414775	2015	9	19	24	0	0.002
USC00414775	2015	9	20	1	0	0.006
USC00414775	2015	9	20	2	0	0.002
USC00414775	2015	9	20	3	0	0.009
USC00414775	2015	9	20	4	0	0.008
USC00414775	2015	9	20	5	0	0.011
USC00414775	2015	9	20	6	0	0.047
USC00414775	2015	9	20	7	0	0.064
USC00414775	2015	9	20	8	0	0.022
USC00414775	2015	9	20	9	0	0.016
USC00414775	2015	9	20	10	0	0.006
USC00414775	2015	9	20	21	0	0.003
USC00414775	2015	9	20	22	0	0.005
USC00414775	2015	9	20	23	0	0.003
USC00414775	2015	9	21	17	0	0.003
USC00414775	2015	9	21	18	0	0.105
USC00414775	2015	9	21	19	0	0.096
USC00414775	2015	9	21	20	0	0.047
USC00414775	2015	9	23	17	0	0.003
USC00414775	2015	9	23	18	0	0.091
USC00414775	2015	9	23	19	0	0.032
USC00414775	2015	9	23	20	0	0.001
USC00414775	2015	9	23	21	0	0.029
USC00414775	2015	9	23	22	0	0.008
USC00414775	2015	9	23	23	0	0.029
USC00414775	2015	9	24	2	0	0.012
USC00414775	2015	9	24	3	0	0.008
USC00414775	2015	9	24	13	0	0.005
USC00414775	2015	9	24	16	0	0.001
USC00414775	2015	9	24	17	0	0.006
USC00414775	2015	9	24	18	0	0.002
USC00414775	2015	9	24	21	0	0.001
USC00414775	2015	9	24	22	0	0.004
USC00414775	2015	9	24	23	0	0.002
USC00414775	2015	9	24	24	0	0.001
USC00414775	2015	9	25	1	0	0.001
USC00414775	2015	9	25	3	0	0.001
USC00414775	2015	9	25	4	0	0.001
USC00414775	2015	10	1	19	0	0.010
USC00414775	2015	10	3	11	0	0.010
USC00414775	2015	10	3	21	0	0.010
USC00414775	2015	10	3	23	0	0.300
USC00414775	2015	10	3	24	0	0.150
USC00414775	2015	10	4	1	0	0.010
USC00414775	2015	10	4	2	0	0.020
USC00414775	2015	10	4	13	0	0.030
USC00414775	2015	10	4	14	0	0.120
USC00414775	2015	10	4	15	0	0.010
USC00414775	2015	10	4	16	0	0.020
USC00414775	2015	10	4	18	0	0.020
USC00414775	2015	10	4	19	0	0.010
USC00414775	2015	10	4	21	0	0.020
USC00414775	2015	10	4	22	0	0.010
USC00414775	2015	10	4	23	0	0.010
USC00414775	2015	10	4	24	0	0.020
USC00414775	2015	10	5	1	0	0.040
USC00414775	2015	10	5	2	0	0.090
USC00414775	2015	10	5	3	0	0.160
USC00414775	2015	10	5	4	0	0.060
USC00414775	2015	10	5	5	0	0.010
USC00414775	2015	10	5	6	0	0.010
USC00414775	2015	10	5	22	0	0.010
USC00414775	2015	10	6	20	0	0.010
USC00414775	2015	10	7	16	0	0.010
USC00414775	2015	10	7	18	0	0.040
USC00414775	2015	10	7	20	0	0.010
USC00414775	2015	10	7	21	0	0.010
USC00414775	2015	10	7	22	0	0.850
USC00414775	2015	10	7	23	0	0.860
USC00414775	2015	10	7	24	0	0.210
USC00414775	2015	10	8	1	0	0.380
USC00414775	2015	10	8	2	0	0.260
USC00414775	2015	10	8	3	0	0.080
USC00414775	2015	10	8	4	0	0.080
USC00414775	2015	10	8	5	0	0.110
USC00414775	2015	10	8	6	0	0.010
USC00414775	2015	10	8	9	0	0.020
USC00414775	2015	10	8	10	0	0.030
USC00414775	2015	10	8	11	0	0.110
USC00414775	2015	10	8	12	0	0.020
USC00414775	2015	10	11	23	0	0.010
USC00414775	2015	10	18	20	0	0.010
USC00414775	2015	10	18	21	0	0.030
USC00414775	2015	10	20	14	0	0.070
USC00414775	2015	10	20	15	0	0.010
USC00414775	2015	10	21	10	0	0.020
USC00414775	2015	10	21	11	0	0.020
USC00414775	2015	10	21	12	0	0.040
USC00414775	2015	10	21	13	0	0.010
USC00414775	2015	10	21	16	0	0.010
USC00414775	2015	10	21	23	0	0.450
USC00414775	2015	10	21	24	0	0.020
USC00414775	2015	10	22	2	0	0.010
USC00414775	2015	10	25	5	0	0.010
USC00414775	2015	10	29	21	0	0.010
USC00414775	2015	10	29	22	0	0.130
USC00414775	2015	10	29	23	0	0.030
USC00414775	2015	10	30	4	0	0.010
USC00414775	2015	10	30	5	0	0.050
USC00414775	2015	10	30	6	0	0.150
USC00414775	2015	10	31	20	0	0.010
USC00414775	2015	11	7	6	0	0.010
USC00414775	2015	11	9	6	0	0.010
USC00414775	2015	11	15	7	0	0.002
USC00414775	2015	11	15	8	0	0.001
USC00414775	2015	11	15	11	0	0.002
USC00414775	2015	11	15	12	0	0.005
USC00414775	2015	11	15	13	0	0.004
USC00414775	2015	11	16	18	0	0.001
USC00414775	2015	11	16	19	0	0.005
USC00414775	2015	11	16	20	0	0.016
USC00414775	2015	11	26	5	0	0.001
USC00414775	2015	11	26	6	0	0.002
USC00414775	2015	11	26	24	0	0.001
USC00414775	2015	11	27	1	0	0.004
USC00414775	2015	11	27	2	0	0.003
USC00414775	2015	11	27	3	0	0.001
USC00414775	2015	11	27	4	0	0.017
USC00414775	2015	11	27	5	0	0.003
USC00414775	2015	11	27	15	0	0.003
USC00414775	2015	11	27	16	0	0.023
USC00414775	2015	11	27	17	0	0.016
USC00414775	2015	11	27	18	0	0.01
USC00414775	2015	11	27	19	0	0.01
USC00414775	2015	11	27	20	0	0.005
USC00414775	2015	11	27	21	0	0.004
USC00414775	2015	11	27	22	0	0.003
USC00414775	2015	11	27	23	0	0.002
USC00414775	2015	11	27	24	0	0.002
USC00414775	2015	11	28	2	0	0.001
USC00414775	2015	11	28	3	0	0.002
USC00414775	2015	11	28	4	0	0.001
USC00414775	2015	11	28	5	0	0.004
USC00414775	2015	11	28	6	0	0.001
USC00414775	2015	11	28	10	0	0.003
USC00414775	2015	11	28	11	0	0.005
USC00414775	2015	11	28	12	0	0.005
USC00414775	2015	11	28	15	0	0.001
USC00414775	2015	11	28	16	0	0.001
USC00414775	2015	11	28	17	0	0.004
USC00414775	2015	11	28	18	0	0.002
USC00414775	2015	11	28	23	0	0.003
USC00414775	2015	11	28	24	0	0.005
USC00414775	2015	11	29	1	0	0.005
USC00414775	2015	11	29	2	0	0.002
USC00414775	2015	11	29	3	0	0.004
USC00414775	2015	11	29	4	0	0.006
USC00414775	2015	11	29	5	0	0.003
USC00414775	2015	12	12	17	0	0.009
USC00414775	2015	12	12	18	0	0.058
USC00414775	2015	12	12	19	0	0.087
USC00414775	2015	12	12	21	0	0.001
USC00414775	2015	12	26	17	0	0.010
USC00414775	2015	12	26	18	0	0.170
USC00414775	2015	12	26	19	0	0.010
USC00414775	2015	12	26	21	0	0.020
USC00414775	2015	12	26	22	0	0.030
USC00414775	2015	12	26	24	0	0.030
USC00414775	2015	12	27	1	0	0.020
USC00414775	2015	12	27	2	0	0.010
USC00414775	2015	12	27	3	0	0.010
USC00414775	2015	12	27	4	0	0.010
USC00414775	2015	12	27	5	0	0.040
USC00414775	2015	12	27	6	0	0.040
USC00414775	2015	12	27	7	0	0.030
USC00414775	2015	12	27	8	0	0.070
USC00414775	2015	12	27	9	0	0.040
USC00414775	2015	12	27	10	0	0.020
USC00414775	2015	12	27	11	0	0.020
USC00414775	2015	12	27	12	0	0.050
USC00414775	2015	12	27	13	0	0.020
USC00414775	2015	12	27	14	0	0.010
USC00414775	2015	12	27	15	0	0.010
USC00414775	2015	12	27	16	0	0.010
USC00414775	2015	12	27	17	0	0.050
USC00414775	2015	12	27	18	0	0.010
USC00414775	2015	12	27	19	0	0.010
USC00414775	2015	12	31	13	0	0.010
USC00414775	2016	1	1	1	0	0.010
USC00414775	2016	1	6	1	0	0.010
USC00414775	2016	1	6	6	0	0.090
USC00414775	2016	1	6	7	0	0.010
USC00414775	2016	1	6	17	0	0.030
USC00414775	2016	1	7	21	0	0.010
USC00414775	2016	1	26	2	0	0.010
USC00414775	2016	1	26	14	0	0.010
USC00414775	2016	1	26	15	0	0.010
USC00414775	2016	1	26	16	0	0.010
USC00414775	2016	2	2	7	0	0.010
USC00414775	2016	2	13	6	0	0.010
USC00414775	2016	2	17	6	0	0.010
USC00414775	2016	2	22	18	0	0.008
USC00414775	2016	2	22	19	0	0.002
USC00414775	2016	2	22	22	0	0.061
USC00414775	2016	2	22	23	0	0.01
USC00414775	2016	3	3	7	0	0.002
USC00414775	2016	3	9	2	0	0.005
USC00414775	2016	3	9	10	0	0.03
USC00414775	2016	3	9	11	0	0.048
USC00414775	2016	3	9	12	0	0.003
USC00414775	2016	4	1	2	0	0.003
USC00414775	2016	4	1	3	0	0.005
USC00414775	2016	4	1	4	0	0.023
USC00414775	2016	4	1	5	0	0.032
USC00414775	2016	4	1	6	0	0.065
USC00414775	2016	4	1	7	0	0.053
USC00414775	2016	4	1	8	0	0.167
USC00414775	2016	4	1	9	0	0.064
USC00414775	2016	4	1	10	0	0.113
USC00414775	2016	4	1	11	0	0.11
USC00414775	2016	4	1	12	0	0.018
USC00414775	2016	4	9	1	0	0.009
USC00414775	2016	4	9	2	0	0.109
USC00414775	2016	4	9	3	0	0.073
USC00414775	2016	4	9	4	0	0.001
USC00414775	2016	4	12	9	0	0.017
USC00414775	2016	4	12	10	0	0.005
USC00414775	2016	4	12	11	0	0.008
USC00414775	2016	4	12	12	0	0.025
USC00414775	2016	4	12	13	0	0.021
USC00414775	2016	4	12	14	0	0.003
USC00414775	2016	4	13	23	0	0.116
USC00414775	2016	4	19	22	0	0.001
USC00414775	2016	4	19	23	0	0.01
USC00414775	2016	4	29	14	0	0.010
USC00414775	2016	5	1	5	0	0.020
USC00414775	2016	5	3	5	0	0.010
USC00414775	2016	5	9	9	0	0.020
USC00414775	2016	5	9	11	0	0.030
USC00414775	2016	5	9	14	0	0.020
USC00414775	2016	5	10	13	0	0.020
USC00414775	2016	5	12	4	0	0.010
USC00414775	2016	5	16	24	0	0.010
USC00414775	2016	5	17	3	0	0.010
USC00414775	2016	5	17	19	0	0.010
USC00414775	2016	5	18	4	0	0.010
USC00414775	2016	5	18	7	0	0.020
USC00414775	2016	5	18	8	0	0.030
USC00414775	2016	5	18	9	0	0.040
USC00414775	2016	5	18	11	0	0.010
USC00414775	2016	5	18	14	0	0.010
USC00414775	2016	5	18	20	0	0.020
USC00414775	2016	5	18	22	0	0.010
USC00414775	2016	5	19	5	0	0.010
USC00414775	2016	5	19	6	0	0.010
USC00414775	2016	5	19	9	0	0.010
USC00414775	2016	5	19	21	0	0.010
USC00414775	2016	5	20	17	0	0.010
USC00414775	2016	5	21	1	0	0.010
USC00414775	2016	5	21	17	0	0.110
USC00414775	2016	5	21	18	0	0.010
USC00414775	2016	5	22	23	0	0.010
USC00414775	2016	5	29	2	0	0.010
USC00414775	2016	5	30	1	0	0.020
USC00414775	2016	5	31	20	0	0.080
USC00414775	2016	6	1	18	0	0.130
USC00414775	2016	6	1	19	0	0.570
USC00414775	2016	6	1	20	0	0.410
USC00414775	2016	6	1	21	0	0.080
USC00414775	2016	6	1	22	0	0.030
USC00414775	2016	6	1	23	0	0.010
USC00414775	2016	6	9	24	0	0.030
USC00414775	2016	6	10	19	0	0.010
USC00414775	2016	6	11	19	0	0.010
USC00414775	2016	6	11	24	0	0.010
USC00414775	2016	6	12	3	0	0.010
USC00414775	2016	6	13	16	0	0.010
USC00414775	2016	6	15	15	0	0.010
USC00414775	2016	6	15	18	0	0.360
USC00414775	2016	6	16	17	0	0.010
USC00414775	2016	6	26	24	0	0.350
USC00414775	2016	6	27	2	0	0.120
USC00414775	2016	6	27	7	0	0.090
USC00414775	2016	6	27	8	0	0.190
USC00414775	2016	6	27	9	0	0.060
USC00414775	2016	6	27	10	0	0.050
USC00414775	2016	7	7	17	0	0.070
USC00414775	2016	7	8	20	0	0.010
USC00414775	2016	7	26	13	0	0.110
USC00414775	2016	7	26	14	0	0.270
USC00414775	2016	8	9	14	0	0.040
USC00414775	2016	8	9	15	0	0.100
USC00414775	2016	8	9	17	0	0.080
USC00414775	2016	8	10	19	0	0.010
USC00414775	2016	8	11	18	0	0.210
USC00414775	2016	8	11	19	0	0.120
USC00414775	2016	8	20	22	0	0.010
USC00414775	2016	8	23	20	0	0.020
USC00414775	2016	8	23	21	0	0.120
USC00414775	2016	8	23	24	0	0.002
USC00414775	2016	8	24	1	0	0.006
USC00414775	2016	8	24	2	0	0.022
USC00414775	2016	8	24	3	0	0.068
USC00414775	2016	8	24	4	0	0.003
USC00414775	2016	8	24	5	0	0.06
USC00414775	2016	8	24	6	0	0.01
USC00414775	2016	8	24	7	0	0.018
USC00414775	2016	8	24	8	0	0.012
USC00414775	2016	8	24	9	0	0.007
USC00414775	2016	8	24	14	0	0.014
USC00414775	2016	8	24	15	0	0.07
USC00414775	2016	8	24	16	0	0.017
USC00414775	2016	8	24	17	0	0.004
USC00414775	2016	8	28	24	0	0.310
USC00414775	2016	8	29	1	0	0.030
USC00414775	2016	8	29	6	0	0.020
USC00414775	2016	8	29	24	0	0.020
USC00414775	2016	8	30	16	0	0.009
USC00414775	2016	8	30	17	0	0.015
USC00414775	2016	8	30	18	0	0.101
USC00414775	2016	8	30	19	0	0.058
USC00414775	2016	8	31	1	0	0.002
USC00414775	2016	8	31	2	0	0.018
USC00414775	2016	8	31	3	0	0.003
USC00414775	2016	8	31	14	0	0.002
USC00414775	2016	8	31	15	0	0.001
USC00414775	2016	8	31	16	0	0.001
USC00414775	2016	8	31	17	0	0.001
USC00414775	2016	8	31	18	0	0.003
USC00414775	2016	9	1	5	0	0.001
USC00414775	2016	9	1	9	0	0.003
USC00414775	2016	9	1	10	0	0.008
USC00414775	2016	9	1	11	0	0.025
USC00414775	2016	9	1	12	0	0.062
USC00414775	2016	9	1	13	0	0.005
USC00414775	2016	9	7	17	0	0.060
USC00414775	2016	9	7	22	0	0.040
USC00414775	2016	9	7	23	0	0.010
USC00414775	2016	9	17	22	0	0.050
USC00414775	2016	9	25	2	0	0.010
USC00414775	2016	9	25	12	0	0.240
USC00414775	2016	9	25	14	0	0.030
USC00414775	2016	9	25	15	0	0.230
USC00414775	2016	9	25	16	0	0.010
USC00414775	2016	9	25	17	0	0.010
USC00414775	2016	9	26	19	0	0.010
USC00414775	2016	9	26	21	0	0.010
USC00414775	2016	9	26	23	0	0.020
USC00414775	2016	9	26	24	0	0.060
USC00414775	2016	9	27	1	0	0.040
USC00414775	2016	9	27	2	0	0.020
USC00414775	2016	9	27	3	0	0.010
USC00414775	2016	10	8	13	0	0.180
USC00414775	2016	10	8	14	0	0.230
USC00414775	2016	10	8	15	0	0.010
USC00414775	2016	11	1	5	0	0.010
USC00414775	2016	11	2	22	0	0.005
USC00414775	2016	11	2	23	0	0.008
USC00414775	2016	11	2	24	0	0.001
USC00414775	2016	11	3	2	0	0.001
USC00414775	2016	11	3	3	0	0.008
USC00414775	2016	11	3	4	0	0.004
USC00414775	2016	11	3	6	0	0.001
USC00414775	2016	11	4	9	0	0.001
USC00414775	2016	11	5	16	0	0.009
USC00414775	2016	11	5	17	0	0.001
USC00414775	2016	11	5	18	0	0.003
USC00414775	2016	11	6	2	0	0.023
USC00414775	2016	11	6	3	0	0.012
USC00414775	2016	11	6	6	0	0.07
USC00414775	2016	11	6	7	0	0.005
USC00414775	2016	11	15	9	0	0.002
USC00414775	2016	11	25	17	0	0.003
USC00414775	2016	11	25	18	0	0.007
USC00414775	2016	11	25	19	0	0.007
USC00414775	2016	11	25	20	0	0.004
USC00414775	2016	11	25	21	0	0.001
USC00414775	2016	11	25	22	0	0.001
USC00414775	2016	12	2	21	0	0.109
USC00414775	2016	12	2	22	0	0.182
USC00414775	2016	12	2	23	0	0.124
USC00414775	2016	12	2	24	0	0.031
USC00414775	2016	12	3	1	0	0.086
USC00414775	2016	12	3	2	0	0.023
USC00414775	2016	12	3	3	0	0.009
USC00414775	2016	12	3	4	0	0.011
USC00414775	2016	12	3	5	0	0.101
USC00414775	2016	12	3	7	0	0.007
USC00414775	2016	12	3	17	0	0.008
USC00414775	2016	12	3	18	0	0.013
USC00414775	2016	12	3	19	0	0.033
USC00414775	2016	12	3	20	0	0.006
USC00414775	2016	12	3	21	0	0.004
USC00414775	2016	12	3	22	0	0.001
USC00414775	2016	12	7	17	0	0.008
USC00414775	2016	12	7	18	0	0.004
USC00414775	2016	12	8	14	0	0.001
USC00414775	2016	12	30	5	0	0.009
USC00414775	2016	12	30	6	0	0.003
USC00414775	2016	12	30	7	0	0.001
USC00414775	2016	12	31	20	0	0.009
USC00414775	2016	12	31	21	0	0.009
USC00414775	2016	12	31	22	0	0.026
USC00414775	2017	1	1	21	0	0.029
USC00414775	2017	1	1	22	0	0.107
USC00414775	2017	1	14	23	0	0.014
USC00414775	2017	1	14	24	0	0.023
USC00414775	2017	1	15	2	0	0.018
USC00414775	2017	1	15	3	0	0.09
USC00414775	2017	1	15	4	0	0.492
USC00414775	2017	1	15	5	0	0.011
USC00414775	2017	1	15	6	0	0.002
USC00414775	2017	1	15	9	0	0.038
USC00414775	2017	1	15	10	0	0.072
USC00414775	2017	1	15	11	0	0.038
USC00414775	2017	1	15	12	0	0.013
USC00414775	2017	1	15	13	0	0.005
USC00414775	2017	1	15	14	0	0.005
USC00414775	2017	1	17	17	0	0.001
USC00414775	2017	1	27	17	0	0.001
USC00414775	2017	1	27	18	0	0.014
USC00414775	2017	1	27	19	0	0.017
USC00414775	2017	1	27	20	0	0.004
USC00414775	2017	2	13	9	0	0.003
USC00414775	2017	2	13	18	0	0.015
USC00414775	2017	2	13	19	0	0.004
USC00414775	2017	3	11	20	0	0.003
USC00414775	2017	3	11	21	0	0.371
USC00414775	2017	3	11	22	0	0.081
USC00414775	2017	3	23	22	0	0.001
USC00414775	2017	3	28	16	0	0.001
USC00414775	2017	3	28	17	0	0.002
USC00414775	2017	3	28	18	0	0.001
USC00414775	2017	4	2	4	0	0.001
USC00414775	2017	4	2	5	0	0.033
USC00414775	2017	4	2	6	0	0.07
USC00414775	2017	4	2	7	0	0.009
USC00414775	2017	4	2	8	0	0.004
USC00414775	2017	4	2	9	0	0.007
USC00414775	2017	4	2	10	0	0.003
USC00414775	2017	4	2	11	0	0.016
USC00414775	2017	4	2	12	0	0.082
USC00414775	2017	4	2	13	0	0.022
USC00414775	2017	4	12	12	0	0.017
USC00414775	2017	4	12	13	0	0.039
USC00414775	2017	4	12	14	0	0.278
USC00414775	2017	4	12	15	0	0.11
USC00414775	2017	4	12	16	0	0.003
USC00414775	2017	4	12	17	0	0.044
USC00414775	2017	4	12	18	0	0.067
USC00414775	2017	4	12	19	0	0.077
USC00414775	2017	4	12	20	0	0.194
USC00414775	2017	4	12	21	0	0.148
USC00414775	2017	4	12	22	0	0.164
USC00414775	2017	4	12	23	0	0.001
USC00414775	2017	4	16	18	0	0.002
USC00414775	2017	4	29	13	0	0.001
USC00414775	2017	4	29	14	0	0.004
USC00414775	2017	4	29	15	0	0.002
USC00414775	2017	5	10	1	0	0.014
USC00414775	2017	5	19	4	0	0.003
USC00414775	2017	5	21	11	0	0.001
USC00414775	2017	5	21	12	0	0.003
USC00414775	2017	5	21	13	0	0.005
USC00414775	2017	5	22	17	0	0.013
USC00414775	2017	5	22	18	0	0.003
USC00414775	2017	5	22	20	0	0.041
USC00414775	2017	5	22	21	0	0.064
USC00414775	2017	5	31	18	0	0.002
USC00414775	2017	5	31	19	0	0.007
USC00414775	2017	5	31	20	0	0.009
USC00414775	2017	5	31	21	0	0.002
USC00414775	2017	5	31	22	0	0.007
USC00414775	2017	5	31	23	0	0.028
USC00414775	2017	6	2	20	0	0.001
USC00414775	2017	6	3	9	0	0.01
USC00414775	2017	6	3	16	0	0.006
USC00414775	2017	6	3	17	0	0.01
USC00414775	2017	6	3	18	0	0.001
USC00414775	2017	6	3	19	0	0.001
USC00414775	2017	6	3	20	0	0.001
USC00414775	2017	6	3	21	0	0.012
USC00414775	2017	6	3	22	0	0.001
USC00414775	2017	6	4	23	0	0.009
USC00414775	2017	6	6	23	0	0.018
USC00414775	2017	6	6	24	0	0.064
USC00414775	2017	6	14	18	0	0.002
USC00414775	2017	6	15	19	0	0.015
USC00414775	2017	6	23	17	0	0.840
USC00414775	2017	6	26	3	0	1.080
USC00414775	2017	6	26	4	0	0.220
USC00414775	2017	6	26	5	0	0.020
USC00414775	2017	7	22	15	0	0.002
USC00414775	2017	7	22	16	0	0.250
USC00414775	2017	7	22	17	0	0.010
USC00414775	2017	8	1	1	0	0.270
USC00414775	2017	8	1	2	0	0.340
USC00414775	2017	8	1	3	0	0.490
USC00414775	2017	8	1	4	0	0.530
USC00414775	2017	8	1	5	0	0.010
USC00414775	2017	8	1	6	0	0.030
USC00414775	2017	8	1	7	0	0.010
USC00414775	2017	8	1	19	0	0.040
USC00414775	2017	8	1	20	0	0.040
USC00414775	2017	8	1	21	0	0.090
USC00414775	2017	8	1	22	0	0.070
USC00414775	2017	8	20	16	0	0.040
USC00414775	2017	8	20	18	0	0.290
USC00414775	2017	8	20	19	0	0.010
USC00414775	2017	8	22	17	0	0.001
USC00414775	2017	8	22	18	0	0.001
USC00414775	2017	8	22	22	0	0.001
USC00414775	2017	8	22	23	0	0.004
USC00414775	2017	8	24	15	0	0.001
USC00414775	2017	8	24	16	0	0.019
USC00414775	2017	8	24	17	0	0.07
USC00414775	2017	8	24	18	0	0.028
USC00414775	2017	8	25	14	0	0.015
USC00414775	2017	8	25	15	0	0.024
USC00414775	2017	8	26	17	0	0.001
USC00414775	2017	9	15	5	0	0.002
USC00414775	2017	9	15	6	0	0.011
USC00414775	2017	9	17	7	0	0.004
USC00414775	2017	9	19	3	0	0.001
USC00414775	2017	9	19	4	0	0.004
USC00414775	2017	9	23	16	0	0.004
USC00414775	2017	9	23	17	0	0.327
USC00414775	2017	9	23	18	0	0.225
USC00414775	2017	9	23	19	0	0.043
USC00414775	2017	9	23	20	0	0.09
USC00414775	2017	9	23	21	0	0.01
USC00414775	2017	9	23	22	0	0.003
USC00414775	2017	9	23	23	0	0.204
USC00414775	2017	9	23	24	0	0.267
USC00414775	2017	9	24	1	0	0.144
USC00414775	2017	9	24	2	0	0.069
USC00414775	2017	9	24	3	0	0.02
USC00414775	2017	9	24	4	0	0.044
USC00414775	2017	9	24	5	0	0.073
USC00414775	2017	9	24	15	0	0.009
USC00414775	2017	9	24	16	0	0.016
USC00414775	2017	9	25	16	0	0.001
USC00414775	2017	9	25	17	0	0.253
USC00414775	2017	9	25	18	0	0.003
USC00414775	2017	9	25	19	0	0.001
USC00414775	2017	9	25	20	0	0.002
USC00414775	2017	9	26	9	0	0.001
USC00414775	2017	9	26	10	0	0.117
USC00414775	2017	9	26	11	0	0.008
USC00414775	2017	9	26	12	0	0.011
USC00414775	2017	9	26	13	0	0.017
USC00414775	2017	9	26	14	0	0.002
USC00414775	2017	9	26	23	0	0.002
USC00414775	2017	9	26	24	0	0.006
USC00414775	2017	9	27	1	0	0.014
USC00414775	2017	9	27	2	0	0.029
USC00414775	2017	9	27	3	0	0.035
USC00414775	2017	9	27	4	0	0.019
USC00414775	2017	9	27	6	0	0.016
USC00414775	2017	9	27	7	0	0.001
USC00414775	2017	9	27	8	0	0.012
USC00414775	2017	9	27	13	0	0.012
USC00414775	2017	9	27	15	0	0.002
USC00414775	2017	9	27	16	0	0.001
USC00414775	2017	9	28	1	0	0.02
USC00414775	2017	9	28	2	0	0.042
USC00414775	2017	9	28	3	0	0.012
USC00414775	2017	9	28	4	0	0.023
USC00414775	2017	9	28	7	0	0.014
USC00414775	2017	9	28	11	0	0.014
USC00414775	2017	9	28	13	0	0.05
USC00414775	2017	9	29	1	0	0.014
USC00414775	2017	9	29	3	0	0.025
USC00414775	2017	9	29	6	0	0.016
USC00414775	2017	9	29	7	0	0.081
USC00414775	2017	9	29	8	0	0.067
USC00414775	2017	9	29	9	0	0.128
USC00414775	2017	9	29	10	0	0.001
USC00414775	2017	9	29	11	0	0.057
USC00414775	2017	9	29	12	0	0.025
USC00414775	2017	9	29	13	0	0.063
USC00414775	2017	9	30	13	0	0.021
USC00414775	2017	9	30	14	0	0.1
USC00414775	2017	9	30	15	0	0.085
USC00414775	2017	10	4	9	0	0.039
USC00414775	2017	10	15	5	0	0.002
USC00414775	2017	10	15	6	0	0.09
USC00414775	2017	10	15	7	0	0.004
USC00414775	2017	10	15	22	0	0.001
USC00414775	2017	10	20	2	0	0.013
USC00414775	2017	10	20	4	0	0.001
USC00414775	2017	10	20	5	0	0.001
USC00414775	2017	10	31	7	0	0.01
USC00414775	2017	11	8	3	0	0.011
USC00414775	2017	11	8	4	0	0.011
USC00414775	2017	11	8	7	0	0.011
USC00414775	2017	11	8	9	0	0.038
USC00414775	2017	11	8	10	0	0.064
USC00414775	2017	11	8	11	0	0.069
USC00414775	2017	11	8	12	0	0.008
USC00414775	2017	11	12	23	0	0.017
USC00414775	2017	11	28	8	0	0.001
USC00414775	2017	11	28	9	0	0.001
USC00414775	2017	12	6	4	0	0.008
USC00414775	2017	12	6	5	0	0.008
USC00414775	2017	12	6	6	0	0.012
USC00414775	2017	12	6	7	0	0.03
USC00414775	2017	12	6	8	0	0.032
USC00414775	2017	12	6	9	0	0.04
USC00414775	2017	12	6	10	0	0.052
USC00414775	2017	12	6	11	0	0.05
USC00414775	2017	12	6	12	0	0.054
USC00414775	2017	12	6	13	0	0.024
USC00414775	2017	12	6	14	0	0.013
USC00414775	2017	12	6	15	0	0.015
USC00414775	2017	12	6	21	0	0.002
USC00414775	2017	12	6	24	0	0.03
USC00414775	2017	12	7	1	0	0.025
USC00414775	2017	12	7	2	0	0.003
USC00414775	2017	12	7	3	0	0.006
USC00414775	2017	12	7	4	0	0.012
USC00414775	2017	12	7	5	0	0.001
USC00414775	2017	12	7	6	0	0.007
USC00414775	2017	12	7	7	0	0.008
USC00414775	2017	12	7	8	0	0.002
USC00414775	2017	12	7	9	0	0.027
USC00414775	2017	12	7	10	0	0.018
USC00414775	2018	1	11	9	0	0.010
USC00414775	2018	1	11	10	0	0.010
USC00414775	2018	1	11	20	0	0.010
USC00414775	2018	2	1	6	0	0.010
USC00414775	2018	2	5	5	0	0.010
USC00414775	2018	2	16	24	0	0.009
USC00414775	2018	2	17	1	0	0.010
USC00414775	2018	2	17	2	0	0.010
USC00414775	2018	2	17	4	0	0.010
USC00414775	2018	2	17	20	0	0.010
USC00414775	2018	2	21	3	0	0.110
USC00414775	2018	2	21	12	0	0.040
USC00414775	2018	2	21	13	0	0.020
USC00414775	2018	3	27	7	0	0.002
USC00414775	2018	3	27	16	0	0.001
USC00414775	2018	3	27	17	0	0.001
USC00414775	2018	3	27	18	0	0.085
USC00414775	2018	3	27	19	0	0.054
USC00414775	2018	3	27	20	0	0.002
USC00414775	2018	3	27	21	0	0.002
USC00414775	2018	3	27	22	0	0.05
USC00414775	2018	3	27	23	0	0.012
USC00414775	2018	3	27	24	0	0.031
USC00414775	2018	3	28	1	0	0.002
USC00414775	2018	5	14	9	0	0.006
USC00414775	2018	5	14	11	0	0.001
USC00414775	2018	5	14	12	0	0.018
USC00414775	2018	5	17	15	0	0.003
USC00414775	2018	5	17	16	0	0.079
USC00414775	2018	5	17	17	0	0.009
USC00414775	2018	5	20	4	0	0.010
USC00414775	2018	5	20	20	0	0.010
USC00414775	2018	6	1	24	0	0.010
USC00414775	2018	6	3	21	0	0.410
USC00414775	2018	6	3	22	0	1.060
USC00414775	2018	6	3	23	0	0.090
USC00414775	2018	6	4	18	0	0.010
USC00414775	2018	6	11	24	0	0.010
USC00414775	2018	6	16	16	0	1.700
USC00414775	2018	6	16	17	0	0.240
USC00414775	2018	6	16	18	0	0.400
USC00414775	2018	6	16	19	0	0.090
USC00414775	2018	6	16	20	0	0.090
USC00414775	2018	6	16	21	0	0.040
USC00414775	2018	6	16	22	0	0.140
USC00414775	2018	6	16	23	0	0.060
USC00414775	2018	6	16	24	0	0.110
USC00414775	2018	6	17	1	0	0.030
USC00414775	2018	6	17	2	0	0.020
USC00414775	2018	6	17	3	0	0.010
USC00414775	2018	6	17	4	0	0.160
USC00414775	2018	6	17	5	0	0.040
USC00414775	2018	6	17	6	0	0.010
USC00414775	2018	6	17	7	0	0.010
USC00414775	2018	6	17	22	0	0.010
USC00414775	2018	6	18	2	0	0.010
USC00414775	2018	6	18	20	0	0.010
USC00414775	2018	6	30	2	0	0.010
USC00414775	2018	7	1	24	0	0.010
USC00414775	2018	7	7	22	0	0.230
USC00414775	2018	7	7	23	0	0.030
USC00414775	2018	7	8	20	0	0.010
USC00414775	2018	7	9	12	0	0.070
USC00414775	2018	7	9	23	0	0.010
USC00414775	2018	7	10	23	0	0.010
USC00414775	2018	7	15	21	0	0.010
USC00414775	2018	7	31	5	0	0.260
USC00414775	2018	7	31	6	0	0.090
USC00414775	2018	7	31	19	0	0.010
USC00414775	2018	8	11	6	0	0.210
USC00414775	2018	8	11	8	0	0.040
USC00414775	2018	8	11	20	0	0.010
USC00414775	2018	8	11	22	0	0.030
USC00414775	2018	8	11	24	0	0.010
USC00414775	2018	8	12	23	0	0.010
USC00414775	2018	8	18	19	0	0.190
USC00414775	2018	8	18	20	0	0.060
USC00414775	2018	8	18	22	0	0.010
USC00414775	2018	8	19	4	0	0.010
USC00414775	2018	8	19	5	0	0.010
USC00414775	2018	8	19	20	0	0.010
USC00414775	2018	8	20	21	0	0.010
USC00414775	2018	8	26	2	0	0.010
USC00414775	2018	8	26	23	0	0.060
USC00414775	2018	9	1	17	0	0.630
USC00414775	2018	9	1	18	0	0.550
USC00414775	2018	9	1	20	0	0.010
USC00414775	2018	9	1	22	0	0.420
USC00414775	2018	9	2	1	0	0.100
USC00414775	2018	9	2	2	0	0.050
USC00414775	2018	9	2	3	0	0.040
USC00414775	2018	9	2	5	0	0.010
USC00414775	2018	9	3	7	0	0.150
USC00414775	2018	9	3	8	0	1.350
USC00414775	2018	9	3	9	0	0.550
USC00414775	2018	9	3	10	0	1.110
USC00414775	2018	9	3	11	0	0.720
USC00414775	2018	9	3	12	0	0.680
USC00414775	2018	9	3	22	0	0.010
USC00414775	2018	9	4	20	0	0.010
USC00414775	2018	9	6	7	0	0.040
USC00414775	2018	9	6	16	0	0.100
USC00414775	2018	9	6	17	0	0.100
USC00414775	2018	9	6	18	0	0.050
USC00414775	2018	9	6	20	0	0.010
USC00414775	2018	9	6	21	0	0.020
USC00414775	2018	9	6	22	0	0.020
USC00414775	2018	9	6	23	0	0.020
USC00414775	2018	9	7	1	0	0.010
USC00414775	2018	9	7	8	0	0.080
USC00414775	2018	9	7	9	0	0.060
USC00414775	2018	9	7	10	0	0.030
USC00414775	2018	9	7	11	0	0.010
USC00414775	2018	9	7	12	0	0.090
USC00414775	2018	9	7	13	0	0.830
USC00414775	2018	9	7	14	0	0.030
USC00414775	2018	9	20	19	0	0.080
USC00414775	2018	9	20	20	0	0.030
USC00414775	2018	9	21	13	0	0.020
USC00414775	2018	9	21	19	0	0.010
USC00414775	2018	9	22	20	0	0.010
USC00414775	2018	9	26	9	0	0.030
USC00414775	2018	9	26	14	0	0.250
USC00414775	2018	9	27	20	0	0.010
USC00414775	2018	10	5	17	0	0.920
USC00414775	2018	10	5	18	0	0.010
USC00414775	2018	10	5	19	0	0.090
USC00414775	2018	10	5	20	0	0.140
USC00414775	2018	10	5	21	0	0.010
USC00414775	2018	10	6	3	0	0.030
USC00414775	2018	10	6	4	0	0.490
USC00414775	2018	10	6	5	0	0.050
USC00414775	2018	10	7	5	0	0.020
USC00414775	2018	10	7	20	0	0.010
USC00414775	2018	10	8	20	0	0.010
USC00414775	2018	10	8	21	0	0.400
USC00414775	2018	10	8	22	0	0.500
USC00414775	2018	10	8	23	0	0.010
USC00414775	2018	10	9	2	0	0.110
USC00414775	2018	10	9	17	0	0.010
USC00414775	2018	10	10	19	0	0.010
USC00414775	2018	10	12	19	0	0.010
USC00414775	2018	10	12	23	0	0.120
USC00414775	2018	10	12	24	0	0.096
USC00414775	2018	10	13	1	0	0.687
USC00414775	2018	10	13	2	0	0.081
USC00414775	2018	10	13	4	0	0.001
USC00414775	2018	10	13	6	0	0.002
USC00414775	2018	10	15	4	0	0.010
USC00414775	2018	10	16	11	0	0.050
USC00414775	2018	10	16	23	0	0.010
USC00414775	2018	10	17	1	0	0.010
USC00414775	2018	10	17	5	0	0.010
USC00414775	2018	10	17	6	0	0.010
USC00414775	2018	10	17	9	0	0.010
USC00414775	2018	10	17	12	0	0.010
USC00414775	2018	10	17	13	0	0.030
USC00414775	2018	10	17	14	0	0.010
USC00414775	2018	10	17	15	0	0.010
USC00414775	2018	10	17	16	0	0.030
USC00414775	2018	10	17	17	0	0.010
USC00414775	2018	10	17	18	0	0.020
USC00414775	2018	10	17	19	0	0.050
USC00414775	2018	10	17	20	0	0.010
USC00414775	2018	10	17	21	0	0.040
USC00414775	2018	10	17	22	0	0.010
USC00414775	2018	10	17	23	0	0.010
USC00414775	2018	10	18	1	0	0.010
USC00414775	2018	10	18	3	0	0.020
USC00414775	2018	10	18	4	0	0.070
USC00414775	2018	10	18	5	0	0.050
USC00414775	2018	10	18	11	0	0.060
USC00414775	2018	10	18	12	0	0.100
USC00414775	2018	10	18	13	0	0.020
USC00414775	2018	10	18	14	0	0.010
USC00414775	2018	10	18	15	0	0.070
USC00414775	2018	10	18	16	0	0.010
USC00414775	2018	10	19	2	0	0.010
USC00414775	2018	10	20	5	0	0.020
USC00414775	2018	10	20	6	0	0.020
USC00414775	2018	10	20	7	0	0.010
USC00414775	2018	10	21	1	0	0.010
USC00414775	2018	10	21	10	0	0.030
USC00414775	2018	10	23	20	0	0.010
USC00414775	2018	10	23	21	0	0.010
USC00414775	2018	10	23	22	0	0.020
USC00414775	2018	10	23	23	0	0.010
USC00414775	2018	10	23	24	0	0.050
USC00414775	2018	10	24	1	0	0.150
USC00414775	2018	10	24	2	0	0.300
USC00414775	2018	10	24	3	0	0.220
USC00414775	2018	10	24	4	0	0.120
USC00414775	2018	10	24	5	0	0.020
USC00414775	2018	10	24	6	0	0.050
USC00414775	2018	10	24	7	0	0.010
USC00414775	2018	10	26	1	0	0.010
USC00414775	2018	10	26	22	0	0.010
USC00414775	2018	10	31	2	0	0.010
USC00414775	2018	10	31	6	0	0.040
USC00414775	2018	10	31	7	0	0.010
USC00414775	2018	10	31	8	0	0.010
USC00414775	2018	10	31	9	0	0.010
USC00414775	2018	10	31	10	0	0.110
USC00414775	2018	10	31	13	0	0.070
USC00414775	2018	10	31	17	0	0.080
USC00414775	2018	11	11	22	0	0.020
USC00414775	2018	11	12	2	0	0.010
USC00414775	2018	11	15	6	0	0.010
USC00414775	2018	11	24	3	0	0.010
USC00414775	2018	12	1	6	0	0.010
USC00414775	2018	12	7	5	0	0.020
USC00414775	2018	12	7	6	0	0.010
USC00414775	2018	12	7	19	0	0.020
USC00414775	2018	12	7	20	0	0.070
USC00414775	2018	12	7	21	0	0.140
USC00414775	2018	12	7	22	0	0.150
USC00414775	2018	12	7	23	0	0.140
USC00414775	2018	12	7	24	0	0.050
USC00414775	2018	12	8	1	0	0.010
USC00414775	2018	12	8	7	0	0.010
USC00414775	2018	12	8	9	0	0.010
USC00414775	2018	12	9	21	0	0.010
USC00414775	2018	12	11	10	0	0.010
USC00414775	2018	12	13	8	0	0.050
USC00414775	2018	12	13	9	0	0.030
USC00414775	2018	12	13	10	0	0.020
USC00414775	2018	12	13	24	0	0.010
USC00414775	2018	12	14	21	0	0.010
USC00414775	2018	12	18	18	0	0.010
USC00414775	2018	12	18	20	0	0.040
USC00414775	2018	12	18	21	0	0.010
USC00414775	2018	12	19	19	0	0.010
USC00414775	2018	12	24	3	0	0.010
USC00414775	2018	12	26	13	0	0.080
USC00414775	2018	12	27	7	0	0.010
USC00414775	2018	12	27	20	0	0.010
USC00414775	2019	1	10	24	0	0.040
USC00414775	2019	1	11	3	0	0.020
USC00414775	2019	1	11	4	0	0.010
USC00414775	2019	1	11	5	0	0.010
USC00414775	2019	1	11	6	0	0.010
USC00414775	2019	1	11	7	0	0.020
USC00414775	2019	1	11	23	0	0.010
USC00414775	2019	1	12	20	0	0.010
USC00414775	2019	2	1	19	0	0.060
USC00414775	2019	2	5	6	0	0.010
USC00414775	2019	2	8	3	0	0.010
USC00414775	2019	2	8	22	0	0.010
USC00414775	2019	2	11	7	0	0.010
USC00414775	2019	2	11	8	0	0.020
USC00414775	2019	2	11	21	0	0.010
USC00414775	2019	2	18	6	0	0.010
USC00414775	2019	2	18	20	0	0.010
USC00414775	2019	2	22	5	0	0.010
USC00414775	2019	2	26	6	0	0.010
USC00414775	2019	3	8	21	0	0.020
USC00414775	2019	3	9	23	0	0.010
USC00414775	2019	3	12	9	0	0.010
USC00414775	2019	3	12	20	0	0.710
USC00414775	2019	3	12	21	0	0.160
USC00414775	2019	3	12	22	0	0.040
USC00414775	2019	3	14	5	0	0.010
USC00414775	2019	3	14	21	0	0.010
USC00414775	2019	3	22	4	0	0.010
USC00414775	2019	3	22	5	0	0.010
USC00414775	2019	3	22	6	0	0.020
USC00414775	2019	3	23	18	0	0.010
USC00414775	2019	3	24	6	0	0.010
USC00414775	2019	3	29	2	0	0.010
USC00414775	2019	3	29	18	0	0.010
USC00414775	2019	3	30	5	0	0.010
USC00414775	2019	4	3	5	0	0.010
USC00414775	2019	4	8	2	0	0.010
USC00414775	2019	4	12	22	0	0.020
USC00414775	2019	4	12	23	0	0.260
USC00414775	2019	4	12	24	0	0.180
USC00414775	2019	4	13	1	0	0.230
USC00414775	2019	4	13	2	0	0.150
USC00414775	2019	4	13	3	0	0.020
USC00414775	2019	4	13	9	0	0.080
USC00414775	2019	4	13	10	0	0.030
USC00414775	2019	4	14	2	0	0.010
USC00414775	2019	4	23	5	0	0.640
USC00414775	2019	4	24	6	0	0.070
USC00414775	2019	4	24	7	0	0.100
USC00414775	2019	4	24	9	0	0.020
USC00414775	2019	4	25	7	0	0.010
USC00414775	2019	4	28	4	0	0.010
USC00414775	2019	4	28	17	0	0.010
USC00414775	2019	4	29	18	0	0.280
USC00414775	2019	4	29	19	0	0.250
USC00414775	2019	4	29	20	0	0.010
USC00414775	2019	4	30	18	0	0.010
USC00414775	2019	5	1	3	0	0.010
USC00414775	2019	5	1	18	0	0.010
USC00414775	2019	5	2	2	0	0.010
USC00414775	2019	5	5	16	0	0.010
USC00414775	2019	5	5	18	0	0.030
USC00414775	2019	5	5	19	0	0.030
USC00414775	2019	5	7	3	0	0.060
USC00414775	2019	5	7	4	0	0.040
USC00414775	2019	5	7	5	0	0.030
USC00414775	2019	5	7	15	0	0.080
USC00414775	2019	5	7	16	0	0.650
USC00414775	2019	5	9	2	0	0.010
USC00414775	2019	5	10	1	0	0.010
USC00414775	2019	5	10	8	0	0.050
USC00414775	2019	5	10	9	0	0.200
USC00414775	2019	5	10	12	0	0.010
USC00414775	2019	5	10	16	0	0.010
USC00414775	2019	5	10	23	0	0.020
USC00414775	2019	5	10	24	0	0.030
USC00414775	2019	5	12	24	0	0.010
USC00414775	2019	5	13	10	0	0.010
USC00414775	2019	5	13	13	0	0.070
USC00414775	2019	5	13	14	0	0.180
USC00414775	2019	5	13	15	0	0.050
USC00414775	2019	5	13	16	0	0.020
USC00414775	2019	5	13	17	0	0.010
USC00414775	2019	5	14	20	0	0.010
USC00414775	2019	5	17	20	0	0.010
USC00414775	2019	5	17	23	0	0.010
USC00414775	2019	5	17	24	0	0.080
USC00414775	2019	5	22	2	0	0.010
USC00414775	2019	5	22	22	0	0.010
USC00414775	2019	5	25	14	0	0.090
USC00414775	2019	5	28	2	0	0.010
USC00414775	2019	5	30	21	0	0.010
USC00414775	2019	5	31	20	0	0.050
USC00414775	2019	6	1	21	0	0.020
USC00414775	2019	6	1	22	0	0.220
USC00414775	2019	6	2	2	0	0.010
USC00414775	2019	6	2	3	0	0.040
USC00414775	2019	6	2	7	0	0.010
USC00414775	2019	6	2	20	0	0.020
USC00414775	2019	6	2	21	0	0.850
USC00414775	2019	6	2	22	0	0.080
USC00414775	2019	6	3	22	0	0.020
USC00414775	2019	6	4	21	0	0.040
USC00414775	2019	6	5	17	0	0.010
USC00414775	2019	6	13	22	0	0.001
USC00414775	2019	6	13	23	0	0.003
USC00414775	2019	6	30	15	0	0.001
USC00414775	2019	6	30	16	0	0.05
USC00414775	2019	6	30	17	0	0.002
USC00414775	2019	7	2	11	0	0.002
USC00414775	2019	7	2	12	0	0.001
USC00414775	2019	7	2	13	0	0.002
USC00414775	2019	7	3	22	0	0.032
USC00414775	2019	7	3	23	0	0.001
USC00414775	2019	7	6	20	0	0.001
USC00414775	2019	7	11	19	0	0.002
USC00414775	2019	7	17	19	0	0.002
USC00414775	2019	7	17	20	0	0.001
USC00414775	2019	7	21	24	0	0.001
USC00414775	2019	7	22	13	0	0.007
USC00414775	2019	7	22	14	0	0.007
USC00414775	2019	7	22	16	0	0.002
USC00414775	2019	7	22	17	0	0.004
USC00414775	2019	7	22	18	0	0.002
USC00414775	2019	7	22	22	0	0.004
USC00414775	2019	7	22	23	0	0.014
USC00414775	2019	7	22	24	0	0.009
USC00414775	2019	7	23	1	0	0.001
USC00414775	2019	8	13	22	0	0.001
USC00414775	2019	8	15	17	0	0.003
USC00414775	2019	8	22	18	0	0.014
USC00414775	2019	8	22	19	0	0.057
USC00414775	2019	8	22	20	0	0.134
USC00414775	2019	8	22	21	0	0.049
USC00414775	2019	8	23	18	0	0.002
USC00414775	2019	8	23	19	0	0.001
USC00414775	2019	8	27	11	0	0.001
USC00414775	2019	8	27	12	0	0.001
USC00414775	2019	8	27	13	0	0.001
USC00414775	2019	8	27	14	0	0.001
USC00414775	2019	8	27	19	0	0.012
USC00414775	2019	8	27	20	0	0.001
USC00414775	2019	8	28	6	0	0.001
USC00414775	2019	9	8	18	0	0.013
USC00414775	2019	9	8	19	0	0.044
USC00414775	2019	9	8	20	0	0.007
USC00414775	2019	9	8	21	0	0.023
USC00414775	2019	9	8	22	0	0.003
USC00414775	2019	9	8	23	0	0.001
USC00414775	2019	9	8	24	0	0.013
USC00414775	2019	9	9	2	0	0.003
USC00414775	2019	9	9	5	0	0.014
USC00414775	2019	9	9	6	0	0.009
USC00414775	2019	9	9	7	0	0.006
USC00414775	2019	9	21	7	0	0.010
USC00414775	2019	9	21	8	0	0.060
USC00414775	2019	9	21	9	0	0.050
USC00414775	2019	9	21	17	0	0.010
USC00414775	2019	9	21	18	0	0.060
USC00414775	2019	9	21	20	0	0.060
USC00414775	2019	9	21	23	0	0.010
USC00414775	2019	9	27	22	0	0.040
USC00414775	2019	9	28	4	0	0.010
USC00414775	2019	10	9	1	0	0.010
USC00414775	2019	10	9	5	0	0.030
USC00414775	2019	10	11	2	0	0.010
USC00414775	2019	10	28	5	0	0.010
USC00414775	2019	11	6	19	0	0.080
USC00414775	2019	11	6	20	0	0.650
USC00414775	2019	11	6	21	0	0.010
USC00414775	2019	11	6	22	0	0.050
USC00414775	2019	11	7	8	0	0.010
USC00414775	2019	11	7	9	0	0.170
USC00414775	2019	11	7	10	0	0.190
USC00414775	2019	11	7	11	0	0.150
USC00414775	2019	11	7	12	0	0.110
USC00414775	2019	11	7	13	0	0.050
USC00414775	2019	11	19	19	0	0.010
USC00414775	2019	11	20	1	0	0.040
USC00414775	2019	11	20	2	0	0.010
USC00414775	2019	11	21	18	0	0.010
USC00414775	2019	11	22	1	0	0.010
USC00414775	2019	11	27	14	0	0.010
USC00414775	2019	11	27	15	0	0.040
USC00414775	2019	11	27	16	0	0.010
USC00414775	2019	11	27	17	0	0.040
USC00414775	2019	11	27	18	0	0.050
USC00414775	2019	11	27	19	0	0.020
USC00414775	2019	11	27	20	0	0.010
USC00414775	2019	11	27	24	0	0.010
USC00414775	2019	11	28	1	0	0.010
USC00414775	2019	11	28	2	0	0.010
USC00414775	2019	11	28	3	0	0.020
USC00414775	2019	11	29	7	0	0.010
USC00414775	2019	12	9	12	0	0.010
USC00414775	2019	12	9	13	0	0.010
USC00414775	2019	12	9	14	0	0.010
USC00414775	2019	12	9	15	0	0.030
USC00414775	2019	12	9	16	0	0.070
USC00414775	2019	12	9	17	0	0.060
USC00414775	2019	12	9	18	0	0.030
USC00414775	2019	12	9	19	0	0.050
USC00414775	2019	12	9	20	0	0.010
USC00414775	2019	12	9	23	0	0.010
USC00414775	2019	12	10	4	0	0.010
USC00414775	2019	12	28	24	0	0.010
USC00414775	2019	12	29	22	0	0.010
