USC00142560	1990	1	3	16	0	0.100
USC00142560	1990	1	18	21	0	0.088
USC00142560	1990	1	18	23	0	0.087
USC00142560	1990	1	19	2	0	0.175
USC00142560	1990	1	19	3	0	0.088
USC00142560	1990	1	19	5	0	0.087
USC00142560	1990	1	19	11	0	0.088
USC00142560	1990	1	19	14	0	0.087
USC00142560	1990	2	3	11	0	0.100
USC00142560	1990	2	6	2	0	0.100
USC00142560	1990	2	6	4	0	0.100
USC00142560	1990	2	6	5	0	0.100
USC00142560	1990	2	16	11	0	0.100
USC00142560	1990	2	21	4	0	0.100
USC00142560	1990	2	21	8	0	0.100
USC00142560	1990	2	21	11	0	0.100
USC00142560	1990	2	21	13	0	0.100
USC00142560	1990	2	21	16	0	0.100
USC00142560	1990	2	21	19	0	0.100
USC00142560	1990	2	21	20	0	0.100
USC00142560	1990	2	21	21	0	0.100
USC00142560	1990	2	21	22	0	0.100
USC00142560	1990	2	21	24	0	0.100
USC00142560	1990	2	22	1	0	0.100
USC00142560	1990	2	22	4	0	0.100
USC00142560	1990	2	28	10	0	0.100
USC00142560	1990	2	28	14	0	0.100
USC00142560	1990	3	6	9	0	0.100
USC00142560	1990	3	6	12	0	1.200
USC00142560	1990	3	9	23	0	0.100
USC00142560	1990	3	11	9	0	0.100
USC00142560	1990	3	13	8	0	0.300
USC00142560	1990	3	28	1	0	0.100
USC00142560	1990	3	28	2	0	0.100
USC00142560	1990	3	28	8	0	0.100
USC00142560	1990	3	29	15	0	0.100
USC00142560	1990	3	29	23	0	0.100
USC00142560	1990	3	30	4	0	0.100
USC00142560	1990	4	12	3	0	0.100
USC00142560	1990	4	16	19	0	0.100
USC00142560	1990	4	16	20	0	0.100
USC00142560	1990	4	18	21	0	0.100
USC00142560	1990	4	23	19	0	0.400
USC00142560	1990	4	23	20	0	0.100
USC00142560	1990	4	23	21	0	0.100
USC00142560	1990	4	24	22	0	0.200
USC00142560	1990	4	24	23	0	0.300
USC00142560	1990	4	24	24	0	0.100
USC00142560	1990	4	25	4	0	0.600
USC00142560	1990	4	25	5	0	0.100
USC00142560	1990	4	25	6	0	0.200
USC00142560	1990	4	25	7	0	0.100
USC00142560	1990	4	27	1	0	0.100
USC00142560	1990	4	27	8	0	0.100
USC00142560	1990	5	2	13	0	0.100
USC00142560	1990	5	2	14	0	0.100
USC00142560	1990	5	2	16	0	0.100
USC00142560	1990	5	2	18	0	0.100
USC00142560	1990	5	2	20	0	0.100
USC00142560	1990	5	2	21	0	0.100
USC00142560	1990	5	2	22	0	0.100
USC00142560	1990	5	2	24	0	0.400
USC00142560	1990	5	3	2	0	0.100
USC00142560	1990	5	23	18	0	0.500
USC00142560	1990	5	23	20	0	0.100
USC00142560	1990	5	29	9	0	0.200
USC00142560	1990	5	29	11	0	0.100
USC00142560	1990	5	29	15	0	0.100
USC00142560	1990	5	29	17	0	0.100
USC00142560	1990	6	9	24	0	0.100
USC00142560	1990	6	10	11	0	0.100
USC00142560	1990	6	15	19	0	0.200
USC00142560	1990	6	16	7	0	0.100
USC00142560	1990	6	19	17	0	0.100
USC00142560	1990	6	20	3	0	0.100
USC00142560	1990	6	21	9	0	0.200
USC00142560	1990	6	21	10	0	0.100
USC00142560	1990	6	21	15	0	0.400
USC00142560	1990	6	21	19	0	0.100
USC00142560	1990	7	11	21	0	0.100
USC00142560	1990	7	19	20	0	0.100
USC00142560	1990	7	19	21	0	0.300
USC00142560	1990	7	21	4	0	0.200
USC00142560	1990	7	21	9	0	0.100
USC00142560	1990	7	23	24	0	0.300
USC00142560	1990	7	24	1	0	0.200
USC00142560	1990	7	24	2	0	0.200
USC00142560	1990	7	24	8	0	0.100
USC00142560	1990	7	27	21	0	0.200
USC00142560	1990	7	27	22	0	0.100
USC00142560	1990	7	28	5	0	0.100
USC00142560	1990	8	3	2	0	0.100
USC00142560	1990	8	3	22	0	0.100
USC00142560	1990	8	20	15	0	0.200
USC00142560	1990	8	20	16	0	0.100
USC00142560	1990	9	6	20	0	0.100
USC00142560	1990	9	6	21	0	0.100
USC00142560	1990	9	6	22	0	0.200
USC00142560	1990	9	7	14	0	0.100
USC00142560	1990	9	17	3	0	0.100
USC00142560	1990	9	17	7	0	0.100
USC00142560	1990	9	19	8	0	0.300
USC00142560	1990	9	19	9	0	0.100
USC00142560	1990	9	28	6	0	0.100
USC00142560	1990	9	28	7	0	0.100
USC00142560	1990	9	29	4	0	0.100
USC00142560	1990	9	29	5	0	0.200
USC00142560	1990	9	29	6	0	0.100
USC00142560	1990	9	29	8	0	0.100
USC00142560	1990	9	29	9	0	0.100
USC00142560	1990	10	2	17	0	0.100
USC00142560	1990	10	8	5	0	0.200
USC00142560	1990	10	8	7	0	0.100
USC00142560	1990	10	8	8	0	0.100
USC00142560	1990	10	8	24	0	0.100
USC00142560	1990	11	3	6	0	0.100
USC00142560	1990	11	3	17	0	0.100
USC00142560	1990	11	3	20	0	0.100
USC00142560	1990	11	5	10	0	0.100
USC00142560	1990	12	13	12	0	0.100
USC00142560	1990	12	16	7	0	0.100
USC00142560	1990	12	16	8	0	0.100
USC00142560	1990	12	16	9	0	0.100
USC00142560	1990	12	17	2	0	0.200
USC00142560	1991	1	8	14	0	0.100
USC00142560	1991	1	10	0	0	0.100
USC00142560	1991	1	10	1	0	0.100
USC00142560	1991	1	10	12	0	0.100
USC00142560	1991	3	2	11	0	0.100
USC00142560	1991	3	2	12	0	0.100
USC00142560	1991	3	2	16	0	0.100
USC00142560	1991	3	15	9	0	0.100
USC00142560	1991	3	16	12	0	0.100
USC00142560	1991	3	16	13	0	0.200
USC00142560	1991	3	16	18	0	0.100
USC00142560	1991	3	16	19	0	0.200
USC00142560	1991	3	16	20	0	0.100
USC00142560	1991	3	16	22	0	0.100
USC00142560	1991	3	16	23	0	0.100
USC00142560	1991	3	28	12	0	0.100
USC00142560	1991	3	28	15	0	0.100
USC00142560	1991	4	2	21	0	0.100
USC00142560	1991	4	2	22	0	0.400
USC00142560	1991	4	8	24	0	0.100
USC00142560	1991	4	20	10	0	0.100
USC00142560	1991	4	21	5	0	0.100
USC00142560	1991	4	24	8	0	0.100
USC00142560	1991	5	2	17	0	0.100
USC00142560	1991	5	22	3	0	0.100
USC00142560	1991	5	23	13	0	0.100
USC00142560	1991	5	23	16	0	0.200
USC00142560	1991	5	24	17	0	0.100
USC00142560	1991	5	24	18	0	0.100
USC00142560	1991	5	24	20	0	0.100
USC00142560	1991	5	24	21	0	0.100
USC00142560	1991	5	29	19	0	0.600
USC00142560	1991	5	29	20	0	0.600
USC00142560	1991	6	1	11	0	0.300
USC00142560	1991	6	6	24	0	0.100
USC00142560	1991	6	10	7	0	0.200
USC00142560	1991	6	17	18	0	0.200
USC00142560	1991	6	23	9	0	1.700
USC00142560	1991	6	23	10	0	0.300
USC00142560	1991	7	2	11	0	0.100
USC00142560	1991	7	3	3	0	0.400
USC00142560	1991	7	10	16	0	0.100
USC00142560	1991	7	10	18	0	0.400
USC00142560	1991	7	10	19	0	0.100
USC00142560	1991	7	10	23	0	0.100
USC00142560	1991	7	11	23	0	0.200
USC00142560	1991	7	12	1	0	0.100
USC00142560	1991	7	13	14	0	0.100
USC00142560	1991	7	27	19	0	0.300
USC00142560	1991	8	4	20	0	0.200
USC00142560	1991	8	4	21	0	0.300
USC00142560	1991	8	5	10	0	0.100
USC00142560	1991	8	13	5	0	0.300
USC00142560	1991	8	13	6	0	0.200
USC00142560	1991	8	13	7	0	0.100
USC00142560	1991	8	13	8	0	0.100
USC00142560	1991	8	18	6	0	0.100
USC00142560	1991	8	18	7	0	0.100
USC00142560	1991	8	20	17	0	0.200
USC00142560	1991	8	21	11	0	0.100
USC00142560	1991	8	28	4	0	0.200
USC00142560	1991	8	28	5	0	0.200
USC00142560	1991	8	28	7	0	0.100
USC00142560	1991	8	31	14	0	0.100
USC00142560	1991	9	3	17	0	0.100
USC00142560	1991	9	7	14	0	0.100
USC00142560	1991	9	24	2	0	0.100
USC00142560	1991	9	24	3	0	0.100
USC00142560	1991	10	27	23	0	0.500
USC00142560	1991	10	27	24	0	0.200
USC00142560	1991	10	28	1	0	0.200
USC00142560	1991	10	28	2	0	0.100
USC00142560	1991	10	30	18	0	0.100
USC00142560	1991	10	30	19	0	0.100
USC00142560	1991	10	30	22	0	0.100
USC00142560	1991	10	31	7	0	0.100
USC00142560	1991	10	31	8	0	0.100
USC00142560	1991	11	6	18	0	0.100
USC00142560	1991	11	7	8	0	0.100
USC00142560	1991	11	11	13	0	0.100
USC00142560	1991	11	11	16	0	0.100
USC00142560	1991	11	15	24	0	0.100
USC00142560	1991	11	16	2	0	0.100
USC00142560	1991	11	16	7	0	0.100
USC00142560	1991	11	16	8	0	0.200
USC00142560	1991	11	16	9	0	0.500
USC00142560	1991	11	16	10	0	0.200
USC00142560	1991	11	16	11	0	0.300
USC00142560	1991	11	16	12	0	0.100
USC00142560	1991	12	11	18	0	0.100
USC00142560	1991	12	11	21	0	0.100
USC00142560	1991	12	18	23	0	0.100
USC00142560	1991	12	19	1	0	0.100
USC00142560	1991	12	19	2	0	0.100
USC00142560	1991	12	19	9	0	0.100
USC00142560	1991	12	19	12	0	0.100
USC00142560	1991	12	19	21	0	0.100
USC00142560	1991	12	19	22	0	0.100
USC00142560	1991	12	20	1	0	0.100
USC00142560	1991	12	20	4	0	0.100
USC00142560	1991	12	20	8	0	0.100
USC00142560	1991	12	26	13	0	0.100
USC00142560	1991	12	26	18	0	0.100
USC00142560	1991	12	27	10	0	0.100
USC00142560	1991	12	28	2	0	0.100
USC00142560	1991	12	31	10	0	0.100
USC00142560	1991	12	31	11	0	0.100
USC00142560	1991	12	31	12	0	0.200
USC00142560	1992	1	1	10	0	0.100
USC00142560	1992	1	7	4	0	0.200
USC00142560	1992	1	7	5	0	0.100
USC00142560	1992	2	3	2	0	0.100
USC00142560	1992	2	14	13	0	0.100
USC00142560	1992	2	24	14	0	0.100
USC00142560	1992	3	3	10	0	0.100
USC00142560	1992	3	27	20	0	0.200
USC00142560	1992	3	27	21	0	0.100
USC00142560	1992	3	27	23	0	0.100
USC00142560	1992	3	27	24	0	0.100
USC00142560	1992	3	31	10	0	0.100
USC00142560	1992	3	31	15	0	0.100
USC00142560	1992	4	16	24	0	0.107
USC00142560	1992	4	20	9	0	0.107
USC00142560	1992	5	10	14	0	0.107
USC00142560	1992	5	10	15	0	0.213
USC00142560	1992	5	10	17	0	0.533
USC00142560	1992	5	10	22	0	0.107
USC00142560	1992	5	10	23	0	0.107
USC00142560	1992	5	13	22	0	0.300
USC00142560	1992	5	13	23	0	0.100
USC00142560	1992	5	14	4	0	0.100
USC00142560	1992	5	21	13	0	0.100
USC00142560	1992	5	22	15	0	0.100
USC00142560	1992	5	25	11	0	0.100
USC00142560	1992	5	27	12	0	0.100
USC00142560	1992	5	27	14	0	0.100
USC00142560	1992	5	27	15	0	0.100
USC00142560	1992	5	27	16	0	0.100
USC00142560	1992	5	27	17	0	0.100
USC00142560	1992	5	27	18	0	0.100
USC00142560	1992	5	27	19	0	0.100
USC00142560	1992	5	27	21	0	0.100
USC00142560	1992	5	31	4	0	0.100
USC00142560	1992	5	31	6	0	0.200
USC00142560	1992	5	31	8	0	0.100
USC00142560	1992	5	31	16	0	0.200
USC00142560	1992	5	31	21	0	0.100
USC00142560	1992	6	2	13	0	0.100
USC00142560	1992	6	2	15	0	0.100
USC00142560	1992	6	2	21	0	0.100
USC00142560	1992	6	4	23	0	0.200
USC00142560	1992	6	5	1	0	0.100
USC00142560	1992	6	5	19	0	0.100
USC00142560	1992	6	5	20	0	0.100
USC00142560	1992	6	7	8	0	0.100
USC00142560	1992	6	7	9	0	0.100
USC00142560	1992	6	7	10	0	0.100
USC00142560	1992	6	9	1	0	0.500
USC00142560	1992	6	9	17	0	0.100
USC00142560	1992	6	13	9	0	0.100
USC00142560	1992	6	19	22	0	0.400
USC00142560	1992	6	19	24	0	0.100
USC00142560	1992	6	20	19	0	0.100
USC00142560	1992	6	20	24	0	0.200
USC00142560	1992	6	21	1	0	0.300
USC00142560	1992	6	21	2	0	0.100
USC00142560	1992	6	21	3	0	0.100
USC00142560	1992	6	21	4	0	0.100
USC00142560	1992	6	25	1	0	0.100
USC00142560	1992	6	27	19	0	0.400
USC00142560	1992	6	27	20	0	0.700
USC00142560	1992	6	27	21	0	0.300
USC00142560	1992	6	27	22	0	0.200
USC00142560	1992	6	28	9	0	0.100
USC00142560	1992	6	28	10	0	0.100
USC00142560	1992	6	28	12	0	0.100
USC00142560	1992	6	28	16	0	0.100
USC00142560	1992	7	4	18	0	0.300
USC00142560	1992	7	13	21	0	0.800
USC00142560	1992	7	15	21	0	0.100
USC00142560	1992	7	15	22	0	0.100
USC00142560	1992	7	15	23	0	0.100
USC00142560	1992	7	16	1	0	0.100
USC00142560	1992	7	16	9	0	0.100
USC00142560	1992	7	19	4	0	1.000
USC00142560	1992	7	19	5	0	0.500
USC00142560	1992	7	21	13	0	0.100
USC00142560	1992	7	26	22	0	0.100
USC00142560	1992	8	3	23	0	0.100
USC00142560	1992	8	3	24	0	0.900
USC00142560	1992	8	5	7	0	0.100
USC00142560	1992	8	6	13	0	0.100
USC00142560	1992	8	6	22	0	0.400
USC00142560	1992	8	10	21	0	0.300
USC00142560	1992	8	10	22	0	1.300
USC00142560	1992	8	11	6	0	0.100
USC00142560	1992	8	11	12	0	0.100
USC00142560	1992	8	16	24	0	0.100
USC00142560	1992	8	17	1	0	0.500
USC00142560	1992	8	17	2	0	0.400
USC00142560	1992	8	17	16	0	0.100
USC00142560	1992	8	17	18	0	0.100
USC00142560	1992	8	17	23	0	0.300
USC00142560	1992	8	18	1	0	0.200
USC00142560	1992	8	18	2	0	0.100
USC00142560	1992	8	18	3	0	0.200
USC00142560	1992	8	18	4	0	0.100
USC00142560	1992	8	18	9	0	0.100
USC00142560	1992	8	24	24	0	0.200
USC00142560	1992	8	25	1	0	0.500
USC00142560	1992	8	25	2	0	0.300
USC00142560	1992	8	25	3	0	0.200
USC00142560	1992	8	25	5	0	0.100
USC00142560	1992	8	25	7	0	0.100
USC00142560	1992	10	7	15	0	0.100
USC00142560	1992	11	2	24	0	0.100
USC00142560	1992	11	3	1	0	0.100
USC00142560	1992	11	11	9	0	0.100
USC00142560	1992	11	18	14	0	0.100
USC00142560	1992	11	18	16	0	0.100
USC00142560	1992	11	18	19	0	0.100
USC00142560	1992	11	18	20	0	0.100
USC00142560	1992	11	18	22	0	0.100
USC00142560	1992	11	18	23	0	0.100
USC00142560	1992	11	20	19	0	0.100
USC00142560	1992	11	21	9	0	0.100
USC00142560	1992	11	21	13	0	0.100
USC00142560	1992	11	21	16	0	0.100
USC00142560	1992	11	21	23	0	0.100
USC00142560	1992	11	22	10	0	0.100
USC00142560	1992	11	24	7	0	0.100
USC00142560	1992	11	24	8	0	0.100
USC00142560	1992	11	24	9	0	0.100
USC00142560	1992	11	24	11	0	0.100
USC00142560	1992	11	24	12	0	0.100
USC00142560	1992	11	24	14	0	0.100
USC00142560	1992	11	24	15	0	0.100
USC00142560	1992	11	24	17	0	0.100
USC00142560	1992	11	24	19	0	0.100
USC00142560	1992	11	25	1	0	0.100
USC00142560	1992	12	5	9	0	0.100
USC00142560	1992	12	5	12	0	0.100
USC00142560	1992	12	8	19	0	0.100
USC00142560	1992	12	9	11	0	0.100
USC00142560	1992	12	13	3	0	0.200
USC00142560	1992	12	13	5	0	0.100
USC00142560	1992	12	13	6	0	0.100
USC00142560	1992	12	14	1	0	0.100
USC00142560	1992	12	14	3	0	0.100
USC00142560	1992	12	14	4	0	0.100
USC00142560	1992	12	14	7	0	0.100
USC00142560	1992	12	14	11	0	0.100
USC00142560	1993	1	1	14	0	0.100
USC00142560	1993	1	7	14	0	0.100
USC00142560	1993	1	8	19	0	0.100
USC00142560	1993	1	8	20	0	0.100
USC00142560	1993	1	8	21	0	0.100
USC00142560	1993	1	9	2	0	0.100
USC00142560	1993	1	9	4	0	0.100
USC00142560	1993	1	10	12	0	0.100
USC00142560	1993	1	19	13	0	0.200
USC00142560	1993	1	19	14	0	0.100
USC00142560	1993	2	10	3	0	0.100
USC00142560	1993	2	10	5	0	0.100
USC00142560	1993	2	10	6	0	0.100
USC00142560	1993	2	10	11	0	0.100
USC00142560	1993	2	10	18	0	0.100
USC00142560	1993	2	10	22	0	0.100
USC00142560	1993	2	11	5	0	0.100
USC00142560	1993	2	11	12	0	0.100
USC00142560	1993	2	14	20	0	0.100
USC00142560	1993	2	15	1	0	0.100
USC00142560	1993	2	15	7	0	0.100
USC00142560	1993	2	15	9	0	0.100
USC00142560	1993	2	15	11	0	0.150
USC00142560	1993	2	15	12	0	0.150
USC00142560	1993	2	15	13	0	0.100
USC00142560	1993	3	1	6	0	0.100
USC00142560	1993	3	1	7	0	0.100
USC00142560	1993	3	1	8	0	0.100
USC00142560	1993	3	1	10	0	0.100
USC00142560	1993	3	1	11	0	0.100
USC00142560	1993	3	1	13	0	0.100
USC00142560	1993	3	11	13	0	0.100
USC00142560	1993	3	11	17	0	0.100
USC00142560	1993	3	12	5	0	0.100
USC00142560	1993	3	22	9	0	0.100
USC00142560	1993	3	29	17	0	0.100
USC00142560	1993	3	30	2	0	0.100
USC00142560	1993	4	3	13	0	0.100
USC00142560	1993	4	3	14	0	0.100
USC00142560	1993	4	6	18	0	0.200
USC00142560	1993	4	16	24	0	0.100
USC00142560	1993	4	27	23	0	0.900
USC00142560	1993	4	27	24	0	0.100
USC00142560	1993	4	28	3	0	0.300
USC00142560	1993	4	28	8	0	0.100
USC00142560	1993	4	30	10	0	0.100
USC00142560	1993	4	30	16	0	0.100
USC00142560	1993	4	30	17	0	0.800
USC00142560	1993	4	30	18	0	0.500
USC00142560	1993	4	30	19	0	0.400
USC00142560	1993	4	30	22	0	1.500
USC00142560	1993	4	30	23	0	0.100
USC00142560	1993	4	30	24	0	0.100
USC00142560	1993	5	1	13	0	0.100
USC00142560	1993	5	1	14	0	0.200
USC00142560	1993	5	1	15	0	0.200
USC00142560	1993	5	1	16	0	0.100
USC00142560	1993	5	1	17	0	0.100
USC00142560	1993	5	1	18	0	0.100
USC00142560	1993	5	2	5	0	0.100
USC00142560	1993	5	2	7	0	0.100
USC00142560	1993	5	11	4	0	0.100
USC00142560	1993	5	11	15	0	0.100
USC00142560	1993	5	22	2	0	0.100
USC00142560	1993	5	25	2	0	0.100
USC00142560	1993	5	25	12	0	0.100
USC00142560	1993	5	31	11	0	0.100
USC00142560	1993	6	2	21	0	0.100
USC00142560	1993	6	2	22	0	1.000
USC00142560	1993	6	2	24	0	1.000
USC00142560	1993	6	3	1	0	0.200
USC00142560	1993	6	14	8	0	0.300
USC00142560	1993	6	14	9	0	0.200
USC00142560	1993	6	14	10	0	0.100
USC00142560	1993	6	14	11	0	0.100
USC00142560	1993	6	17	13	0	0.100
USC00142560	1993	6	17	14	0	0.100
USC00142560	1993	6	18	10	0	0.100
USC00142560	1993	6	18	16	0	0.100
USC00142560	1993	6	18	22	0	0.200
USC00142560	1993	6	18	23	0	0.100
USC00142560	1993	6	19	4	0	0.100
USC00142560	1993	6	19	5	0	0.200
USC00142560	1993	6	19	6	0	0.200
USC00142560	1993	6	25	19	0	0.100
USC00142560	1993	6	26	6	0	0.100
USC00142560	1993	6	26	24	0	0.400
USC00142560	1993	6	27	1	0	0.100
USC00142560	1993	7	9	23	0	0.100
USC00142560	1993	7	9	24	0	0.100
USC00142560	1993	7	11	15	0	0.300
USC00142560	1993	7	12	7	0	0.100
USC00142560	1993	7	13	22	0	0.100
USC00142560	1993	7	14	2	0	0.600
USC00142560	1993	7	14	3	0	0.200
USC00142560	1993	7	15	23	0	0.100
USC00142560	1993	7	21	1	0	0.100
USC00142560	1993	7	21	2	0	0.200
USC00142560	1993	7	21	3	0	0.100
USC00142560	1993	7	21	5	0	0.100
USC00142560	1993	8	2	20	0	0.100
USC00142560	1993	8	4	7	0	0.100
USC00142560	1993	8	4	9	0	0.200
USC00142560	1993	8	4	12	0	0.100
USC00142560	1993	8	5	2	0	0.100
USC00142560	1993	8	5	3	0	0.100
USC00142560	1993	8	5	4	0	0.600
USC00142560	1993	8	27	13	0	0.200
USC00142560	1993	8	27	14	0	1.000
USC00142560	1993	8	27	23	0	0.100
USC00142560	1993	8	27	24	0	0.100
USC00142560	1993	8	29	15	0	0.100
USC00142560	1993	8	31	9	0	0.100
USC00142560	1993	9	5	16	0	0.200
USC00142560	1993	9	5	17	0	0.100
USC00142560	1993	9	24	21	0	0.200
USC00142560	1993	9	24	22	0	0.200
USC00142560	1993	10	17	8	0	0.100
USC00142560	1993	10	17	20	0	0.100
USC00142560	1993	10	18	6	0	0.100
USC00142560	1993	10	20	5	0	0.100
USC00142560	1993	10	29	3	0	0.100
USC00142560	1993	11	12	4	0	0.100
USC00142560	1993	11	13	24	0	0.100
USC00142560	1993	11	14	1	0	0.100
USC00142560	1993	11	16	2	0	0.100
USC00142560	1993	11	16	4	0	0.200
USC00142560	1993	11	16	13	0	0.100
USC00142560	1993	12	13	10	0	0.100
USC00142560	1994	1	26	4	0	0.300
USC00142560	1994	1	26	5	0	0.200
USC00142560	1994	1	30	11	0	0.100
USC00142560	1994	2	21	16	0	0.100
USC00142560	1994	2	21	24	0	0.100
USC00142560	1994	2	22	11	0	0.100
USC00142560	1994	2	22	18	0	0.100
USC00142560	1994	4	2	16	0	0.400
USC00142560	1994	4	2	17	0	0.300
USC00142560	1994	4	10	2	0	0.100
USC00142560	1994	4	11	2	0	0.200
USC00142560	1994	4	11	3	0	0.100
USC00142560	1994	4	11	5	0	0.100
USC00142560	1994	4	11	12	0	0.100
USC00142560	1994	4	27	7	0	0.200
USC00142560	1994	4	28	1	0	0.300
USC00142560	1994	4	28	4	0	0.100
USC00142560	1994	4	29	14	0	0.100
USC00142560	1994	4	29	15	0	0.100
USC00142560	1994	4	29	16	0	0.100
USC00142560	1994	4	29	22	0	0.100
USC00142560	1994	5	14	5	0	0.100
USC00142560	1994	5	24	1	0	0.100
USC00142560	1994	5	24	2	0	0.100
USC00142560	1994	5	24	3	0	0.100
USC00142560	1994	5	24	21	0	0.100
USC00142560	1994	5	28	22	0	0.200
USC00142560	1994	5	28	23	0	0.300
USC00142560	1994	5	28	24	0	0.500
USC00142560	1994	5	29	1	0	0.200
USC00142560	1994	5	29	2	0	0.100
USC00142560	1994	6	10	2	0	0.200
USC00142560	1994	6	10	3	0	0.200
USC00142560	1994	6	10	12	0	0.100
USC00142560	1994	6	11	7	0	0.100
USC00142560	1994	6	22	21	0	0.100
USC00142560	1994	6	22	22	0	0.100
USC00142560	1994	6	29	18	0	0.100
USC00142560	1994	7	3	2	0	0.100
USC00142560	1994	7	3	17	0	0.200
USC00142560	1994	7	3	21	0	0.300
USC00142560	1994	7	3	22	0	0.100
USC00142560	1994	7	4	1	0	0.100
USC00142560	1994	7	4	5	0	0.100
USC00142560	1994	7	15	21	0	0.700
USC00142560	1994	7	15	22	0	0.400
USC00142560	1994	7	16	7	0	0.100
USC00142560	1994	7	16	23	0	0.200
USC00142560	1994	7	16	24	0	0.600
USC00142560	1994	7	17	1	0	0.100
USC00142560	1994	7	17	2	0	0.100
USC00142560	1994	7	17	3	0	0.100
USC00142560	1994	7	24	24	0	0.100
USC00142560	1994	7	25	1	0	0.100
USC00142560	1994	7	25	2	0	0.100
USC00142560	1994	7	25	3	0	0.100
USC00142560	1994	7	25	24	0	0.800
USC00142560	1994	8	3	15	0	0.100
USC00142560	1994	8	3	16	0	0.200
USC00142560	1994	8	3	17	0	0.600
USC00142560	1994	8	8	6	0	0.100
USC00142560	1994	8	14	6	0	0.100
USC00142560	1994	8	18	12	0	0.100
USC00142560	1994	8	31	1	0	0.100
USC00142560	1994	8	31	2	0	0.100
USC00142560	1994	8	31	4	0	0.200
USC00142560	1994	8	31	6	0	0.100
USC00142560	1994	8	31	7	0	0.200
USC00142560	1994	8	31	8	0	0.100
USC00142560	1994	8	31	9	0	0.100
USC00142560	1994	8	31	10	0	0.100
USC00142560	1994	9	1	9	0	0.100
USC00142560	1994	9	7	7	0	0.100
USC00142560	1994	9	7	20	0	0.700
USC00142560	1994	9	7	21	0	0.400
USC00142560	1994	9	7	22	0	0.200
USC00142560	1994	9	7	23	0	0.200
USC00142560	1994	9	21	21	0	0.100
USC00142560	1994	10	2	5	0	0.100
USC00142560	1994	10	4	14	0	0.200
USC00142560	1994	10	4	24	0	0.100
USC00142560	1994	10	5	1	0	0.600
USC00142560	1994	10	5	2	0	0.100
USC00142560	1994	10	6	3	0	0.100
USC00142560	1994	10	15	6	0	0.100
USC00142560	1994	10	16	22	0	0.100
USC00142560	1994	10	16	23	0	1.100
USC00142560	1994	10	16	24	0	0.100
USC00142560	1994	10	30	22	0	0.427
USC00142560	1994	10	30	23	0	0.213
USC00142560	1994	11	19	9	0	0.100
USC00142560	1994	11	19	10	0	0.100
USC00142560	1994	11	19	11	0	0.200
USC00142560	1994	11	19	13	0	0.100
USC00142560	1994	11	19	14	0	0.100
USC00142560	1994	11	19	22	0	0.500
USC00142560	1994	11	20	3	0	0.100
USC00142560	1994	12	6	9	0	0.200
USC00142560	1994	12	6	10	0	0.100
USC00142560	1994	12	6	11	0	0.100
USC00142560	1994	12	6	12	0	0.100
USC00142560	1994	12	7	10	0	0.100
USC00142560	1994	12	31	2	0	0.200
USC00142560	1994	12	31	5	0	0.100
USC00142560	1995	1	3	4	0	0.100
USC00142560	1995	1	21	20	0	0.100
USC00142560	1995	1	26	14	0	0.100
USC00142560	1995	1	26	15	0	0.100
USC00142560	1995	1	27	14	0	0.100
USC00142560	1995	2	14	16	0	0.107
USC00142560	1995	2	21	15	0	0.093
USC00142560	1995	3	1	14	0	0.093
USC00142560	1995	3	2	10	0	0.093
USC00142560	1995	3	6	11	0	0.100
USC00142560	1995	3	6	14	0	0.100
USC00142560	1995	3	6	17	0	0.100
USC00142560	1995	3	6	21	0	0.100
USC00142560	1995	3	14	4	0	0.200
USC00142560	1995	3	14	5	0	0.100
USC00142560	1995	3	14	6	0	0.100
USC00142560	1995	3	14	7	0	0.100
USC00142560	1995	3	14	21	0	0.100
USC00142560	1995	3	19	19	0	0.100
USC00142560	1995	3	25	7	0	0.100
USC00142560	1995	3	29	1	0	0.100
USC00142560	1995	4	10	5	0	0.100
USC00142560	1995	4	17	12	0	0.300
USC00142560	1995	4	17	17	0	0.100
USC00142560	1995	4	17	18	0	0.100
USC00142560	1995	4	19	15	0	0.100
USC00142560	1995	4	19	18	0	0.100
USC00142560	1995	4	19	24	0	0.100
USC00142560	1995	4	22	14	0	0.100
USC00142560	1995	4	22	16	0	0.100
USC00142560	1995	4	22	17	0	0.100
USC00142560	1995	4	22	18	0	0.100
USC00142560	1995	4	22	20	0	0.100
USC00142560	1995	4	29	4	0	0.500
USC00142560	1995	5	2	19	0	0.100
USC00142560	1995	5	2	22	0	0.100
USC00142560	1995	5	5	13	0	0.100
USC00142560	1995	5	5	14	0	0.200
USC00142560	1995	5	5	16	0	0.100
USC00142560	1995	5	7	5	0	0.100
USC00142560	1995	5	7	6	0	0.300
USC00142560	1995	5	7	7	0	1.000
USC00142560	1995	5	7	8	0	0.300
USC00142560	1995	5	7	9	0	0.100
USC00142560	1995	5	7	10	0	0.100
USC00142560	1995	5	7	11	0	0.100
USC00142560	1995	5	7	16	0	0.100
USC00142560	1995	5	12	13	0	0.100
USC00142560	1995	5	17	3	0	0.300
USC00142560	1995	5	17	4	0	0.300
USC00142560	1995	5	17	14	0	0.100
USC00142560	1995	5	25	21	0	0.100
USC00142560	1995	5	26	2	0	0.200
USC00142560	1995	5	26	3	0	0.300
USC00142560	1995	5	26	11	0	0.100
USC00142560	1995	5	26	13	0	0.100
USC00142560	1995	5	26	14	0	0.100
USC00142560	1995	5	26	20	0	0.100
USC00142560	1995	5	26	21	0	0.300
USC00142560	1995	5	30	4	0	0.100
USC00142560	1995	5	31	16	0	0.300
USC00142560	1995	6	2	22	0	0.100
USC00142560	1995	6	2	23	0	0.100
USC00142560	1995	6	3	5	0	0.200
USC00142560	1995	6	3	6	0	0.100
USC00142560	1995	6	3	11	0	0.100
USC00142560	1995	6	3	21	0	0.100
USC00142560	1995	6	4	7	0	0.100
USC00142560	1995	6	4	9	0	0.200
USC00142560	1995	6	4	10	0	0.200
USC00142560	1995	6	5	5	0	0.100
USC00142560	1995	6	8	15	0	0.300
USC00142560	1995	6	8	16	0	0.300
USC00142560	1995	6	8	17	0	0.100
USC00142560	1995	6	23	1	0	0.100
USC00142560	1995	6	23	5	0	0.200
USC00142560	1995	6	23	7	0	0.800
USC00142560	1995	6	24	2	0	0.200
USC00142560	1995	6	24	3	0	0.100
USC00142560	1995	6	24	4	0	0.200
USC00142560	1995	6	28	22	0	0.200
USC00142560	1995	6	28	24	0	0.700
USC00142560	1995	6	29	1	0	0.100
USC00142560	1995	6	29	8	0	0.300
USC00142560	1995	6	29	9	0	0.100
USC00142560	1995	6	29	11	0	0.100
USC00142560	1995	7	1	21	0	0.100
USC00142560	1995	7	1	22	0	0.200
USC00142560	1995	7	2	7	0	0.100
USC00142560	1995	7	14	14	0	0.100
USC00142560	1995	7	14	20	0	0.100
USC00142560	1995	7	18	14	0	0.200
USC00142560	1995	7	20	22	0	0.100
USC00142560	1995	7	20	23	0	0.100
USC00142560	1995	7	21	19	0	1.200
USC00142560	1995	7	21	20	0	0.300
USC00142560	1995	7	23	20	0	0.400
USC00142560	1995	7	23	21	0	0.100
USC00142560	1995	8	3	9	0	0.100
USC00142560	1995	8	14	13	0	0.853
USC00142560	1995	8	14	14	0	0.107
USC00142560	1995	8	14	21	0	0.213
USC00142560	1995	9	11	20	0	0.400
USC00142560	1995	9	12	8	0	0.100
USC00142560	1995	9	18	21	0	0.200
USC00142560	1995	9	18	22	0	0.100
USC00142560	1995	9	20	21	0	0.100
USC00142560	1995	9	20	22	0	0.100
USC00142560	1995	9	21	2	0	0.200
USC00142560	1995	9	21	3	0	0.100
USC00142560	1995	9	21	4	0	0.100
USC00142560	1995	9	21	10	0	0.100
USC00142560	1995	9	24	19	0	0.100
USC00142560	1995	9	28	20	0	0.500
USC00142560	1995	9	28	24	0	0.100
USC00142560	1995	10	2	4	0	0.100
USC00142560	1995	11	14	10	0	0.100
USC00142560	1995	11	27	1	0	0.100
USC00142560	1995	12	4	10	0	0.100
USC00142560	1995	12	17	21	0	0.107
USC00142560	1995	12	18	1	0	0.107
USC00142560	1995	12	18	4	0	0.107
USC00142560	1995	12	18	9	0	0.107
USC00142560	1995	12	18	20	0	0.107
USC00142560	1995	12	29	12	0	0.107
USC00142560	1995	12	29	16	0	0.107
USC00142560	1996	1	17	23	0	0.100
USC00142560	1996	3	8	11	0	0.100
USC00142560	1996	3	11	14	0	0.100
USC00142560	1996	3	11	22	0	0.100
USC00142560	1996	3	11	23	0	0.100
USC00142560	1996	3	12	3	0	0.100
USC00142560	1996	3	15	8	0	0.100
USC00142560	1996	3	27	6	0	0.300
USC00142560	1996	3	27	7	0	0.300
USC00142560	1996	3	27	8	0	0.500
USC00142560	1996	3	27	9	0	0.200
USC00142560	1996	3	30	6	0	0.107
USC00142560	1996	3	30	7	0	0.320
USC00142560	1996	3	30	8	0	0.107
USC00142560	1996	3	30	9	0	0.320
USC00142560	1996	3	30	10	0	0.213
USC00142560	1996	3	30	11	0	0.107
USC00142560	1996	3	30	12	0	0.107
USC00142560	1996	4	4	11	0	0.100
USC00142560	1996	4	10	12	0	0.100
USC00142560	1996	4	11	6	0	0.100
USC00142560	1996	5	9	21	0	0.100
USC00142560	1996	5	10	0	0	0.300
USC00142560	1996	5	10	4	0	0.200
USC00142560	1996	5	13	4	0	0.100
USC00142560	1996	5	13	5	0	0.100
USC00142560	1996	5	24	16	0	0.200
USC00142560	1996	5	24	17	0	0.200
USC00142560	1996	5	24	18	0	0.100
USC00142560	1996	5	24	20	0	0.100
USC00142560	1996	5	24	21	0	0.100
USC00142560	1996	5	24	23	0	0.100
USC00142560	1996	5	25	3	0	0.200
USC00142560	1996	5	25	6	0	0.100
USC00142560	1996	5	26	3	0	0.200
USC00142560	1996	5	30	9	0	0.100
USC00142560	1996	5	31	20	0	0.400
USC00142560	1996	5	31	23	0	0.200
USC00142560	1996	6	1	1	0	0.100
USC00142560	1996	6	1	3	0	0.100
USC00142560	1996	6	1	5	0	0.100
USC00142560	1996	6	3	13	0	0.100
USC00142560	1996	6	3	14	0	0.700
USC00142560	1996	6	3	15	0	0.600
USC00142560	1996	6	4	1	0	0.100
USC00142560	1996	6	4	4	0	0.200
USC00142560	1996	6	4	9	0	0.100
USC00142560	1996	6	4	11	0	0.200
USC00142560	1996	6	4	15	0	0.100
USC00142560	1996	6	5	5	0	0.200
USC00142560	1996	6	5	12	0	0.100
USC00142560	1996	6	5	19	0	0.200
USC00142560	1996	6	17	1	0	0.100
USC00142560	1996	6	24	19	0	0.200
USC00142560	1996	6	24	20	0	0.200
USC00142560	1996	6	24	21	0	0.100
USC00142560	1996	6	26	14	0	0.100
USC00142560	1996	6	30	15	0	0.100
USC00142560	1996	6	30	17	0	0.100
USC00142560	1996	7	7	20	0	0.100
USC00142560	1996	7	7	22	0	0.100
USC00142560	1996	7	7	24	0	0.100
USC00142560	1996	7	8	5	0	0.100
USC00142560	1996	7	9	3	0	0.100
USC00142560	1996	7	9	4	0	0.100
USC00142560	1996	7	9	7	0	0.100
USC00142560	1996	7	9	9	0	0.100
USC00142560	1996	7	9	17	0	0.100
USC00142560	1996	7	13	23	0	0.100
USC00142560	1996	7	13	24	0	0.100
USC00142560	1996	7	14	1	0	0.200
USC00142560	1996	7	19	18	0	0.200
USC00142560	1996	7	19	24	0	0.100
USC00142560	1996	7	21	17	0	0.100
USC00142560	1996	7	22	15	0	0.300
USC00142560	1996	7	23	23	0	0.500
USC00142560	1996	7	23	24	0	0.200
USC00142560	1996	7	24	1	0	0.100
USC00142560	1996	7	25	17	0	0.100
USC00142560	1996	7	26	1	0	0.400
USC00142560	1996	7	26	2	0	0.200
USC00142560	1996	7	26	3	0	0.700
USC00142560	1996	7	26	4	0	0.200
USC00142560	1996	7	26	5	0	0.100
USC00142560	1996	7	26	7	0	0.100
USC00142560	1996	7	26	11	0	0.100
USC00142560	1996	7	29	4	0	0.100
USC00142560	1996	8	1	2	0	1.200
USC00142560	1996	8	1	3	0	0.100
USC00142560	1996	8	2	23	0	0.100
USC00142560	1996	8	2	24	0	0.100
USC00142560	1996	8	8	11	0	0.100
USC00142560	1996	8	9	7	0	0.100
USC00142560	1996	8	9	24	0	0.100
USC00142560	1996	8	10	3	0	0.500
USC00142560	1996	8	10	4	0	0.700
USC00142560	1996	8	14	24	0	0.200
USC00142560	1996	8	15	1	0	0.100
USC00142560	1996	8	19	9	0	0.200
USC00142560	1996	8	19	24	0	0.100
USC00142560	1996	8	20	1	0	0.100
USC00142560	1996	8	20	2	0	0.100
USC00142560	1996	8	20	3	0	0.100
USC00142560	1996	8	20	4	0	0.200
USC00142560	1996	8	20	5	0	0.100
USC00142560	1996	8	22	22	0	0.100
USC00142560	1996	8	23	19	0	0.100
USC00142560	1996	8	23	21	0	0.100
USC00142560	1996	8	26	11	0	0.200
USC00142560	1996	8	26	13	0	0.200
USC00142560	1996	8	28	17	0	0.200
USC00142560	1996	9	3	2	0	0.100
USC00142560	1996	9	5	8	0	0.100
USC00142560	1996	9	7	1	0	0.100
USC00142560	1996	9	7	2	0	0.400
USC00142560	1996	9	14	20	0	0.100
USC00142560	1996	9	14	21	0	0.300
USC00142560	1996	9	14	23	0	0.200
USC00142560	1996	9	14	24	0	0.100
USC00142560	1996	9	15	1	0	0.100
USC00142560	1996	9	15	14	0	0.100
USC00142560	1996	9	17	24	0	0.200
USC00142560	1996	9	18	1	0	0.900
USC00142560	1996	9	18	2	0	0.200
USC00142560	1996	9	18	3	0	0.100
USC00142560	1996	9	18	23	0	1.000
USC00142560	1996	9	18	24	0	0.300
USC00142560	1996	9	26	9	0	0.100
USC00142560	1996	10	7	12	0	0.100
USC00142560	1996	10	18	9	0	0.100
USC00142560	1996	10	18	11	0	0.100
USC00142560	1996	10	21	12	0	0.100
USC00142560	1996	10	21	16	0	0.100
USC00142560	1996	10	28	24	0	0.200
USC00142560	1996	11	16	7	0	0.100
USC00142560	1996	11	16	8	0	0.200
USC00142560	1996	11	16	9	0	0.300
USC00142560	1996	11	16	10	0	0.200
USC00142560	1996	11	28	19	0	0.100
USC00142560	1996	11	29	4	0	0.100
USC00142560	1996	11	29	7	0	0.100
USC00142560	1996	11	30	12	0	0.100
USC00142560	1996	11	30	13	0	0.100
USC00142560	1996	11	30	15	0	0.100
USC00142560	1996	12	1	9	0	0.200
USC00142560	1997	1	12	6	0	0.100
USC00142560	1997	2	6	3	0	0.100
USC00142560	1997	2	6	5	0	0.100
USC00142560	1997	2	6	11	0	0.100
USC00142560	1997	2	6	23	0	0.100
USC00142560	1997	2	17	10	0	0.100
USC00142560	1997	2	18	10	0	0.100
USC00142560	1997	2	19	19	0	0.100
USC00142560	1997	2	20	12	0	0.100
USC00142560	1997	2	20	13	0	0.100
USC00142560	1997	2	20	14	0	0.100
USC00142560	1997	2	20	15	0	0.100
USC00142560	1997	2	20	16	0	0.100
USC00142560	1997	2	20	18	0	0.100
USC00142560	1997	2	20	19	0	0.100
USC00142560	1997	2	25	17	0	0.100
USC00142560	1997	2	26	14	0	0.100
USC00142560	1997	2	26	19	0	0.100
USC00142560	1997	4	3	7	0	0.200
USC00142560	1997	4	3	8	0	0.200
USC00142560	1997	4	3	14	0	0.100
USC00142560	1997	4	3	15	0	0.100
USC00142560	1997	4	3	17	0	0.100
USC00142560	1997	4	3	19	0	0.100
USC00142560	1997	4	3	21	0	0.300
USC00142560	1997	4	3	22	0	0.400
USC00142560	1997	4	3	23	0	0.100
USC00142560	1997	4	4	5	0	0.100
USC00142560	1997	4	4	14	0	0.200
USC00142560	1997	4	7	20	0	0.100
USC00142560	1997	4	7	21	0	0.100
USC00142560	1997	4	7	22	0	0.300
USC00142560	1997	4	7	23	0	0.100
USC00142560	1997	4	8	0	0	0.100
USC00142560	1997	4	8	2	0	0.400
USC00142560	1997	4	8	3	0	0.100
USC00142560	1997	4	8	4	0	0.300
USC00142560	1997	4	8	5	0	0.100
USC00142560	1997	4	8	6	0	0.100
USC00142560	1997	4	8	7	0	0.100
USC00142560	1997	4	10	2	0	0.100
USC00142560	1997	4	10	6	0	0.100
USC00142560	1997	4	10	10	0	0.100
USC00142560	1997	4	10	11	0	0.100
USC00142560	1997	4	10	21	0	0.100
USC00142560	1997	4	21	23	0	0.100
USC00142560	1997	4	24	11	0	0.100
USC00142560	1997	4	24	12	0	0.100
USC00142560	1997	4	25	11	0	0.100
USC00142560	1997	4	26	12	0	0.100
USC00142560	1997	5	1	19	0	0.300
USC00142560	1997	5	13	17	0	0.100
USC00142560	1997	5	22	16	0	0.100
USC00142560	1997	5	24	20	0	1.100
USC00142560	1997	5	24	21	0	0.200
USC00142560	1997	5	25	8	0	0.100
USC00142560	1997	5	29	12	0	0.100
USC00142560	1997	5	29	17	0	0.100
USC00142560	1997	6	2	6	0	0.107
USC00142560	1997	6	2	10	0	0.213
USC00142560	1997	6	8	13	0	0.200
USC00142560	1997	6	8	14	0	0.400
USC00142560	1997	6	9	3	0	0.200
USC00142560	1997	6	9	4	0	0.400
USC00142560	1997	6	9	6	0	0.100
USC00142560	1997	6	9	11	0	0.200
USC00142560	1997	6	9	12	0	0.300
USC00142560	1997	6	9	13	0	0.100
USC00142560	1997	6	9	14	0	0.100
USC00142560	1997	6	9	22	0	0.100
USC00142560	1997	6	9	23	0	0.100
USC00142560	1997	6	11	4	0	0.200
USC00142560	1997	6	12	20	0	0.400
USC00142560	1997	6	16	16	0	0.600
USC00142560	1997	6	16	17	0	0.100
USC00142560	1997	6	26	2	0	0.200
USC00142560	1997	6	26	3	0	0.100
USC00142560	1997	7	5	19	0	0.200
USC00142560	1997	7	8	20	0	0.300
USC00142560	1997	7	8	21	0	0.600
USC00142560	1997	7	11	17	0	0.100
USC00142560	1997	7	15	23	0	0.100
USC00142560	1997	7	19	24	0	0.300
USC00142560	1997	7	20	1	0	0.100
USC00142560	1997	7	20	21	0	0.100
USC00142560	1997	7	20	23	0	0.100
USC00142560	1997	7	21	4	0	0.100
USC00142560	1997	7	28	3	0	0.400
USC00142560	1997	7	29	4	0	0.100
USC00142560	1997	7	29	6	0	0.300
USC00142560	1997	7	29	7	0	0.500
USC00142560	1997	7	29	9	0	0.100
USC00142560	1997	8	6	2	0	0.100
USC00142560	1997	8	6	6	0	0.100
USC00142560	1997	8	6	7	0	0.300
USC00142560	1997	8	6	8	0	0.500
USC00142560	1997	8	6	9	0	0.200
USC00142560	1997	8	6	10	0	0.300
USC00142560	1997	8	6	11	0	0.100
USC00142560	1997	8	6	12	0	0.100
USC00142560	1997	8	6	14	0	0.100
USC00142560	1997	8	6	15	0	0.100
USC00142560	1997	8	12	3	0	0.700
USC00142560	1997	8	12	4	0	0.100
USC00142560	1997	8	12	5	0	0.100
USC00142560	1997	8	18	5	0	0.100
USC00142560	1997	8	18	9	0	0.100
USC00142560	1997	8	18	18	0	0.600
USC00142560	1997	8	18	19	0	0.600
USC00142560	1997	8	18	22	0	0.200
USC00142560	1997	8	18	23	0	0.100
USC00142560	1997	8	22	2	0	0.100
USC00142560	1997	9	9	2	0	0.300
USC00142560	1997	9	9	8	0	0.100
USC00142560	1997	9	9	10	0	0.100
USC00142560	1997	9	12	1	0	0.400
USC00142560	1997	9	12	2	0	0.100
USC00142560	1997	9	12	3	0	0.100
USC00142560	1997	9	20	1	0	0.100
USC00142560	1997	9	20	2	0	0.100
USC00142560	1997	9	20	3	0	0.100
USC00142560	1997	9	20	13	0	0.100
USC00142560	1997	9	21	10	0	0.100
USC00142560	1997	9	22	5	0	0.100
USC00142560	1997	9	22	6	0	0.100
USC00142560	1997	9	22	8	0	0.100
USC00142560	1997	9	22	9	0	0.300
USC00142560	1997	9	22	10	0	0.100
USC00142560	1997	9	22	11	0	0.100
USC00142560	1997	9	22	13	0	0.100
USC00142560	1997	9	22	14	0	0.100
USC00142560	1997	9	22	15	0	0.100
USC00142560	1997	9	23	2	0	0.100
USC00142560	1997	10	8	3	0	0.100
USC00142560	1997	10	8	4	0	0.100
USC00142560	1997	10	11	11	0	0.100
USC00142560	1997	10	12	5	0	0.100
USC00142560	1997	10	12	6	0	0.100
USC00142560	1997	10	24	23	0	0.200
USC00142560	1997	10	25	5	0	0.100
USC00142560	1997	10	25	6	0	0.300
USC00142560	1997	10	25	7	0	0.100
USC00142560	1997	10	25	8	0	0.200
USC00142560	1997	10	25	9	0	0.400
USC00142560	1997	10	25	10	0	0.100
USC00142560	1997	10	25	11	0	0.200
USC00142560	1997	10	25	12	0	0.100
USC00142560	1997	10	25	19	0	0.100
USC00142560	1997	11	11	22	0	0.100
USC00142560	1997	11	11	24	0	0.100
USC00142560	1997	11	12	2	0	0.100
USC00142560	1997	11	29	13	0	0.100
USC00142560	1997	12	1	11	0	0.100
USC00142560	1997	12	2	11	0	0.100
USC00142560	1997	12	2	12	0	0.100
USC00142560	1997	12	2	13	0	0.100
USC00142560	1997	12	2	19	0	0.100
USC00142560	1997	12	3	12	0	0.100
USC00142560	1997	12	21	3	0	0.100
USC00142560	1997	12	21	5	0	0.100
USC00142560	1997	12	21	10	0	0.100
USC00142560	1997	12	21	14	0	0.100
USC00142560	1997	12	22	9	0	0.100
USC00142560	1997	12	23	5	0	0.100
USC00142560	1997	12	23	8	0	0.100
USC00142560	1997	12	23	10	0	0.200
USC00142560	1997	12	23	12	0	0.100
USC00142560	1997	12	23	16	0	0.100
USC00142560	1997	12	23	18	0	0.100
USC00142560	1997	12	23	19	0	0.100
USC00142560	1997	12	23	20	0	0.100
USC00142560	1997	12	23	21	0	0.100
USC00142560	1997	12	23	23	0	0.100
USC00142560	1997	12	23	24	0	0.100
USC00142560	1997	12	24	2	0	0.100
USC00142560	1997	12	24	4	0	0.100
USC00142560	1997	12	24	6	0	0.100
USC00142560	1997	12	24	12	0	0.200
USC00142560	1998	1	4	0	0	0.100
USC00142560	1998	1	4	1	0	0.100
USC00142560	1998	1	4	2	0	0.100
USC00142560	1998	1	12	4	0	0.100
USC00142560	1998	1	31	13	0	0.200
USC00142560	1998	1	31	15	0	0.100
USC00142560	1998	2	5	11	0	0.100
USC00142560	1998	2	16	20	0	0.100
USC00142560	1998	2	21	3	0	0.100
USC00142560	1998	3	1	18	0	0.100
USC00142560	1998	3	7	11	0	0.200
USC00142560	1998	3	7	13	0	0.100
USC00142560	1998	3	7	14	0	0.100
USC00142560	1998	3	7	15	0	0.100
USC00142560	1998	3	7	16	0	0.100
USC00142560	1998	3	7	23	0	0.100
USC00142560	1998	3	15	22	0	0.100
USC00142560	1998	3	15	23	0	0.100
USC00142560	1998	3	16	1	0	0.100
USC00142560	1998	3	16	5	0	0.100
USC00142560	1998	3	16	7	0	0.100
USC00142560	1998	3	16	9	0	0.100
USC00142560	1998	3	16	12	0	0.100
USC00142560	1998	3	16	13	0	0.100
USC00142560	1998	3	16	15	0	0.100
USC00142560	1998	3	16	18	0	0.100
USC00142560	1998	3	16	19	0	0.100
USC00142560	1998	3	16	21	0	0.100
USC00142560	1998	3	18	20	0	0.100
USC00142560	1998	3	19	2	0	0.100
USC00142560	1998	3	19	3	0	0.100
USC00142560	1998	3	19	6	0	0.100
USC00142560	1998	3	19	12	0	0.200
USC00142560	1998	3	30	0	0	0.100
USC00142560	1998	3	30	1	0	0.100
USC00142560	1998	3	30	15	0	0.100
USC00142560	1998	3	30	20	0	0.100
USC00142560	1998	3	31	0	0	0.100
USC00142560	1998	4	6	16	0	0.200
USC00142560	1998	4	6	17	0	0.100
USC00142560	1998	4	26	9	0	0.100
USC00142560	1998	4	27	15	0	0.100
USC00142560	1998	4	27	16	0	0.100
USC00142560	1998	4	27	17	0	0.100
USC00142560	1998	4	27	18	0	0.100
USC00142560	1998	4	29	13	0	0.100
USC00142560	1998	5	4	24	0	0.200
USC00142560	1998	5	5	1	0	0.100
USC00142560	1998	5	6	14	0	0.400
USC00142560	1998	5	7	11	0	0.100
USC00142560	1998	5	8	11	0	0.100
USC00142560	1998	5	8	18	0	0.100
USC00142560	1998	5	8	19	0	0.100
USC00142560	1998	5	8	22	0	0.100
USC00142560	1998	5	9	2	0	0.100
USC00142560	1998	5	9	3	0	0.300
USC00142560	1998	5	9	4	0	0.400
USC00142560	1998	5	9	5	0	0.400
USC00142560	1998	5	9	6	0	0.100
USC00142560	1998	5	15	2	0	0.500
USC00142560	1998	5	24	23	0	0.400
USC00142560	1998	5	25	1	0	0.100
USC00142560	1998	6	8	1	0	0.100
USC00142560	1998	6	14	22	0	0.100
USC00142560	1998	6	15	0	0	0.100
USC00142560	1998	6	15	1	0	0.100
USC00142560	1998	6	15	3	0	0.100
USC00142560	1998	6	30	23	0	0.300
USC00142560	1998	7	1	2	0	0.100
USC00142560	1998	7	1	3	0	0.100
USC00142560	1998	7	1	4	0	0.100
USC00142560	1998	7	2	14	0	0.100
USC00142560	1998	7	7	20	0	0.100
USC00142560	1998	7	7	22	0	0.200
USC00142560	1998	7	7	23	0	0.300
USC00142560	1998	7	8	0	0	0.100
USC00142560	1998	7	8	1	0	0.100
USC00142560	1998	7	9	0	0	0.200
USC00142560	1998	7	9	1	0	0.200
USC00142560	1998	7	11	1	0	0.200
USC00142560	1998	7	26	21	0	0.400
USC00142560	1998	7	26	22	0	0.100
USC00142560	1998	7	26	23	0	0.300
USC00142560	1998	7	27	1	0	0.100
USC00142560	1998	7	27	3	0	0.100
USC00142560	1998	7	27	22	0	0.400
USC00142560	1998	7	28	2	0	0.300
USC00142560	1998	7	28	4	0	0.100
USC00142560	1998	7	28	5	0	0.200
USC00142560	1998	7	28	6	0	0.100
USC00142560	1998	7	28	14	0	0.100
USC00142560	1998	7	30	2	0	0.100
USC00142560	1998	7	31	4	0	1.000
USC00142560	1998	7	31	5	0	0.100
USC00142560	1998	7	31	7	0	0.100
USC00142560	1998	10	1	6	0	0.100
USC00142560	1998	10	1	7	0	0.300
USC00142560	1998	10	1	8	0	0.200
USC00142560	1998	10	1	23	0	0.100
USC00142560	1998	10	1	24	0	0.300
USC00142560	1998	10	3	14	0	0.100
USC00142560	1998	10	16	5	0	0.100
USC00142560	1998	10	27	22	0	0.100
USC00142560	1998	10	27	23	0	0.100
USC00142560	1998	10	30	14	0	0.100
USC00142560	1998	10	30	15	0	0.300
USC00142560	1998	10	30	16	0	0.200
USC00142560	1998	10	30	17	0	0.100
USC00142560	1998	10	30	18	0	0.200
USC00142560	1998	10	30	23	0	0.200
USC00142560	1998	10	30	24	0	0.300
USC00142560	1998	10	31	1	0	0.300
USC00142560	1998	10	31	3	0	0.100
USC00142560	1998	10	31	4	0	0.100
USC00142560	1998	10	31	8	0	0.100
USC00142560	1998	10	31	9	0	0.100
USC00142560	1998	10	31	10	0	0.200
USC00142560	1998	10	31	11	0	0.300
USC00142560	1998	10	31	13	0	0.100
USC00142560	1998	10	31	14	0	0.100
USC00142560	1998	10	31	22	0	0.100
USC00142560	1998	11	1	1	0	0.100
USC00142560	1998	11	1	3	0	0.200
USC00142560	1998	11	1	4	0	0.100
USC00142560	1998	11	1	5	0	0.100
USC00142560	1998	11	1	6	0	0.100
USC00142560	1998	11	1	7	0	0.100
USC00142560	1998	11	1	13	0	0.100
USC00142560	1998	11	1	14	0	0.100
USC00142560	1998	11	1	15	0	0.100
USC00142560	1998	11	1	16	0	0.100
USC00142560	1998	11	1	18	0	0.100
USC00142560	1998	11	9	17	0	0.100
USC00142560	1998	11	27	13	0	0.100
USC00142560	1998	12	6	6	0	0.100
USC00142560	1998	12	6	10	0	0.100
USC00142560	1998	12	20	7	0	0.100
USC00142560	1999	1	13	23	0	0.100
USC00142560	1999	1	28	13	0	0.100
USC00142560	1999	1	28	15	0	0.200
USC00142560	1999	1	28	16	0	0.200
USC00142560	1999	1	28	17	0	0.200
USC00142560	1999	1	28	21	0	0.100
USC00142560	1999	1	29	1	0	0.100
USC00142560	1999	1	29	3	0	0.100
USC00142560	1999	1	29	5	0	0.100
USC00142560	1999	1	29	13	0	0.100
USC00142560	1999	1	29	18	0	0.100
USC00142560	1999	1	29	20	0	0.100
USC00142560	1999	1	29	21	0	0.100
USC00142560	1999	1	29	22	0	0.100
USC00142560	1999	1	29	23	0	0.100
USC00142560	1999	1	29	24	0	0.100
USC00142560	1999	1	30	4	0	0.100
USC00142560	1999	1	30	6	0	0.100
USC00142560	1999	1	30	11	0	0.100
USC00142560	1999	3	8	2	0	0.300
USC00142560	1999	3	8	3	0	0.100
USC00142560	1999	3	8	11	0	0.100
USC00142560	1999	3	12	5	0	0.200
USC00142560	1999	3	12	6	0	0.100
USC00142560	1999	3	12	7	0	0.100
USC00142560	1999	3	12	8	0	0.100
USC00142560	1999	3	12	9	0	0.100
USC00142560	1999	3	12	10	0	0.100
USC00142560	1999	3	12	11	0	0.100
USC00142560	1999	3	12	12	0	0.100
USC00142560	1999	3	12	13	0	0.100
USC00142560	1999	3	12	17	0	0.100
USC00142560	1999	3	12	23	0	0.100
USC00142560	1999	3	12	24	0	0.100
USC00142560	1999	3	13	6	0	0.100
USC00142560	1999	3	13	11	0	0.100
USC00142560	1999	3	16	15	0	0.100
USC00142560	1999	3	18	23	0	0.100
USC00142560	1999	3	18	24	0	0.100
USC00142560	1999	3	19	1	0	0.100
USC00142560	1999	3	19	2	0	0.100
USC00142560	1999	3	19	15	0	0.100
USC00142560	1999	3	26	15	0	0.100
USC00142560	1999	4	4	23	0	0.400
USC00142560	1999	4	4	24	0	0.200
USC00142560	1999	4	5	1	0	0.200
USC00142560	1999	4	5	4	0	0.100
USC00142560	1999	4	13	12	0	0.560
USC00142560	1999	4	13	13	0	0.560
USC00142560	1999	4	13	16	0	0.093
USC00142560	1999	4	13	17	0	0.280
USC00142560	1999	4	14	8	0	0.187
USC00142560	1999	4	14	9	0	0.187
USC00142560	1999	4	14	10	0	0.280
USC00142560	1999	4	14	11	0	0.187
USC00142560	1999	4	14	13	0	0.373
USC00142560	1999	4	14	14	0	0.187
USC00142560	1999	4	14	15	0	0.093
USC00142560	1999	4	14	16	0	0.093
USC00142560	1999	4	14	17	0	0.093
USC00142560	1999	4	24	9	0	0.560
USC00142560	1999	4	24	10	0	0.187
USC00142560	1999	4	24	11	0	0.093
USC00142560	1999	4	24	12	0	0.093
USC00142560	1999	4	24	13	0	0.187
USC00142560	1999	4	24	17	0	0.187
USC00142560	1999	4	24	18	0	0.187
USC00142560	1999	4	24	19	0	0.093
USC00142560	1999	4	24	23	0	0.093
USC00142560	1999	4	25	8	0	0.093
USC00142560	1999	4	25	19	0	0.280
USC00142560	1999	4	29	2	0	0.187
USC00142560	1999	5	2	1	0	0.187
USC00142560	1999	5	20	10	0	0.100
USC00142560	1999	5	20	17	0	0.400
USC00142560	1999	5	24	22	0	0.200
USC00142560	1999	5	24	23	0	0.200
USC00142560	1999	5	25	9	0	0.500
USC00142560	1999	5	25	10	0	0.200
USC00142560	1999	5	25	12	0	0.100
USC00142560	1999	5	25	13	0	0.100
USC00142560	1999	5	31	12	0	0.100
USC00142560	1999	6	2	20	0	0.100
USC00142560	1999	6	2	21	0	0.400
USC00142560	1999	6	9	23	0	0.400
USC00142560	1999	6	9	24	0	0.100
USC00142560	1999	6	10	2	0	0.100
USC00142560	1999	6	10	3	0	0.100
USC00142560	1999	6	10	4	0	0.100
USC00142560	1999	6	10	5	0	0.100
USC00142560	1999	6	10	6	0	0.400
USC00142560	1999	6	10	7	0	0.200
USC00142560	1999	6	11	8	0	0.100
USC00142560	1999	6	11	9	0	0.100
USC00142560	1999	6	11	10	0	0.100
USC00142560	1999	6	12	1	0	0.400
USC00142560	1999	6	12	2	0	0.200
USC00142560	1999	6	12	15	0	0.100
USC00142560	1999	6	15	17	0	0.300
USC00142560	1999	6	18	7	0	0.200
USC00142560	1999	6	18	15	0	0.100
USC00142560	1999	6	18	16	0	0.200
USC00142560	1999	6	18	18	0	0.300
USC00142560	1999	6	22	24	0	0.100
USC00142560	1999	6	23	1	0	0.700
USC00142560	1999	6	24	6	0	0.100
USC00142560	1999	6	24	24	0	0.100
USC00142560	1999	6	30	1	0	0.600
USC00142560	1999	6	30	3	0	0.200
USC00142560	1999	7	1	9	0	0.100
USC00142560	1999	7	16	20	0	0.100
USC00142560	1999	8	5	3	0	0.100
USC00142560	1999	8	5	5	0	0.100
USC00142560	1999	8	5	12	0	0.200
USC00142560	1999	8	29	5	0	0.200
USC00142560	1999	8	29	21	0	0.300
USC00142560	1999	8	29	22	0	0.400
USC00142560	1999	8	30	6	0	0.100
USC00142560	1999	8	30	21	0	0.100
USC00142560	1999	8	31	9	0	0.200
USC00142560	1999	9	3	14	0	0.100
USC00142560	1999	9	9	8	0	0.100
USC00142560	1999	9	11	24	0	0.400
USC00142560	1999	9	12	1	0	0.100
USC00142560	1999	9	12	2	0	0.200
USC00142560	1999	9	12	4	0	0.100
USC00142560	1999	9	16	1	0	0.100
USC00142560	1999	9	16	8	0	0.100
USC00142560	1999	9	28	2	0	0.100
USC00142560	1999	10	7	21	0	0.100
USC00142560	1999	10	8	8	0	0.100
USC00142560	1999	10	8	10	0	0.100
USC00142560	1999	10	8	13	0	0.100
USC00142560	1999	10	8	14	0	0.100
USC00142560	1999	10	8	15	0	0.100
USC00142560	1999	10	8	18	0	0.100
USC00142560	2000	1	23	13	0	0.100
USC00142560	2000	1	27	3	0	0.100
USC00142560	2000	1	27	4	0	0.100
USC00142560	2000	1	27	10	0	0.100
USC00142560	2000	2	17	17	0	0.107
USC00142560	2000	2	19	14	0	0.107
USC00142560	2000	2	22	17	0	0.107
USC00142560	2000	2	22	18	0	0.107
USC00142560	2000	2	28	14	0	0.107
USC00142560	2000	3	2	7	0	0.320
USC00142560	2000	3	2	8	0	0.213
USC00142560	2000	3	2	10	0	0.107
USC00142560	2000	3	2	11	0	0.107
USC00142560	2000	3	2	12	0	0.107
USC00142560	2000	3	2	13	0	0.107
USC00142560	2000	3	7	17	0	0.500
USC00142560	2000	3	7	18	0	0.100
USC00142560	2000	3	16	1	0	0.200
USC00142560	2000	3	16	2	0	0.100
USC00142560	2000	3	16	3	0	0.100
USC00142560	2000	3	16	7	0	0.100
USC00142560	2000	3	18	6	0	0.100
USC00142560	2000	3	21	15	0	0.100
USC00142560	2000	3	21	17	0	0.100
USC00142560	2000	3	22	10	0	0.200
USC00142560	2000	3	22	11	0	0.400
USC00142560	2000	3	22	16	0	0.100
USC00142560	2000	3	22	19	0	0.200
USC00142560	2000	3	22	20	0	0.200
USC00142560	2000	3	22	21	0	0.100
USC00142560	2000	3	22	22	0	0.100
USC00142560	2000	3	22	23	0	0.100
USC00142560	2000	3	22	24	0	0.200
USC00142560	2000	3	23	1	0	0.400
USC00142560	2000	3	23	3	0	0.100
USC00142560	2000	3	23	5	0	0.100
USC00142560	2000	3	23	6	0	0.200
USC00142560	2000	3	23	7	0	0.100
USC00142560	2000	3	23	10	0	0.100
USC00142560	2000	3	26	4	0	0.100
USC00142560	2000	3	28	23	0	0.100
USC00142560	2000	3	30	12	0	0.100
USC00142560	2000	3	31	10	0	0.100
USC00142560	2000	3	31	11	0	0.200
USC00142560	2000	3	31	12	0	0.100
USC00142560	2000	3	31	16	0	0.100
USC00142560	2000	3	31	17	0	0.100
USC00142560	2000	3	31	19	0	0.100
USC00142560	2000	3	31	20	0	0.100
USC00142560	2000	3	31	24	0	0.100
USC00142560	2000	4	1	12	0	0.200
USC00142560	2000	4	15	11	0	0.100
USC00142560	2000	5	1	13	0	0.100
USC00142560	2000	5	1	14	0	0.100
USC00142560	2000	5	1	16	0	0.100
USC00142560	2000	5	7	10	0	0.100
USC00142560	2000	5	8	23	0	0.200
USC00142560	2000	5	9	5	0	0.100
USC00142560	2000	5	20	18	0	0.200
USC00142560	2000	5	20	19	0	0.100
USC00142560	2000	5	25	20	0	2.300
USC00142560	2000	5	25	21	0	0.900
USC00142560	2000	5	25	23	0	0.100
USC00142560	2000	5	25	24	0	0.100
USC00142560	2000	5	26	1	0	0.100
USC00142560	2000	5	27	1	0	0.200
USC00142560	2000	6	1	18	0	0.100
USC00142560	2000	6	1	19	0	0.100
USC00142560	2000	6	2	11	0	0.100
USC00142560	2000	6	4	17	0	0.100
USC00142560	2000	6	10	23	0	0.200
USC00142560	2000	6	11	21	0	0.100
USC00142560	2000	6	11	23	0	0.100
USC00142560	2000	6	12	20	0	0.100
USC00142560	2000	6	13	16	0	0.100
USC00142560	2000	6	13	22	0	0.700
USC00142560	2000	6	13	23	0	0.100
USC00142560	2000	6	21	3	0	0.900
USC00142560	2000	6	22	15	0	0.100
USC00142560	2000	6	25	23	0	0.200
USC00142560	2000	6	25	24	0	0.100
USC00142560	2000	7	3	16	0	0.100
USC00142560	2000	7	3	17	0	1.500
USC00142560	2000	7	11	1	0	0.100
USC00142560	2000	7	11	2	0	0.100
USC00142560	2000	7	12	9	0	0.100
USC00142560	2000	7	12	10	0	0.200
USC00142560	2000	7	16	16	0	0.100
USC00142560	2000	7	17	24	0	0.800
USC00142560	2000	7	18	1	0	0.100
USC00142560	2000	7	18	2	0	0.100
USC00142560	2000	7	20	23	0	0.600
USC00142560	2000	7	20	24	0	0.200
USC00142560	2000	7	21	1	0	0.100
USC00142560	2000	7	22	1	0	1.200
USC00142560	2000	7	22	5	0	0.100
USC00142560	2000	8	8	22	0	0.100
USC00142560	2000	8	8	23	0	0.100
USC00142560	2000	8	8	24	0	0.100
USC00142560	2000	8	10	7	0	0.200
USC00142560	2000	8	17	2	0	0.100
USC00142560	2000	9	25	14	0	0.107
USC00142560	2000	10	5	4	0	0.100
USC00142560	2000	10	15	14	0	0.100
USC00142560	2000	10	15	16	0	0.100
USC00142560	2000	10	15	17	0	0.100
USC00142560	2000	10	21	14	0	0.100
USC00142560	2000	10	21	23	0	0.100
USC00142560	2000	10	21	24	0	0.100
USC00142560	2000	10	22	1	0	0.100
USC00142560	2000	10	22	2	0	0.500
USC00142560	2000	10	22	3	0	0.100
USC00142560	2000	10	22	7	0	0.100
USC00142560	2000	10	23	20	0	0.100
USC00142560	2000	10	23	21	0	0.600
USC00142560	2000	10	23	22	0	0.200
USC00142560	2000	10	24	7	0	0.100
USC00142560	2000	10	24	16	0	0.100
USC00142560	2000	10	24	18	0	0.100
USC00142560	2000	10	24	22	0	0.600
USC00142560	2000	10	24	23	0	0.100
USC00142560	2000	10	24	24	0	0.400
USC00142560	2000	10	25	1	0	0.300
USC00142560	2000	10	25	2	0	0.300
USC00142560	2000	10	25	3	0	0.100
USC00142560	2000	10	25	5	0	0.100
USC00142560	2000	10	28	8	0	0.100
USC00142560	2000	10	31	21	0	0.300
USC00142560	2000	10	31	23	0	0.100
USC00142560	2000	11	11	10	0	0.100
USC00142560	2000	12	13	5	0	0.100
USC00142560	2000	12	25	11	0	0.100
USC00142560	2000	12	31	6	0	0.100
USC00142560	2000	12	31	8	0	0.100
USC00142560	2001	1	16	18	0	0.100
USC00142560	2001	1	25	16	0	0.100
USC00142560	2001	1	27	17	0	0.100
USC00142560	2001	1	27	19	0	0.100
USC00142560	2001	1	27	20	0	0.100
USC00142560	2001	1	27	22	0	0.100
USC00142560	2001	1	28	0	0	0.100
USC00142560	2001	1	28	1	0	0.100
USC00142560	2001	1	28	2	0	0.200
USC00142560	2001	1	28	4	0	0.100
USC00142560	2001	1	28	5	0	0.200
USC00142560	2001	1	28	7	0	0.100
USC00142560	2001	1	28	13	0	0.100
USC00142560	2001	2	8	19	0	0.100
USC00142560	2001	2	8	20	0	0.100
USC00142560	2001	2	8	21	0	0.200
USC00142560	2001	2	8	22	0	0.100
USC00142560	2001	2	8	23	0	0.100
USC00142560	2001	2	13	12	0	0.100
USC00142560	2001	2	23	17	0	0.100
USC00142560	2001	2	24	3	0	0.100
USC00142560	2001	2	24	4	0	0.300
USC00142560	2001	2	24	5	0	0.200
USC00142560	2001	2	27	6	0	0.100
USC00142560	2001	2	27	10	0	0.100
USC00142560	2001	2	28	12	0	0.100
USC00142560	2001	2	28	13	0	0.100
USC00142560	2001	3	1	14	0	0.100
USC00142560	2001	3	10	21	0	0.100
USC00142560	2001	3	11	20	0	0.100
USC00142560	2001	3	14	24	0	0.100
USC00142560	2001	3	15	1	0	0.200
USC00142560	2001	3	15	2	0	0.100
USC00142560	2001	3	15	4	0	0.100
USC00142560	2001	3	15	5	0	0.100
USC00142560	2001	3	15	6	0	0.100
USC00142560	2001	3	15	9	0	0.100
USC00142560	2001	3	15	10	0	0.100
USC00142560	2001	3	18	6	0	0.100
USC00142560	2001	3	18	12	0	0.100
USC00142560	2001	3	18	17	0	0.100
USC00142560	2001	3	26	4	0	0.100
USC00142560	2001	3	26	8	0	0.100
USC00142560	2001	4	4	9	0	0.300
USC00142560	2001	4	7	20	0	0.100
USC00142560	2001	4	7	22	0	0.700
USC00142560	2001	5	3	10	0	0.100
USC00142560	2001	5	3	21	0	0.200
USC00142560	2001	5	3	22	0	0.200
USC00142560	2001	5	4	5	0	0.300
USC00142560	2001	5	4	6	0	0.200
USC00142560	2001	5	4	7	0	0.100
USC00142560	2001	5	4	8	0	0.100
USC00142560	2001	5	4	9	0	0.100
USC00142560	2001	5	4	10	0	0.100
USC00142560	2001	5	4	11	0	0.400
USC00142560	2001	5	4	12	0	0.100
USC00142560	2001	5	4	13	0	0.100
USC00142560	2001	5	4	14	0	0.100
USC00142560	2001	5	4	15	0	0.200
USC00142560	2001	5	4	17	0	0.100
USC00142560	2001	5	5	15	0	0.100
USC00142560	2001	5	27	20	0	0.320
USC00142560	2001	5	28	11	0	0.107
USC00142560	2001	5	29	6	0	0.746
USC00142560	2001	5	29	9	0	0.107
USC00142560	2001	5	29	17	0	0.107
USC00142560	2001	5	30	1	0	0.107
USC00142560	2001	6	10	14	0	0.100
USC00142560	2001	6	21	16	0	0.100
USC00142560	2001	7	15	16	0	0.100
USC00142560	2001	8	11	14	0	0.100
USC00142560	2001	8	17	7	0	0.093
USC00142560	2001	8	24	5	0	0.093
USC00142560	2001	8	27	12	0	0.093
USC00142560	2001	8	28	15	0	0.093
USC00142560	2001	9	2	21	0	0.100
USC00142560	2001	9	20	21	0	0.093
USC00142560	2001	9	22	23	0	0.560
USC00142560	2001	9	22	24	0	0.093
USC00142560	2001	10	9	11	0	0.100
USC00142560	2001	11	17	2	0	0.100
USC00142560	2001	11	17	5	0	0.100
USC00142560	2001	11	17	24	0	0.100
USC00142560	2001	11	18	8	0	0.100
USC00142560	2001	11	18	21	0	0.100
USC00142560	2001	12	18	13	0	0.100
USC00142560	2002	1	22	13	0	0.100
USC00142560	2002	1	26	15	0	0.100
USC00142560	2002	1	29	21	0	0.100
USC00142560	2002	1	30	13	0	0.100
USC00142560	2002	1	30	14	0	0.100
USC00142560	2002	1	30	16	0	0.100
USC00142560	2002	1	30	19	0	0.100
USC00142560	2002	1	30	24	0	0.100
USC00142560	2002	1	31	1	0	0.100
USC00142560	2002	1	31	2	0	0.100
USC00142560	2002	1	31	13	0	0.100
USC00142560	2002	2	5	23	0	0.100
USC00142560	2002	2	8	22	0	0.100
USC00142560	2002	3	1	23	0	0.100
USC00142560	2002	3	21	1	0	0.100
USC00142560	2002	4	8	20	0	0.100
USC00142560	2002	4	10	10	0	0.100
USC00142560	2002	4	14	17	0	0.100
USC00142560	2002	4	15	13	0	0.100
USC00142560	2002	4	16	8	0	0.100
USC00142560	2002	4	20	9	0	0.200
USC00142560	2002	4	20	10	0	0.300
USC00142560	2002	4	20	12	0	0.100
USC00142560	2002	5	11	6	0	0.100
USC00142560	2002	5	16	11	0	0.200
USC00142560	2002	5	26	8	0	0.100
USC00142560	2002	5	26	9	0	0.100
USC00142560	2002	5	26	23	0	0.200
USC00142560	2002	5	27	4	0	0.100
USC00142560	2002	5	27	12	0	0.300
USC00142560	2002	5	27	15	0	0.100
USC00142560	2002	6	4	6	0	0.200
USC00142560	2002	6	4	13	0	0.600
USC00142560	2002	6	5	3	0	0.100
USC00142560	2002	6	10	16	0	0.100
USC00142560	2002	6	13	6	0	0.200
USC00142560	2002	6	13	7	0	0.200
USC00142560	2002	6	15	17	0	1.400
USC00142560	2002	6	15	18	0	0.200
USC00142560	2002	6	26	17	0	0.500
USC00142560	2002	6	26	18	0	0.100
USC00142560	2002	7	5	5	0	0.100
USC00142560	2002	7	5	8	0	0.100
USC00142560	2002	7	10	22	0	0.100
USC00142560	2002	7	11	6	0	0.100
USC00142560	2002	7	12	13	0	0.100
USC00142560	2002	7	28	23	0	0.300
USC00142560	2002	7	28	24	0	0.100
USC00142560	2002	7	29	1	0	0.100
USC00142560	2002	8	9	8	0	0.020
USC00142560	2002	8	9	23	0	0.234
USC00142560	2002	8	9	24	0	0.133
USC00142560	2002	8	10	1	0	0.093
USC00142560	2002	8	10	2	0	0.052
USC00142560	2002	8	10	3	0	0.012
USC00142560	2002	8	11	21	0	0.101
USC00142560	2002	8	11	22	0	1.043
USC00142560	2002	8	11	23	0	0.306
USC00142560	2002	8	11	24	0	0.101
USC00142560	2002	8	12	18	0	0.101
USC00142560	2002	8	13	2	0	0.133
USC00142560	2002	8	13	3	0	0.165
USC00142560	2002	8	13	4	0	0.052
USC00142560	2002	8	13	5	0	0.020
USC00142560	2002	8	13	8	0	0.040
USC00142560	2002	8	13	9	0	0.012
USC00142560	2002	8	15	18	0	0.052
USC00142560	2002	8	15	19	0	0.266
USC00142560	2002	8	15	20	0	0.032
USC00142560	2002	8	23	3	0	0.165
USC00142560	2002	8	23	4	0	0.020
USC00142560	2002	8	23	5	0	0.052
USC00142560	2002	8	24	1	0	1.381
USC00142560	2002	8	24	2	0	0.145
USC00142560	2002	8	24	3	0	0.012
USC00142560	2002	8	24	6	0	0.032
USC00142560	2002	8	26	20	0	0.012
USC00142560	2002	8	26	21	0	0.286
USC00142560	2002	8	26	22	0	0.040
USC00142560	2002	8	26	24	0	0.012
USC00142560	2002	8	27	1	0	0.060
USC00142560	2002	8	27	7	0	0.012
USC00142560	2002	8	30	5	0	0.032
USC00142560	2002	8	30	6	0	0.012
USC00142560	2002	9	10	6	0	0.100
USC00142560	2002	9	13	17	0	0.100
USC00142560	2002	9	16	12	0	0.100
USC00142560	2002	9	17	13	0	0.100
USC00142560	2002	9	18	8	0	0.100
USC00142560	2002	9	18	20	0	0.100
USC00142560	2002	9	18	23	0	0.100
USC00142560	2002	10	1	7	0	0.100
USC00142560	2002	10	2	6	0	0.300
USC00142560	2002	10	2	8	0	0.100
USC00142560	2002	10	2	13	0	0.200
USC00142560	2002	10	2	14	0	0.100
USC00142560	2002	10	2	15	0	0.100
USC00142560	2002	10	2	21	0	0.300
USC00142560	2002	10	2	22	0	0.600
USC00142560	2002	10	2	23	0	0.500
USC00142560	2002	10	3	7	0	0.093
USC00142560	2002	10	3	14	0	0.100
USC00142560	2002	10	19	6	0	0.300
USC00142560	2002	10	22	20	0	0.100
USC00142560	2002	10	22	22	0	0.100
USC00142560	2002	10	23	1	0	0.200
USC00142560	2002	10	23	4	0	0.100
USC00142560	2002	10	23	5	0	0.100
USC00142560	2002	10	24	1	0	0.100
USC00142560	2002	10	24	2	0	0.200
USC00142560	2002	10	24	5	0	0.100
USC00142560	2002	10	24	7	0	0.100
USC00142560	2002	10	24	9	0	0.100
USC00142560	2002	10	27	1	0	0.100
USC00142560	2002	10	27	2	0	0.200
USC00142560	2002	10	27	3	0	0.100
USC00142560	2002	10	27	4	0	0.100
USC00142560	2002	10	27	5	0	0.200
USC00142560	2002	11	1	1	0	0.100
USC00142560	2002	12	3	15	0	0.100
USC00142560	2002	12	3	18	0	0.100
USC00142560	2002	12	3	21	0	0.100
USC00142560	2002	12	3	24	0	0.100
USC00142560	2002	12	4	3	0	0.100
USC00142560	2002	12	4	4	0	0.100
USC00142560	2002	12	4	7	0	0.100
USC00142560	2002	12	23	11	0	0.100
USC00142560	2002	12	23	16	0	0.100
USC00142560	2002	12	23	18	0	0.100
USC00142560	2003	2	6	5	0	0.100
USC00142560	2003	2	9	5	0	0.100
USC00142560	2003	2	9	7	0	0.100
USC00142560	2003	2	9	9	0	0.100
USC00142560	2003	2	13	17	0	0.100
USC00142560	2003	2	18	21	0	0.100
USC00142560	2003	2	23	1	0	0.100
USC00142560	2003	2	23	5	0	0.100
USC00142560	2003	2	23	6	0	0.100
USC00142560	2003	2	24	11	0	0.100
USC00142560	2003	3	17	14	0	0.100
USC00142560	2003	3	18	20	0	0.100
USC00142560	2003	3	18	22	0	0.100
USC00142560	2003	3	18	24	0	0.100
USC00142560	2003	3	19	5	0	0.100
USC00142560	2003	3	19	8	0	0.100
USC00142560	2003	3	19	9	0	0.100
USC00142560	2003	3	19	12	0	0.100
USC00142560	2003	3	19	15	0	0.100
USC00142560	2003	4	14	16	0	0.100
USC00142560	2003	4	14	17	0	0.100
USC00142560	2003	4	15	17	0	0.500
USC00142560	2003	4	15	18	0	0.100
USC00142560	2003	4	18	9	0	0.100
USC00142560	2003	4	19	16	0	0.200
USC00142560	2003	4	23	5	0	0.100
USC00142560	2003	4	23	7	0	0.400
USC00142560	2003	4	23	8	0	0.200
USC00142560	2003	4	23	11	0	0.100
USC00142560	2003	4	23	13	0	0.100
USC00142560	2003	4	23	14	0	0.100
USC00142560	2003	5	10	11	0	0.100
USC00142560	2003	5	14	3	0	0.100
USC00142560	2003	5	15	22	0	0.400
USC00142560	2003	5	16	0	0	0.100
USC00142560	2003	5	31	4	0	0.100
USC00142560	2003	5	31	5	0	0.100
USC00142560	2003	6	1	21	0	0.200
USC00142560	2003	6	1	22	0	0.100
USC00142560	2003	6	3	3	0	0.900
USC00142560	2003	6	3	4	0	0.100
USC00142560	2003	6	3	5	0	0.100
USC00142560	2003	6	4	11	0	0.100
USC00142560	2003	6	4	12	0	0.100
USC00142560	2003	6	4	13	0	0.100
USC00142560	2003	6	4	15	0	0.100
USC00142560	2003	6	5	17	0	0.300
USC00142560	2003	6	5	18	0	0.100
USC00142560	2003	6	7	4	0	0.100
USC00142560	2003	6	7	6	0	0.100
USC00142560	2003	6	7	10	0	0.100
USC00142560	2003	6	11	22	0	0.300
USC00142560	2003	6	14	1	0	0.100
USC00142560	2003	6	14	18	0	0.100
USC00142560	2003	6	19	10	0	0.200
USC00142560	2003	6	21	5	0	0.100
USC00142560	2003	6	21	9	0	0.100
USC00142560	2003	6	28	18	0	0.100
USC00142560	2003	6	28	19	0	0.100
USC00142560	2003	6	29	0	0	0.100
USC00142560	2003	6	29	1	0	0.100
USC00142560	2003	6	29	2	0	0.100
USC00142560	2003	6	29	3	0	0.100
USC00142560	2003	7	30	1	0	0.100
USC00142560	2003	8	9	9	0	0.100
USC00142560	2003	8	10	6	0	0.100
USC00142560	2003	8	26	23	0	0.200
USC00142560	2003	8	27	10	0	0.100
USC00142560	2003	8	28	21	0	0.100
USC00142560	2003	8	29	15	0	0.200
USC00142560	2003	8	29	16	0	0.300
USC00142560	2003	8	29	19	0	0.100
USC00142560	2003	8	29	20	0	0.100
USC00142560	2003	8	29	23	0	0.100
USC00142560	2003	8	29	24	0	0.200
USC00142560	2003	8	30	3	0	0.100
USC00142560	2003	8	30	6	0	0.100
USC00142560	2003	8	30	7	0	0.100
USC00142560	2003	8	30	8	0	0.100
USC00142560	2003	8	31	1	0	0.100
USC00142560	2003	8	31	8	0	0.100
USC00142560	2003	9	7	2	0	0.100
USC00142560	2003	9	8	6	0	0.100
USC00142560	2003	9	10	23	0	0.100
USC00142560	2003	9	11	1	0	0.100
USC00142560	2003	9	11	2	0	0.100
USC00142560	2003	9	11	5	0	0.100
USC00142560	2003	9	20	15	0	0.100
USC00142560	2003	9	20	20	0	0.200
USC00142560	2003	9	20	21	0	0.100
USC00142560	2003	9	21	6	0	0.100
USC00142560	2003	9	29	5	0	0.100
USC00142560	2003	9	29	7	0	0.200
USC00142560	2003	9	30	3	0	0.500
USC00142560	2003	10	8	13	0	0.100
USC00142560	2003	11	12	12	0	0.100
USC00142560	2003	11	12	13	0	0.100
USC00142560	2003	11	12	14	0	0.100
USC00142560	2003	11	12	16	0	0.100
USC00142560	2003	11	16	1	0	0.100
USC00142560	2003	12	9	7	0	0.100
USC00142560	2003	12	12	10	0	0.100
USC00142560	2003	12	12	13	0	0.100
USC00142560	2003	12	12	16	0	0.100
USC00142560	2003	12	26	13	0	0.100
USC00142560	2004	1	3	11	0	0.100
USC00142560	2004	1	16	12	0	0.100
USC00142560	2004	1	17	10	0	0.100
USC00142560	2004	1	18	10	0	0.100
USC00142560	2004	1	18	12	0	0.100
USC00142560	2004	1	18	14	0	0.100
USC00142560	2004	1	26	10	0	0.100
USC00142560	2004	2	1	6	0	0.100
USC00142560	2004	2	4	8	0	0.100
USC00142560	2004	2	29	4	0	0.200
USC00142560	2004	2	29	5	0	0.100
USC00142560	2004	2	29	6	0	0.100
USC00142560	2004	2	29	7	0	0.100
USC00142560	2004	2	29	11	0	0.100
USC00142560	2004	3	2	20	0	0.100
USC00142560	2004	3	2	21	0	0.100
USC00142560	2004	3	2	23	0	0.100
USC00142560	2004	3	3	4	0	0.100
USC00142560	2004	3	3	5	0	0.100
USC00142560	2004	3	3	8	0	0.100
USC00142560	2004	3	3	9	0	0.100
USC00142560	2004	3	3	12	0	0.100
USC00142560	2004	3	4	3	0	0.200
USC00142560	2004	3	4	4	0	0.300
USC00142560	2004	3	4	6	0	0.300
USC00142560	2004	3	4	7	0	0.400
USC00142560	2004	3	4	8	0	0.100
USC00142560	2004	3	4	9	0	0.100
USC00142560	2004	3	4	11	0	0.100
USC00142560	2004	3	4	14	0	0.200
USC00142560	2004	3	4	16	0	0.100
USC00142560	2004	3	4	18	0	0.200
USC00142560	2004	3	5	8	0	0.100
USC00142560	2004	3	22	10	0	0.100
USC00142560	2004	3	28	4	0	0.100
USC00142560	2004	4	9	3	0	0.100
USC00142560	2004	4	9	4	0	0.100
USC00142560	2004	4	10	1	0	0.100
USC00142560	2004	4	10	2	0	0.100
USC00142560	2004	4	10	3	0	0.100
USC00142560	2004	4	10	10	0	0.100
USC00142560	2004	4	12	12	0	0.100
USC00142560	2004	4	19	24	0	0.600
USC00142560	2004	4	20	1	0	0.800
USC00142560	2004	4	21	18	0	0.400
USC00142560	2004	4	21	19	0	0.100
USC00142560	2004	4	21	21	0	0.200
USC00142560	2004	4	21	22	0	0.100
USC00142560	2004	4	23	6	0	0.100
USC00142560	2004	4	23	7	0	0.300
USC00142560	2004	4	23	10	0	0.100
USC00142560	2004	4	23	22	0	0.100
USC00142560	2004	6	15	23	0	0.100
USC00142560	2004	6	16	24	0	0.100
USC00142560	2004	6	17	1	0	0.200
USC00142560	2004	6	17	2	0	0.100
USC00142560	2004	6	17	23	0	0.100
USC00142560	2004	6	18	7	0	0.100
USC00142560	2004	6	19	3	0	0.100
USC00142560	2004	6	19	4	0	0.100
USC00142560	2004	6	20	5	0	0.800
USC00142560	2004	6	20	6	0	1.200
USC00142560	2004	6	20	7	0	0.100
USC00142560	2004	6	20	21	0	0.600
USC00142560	2004	6	20	22	0	0.100
USC00142560	2004	6	21	3	0	0.300
USC00142560	2004	6	21	4	0	0.100
USC00142560	2004	6	21	23	0	0.100
USC00142560	2004	6	24	19	0	0.100
USC00142560	2004	6	27	19	0	0.300
USC00142560	2004	6	27	20	0	1.000
USC00142560	2004	6	27	21	0	0.200
USC00142560	2004	6	30	14	0	0.200
USC00142560	2004	7	4	17	0	0.100
USC00142560	2004	7	5	23	0	0.500
USC00142560	2004	7	5	24	0	0.100
USC00142560	2004	7	6	2	0	0.100
USC00142560	2004	7	6	3	0	0.100
USC00142560	2004	7	8	20	0	0.100
USC00142560	2004	7	21	11	0	0.100
USC00142560	2004	7	23	1	0	0.100
USC00142560	2004	7	23	2	0	0.100
USC00142560	2004	7	23	3	0	0.200
USC00142560	2004	7	23	4	0	0.100
USC00142560	2004	7	23	5	0	0.100
USC00142560	2004	7	23	11	0	0.100
USC00142560	2004	7	25	13	0	0.100
USC00142560	2004	7	28	20	0	0.100
USC00142560	2004	7	28	21	0	0.100
USC00142560	2004	7	28	22	0	0.100
USC00142560	2004	8	3	20	0	0.100
USC00142560	2004	8	4	10	0	0.100
USC00142560	2004	8	6	4	0	0.100
USC00142560	2004	8	6	5	0	0.200
USC00142560	2004	8	6	7	0	0.100
USC00142560	2004	8	6	9	0	0.100
USC00142560	2004	8	6	14	0	0.100
USC00142560	2004	8	7	3	0	0.100
USC00142560	2004	8	7	5	0	0.100
USC00142560	2004	8	9	15	0	0.100
USC00142560	2004	8	9	16	0	0.100
USC00142560	2004	8	9	19	0	0.100
USC00142560	2004	8	11	2	0	0.800
USC00142560	2004	8	11	3	0	0.100
USC00142560	2004	8	11	4	0	0.200
USC00142560	2004	8	11	5	0	0.100
USC00142560	2004	8	12	15	0	0.100
USC00142560	2004	8	19	12	0	0.200
USC00142560	2004	9	22	8	0	0.100
USC00142560	2004	9	22	17	0	0.200
USC00142560	2004	9	22	18	0	0.400
USC00142560	2004	9	22	19	0	0.100
USC00142560	2004	9	22	21	0	0.100
USC00142560	2004	9	22	23	0	0.200
USC00142560	2004	9	28	9	0	0.100
USC00142560	2004	10	4	3	0	0.100
USC00142560	2004	10	5	22	0	0.100
USC00142560	2004	10	6	4	0	0.100
USC00142560	2004	10	6	5	0	0.200
USC00142560	2004	10	6	6	0	0.200
USC00142560	2004	10	6	7	0	0.400
USC00142560	2004	10	6	8	0	0.100
USC00142560	2004	10	6	9	0	0.100
USC00142560	2004	10	7	11	0	0.100
USC00142560	2004	10	11	1	0	0.100
USC00142560	2004	10	11	3	0	0.200
USC00142560	2004	10	11	4	0	0.200
USC00142560	2004	10	11	5	0	0.100
USC00142560	2004	10	11	7	0	0.100
USC00142560	2004	10	11	9	0	0.100
USC00142560	2004	10	11	13	0	0.100
USC00142560	2004	10	11	15	0	0.100
USC00142560	2004	10	25	23	0	0.100
USC00142560	2004	10	26	3	0	0.100
USC00142560	2004	11	1	12	0	0.100
USC00142560	2004	11	1	19	0	0.100
USC00142560	2004	11	1	21	0	0.100
USC00142560	2004	11	1	22	0	0.200
USC00142560	2004	11	1	23	0	0.200
USC00142560	2004	11	10	2	0	0.200
USC00142560	2004	11	10	14	0	0.100
USC00142560	2004	11	13	17	0	0.100
USC00142560	2004	11	13	20	0	0.100
USC00142560	2004	11	14	17	0	0.100
USC00142560	2004	11	14	18	0	0.100
USC00142560	2004	11	14	22	0	0.100
USC00142560	2004	11	16	7	0	0.100
USC00142560	2004	11	17	7	0	0.100
USC00142560	2004	11	17	21	0	0.200
USC00142560	2004	11	17	23	0	0.200
USC00142560	2004	11	17	24	0	0.200
USC00142560	2004	11	20	14	0	0.100
USC00142560	2004	11	20	18	0	0.100
USC00142560	2004	11	20	20	0	0.100
USC00142560	2004	11	20	21	0	0.100
USC00142560	2004	11	23	9	0	0.200
USC00142560	2004	11	23	10	0	0.100
USC00142560	2004	11	23	11	0	0.100
USC00142560	2004	11	23	12	0	0.200
USC00142560	2004	11	23	13	0	0.100
USC00142560	2004	11	23	16	0	0.100
USC00142560	2004	11	23	17	0	0.100
USC00142560	2004	11	23	19	0	0.100
USC00142560	2004	11	23	23	0	0.100
USC00142560	2004	11	29	15	0	0.100
USC00142560	2004	11	29	19	0	0.100
USC00142560	2004	12	5	9	0	0.100
USC00142560	2004	12	29	12	0	0.100
USC00142560	2005	1	3	1	0	0.081
USC00142560	2005	1	3	2	0	0.113
USC00142560	2005	1	4	6	0	0.012
USC00142560	2005	1	4	7	0	0.012
USC00142560	2005	1	4	8	0	0.012
USC00142560	2005	1	4	10	0	0.012
USC00142560	2005	1	4	12	0	0.040
USC00142560	2005	1	4	13	0	0.213
USC00142560	2005	1	4	14	0	0.060
USC00142560	2005	1	4	20	0	0.040
USC00142560	2005	1	4	21	0	0.020
USC00142560	2005	1	5	8	0	0.012
USC00142560	2005	1	5	9	0	0.012
USC00142560	2005	1	5	10	0	0.020
USC00142560	2005	1	8	8	0	0.012
USC00142560	2005	1	8	11	0	0.012
USC00142560	2005	1	15	11	0	0.012
USC00142560	2005	1	16	14	0	0.012
USC00142560	2005	1	20	11	0	0.012
USC00142560	2005	1	21	12	0	0.012
USC00142560	2005	1	23	11	0	0.012
USC00142560	2005	1	27	10	0	0.012
USC00142560	2005	1	27	11	0	0.012
USC00142560	2005	1	27	20	0	0.020
USC00142560	2005	1	28	2	0	0.012
USC00142560	2005	1	28	3	0	0.020
USC00142560	2005	1	28	4	0	0.052
USC00142560	2005	1	28	5	0	0.040
USC00142560	2005	1	28	6	0	0.032
USC00142560	2005	1	28	7	0	0.032
USC00142560	2005	1	28	8	0	0.032
USC00142560	2005	1	28	9	0	0.012
USC00142560	2005	1	28	10	0	0.020
USC00142560	2005	1	28	11	0	0.012
USC00142560	2005	1	28	12	0	0.012
USC00142560	2005	1	28	13	0	0.020
USC00142560	2005	1	28	14	0	0.020
USC00142560	2005	1	28	15	0	0.012
USC00142560	2005	1	30	16	0	0.012
USC00142560	2005	1	30	17	0	0.032
USC00142560	2005	1	30	18	0	0.040
USC00142560	2005	1	30	19	0	0.052
USC00142560	2005	1	30	20	0	0.040
USC00142560	2005	1	30	21	0	0.052
USC00142560	2005	1	30	22	0	0.052
USC00142560	2005	1	30	23	0	0.040
USC00142560	2005	1	31	0	0	0.032
USC00142560	2005	2	6	0	0	0.100
USC00142560	2005	2	6	1	0	0.100
USC00142560	2005	2	6	2	0	0.100
USC00142560	2005	2	6	4	0	0.100
USC00142560	2005	2	6	6	0	0.100
USC00142560	2005	2	6	9	0	0.100
USC00142560	2005	2	6	10	0	0.100
USC00142560	2005	2	12	15	0	0.100
USC00142560	2005	2	12	22	0	0.100
USC00142560	2005	2	18	17	0	0.100
USC00142560	2005	2	18	19	0	0.100
USC00142560	2005	2	20	22	0	0.100
USC00142560	2005	2	23	8	0	0.100
USC00142560	2005	2	25	13	0	0.100
USC00142560	2005	3	21	14	0	0.300
USC00142560	2005	3	21	15	0	0.100
USC00142560	2005	3	21	17	0	0.100
USC00142560	2005	3	21	20	0	0.100
USC00142560	2005	3	21	22	0	0.100
USC00142560	2005	3	28	13	0	0.100
USC00142560	2005	3	31	6	0	0.100
USC00142560	2005	3	31	9	0	0.100
USC00142560	2005	4	8	14	0	0.100
USC00142560	2005	4	10	13	0	0.100
USC00142560	2005	4	11	15	0	0.100
USC00142560	2005	4	17	19	0	0.300
USC00142560	2005	4	17	22	0	0.200
USC00142560	2005	4	18	8	0	0.100
USC00142560	2005	4	20	18	0	0.300
USC00142560	2005	4	20	20	0	0.400
USC00142560	2005	4	24	22	0	0.100
USC00142560	2005	4	26	11	0	0.100
USC00142560	2005	4	27	21	0	0.100
USC00142560	2005	4	28	10	0	0.100
USC00142560	2005	5	1	13	0	0.100
USC00142560	2005	5	1	18	0	0.100
USC00142560	2005	5	11	19	0	0.100
USC00142560	2005	5	12	20	0	0.100
USC00142560	2005	5	12	23	0	0.100
USC00142560	2005	5	13	2	0	0.200
USC00142560	2005	5	13	3	0	0.200
USC00142560	2005	5	13	22	0	0.100
USC00142560	2005	5	24	13	0	0.100
USC00142560	2005	5	25	10	0	0.100
USC00142560	2005	5	25	11	0	0.100
USC00142560	2005	5	25	23	0	0.100
USC00142560	2005	5	26	11	0	0.100
USC00142560	2005	5	28	20	0	0.100
USC00142560	2005	5	31	18	0	0.100
USC00142560	2005	5	31	19	0	0.100
USC00142560	2005	6	6	21	0	0.100
USC00142560	2005	6	6	23	0	0.100
USC00142560	2005	6	10	13	0	0.200
USC00142560	2005	6	10	15	0	1.200
USC00142560	2005	6	10	16	0	0.300
USC00142560	2005	6	10	17	0	0.100
USC00142560	2005	6	10	21	0	0.100
USC00142560	2005	6	11	2	0	0.100
USC00142560	2005	6	11	3	0	0.100
USC00142560	2005	6	12	1	0	0.100
USC00142560	2005	6	12	2	0	0.100
USC00142560	2005	6	12	4	0	0.100
USC00142560	2005	6	12	6	0	0.200
USC00142560	2005	6	12	7	0	0.600
USC00142560	2005	6	12	8	0	0.100
USC00142560	2005	6	12	10	0	0.200
USC00142560	2005	6	12	12	0	0.100
USC00142560	2005	6	12	13	0	0.200
USC00142560	2005	6	12	19	0	0.100
USC00142560	2005	6	15	20	0	0.100
USC00142560	2005	6	16	16	0	0.100
USC00142560	2005	6	16	17	0	0.500
USC00142560	2005	6	16	18	0	0.300
USC00142560	2005	6	16	19	0	0.600
USC00142560	2005	6	16	20	0	0.300
USC00142560	2005	6	18	13	0	0.100
USC00142560	2005	7	1	2	0	0.300
USC00142560	2005	7	2	1	0	0.300
USC00142560	2005	7	2	2	0	0.300
USC00142560	2005	7	3	21	0	0.400
USC00142560	2005	7	3	24	0	0.100
USC00142560	2005	7	4	22	0	0.300
USC00142560	2005	7	4	23	0	0.200
USC00142560	2005	7	4	24	0	0.100
USC00142560	2005	7	5	17	0	0.100
USC00142560	2005	7	5	23	0	0.100
USC00142560	2005	7	13	15	0	0.100
USC00142560	2005	7	15	6	0	0.100
USC00142560	2005	8	7	13	0	0.100
USC00142560	2005	8	12	14	0	0.100
USC00142560	2005	8	12	21	0	0.200
USC00142560	2005	8	12	22	0	0.200
USC00142560	2005	8	13	11	0	0.100
USC00142560	2005	8	13	12	0	0.100
USC00142560	2005	8	17	11	0	0.100
USC00142560	2005	8	19	20	0	0.100
USC00142560	2005	8	21	17	0	0.900
USC00142560	2005	8	21	19	0	0.300
USC00142560	2005	8	22	23	0	0.300
USC00142560	2005	8	23	5	0	0.100
USC00142560	2005	8	23	22	0	0.600
USC00142560	2005	8	23	23	0	0.400
USC00142560	2005	8	23	24	0	0.100
USC00142560	2005	8	24	6	0	0.100
USC00142560	2005	8	25	16	0	0.100
USC00142560	2005	9	6	24	0	0.100
USC00142560	2005	9	7	1	0	0.200
USC00142560	2005	9	7	4	0	0.300
USC00142560	2005	9	7	10	0	0.100
USC00142560	2005	9	8	14	0	0.100
USC00142560	2005	9	12	9	0	0.100
USC00142560	2005	9	14	23	0	0.100
USC00142560	2005	9	30	17	0	0.100
USC00142560	2005	9	30	20	0	0.100
USC00142560	2005	10	1	4	0	0.100
USC00142560	2005	10	2	8	0	0.100
USC00142560	2005	10	9	24	0	0.100
USC00142560	2005	10	10	3	0	0.100
USC00142560	2005	10	10	4	0	0.100
USC00142560	2005	10	10	5	0	0.100
USC00142560	2005	10	10	6	0	0.100
USC00142560	2005	10	10	7	0	0.100
USC00142560	2005	10	10	8	0	0.200
USC00142560	2005	10	10	9	0	0.100
USC00142560	2005	10	10	13	0	0.300
USC00142560	2005	10	10	18	0	0.100
USC00142560	2005	10	10	19	0	0.100
USC00142560	2005	10	19	7	0	0.100
USC00142560	2005	11	27	19	0	0.100
USC00142560	2005	11	27	21	0	0.100
USC00142560	2005	11	30	23	0	0.100
USC00142560	2005	12	16	22	0	0.100
USC00142560	2005	12	17	22	0	0.100
USC00142560	2006	1	10	14	0	0.100
USC00142560	2006	1	26	9	0	0.100
USC00142560	2006	2	13	14	0	0.100
USC00142560	2006	2	28	11	0	0.100
USC00142560	2006	3	1	10	0	0.100
USC00142560	2006	3	3	24	0	0.100
USC00142560	2006	3	18	18	0	0.100
USC00142560	2006	3	18	19	0	0.100
USC00142560	2006	3	18	20	0	0.100
USC00142560	2006	3	20	1	0	0.100
USC00142560	2006	3	20	4	0	0.100
USC00142560	2006	3	20	5	0	0.100
USC00142560	2006	3	20	7	0	0.100
USC00142560	2006	3	20	13	0	0.100
USC00142560	2006	3	20	18	0	0.100
USC00142560	2006	3	24	12	0	0.100
USC00142560	2006	4	28	7	0	0.100
USC00142560	2006	4	28	17	0	0.200
USC00142560	2006	5	5	18	0	0.100
USC00142560	2006	5	5	19	0	0.100
USC00142560	2006	5	5	20	0	0.300
USC00142560	2006	5	5	21	0	0.100
USC00142560	2006	5	9	23	0	0.100
USC00142560	2006	5	10	2	0	0.100
USC00142560	2006	5	10	3	0	0.100
USC00142560	2006	5	25	19	0	0.300
USC00142560	2006	5	27	17	0	0.100
USC00142560	2006	6	1	1	0	1.000
USC00142560	2006	6	1	2	0	0.200
USC00142560	2006	6	1	3	0	0.300
USC00142560	2006	6	1	14	0	0.100
USC00142560	2006	6	10	9	0	0.100
USC00142560	2006	6	16	18	0	0.700
USC00142560	2006	6	18	17	0	0.100
USC00142560	2006	6	20	14	0	0.100
USC00142560	2006	6	22	21	0	0.100
USC00142560	2006	6	22	22	0	0.200
USC00142560	2006	6	22	24	0	0.100
USC00142560	2006	6	23	1	0	0.100
USC00142560	2006	7	4	21	0	0.100
USC00142560	2006	7	4	24	0	0.200
USC00142560	2006	7	5	1	0	0.200
USC00142560	2006	7	5	2	0	0.100
USC00142560	2006	7	5	12	0	0.100
USC00142560	2006	7	10	1	0	0.200
USC00142560	2006	7	11	16	0	0.100
USC00142560	2006	7	13	15	0	0.100
USC00142560	2006	7	18	12	0	0.100
USC00142560	2006	7	25	13	0	0.100
USC00142560	2006	8	2	22	0	0.100
USC00142560	2006	8	3	3	0	0.200
USC00142560	2006	8	3	4	0	0.100
USC00142560	2006	8	3	5	0	0.200
USC00142560	2006	8	3	6	0	0.100
USC00142560	2006	8	10	17	0	0.100
USC00142560	2006	8	11	16	0	0.100
USC00142560	2006	8	13	16	0	0.100
USC00142560	2006	8	13	17	0	0.100
USC00142560	2006	8	13	21	0	0.200
USC00142560	2006	8	13	22	0	0.200
USC00142560	2006	8	14	1	0	0.100
USC00142560	2006	8	14	8	0	0.100
USC00142560	2006	8	18	16	0	0.100
USC00142560	2006	8	21	10	0	0.100
USC00142560	2006	8	26	1	0	0.100
USC00142560	2006	8	26	4	0	0.100
USC00142560	2006	8	26	6	0	0.200
USC00142560	2006	8	26	7	0	0.100
USC00142560	2006	9	1	21	0	0.100
USC00142560	2006	9	1	23	0	0.100
USC00142560	2006	9	1	24	0	0.100
USC00142560	2006	9	2	1	0	0.200
USC00142560	2006	9	2	2	0	0.500
USC00142560	2006	9	2	3	0	0.100
USC00142560	2006	9	2	12	0	0.200
USC00142560	2006	9	2	13	0	0.100
USC00142560	2006	9	9	11	0	0.100
USC00142560	2006	9	9	21	0	0.200
USC00142560	2006	9	9	22	0	0.800
USC00142560	2006	9	10	12	0	0.100
USC00142560	2006	9	15	20	0	0.200
USC00142560	2006	9	26	15	0	0.100
USC00142560	2006	10	8	14	0	0.100
USC00142560	2006	10	9	9	0	0.100
USC00142560	2006	10	9	24	0	0.100
USC00142560	2006	10	10	1	0	0.100
USC00142560	2006	10	10	5	0	0.100
USC00142560	2006	10	10	6	0	0.100
USC00142560	2006	10	10	7	0	0.100
USC00142560	2006	10	10	11	0	0.100
USC00142560	2006	10	15	5	0	0.100
USC00142560	2006	10	15	7	0	0.100
USC00142560	2006	10	16	14	0	0.100
USC00142560	2006	12	19	5	0	0.100
USC00142560	2006	12	19	15	0	0.200
USC00142560	2006	12	19	16	0	0.100
USC00142560	2006	12	19	19	0	0.100
USC00142560	2006	12	19	23	0	0.100
USC00142560	2006	12	20	1	0	0.200
USC00142560	2006	12	20	2	0	0.200
USC00142560	2006	12	20	3	0	0.100
USC00142560	2006	12	20	4	0	0.100
USC00142560	2006	12	22	16	0	0.100
USC00142560	2006	12	29	11	0	0.200
USC00142560	2006	12	29	15	0	0.100
USC00142560	2006	12	29	16	0	0.300
USC00142560	2006	12	29	17	0	0.200
USC00142560	2006	12	29	18	0	0.200
USC00142560	2006	12	29	19	0	0.300
USC00142560	2006	12	29	20	0	0.100
USC00142560	2006	12	29	21	0	0.100
USC00142560	2006	12	29	23	0	0.200
USC00142560	2006	12	29	24	0	0.200
USC00142560	2006	12	30	3	0	0.100
USC00142560	2006	12	30	4	0	0.100
USC00142560	2006	12	30	5	0	0.100
USC00142560	2006	12	30	6	0	0.100
USC00142560	2006	12	30	9	0	0.100
USC00142560	2006	12	30	23	0	0.100
USC00142560	2007	1	3	10	0	0.010
USC00142560	2007	1	3	12	0	0.010
USC00142560	2007	1	3	14	0	0.010
USC00142560	2007	1	9	11	0	0.010
USC00142560	2007	1	9	12	0	0.010
USC00142560	2007	1	10	9	0	0.010
USC00142560	2007	1	10	11	0	0.010
USC00142560	2007	1	10	13	0	0.010
USC00142560	2007	1	10	15	0	0.010
USC00142560	2007	1	13	2	0	0.010
USC00142560	2007	1	13	3	0	0.060
USC00142560	2007	1	14	8	0	0.010
USC00142560	2007	1	16	10	0	0.010
USC00142560	2007	1	16	11	0	0.010
USC00142560	2007	1	16	14	0	0.010
USC00142560	2007	1	20	4	0	0.020
USC00142560	2007	1	20	5	0	0.030
USC00142560	2007	1	20	6	0	0.040
USC00142560	2007	1	20	7	0	0.040
USC00142560	2007	1	20	8	0	0.030
USC00142560	2007	1	20	9	0	0.030
USC00142560	2007	1	20	10	0	0.060
USC00142560	2007	1	20	11	0	0.040
USC00142560	2007	1	20	12	0	0.020
USC00142560	2007	1	20	13	0	0.030
USC00142560	2007	1	20	14	0	0.030
USC00142560	2007	1	20	15	0	0.020
USC00142560	2007	1	20	16	0	0.010
USC00142560	2007	1	20	17	0	0.010
USC00142560	2007	1	20	19	0	0.010
USC00142560	2007	1	20	23	0	0.010
USC00142560	2007	1	20	24	0	0.030
USC00142560	2007	1	21	1	0	0.010
USC00142560	2007	1	21	2	0	0.010
USC00142560	2007	1	21	12	0	0.010
USC00142560	2007	1	21	13	0	0.010
USC00142560	2007	1	22	11	0	0.010
USC00142560	2007	1	22	14	0	0.010
USC00142560	2007	1	24	9	0	0.010
USC00142560	2007	1	24	11	0	0.010
USC00142560	2007	1	24	12	0	0.010
USC00142560	2007	1	25	9	0	0.010
USC00142560	2007	1	25	11	0	0.010
USC00142560	2007	1	25	12	0	0.010
USC00142560	2007	1	25	14	0	0.010
USC00142560	2007	1	27	2	0	0.030
USC00142560	2007	1	27	3	0	0.010
USC00142560	2007	1	27	4	0	0.010
USC00142560	2007	1	27	13	0	0.010
USC00142560	2007	1	28	10	0	0.010
USC00142560	2007	1	28	11	0	0.010
USC00142560	2007	1	28	14	0	0.010
USC00142560	2007	1	31	4	0	0.010
USC00142560	2007	1	31	5	0	0.040
USC00142560	2007	1	31	6	0	0.040
USC00142560	2007	1	31	7	0	0.020
USC00142560	2007	1	31	8	0	0.030
USC00142560	2007	2	4	10	0	0.010
USC00142560	2007	2	4	11	0	0.010
USC00142560	2007	2	4	15	0	0.010
USC00142560	2007	2	6	9	0	0.010
USC00142560	2007	2	6	10	0	0.010
USC00142560	2007	2	6	11	0	0.010
USC00142560	2007	2	6	13	0	0.010
USC00142560	2007	2	6	14	0	0.010
USC00142560	2007	2	11	13	0	0.010
USC00142560	2007	2	12	7	0	0.020
USC00142560	2007	2	12	12	0	0.010
USC00142560	2007	2	12	13	0	0.010
USC00142560	2007	2	12	14	0	0.010
USC00142560	2007	2	12	18	0	0.010
USC00142560	2007	2	12	20	0	0.030
USC00142560	2007	2	12	21	0	0.050
USC00142560	2007	2	13	14	0	0.010
USC00142560	2007	2	15	8	0	0.010
USC00142560	2007	2	15	9	0	0.020
USC00142560	2007	2	15	11	0	0.010
USC00142560	2007	2	15	12	0	0.010
USC00142560	2007	2	15	14	0	0.010
USC00142560	2007	2	16	9	0	0.010
USC00142560	2007	2	16	10	0	0.010
USC00142560	2007	2	16	11	0	0.020
USC00142560	2007	2	16	12	0	0.010
USC00142560	2007	2	16	14	0	0.010
USC00142560	2007	2	17	9	0	0.010
USC00142560	2007	2	17	11	0	0.010
USC00142560	2007	2	18	9	0	0.010
USC00142560	2007	2	18	10	0	0.010
USC00142560	2007	2	18	11	0	0.010
USC00142560	2007	2	18	12	0	0.010
USC00142560	2007	2	18	15	0	0.010
USC00142560	2007	2	19	10	0	0.010
USC00142560	2007	2	19	11	0	0.010
USC00142560	2007	2	19	13	0	0.010
USC00142560	2007	2	23	9	0	0.010
USC00142560	2007	2	23	10	0	0.010
USC00142560	2007	2	23	11	0	0.010
USC00142560	2007	2	23	12	0	0.010
USC00142560	2007	2	23	13	0	0.010
USC00142560	2007	2	23	18	0	0.020
USC00142560	2007	2	23	20	0	0.040
USC00142560	2007	2	25	9	0	0.010
USC00142560	2007	2	25	10	0	0.010
USC00142560	2007	2	25	12	0	0.010
USC00142560	2007	2	27	9	0	0.010
USC00142560	2007	2	27	10	0	0.010
USC00142560	2007	2	27	11	0	0.010
USC00142560	2007	2	27	13	0	0.010
USC00142560	2007	2	27	15	0	0.010
USC00142560	2007	2	28	9	0	0.010
USC00142560	2007	2	28	10	0	0.010
USC00142560	2007	2	28	11	0	0.010
USC00142560	2007	2	28	13	0	0.010
USC00142560	2007	3	9	10	0	0.010
USC00142560	2007	3	9	11	0	0.010
USC00142560	2007	3	9	15	0	0.010
USC00142560	2007	3	12	10	0	0.010
USC00142560	2007	3	12	11	0	0.010
USC00142560	2007	3	12	12	0	0.010
USC00142560	2007	3	12	14	0	0.010
USC00142560	2007	3	21	9	0	0.010
USC00142560	2007	3	21	10	0	0.010
USC00142560	2007	3	21	12	0	0.010
USC00142560	2007	3	21	13	0	0.010
USC00142560	2007	3	21	14	0	0.010
USC00142560	2007	3	23	5	0	0.010
USC00142560	2007	3	23	10	0	0.010
USC00142560	2007	3	23	11	0	0.010
USC00142560	2007	3	23	12	0	0.010
USC00142560	2007	3	23	13	0	0.010
USC00142560	2007	3	23	15	0	0.180
USC00142560	2007	3	24	2	0	0.110
USC00142560	2007	3	24	3	0	0.010
USC00142560	2007	3	24	4	0	0.120
USC00142560	2007	3	24	5	0	0.220
USC00142560	2007	3	24	6	0	0.200
USC00142560	2007	3	24	10	0	0.020
USC00142560	2007	3	24	14	0	0.010
USC00142560	2007	3	25	9	0	0.010
USC00142560	2007	3	25	10	0	0.010
USC00142560	2007	3	25	11	0	0.010
USC00142560	2007	3	25	12	0	0.010
USC00142560	2007	3	25	14	0	0.010
USC00142560	2007	3	26	11	0	0.010
USC00142560	2007	3	26	13	0	0.020
USC00142560	2007	3	26	23	0	0.210
USC00142560	2007	3	26	24	0	0.110
USC00142560	2007	3	27	1	0	0.170
USC00142560	2007	3	27	2	0	0.100
USC00142560	2007	3	27	3	0	0.030
USC00142560	2007	3	27	12	0	0.010
USC00142560	2007	3	27	13	0	0.030
USC00142560	2007	3	27	14	0	0.170
USC00142560	2007	3	27	15	0	0.180
USC00142560	2007	3	28	10	0	0.030
USC00142560	2007	3	28	11	0	0.010
USC00142560	2007	3	28	12	0	0.010
USC00142560	2007	3	28	13	0	0.010
USC00142560	2007	3	28	22	0	0.190
USC00142560	2007	3	28	23	0	0.360
USC00142560	2007	3	28	24	0	0.440
USC00142560	2007	3	29	1	0	0.220
USC00142560	2007	3	29	2	0	0.220
USC00142560	2007	3	29	3	0	0.050
USC00142560	2007	3	29	12	0	0.020
USC00142560	2007	3	29	13	0	0.030
USC00142560	2007	3	29	14	0	0.010
USC00142560	2007	3	30	9	0	0.010
USC00142560	2007	3	30	12	0	0.010
USC00142560	2007	3	30	15	0	0.030
USC00142560	2007	3	30	16	0	0.100
USC00142560	2007	3	30	17	0	0.100
USC00142560	2007	3	30	18	0	0.040
USC00142560	2007	3	30	19	0	0.090
USC00142560	2007	3	30	20	0	0.080
USC00142560	2007	3	30	22	0	0.010
USC00142560	2007	3	30	24	0	0.030
USC00142560	2007	3	31	1	0	0.160
USC00142560	2007	3	31	2	0	0.130
USC00142560	2007	3	31	3	0	0.060
USC00142560	2007	3	31	4	0	0.050
USC00142560	2007	3	31	5	0	0.010
USC00142560	2007	3	31	10	0	0.030
USC00142560	2007	3	31	11	0	0.020
USC00142560	2007	3	31	13	0	0.010
USC00142560	2007	4	10	12	0	0.010
USC00142560	2007	4	10	13	0	0.020
USC00142560	2007	4	10	14	0	0.010
USC00142560	2007	4	10	16	0	0.030
USC00142560	2007	4	12	9	0	0.010
USC00142560	2007	4	12	10	0	0.010
USC00142560	2007	4	12	12	0	0.010
USC00142560	2007	4	12	22	0	0.050
USC00142560	2007	4	12	23	0	0.360
USC00142560	2007	4	12	24	0	0.150
USC00142560	2007	4	13	2	0	0.060
USC00142560	2007	4	13	3	0	0.020
USC00142560	2007	4	13	4	0	0.010
USC00142560	2007	4	13	8	0	0.100
USC00142560	2007	4	13	9	0	0.100
USC00142560	2007	4	13	10	0	0.180
USC00142560	2007	4	13	11	0	0.270
USC00142560	2007	4	13	12	0	0.150
USC00142560	2007	4	13	13	0	0.070
USC00142560	2007	4	13	14	0	0.060
USC00142560	2007	4	13	15	0	0.050
USC00142560	2007	4	13	16	0	0.040
USC00142560	2007	4	13	17	0	0.080
USC00142560	2007	4	13	18	0	0.050
USC00142560	2007	4	13	19	0	0.010
USC00142560	2007	4	13	22	0	0.030
USC00142560	2007	4	13	23	0	0.060
USC00142560	2007	4	13	24	0	0.040
USC00142560	2007	4	14	1	0	0.010
USC00142560	2007	4	14	2	0	0.030
USC00142560	2007	4	14	3	0	0.030
USC00142560	2007	4	14	4	0	0.010
USC00142560	2007	4	14	11	0	0.010
USC00142560	2007	4	14	12	0	0.010
USC00142560	2007	4	14	13	0	0.030
USC00142560	2007	4	14	14	0	0.010
USC00142560	2007	4	14	15	0	0.010
USC00142560	2007	4	15	8	0	0.010
USC00142560	2007	4	15	9	0	0.020
USC00142560	2007	4	15	10	0	0.010
USC00142560	2007	4	15	11	0	0.020
USC00142560	2007	4	15	12	0	0.010
USC00142560	2007	4	15	13	0	0.010
USC00142560	2007	4	15	15	0	0.010
USC00142560	2007	4	16	8	0	0.010
USC00142560	2007	4	16	9	0	0.010
USC00142560	2007	4	16	10	0	0.010
USC00142560	2007	4	16	11	0	0.010
USC00142560	2007	4	16	13	0	0.020
USC00142560	2007	4	21	9	0	0.020
USC00142560	2007	4	21	11	0	0.010
USC00142560	2007	4	21	15	0	0.010
USC00142560	2007	4	21	16	0	0.010
USC00142560	2007	4	21	23	0	0.020
USC00142560	2007	4	22	2	0	0.030
USC00142560	2007	4	22	8	0	0.010
USC00142560	2007	4	22	9	0	0.020
USC00142560	2007	4	22	10	0	0.010
USC00142560	2007	4	22	12	0	0.010
USC00142560	2007	4	23	8	0	0.010
USC00142560	2007	4	23	9	0	0.030
USC00142560	2007	4	23	11	0	0.010
USC00142560	2007	4	23	12	0	0.010
USC00142560	2007	4	23	14	0	0.010
USC00142560	2007	4	23	18	0	0.190
USC00142560	2007	4	24	8	0	0.050
USC00142560	2007	4	24	9	0	0.020
USC00142560	2007	4	24	10	0	0.010
USC00142560	2007	4	24	15	0	0.010
USC00142560	2007	4	26	8	0	0.010
USC00142560	2007	4	26	9	0	0.010
USC00142560	2007	4	26	10	0	0.010
USC00142560	2007	4	26	11	0	0.010
USC00142560	2007	4	26	12	0	0.010
USC00142560	2007	4	26	14	0	0.010
USC00142560	2007	4	26	15	0	0.010
USC00142560	2007	4	30	8	0	2.010
USC00142560	2007	4	30	9	0	0.010
USC00142560	2007	4	30	12	0	0.010
USC00142560	2007	5	1	10	0	0.010
USC00142560	2007	5	1	17	0	0.020
USC00142560	2007	5	3	10	0	0.010
USC00142560	2007	5	3	11	0	0.020
USC00142560	2007	5	3	12	0	0.010
USC00142560	2007	5	3	14	0	0.040
USC00142560	2007	5	4	10	0	0.090
USC00142560	2007	5	4	15	0	0.010
USC00142560	2007	5	5	9	0	0.010
USC00142560	2007	5	5	12	0	0.220
USC00142560	2007	5	5	13	0	0.260
USC00142560	2007	5	5	23	0	0.350
USC00142560	2007	5	5	24	0	0.430
USC00142560	2007	5	6	13	0	0.060
USC00142560	2007	5	6	14	0	0.270
USC00142560	2007	5	6	15	0	0.150
USC00142560	2007	5	7	4	0	0.010
USC00142560	2007	5	7	12	0	0.080
USC00142560	2007	5	7	13	0	0.020
USC00142560	2007	5	7	14	0	0.010
USC00142560	2007	5	7	15	0	0.010
USC00142560	2007	5	8	10	0	0.010
USC00142560	2007	5	8	11	0	0.010
USC00142560	2007	5	22	1	0	0.010
USC00142560	2007	5	22	8	0	0.010
USC00142560	2007	5	22	9	0	0.010
USC00142560	2007	5	22	11	0	0.010
USC00142560	2007	5	22	14	0	0.010
USC00142560	2007	5	23	9	0	0.010
USC00142560	2007	5	23	12	0	0.010
USC00142560	2007	5	23	15	0	0.010
USC00142560	2007	5	23	17	0	0.110
USC00142560	2007	5	23	21	0	0.060
USC00142560	2007	5	23	22	0	0.130
USC00142560	2007	5	23	23	0	0.280
USC00142560	2007	5	24	8	0	0.020
USC00142560	2007	5	24	9	0	0.010
USC00142560	2007	5	24	11	0	0.010
USC00142560	2007	5	25	9	0	0.010
USC00142560	2007	5	25	11	0	0.010
USC00142560	2007	5	29	8	0	0.010
USC00142560	2007	5	29	10	0	0.010
USC00142560	2007	5	29	14	0	0.010
USC00142560	2007	5	29	24	0	0.040
USC00142560	2007	5	30	1	0	0.060
USC00142560	2007	5	30	9	0	0.030
USC00142560	2007	5	30	11	0	0.010
USC00142560	2007	5	30	13	0	0.010
USC00142560	2007	5	31	8	0	0.010
USC00142560	2007	5	31	9	0	0.010
USC00142560	2007	5	31	11	0	0.010
USC00142560	2007	5	31	21	0	0.070
USC00142560	2007	5	31	22	0	0.220
USC00142560	2007	5	31	23	0	0.010
USC00142560	2007	5	31	24	0	0.010
USC00142560	2007	6	1	1	0	0.020
USC00142560	2007	6	1	9	0	0.020
USC00142560	2007	6	1	10	0	0.070
USC00142560	2007	6	1	12	0	0.010
USC00142560	2007	6	1	22	0	0.030
USC00142560	2007	6	1	23	0	0.600
USC00142560	2007	6	2	9	0	0.030
USC00142560	2007	6	2	10	0	0.010
USC00142560	2007	6	2	14	0	0.010
USC00142560	2007	6	2	15	0	0.010
USC00142560	2007	6	9	24	0	0.310
USC00142560	2007	6	10	1	0	0.300
USC00142560	2007	6	10	2	0	0.020
USC00142560	2007	6	10	9	0	0.030
USC00142560	2007	6	10	12	0	0.010
USC00142560	2007	6	11	8	0	0.040
USC00142560	2007	6	11	9	0	0.020
USC00142560	2007	6	11	10	0	0.010
USC00142560	2007	6	11	12	0	0.010
USC00142560	2007	6	11	15	0	0.010
USC00142560	2007	6	12	9	0	0.010
USC00142560	2007	6	12	10	0	0.010
USC00142560	2007	6	12	12	0	0.010
USC00142560	2007	6	12	16	0	0.080
USC00142560	2007	6	14	9	0	0.020
USC00142560	2007	6	14	11	0	0.030
USC00142560	2007	6	14	13	0	0.050
USC00142560	2007	6	14	14	0	0.010
USC00142560	2007	6	14	16	0	0.010
USC00142560	2007	6	15	9	0	0.020
USC00142560	2007	6	15	10	0	0.060
USC00142560	2007	6	15	15	0	0.010
USC00142560	2007	6	16	9	0	0.020
USC00142560	2007	6	16	10	0	0.010
USC00142560	2007	6	16	12	0	0.010
USC00142560	2007	6	16	15	0	0.010
USC00142560	2007	6	19	11	0	0.030
USC00142560	2007	6	19	12	0	0.070
USC00142560	2007	6	19	15	0	0.010
USC00142560	2007	6	19	20	0	0.220
USC00142560	2007	6	19	21	0	0.070
USC00142560	2007	6	20	8	0	0.020
USC00142560	2007	6	20	9	0	0.010
USC00142560	2007	6	20	10	0	0.010
USC00142560	2007	6	20	13	0	0.010
USC00142560	2007	6	27	8	0	0.020
USC00142560	2007	6	27	9	0	0.040
USC00142560	2007	6	27	12	0	0.040
USC00142560	2007	6	27	13	0	0.010
USC00142560	2007	6	27	14	0	0.010
USC00142560	2007	6	27	15	0	0.030
USC00142560	2007	6	28	7	0	0.020
USC00142560	2007	6	28	8	0	0.030
USC00142560	2007	6	28	9	0	0.010
USC00142560	2007	6	28	14	0	0.010
USC00142560	2007	6	29	10	0	0.010
USC00142560	2007	6	29	11	0	0.010
USC00142560	2007	6	29	16	0	0.010
USC00142560	2007	7	4	8	0	0.010
USC00142560	2007	7	4	9	0	0.010
USC00142560	2007	7	4	10	0	0.010
USC00142560	2007	7	4	12	0	0.010
USC00142560	2007	7	4	17	0	0.200
USC00142560	2007	7	4	18	0	0.300
USC00142560	2007	7	5	8	0	0.020
USC00142560	2007	7	5	9	0	0.070
USC00142560	2007	7	5	12	0	0.010
USC00142560	2007	7	6	7	0	0.010
USC00142560	2007	7	6	8	0	0.010
USC00142560	2007	7	6	9	0	0.010
USC00142560	2007	7	6	10	0	0.010
USC00142560	2007	7	6	14	0	0.010
USC00142560	2007	7	12	5	0	0.020
USC00142560	2007	7	12	9	0	0.020
USC00142560	2007	7	12	10	0	0.010
USC00142560	2007	7	12	12	0	0.010
USC00142560	2007	7	12	13	0	0.010
USC00142560	2007	7	12	20	0	2.670
USC00142560	2007	7	12	21	0	0.130
USC00142560	2007	7	13	9	0	0.090
USC00142560	2007	7	13	11	0	0.010
USC00142560	2007	7	13	13	0	0.010
USC00142560	2007	7	13	16	0	0.010
USC00142560	2007	7	14	7	0	0.010
USC00142560	2007	7	14	8	0	0.010
USC00142560	2007	7	14	9	0	0.010
USC00142560	2007	7	14	10	0	0.020
USC00142560	2007	7	14	12	0	0.010
USC00142560	2007	7	14	14	0	0.010
USC00142560	2007	7	31	9	0	0.020
USC00142560	2007	7	31	10	0	0.010
USC00142560	2007	7	31	11	0	0.010
USC00142560	2007	7	31	13	0	0.010
USC00142560	2007	7	31	14	0	0.010
USC00142560	2007	7	31	16	0	0.030
USC00142560	2007	7	31	17	0	0.010
USC00142560	2007	8	1	8	0	0.060
USC00142560	2007	8	1	9	0	0.020
USC00142560	2007	8	1	11	0	0.010
USC00142560	2007	8	1	12	0	0.010
USC00142560	2007	8	1	14	0	0.010
USC00142560	2007	8	1	17	0	0.090
USC00142560	2007	8	2	8	0	0.030
USC00142560	2007	8	2	9	0	0.020
USC00142560	2007	8	2	11	0	0.010
USC00142560	2007	8	2	14	0	0.020
USC00142560	2007	8	23	8	0	0.010
USC00142560	2007	8	23	9	0	0.010
USC00142560	2007	8	23	10	0	0.010
USC00142560	2007	8	23	11	0	0.010
USC00142560	2007	8	23	14	0	0.010
USC00142560	2007	8	23	15	0	0.020
USC00142560	2007	8	23	19	0	0.020
USC00142560	2007	8	23	22	0	0.040
USC00142560	2007	8	23	23	0	0.150
USC00142560	2007	8	23	24	0	0.050
USC00142560	2007	8	24	9	0	0.120
USC00142560	2007	8	24	12	0	0.060
USC00142560	2007	8	24	16	0	0.050
USC00142560	2007	8	24	17	0	0.070
USC00142560	2007	8	25	11	0	0.010
USC00142560	2007	8	25	12	0	0.020
USC00142560	2007	8	25	13	0	0.050
USC00142560	2007	8	25	14	0	0.050
USC00142560	2007	8	25	15	0	0.030
USC00142560	2007	8	27	9	0	0.020
USC00142560	2007	8	27	10	0	0.010
USC00142560	2007	8	27	11	0	0.010
USC00142560	2007	8	27	13	0	0.010
USC00142560	2007	8	29	10	0	0.010
USC00142560	2007	8	29	13	0	0.010
USC00142560	2007	8	29	14	0	0.010
USC00142560	2007	8	29	18	0	0.120
USC00142560	2007	8	30	9	0	0.020
USC00142560	2007	8	30	10	0	0.010
USC00142560	2007	8	30	11	0	0.040
USC00142560	2007	8	30	12	0	0.010
USC00142560	2007	8	30	13	0	0.010
USC00142560	2007	8	30	14	0	0.010
USC00142560	2007	9	1	8	0	0.020
USC00142560	2007	9	1	9	0	0.010
USC00142560	2007	9	1	10	0	0.010
USC00142560	2007	9	1	11	0	0.010
USC00142560	2007	9	1	12	0	0.010
USC00142560	2007	9	1	13	0	0.010
USC00142560	2007	9	11	8	0	0.010
USC00142560	2007	9	11	9	0	0.020
USC00142560	2007	9	11	10	0	0.010
USC00142560	2007	9	11	11	0	0.010
USC00142560	2007	9	11	12	0	0.010
USC00142560	2007	9	11	13	0	0.010
USC00142560	2007	9	11	15	0	0.010
USC00142560	2007	9	18	1	0	0.020
USC00142560	2007	9	18	2	0	0.060
USC00142560	2007	9	18	9	0	0.030
USC00142560	2007	9	18	10	0	0.010
USC00142560	2007	9	18	12	0	0.010
USC00142560	2007	9	18	13	0	0.010
USC00142560	2007	9	18	14	0	0.010
USC00142560	2007	9	19	9	0	0.010
USC00142560	2007	9	19	10	0	0.020
USC00142560	2007	9	19	11	0	0.010
USC00142560	2007	9	19	17	0	0.020
USC00142560	2007	9	21	9	0	0.010
USC00142560	2007	9	21	10	0	0.010
USC00142560	2007	9	21	11	0	0.010
USC00142560	2007	9	21	12	0	0.010
USC00142560	2007	9	21	13	0	0.010
USC00142560	2007	9	21	23	0	0.260
USC00142560	2007	9	21	24	0	0.710
USC00142560	2007	9	22	9	0	0.040
USC00142560	2007	9	22	10	0	0.010
USC00142560	2007	9	22	11	0	0.010
USC00142560	2007	9	22	13	0	0.010
USC00142560	2007	9	22	14	0	0.010
USC00142560	2007	9	23	8	0	0.010
USC00142560	2007	9	23	10	0	0.020
USC00142560	2007	9	23	11	0	0.020
USC00142560	2007	9	23	15	0	0.010
USC00142560	2007	9	28	8	0	0.030
USC00142560	2007	9	28	9	0	0.010
USC00142560	2007	9	28	10	0	0.060
USC00142560	2007	9	28	11	0	0.010
USC00142560	2007	9	28	12	0	0.010
USC00142560	2007	9	28	13	0	0.010
USC00142560	2007	9	29	9	0	0.010
USC00142560	2007	9	29	10	0	0.010
USC00142560	2007	9	29	11	0	0.010
USC00142560	2007	9	29	16	0	0.030
USC00142560	2007	10	1	8	0	0.010
USC00142560	2007	10	1	9	0	0.020
USC00142560	2007	10	1	10	0	0.020
USC00142560	2007	10	1	11	0	0.010
USC00142560	2007	10	1	12	0	0.010
USC00142560	2007	10	1	14	0	0.010
USC00142560	2007	10	2	2	0	0.010
USC00142560	2007	10	2	9	0	0.010
USC00142560	2007	10	2	10	0	0.010
USC00142560	2007	10	2	11	0	0.010
USC00142560	2007	10	2	13	0	0.010
USC00142560	2007	10	4	3	0	0.010
USC00142560	2007	10	4	6	0	0.010
USC00142560	2007	10	4	9	0	0.010
USC00142560	2007	10	4	12	0	0.010
USC00142560	2007	10	5	10	0	0.010
USC00142560	2007	10	5	12	0	0.010
USC00142560	2007	10	7	11	0	0.010
USC00142560	2007	10	7	18	0	0.010
USC00142560	2007	10	7	21	0	0.020
USC00142560	2007	10	8	10	0	0.070
USC00142560	2007	10	8	11	0	0.030
USC00142560	2007	10	9	9	0	0.010
USC00142560	2007	10	9	11	0	0.010
USC00142560	2007	10	9	13	0	0.010
USC00142560	2007	10	10	10	0	2.280
USC00142560	2007	10	10	11	0	0.010
USC00142560	2007	10	10	14	0	0.010
USC00142560	2007	10	11	10	0	0.010
USC00142560	2007	10	11	12	0	0.010
USC00142560	2007	10	11	14	0	0.010
USC00142560	2007	10	16	10	0	0.010
USC00142560	2007	10	16	11	0	0.010
USC00142560	2007	10	16	12	0	0.010
USC00142560	2007	10	16	14	0	0.010
USC00142560	2007	10	17	11	0	0.010
USC00142560	2007	10	17	13	0	0.010
USC00142560	2007	11	23	9	0	0.010
USC00142560	2007	11	23	12	0	0.030
USC00142560	2007	11	23	13	0	0.020
USC00142560	2007	11	23	14	0	0.010
USC00142560	2007	11	23	15	0	0.010
USC00142560	2007	11	23	16	0	0.020
USC00142560	2007	11	23	17	0	0.010
USC00142560	2007	11	23	18	0	0.030
USC00142560	2007	11	23	19	0	0.010
USC00142560	2007	11	23	20	0	0.020
USC00142560	2007	11	23	21	0	0.030
USC00142560	2007	11	23	22	0	0.040
USC00142560	2007	11	23	23	0	0.030
USC00142560	2007	11	23	24	0	0.010
USC00142560	2007	11	24	1	0	0.020
USC00142560	2007	11	24	2	0	0.010
USC00142560	2007	11	24	13	0	0.010
USC00142560	2007	11	25	11	0	0.010
USC00142560	2007	11	25	13	0	0.010
USC00142560	2007	12	1	4	0	0.010
USC00142560	2007	12	1	5	0	0.010
USC00142560	2007	12	1	6	0	0.030
USC00142560	2007	12	1	7	0	0.010
USC00142560	2007	12	1	14	0	0.030
USC00142560	2007	12	1	15	0	0.050
USC00142560	2007	12	1	19	0	0.010
USC00142560	2007	12	1	20	0	0.020
USC00142560	2007	12	1	21	0	0.010
USC00142560	2007	12	2	9	0	0.010
USC00142560	2007	12	2	10	0	0.030
USC00142560	2007	12	9	3	0	0.070
USC00142560	2007	12	9	4	0	0.080
USC00142560	2007	12	9	5	0	0.020
USC00142560	2007	12	9	11	0	0.010
USC00142560	2007	12	9	13	0	0.010
USC00142560	2007	12	10	12	0	0.010
USC00142560	2007	12	10	14	0	0.070
USC00142560	2007	12	10	15	0	0.090
USC00142560	2007	12	10	16	0	0.200
USC00142560	2007	12	10	17	0	0.070
USC00142560	2007	12	10	18	0	0.050
USC00142560	2007	12	10	19	0	0.130
USC00142560	2007	12	10	20	0	0.100
USC00142560	2007	12	10	21	0	0.100
USC00142560	2007	12	10	22	0	0.030
USC00142560	2007	12	10	24	0	0.010
USC00142560	2007	12	11	1	0	0.010
USC00142560	2007	12	11	2	0	0.210
USC00142560	2007	12	11	3	0	0.230
USC00142560	2007	12	11	4	0	0.290
USC00142560	2007	12	11	5	0	0.320
USC00142560	2007	12	11	6	0	0.160
USC00142560	2007	12	11	7	0	0.030
USC00142560	2007	12	11	9	0	0.020
USC00142560	2007	12	11	10	0	0.020
USC00142560	2007	12	11	11	0	0.020
USC00142560	2007	12	11	12	0	0.050
USC00142560	2007	12	11	13	0	0.040
USC00142560	2007	12	11	14	0	0.030
USC00142560	2007	12	11	15	0	0.010
USC00142560	2007	12	11	18	0	0.010
USC00142560	2007	12	12	16	0	0.040
USC00142560	2007	12	12	21	0	0.010
USC00142560	2007	12	13	12	0	0.030
USC00142560	2007	12	13	13	0	0.020
USC00142560	2007	12	14	11	0	0.040
USC00142560	2007	12	14	12	0	0.040
USC00142560	2007	12	14	13	0	0.030
USC00142560	2007	12	14	14	0	0.070
USC00142560	2007	12	14	15	0	0.050
USC00142560	2007	12	14	16	0	0.020
USC00142560	2007	12	14	17	0	0.050
USC00142560	2007	12	14	19	0	0.010
USC00142560	2007	12	14	21	0	0.020
USC00142560	2007	12	14	22	0	0.020
USC00142560	2007	12	14	23	0	0.010
USC00142560	2007	12	15	2	0	0.010
USC00142560	2007	12	15	11	0	0.030
USC00142560	2007	12	15	12	0	0.050
USC00142560	2007	12	15	13	0	0.020
USC00142560	2007	12	16	11	0	0.010
USC00142560	2007	12	16	12	0	0.010
USC00142560	2007	12	16	13	0	0.010
USC00142560	2007	12	22	3	0	0.010
USC00142560	2007	12	22	5	0	0.010
USC00142560	2007	12	22	6	0	0.060
USC00142560	2007	12	22	7	0	0.060
USC00142560	2007	12	22	8	0	0.030
USC00142560	2007	12	22	9	0	0.070
USC00142560	2007	12	22	10	0	0.050
USC00142560	2007	12	22	13	0	0.010
USC00142560	2007	12	23	11	0	0.010
USC00142560	2007	12	23	12	0	0.010
USC00142560	2007	12	23	14	0	0.010
USC00142560	2007	12	27	17	0	0.020
USC00142560	2007	12	27	18	0	0.010
USC00142560	2007	12	27	19	0	0.040
USC00142560	2007	12	27	20	0	0.030
USC00142560	2007	12	27	21	0	0.040
USC00142560	2007	12	27	22	0	0.010
USC00142560	2007	12	27	23	0	0.010
USC00142560	2007	12	28	3	0	0.010
USC00142560	2007	12	28	13	0	0.030
