USC00268822	1990	1	2	2	0	0.050
USC00268822	1990	1	2	3	0	0.050
USC00268822	1990	1	17	12	0	0.100
USC00268822	1990	3	11	11	0	0.100
USC00268822	1990	3	11	13	0	0.100
USC00268822	1990	3	13	12	0	0.200
USC00268822	1990	4	1	5	0	0.100
USC00268822	1990	4	8	12	0	0.100
USC00268822	1990	4	17	20	0	0.100
USC00268822	1990	4	17	22	0	0.100
USC00268822	1990	4	19	17	0	0.100
USC00268822	1990	4	20	16	0	0.100
USC00268822	1990	5	25	8	0	0.100
USC00268822	1990	5	27	16	0	0.100
USC00268822	1990	5	27	18	0	0.100
USC00268822	1990	5	27	20	0	0.100
USC00268822	1990	5	28	2	0	0.100
USC00268822	1990	7	21	11	0	0.100
USC00268822	1990	9	24	19	0	0.100
USC00268822	1990	12	11	11	0	0.100
USC00268822	1990	12	11	13	0	0.100
USC00268822	1990	12	19	21	0	0.100
USC00268822	1991	1	4	3	0	0.100
USC00268822	1991	2	5	3	0	0.200
USC00268822	1991	2	5	4	0	0.200
USC00268822	1991	3	1	9	0	0.100
USC00268822	1991	3	3	12	0	0.100
USC00268822	1991	3	8	8	0	0.100
USC00268822	1991	3	15	7	0	0.100
USC00268822	1991	3	15	8	0	0.100
USC00268822	1991	3	18	7	0	0.100
USC00268822	1991	3	18	18	0	0.100
USC00268822	1991	3	18	23	0	0.100
USC00268822	1991	3	25	1	0	0.100
USC00268822	1991	3	26	22	0	0.100
USC00268822	1991	3	27	2	0	0.100
USC00268822	1991	4	20	16	0	0.100
USC00268822	1991	5	2	2	0	0.100
USC00268822	1991	5	6	4	0	0.100
USC00268822	1991	5	9	5	0	0.100
USC00268822	1991	5	13	14	0	0.100
USC00268822	1991	5	13	17	0	0.200
USC00268822	1991	5	18	16	0	0.100
USC00268822	1991	5	21	18	0	0.100
USC00268822	1991	6	27	6	0	0.100
USC00268822	1991	6	27	9	0	0.100
USC00268822	1991	6	28	19	0	0.100
USC00268822	1991	7	20	7	0	0.100
USC00268822	1991	8	14	17	0	0.200
USC00268822	1991	8	14	20	0	0.200
USC00268822	1991	8	14	23	0	0.100
USC00268822	1991	8	15	4	0	0.100
USC00268822	1991	8	15	8	0	0.100
USC00268822	1991	8	15	10	0	0.100
USC00268822	1991	11	7	16	0	0.100
USC00268822	1991	12	7	9	0	0.100
USC00268822	1991	12	7	12	0	0.100
USC00268822	1991	12	7	13	0	0.100
USC00268822	1991	12	7	15	0	0.100
USC00268822	1992	1	7	6	0	0.100
USC00268822	1992	2	11	6	0	0.100
USC00268822	1992	2	15	6	0	0.100
USC00268822	1992	3	22	7	0	0.100
USC00268822	1992	3	22	14	0	0.300
USC00268822	1992	3	22	15	0	0.200
USC00268822	1992	3	22	16	0	0.200
USC00268822	1992	3	28	19	0	0.100
USC00268822	1992	3	30	5	0	0.300
USC00268822	1992	3	30	6	0	0.100
USC00268822	1992	3	30	15	0	0.200
USC00268822	1992	3	30	16	0	0.100
USC00268822	1992	3	30	17	0	0.100
USC00268822	1992	3	30	18	0	0.100
USC00268822	1992	5	14	18	0	0.100
USC00268822	1992	6	14	8	0	0.100
USC00268822	1992	6	15	7	0	0.100
USC00268822	1992	6	15	9	0	0.100
USC00268822	1992	6	15	10	0	0.100
USC00268822	1992	6	15	11	0	0.100
USC00268822	1992	6	15	12	0	0.100
USC00268822	1992	6	15	13	0	0.100
USC00268822	1992	8	29	21	0	0.100
USC00268822	1992	12	7	1	0	0.100
USC00268822	1992	12	28	21	0	0.100
USC00268822	1992	12	29	4	0	0.100
USC00268822	1993	1	6	6	0	0.100
USC00268822	1993	1	7	6	0	0.100
USC00268822	1993	1	7	22	0	0.100
USC00268822	1993	1	10	2	0	0.100
USC00268822	1993	1	10	4	0	0.100
USC00268822	1993	1	15	22	0	0.100
USC00268822	1993	1	15	23	0	0.100
USC00268822	1993	1	16	0	0	0.100
USC00268822	1993	1	16	23	0	0.100
USC00268822	1993	1	17	1	0	0.100
USC00268822	1993	1	18	4	0	0.100
USC00268822	1993	1	21	24	0	0.100
USC00268822	1993	2	8	18	0	0.100
USC00268822	1993	2	19	17	0	0.100
USC00268822	1993	2	26	14	0	0.100
USC00268822	1993	3	14	2	0	0.100
USC00268822	1993	3	14	3	0	0.100
USC00268822	1993	3	17	10	0	0.100
USC00268822	1993	3	25	18	0	0.200
USC00268822	1993	3	25	19	0	0.100
USC00268822	1993	3	25	20	0	0.100
USC00268822	1993	3	25	22	0	0.100
USC00268822	1993	3	25	23	0	0.100
USC00268822	1993	3	26	1	0	0.100
USC00268822	1993	3	26	4	0	0.100
USC00268822	1993	3	26	9	0	0.100
USC00268822	1993	3	26	11	0	0.100
USC00268822	1993	3	27	22	0	0.100
USC00268822	1993	3	27	23	0	0.100
USC00268822	1993	3	27	24	0	0.100
USC00268822	1993	3	28	1	0	0.100
USC00268822	1993	3	28	2	0	0.100
USC00268822	1993	3	28	3	0	0.100
USC00268822	1993	5	17	22	0	0.100
USC00268822	1993	5	23	14	0	0.200
USC00268822	1993	6	3	21	0	0.100
USC00268822	1993	6	3	23	0	0.100
USC00268822	1993	6	5	15	0	0.200
USC00268822	1993	6	5	16	0	0.100
USC00268822	1993	6	5	17	0	0.100
USC00268822	1993	6	6	8	0	0.100
USC00268822	1993	6	6	9	0	0.100
USC00268822	1993	6	6	10	0	0.100
USC00268822	1993	6	6	12	0	0.100
USC00268822	1993	6	6	14	0	0.100
USC00268822	1993	10	4	16	0	0.145
USC00268822	1993	10	5	13	0	0.145
USC00268822	1993	10	5	14	0	0.073
USC00268822	1993	10	15	11	0	0.073
USC00268822	1993	11	12	1	0	0.100
USC00268822	1993	11	12	2	0	0.100
USC00268822	1993	11	12	4	0	0.100
USC00268822	1993	11	12	5	0	0.100
USC00268822	1993	11	12	10	0	0.100
USC00268822	1993	12	26	21	0	0.100
USC00268822	1994	2	7	10	0	0.100
USC00268822	1994	2	8	3	0	0.100
USC00268822	1994	2	8	9	0	0.100
USC00268822	1994	3	5	16	0	0.100
USC00268822	1994	3	5	17	0	0.100
USC00268822	1994	3	5	19	0	0.100
USC00268822	1994	3	5	24	0	0.100
USC00268822	1994	3	11	7	0	0.100
USC00268822	1994	4	3	9	0	0.100
USC00268822	1994	4	3	14	0	0.300
USC00268822	1994	5	5	13	0	0.100
USC00268822	1994	5	6	12	0	0.100
USC00268822	1994	5	6	15	0	0.100
USC00268822	1994	5	6	22	0	0.100
USC00268822	1994	5	7	3	0	0.100
USC00268822	1994	5	7	12	0	0.100
USC00268822	1994	5	7	13	0	0.100
USC00268822	1994	5	18	7	0	0.100
USC00268822	1994	5	18	9	0	0.100
USC00268822	1994	5	30	22	0	0.100
USC00268822	1994	5	30	23	0	0.100
USC00268822	1994	9	28	16	0	0.100
USC00268822	1994	10	4	13	0	0.100
USC00268822	1994	10	4	22	0	0.100
USC00268822	1994	10	27	14	0	0.073
USC00268822	1994	11	5	13	0	0.100
USC00268822	1994	11	7	7	0	0.100
USC00268822	1994	11	7	12	0	0.100
USC00268822	1994	11	7	16	0	0.100
USC00268822	1994	11	12	15	0	0.100
USC00268822	1994	11	17	14	0	0.100
USC00268822	1994	11	17	15	0	0.100
USC00268822	1994	11	17	23	0	0.100
USC00268822	1994	11	25	6	0	0.100
USC00268822	1994	11	26	11	0	0.100
USC00268822	1995	1	4	12	0	0.100
USC00268822	1995	1	5	10	0	0.100
USC00268822	1995	1	10	3	0	0.100
USC00268822	1995	1	10	18	0	0.200
USC00268822	1995	1	10	19	0	0.100
USC00268822	1995	1	10	20	0	0.200
USC00268822	1995	1	14	13	0	0.100
USC00268822	1995	1	27	10	0	0.100
USC00268822	1995	1	27	12	0	0.100
USC00268822	1995	1	27	17	0	0.100
USC00268822	1995	1	30	9	0	0.100
USC00268822	1995	2	7	24	0	0.100
USC00268822	1995	2	14	2	0	0.100
USC00268822	1995	2	28	20	0	0.100
USC00268822	1995	2	28	23	0	0.100
USC00268822	1995	3	1	3	0	0.100
USC00268822	1995	3	1	17	0	0.100
USC00268822	1995	3	10	11	0	0.100
USC00268822	1995	3	10	16	0	0.200
USC00268822	1995	3	10	19	0	0.100
USC00268822	1995	3	20	11	0	0.100
USC00268822	1995	3	23	1	0	0.100
USC00268822	1995	4	16	8	0	0.100
USC00268822	1995	4	30	21	0	0.100
USC00268822	1995	5	4	23	0	0.100
USC00268822	1995	5	5	2	0	0.100
USC00268822	1995	5	7	7	0	0.100
USC00268822	1995	5	12	21	0	0.100
USC00268822	1995	5	13	4	0	0.100
USC00268822	1995	5	13	6	0	0.100
USC00268822	1995	5	13	17	0	0.100
USC00268822	1995	5	13	20	0	0.100
USC00268822	1995	5	13	22	0	0.100
USC00268822	1995	5	13	24	0	0.100
USC00268822	1995	5	14	1	0	0.200
USC00268822	1995	5	14	2	0	0.100
USC00268822	1995	5	14	4	0	0.100
USC00268822	1995	5	14	7	0	0.100
USC00268822	1995	5	14	8	0	0.100
USC00268822	1995	5	14	16	0	0.200
USC00268822	1995	5	15	1	0	0.100
USC00268822	1995	5	22	1	0	0.100
USC00268822	1995	5	22	3	0	0.100
USC00268822	1995	5	22	8	0	0.100
USC00268822	1995	5	22	9	0	0.100
USC00268822	1995	5	22	10	0	0.100
USC00268822	1995	5	22	11	0	0.100
USC00268822	1995	5	22	12	0	0.100
USC00268822	1995	5	22	17	0	0.100
USC00268822	1995	5	22	19	0	0.100
USC00268822	1995	5	22	20	0	0.100
USC00268822	1995	5	24	18	0	0.200
USC00268822	1995	6	15	12	0	0.300
USC00268822	1995	6	15	17	0	0.200
USC00268822	1995	6	15	18	0	0.300
USC00268822	1995	6	15	19	0	0.100
USC00268822	1995	8	22	18	0	0.100
USC00268822	1995	8	23	14	0	0.100
USC00268822	1995	11	25	21	0	0.073
USC00268822	1995	12	11	8	0	0.100
USC00268822	1995	12	11	11	0	0.100
USC00268822	1995	12	11	12	0	0.100
USC00268822	1995	12	12	9	0	0.200
USC00268822	1995	12	12	10	0	0.100
USC00268822	1995	12	12	11	0	0.200
USC00268822	1995	12	12	12	0	0.100
USC00268822	1995	12	12	14	0	0.100
USC00268822	1995	12	14	9	0	0.100
USC00268822	1995	12	29	12	0	0.100
USC00268822	1996	1	16	10	0	0.100
USC00268822	1996	1	18	9	0	0.100
USC00268822	1996	1	27	19	0	0.100
USC00268822	1996	1	31	22	0	0.100
USC00268822	1996	2	4	11	0	0.100
USC00268822	1996	2	4	12	0	0.100
USC00268822	1996	2	4	13	0	0.100
USC00268822	1996	2	5	14	0	0.100
USC00268822	1996	2	18	11	0	0.100
USC00268822	1996	2	19	2	0	0.100
USC00268822	1996	2	19	16	0	0.100
USC00268822	1996	2	19	19	0	0.100
USC00268822	1996	2	21	12	0	0.100
USC00268822	1996	2	21	13	0	0.100
USC00268822	1996	2	28	10	0	0.100
USC00268822	1996	3	4	18	0	0.200
USC00268822	1996	3	12	8	0	0.100
USC00268822	1996	3	12	9	0	0.100
USC00268822	1996	3	12	15	0	0.100
USC00268822	1996	3	12	19	0	0.100
USC00268822	1996	4	17	24	0	0.100
USC00268822	1996	5	16	2	0	0.100
USC00268822	1996	5	16	6	0	0.100
USC00268822	1996	5	16	7	0	0.100
USC00268822	1996	5	27	3	0	0.100
USC00268822	1996	5	27	4	0	0.900
USC00268822	1996	5	27	5	0	0.100
USC00268822	1996	5	27	6	0	0.100
USC00268822	1996	5	27	10	0	0.100
USC00268822	1996	5	27	12	0	0.100
USC00268822	1996	6	12	19	0	0.100
USC00268822	1996	6	26	12	0	0.100
USC00268822	1996	6	27	8	0	0.100
USC00268822	1996	7	13	9	0	0.100
USC00268822	1996	7	13	18	0	0.500
USC00268822	1996	7	14	23	0	0.100
USC00268822	1996	10	1	13	0	0.100
USC00268822	1996	10	24	23	0	0.100
USC00268822	1996	10	30	1	0	0.100
USC00268822	1996	10	30	4	0	0.100
USC00268822	1996	11	17	7	0	0.100
USC00268822	1996	11	17	12	0	0.100
USC00268822	1996	11	21	21	0	0.100
USC00268822	1996	11	22	3	0	0.100
USC00268822	1996	11	22	5	0	0.100
USC00268822	1996	11	29	19	0	0.100
USC00268822	1996	12	1	12	0	0.100
USC00268822	1996	12	22	3	0	0.090
USC00268822	1996	12	22	18	0	0.090
USC00268822	1997	1	2	15	0	0.100
USC00268822	1997	1	2	17	0	0.100
USC00268822	1997	1	2	18	0	0.100
USC00268822	1997	1	2	20	0	0.100
USC00268822	1997	1	2	21	0	0.100
USC00268822	1997	1	3	0	0	0.100
USC00268822	1997	1	3	8	0	0.100
USC00268822	1997	1	15	20	0	0.100
USC00268822	1997	1	23	2	0	0.100
USC00268822	1997	1	23	4	0	0.100
USC00268822	1997	1	25	3	0	0.100
USC00268822	1997	1	25	5	0	0.100
USC00268822	1997	1	25	13	0	0.100
USC00268822	1997	1	28	17	0	0.100
USC00268822	1997	2	8	2	0	0.100
USC00268822	1997	2	26	23	0	0.100
USC00268822	1997	2	27	6	0	0.100
USC00268822	1997	2	27	17	0	0.100
USC00268822	1997	2	28	2	0	0.073
USC00268822	1997	4	10	17	0	0.100
USC00268822	1997	5	19	18	0	0.100
USC00268822	1997	6	3	14	0	0.100
USC00268822	1997	6	8	8	0	0.100
USC00268822	1997	6	8	21	0	0.200
USC00268822	1997	6	13	10	0	0.200
USC00268822	1997	6	13	11	0	0.100
USC00268822	1997	6	13	24	0	0.100
USC00268822	1997	6	15	4	0	0.100
USC00268822	1997	7	29	17	0	0.100
USC00268822	1997	7	29	18	0	0.100
USC00268822	1997	8	8	16	0	0.100
USC00268822	1997	9	2	7	0	0.300
USC00268822	1997	12	5	15	0	0.100
USC00268822	1997	12	6	15	0	0.100
USC00268822	1997	12	21	11	0	0.100
USC00268822	1998	1	16	23	0	0.100
USC00268822	1998	1	18	19	0	0.200
USC00268822	1998	1	18	20	0	0.100
USC00268822	1998	2	2	12	0	0.100
USC00268822	1998	2	2	14	0	0.100
USC00268822	1998	2	2	23	0	0.100
USC00268822	1998	2	9	10	0	0.100
USC00268822	1998	2	13	10	0	0.100
USC00268822	1998	2	16	23	0	0.100
USC00268822	1998	2	24	12	0	0.100
USC00268822	1998	3	6	1	0	0.100
USC00268822	1998	3	6	6	0	0.100
USC00268822	1998	3	24	5	0	0.200
USC00268822	1998	3	24	8	0	0.100
USC00268822	1998	3	24	16	0	0.100
USC00268822	1998	3	25	5	0	0.100
USC00268822	1998	3	25	16	0	0.100
USC00268822	1998	3	31	11	0	0.100
USC00268822	1998	3	31	14	0	0.100
USC00268822	1998	3	31	19	0	0.100
USC00268822	1998	3	31	20	0	0.100
USC00268822	1998	3	31	21	0	0.100
USC00268822	1998	3	31	23	0	0.100
USC00268822	1998	4	1	1	0	0.100
USC00268822	1998	4	1	7	0	0.300
USC00268822	1998	4	3	19	0	0.100
USC00268822	1998	4	14	12	0	0.100
USC00268822	1998	5	4	24	0	0.100
USC00268822	1998	5	5	18	0	0.100
USC00268822	1998	5	5	19	0	0.100
USC00268822	1998	5	5	20	0	0.100
USC00268822	1998	5	5	24	0	0.100
USC00268822	1998	5	6	2	0	0.100
USC00268822	1998	5	6	4	0	0.100
USC00268822	1998	5	6	5	0	0.100
USC00268822	1998	5	6	8	0	0.100
USC00268822	1998	5	6	11	0	0.100
USC00268822	1998	5	7	2	0	0.100
USC00268822	1998	5	8	13	0	0.100
USC00268822	1998	5	12	14	0	0.100
USC00268822	1998	5	12	19	0	0.100
USC00268822	1998	5	12	20	0	0.100
USC00268822	1998	5	12	21	0	0.100
USC00268822	1998	5	12	23	0	0.100
USC00268822	1998	5	12	24	0	0.100
USC00268822	1998	5	13	4	0	0.100
USC00268822	1998	5	13	7	0	0.100
USC00268822	1998	5	13	9	0	0.100
USC00268822	1998	5	13	10	0	0.100
USC00268822	1998	5	13	12	0	0.200
USC00268822	1998	6	3	5	0	0.100
USC00268822	1998	6	3	6	0	0.100
USC00268822	1998	6	3	13	0	0.500
USC00268822	1998	6	6	16	0	0.100
USC00268822	1998	6	6	17	0	0.100
USC00268822	1998	6	6	22	0	0.200
USC00268822	1998	6	7	16	0	0.100
USC00268822	1998	6	10	15	0	0.100
USC00268822	1998	6	10	18	0	0.100
USC00268822	1998	6	11	12	0	0.100
USC00268822	1998	6	11	13	0	0.100
USC00268822	1998	7	23	17	0	0.100
USC00268822	1998	7	24	16	0	0.100
USC00268822	1998	7	29	15	0	0.100
USC00268822	1998	8	31	24	0	0.100
USC00268822	1998	9	4	19	0	0.100
USC00268822	1998	9	6	7	0	0.100
USC00268822	1998	9	9	8	0	0.100
USC00268822	1998	9	11	17	0	0.300
USC00268822	1998	9	25	22	0	0.100
USC00268822	1998	9	26	10	0	0.073
USC00268822	1998	9	26	12	0	0.073
USC00268822	1998	9	26	13	0	0.073
USC00268822	1998	9	29	19	0	0.073
USC00268822	1998	10	26	8	0	0.100
USC00268822	1998	11	30	13	0	0.100
USC00268822	1998	12	5	22	0	0.100
USC00268822	1998	12	6	2	0	0.100
USC00268822	1999	1	23	16	0	0.100
USC00268822	1999	1	24	22	0	0.100
USC00268822	1999	1	25	1	0	0.100
USC00268822	1999	2	9	11	0	0.100
USC00268822	1999	2	9	16	0	0.100
USC00268822	1999	4	6	3	0	0.100
USC00268822	1999	4	6	15	0	0.100
USC00268822	1999	4	29	18	0	0.200
USC00268822	1999	4	29	21	0	0.100
USC00268822	1999	4	30	1	0	0.100
USC00268822	1999	4	30	4	0	0.100
USC00268822	1999	6	4	7	0	0.073
USC00268822	1999	6	24	7	0	0.100
USC00268822	1999	6	25	2	0	0.100
USC00268822	1999	8	6	12	0	0.100
USC00268822	1999	8	6	13	0	0.100
USC00268822	1999	8	7	1	0	0.100
USC00268822	1999	9	18	7	0	0.100
USC00268822	2000	1	12	11	0	0.100
USC00268822	2000	1	23	13	0	0.100
USC00268822	2000	1	23	18	0	0.100
USC00268822	2000	1	24	8	0	0.100
USC00268822	2000	1	24	24	0	0.100
USC00268822	2000	1	25	2	0	0.100
USC00268822	2000	1	25	15	0	0.100
USC00268822	2000	2	13	8	0	0.100
USC00268822	2000	2	14	12	0	0.100
USC00268822	2000	2	21	2	0	0.100
USC00268822	2000	2	23	10	0	0.100
USC00268822	2000	3	5	19	0	0.100
USC00268822	2000	3	5	23	0	0.100
USC00268822	2000	3	6	3	0	0.100
USC00268822	2000	3	6	8	0	0.100
USC00268822	2000	3	7	18	0	0.100
USC00268822	2000	3	8	7	0	0.100
USC00268822	2000	4	17	16	0	0.100
USC00268822	2000	4	17	18	0	0.100
USC00268822	2000	5	8	1	0	0.100
USC00268822	2000	6	27	18	0	0.500
USC00268822	2000	6	27	19	0	0.200
USC00268822	2000	6	27	20	0	0.100
USC00268822	2000	11	8	17	0	0.100
USC00268822	2000	11	9	5	0	0.200
USC00268822	2000	11	9	6	0	0.100
USC00268822	2000	11	10	14	0	0.100
USC00268822	2000	11	11	5	0	0.100
USC00268822	2000	12	12	7	0	0.100
USC00268822	2000	12	12	9	0	0.100
USC00268822	2001	1	8	19	0	0.100
USC00268822	2001	1	10	21	0	0.100
USC00268822	2001	1	11	2	0	0.100
USC00268822	2001	1	12	5	0	0.100
USC00268822	2001	1	19	8	0	0.100
USC00268822	2001	1	24	6	0	0.100
USC00268822	2001	1	25	21	0	0.100
USC00268822	2001	2	13	19	0	0.100
USC00268822	2001	3	2	11	0	0.100
USC00268822	2001	3	2	16	0	0.100
USC00268822	2001	4	15	12	0	0.100
USC00268822	2001	4	20	20	0	0.100
USC00268822	2001	4	21	3	0	0.100
USC00268822	2001	11	24	9	0	0.100
USC00268822	2001	11	24	11	0	0.100
USC00268822	2001	11	28	7	0	0.100
USC00268822	2001	12	2	13	0	0.100
USC00268822	2002	1	1	13	0	0.100
USC00268822	2002	1	2	19	0	0.200
USC00268822	2002	2	17	12	0	0.073
USC00268822	2002	2	24	13	0	0.073
USC00268822	2002	3	14	2	0	0.100
USC00268822	2002	3	25	13	0	0.100
USC00268822	2002	4	25	7	0	0.100
USC00268822	2002	4	26	11	0	0.200
USC00268822	2002	4	29	13	0	0.100
USC00268822	2002	5	10	16	0	0.100
USC00268822	2002	5	11	11	0	0.100
USC00268822	2002	6	27	12	0	0.100
USC00268822	2002	7	17	13	0	0.100
USC00268822	2002	8	30	20	0	0.200
USC00268822	2002	11	7	22	0	0.100
USC00268822	2002	11	8	1	0	0.100
USC00268822	2002	11	8	10	0	0.100
USC00268822	2002	11	8	18	0	0.100
USC00268822	2002	12	1	11	0	0.100
USC00268822	2002	12	14	23	0	0.100
USC00268822	2002	12	16	7	0	0.200
USC00268822	2002	12	16	8	0	0.200
USC00268822	2002	12	16	9	0	0.100
USC00268822	2002	12	31	4	0	0.100
USC00268822	2003	1	10	13	0	0.100
USC00268822	2003	1	23	20	0	0.100
USC00268822	2003	2	1	20	0	0.100
USC00268822	2003	3	1	8	0	0.100
USC00268822	2003	3	4	9	0	0.100
USC00268822	2003	4	13	8	0	0.100
USC00268822	2003	4	18	11	0	0.100
USC00268822	2003	5	6	22	0	0.100
USC00268822	2003	7	24	15	0	0.100
USC00268822	2003	7	26	9	0	0.100
USC00268822	2003	8	2	2	0	0.100
USC00268822	2003	8	2	4	0	0.100
USC00268822	2003	8	21	17	0	0.100
USC00268822	2003	8	21	22	0	0.100
USC00268822	2003	10	4	13	0	0.100
USC00268822	2003	10	31	19	0	0.200
USC00268822	2003	11	9	2	0	0.100
USC00268822	2003	11	9	4	0	0.100
USC00268822	2003	11	9	6	0	0.500
USC00268822	2003	11	9	7	0	0.100
USC00268822	2003	11	15	12	0	0.100
USC00268822	2003	12	5	8	0	0.100
USC00268822	2003	12	15	15	0	0.100
USC00268822	2004	1	20	6	0	0.100
USC00268822	2004	2	3	17	0	0.100
USC00268822	2004	2	22	20	0	0.100
USC00268822	2004	2	22	21	0	0.100
USC00268822	2004	2	25	16	0	0.100
USC00268822	2004	2	25	19	0	0.100
USC00268822	2004	2	25	20	0	0.100
USC00268822	2004	3	1	17	0	0.100
USC00268822	2004	3	1	23	0	0.100
USC00268822	2004	4	1	12	0	0.100
USC00268822	2004	4	18	23	0	0.100
USC00268822	2004	5	11	1	0	0.100
USC00268822	2004	5	11	2	0	0.500
USC00268822	2004	5	12	13	0	0.100
USC00268822	2004	6	18	14	0	0.100
USC00268822	2004	8	20	10	0	0.100
USC00268822	2004	9	20	12	0	0.079
USC00268822	2004	10	18	13	0	0.073
USC00268822	2004	10	18	18	0	0.073
USC00268822	2004	10	19	18	0	0.073
USC00268822	2004	10	19	19	0	0.073
USC00268822	2004	10	19	21	0	0.073
USC00268822	2004	10	20	9	0	0.073
USC00268822	2004	10	20	11	0	0.073
USC00268822	2004	10	27	1	0	0.073
USC00268822	2004	10	27	3	0	0.073
USC00268822	2004	11	3	24	0	0.073
USC00268822	2004	11	8	14	0	0.073
USC00268822	2004	11	8	17	0	0.073
USC00268822	2004	11	10	18	0	0.073
USC00268822	2004	11	15	11	0	0.073
USC00268822	2004	11	25	13	0	0.100
USC00268822	2004	11	27	6	0	0.100
USC00268822	2004	11	27	7	0	0.300
USC00268822	2004	11	27	9	0	0.300
USC00268822	2004	11	27	11	0	0.100
USC00268822	2004	12	28	16	0	0.100
USC00268822	2004	12	31	3	0	0.100
USC00268822	2004	12	31	4	0	0.100
USC00268822	2004	12	31	9	0	0.100
USC00268822	2005	1	4	8	0	0.100
USC00268822	2005	1	7	8	0	0.100
USC00268822	2005	1	8	8	0	0.100
USC00268822	2005	1	8	11	0	0.100
USC00268822	2005	1	8	12	0	0.100
USC00268822	2005	1	8	16	0	0.100
USC00268822	2005	1	11	0	0	0.100
USC00268822	2005	1	23	11	0	0.100
USC00268822	2005	1	26	17	0	0.100
USC00268822	2005	1	26	18	0	0.100
USC00268822	2005	1	26	20	0	0.100
USC00268822	2005	2	15	16	0	0.100
USC00268822	2005	2	16	3	0	0.100
USC00268822	2005	2	18	14	0	0.100
USC00268822	2005	2	21	19	0	0.100
USC00268822	2005	2	21	20	0	0.100
USC00268822	2005	2	21	21	0	0.100
USC00268822	2005	2	21	22	0	0.100
USC00268822	2005	3	19	7	0	0.100
USC00268822	2005	3	22	16	0	0.100
USC00268822	2005	3	22	17	0	0.200
USC00268822	2005	4	18	24	0	0.100
USC00268822	2005	4	27	12	0	0.200
USC00268822	2005	4	27	16	0	0.100
USC00268822	2005	5	1	1	0	0.100
USC00268822	2005	5	5	14	0	0.073
USC00268822	2005	5	5	15	0	0.073
USC00268822	2005	5	5	20	0	0.073
USC00268822	2005	5	9	2	0	0.073
USC00268822	2005	6	9	22	0	0.100
USC00268822	2005	6	25	19	0	0.100
USC00268822	2005	9	20	21	0	0.100
USC00268822	2005	10	27	11	0	0.100
USC00268822	2005	11	25	12	0	0.100
USC00268822	2005	12	1	17	0	0.100
USC00268822	2005	12	8	3	0	0.100
USC00268822	2005	12	18	2	0	0.100
USC00268822	2005	12	18	5	0	0.100
USC00268822	2005	12	18	10	0	0.100
USC00268822	2005	12	18	11	0	0.100
USC00268822	2005	12	18	15	0	0.100
USC00268822	2005	12	21	20	0	0.100
USC00268822	2005	12	28	9	0	0.100
USC00268822	2005	12	30	15	0	0.100
USC00268822	2005	12	31	9	0	0.100
USC00268822	2005	12	31	10	0	0.100
USC00268822	2005	12	31	12	0	0.100
USC00268822	2005	12	31	13	0	0.100
USC00268822	2006	1	2	4	0	0.100
USC00268822	2006	1	2	6	0	0.100
USC00268822	2006	1	2	7	0	0.100
USC00268822	2006	1	2	8	0	0.100
USC00268822	2006	1	2	9	0	0.100
USC00268822	2006	1	2	12	0	0.100
USC00268822	2006	1	2	13	0	0.100
USC00268822	2006	2	15	5	0	0.100
USC00268822	2006	2	26	14	0	0.100
USC00268822	2006	2	28	0	0	0.100
USC00268822	2006	3	3	5	0	0.100
USC00268822	2006	3	3	9	0	0.100
USC00268822	2006	3	10	2	0	0.100
USC00268822	2006	3	20	19	0	0.100
USC00268822	2006	3	21	8	0	0.100
USC00268822	2006	3	28	19	0	0.100
USC00268822	2006	4	4	11	0	0.100
USC00268822	2006	4	7	16	0	0.200
USC00268822	2006	4	14	17	0	0.100
USC00268822	2006	4	22	1	0	0.100
USC00268822	2006	4	22	2	0	0.200
USC00268822	2006	4	22	16	0	0.200
USC00268822	2006	4	22	17	0	0.300
USC00268822	2006	4	23	10	0	0.100
USC00268822	2006	4	23	11	0	0.100
USC00268822	2006	4	25	16	0	0.600
USC00268822	2006	6	2	7	0	0.100
USC00268822	2006	6	7	11	0	0.100
USC00268822	2006	7	21	20	0	0.100
USC00268822	2006	8	1	11	0	0.100
USC00268822	2006	10	1	22	0	0.100
USC00268822	2006	10	2	7	0	0.100
USC00268822	2006	11	3	14	0	0.100
USC00268822	2006	11	11	12	0	0.100
USC00268822	2006	12	16	19	0	0.100
USC00268822	2006	12	21	23	0	0.100
USC00268822	2007	2	19	9	0	0.100
USC00268822	2007	2	27	2	0	0.100
USC00268822	2007	3	20	19	0	0.100
USC00268822	2007	4	15	7	0	0.100
USC00268822	2007	4	22	22	0	0.100
USC00268822	2007	5	4	2	0	0.100
USC00268822	2007	7	11	13	0	0.100
USC00268822	2007	7	16	17	0	0.100
USC00268822	2007	8	31	12	0	0.100
USC00268822	2007	9	23	13	0	0.100
USC00268822	2007	10	29	17	0	0.100
USC00268822	2007	11	11	1	0	0.100
USC00268822	2007	11	11	3	0	0.100
USC00268822	2007	11	11	6	0	0.100
USC00268822	2007	12	6	13	0	0.100
USC00268822	2007	12	6	23	0	0.100
USC00268822	2007	12	6	24	0	0.200
USC00268822	2007	12	7	2	0	0.100
USC00268822	2007	12	7	3	0	0.100
USC00268822	2007	12	7	6	0	0.100
USC00268822	2007	12	7	8	0	0.100
USC00268822	2007	12	8	10	0	0.100
USC00268822	2007	12	30	13	0	0.100
USC00268822	2008	1	4	10	0	0.100
USC00268822	2008	1	4	11	0	0.100
USC00268822	2008	1	4	12	0	0.300
USC00268822	2008	1	4	13	0	0.100
USC00268822	2008	1	4	14	0	0.100
USC00268822	2008	1	4	15	0	0.200
USC00268822	2008	1	4	17	0	0.100
USC00268822	2008	1	4	18	0	0.100
USC00268822	2008	1	4	19	0	0.100
USC00268822	2008	1	4	21	0	0.100
USC00268822	2008	1	5	18	0	0.100
USC00268822	2008	1	8	16	0	0.100
USC00268822	2008	1	20	17	0	0.001
USC00268822	2008	1	20	19	0	0.003
USC00268822	2008	1	21	12	0	0.023
USC00268822	2008	1	21	13	0	0.038
USC00268822	2008	1	21	14	0	0.014
USC00268822	2008	1	21	16	0	0.004
USC00268822	2008	1	22	14	0	0.005
USC00268822	2008	1	24	11	0	0.005
USC00268822	2008	1	25	14	0	0.001
USC00268822	2008	1	27	4	0	0.105
USC00268822	2008	1	27	5	0	0.005
USC00268822	2008	1	27	6	0	0.006
USC00268822	2008	1	27	13	0	0.007
USC00268822	2008	1	27	14	0	0.004
USC00268822	2008	1	28	2	0	0.002
USC00268822	2008	1	28	15	0	0.018
USC00268822	2008	2	5	15	0	0.100
USC00268822	2008	2	20	7	0	0.100
USC00268822	2008	2	20	9	0	0.200
USC00268822	2008	2	20	10	0	0.100
USC00268822	2008	2	20	11	0	0.100
USC00268822	2008	2	20	13	0	0.100
USC00268822	2008	2	22	15	0	0.100
USC00268822	2008	2	23	19	0	0.100
USC00268822	2008	2	23	21	0	0.100
USC00268822	2008	2	23	23	0	0.100
USC00268822	2008	2	24	1	0	0.028
USC00268822	2008	2	24	2	0	0.033
USC00268822	2008	2	24	4	0	0.008
USC00268822	2008	2	24	13	0	0.017
USC00268822	2008	2	24	14	0	0.016
USC00268822	2008	2	24	15	0	0.003
USC00268822	2008	5	1	12	0	0.100
USC00268822	2008	5	2	11	0	0.100
USC00268822	2008	5	20	22	0	0.100
USC00268822	2008	5	22	24	0	0.100
USC00268822	2008	5	23	6	0	0.100
USC00268822	2008	5	23	17	0	0.100
USC00268822	2008	5	24	12	0	0.100
USC00268822	2008	5	24	15	0	0.100
USC00268822	2008	5	24	17	0	0.100
USC00268822	2008	5	24	21	0	0.100
USC00268822	2008	5	25	6	0	0.100
USC00268822	2008	5	25	20	0	0.100
USC00268822	2008	5	25	21	0	0.200
USC00268822	2008	5	26	1	0	0.100
USC00268822	2008	5	26	13	0	0.100
USC00268822	2008	5	26	14	0	0.100
USC00268822	2008	5	26	15	0	0.100
USC00268822	2008	5	27	10	0	0.300
USC00268822	2008	5	28	8	0	0.100
USC00268822	2008	5	28	16	0	0.100
USC00268822	2008	7	21	16	0	0.100
USC00268822	2008	10	10	8	0	0.200
USC00268822	2008	10	10	11	0	0.100
USC00268822	2008	11	10	10	0	0.100
USC00268822	2008	12	15	14	0	0.100
USC00268822	2008	12	31	15	0	0.100
USC00268822	2009	1	22	12	0	0.100
USC00268822	2009	1	23	1	0	0.100
USC00268822	2009	1	23	17	0	0.100
USC00268822	2009	1	23	19	0	0.100
USC00268822	2009	1	24	12	0	0.100
USC00268822	2009	2	7	1	0	0.100
USC00268822	2009	2	7	8	0	0.100
USC00268822	2009	2	7	9	0	0.100
USC00268822	2009	3	2	13	0	0.100
USC00268822	2009	3	2	16	0	0.100
USC00268822	2009	3	2	20	0	0.100
USC00268822	2009	3	4	3	0	0.100
USC00268822	2009	4	2	23	0	0.100
USC00268822	2009	4	10	5	0	0.100
USC00268822	2009	4	25	2	0	0.100
USC00268822	2009	4	25	3	0	0.100
USC00268822	2009	4	25	5	0	0.100
USC00268822	2009	4	25	8	0	0.200
USC00268822	2009	5	30	18	0	0.100
USC00268822	2009	6	1	14	0	0.100
USC00268822	2009	6	2	7	0	0.200
USC00268822	2009	6	2	8	0	0.100
USC00268822	2009	6	5	11	0	0.200
USC00268822	2009	6	6	11	0	0.100
USC00268822	2009	6	9	14	0	0.100
USC00268822	2009	6	13	11	0	0.100
USC00268822	2009	6	17	2	0	0.100
USC00268822	2009	6	17	19	0	0.100
USC00268822	2009	7	2	19	0	0.100
USC00268822	2009	7	19	12	0	0.100
USC00268822	2009	8	2	8	0	0.100
USC00268822	2009	8	23	9	0	0.100
USC00268822	2009	8	24	10	0	0.100
USC00268822	2009	10	3	21	0	0.100
USC00268822	2009	10	3	22	0	0.100
USC00268822	2009	10	4	14	0	0.100
USC00268822	2009	10	13	15	0	0.200
USC00268822	2009	10	13	16	0	0.200
USC00268822	2009	10	13	17	0	0.100
USC00268822	2009	10	13	18	0	0.100
USC00268822	2009	10	13	19	0	0.100
USC00268822	2009	10	13	20	0	0.100
USC00268822	2009	10	13	21	0	0.100
USC00268822	2009	10	13	22	0	0.100
USC00268822	2009	10	27	2	0	0.100
USC00268822	2009	11	27	19	0	0.100
USC00268822	2009	11	27	22	0	0.100
USC00268822	2009	11	27	24	0	0.100
USC00268822	2009	12	6	22	0	0.100
USC00268822	2009	12	7	5	0	0.100
USC00268822	2009	12	7	8	0	0.100
USC00268822	2009	12	7	14	0	0.100
USC00268822	2009	12	12	17	0	0.100
USC00268822	2009	12	27	10	0	0.100
USC00268822	2010	1	9	11	0	0.100
USC00268822	2010	1	13	5	0	0.100
USC00268822	2010	1	18	16	0	0.100
USC00268822	2010	1	21	18	0	0.100
USC00268822	2010	2	6	17	0	0.300
USC00268822	2010	2	6	18	0	0.100
USC00268822	2010	2	6	19	0	0.100
USC00268822	2010	2	6	22	0	0.100
USC00268822	2010	2	6	23	0	0.100
USC00268822	2010	2	7	3	0	0.100
USC00268822	2010	2	7	8	0	0.100
USC00268822	2010	2	20	19	0	0.100
USC00268822	2010	2	21	4	0	0.100
USC00268822	2010	2	22	13	0	0.100
USC00268822	2010	2	26	20	0	0.100
USC00268822	2010	2	27	10	0	0.100
USC00268822	2010	3	3	16	0	0.002
USC00268822	2010	3	3	17	0	0.003
USC00268822	2010	3	3	18	0	0.005
USC00268822	2010	3	3	19	0	0.004
USC00268822	2010	3	3	20	0	0.006
USC00268822	2010	3	3	21	0	0.001
USC00268822	2010	3	4	11	0	0.015
USC00268822	2010	3	6	17	0	0.001
USC00268822	2010	3	6	18	0	0.003
USC00268822	2010	3	6	19	0	0.005
USC00268822	2010	3	6	20	0	0.008
USC00268822	2010	3	6	21	0	0.002
USC00268822	2010	3	7	17	0	0.002
USC00268822	2010	3	12	21	0	0.002
USC00268822	2010	3	30	3	0	0.001
USC00268822	2010	3	30	5	0	0.001
USC00268822	2010	3	30	8	0	0.001
USC00268822	2010	3	30	10	0	0.001
USC00268822	2010	4	21	20	0	0.100
USC00268822	2010	4	22	4	0	0.100
USC00268822	2010	4	22	5	0	0.100
USC00268822	2010	4	22	6	0	0.100
USC00268822	2010	4	22	7	0	0.100
USC00268822	2010	4	22	13	0	0.100
USC00268822	2010	4	27	10	0	0.100
USC00268822	2010	5	1	14	0	0.100
USC00268822	2010	5	25	22	0	0.100
USC00268822	2010	10	2	15	0	0.009
USC00268822	2010	10	2	16	0	0.032
USC00268822	2010	10	2	17	0	0.004
USC00268822	2010	10	2	22	0	0.011
USC00268822	2010	10	2	23	0	0.011
USC00268822	2010	10	3	12	0	0.001
USC00268822	2010	10	3	13	0	0.016
USC00268822	2010	10	3	14	0	0.034
USC00268822	2010	10	3	15	0	0.006
USC00268822	2010	10	3	16	0	0.007
USC00268822	2010	10	3	20	0	0.006
USC00268822	2010	10	3	21	0	0.01
USC00268822	2010	10	3	22	0	0.001
USC00268822	2010	10	3	24	0	0.004
USC00268822	2010	10	4	3	0	0.001
USC00268822	2010	10	4	4	0	0.022
USC00268822	2010	10	4	5	0	0.048
USC00268822	2010	10	4	6	0	0.095
USC00268822	2010	10	4	7	0	0.059
USC00268822	2010	10	4	8	0	0.041
USC00268822	2010	10	4	9	0	0.007
USC00268822	2010	10	4	10	0	0.012
USC00268822	2010	10	4	12	0	0.013
USC00268822	2010	10	4	13	0	0.022
USC00268822	2010	10	4	14	0	0.018
USC00268822	2010	10	4	15	0	0.017
USC00268822	2010	10	4	16	0	0.002
USC00268822	2010	10	4	17	0	0.005
USC00268822	2010	10	4	19	0	0.002
USC00268822	2010	10	4	21	0	0.012
USC00268822	2010	10	4	22	0	0.005
USC00268822	2010	10	4	23	0	0.105
USC00268822	2010	10	4	24	0	0.03
USC00268822	2010	10	5	1	0	0.011
USC00268822	2010	10	5	5	0	0.01
USC00268822	2010	10	5	6	0	0.032
USC00268822	2010	10	5	7	0	0.04
USC00268822	2010	10	5	8	0	0.054
USC00268822	2010	10	5	9	0	0.018
USC00268822	2010	10	5	10	0	0.007
USC00268822	2010	10	5	11	0	0.002
USC00268822	2010	10	5	12	0	0.009
USC00268822	2010	10	5	13	0	0.014
USC00268822	2010	10	5	14	0	0.006
USC00268822	2010	10	5	15	0	0.004
USC00268822	2010	10	5	16	0	0.011
USC00268822	2010	10	5	17	0	0.277
USC00268822	2010	10	5	18	0	0.008
USC00268822	2010	10	5	23	0	0.017
USC00268822	2010	10	5	24	0	0.015
USC00268822	2010	10	6	13	0	0.005
USC00268822	2010	10	6	16	0	0.001
USC00268822	2010	10	6	17	0	0.012
USC00268822	2010	10	6	20	0	0.005
USC00268822	2010	10	6	23	0	0.01
USC00268822	2010	10	6	24	0	0.025
USC00268822	2010	10	7	1	0	0.014
USC00268822	2010	10	7	2	0	0.004
USC00268822	2010	10	7	3	0	0.032
USC00268822	2010	10	7	4	0	0.051
USC00268822	2010	10	7	5	0	0.049
USC00268822	2010	10	7	6	0	0.034
USC00268822	2010	10	7	7	0	0.012
USC00268822	2010	10	7	8	0	0.018
USC00268822	2010	10	7	9	0	0.015
USC00268822	2010	10	7	10	0	0.003
USC00268822	2010	10	7	12	0	0.003
USC00268822	2010	10	7	13	0	0.012
USC00268822	2010	10	7	14	0	0.021
USC00268822	2010	10	7	15	0	0.009
USC00268822	2010	10	7	16	0	0.003
USC00268822	2010	10	7	17	0	0.003
USC00268822	2010	10	7	18	0	0.003
USC00268822	2010	10	8	5	0	0.002
USC00268822	2010	10	9	13	0	0.002
USC00268822	2010	10	17	13	0	0.001
USC00268822	2010	10	17	15	0	0.022
USC00268822	2010	10	17	16	0	0.036
USC00268822	2010	10	17	17	0	0.057
USC00268822	2010	10	17	18	0	0.017
USC00268822	2010	10	23	16	0	0.003
USC00268822	2010	10	23	17	0	0.013
USC00268822	2010	10	23	19	0	0.008
USC00268822	2010	10	23	20	0	0.002
USC00268822	2010	10	24	6	0	0.006
USC00268822	2010	10	24	14	0	0.01
USC00268822	2010	10	24	15	0	0.002
USC00268822	2010	10	24	16	0	0.008
USC00268822	2010	10	24	17	0	0.018
USC00268822	2010	10	24	18	0	0.014
USC00268822	2010	10	24	19	0	0.017
USC00268822	2010	10	24	20	0	0.001
USC00268822	2010	10	24	21	0	0.001
USC00268822	2010	11	10	9	0	0.100
USC00268822	2010	11	15	11	0	0.100
USC00268822	2010	12	12	10	0	0.100
USC00268822	2010	12	17	11	0	0.100
USC00268822	2010	12	17	13	0	0.100
USC00268822	2010	12	18	23	0	0.100
USC00268822	2010	12	19	3	0	0.100
USC00268822	2010	12	19	9	0	0.100
USC00268822	2010	12	19	11	0	0.100
USC00268822	2010	12	19	13	0	0.100
USC00268822	2011	2	18	2	0	0.100
USC00268822	2011	2	19	1	0	0.100
USC00268822	2011	3	6	22	0	0.200
USC00268822	2011	3	6	23	0	0.200
USC00268822	2011	3	20	18	0	0.100
USC00268822	2011	3	20	19	0	0.100
USC00268822	2011	3	20	20	0	0.200
USC00268822	2011	3	20	21	0	0.100
USC00268822	2011	3	21	1	0	0.100
USC00268822	2011	3	21	6	0	0.100
USC00268822	2011	3	24	17	0	0.100
USC00268822	2011	3	25	8	0	0.100
USC00268822	2011	5	16	23	0	0.100
USC00268822	2011	5	18	11	0	0.100
USC00268822	2011	5	29	6	0	0.100
USC00268822	2011	6	6	2	0	0.100
USC00268822	2011	6	6	5	0	0.100
USC00268822	2011	6	6	8	0	0.100
USC00268822	2011	6	29	7	0	0.100
USC00268822	2011	6	29	11	0	0.100
USC00268822	2011	7	6	14	0	0.002
USC00268822	2011	7	6	15	0	0.001
USC00268822	2011	7	6	16	0	0.001
USC00268822	2011	7	29	19	0	0.100
USC00268822	2011	7	31	14	0	0.100
USC00268822	2011	10	3	24	0	0.001
USC00268822	2011	10	4	19	0	0.001
USC00268822	2011	10	5	3	0	0.015
USC00268822	2011	10	5	4	0	0.01
USC00268822	2011	10	5	5	0	0.004
USC00268822	2011	10	5	6	0	0.013
USC00268822	2011	10	5	7	0	0.013
USC00268822	2011	10	5	14	0	0.003
USC00268822	2011	10	5	20	0	0.005
USC00268822	2011	10	5	21	0	0.001
USC00268822	2011	10	6	16	0	0.001
USC00268822	2011	10	10	8	0	0.003
USC00268822	2011	10	10	9	0	0.009
USC00268822	2011	10	10	10	0	0.019
USC00268822	2011	10	10	11	0	0.034
USC00268822	2011	10	10	12	0	0.03
USC00268822	2011	10	10	13	0	0.004
USC00268822	2011	10	16	7	0	0.003
USC00268822	2011	10	16	8	0	0.004
USC00268822	2011	10	16	9	0	0.001
USC00268822	2011	10	18	24	0	0.134
USC00268822	2011	11	3	15	0	0.002
USC00268822	2011	11	3	21	0	0.002
USC00268822	2011	11	3	22	0	0.017
USC00268822	2011	11	3	23	0	0.01
USC00268822	2011	11	3	24	0	0.01
USC00268822	2011	11	4	1	0	0.005
USC00268822	2011	11	4	3	0	0.001
USC00268822	2011	11	4	9	0	0.002
USC00268822	2011	11	6	9	0	0.01
USC00268822	2011	11	6	15	0	0.008
USC00268822	2011	11	6	16	0	0.013
USC00268822	2011	11	6	18	0	0.019
USC00268822	2011	11	6	19	0	0.002
USC00268822	2011	11	6	21	0	0.01
USC00268822	2011	11	13	2	0	0.004
USC00268822	2011	11	13	3	0	0.004
USC00268822	2011	11	18	13	0	0.001
USC00268822	2011	11	30	2	0	0.100
USC00268822	2011	12	30	10	0	0.100
USC00268822	2012	1	21	2	0	0.100
USC00268822	2012	1	21	4	0	0.100
USC00268822	2012	1	21	5	0	0.100
USC00268822	2012	1	23	5	0	0.100
USC00268822	2012	1	23	7	0	0.100
USC00268822	2012	1	24	13	0	0.100
USC00268822	2012	2	7	5	0	0.001
USC00268822	2012	2	7	6	0	0.004
USC00268822	2012	2	7	7	0	0.002
USC00268822	2012	2	7	8	0	0.001
USC00268822	2012	2	7	16	0	0.001
USC00268822	2012	2	13	6	0	0.001
USC00268822	2012	2	13	7	0	0.003
USC00268822	2012	2	13	8	0	0.001
USC00268822	2012	2	13	11	0	0.001
USC00268822	2012	2	27	12	0	0.001
USC00268822	2012	2	27	13	0	0.001
USC00268822	2012	2	27	14	0	0.001
USC00268822	2012	3	17	16	0	0.100
USC00268822	2012	3	31	10	0	0.100
USC00268822	2012	4	11	11	0	0.100
USC00268822	2012	4	22	20	0	0.030
USC00268822	2012	4	26	3	0	0.020
USC00268822	2012	4	26	4	0	0.010
USC00268822	2012	5	25	10	0	0.070
USC00268822	2012	5	25	11	0	0.060
USC00268822	2012	5	25	12	0	0.020
USC00268822	2012	5	25	22	0	0.010
USC00268822	2012	5	25	23	0	0.120
USC00268822	2012	5	25	24	0	0.080
USC00268822	2012	5	26	18	0	0.110
USC00268822	2012	7	23	11	0	0.040
USC00268822	2012	7	23	12	0	0.080
USC00268822	2012	7	24	1	0	0.010
USC00268822	2012	8	9	18	0	0.100
USC00268822	2012	8	9	19	0	0.100
USC00268822	2012	9	6	3	0	0.020
USC00268822	2012	9	6	4	0	0.010
USC00268822	2012	9	6	6	0	0.010
USC00268822	2012	9	6	7	0	0.010
USC00268822	2012	9	6	8	0	0.010
USC00268822	2012	9	6	15	0	0.020
USC00268822	2012	11	10	3	0	0.010
USC00268822	2012	11	10	10	0	0.020
USC00268822	2012	11	16	7	0	0.010
USC00268822	2012	12	2	10	0	0.010
USC00268822	2012	12	2	12	0	0.030
USC00268822	2012	12	2	13	0	0.040
USC00268822	2012	12	5	8	0	0.150
USC00268822	2012	12	5	9	0	0.010
USC00268822	2012	12	5	14	0	0.020
USC00268822	2012	12	5	15	0	0.020
USC00268822	2012	12	5	16	0	0.010
USC00268822	2012	12	5	18	0	0.080
USC00268822	2012	12	5	20	0	0.010
USC00268822	2012	12	6	1	0	0.010
USC00268822	2012	12	18	4	0	0.010
USC00268822	2012	12	18	5	0	0.040
USC00268822	2012	12	18	6	0	0.040
USC00268822	2012	12	18	7	0	0.020
USC00268822	2012	12	18	8	0	0.010
USC00268822	2012	12	22	5	0	0.010
USC00268822	2012	12	22	6	0	0.020
USC00268822	2012	12	22	10	0	0.010
USC00268822	2012	12	22	12	0	0.020
USC00268822	2012	12	22	13	0	0.020
USC00268822	2012	12	23	22	0	0.040
USC00268822	2012	12	26	20	0	0.020
USC00268822	2012	12	26	21	0	0.050
USC00268822	2012	12	27	8	0	0.010
USC00268822	2012	12	30	5	0	0.010
USC00268822	2012	12	30	6	0	0.020
USC00268822	2012	12	30	7	0	0.030
USC00268822	2012	12	30	8	0	0.030
USC00268822	2013	1	12	10	0	0.010
USC00268822	2013	1	12	16	0	0.010
USC00268822	2013	1	24	17	0	0.010
USC00268822	2013	1	24	20	0	0.010
USC00268822	2013	1	26	16	0	0.010
USC00268822	2013	2	23	7	0	0.020
USC00268822	2013	3	3	8	0	0.010
USC00268822	2013	3	3	10	0	0.020
USC00268822	2013	3	3	11	0	0.020
USC00268822	2013	3	3	13	0	0.030
USC00268822	2013	3	3	14	0	0.030
USC00268822	2013	3	3	15	0	0.010
USC00268822	2013	3	31	8	0	0.040
USC00268822	2013	4	8	8	0	0.010
USC00268822	2013	4	8	9	0	0.010
USC00268822	2013	4	8	10	0	0.020
USC00268822	2013	4	8	11	0	0.010
USC00268822	2013	4	11	3	0	0.040
USC00268822	2013	4	11	4	0	0.040
USC00268822	2013	4	11	5	0	0.040
USC00268822	2013	4	11	7	0	0.010
USC00268822	2013	4	15	5	0	0.010
USC00268822	2013	4	15	6	0	0.010
USC00268822	2013	4	15	7	0	0.010
USC00268822	2013	4	15	23	0	0.010
USC00268822	2013	4	15	24	0	0.010
USC00268822	2013	4	16	14	0	0.010
USC00268822	2013	5	6	17	0	0.040
USC00268822	2013	5	6	18	0	0.010
USC00268822	2013	5	6	23	0	0.030
USC00268822	2013	5	7	19	0	0.060
USC00268822	2013	5	7	20	0	0.040
USC00268822	2013	5	7	21	0	0.010
USC00268822	2013	5	7	22	0	0.010
USC00268822	2013	5	7	23	0	0.030
USC00268822	2013	5	7	24	0	0.050
USC00268822	2013	5	8	1	0	0.070
USC00268822	2013	5	8	2	0	0.020
USC00268822	2013	5	8	3	0	0.020
USC00268822	2013	5	8	4	0	0.010
USC00268822	2013	5	8	5	0	0.030
USC00268822	2013	5	9	21	0	0.030
USC00268822	2013	5	16	13	0	0.010
USC00268822	2013	5	16	14	0	0.020
USC00268822	2013	6	9	16	0	0.070
USC00268822	2013	7	4	17	0	0.220
USC00268822	2013	7	4	18	0	0.350
USC00268822	2013	7	4	19	0	0.460
USC00268822	2013	7	26	17	0	0.350
USC00268822	2013	7	28	16	0	0.010
USC00268822	2013	7	28	17	0	0.030
USC00268822	2013	10	28	2	0	0.010
USC00268822	2013	10	28	3	0	0.020
USC00268822	2013	10	28	4	0	0.010
USC00268822	2013	10	28	5	0	0.020
USC00268822	2013	10	28	7	0	0.030
USC00268822	2013	10	28	8	0	0.010
USC00268822	2013	10	28	20	0	0.010
USC00268822	2013	10	28	21	0	0.010
USC00268822	2013	10	29	8	0	0.010
USC00268822	2013	10	29	9	0	0.010
USC00268822	2013	10	29	10	0	0.030
USC00268822	2013	10	29	11	0	0.020
USC00268822	2013	10	29	12	0	0.010
USC00268822	2013	11	19	22	0	0.020
USC00268822	2013	11	19	23	0	0.020
USC00268822	2013	11	19	24	0	0.020
USC00268822	2013	11	20	1	0	0.020
USC00268822	2013	11	20	2	0	0.020
USC00268822	2013	11	20	3	0	0.010
USC00268822	2013	11	20	18	0	0.010
USC00268822	2013	11	20	19	0	0.030
USC00268822	2013	11	20	20	0	0.020
USC00268822	2013	11	20	21	0	0.040
USC00268822	2013	11	20	22	0	0.100
USC00268822	2013	11	20	23	0	0.060
USC00268822	2013	11	20	24	0	0.050
USC00268822	2013	11	21	3	0	0.010
USC00268822	2013	11	21	10	0	0.010
USC00268822	2013	12	3	9	0	0.020
USC00268822	2013	12	3	13	0	0.010
USC00268822	2013	12	4	2	0	0.010
USC00268822	2013	12	4	3	0	0.010
USC00268822	2013	12	7	3	0	0.010
USC00268822	2013	12	19	6	0	0.040
USC00268822	2013	12	19	7	0	0.010
USC00268822	2013	12	19	8	0	0.010
USC00268822	2014	1	30	1	0	0.030
USC00268822	2014	1	30	2	0	0.100
USC00268822	2014	1	30	3	0	0.110
USC00268822	2014	1	30	4	0	0.120
USC00268822	2014	1	30	5	0	0.090
USC00268822	2014	1	30	6	0	0.060
USC00268822	2014	1	30	7	0	0.030
USC00268822	2014	1	30	8	0	0.050
USC00268822	2014	1	30	9	0	0.060
USC00268822	2014	1	30	10	0	0.120
USC00268822	2014	1	30	11	0	0.030
USC00268822	2014	1	30	12	0	0.060
USC00268822	2014	1	30	13	0	0.030
USC00268822	2014	1	30	23	0	0.010
USC00268822	2014	1	30	24	0	0.020
USC00268822	2014	1	31	1	0	0.030
USC00268822	2014	1	31	2	0	0.010
USC00268822	2014	2	2	21	0	0.010
USC00268822	2014	2	2	22	0	0.010
USC00268822	2014	2	2	23	0	0.010
USC00268822	2014	2	27	1	0	0.060
USC00268822	2014	2	27	2	0	0.040
USC00268822	2014	2	27	7	0	0.010
USC00268822	2014	2	28	9	0	0.020
USC00268822	2014	2	28	10	0	0.090
USC00268822	2014	2	28	17	0	0.020
USC00268822	2014	3	1	4	0	0.010
USC00268822	2014	3	3	22	0	0.010
USC00268822	2014	3	3	23	0	0.020
USC00268822	2014	3	3	24	0	0.020
USC00268822	2014	3	4	3	0	0.010
USC00268822	2014	3	6	2	0	0.030
USC00268822	2014	3	6	3	0	0.100
USC00268822	2014	3	6	4	0	0.050
USC00268822	2014	3	7	16	0	0.010
USC00268822	2014	3	29	23	0	0.070
USC00268822	2014	3	29	24	0	0.040
USC00268822	2014	3	30	1	0	0.030
USC00268822	2014	4	25	12	0	0.050
USC00268822	2014	4	25	13	0	0.010
USC00268822	2014	4	25	14	0	0.010
USC00268822	2014	4	25	15	0	0.040
USC00268822	2014	4	25	16	0	0.020
USC00268822	2014	4	25	17	0	0.010
USC00268822	2014	4	25	21	0	0.090
USC00268822	2014	5	20	3	0	0.010
USC00268822	2014	5	20	4	0	0.060
USC00268822	2014	5	20	5	0	0.150
USC00268822	2014	5	20	18	0	0.020
USC00268822	2014	5	20	19	0	0.040
USC00268822	2014	5	20	20	0	0.020
USC00268822	2014	5	20	22	0	0.050
USC00268822	2014	5	20	23	0	0.050
USC00268822	2014	5	21	3	0	0.050
USC00268822	2014	5	21	4	0	0.050
USC00268822	2014	5	21	13	0	0.070
USC00268822	2014	5	21	22	0	0.030
USC00268822	2014	5	21	24	0	0.060
USC00268822	2014	5	22	1	0	0.050
USC00268822	2014	5	22	4	0	0.030
USC00268822	2014	8	4	1	0	0.010
USC00268822	2014	8	4	2	0	0.010
USC00268822	2014	8	4	3	0	0.020
USC00268822	2014	8	4	5	0	0.050
USC00268822	2014	8	4	6	0	0.040
USC00268822	2014	8	4	7	0	0.070
USC00268822	2014	8	4	8	0	0.050
USC00268822	2014	8	4	9	0	0.020
USC00268822	2014	8	4	10	0	0.040
USC00268822	2014	8	4	11	0	0.060
USC00268822	2014	8	4	12	0	0.040
USC00268822	2014	8	4	13	0	0.040
USC00268822	2014	8	4	14	0	0.010
USC00268822	2014	8	12	5	0	0.060
USC00268822	2014	9	19	2	0	0.030
USC00268822	2014	9	19	5	0	0.010
USC00268822	2014	9	26	24	0	0.010
USC00268822	2014	9	27	1	0	0.070
USC00268822	2014	9	27	2	0	0.010
USC00268822	2014	9	27	3	0	0.140
USC00268822	2014	9	27	4	0	0.080
USC00268822	2014	9	27	5	0	0.080
USC00268822	2014	9	27	6	0	0.130
USC00268822	2014	9	27	7	0	0.070
USC00268822	2014	9	27	8	0	0.040
USC00268822	2014	9	27	9	0	0.010
USC00268822	2014	9	27	10	0	0.010
USC00268822	2014	9	27	15	0	0.010
USC00268822	2014	9	27	16	0	0.030
USC00268822	2014	9	27	17	0	0.020
USC00268822	2014	9	27	18	0	0.020
USC00268822	2014	9	27	19	0	0.030
USC00268822	2014	9	27	20	0	0.010
USC00268822	2014	9	28	2	0	0.050
USC00268822	2014	9	28	3	0	0.050
USC00268822	2014	9	28	4	0	0.020
USC00268822	2014	9	28	5	0	0.020
USC00268822	2014	9	28	6	0	0.020
USC00268822	2014	10	31	24	0	0.080
USC00268822	2014	11	1	1	0	0.200
USC00268822	2014	11	1	2	0	0.090
USC00268822	2014	11	1	3	0	0.010
USC00268822	2014	11	1	5	0	0.050
USC00268822	2014	11	13	8	0	0.010
USC00268822	2014	11	30	16	0	0.020
USC00268822	2014	11	30	20	0	0.010
USC00268822	2014	12	2	13	0	0.010
USC00268822	2014	12	2	14	0	0.030
USC00268822	2014	12	2	22	0	0.010
USC00268822	2014	12	2	23	0	0.010
USC00268822	2014	12	21	5	0	0.010
USC00268822	2014	12	24	19	0	0.020
USC00268822	2015	1	27	7	0	0.010
USC00268822	2015	1	27	8	0	0.010
USC00268822	2015	1	27	9	0	0.050
USC00268822	2015	1	27	10	0	0.020
USC00268822	2015	1	27	11	0	0.020
USC00268822	2015	1	27	12	0	0.060
USC00268822	2015	1	27	13	0	0.030
USC00268822	2015	2	7	6	0	0.030
USC00268822	2015	2	8	5	0	0.010
USC00268822	2015	2	8	17	0	0.030
USC00268822	2015	2	8	20	0	0.020
USC00268822	2015	2	8	23	0	0.010
USC00268822	2015	2	8	24	0	0.010
USC00268822	2015	2	28	7	0	0.010
USC00268822	2015	2	28	17	0	0.010
USC00268822	2015	2	28	19	0	0.010
USC00268822	2015	2	28	20	0	0.010
USC00268822	2015	2	28	21	0	0.010
USC00268822	2015	2	28	22	0	0.010
USC00268822	2015	4	22	16	0	0.020
USC00268822	2015	4	22	17	0	0.040
USC00268822	2015	4	22	18	0	0.110
USC00268822	2015	4	22	19	0	0.010
USC00268822	2015	4	22	20	0	0.020
USC00268822	2015	4	22	21	0	0.050
USC00268822	2015	4	22	22	0	0.040
USC00268822	2015	4	22	23	0	0.030
USC00268822	2015	4	23	2	0	0.010
USC00268822	2015	4	23	5	0	0.010
USC00268822	2015	4	23	6	0	0.020
USC00268822	2015	4	23	7	0	0.010
USC00268822	2015	5	7	21	0	0.080
USC00268822	2015	5	8	20	0	0.010
USC00268822	2015	5	8	22	0	0.050
USC00268822	2015	5	9	4	0	0.010
USC00268822	2015	5	15	3	0	0.020
USC00268822	2015	5	15	4	0	0.060
USC00268822	2015	5	15	6	0	0.010
USC00268822	2015	5	15	7	0	0.010
USC00268822	2015	5	15	10	0	0.020
USC00268822	2015	5	15	11	0	0.010
USC00268822	2015	5	15	12	0	0.020
USC00268822	2015	5	15	13	0	0.020
USC00268822	2015	5	15	18	0	0.020
USC00268822	2015	5	15	20	0	0.010
USC00268822	2015	5	15	21	0	0.010
USC00268822	2015	5	15	22	0	0.010
USC00268822	2015	5	15	24	0	0.010
USC00268822	2015	5	17	7	0	0.010
USC00268822	2015	5	17	8	0	0.060
USC00268822	2015	5	17	9	0	0.060
USC00268822	2015	5	17	10	0	0.060
USC00268822	2015	5	17	11	0	0.010
USC00268822	2015	5	17	14	0	0.020
USC00268822	2015	5	17	19	0	0.090
USC00268822	2015	5	17	20	0	0.300
USC00268822	2015	5	17	21	0	0.130
USC00268822	2015	5	17	22	0	0.090
USC00268822	2015	5	18	3	0	0.010
USC00268822	2015	5	18	21	0	0.030
USC00268822	2015	5	19	7	0	0.010
USC00268822	2015	5	19	14	0	0.070
USC00268822	2015	5	19	15	0	0.060
USC00268822	2015	5	20	1	0	0.020
USC00268822	2015	5	20	2	0	0.010
USC00268822	2015	5	20	13	0	0.040
USC00268822	2015	5	21	14	0	0.090
USC00268822	2015	5	22	17	0	0.110
USC00268822	2015	5	22	19	0	0.040
USC00268822	2015	5	22	20	0	0.070
USC00268822	2015	5	23	12	0	0.020
USC00268822	2015	5	23	17	0	0.080
USC00268822	2015	5	23	18	0	0.040
USC00268822	2015	5	24	1	0	0.010
USC00268822	2015	6	5	18	0	0.150
USC00268822	2015	6	10	1	0	0.010
USC00268822	2015	6	10	2	0	0.090
USC00268822	2015	6	10	3	0	0.110
USC00268822	2015	6	10	16	0	0.190
USC00268822	2015	6	10	17	0	0.080
USC00268822	2015	6	10	18	0	0.010
USC00268822	2015	6	10	19	0	0.030
USC00268822	2015	6	10	20	0	0.020
USC00268822	2015	6	10	22	0	0.080
USC00268822	2015	6	10	23	0	0.160
USC00268822	2015	6	10	24	0	0.020
USC00268822	2015	6	11	6	0	0.010
USC00268822	2015	6	30	1	0	0.010
USC00268822	2015	6	30	18	0	0.160
USC00268822	2015	6	30	19	0	0.020
USC00268822	2015	7	4	13	0	0.010
USC00268822	2015	7	4	14	0	0.020
USC00268822	2015	7	4	15	0	0.030
USC00268822	2015	7	4	16	0	0.010
USC00268822	2015	7	4	21	0	0.010
USC00268822	2015	7	5	2	0	0.010
USC00268822	2015	7	5	18	0	0.010
USC00268822	2015	7	8	3	0	0.010
USC00268822	2015	7	8	15	0	0.030
USC00268822	2015	7	8	16	0	0.020
USC00268822	2015	7	8	17	0	0.030
USC00268822	2015	7	8	18	0	0.010
USC00268822	2015	7	8	19	0	0.010
USC00268822	2015	7	8	22	0	0.010
USC00268822	2015	7	9	3	0	0.010
USC00268822	2015	7	9	11	0	0.030
USC00268822	2015	7	11	4	0	0.010
USC00268822	2015	7	11	22	0	0.050
USC00268822	2015	7	11	23	0	0.040
USC00268822	2015	7	12	1	0	0.010
USC00268822	2015	7	22	12	0	0.380
USC00268822	2015	7	22	16	0	0.020
USC00268822	2015	7	23	1	0	0.010
USC00268822	2015	8	1	7	0	0.010
USC00268822	2015	8	3	6	0	0.010
USC00268822	2015	8	7	3	0	0.080
USC00268822	2015	8	7	5	0	0.010
USC00268822	2015	8	7	8	0	0.590
USC00268822	2015	8	7	9	0	0.020
USC00268822	2015	8	8	7	0	0.010
USC00268822	2015	9	15	3	0	0.010
USC00268822	2015	9	16	6	0	0.010
USC00268822	2015	9	30	7	0	0.010
USC00268822	2015	10	1	4	0	0.010
USC00268822	2015	10	1	7	0	0.010
USC00268822	2015	10	1	9	0	0.010
USC00268822	2015	10	1	11	0	0.010
USC00268822	2015	10	1	12	0	0.050
USC00268822	2015	10	1	13	0	0.010
USC00268822	2015	10	1	14	0	0.010
USC00268822	2015	10	1	15	0	0.100
USC00268822	2015	10	1	16	0	0.060
USC00268822	2015	10	1	17	0	0.010
USC00268822	2015	10	1	18	0	0.010
USC00268822	2015	10	1	19	0	0.010
USC00268822	2015	10	1	21	0	0.010
USC00268822	2015	10	2	7	0	0.010
USC00268822	2015	10	3	24	0	0.010
USC00268822	2015	10	4	3	0	0.020
USC00268822	2015	10	4	4	0	0.070
USC00268822	2015	10	4	5	0	0.060
USC00268822	2015	10	4	6	0	0.030
USC00268822	2015	10	4	9	0	0.010
USC00268822	2015	10	4	12	0	0.030
USC00268822	2015	10	5	4	0	0.010
USC00268822	2015	10	16	24	0	0.010
USC00268822	2015	10	17	11	0	0.010
USC00268822	2015	10	17	12	0	0.040
USC00268822	2015	10	17	14	0	0.010
USC00268822	2015	10	17	17	0	0.010
USC00268822	2015	10	17	23	0	0.010
USC00268822	2015	10	18	5	0	0.060
USC00268822	2015	10	18	7	0	0.010
USC00268822	2015	10	18	16	0	0.060
USC00268822	2015	10	18	17	0	0.010
USC00268822	2015	10	18	21	0	0.010
USC00268822	2015	10	19	4	0	0.010
USC00268822	2015	10	19	22	0	0.010
USC00268822	2015	10	20	7	0	0.010
USC00268822	2015	10	29	3	0	0.010
USC00268822	2015	10	29	23	0	0.010
USC00268822	2015	11	2	3	0	0.040
USC00268822	2015	11	2	4	0	0.030
USC00268822	2015	11	2	5	0	0.060
USC00268822	2015	11	2	6	0	0.060
USC00268822	2015	11	2	7	0	0.130
USC00268822	2015	11	2	8	0	0.070
USC00268822	2015	11	2	9	0	0.090
USC00268822	2015	11	2	10	0	0.120
USC00268822	2015	11	2	11	0	0.090
USC00268822	2015	11	2	12	0	0.070
USC00268822	2015	11	2	13	0	0.070
USC00268822	2015	11	2	14	0	0.060
USC00268822	2015	11	2	15	0	0.020
USC00268822	2015	11	2	17	0	0.010
USC00268822	2015	11	2	18	0	0.010
USC00268822	2015	11	2	19	0	0.040
USC00268822	2015	11	2	20	0	0.030
USC00268822	2015	11	2	21	0	0.040
USC00268822	2015	11	2	22	0	0.030
USC00268822	2015	11	2	23	0	0.030
USC00268822	2015	11	2	24	0	0.050
USC00268822	2015	11	3	1	0	0.020
USC00268822	2015	11	3	2	0	0.020
USC00268822	2015	11	3	3	0	0.010
USC00268822	2015	11	3	23	0	0.020
USC00268822	2015	11	3	24	0	0.050
USC00268822	2015	11	4	10	0	0.050
USC00268822	2015	11	4	11	0	0.010
USC00268822	2015	11	10	5	0	0.010
USC00268822	2015	11	10	6	0	0.040
USC00268822	2015	11	10	7	0	0.040
USC00268822	2015	11	10	9	0	0.020
USC00268822	2015	12	13	14	0	0.020
USC00268822	2015	12	13	18	0	0.010
USC00268822	2015	12	13	19	0	0.020
USC00268822	2015	12	19	17	0	0.020
USC00268822	2015	12	19	18	0	0.010
USC00268822	2015	12	19	19	0	0.010
USC00268822	2015	12	28	16	0	0.010
USC00268822	2015	12	28	17	0	0.010
USC00268822	2015	12	28	18	0	0.010
USC00268822	2015	12	29	5	0	0.010
USC00268822	2015	12	31	8	0	0.010
USC00268822	2016	1	6	10	0	0.010
USC00268822	2016	1	7	1	0	0.010
USC00268822	2016	1	7	2	0	0.020
USC00268822	2016	1	7	3	0	0.010
USC00268822	2016	1	8	23	0	0.010
USC00268822	2016	1	10	3	0	0.010
USC00268822	2016	1	10	6	0	0.010
USC00268822	2016	1	10	9	0	0.010
USC00268822	2016	1	12	9	0	0.010
USC00268822	2016	1	15	6	0	0.030
USC00268822	2016	1	15	10	0	0.020
USC00268822	2016	1	18	6	0	0.020
USC00268822	2016	1	18	7	0	0.080
USC00268822	2016	1	18	8	0	0.140
USC00268822	2016	1	18	9	0	0.080
USC00268822	2016	1	18	10	0	0.010
USC00268822	2016	1	19	11	0	0.010
USC00268822	2016	1	19	12	0	0.110
USC00268822	2016	1	30	5	0	0.040
USC00268822	2016	1	30	6	0	0.020
USC00268822	2016	1	30	7	0	0.040
USC00268822	2016	1	30	8	0	0.050
USC00268822	2016	1	30	9	0	0.030
USC00268822	2016	1	30	10	0	0.020
USC00268822	2016	1	30	11	0	0.110
USC00268822	2016	1	30	12	0	0.050
USC00268822	2016	1	31	4	0	0.010
USC00268822	2016	1	31	5	0	0.020
USC00268822	2016	1	31	6	0	0.030
USC00268822	2016	1	31	7	0	0.020
USC00268822	2016	1	31	8	0	0.030
USC00268822	2016	1	31	9	0	0.040
USC00268822	2016	1	31	10	0	0.030
USC00268822	2016	1	31	11	0	0.020
USC00268822	2016	1	31	13	0	0.010
USC00268822	2016	1	31	14	0	0.010
USC00268822	2016	1	31	16	0	0.010
USC00268822	2016	1	31	18	0	0.010
USC00268822	2016	2	18	1	0	0.090
USC00268822	2016	2	18	2	0	0.010
USC00268822	2016	3	28	6	0	0.010
USC00268822	2016	3	28	15	0	0.010
USC00268822	2016	3	28	17	0	0.020
USC00268822	2016	3	28	18	0	0.030
USC00268822	2016	3	28	19	0	0.010
USC00268822	2016	3	29	4	0	0.010
USC00268822	2016	3	29	9	0	0.030
USC00268822	2016	3	29	21	0	0.020
USC00268822	2016	3	30	8	0	0.010
USC00268822	2016	3	30	20	0	0.010
USC00268822	2016	4	9	5	0	0.010
USC00268822	2016	4	9	16	0	0.020
USC00268822	2016	4	9	17	0	0.010
USC00268822	2016	4	9	18	0	0.010
USC00268822	2016	4	9	19	0	0.030
USC00268822	2016	4	9	20	0	0.030
USC00268822	2016	4	9	23	0	0.030
USC00268822	2016	4	9	24	0	0.040
USC00268822	2016	4	10	1	0	0.030
USC00268822	2016	4	10	2	0	0.010
USC00268822	2016	4	10	4	0	0.010
USC00268822	2016	4	10	24	0	0.030
USC00268822	2016	4	11	1	0	0.060
USC00268822	2016	4	11	8	0	0.010
USC00268822	2016	4	12	7	0	0.010
USC00268822	2016	4	25	6	0	0.010
USC00268822	2016	4	25	10	0	0.010
USC00268822	2016	4	25	11	0	0.010
USC00268822	2016	4	27	3	0	0.010
USC00268822	2016	4	27	4	0	0.010
USC00268822	2016	4	27	19	0	0.010
USC00268822	2016	4	27	22	0	0.030
USC00268822	2016	4	27	23	0	0.020
USC00268822	2016	4	28	1	0	0.010
USC00268822	2016	4	28	7	0	0.010
USC00268822	2016	4	29	6	0	0.010
USC00268822	2016	4	29	19	0	0.020
USC00268822	2016	4	29	20	0	0.010
USC00268822	2016	4	29	22	0	0.060
USC00268822	2016	4	29	23	0	0.010
USC00268822	2016	4	30	8	0	0.010
USC00268822	2016	5	5	24	0	0.180
USC00268822	2016	5	6	1	0	0.060
USC00268822	2016	5	6	2	0	0.010
USC00268822	2016	5	6	5	0	0.010
USC00268822	2016	5	6	6	0	0.090
USC00268822	2016	5	6	7	0	0.010
USC00268822	2016	5	7	7	0	0.010
USC00268822	2016	5	7	8	0	0.010
USC00268822	2016	5	7	9	0	0.070
USC00268822	2016	5	7	10	0	0.060
USC00268822	2016	5	7	11	0	0.030
USC00268822	2016	5	7	13	0	0.010
USC00268822	2016	5	7	14	0	0.080
USC00268822	2016	5	8	7	0	0.010
USC00268822	2016	5	8	8	0	0.020
USC00268822	2016	5	8	20	0	0.020
USC00268822	2016	5	23	24	0	0.010
USC00268822	2016	5	24	3	0	0.010
USC00268822	2016	5	24	5	0	0.010
USC00268822	2016	5	24	7	0	0.010
USC00268822	2016	5	24	15	0	0.060
USC00268822	2016	5	24	23	0	0.020
USC00268822	2016	5	25	3	0	0.010
USC00268822	2016	5	25	18	0	0.010
USC00268822	2016	5	25	21	0	0.010
USC00268822	2016	5	25	22	0	0.020
USC00268822	2016	5	25	23	0	0.080
USC00268822	2016	5	25	24	0	0.020
USC00268822	2016	5	26	1	0	0.010
USC00268822	2016	5	26	3	0	0.010
USC00268822	2016	7	28	24	0	0.010
USC00268822	2016	7	29	18	0	0.140
USC00268822	2016	7	29	24	0	0.010
USC00268822	2016	7	30	4	0	0.010
USC00268822	2016	9	1	5	0	0.010
USC00268822	2016	9	1	20	0	0.010
USC00268822	2016	9	13	11	0	0.010
USC00268822	2016	9	13	21	0	0.010
USC00268822	2016	9	14	3	0	0.010
USC00268822	2016	9	23	3	0	0.010
USC00268822	2016	10	2	24	0	0.010
USC00268822	2016	10	3	22	0	0.010
USC00268822	2016	10	4	23	0	0.010
USC00268822	2016	10	15	20	0	0.010
USC00268822	2016	10	15	21	0	0.030
USC00268822	2016	10	15	22	0	0.020
USC00268822	2016	10	16	1	0	0.010
USC00268822	2016	10	16	9	0	0.010
USC00268822	2016	10	16	12	0	0.010
USC00268822	2016	10	16	13	0	0.040
USC00268822	2016	10	16	14	0	0.010
USC00268822	2016	10	16	15	0	0.010
USC00268822	2016	10	16	17	0	0.010
USC00268822	2016	10	16	18	0	0.010
USC00268822	2016	10	16	19	0	0.070
USC00268822	2016	10	16	20	0	0.030
USC00268822	2016	10	16	21	0	0.020
USC00268822	2016	10	27	7	0	0.010
USC00268822	2016	10	27	14	0	0.010
USC00268822	2016	10	27	15	0	0.010
USC00268822	2016	10	27	19	0	0.010
USC00268822	2016	10	27	22	0	0.020
USC00268822	2016	10	27	23	0	0.020
USC00268822	2016	10	28	1	0	0.030
USC00268822	2016	10	28	2	0	0.070
USC00268822	2016	10	28	3	0	0.080
USC00268822	2016	10	28	4	0	0.050
USC00268822	2016	10	28	5	0	0.100
USC00268822	2016	10	28	7	0	0.010
USC00268822	2016	10	29	3	0	0.010
USC00268822	2016	10	30	11	0	0.010
USC00268822	2016	10	30	16	0	0.050
USC00268822	2016	11	21	1	0	0.010
USC00268822	2016	11	21	5	0	0.060
USC00268822	2016	11	21	7	0	0.010
USC00268822	2016	11	21	20	0	0.010
USC00268822	2016	11	23	5	0	0.010
USC00268822	2016	11	27	6	0	0.010
USC00268822	2016	11	27	7	0	0.040
USC00268822	2016	11	27	10	0	0.010
USC00268822	2016	11	28	22	0	0.010
USC00268822	2016	12	2	4	0	0.010
USC00268822	2016	12	6	8	0	0.010
USC00268822	2016	12	7	5	0	0.010
USC00268822	2016	12	7	20	0	0.010
USC00268822	2016	12	7	21	0	0.020
USC00268822	2016	12	8	8	0	0.010
USC00268822	2016	12	11	2	0	0.010
USC00268822	2016	12	16	4	0	0.010
USC00268822	2016	12	16	17	0	0.010
USC00268822	2016	12	17	5	0	0.010
USC00268822	2016	12	21	3	0	0.010
USC00268822	2016	12	21	7	0	0.020
USC00268822	2016	12	21	8	0	0.010
USC00268822	2016	12	21	10	0	0.040
USC00268822	2016	12	21	11	0	0.010
USC00268822	2016	12	22	22	0	0.010
USC00268822	2016	12	23	23	0	0.010
USC00268822	2017	1	4	4	0	0.010
USC00268822	2017	1	4	5	0	0.030
USC00268822	2017	1	4	6	0	0.060
USC00268822	2017	1	4	7	0	0.020
USC00268822	2017	1	4	8	0	0.030
USC00268822	2017	1	4	11	0	0.010
USC00268822	2017	1	4	16	0	0.010
USC00268822	2017	1	4	17	0	0.020
USC00268822	2017	1	4	18	0	0.010
USC00268822	2017	1	4	20	0	0.010
USC00268822	2017	1	4	21	0	0.020
USC00268822	2017	1	4	22	0	0.010
USC00268822	2017	1	4	23	0	0.020
USC00268822	2017	1	4	24	0	0.020
USC00268822	2017	1	5	1	0	0.020
USC00268822	2017	1	5	2	0	0.010
USC00268822	2017	1	5	3	0	0.040
USC00268822	2017	1	5	4	0	0.020
USC00268822	2017	1	5	5	0	0.030
USC00268822	2017	1	5	6	0	0.010
USC00268822	2017	1	5	7	0	0.010
USC00268822	2017	1	5	8	0	0.010
USC00268822	2017	1	8	1	0	0.010
USC00268822	2017	1	8	3	0	0.020
USC00268822	2017	1	8	4	0	0.020
USC00268822	2017	1	8	5	0	0.010
USC00268822	2017	1	8	6	0	0.010
USC00268822	2017	1	8	7	0	0.020
USC00268822	2017	1	8	8	0	0.010
USC00268822	2017	1	8	9	0	0.030
USC00268822	2017	1	8	10	0	0.040
USC00268822	2017	1	8	11	0	0.030
USC00268822	2017	1	8	13	0	0.010
USC00268822	2017	1	8	14	0	0.020
USC00268822	2017	1	8	15	0	0.070
USC00268822	2017	1	8	16	0	0.140
USC00268822	2017	1	8	17	0	0.150
USC00268822	2017	1	8	18	0	0.150
USC00268822	2017	1	8	19	0	0.020
USC00268822	2017	1	8	20	0	0.050
USC00268822	2017	1	8	21	0	0.090
USC00268822	2017	1	8	22	0	0.070
USC00268822	2017	1	8	23	0	0.010
USC00268822	2017	1	8	24	0	0.020
USC00268822	2017	1	9	6	0	0.070
USC00268822	2017	1	9	7	0	0.010
USC00268822	2017	1	10	22	0	0.020
USC00268822	2017	1	10	23	0	0.150
USC00268822	2017	1	10	24	0	0.170
USC00268822	2017	1	11	1	0	0.070
USC00268822	2017	1	11	3	0	0.020
USC00268822	2017	1	11	4	0	0.010
USC00268822	2017	1	12	7	0	0.010
USC00268822	2017	1	12	9	0	0.050
USC00268822	2017	1	12	10	0	0.060
USC00268822	2017	1	12	11	0	0.030
USC00268822	2017	1	12	12	0	0.070
USC00268822	2017	1	12	13	0	0.030
USC00268822	2017	1	22	2	0	0.020
USC00268822	2017	1	22	3	0	0.020
USC00268822	2017	1	22	6	0	0.010
USC00268822	2017	1	22	7	0	0.030
USC00268822	2017	1	22	13	0	0.020
USC00268822	2017	1	22	19	0	0.020
USC00268822	2017	1	22	20	0	0.020
USC00268822	2017	1	22	21	0	0.020
USC00268822	2017	1	22	22	0	0.060
USC00268822	2017	1	23	11	0	0.030
USC00268822	2017	2	20	8	0	0.040
USC00268822	2017	2	20	9	0	0.030
USC00268822	2017	2	20	10	0	0.030
USC00268822	2017	2	20	11	0	0.030
USC00268822	2017	2	20	12	0	0.040
USC00268822	2017	2	20	13	0	0.040
USC00268822	2017	2	20	14	0	0.080
USC00268822	2017	2	20	15	0	0.010
USC00268822	2017	2	20	16	0	0.010
USC00268822	2017	2	20	20	0	0.010
USC00268822	2017	3	30	9	0	0.030
USC00268822	2017	3	30	10	0	0.010
USC00268822	2017	3	30	16	0	0.010
USC00268822	2017	3	30	17	0	0.010
USC00268822	2017	3	30	20	0	0.010
USC00268822	2017	4	6	21	0	0.040
USC00268822	2017	4	7	2	0	0.010
USC00268822	2017	4	7	3	0	0.020
USC00268822	2017	4	7	5	0	0.010
USC00268822	2017	4	7	10	0	0.010
USC00268822	2017	4	7	12	0	0.010
USC00268822	2017	4	7	21	0	0.010
USC00268822	2017	4	7	24	0	0.020
USC00268822	2017	4	8	1	0	0.030
USC00268822	2017	4	8	5	0	0.240
USC00268822	2017	4	17	17	0	0.030
USC00268822	2017	4	17	18	0	0.020
USC00268822	2017	4	17	24	0	0.010
USC00268822	2017	4	18	5	0	0.020
USC00268822	2017	4	18	6	0	0.020
USC00268822	2017	4	18	7	0	0.080
USC00268822	2017	4	18	8	0	0.100
USC00268822	2017	4	18	9	0	0.050
USC00268822	2017	4	18	10	0	0.020
USC00268822	2017	4	18	12	0	0.010
USC00268822	2017	4	19	6	0	0.010
USC00268822	2017	4	20	12	0	0.910
USC00268822	2017	4	21	15	0	0.010
USC00268822	2017	4	27	5	0	0.020
USC00268822	2017	5	6	15	0	0.080
USC00268822	2017	5	6	16	0	0.030
USC00268822	2017	5	6	23	0	0.010
USC00268822	2017	5	6	24	0	0.100
USC00268822	2017	5	7	1	0	0.150
USC00268822	2017	5	7	2	0	0.190
USC00268822	2017	5	7	5	0	0.030
USC00268822	2017	5	7	6	0	0.080
USC00268822	2017	5	7	19	0	0.010
USC00268822	2017	5	8	16	0	0.010
USC00268822	2017	5	17	4	0	0.030
USC00268822	2017	5	17	14	0	0.010
USC00268822	2017	6	11	13	0	0.010
USC00268822	2017	6	11	14	0	0.010
USC00268822	2017	6	12	5	0	0.020
USC00268822	2017	6	12	6	0	0.030
USC00268822	2017	6	20	17	0	0.060
USC00268822	2017	6	22	3	0	0.010
USC00268822	2017	7	8	18	0	0.010
USC00268822	2017	7	24	14	0	0.010
USC00268822	2017	7	25	14	0	0.330
USC00268822	2017	8	5	19	0	0.010
USC00268822	2017	8	7	19	0	0.010
USC00268822	2017	8	7	21	0	0.010
USC00268822	2017	8	8	21	0	0.090
USC00268822	2017	8	9	14	0	0.010
USC00268822	2017	8	9	16	0	0.020
USC00268822	2017	8	29	15	0	0.010
USC00268822	2017	8	29	16	0	0.010
USC00268822	2017	8	29	18	0	0.020
USC00268822	2017	8	30	8	0	0.010
USC00268822	2017	9	6	21	0	0.010
USC00268822	2017	9	12	19	0	0.010
USC00268822	2017	9	12	20	0	0.010
USC00268822	2017	9	12	21	0	0.060
USC00268822	2017	9	12	22	0	0.030
USC00268822	2017	9	21	1	0	0.010
USC00268822	2017	9	21	13	0	0.010
USC00268822	2017	10	20	4	0	0.010
USC00268822	2017	11	16	1	0	0.010
USC00268822	2017	11	16	2	0	0.010
USC00268822	2017	11	16	4	0	0.010
USC00268822	2017	11	16	6	0	0.010
USC00268822	2017	11	16	7	0	0.010
USC00268822	2017	11	16	9	0	0.020
USC00268822	2017	11	16	10	0	0.020
USC00268822	2017	11	16	11	0	0.050
USC00268822	2017	11	16	12	0	0.020
USC00268822	2017	11	16	13	0	0.020
USC00268822	2017	11	16	16	0	0.020
USC00268822	2017	11	16	17	0	0.030
USC00268822	2017	11	16	18	0	0.010
USC00268822	2017	11	16	20	0	0.030
USC00268822	2017	11	16	21	0	0.030
USC00268822	2017	11	16	22	0	0.060
USC00268822	2017	11	16	24	0	0.010
USC00268822	2017	11	19	9	0	0.010
USC00268822	2017	11	19	18	0	0.010
USC00268822	2017	11	27	1	0	0.010
USC00268822	2017	11	27	2	0	0.050
USC00268822	2017	11	27	3	0	0.020
USC00268822	2017	11	27	18	0	0.010
USC00268822	2017	12	16	4	0	0.020
USC00268822	2017	12	16	6	0	0.010
USC00268822	2017	12	16	7	0	0.010
USC00268822	2017	12	17	17	0	0.010
USC00268822	2017	12	20	9	0	0.010
USC00268822	2017	12	20	10	0	0.020
USC00268822	2018	1	6	2	0	0.010
USC00268822	2018	1	6	3	0	0.010
USC00268822	2018	1	6	5	0	0.030
USC00268822	2018	1	6	12	0	0.030
USC00268822	2018	1	6	13	0	0.020
USC00268822	2018	1	8	8	0	0.010
USC00268822	2018	1	8	12	0	0.010
USC00268822	2018	1	9	18	0	0.030
USC00268822	2018	1	9	19	0	0.030
USC00268822	2018	1	25	4	0	0.010
USC00268822	2018	2	12	8	0	0.010
USC00268822	2018	2	12	14	0	0.010
USC00268822	2018	2	26	20	0	0.010
USC00268822	2018	2	26	24	0	0.010
USC00268822	2018	3	1	19	0	0.010
USC00268822	2018	3	1	22	0	0.010
USC00268822	2018	3	1	23	0	0.010
USC00268822	2018	3	2	4	0	0.020
USC00268822	2018	3	2	19	0	0.010
USC00268822	2018	3	2	20	0	0.010
USC00268822	2018	3	2	21	0	0.010
USC00268822	2018	3	2	22	0	0.040
USC00268822	2018	3	2	23	0	0.040
USC00268822	2018	3	3	1	0	0.030
USC00268822	2018	3	3	2	0	0.050
USC00268822	2018	3	3	4	0	0.010
USC00268822	2018	3	3	5	0	0.010
USC00268822	2018	3	3	16	0	0.010
USC00268822	2018	3	13	23	0	0.010
USC00268822	2018	3	16	14	0	0.040
USC00268822	2018	3	16	15	0	0.010
USC00268822	2018	3	16	17	0	0.010
USC00268822	2018	3	17	19	0	0.030
USC00268822	2018	3	17	20	0	0.010
USC00268822	2018	3	20	18	0	0.010
USC00268822	2018	3	20	19	0	0.030
USC00268822	2018	3	20	20	0	0.010
USC00268822	2018	3	21	4	0	0.010
USC00268822	2018	3	21	6	0	0.020
USC00268822	2018	3	22	5	0	0.010
USC00268822	2018	3	22	7	0	0.010
USC00268822	2018	3	22	12	0	0.010
USC00268822	2018	3	22	13	0	0.040
USC00268822	2018	3	22	14	0	0.090
USC00268822	2018	3	22	15	0	0.010
USC00268822	2018	3	22	16	0	0.010
USC00268822	2018	4	5	23	0	0.010
USC00268822	2018	4	6	11	0	0.010
USC00268822	2018	4	6	13	0	0.010
USC00268822	2018	4	6	14	0	0.010
USC00268822	2018	4	7	4	0	0.020
USC00268822	2018	4	7	6	0	0.010
USC00268822	2018	4	7	7	0	0.020
USC00268822	2018	4	7	8	0	0.060
USC00268822	2018	4	7	9	0	0.020
USC00268822	2018	4	16	1	0	0.010
USC00268822	2018	4	29	20	0	0.020
USC00268822	2018	5	12	18	0	0.020
USC00268822	2018	5	12	19	0	0.020
USC00268822	2018	5	12	24	0	0.050
USC00268822	2018	5	13	2	0	0.010
USC00268822	2018	5	13	19	0	0.040
USC00268822	2018	5	13	23	0	0.010
USC00268822	2018	5	15	4	0	0.010
USC00268822	2018	5	15	18	0	0.110
USC00268822	2018	5	15	19	0	0.130
USC00268822	2018	5	16	8	0	0.010
USC00268822	2018	5	16	13	0	0.010
USC00268822	2018	5	16	14	0	0.020
USC00268822	2018	5	16	15	0	0.030
USC00268822	2018	5	16	16	0	0.040
USC00268822	2018	5	16	17	0	0.020
USC00268822	2018	5	19	4	0	0.010
USC00268822	2018	5	19	15	0	0.010
USC00268822	2018	5	19	19	0	0.010
USC00268822	2018	5	20	15	0	0.010
USC00268822	2018	5	21	4	0	0.010
USC00268822	2018	5	21	5	0	0.010
USC00268822	2018	5	21	6	0	0.050
USC00268822	2018	5	21	7	0	0.010
USC00268822	2018	5	21	11	0	0.010
USC00268822	2018	5	21	16	0	0.020
USC00268822	2018	5	21	17	0	0.020
USC00268822	2018	5	21	18	0	0.140
USC00268822	2018	5	21	19	0	0.050
USC00268822	2018	5	22	21	0	0.010
USC00268822	2018	5	24	5	0	0.010
USC00268822	2018	5	24	17	0	0.010
USC00268822	2018	5	25	11	0	0.010
USC00268822	2018	5	25	12	0	0.040
USC00268822	2018	5	25	13	0	0.050
USC00268822	2018	5	25	14	0	0.060
USC00268822	2018	5	25	20	0	0.010
USC00268822	2018	6	6	16	0	0.010
USC00268822	2018	6	6	18	0	0.010
USC00268822	2018	6	7	14	0	0.010
USC00268822	2018	7	20	19	0	0.020
USC00268822	2018	7	21	14	0	0.010
USC00268822	2018	7	24	2	0	0.010
USC00268822	2018	7	24	17	0	0.160
USC00268822	2018	7	24	18	0	0.330
USC00268822	2018	7	31	17	0	0.050
USC00268822	2018	7	31	18	0	0.150
USC00268822	2018	8	15	17	0	0.010
USC00268822	2018	9	8	20	0	0.010
USC00268822	2018	10	2	10	0	0.010
USC00268822	2018	10	3	3	0	0.010
USC00268822	2018	10	3	4	0	0.010
USC00268822	2018	10	3	15	0	0.030
USC00268822	2018	10	3	16	0	0.510
USC00268822	2018	10	3	17	0	0.020
USC00268822	2018	10	5	23	0	0.010
USC00268822	2018	10	5	24	0	0.010
USC00268822	2018	10	6	1	0	0.020
USC00268822	2018	10	6	2	0	0.050
USC00268822	2018	10	6	3	0	0.040
USC00268822	2018	10	6	4	0	0.010
USC00268822	2018	11	21	23	0	0.020
USC00268822	2018	11	21	24	0	0.010
USC00268822	2018	11	22	1	0	0.010
USC00268822	2018	11	28	10	0	0.020
USC00268822	2018	11	28	11	0	0.010
USC00268822	2018	11	29	3	0	0.020
USC00268822	2018	11	29	4	0	0.010
USC00268822	2018	11	29	6	0	0.040
USC00268822	2018	11	29	7	0	0.150
USC00268822	2018	11	29	8	0	0.020
USC00268822	2018	11	29	10	0	0.040
USC00268822	2018	11	29	18	0	0.010
USC00268822	2018	11	29	19	0	0.010
USC00268822	2018	12	4	4	0	0.010
USC00268822	2018	12	4	9	0	0.010
USC00268822	2018	12	4	17	0	0.010
USC00268822	2018	12	4	18	0	0.020
USC00268822	2018	12	4	19	0	0.010
USC00268822	2018	12	4	20	0	0.010
USC00268822	2018	12	4	22	0	0.010
USC00268822	2018	12	4	23	0	0.010
USC00268822	2018	12	4	24	0	0.010
USC00268822	2018	12	5	1	0	0.020
USC00268822	2018	12	5	2	0	0.020
USC00268822	2018	12	5	3	0	0.010
USC00268822	2018	12	11	4	0	0.010
USC00268822	2018	12	11	7	0	0.010
USC00268822	2018	12	13	2	0	0.010
USC00268822	2018	12	13	16	0	0.010
USC00268822	2018	12	24	14	0	0.020
USC00268822	2018	12	24	15	0	0.010
USC00268822	2018	12	24	18	0	0.040
USC00268822	2018	12	24	19	0	0.180
USC00268822	2018	12	24	20	0	0.080
USC00268822	2018	12	24	21	0	0.050
USC00268822	2018	12	25	9	0	0.010
USC00268822	2018	12	25	10	0	0.010
USC00268822	2018	12	25	11	0	0.010
USC00268822	2019	1	6	20	0	0.060
USC00268822	2019	1	6	21	0	0.020
USC00268822	2019	1	16	19	0	0.010
USC00268822	2019	1	17	1	0	0.020
USC00268822	2019	1	17	2	0	0.060
USC00268822	2019	1	17	3	0	0.190
USC00268822	2019	1	17	4	0	0.010
USC00268822	2019	1	20	18	0	0.030
USC00268822	2019	1	20	19	0	0.060
USC00268822	2019	1	20	20	0	0.020
USC00268822	2019	1	21	19	0	0.010
USC00268822	2019	2	2	8	0	0.040
USC00268822	2019	2	2	9	0	0.020
USC00268822	2019	2	2	10	0	0.020
USC00268822	2019	2	2	13	0	0.100
USC00268822	2019	2	2	14	0	0.080
USC00268822	2019	2	4	9	0	0.010
USC00268822	2019	2	5	5	0	0.020
USC00268822	2019	2	10	4	0	0.030
USC00268822	2019	2	10	8	0	0.010
USC00268822	2019	2	13	8	0	0.020
USC00268822	2019	2	13	9	0	0.150
USC00268822	2019	2	13	10	0	0.170
USC00268822	2019	2	13	11	0	0.210
USC00268822	2019	2	13	12	0	0.300
USC00268822	2019	2	13	13	0	0.010
USC00268822	2019	2	13	14	0	0.010
USC00268822	2019	2	13	15	0	0.030
USC00268822	2019	2	13	16	0	0.010
USC00268822	2019	2	14	6	0	0.130
USC00268822	2019	2	14	7	0	0.030
USC00268822	2019	2	14	8	0	0.120
USC00268822	2019	2	14	9	0	0.050
USC00268822	2019	2	14	14	0	0.100
USC00268822	2019	2	14	15	0	0.140
USC00268822	2019	2	16	10	0	0.010
USC00268822	2019	2	17	1	0	0.010
USC00268822	2019	2	17	9	0	0.010
USC00268822	2019	2	17	12	0	0.010
USC00268822	2019	2	17	13	0	0.010
USC00268822	2019	2	17	14	0	0.010
USC00268822	2019	2	17	16	0	0.020
USC00268822	2019	2	18	9	0	0.010
USC00268822	2019	2	21	13	0	0.010
USC00268822	2019	2	21	17	0	0.010
USC00268822	2019	3	2	8	0	0.050
USC00268822	2019	3	2	9	0	0.020
USC00268822	2019	3	2	10	0	0.020
USC00268822	2019	3	2	11	0	0.060
USC00268822	2019	3	2	12	0	0.010
USC00268822	2019	3	2	13	0	0.020
USC00268822	2019	3	3	16	0	0.020
USC00268822	2019	3	3	17	0	0.020
USC00268822	2019	3	3	18	0	0.010
USC00268822	2019	3	3	19	0	0.020
USC00268822	2019	3	3	20	0	0.010
USC00268822	2019	3	4	1	0	0.010
USC00268822	2019	3	5	11	0	0.020
USC00268822	2019	3	5	13	0	0.010
USC00268822	2019	3	5	15	0	0.030
USC00268822	2019	3	5	16	0	0.020
USC00268822	2019	3	6	6	0	0.050
USC00268822	2019	3	6	8	0	0.010
USC00268822	2019	3	6	15	0	0.020
USC00268822	2019	3	6	16	0	0.010
USC00268822	2019	3	6	18	0	0.010
USC00268822	2019	3	6	21	0	0.020
USC00268822	2019	3	10	2	0	0.010
USC00268822	2019	3	10	5	0	0.010
USC00268822	2019	3	10	6	0	0.020
USC00268822	2019	3	10	7	0	0.100
USC00268822	2019	3	10	8	0	0.040
USC00268822	2019	3	10	9	0	0.070
USC00268822	2019	3	10	10	0	0.030
USC00268822	2019	3	10	12	0	0.020
USC00268822	2019	3	10	13	0	0.010
USC00268822	2019	3	10	16	0	0.020
USC00268822	2019	3	20	4	0	0.040
USC00268822	2019	3	20	17	0	0.010
USC00268822	2019	3	20	18	0	0.030
USC00268822	2019	3	20	23	0	0.010
USC00268822	2019	3	20	24	0	0.030
USC00268822	2019	3	21	1	0	0.010
USC00268822	2019	3	21	2	0	0.020
USC00268822	2019	3	21	3	0	0.030
USC00268822	2019	3	21	4	0	0.070
USC00268822	2019	3	21	5	0	0.050
USC00268822	2019	3	21	6	0	0.010
USC00268822	2019	3	21	7	0	0.010
USC00268822	2019	3	21	8	0	0.040
USC00268822	2019	3	21	9	0	0.010
USC00268822	2019	3	22	20	0	0.010
USC00268822	2019	3	23	2	0	0.020
USC00268822	2019	3	23	3	0	0.020
USC00268822	2019	3	23	4	0	0.010
USC00268822	2019	3	23	5	0	0.030
USC00268822	2019	3	23	6	0	0.020
USC00268822	2019	3	23	7	0	0.010
USC00268822	2019	3	23	13	0	0.040
USC00268822	2019	4	1	19	0	0.010
USC00268822	2019	4	1	20	0	0.020
USC00268822	2019	4	1	21	0	0.010
USC00268822	2019	4	1	22	0	0.050
USC00268822	2019	4	1	23	0	0.020
USC00268822	2019	4	2	7	0	0.010
USC00268822	2019	4	21	7	0	0.010
USC00268822	2019	4	21	8	0	0.030
USC00268822	2019	4	21	11	0	0.010
USC00268822	2019	5	10	18	0	0.010
USC00268822	2019	5	16	7	0	0.010
USC00268822	2019	5	19	4	0	0.010
USC00268822	2019	5	19	11	0	0.010
USC00268822	2019	5	22	4	0	0.010
USC00268822	2019	5	22	20	0	0.020
USC00268822	2019	5	22	21	0	0.030
USC00268822	2019	5	22	23	0	0.010
USC00268822	2019	5	23	12	0	0.030
USC00268822	2019	5	23	15	0	0.010
USC00268822	2019	5	23	16	0	0.020
USC00268822	2019	5	23	17	0	0.010
USC00268822	2019	5	23	20	0	0.020
USC00268822	2019	5	24	19	0	0.010
USC00268822	2019	5	24	22	0	0.010
USC00268822	2019	5	26	17	0	0.010
USC00268822	2019	5	27	6	0	0.010
USC00268822	2019	5	27	7	0	0.050
USC00268822	2019	5	27	8	0	0.020
USC00268822	2019	5	29	20	0	0.150
USC00268822	2019	5	29	21	0	0.150
USC00268822	2019	5	29	22	0	0.110
USC00268822	2019	5	29	23	0	0.030
USC00268822	2019	5	29	24	0	0.020
USC00268822	2019	5	30	1	0	0.010
USC00268822	2019	5	30	16	0	0.010
USC00268822	2019	6	1	21	0	0.020
USC00268822	2019	6	2	22	0	0.090
USC00268822	2019	6	12	18	0	0.020
USC00268822	2019	6	12	20	0	0.010
USC00268822	2019	7	1	10	0	0.010
USC00268822	2019	7	21	18	0	0.070
USC00268822	2019	7	22	17	0	0.020
USC00268822	2019	7	23	16	0	0.010
USC00268822	2019	7	26	4	0	0.010
USC00268822	2019	7	26	8	0	0.010
USC00268822	2019	7	26	9	0	0.060
USC00268822	2019	7	26	10	0	0.010
USC00268822	2019	8	28	17	0	0.070
USC00268822	2019	8	28	18	0	0.020
USC00268822	2019	9	2	17	0	0.140
USC00268822	2019	9	2	18	0	0.020
USC00268822	2019	9	3	19	0	0.010
USC00268822	2019	9	4	18	0	0.010
USC00268822	2019	9	5	13	0	0.120
USC00268822	2019	9	5	14	0	0.050
USC00268822	2019	9	6	14	0	0.010
USC00268822	2019	9	16	14	0	0.020
USC00268822	2019	9	16	15	0	0.010
USC00268822	2019	9	16	16	0	0.010
USC00268822	2019	9	19	13	0	0.010
USC00268822	2019	9	19	18	0	0.020
USC00268822	2019	9	28	13	0	0.010
USC00268822	2019	9	28	18	0	0.030
USC00268822	2019	9	29	2	0	0.010
USC00268822	2019	9	29	9	0	0.010
USC00268822	2019	9	30	14	0	0.010
USC00268822	2019	10	1	20	0	0.010
USC00268822	2019	10	6	18	0	0.010
USC00268822	2019	10	9	6	0	0.040
USC00268822	2019	10	9	7	0	0.010
USC00268822	2019	10	9	8	0	0.020
USC00268822	2019	10	9	14	0	0.010
USC00268822	2019	10	10	11	0	0.010
USC00268822	2019	10	25	18	0	0.010
USC00268822	2019	10	26	24	0	0.020
USC00268822	2019	10	28	15	0	0.010
USC00268822	2019	10	30	19	0	0.010
USC00268822	2019	11	3	18	0	0.010
USC00268822	2019	11	19	14	0	0.020
USC00268822	2019	11	19	18	0	0.010
USC00268822	2019	11	19	19	0	0.080
USC00268822	2019	11	19	20	0	0.090
USC00268822	2019	11	19	24	0	0.020
USC00268822	2019	11	20	1	0	0.010
USC00268822	2019	11	20	2	0	0.020
USC00268822	2019	11	20	3	0	0.020
USC00268822	2019	11	20	4	0	0.020
USC00268822	2019	11	20	5	0	0.050
USC00268822	2019	11	20	6	0	0.040
USC00268822	2019	11	20	7	0	0.020
USC00268822	2019	11	20	9	0	0.010
USC00268822	2019	11	20	10	0	0.010
USC00268822	2019	11	20	18	0	0.010
USC00268822	2019	11	20	19	0	0.020
USC00268822	2019	11	20	20	0	0.040
USC00268822	2019	11	20	21	0	0.040
USC00268822	2019	11	20	22	0	0.010
USC00268822	2019	11	20	23	0	0.010
USC00268822	2019	11	24	11	0	0.010
USC00268822	2019	11	25	8	0	0.010
USC00268822	2019	11	25	12	0	0.020
USC00268822	2019	11	28	22	0	0.010
USC00268822	2019	11	29	4	0	0.010
USC00268822	2019	11	29	11	0	0.010
USC00268822	2019	11	29	12	0	0.010
USC00268822	2019	12	1	3	0	0.020
USC00268822	2019	12	1	5	0	0.010
USC00268822	2019	12	2	5	0	0.040
USC00268822	2019	12	2	6	0	0.010
USC00268822	2019	12	2	7	0	0.010
USC00268822	2019	12	2	11	0	0.020
USC00268822	2019	12	2	12	0	0.010
USC00268822	2019	12	2	13	0	0.020
USC00268822	2019	12	3	10	0	0.010
USC00268822	2019	12	4	8	0	0.010
USC00268822	2019	12	4	9	0	0.010
USC00268822	2019	12	4	10	0	0.040
USC00268822	2019	12	4	11	0	0.040
USC00268822	2019	12	4	12	0	0.040
USC00268822	2019	12	4	13	0	0.020
USC00268822	2019	12	4	15	0	0.010
USC00268822	2019	12	4	16	0	0.010
USC00268822	2019	12	4	18	0	0.010
USC00268822	2019	12	5	24	0	0.010
USC00268822	2019	12	7	22	0	0.090
USC00268822	2019	12	7	23	0	0.040
USC00268822	2019	12	8	1	0	0.040
USC00268822	2019	12	8	9	0	0.010
USC00268822	2019	12	22	14	0	0.020
