USC00295370	1990	1	18	3	0	0.100
USC00295370	1990	1	18	20	0	0.100
USC00295370	1990	1	19	15	0	0.100
USC00295370	1990	1	20	1	0	0.100
USC00295370	1990	1	20	12	0	0.200
USC00295370	1990	1	20	13	0	0.100
USC00295370	1990	2	8	24	0	0.100
USC00295370	1990	2	14	17	0	0.100
USC00295370	1990	2	14	18	0	0.100
USC00295370	1990	2	27	8	0	0.100
USC00295370	1990	2	27	10	0	0.100
USC00295370	1990	3	10	15	0	0.100
USC00295370	1990	3	11	1	0	0.200
USC00295370	1990	3	11	2	0	0.100
USC00295370	1990	3	27	16	0	0.100
USC00295370	1990	3	29	2	0	0.100
USC00295370	1990	3	29	13	0	0.100
USC00295370	1990	4	1	6	0	0.100
USC00295370	1990	4	12	20	0	0.100
USC00295370	1990	4	21	23	0	0.100
USC00295370	1990	4	22	24	0	0.300
USC00295370	1990	5	2	1	0	0.100
USC00295370	1990	7	12	6	0	0.100
USC00295370	1990	7	15	5	0	0.100
USC00295370	1990	7	15	6	0	0.100
USC00295370	1990	7	21	20	0	0.400
USC00295370	1990	7	21	21	0	0.200
USC00295370	1990	7	22	9	0	0.100
USC00295370	1990	7	29	8	0	0.100
USC00295370	1990	7	29	12	0	0.100
USC00295370	1990	7	29	23	0	0.100
USC00295370	1990	7	29	24	0	0.200
USC00295370	1990	7	30	1	0	0.100
USC00295370	1990	7	30	2	0	0.200
USC00295370	1990	7	30	3	0	0.100
USC00295370	1990	7	30	4	0	0.100
USC00295370	1990	7	30	5	0	0.100
USC00295370	1990	7	30	7	0	0.100
USC00295370	1990	7	30	12	0	0.100
USC00295370	1990	7	31	14	0	0.100
USC00295370	1990	8	3	2	0	0.100
USC00295370	1990	8	7	5	0	0.100
USC00295370	1990	8	14	4	0	0.100
USC00295370	1990	8	14	5	0	0.300
USC00295370	1990	8	17	16	0	0.600
USC00295370	1990	8	20	18	0	0.300
USC00295370	1990	8	20	20	0	0.100
USC00295370	1990	8	22	22	0	0.100
USC00295370	1990	8	22	23	0	0.100
USC00295370	1990	9	7	12	0	0.300
USC00295370	1990	9	7	13	0	0.400
USC00295370	1990	9	8	8	0	0.100
USC00295370	1990	9	16	20	0	0.300
USC00295370	1990	9	16	21	0	0.100
USC00295370	1990	9	17	9	0	0.100
USC00295370	1990	9	23	24	0	0.100
USC00295370	1990	9	24	2	0	0.100
USC00295370	1990	9	24	3	0	0.100
USC00295370	1990	9	29	19	0	0.300
USC00295370	1990	10	1	21	0	0.100
USC00295370	1990	10	1	23	0	0.100
USC00295370	1990	10	1	24	0	0.100
USC00295370	1990	10	2	4	0	0.200
USC00295370	1990	10	2	6	0	0.200
USC00295370	1990	10	2	10	0	0.100
USC00295370	1990	10	8	1	0	0.200
USC00295370	1990	11	3	9	0	0.100
USC00295370	1990	11	3	10	0	0.100
USC00295370	1990	11	3	12	0	0.100
USC00295370	1990	11	3	13	0	0.100
USC00295370	1990	11	3	14	0	0.100
USC00295370	1990	11	8	11	0	0.280
USC00295370	1990	11	8	12	0	0.140
USC00295370	1990	11	8	13	0	0.280
USC00295370	1990	11	20	17	0	0.100
USC00295370	1990	12	15	20	0	0.100
USC00295370	1990	12	16	19	0	0.100
USC00295370	1990	12	16	22	0	0.100
USC00295370	1991	1	6	21	0	0.100
USC00295370	1991	1	9	12	0	0.100
USC00295370	1991	1	9	14	0	0.100
USC00295370	1991	1	9	17	0	0.100
USC00295370	1991	1	17	19	0	0.100
USC00295370	1991	1	17	20	0	0.200
USC00295370	1991	1	17	22	0	0.100
USC00295370	1991	1	21	7	0	0.100
USC00295370	1991	3	1	5	0	0.100
USC00295370	1991	3	28	17	0	0.100
USC00295370	1991	5	21	20	0	0.100
USC00295370	1991	5	23	13	0	0.600
USC00295370	1991	6	4	14	0	0.100
USC00295370	1991	6	5	14	0	0.100
USC00295370	1991	6	5	15	0	0.100
USC00295370	1991	6	9	20	0	0.100
USC00295370	1991	6	9	22	0	0.050
USC00295370	1991	6	9	24	0	0.050
USC00295370	1991	7	3	22	0	0.100
USC00295370	1991	7	3	23	0	0.100
USC00295370	1991	7	3	24	0	0.100
USC00295370	1991	7	10	19	0	0.100
USC00295370	1991	7	10	20	0	0.500
USC00295370	1991	7	11	13	0	0.200
USC00295370	1991	7	12	1	0	0.100
USC00295370	1991	7	12	7	0	0.200
USC00295370	1991	7	12	8	0	0.100
USC00295370	1991	7	12	9	0	0.200
USC00295370	1991	7	12	10	0	0.500
USC00295370	1991	7	12	11	0	0.100
USC00295370	1991	7	12	15	0	0.100
USC00295370	1991	7	12	16	0	0.200
USC00295370	1991	7	12	18	0	0.100
USC00295370	1991	7	13	15	0	0.200
USC00295370	1991	7	13	16	0	0.100
USC00295370	1991	7	13	17	0	0.100
USC00295370	1991	7	14	18	0	0.100
USC00295370	1991	7	22	18	0	0.100
USC00295370	1991	7	23	18	0	0.300
USC00295370	1991	7	24	2	0	0.100
USC00295370	1991	7	24	13	0	0.100
USC00295370	1991	7	24	14	0	0.300
USC00295370	1991	7	25	5	0	0.100
USC00295370	1991	8	2	14	0	0.100
USC00295370	1991	8	2	15	0	0.500
USC00295370	1991	8	2	16	0	0.100
USC00295370	1991	8	7	16	0	0.100
USC00295370	1991	8	9	2	0	0.100
USC00295370	1991	8	10	6	0	0.100
USC00295370	1991	8	10	7	0	0.100
USC00295370	1991	8	10	8	0	0.100
USC00295370	1991	8	11	21	0	0.100
USC00295370	1991	8	14	10	0	0.100
USC00295370	1991	8	31	17	0	0.100
USC00295370	1991	9	3	21	0	0.200
USC00295370	1991	9	3	22	0	0.100
USC00295370	1991	9	3	23	0	0.100
USC00295370	1991	9	5	5	0	0.100
USC00295370	1991	9	5	15	0	0.200
USC00295370	1991	9	6	19	0	0.100
USC00295370	1991	9	6	20	0	0.400
USC00295370	1991	9	6	22	0	0.800
USC00295370	1991	9	7	1	0	0.100
USC00295370	1991	9	7	4	0	0.100
USC00295370	1991	9	9	17	0	0.100
USC00295370	1991	9	9	18	0	0.200
USC00295370	1991	9	9	19	0	0.100
USC00295370	1991	9	9	24	0	0.100
USC00295370	1991	9	10	19	0	0.500
USC00295370	1991	9	10	20	0	0.400
USC00295370	1991	9	10	21	0	0.100
USC00295370	1991	9	10	22	0	0.300
USC00295370	1991	9	12	17	0	0.100
USC00295370	1991	9	16	12	0	0.300
USC00295370	1991	9	17	12	0	0.100
USC00295370	1991	9	18	1	0	0.100
USC00295370	1991	9	18	2	0	0.100
USC00295370	1991	9	18	9	0	0.100
USC00295370	1991	9	18	17	0	0.100
USC00295370	1991	9	18	19	0	0.100
USC00295370	1991	9	18	22	0	0.100
USC00295370	1991	9	18	23	0	0.200
USC00295370	1991	9	19	3	0	0.100
USC00295370	1991	9	19	5	0	0.100
USC00295370	1991	9	19	7	0	0.100
USC00295370	1991	9	19	9	0	0.100
USC00295370	1991	9	19	19	0	0.100
USC00295370	1991	9	20	15	0	0.111
USC00295370	1991	11	11	7	0	0.100
USC00295370	1991	11	11	15	0	0.100
USC00295370	1991	11	14	9	0	0.100
USC00295370	1991	11	15	3	0	0.400
USC00295370	1991	11	15	4	0	0.200
USC00295370	1991	12	11	7	0	0.100
USC00295370	1991	12	11	8	0	0.200
USC00295370	1991	12	11	10	0	0.100
USC00295370	1991	12	11	15	0	0.100
USC00295370	1991	12	18	11	0	0.100
USC00295370	1991	12	18	13	0	0.100
USC00295370	1991	12	18	14	0	0.100
USC00295370	1991	12	18	16	0	0.100
USC00295370	1991	12	18	19	0	0.100
USC00295370	1991	12	19	17	0	0.100
USC00295370	1991	12	20	21	0	0.100
USC00295370	1991	12	21	2	0	0.100
USC00295370	1991	12	21	3	0	0.100
USC00295370	1991	12	21	11	0	0.100
USC00295370	1991	12	21	12	0	0.400
USC00295370	1991	12	21	13	0	0.100
USC00295370	1991	12	21	14	0	0.200
USC00295370	1991	12	21	15	0	0.100
USC00295370	1991	12	21	16	0	0.200
USC00295370	1991	12	21	17	0	0.200
USC00295370	1991	12	21	21	0	0.100
USC00295370	1991	12	25	5	0	0.100
USC00295370	1991	12	25	6	0	0.100
USC00295370	1991	12	25	7	0	0.200
USC00295370	1991	12	25	9	0	0.200
USC00295370	1991	12	25	10	0	0.100
USC00295370	1991	12	25	13	0	0.100
USC00295370	1991	12	25	14	0	0.100
USC00295370	1992	1	6	18	0	0.100
USC00295370	1992	1	6	19	0	0.100
USC00295370	1992	1	7	2	0	0.100
USC00295370	1992	1	11	4	0	0.100
USC00295370	1992	1	11	6	0	0.100
USC00295370	1992	1	12	12	0	0.100
USC00295370	1992	1	12	19	0	0.100
USC00295370	1992	1	13	9	0	0.100
USC00295370	1992	1	26	2	0	0.100
USC00295370	1992	1	26	10	0	0.100
USC00295370	1992	2	2	17	0	0.100
USC00295370	1992	2	4	6	0	0.100
USC00295370	1992	2	4	10	0	0.100
USC00295370	1992	2	8	9	0	0.100
USC00295370	1992	2	24	11	0	0.100
USC00295370	1992	2	25	11	0	0.100
USC00295370	1992	3	3	10	0	0.100
USC00295370	1992	3	3	14	0	0.100
USC00295370	1992	3	31	2	0	0.100
USC00295370	1992	4	1	10	0	0.100
USC00295370	1992	4	19	1	0	0.100
USC00295370	1992	4	27	4	0	0.100
USC00295370	1992	5	7	16	0	0.100
USC00295370	1992	5	8	15	0	0.200
USC00295370	1992	5	8	16	0	0.100
USC00295370	1992	5	8	17	0	0.100
USC00295370	1992	5	14	18	0	0.100
USC00295370	1992	5	15	18	0	0.100
USC00295370	1992	5	15	19	0	0.100
USC00295370	1992	5	15	20	0	0.200
USC00295370	1992	5	15	22	0	0.100
USC00295370	1992	5	20	12	0	0.200
USC00295370	1992	5	20	14	0	0.100
USC00295370	1992	5	20	24	0	0.100
USC00295370	1992	5	22	12	0	0.800
USC00295370	1992	5	22	13	0	1.300
USC00295370	1992	5	22	14	0	0.100
USC00295370	1992	5	22	19	0	0.100
USC00295370	1992	5	22	20	0	0.100
USC00295370	1992	5	22	21	0	0.100
USC00295370	1992	5	22	22	0	0.100
USC00295370	1992	5	22	23	0	0.100
USC00295370	1992	5	23	1	0	0.400
USC00295370	1992	5	23	2	0	0.100
USC00295370	1992	5	23	3	0	0.100
USC00295370	1992	5	23	4	0	0.100
USC00295370	1992	5	23	5	0	0.200
USC00295370	1992	5	23	6	0	0.200
USC00295370	1992	5	23	7	0	0.200
USC00295370	1992	5	23	19	0	0.200
USC00295370	1992	5	23	20	0	0.100
USC00295370	1992	5	24	3	0	0.200
USC00295370	1992	5	24	6	0	0.100
USC00295370	1992	5	24	9	0	0.100
USC00295370	1992	5	24	17	0	0.100
USC00295370	1992	5	24	18	0	0.100
USC00295370	1992	5	26	6	0	0.100
USC00295370	1992	5	30	15	0	0.100
USC00295370	1992	5	30	19	0	0.400
USC00295370	1992	5	30	20	0	0.100
USC00295370	1992	5	30	21	0	0.100
USC00295370	1992	6	1	17	0	0.100
USC00295370	1992	6	1	18	0	0.100
USC00295370	1992	6	6	16	0	0.100
USC00295370	1992	6	7	5	0	0.200
USC00295370	1992	6	7	6	0	0.100
USC00295370	1992	6	7	21	0	0.300
USC00295370	1992	6	7	22	0	0.100
USC00295370	1992	6	8	19	0	0.100
USC00295370	1992	6	9	13	0	0.100
USC00295370	1992	6	20	18	0	0.300
USC00295370	1992	6	20	19	0	0.200
USC00295370	1992	6	25	18	0	1.200
USC00295370	1992	7	10	16	0	0.200
USC00295370	1992	7	10	17	0	0.100
USC00295370	1992	7	10	19	0	0.100
USC00295370	1992	7	26	17	0	0.100
USC00295370	1992	7	26	18	0	0.200
USC00295370	1992	7	26	23	0	0.100
USC00295370	1992	7	30	15	0	0.400
USC00295370	1992	7	31	14	0	0.100
USC00295370	1992	8	14	24	0	0.100
USC00295370	1992	8	15	1	0	0.800
USC00295370	1992	8	15	2	0	0.100
USC00295370	1992	8	21	18	0	0.200
USC00295370	1992	8	21	19	0	0.100
USC00295370	1992	8	23	17	0	0.100
USC00295370	1992	8	24	15	0	0.100
USC00295370	1992	9	15	2	0	0.100
USC00295370	1992	10	28	14	0	0.100
USC00295370	1992	11	20	23	0	0.200
USC00295370	1992	11	20	24	0	0.100
USC00295370	1992	11	21	5	0	0.100
USC00295370	1992	11	21	11	0	0.100
USC00295370	1992	12	3	11	0	0.100
USC00295370	1992	12	3	12	0	0.100
USC00295370	1992	12	4	20	0	0.100
USC00295370	1992	12	5	8	0	0.300
USC00295370	1992	12	8	15	0	0.100
USC00295370	1992	12	14	12	0	0.100
USC00295370	1993	1	1	1	0	0.100
USC00295370	1993	1	1	10	0	0.100
USC00295370	1993	1	1	14	0	0.100
USC00295370	1993	1	1	16	0	0.100
USC00295370	1993	1	13	17	0	0.100
USC00295370	1993	1	15	12	0	0.100
USC00295370	1993	1	19	6	0	0.100
USC00295370	1993	1	19	8	0	0.100
USC00295370	1993	1	19	10	0	0.100
USC00295370	1993	1	20	10	0	0.100
USC00295370	1993	1	29	12	0	0.100
USC00295370	1993	2	14	22	0	0.100
USC00295370	1993	2	28	18	0	0.100
USC00295370	1993	2	28	22	0	0.100
USC00295370	1993	2	28	23	0	0.300
USC00295370	1993	3	26	16	0	0.200
USC00295370	1993	4	8	8	0	0.100
USC00295370	1993	4	8	9	0	0.100
USC00295370	1993	4	14	2	0	0.100
USC00295370	1993	4	14	3	0	0.100
USC00295370	1993	4	14	4	0	0.100
USC00295370	1993	4	14	6	0	0.100
USC00295370	1993	4	14	8	0	0.100
USC00295370	1993	5	16	23	0	0.100
USC00295370	1993	5	22	9	0	0.100
USC00295370	1993	6	17	8	0	0.100
USC00295370	1993	6	21	22	0	0.200
USC00295370	1993	6	21	23	0	0.100
USC00295370	1993	6	25	22	0	0.100
USC00295370	1993	7	9	19	0	0.300
USC00295370	1993	7	9	20	0	0.100
USC00295370	1993	7	9	21	0	0.100
USC00295370	1993	7	11	23	0	0.100
USC00295370	1993	7	11	24	0	0.100
USC00295370	1993	7	12	1	0	0.100
USC00295370	1993	7	12	2	0	0.100
USC00295370	1993	7	12	3	0	0.200
USC00295370	1993	7	14	19	0	0.100
USC00295370	1993	7	16	24	0	0.100
USC00295370	1993	7	19	13	0	0.100
USC00295370	1993	7	19	23	0	0.100
USC00295370	1993	7	24	15	0	0.100
USC00295370	1993	8	2	2	0	0.100
USC00295370	1993	8	4	15	0	0.100
USC00295370	1993	8	6	14	0	0.100
USC00295370	1993	8	6	24	0	0.200
USC00295370	1993	8	7	1	0	0.400
USC00295370	1993	8	8	1	0	0.100
USC00295370	1993	8	14	17	0	0.100
USC00295370	1993	8	14	22	0	0.100
USC00295370	1993	8	14	23	0	0.100
USC00295370	1993	8	26	12	0	0.100
USC00295370	1993	8	26	13	0	0.100
USC00295370	1993	8	30	14	0	0.100
USC00295370	1993	9	7	3	0	0.200
USC00295370	1993	9	8	2	0	0.100
USC00295370	1993	9	24	5	0	0.100
USC00295370	1993	10	7	7	0	0.100
USC00295370	1993	10	18	22	0	0.129
USC00295370	1993	10	19	4	0	0.128
USC00295370	1993	10	19	8	0	0.129
USC00295370	1993	10	19	11	0	0.128
USC00295370	1993	10	19	18	0	0.129
USC00295370	1993	10	27	6	0	0.128
USC00295370	1993	10	30	10	0	0.129
USC00295370	1993	11	15	22	0	0.100
USC00295370	1993	11	15	24	0	0.100
USC00295370	1993	11	16	9	0	0.100
USC00295370	1994	1	29	1	0	0.100
USC00295370	1994	1	29	13	0	0.100
USC00295370	1994	3	12	16	0	0.100
USC00295370	1994	3	27	18	0	0.100
USC00295370	1994	4	10	21	0	0.100
USC00295370	1994	4	21	19	0	0.200
USC00295370	1994	4	21	20	0	0.100
USC00295370	1994	4	30	11	0	0.100
USC00295370	1994	5	5	19	0	0.136
USC00295370	1994	5	10	1	0	0.137
USC00295370	1994	5	10	3	0	0.136
USC00295370	1994	5	10	4	0	0.136
USC00295370	1994	5	10	19	0	0.137
USC00295370	1994	5	10	22	0	0.136
USC00295370	1994	5	11	4	0	0.273
USC00295370	1994	5	11	5	0	0.818
USC00295370	1994	5	12	6	0	0.273
USC00295370	1994	5	12	7	0	0.545
USC00295370	1994	5	12	10	0	0.137
USC00295370	1994	5	18	21	0	0.545
USC00295370	1994	5	19	21	0	0.409
USC00295370	1994	5	20	22	0	0.409
USC00295370	1994	5	24	19	0	0.137
USC00295370	1994	5	24	20	0	0.136
USC00295370	1994	6	3	14	0	0.100
USC00295370	1994	6	29	9	0	0.100
USC00295370	1994	7	2	3	0	0.100
USC00295370	1994	7	9	1	0	0.600
USC00295370	1994	7	10	9	0	0.100
USC00295370	1994	7	13	17	0	0.100
USC00295370	1994	7	13	18	0	0.100
USC00295370	1994	7	21	5	0	0.420
USC00295370	1994	7	26	8	0	0.100
USC00295370	1994	7	28	1	0	0.100
USC00295370	1994	7	29	23	0	0.100
USC00295370	1994	7	29	24	0	0.200
USC00295370	1994	7	30	3	0	0.100
USC00295370	1994	9	4	21	0	0.100
USC00295370	1994	9	6	13	0	0.400
USC00295370	1994	9	6	14	0	0.100
USC00295370	1994	9	6	17	0	0.100
USC00295370	1994	9	7	19	0	0.100
USC00295370	1994	9	14	24	0	0.300
USC00295370	1994	9	15	11	0	0.100
USC00295370	1994	9	20	7	0	0.100
USC00295370	1994	10	7	18	0	0.100
USC00295370	1994	10	15	1	0	0.100
USC00295370	1994	10	15	2	0	0.100
USC00295370	1994	10	17	17	0	0.100
USC00295370	1994	10	17	18	0	0.100
USC00295370	1994	11	4	8	0	0.100
USC00295370	1994	11	4	12	0	0.100
USC00295370	1994	11	4	14	0	0.100
USC00295370	1994	11	12	15	0	0.100
USC00295370	1994	11	12	23	0	0.100
USC00295370	1994	11	12	24	0	0.200
USC00295370	1994	11	13	1	0	0.100
USC00295370	1994	11	23	10	0	0.100
USC00295370	1994	11	23	12	0	0.100
USC00295370	1994	11	23	14	0	0.100
USC00295370	1994	12	30	18	0	0.100
USC00295370	1995	1	26	3	0	0.100
USC00295370	1995	1	26	6	0	0.100
USC00295370	1995	2	16	2	0	0.100
USC00295370	1995	2	16	4	0	0.100
USC00295370	1995	2	16	6	0	0.100
USC00295370	1995	2	16	8	0	0.100
USC00295370	1995	3	6	20	0	0.105
USC00295370	1995	5	5	4	0	0.400
USC00295370	1995	5	5	5	0	0.100
USC00295370	1995	5	25	19	0	0.100
USC00295370	1995	5	26	12	0	0.300
USC00295370	1995	5	26	13	0	0.100
USC00295370	1995	5	29	22	0	0.100
USC00295370	1995	6	21	18	0	0.100
USC00295370	1995	6	25	4	0	0.300
USC00295370	1995	6	25	21	0	0.100
USC00295370	1995	6	25	22	0	0.100
USC00295370	1995	6	26	21	0	0.100
USC00295370	1995	6	26	22	0	0.100
USC00295370	1995	6	29	21	0	0.100
USC00295370	1995	6	29	23	0	0.200
USC00295370	1995	6	29	24	0	0.100
USC00295370	1995	7	2	18	0	0.100
USC00295370	1995	7	16	9	0	0.100
USC00295370	1995	8	1	13	0	0.100
USC00295370	1995	8	14	14	0	0.500
USC00295370	1995	8	14	15	0	1.400
USC00295370	1995	8	14	16	0	0.100
USC00295370	1995	8	14	22	0	0.200
USC00295370	1995	8	14	24	0	0.100
USC00295370	1995	8	15	1	0	0.100
USC00295370	1995	8	15	2	0	0.100
USC00295370	1995	9	8	1	0	1.400
USC00295370	1995	9	8	2	0	0.100
USC00295370	1995	9	9	2	0	1.200
USC00295370	1995	9	9	3	0	0.300
USC00295370	1995	9	9	4	0	0.200
USC00295370	1995	9	10	5	0	0.300
USC00295370	1995	9	10	6	0	0.100
USC00295370	1995	9	10	10	0	0.100
USC00295370	1995	9	14	19	0	0.100
USC00295370	1995	9	14	24	0	0.200
USC00295370	1995	9	15	1	0	0.100
USC00295370	1995	9	15	5	0	0.100
USC00295370	1995	9	15	8	0	0.100
USC00295370	1995	9	15	13	0	0.100
USC00295370	1995	9	18	16	0	0.200
USC00295370	1995	9	18	20	0	0.200
USC00295370	1995	9	18	21	0	0.100
USC00295370	1995	9	24	19	0	0.200
USC00295370	1995	9	24	22	0	0.100
USC00295370	1995	9	28	18	0	0.200
USC00295370	1995	10	2	2	0	0.500
USC00295370	1995	12	7	20	0	0.100
USC00295370	1995	12	22	23	0	0.100
USC00295370	1995	12	31	19	0	0.100
USC00295370	1996	1	1	8	0	0.111
USC00295370	1996	1	1	10	0	0.221
USC00295370	1996	4	4	7	0	0.100
USC00295370	1996	4	4	16	0	0.400
USC00295370	1996	5	30	12	0	0.100
USC00295370	1996	6	2	20	0	0.100
USC00295370	1996	6	2	24	0	0.100
USC00295370	1996	6	3	1	0	0.100
USC00295370	1996	6	11	19	0	0.100
USC00295370	1996	6	11	22	0	0.400
USC00295370	1996	6	13	18	0	0.100
USC00295370	1996	6	13	19	0	0.100
USC00295370	1996	6	13	20	0	0.100
USC00295370	1996	6	13	24	0	0.100
USC00295370	1996	6	14	2	0	0.100
USC00295370	1996	6	22	23	0	0.200
USC00295370	1996	6	23	3	0	0.100
USC00295370	1996	6	25	17	0	0.100
USC00295370	1996	6	26	1	0	0.100
USC00295370	1996	6	27	8	0	0.100
USC00295370	1996	6	27	11	0	0.600
USC00295370	1996	6	27	18	0	0.100
USC00295370	1996	6	30	11	0	0.100
USC00295370	1996	7	2	20	0	0.100
USC00295370	1996	7	3	4	0	0.600
USC00295370	1996	7	3	5	0	0.100
USC00295370	1996	7	9	20	0	0.100
USC00295370	1996	7	9	24	0	0.100
USC00295370	1996	7	10	2	0	0.100
USC00295370	1996	7	10	6	0	0.100
USC00295370	1996	7	13	13	0	0.100
USC00295370	1996	7	13	15	0	0.100
USC00295370	1996	7	14	15	0	0.100
USC00295370	1996	7	20	16	0	0.200
USC00295370	1996	7	24	18	0	0.100
USC00295370	1996	7	30	7	0	0.100
USC00295370	1996	8	4	9	0	0.100
USC00295370	1996	8	9	3	0	0.100
USC00295370	1996	8	9	12	0	0.100
USC00295370	1996	8	9	13	0	0.100
USC00295370	1996	8	9	14	0	0.100
USC00295370	1996	8	16	22	0	0.100
USC00295370	1996	8	16	23	0	0.200
USC00295370	1996	8	16	24	0	0.200
USC00295370	1996	8	17	1	0	0.200
USC00295370	1996	8	17	2	0	0.100
USC00295370	1996	8	17	8	0	0.100
USC00295370	1996	8	23	23	0	0.100
USC00295370	1996	8	24	1	0	0.100
USC00295370	1996	8	24	4	0	0.100
USC00295370	1996	8	24	9	0	0.300
USC00295370	1996	8	24	10	0	0.100
USC00295370	1996	8	24	13	0	0.100
USC00295370	1996	8	24	15	0	0.100
USC00295370	1996	8	24	16	0	0.100
USC00295370	1996	8	25	10	0	0.100
USC00295370	1996	8	25	15	0	0.100
USC00295370	1996	8	26	8	0	0.100
USC00295370	1996	8	26	9	0	0.400
USC00295370	1996	8	26	10	0	0.100
USC00295370	1996	8	26	11	0	0.300
USC00295370	1996	8	26	12	0	0.100
USC00295370	1996	8	27	15	0	0.100
USC00295370	1996	8	27	19	0	0.200
USC00295370	1996	8	27	20	0	0.600
USC00295370	1996	8	30	24	0	0.100
USC00295370	1996	8	31	2	0	0.500
USC00295370	1996	8	31	3	0	0.200
USC00295370	1996	9	7	16	0	0.100
USC00295370	1996	9	7	17	0	0.100
USC00295370	1996	9	11	17	0	0.100
USC00295370	1996	9	11	19	0	0.100
USC00295370	1996	9	11	22	0	0.100
USC00295370	1996	9	11	24	0	0.100
USC00295370	1996	9	12	7	0	0.100
USC00295370	1996	9	12	8	0	0.100
USC00295370	1996	9	12	9	0	0.100
USC00295370	1996	9	12	12	0	0.100
USC00295370	1996	9	12	13	0	0.100
USC00295370	1996	9	12	14	0	0.100
USC00295370	1996	9	12	15	0	0.100
USC00295370	1996	9	14	9	0	0.200
USC00295370	1996	9	14	11	0	0.100
USC00295370	1996	11	28	10	0	0.100
USC00295370	1996	11	28	11	0	0.100
USC00295370	1996	11	28	21	0	0.100
USC00295370	1996	11	28	22	0	0.100
USC00295370	1996	11	29	24	0	0.100
USC00295370	1997	1	6	8	0	0.100
USC00295370	1997	1	6	21	0	0.100
USC00295370	1997	1	8	9	0	0.100
USC00295370	1997	2	7	2	0	0.100
USC00295370	1997	2	11	24	0	0.100
USC00295370	1997	2	12	2	0	0.100
USC00295370	1997	2	12	4	0	0.200
USC00295370	1997	2	12	5	0	0.100
USC00295370	1997	2	12	11	0	0.100
USC00295370	1997	2	13	12	0	0.100
USC00295370	1997	2	13	13	0	0.100
USC00295370	1997	2	14	10	0	0.100
USC00295370	1997	2	20	11	0	0.111
USC00295370	1997	2	20	24	0	0.100
USC00295370	1997	2	25	8	0	0.100
USC00295370	1997	4	3	8	0	0.200
USC00295370	1997	4	3	23	0	0.100
USC00295370	1997	4	15	1	0	0.100
USC00295370	1997	4	21	15	0	0.200
USC00295370	1997	4	21	18	0	0.100
USC00295370	1997	4	21	19	0	0.100
USC00295370	1997	4	21	23	0	0.100
USC00295370	1997	4	22	21	0	0.100
USC00295370	1997	4	22	23	0	0.100
USC00295370	1997	4	23	2	0	0.100
USC00295370	1997	4	23	8	0	0.100
USC00295370	1997	4	25	19	0	0.111
USC00295370	1997	4	26	3	0	0.111
USC00295370	1997	4	26	4	0	0.111
USC00295370	1997	4	26	8	0	0.111
USC00295370	1997	4	26	20	0	0.111
USC00295370	1997	5	6	16	0	0.100
USC00295370	1997	5	8	21	0	0.200
USC00295370	1997	5	9	12	0	0.100
USC00295370	1997	5	11	6	0	0.100
USC00295370	1997	5	21	12	0	0.100
USC00295370	1997	5	21	23	0	0.100
USC00295370	1997	5	31	3	0	1.300
USC00295370	1997	5	31	4	0	0.100
USC00295370	1997	6	8	1	0	0.100
USC00295370	1997	6	11	13	0	0.100
USC00295370	1997	6	11	17	0	0.200
USC00295370	1997	6	11	18	0	0.100
USC00295370	1997	6	14	14	0	0.100
USC00295370	1997	6	26	7	0	0.100
USC00295370	1997	6	26	23	0	0.200
USC00295370	1997	6	26	24	0	0.300
USC00295370	1997	6	27	1	0	0.200
USC00295370	1997	6	27	2	0	0.200
USC00295370	1997	6	27	3	0	0.100
USC00295370	1997	7	3	23	0	0.100
USC00295370	1997	7	5	21	0	0.100
USC00295370	1997	7	6	2	0	0.200
USC00295370	1997	7	8	18	0	0.100
USC00295370	1997	7	24	12	0	0.100
USC00295370	1997	7	28	23	0	0.100
USC00295370	1997	8	4	13	0	0.100
USC00295370	1997	8	12	13	0	0.700
USC00295370	1997	8	12	14	0	0.200
USC00295370	1997	8	12	18	0	0.600
USC00295370	1997	8	12	19	0	0.200
USC00295370	1997	8	12	21	0	0.100
USC00295370	1997	8	13	1	0	0.100
USC00295370	1997	8	14	1	0	0.200
USC00295370	1997	8	14	7	0	0.100
USC00295370	1997	9	3	16	0	0.100
USC00295370	1997	9	4	14	0	0.100
USC00295370	1997	9	9	14	0	0.200
USC00295370	1997	9	9	15	0	0.100
USC00295370	1997	9	9	22	0	0.100
USC00295370	1997	9	9	23	0	0.100
USC00295370	1997	9	9	24	0	0.100
USC00295370	1997	9	10	2	0	0.100
USC00295370	1997	9	10	11	0	0.100
USC00295370	1997	9	14	17	0	0.600
USC00295370	1997	9	21	16	0	0.100
USC00295370	1997	9	21	19	0	0.100
USC00295370	1997	9	21	20	0	0.200
USC00295370	1997	9	21	21	0	0.100
USC00295370	1997	9	21	22	0	0.200
USC00295370	1997	9	21	23	0	0.100
USC00295370	1997	9	21	24	0	0.200
USC00295370	1997	9	22	1	0	0.200
USC00295370	1997	9	22	2	0	0.500
USC00295370	1997	9	22	3	0	0.200
USC00295370	1997	9	22	4	0	0.300
USC00295370	1997	9	22	6	0	0.100
USC00295370	1997	9	22	7	0	0.100
USC00295370	1997	10	6	21	0	0.300
USC00295370	1997	10	6	22	0	0.200
USC00295370	1997	10	6	23	0	0.100
USC00295370	1997	10	7	11	0	0.100
USC00295370	1997	10	7	17	0	0.200
USC00295370	1997	10	7	22	0	0.700
USC00295370	1997	10	7	23	0	0.200
USC00295370	1997	10	7	24	0	0.100
USC00295370	1997	10	11	13	0	0.111
USC00295370	1997	10	13	9	0	0.100
USC00295370	1997	10	22	22	0	0.300
USC00295370	1997	10	22	23	0	0.400
USC00295370	1997	10	22	24	0	0.200
USC00295370	1997	11	11	21	0	0.100
USC00295370	1997	11	12	19	0	0.100
USC00295370	1997	11	13	7	0	0.100
USC00295370	1997	11	18	9	0	0.100
USC00295370	1997	12	1	3	0	0.100
USC00295370	1997	12	7	1	0	0.100
USC00295370	1997	12	7	2	0	0.100
USC00295370	1997	12	7	3	0	0.100
USC00295370	1997	12	19	18	0	0.100
USC00295370	1997	12	19	19	0	0.200
USC00295370	1997	12	19	20	0	0.100
USC00295370	1997	12	19	21	0	0.100
USC00295370	1997	12	19	22	0	0.200
USC00295370	1997	12	19	23	0	0.100
USC00295370	1997	12	20	21	0	0.100
USC00295370	1997	12	22	8	0	0.100
USC00295370	1997	12	22	9	0	0.200
USC00295370	1997	12	22	10	0	0.100
USC00295370	1997	12	22	11	0	0.100
USC00295370	1997	12	22	12	0	0.100
USC00295370	1997	12	25	6	0	0.100
USC00295370	1997	12	25	14	0	0.100
USC00295370	1997	12	26	10	0	0.100
USC00295370	1998	1	7	11	0	0.100
USC00295370	1998	2	15	13	0	0.100
USC00295370	1998	3	15	3	0	0.100
USC00295370	1998	3	16	9	0	0.100
USC00295370	1998	3	16	10	0	0.100
USC00295370	1998	3	16	13	0	0.100
USC00295370	1998	3	17	16	0	0.200
USC00295370	1998	4	17	18	0	0.100
USC00295370	1998	4	18	7	0	0.100
USC00295370	1998	5	19	20	0	0.100
USC00295370	1998	6	10	17	0	0.100
USC00295370	1998	7	15	19	0	0.400
USC00295370	1998	7	15	21	0	0.100
USC00295370	1998	7	24	7	0	0.100
USC00295370	1998	7	26	15	0	0.100
USC00295370	1998	7	30	16	0	0.200
USC00295370	1998	7	31	16	0	0.200
USC00295370	1998	8	5	4	0	0.100
USC00295370	1998	8	12	10	0	0.100
USC00295370	1998	8	12	22	0	0.100
USC00295370	1998	8	12	23	0	0.200
USC00295370	1998	8	12	24	0	0.200
USC00295370	1998	8	13	1	0	0.100
USC00295370	1998	8	13	2	0	0.100
USC00295370	1998	8	19	18	0	0.500
USC00295370	1998	8	19	21	0	0.800
USC00295370	1998	8	19	22	0	0.300
USC00295370	1998	8	20	12	0	0.200
USC00295370	1998	8	20	13	0	0.100
USC00295370	1998	8	28	6	0	0.200
USC00295370	1998	8	28	7	0	0.700
USC00295370	1998	8	28	8	0	0.800
USC00295370	1998	9	9	22	0	0.100
USC00295370	1998	9	9	24	0	0.100
USC00295370	1998	9	10	2	0	0.100
USC00295370	1998	9	10	3	0	0.200
USC00295370	1998	9	14	24	0	0.200
USC00295370	1998	9	15	1	0	0.300
USC00295370	1998	9	15	2	0	0.100
USC00295370	1998	9	15	3	0	0.100
USC00295370	1998	9	15	4	0	0.100
USC00295370	1998	9	27	15	0	0.100
USC00295370	1998	10	1	21	0	0.100
USC00295370	1998	10	20	3	0	0.100
USC00295370	1998	10	20	6	0	0.100
USC00295370	1998	10	20	8	0	0.100
USC00295370	1998	10	20	11	0	0.100
USC00295370	1998	10	20	18	0	0.100
USC00295370	1998	10	20	21	0	0.100
USC00295370	1998	10	21	1	0	0.100
USC00295370	1998	10	26	7	0	0.100
USC00295370	1998	10	26	8	0	0.200
USC00295370	1998	10	26	9	0	0.200
USC00295370	1998	10	26	13	0	0.100
USC00295370	1998	10	26	20	0	0.100
USC00295370	1998	10	26	22	0	0.100
USC00295370	1998	10	27	1	0	0.100
USC00295370	1998	10	31	2	0	0.300
USC00295370	1998	10	31	5	0	0.200
USC00295370	1998	10	31	8	0	0.200
USC00295370	1998	10	31	10	0	0.100
USC00295370	1998	10	31	11	0	0.200
USC00295370	1998	11	29	8	0	0.100
USC00295370	1998	11	29	10	0	0.100
USC00295370	1998	12	3	1	0	0.100
USC00295370	1998	12	3	2	0	0.100
USC00295370	1998	12	3	3	0	0.100
USC00295370	1998	12	18	3	0	0.100
USC00295370	1999	1	21	13	0	0.100
USC00295370	1999	1	28	20	0	0.200
USC00295370	1999	1	28	22	0	0.100
USC00295370	1999	1	29	3	0	0.100
USC00295370	1999	1	29	9	0	0.100
USC00295370	1999	1	29	15	0	0.100
USC00295370	1999	1	30	14	0	0.100
USC00295370	1999	2	1	8	0	0.103
USC00295370	1999	2	1	14	0	0.103
USC00295370	1999	2	2	4	0	0.103
USC00295370	1999	3	7	23	0	0.100
USC00295370	1999	3	12	9	0	0.100
USC00295370	1999	3	13	2	0	0.100
USC00295370	1999	3	17	19	0	0.200
USC00295370	1999	3	17	20	0	0.100
USC00295370	1999	3	17	21	0	0.200
USC00295370	1999	3	17	22	0	0.100
USC00295370	1999	3	17	23	0	0.100
USC00295370	1999	3	18	12	0	0.100
USC00295370	1999	3	21	11	0	0.100
USC00295370	1999	3	23	3	0	0.100
USC00295370	1999	3	23	9	0	0.100
USC00295370	1999	3	26	21	0	0.100
USC00295370	1999	3	26	22	0	0.100
USC00295370	1999	3	26	23	0	0.200
USC00295370	1999	3	26	24	0	0.100
USC00295370	1999	3	28	15	0	0.100
USC00295370	1999	4	24	22	0	0.300
USC00295370	1999	4	25	9	0	0.100
USC00295370	1999	5	1	4	0	0.100
USC00295370	1999	5	1	6	0	0.200
USC00295370	1999	5	1	9	0	0.100
USC00295370	1999	5	1	11	0	0.100
USC00295370	1999	5	22	22	0	0.100
USC00295370	1999	5	23	17	0	0.800
USC00295370	1999	5	23	18	0	0.200
USC00295370	1999	5	24	6	0	0.100
USC00295370	1999	5	24	20	0	1.300
USC00295370	1999	5	26	16	0	0.200
USC00295370	1999	5	28	22	0	0.400
USC00295370	1999	5	28	23	0	0.400
USC00295370	1999	5	28	24	0	0.200
USC00295370	1999	5	29	2	0	0.100
USC00295370	1999	6	7	17	0	0.500
USC00295370	1999	6	7	18	0	0.200
USC00295370	1999	6	13	20	0	0.500
USC00295370	1999	6	13	21	0	0.100
USC00295370	1999	6	18	3	0	0.700
USC00295370	1999	6	18	4	0	0.300
USC00295370	1999	6	18	5	0	0.200
USC00295370	1999	6	18	17	0	0.100
USC00295370	1999	6	24	15	0	1.300
USC00295370	1999	6	24	16	0	1.000
USC00295370	1999	6	25	2	0	0.100
USC00295370	1999	6	25	6	0	0.200
USC00295370	1999	6	25	7	0	0.800
USC00295370	1999	6	26	23	0	0.100
USC00295370	1999	7	9	24	0	0.100
USC00295370	1999	7	10	2	0	0.100
USC00295370	1999	7	10	3	0	0.100
USC00295370	1999	7	10	8	0	0.100
USC00295370	1999	7	10	9	0	0.100
USC00295370	1999	8	2	16	0	0.103
USC00295370	1999	8	2	21	0	0.103
USC00295370	1999	8	5	11	0	0.411
USC00295370	1999	8	23	13	0	0.100
USC00295370	1999	9	14	11	0	0.100
USC00295370	1999	9	14	22	0	0.500
USC00295370	1999	9	16	18	0	0.100
USC00295370	1999	9	16	20	0	0.100
USC00295370	1999	10	17	6	0	0.100
USC00295370	1999	10	17	10	0	0.100
USC00295370	1999	10	17	14	0	0.100
USC00295370	1999	12	4	7	0	0.103
USC00295370	1999	12	4	12	0	0.103
USC00295370	2000	3	21	23	0	0.100
USC00295370	2000	3	22	0	0	0.100
USC00295370	2000	3	22	1	0	0.100
USC00295370	2000	3	22	22	0	0.100
USC00295370	2000	3	22	23	0	0.100
USC00295370	2000	3	23	0	0	0.200
USC00295370	2000	3	23	1	0	0.100
USC00295370	2000	3	23	2	0	0.100
USC00295370	2000	3	23	3	0	0.100
USC00295370	2000	5	31	15	0	0.400
USC00295370	2000	6	2	0	0	0.200
USC00295370	2000	6	2	2	0	0.100
USC00295370	2000	6	2	4	0	0.100
USC00295370	2000	6	2	5	0	0.100
USC00295370	2000	6	18	2	0	0.200
USC00295370	2000	6	18	8	0	0.100
USC00295370	2000	6	19	22	0	0.300
USC00295370	2000	6	19	23	0	0.100
USC00295370	2000	6	20	1	0	0.100
USC00295370	2000	6	20	22	0	0.400
USC00295370	2000	6	22	18	0	0.500
USC00295370	2000	6	22	19	0	0.300
USC00295370	2000	6	28	18	0	0.200
USC00295370	2000	6	28	19	0	0.500
USC00295370	2000	6	28	20	0	0.100
USC00295370	2000	6	28	22	0	0.100
USC00295370	2000	6	28	23	0	0.200
USC00295370	2000	6	30	7	0	0.100
USC00295370	2000	7	1	6	0	0.100
USC00295370	2000	7	8	12	0	0.400
USC00295370	2000	7	8	15	0	0.100
USC00295370	2000	7	13	4	0	0.800
USC00295370	2000	7	26	13	0	0.100
USC00295370	2000	8	3	23	0	0.100
USC00295370	2000	8	30	23	0	0.100
USC00295370	2000	8	31	1	0	0.100
USC00295370	2000	8	31	2	0	0.100
USC00295370	2000	8	31	3	0	0.100
USC00295370	2000	8	31	4	0	0.100
USC00295370	2000	10	9	12	0	0.100
USC00295370	2000	10	9	15	0	0.100
USC00295370	2000	10	10	4	0	0.100
USC00295370	2000	10	11	24	0	0.100
USC00295370	2000	10	14	2	0	0.100
USC00295370	2000	10	15	5	0	0.100
USC00295370	2000	10	15	6	0	0.100
USC00295370	2000	10	15	7	0	0.100
USC00295370	2000	10	15	16	0	0.300
USC00295370	2000	10	16	16	0	0.700
USC00295370	2000	10	21	17	0	0.300
USC00295370	2000	10	21	18	0	0.200
USC00295370	2000	10	21	19	0	0.100
USC00295370	2000	10	21	23	0	0.200
USC00295370	2000	10	22	6	0	0.100
USC00295370	2000	10	23	7	0	0.200
USC00295370	2000	10	24	13	0	0.100
USC00295370	2000	11	3	5	0	0.111
USC00295370	2000	11	3	23	0	0.221
USC00295370	2000	11	4	2	0	0.111
USC00295370	2000	11	4	4	0	0.111
USC00295370	2000	11	4	12	0	0.111
USC00295370	2000	11	7	6	0	0.221
USC00295370	2000	11	7	9	0	0.111
USC00295370	2000	11	7	12	0	0.111
USC00295370	2000	11	11	11	0	0.111
USC00295370	2001	1	3	7	0	0.103
USC00295370	2001	1	10	1	0	0.103
USC00295370	2001	1	10	2	0	0.103
USC00295370	2001	1	27	20	0	0.103
USC00295370	2001	1	27	22	0	0.103
USC00295370	2001	1	28	6	0	0.103
USC00295370	2001	1	28	8	0	0.103
USC00295370	2001	1	28	10	0	0.103
USC00295370	2001	1	29	6	0	0.103
USC00295370	2001	3	2	3	0	0.111
USC00295370	2001	3	2	9	0	0.111
USC00295370	2001	3	5	14	0	0.111
USC00295370	2001	3	7	21	0	0.111
USC00295370	2001	3	7	23	0	0.553
USC00295370	2001	3	17	18	0	0.111
USC00295370	2001	3	17	21	0	0.111
USC00295370	2001	3	29	23	0	0.111
USC00295370	2001	5	9	23	0	1.028
USC00295370	2001	5	9	24	0	0.103
USC00295370	2001	5	11	21	0	0.103
USC00295370	2001	5	11	22	0	0.411
USC00295370	2001	5	11	23	0	0.206
USC00295370	2001	5	11	24	0	0.103
USC00295370	2001	5	12	16	0	0.103
USC00295370	2001	5	16	10	0	0.103
USC00295370	2001	5	25	23	0	0.103
USC00295370	2001	5	25	24	0	0.411
USC00295370	2001	5	29	13	0	0.103
USC00295370	2001	6	23	18	0	0.514
USC00295370	2001	6	23	19	0	0.206
USC00295370	2001	6	23	20	0	0.617
USC00295370	2001	6	27	13	0	0.103
USC00295370	2001	6	28	14	0	0.103
USC00295370	2001	6	30	16	0	0.103
USC00295370	2001	7	5	23	0	0.103
USC00295370	2001	7	15	7	0	0.103
USC00295370	2001	7	16	9	0	0.103
USC00295370	2001	7	16	21	0	0.103
USC00295370	2001	7	19	3	0	0.206
USC00295370	2001	7	19	7	0	0.308
USC00295370	2001	7	19	8	0	0.411
USC00295370	2001	7	19	9	0	0.103
USC00295370	2001	7	19	10	0	0.103
USC00295370	2001	7	27	13	0	0.103
USC00295370	2001	8	14	22	0	0.121
USC00295370	2001	8	16	13	0	0.121
USC00295370	2001	9	16	1	0	0.111
USC00295370	2001	9	16	2	0	0.221
USC00295370	2001	9	17	14	0	0.111
USC00295370	2001	9	22	4	0	0.221
USC00295370	2001	9	22	5	0	0.111
USC00295370	2001	10	11	5	0	0.103
USC00295370	2001	10	12	19	0	0.103
USC00295370	2001	10	13	9	0	0.103
USC00295370	2001	11	4	15	0	0.103
USC00295370	2001	11	15	8	0	0.103
USC00295370	2001	11	15	12	0	0.206
USC00295370	2001	11	15	13	0	0.206
USC00295370	2001	11	16	11	0	0.103
USC00295370	2001	11	16	24	0	0.103
USC00295370	2001	11	28	8	0	0.103
USC00295370	2002	1	1	22	0	0.103
USC00295370	2002	1	30	20	0	0.103
USC00295370	2002	1	30	21	0	0.103
USC00295370	2002	1	30	22	0	0.103
USC00295370	2002	2	4	9	0	0.103
USC00295370	2002	2	4	23	0	0.103
USC00295370	2002	2	5	1	0	0.103
USC00295370	2002	2	5	3	0	0.103
USC00295370	2002	3	19	11	0	0.103
USC00295370	2002	3	19	12	0	0.206
USC00295370	2002	3	19	18	0	0.206
USC00295370	2002	3	19	19	0	0.103
USC00295370	2002	3	19	20	0	0.103
USC00295370	2002	3	19	21	0	0.308
USC00295370	2002	3	19	22	0	0.308
USC00295370	2002	3	19	23	0	0.103
USC00295370	2002	3	19	24	0	0.206
USC00295370	2002	3	20	1	0	0.103
USC00295370	2002	3	29	15	0	0.103
USC00295370	2002	3	29	24	0	0.103
USC00295370	2002	3	30	2	0	0.103
USC00295370	2002	3	30	3	0	0.308
USC00295370	2002	3	30	5	0	0.206
USC00295370	2002	3	30	6	0	0.103
USC00295370	2002	3	30	11	0	0.103
USC00295370	2002	4	25	12	0	0.103
USC00295370	2002	4	25	13	0	0.103
USC00295370	2002	4	26	5	0	0.103
USC00295370	2002	6	14	3	0	0.200
USC00295370	2002	6	14	4	0	0.200
USC00295370	2002	6	14	5	0	0.200
USC00295370	2002	6	15	5	0	0.100
USC00295370	2002	6	15	7	0	0.100
USC00295370	2002	7	4	4	0	0.103
USC00295370	2002	7	5	2	0	0.411
USC00295370	2002	7	5	3	0	0.103
USC00295370	2002	7	6	18	0	0.411
USC00295370	2002	7	7	20	0	0.103
USC00295370	2002	7	7	21	0	0.308
USC00295370	2002	7	7	22	0	0.206
USC00295370	2002	7	8	7	0	0.206
USC00295370	2002	8	10	14	0	0.100
USC00295370	2002	8	19	20	0	0.100
USC00295370	2002	8	20	5	0	0.100
USC00295370	2002	8	30	16	0	0.100
USC00295370	2002	9	12	14	0	0.100
USC00295370	2002	9	13	1	0	0.200
USC00295370	2002	9	13	2	0	0.300
USC00295370	2002	9	13	8	0	0.100
USC00295370	2002	9	13	17	0	0.100
USC00295370	2002	9	17	13	0	0.100
USC00295370	2002	9	18	23	0	0.100
USC00295370	2002	10	1	9	0	0.100
USC00295370	2002	10	7	9	0	0.100
USC00295370	2002	10	13	20	0	0.100
USC00295370	2002	10	18	14	0	0.200
USC00295370	2002	10	21	9	0	0.100
USC00295370	2002	10	24	2	0	0.100
USC00295370	2002	10	24	4	0	0.200
USC00295370	2002	10	26	22	0	0.100
USC00295370	2002	10	27	9	0	0.100
USC00295370	2002	10	27	18	0	0.100
USC00295370	2002	10	28	7	0	0.100
USC00295370	2002	10	28	8	0	0.100
USC00295370	2002	11	2	8	0	0.100
USC00295370	2002	12	3	23	0	0.103
USC00295370	2002	12	3	24	0	0.103
USC00295370	2002	12	4	1	0	0.103
USC00295370	2002	12	4	2	0	0.103
USC00295370	2002	12	4	3	0	0.103
USC00295370	2002	12	4	5	0	0.103
USC00295370	2002	12	4	7	0	0.103
USC00295370	2002	12	4	8	0	0.103
USC00295370	2002	12	4	11	0	0.103
USC00295370	2002	12	8	16	0	0.103
USC00295370	2002	12	23	2	0	0.103
USC00295370	2003	2	20	5	0	0.100
USC00295370	2003	2	20	6	0	0.100
USC00295370	2003	2	20	7	0	0.100
USC00295370	2003	2	20	9	0	0.100
USC00295370	2003	2	20	10	0	0.100
USC00295370	2003	2	21	4	0	0.100
USC00295370	2003	3	14	20	0	0.100
USC00295370	2003	3	20	13	0	0.100
USC00295370	2003	5	13	23	0	0.200
USC00295370	2003	5	19	24	0	0.300
USC00295370	2003	5	20	1	0	0.100
USC00295370	2003	5	20	14	0	0.100
USC00295370	2003	5	25	18	0	0.300
USC00295370	2003	5	25	19	0	0.100
USC00295370	2003	5	25	20	0	0.200
USC00295370	2003	5	25	21	0	0.100
USC00295370	2003	5	26	11	0	0.100
USC00295370	2003	6	9	20	0	0.200
USC00295370	2003	6	14	18	0	0.100
USC00295370	2003	6	17	6	0	0.100
USC00295370	2003	6	17	9	0	0.100
USC00295370	2003	6	17	16	0	0.100
USC00295370	2003	6	17	17	0	0.100
USC00295370	2003	6	17	19	0	0.100
USC00295370	2003	6	29	22	0	0.300
USC00295370	2003	6	29	23	0	0.100
USC00295370	2003	6	30	12	0	0.100
USC00295370	2003	7	22	8	0	0.100
USC00295370	2003	7	23	21	0	1.100
USC00295370	2003	7	23	22	0	0.100
USC00295370	2003	7	23	23	0	0.100
USC00295370	2003	8	13	3	0	0.100
USC00295370	2003	8	13	4	0	0.100
USC00295370	2003	8	24	15	0	0.200
USC00295370	2003	8	29	17	0	0.300
USC00295370	2003	8	29	18	0	0.100
USC00295370	2003	10	3	21	0	0.100
USC00295370	2003	10	3	22	0	0.200
USC00295370	2003	10	7	3	0	0.600
USC00295370	2003	10	8	9	0	0.100
USC00295370	2003	10	12	13	0	0.100
USC00295370	2003	11	7	10	0	0.103
USC00295370	2003	11	14	1	0	0.103
USC00295370	2003	11	14	2	0	0.103
USC00295370	2004	1	16	12	0	0.100
USC00295370	2004	1	17	13	0	0.100
USC00295370	2004	1	17	17	0	0.100
USC00295370	2004	2	12	1	0	0.100
USC00295370	2004	2	12	3	0	0.100
USC00295370	2004	2	14	10	0	0.100
USC00295370	2004	2	23	21	0	0.200
USC00295370	2004	2	23	22	0	0.100
USC00295370	2004	2	23	24	0	0.100
USC00295370	2004	2	24	7	0	0.100
USC00295370	2004	2	24	8	0	0.100
USC00295370	2004	2	24	9	0	0.100
USC00295370	2004	2	24	14	0	0.100
USC00295370	2004	2	28	20	0	0.100
USC00295370	2004	2	28	21	0	0.100
USC00295370	2004	2	28	23	0	0.100
USC00295370	2004	2	29	9	0	0.100
USC00295370	2004	3	3	22	0	0.800
USC00295370	2004	3	3	23	0	0.100
USC00295370	2004	3	3	24	0	0.100
USC00295370	2004	3	4	2	0	0.100
USC00295370	2004	3	4	16	0	0.103
USC00295370	2004	3	4	23	0	0.206
USC00295370	2004	3	11	24	0	0.103
USC00295370	2004	3	12	2	0	0.103
USC00295370	2004	3	12	3	0	0.103
USC00295370	2004	3	12	7	0	0.103
USC00295370	2004	3	12	12	0	0.103
USC00295370	2004	3	12	16	0	0.103
USC00295370	2004	3	12	17	0	0.103
USC00295370	2004	3	12	18	0	0.103
USC00295370	2004	3	12	21	0	0.103
USC00295370	2004	3	12	23	0	0.103
USC00295370	2004	4	2	24	0	0.300
USC00295370	2004	4	3	2	0	0.300
USC00295370	2004	4	3	13	0	0.100
USC00295370	2004	4	3	22	0	0.100
USC00295370	2004	4	3	24	0	0.200
USC00295370	2004	4	4	1	0	0.300
USC00295370	2004	4	4	2	0	0.300
USC00295370	2004	4	4	4	0	0.200
USC00295370	2004	4	4	6	0	0.100
USC00295370	2004	4	4	7	0	0.200
USC00295370	2004	4	4	8	0	0.200
USC00295370	2004	4	4	10	0	0.100
USC00295370	2004	4	5	3	0	0.200
USC00295370	2004	4	5	4	0	0.200
USC00295370	2004	4	5	5	0	0.100
USC00295370	2004	4	5	7	0	0.100
USC00295370	2004	4	5	8	0	0.200
USC00295370	2004	4	5	9	0	0.100
USC00295370	2004	4	11	5	0	0.100
USC00295370	2004	5	3	11	0	0.100
USC00295370	2004	5	7	14	0	0.100
USC00295370	2004	5	26	12	0	0.100
USC00295370	2004	5	26	13	0	0.200
USC00295370	2004	6	24	16	0	0.500
USC00295370	2004	6	24	17	0	0.100
USC00295370	2004	6	24	18	0	0.100
USC00295370	2004	6	26	24	0	0.200
USC00295370	2004	6	27	1	0	0.100
USC00295370	2004	6	28	1	0	0.100
USC00295370	2004	6	28	2	0	0.100
USC00295370	2004	6	29	7	0	0.100
USC00295370	2004	6	29	9	0	0.100
USC00295370	2004	7	10	19	0	0.400
USC00295370	2004	7	10	20	0	0.100
USC00295370	2004	7	20	24	0	0.700
USC00295370	2004	7	21	2	0	0.100
USC00295370	2004	7	24	5	0	0.100
USC00295370	2004	7	24	10	0	0.500
USC00295370	2004	7	24	11	0	0.300
USC00295370	2004	7	24	14	0	1.000
USC00295370	2004	7	24	15	0	0.200
USC00295370	2004	7	25	3	0	0.100
USC00295370	2004	7	25	13	0	0.100
USC00295370	2004	7	27	12	0	0.100
USC00295370	2004	7	28	17	0	0.100
USC00295370	2004	8	4	22	0	0.100
USC00295370	2004	8	10	21	0	0.100
USC00295370	2004	8	10	22	0	0.400
USC00295370	2004	8	10	23	0	0.100
USC00295370	2004	8	11	23	0	0.300
USC00295370	2004	8	12	13	0	0.100
USC00295370	2004	8	12	21	0	0.100
USC00295370	2004	8	12	22	0	0.100
USC00295370	2004	8	15	18	0	0.100
USC00295370	2004	9	1	12	0	0.100
USC00295370	2004	9	4	18	0	0.100
USC00295370	2004	9	19	17	0	0.300
USC00295370	2004	9	19	24	0	0.100
USC00295370	2004	9	25	1	0	0.400
USC00295370	2004	9	25	2	0	0.500
USC00295370	2004	9	25	3	0	0.100
USC00295370	2004	9	25	8	0	0.100
USC00295370	2004	9	25	24	0	0.100
USC00295370	2004	9	26	2	0	0.200
USC00295370	2004	9	26	3	0	0.100
USC00295370	2004	9	26	4	0	0.100
USC00295370	2004	9	26	5	0	0.200
USC00295370	2004	9	26	6	0	0.100
USC00295370	2004	9	26	7	0	0.100
USC00295370	2004	9	26	9	0	0.100
USC00295370	2004	9	26	10	0	0.100
USC00295370	2004	9	26	11	0	0.200
USC00295370	2004	9	26	12	0	0.200
USC00295370	2004	9	26	13	0	0.100
USC00295370	2004	9	26	14	0	0.100
USC00295370	2004	9	26	15	0	0.100
USC00295370	2004	9	26	18	0	0.100
USC00295370	2004	9	26	24	0	0.300
USC00295370	2004	9	27	1	0	0.100
USC00295370	2004	9	27	12	0	0.100
USC00295370	2004	9	28	14	0	0.100
USC00295370	2004	9	29	23	0	0.400
USC00295370	2004	9	29	24	0	0.100
USC00295370	2004	9	30	1	0	0.100
USC00295370	2004	10	4	17	0	0.400
USC00295370	2004	10	5	8	0	0.100
USC00295370	2004	10	5	20	0	1.200
USC00295370	2004	10	5	22	0	0.100
USC00295370	2004	10	5	24	0	0.100
USC00295370	2004	11	1	17	0	0.103
USC00295370	2004	11	1	18	0	0.103
USC00295370	2004	11	1	19	0	0.103
USC00295370	2004	11	2	10	0	0.103
USC00295370	2004	11	4	10	0	0.103
USC00295370	2004	11	12	9	0	0.103
USC00295370	2004	11	13	3	0	0.103
USC00295370	2004	11	13	4	0	0.103
USC00295370	2004	11	13	7	0	0.103
USC00295370	2004	11	13	9	0	0.103
USC00295370	2004	11	13	13	0	0.103
USC00295370	2004	11	13	20	0	0.103
USC00295370	2004	11	13	22	0	0.206
USC00295370	2004	11	13	23	0	0.206
USC00295370	2004	11	13	24	0	0.206
USC00295370	2004	11	14	2	0	0.103
USC00295370	2004	11	14	3	0	0.103
USC00295370	2004	11	14	5	0	0.206
USC00295370	2004	11	14	10	0	0.103
USC00295370	2004	11	14	11	0	0.103
USC00295370	2004	11	14	12	0	0.103
USC00295370	2004	11	14	13	0	0.103
USC00295370	2004	11	14	16	0	0.103
USC00295370	2004	11	14	20	0	0.103
USC00295370	2004	11	14	21	0	0.103
USC00295370	2004	11	14	22	0	0.103
USC00295370	2004	11	14	23	0	0.103
USC00295370	2004	11	15	1	0	0.206
USC00295370	2004	11	15	2	0	0.103
USC00295370	2004	11	15	3	0	0.103
USC00295370	2004	11	16	15	0	0.103
USC00295370	2004	11	22	3	0	0.103
USC00295370	2004	11	22	4	0	0.103
USC00295370	2004	11	22	11	0	0.103
USC00295370	2004	11	22	20	0	0.206
USC00295370	2004	11	22	21	0	0.411
USC00295370	2004	11	22	22	0	0.206
USC00295370	2004	11	23	9	0	0.103
USC00295370	2004	12	5	4	0	0.100
USC00295370	2004	12	6	7	0	0.200
USC00295370	2004	12	6	8	0	0.100
USC00295370	2004	12	22	4	0	0.100
USC00295370	2004	12	23	20	0	0.100
USC00295370	2005	1	4	1	0	0.100
USC00295370	2005	1	4	2	0	0.100
USC00295370	2005	1	4	3	0	0.100
USC00295370	2005	1	4	8	0	0.100
USC00295370	2005	1	5	3	0	0.100
USC00295370	2005	1	26	23	0	0.100
USC00295370	2005	1	27	10	0	0.100
USC00295370	2005	1	28	10	0	0.100
USC00295370	2005	2	1	15	0	0.100
USC00295370	2005	2	5	18	0	0.100
USC00295370	2005	2	5	19	0	0.100
USC00295370	2005	2	5	20	0	0.200
USC00295370	2005	2	5	21	0	0.100
USC00295370	2005	2	6	1	0	0.100
USC00295370	2005	2	6	2	0	0.100
USC00295370	2005	2	8	11	0	0.100
USC00295370	2005	2	11	4	0	0.100
USC00295370	2005	2	12	13	0	0.100
USC00295370	2005	2	18	9	0	0.100
USC00295370	2005	2	19	17	0	0.100
USC00295370	2005	2	19	20	0	0.100
USC00295370	2005	2	23	16	0	0.100
USC00295370	2005	2	23	18	0	0.400
USC00295370	2005	2	23	19	0	0.100
USC00295370	2005	2	23	23	0	0.100
USC00295370	2005	2	24	3	0	0.100
USC00295370	2005	2	24	4	0	0.100
USC00295370	2005	2	24	12	0	0.100
USC00295370	2005	2	25	5	0	0.100
USC00295370	2005	2	25	8	0	0.100
USC00295370	2005	3	15	3	0	0.100
USC00295370	2005	3	15	10	0	0.100
USC00295370	2005	3	22	13	0	0.100
USC00295370	2005	3	22	15	0	0.100
USC00295370	2005	3	22	16	0	0.100
USC00295370	2005	3	22	17	0	0.100
USC00295370	2005	3	22	20	0	0.100
USC00295370	2005	3	22	22	0	0.100
USC00295370	2005	3	22	24	0	0.100
USC00295370	2005	3	23	7	0	0.100
USC00295370	2005	3	23	11	0	0.100
USC00295370	2005	3	23	15	0	0.100
USC00295370	2005	3	24	17	0	0.100
USC00295370	2005	3	26	11	0	0.100
USC00295370	2005	3	27	15	0	0.100
USC00295370	2005	3	28	13	0	0.100
USC00295370	2005	4	1	17	0	0.100
USC00295370	2005	5	18	16	0	0.100
USC00295370	2005	5	23	19	0	0.100
USC00295370	2005	5	23	20	0	0.200
USC00295370	2005	5	26	2	0	0.100
USC00295370	2005	5	28	3	0	0.200
USC00295370	2005	5	28	5	0	0.100
USC00295370	2005	5	28	7	0	0.100
USC00295370	2005	5	28	10	0	0.100
USC00295370	2005	5	28	11	0	0.100
USC00295370	2005	5	28	12	0	0.100
USC00295370	2005	5	28	18	0	0.100
USC00295370	2005	6	2	23	0	0.100
USC00295370	2005	7	10	17	0	0.400
USC00295370	2005	7	24	11	0	0.100
USC00295370	2005	7	26	11	0	0.700
USC00295370	2005	7	26	12	0	0.500
USC00295370	2005	7	26	13	0	0.900
USC00295370	2005	7	26	14	0	0.100
USC00295370	2005	7	30	9	0	0.100
USC00295370	2005	8	5	16	0	0.100
USC00295370	2005	8	5	17	0	0.100
USC00295370	2005	8	8	15	0	0.200
USC00295370	2005	8	9	17	0	0.100
USC00295370	2005	8	14	7	0	0.200
USC00295370	2005	8	14	8	0	0.500
USC00295370	2005	8	14	14	0	0.100
USC00295370	2005	8	14	15	0	0.100
USC00295370	2005	8	15	8	0	0.200
USC00295370	2005	8	15	9	0	0.200
USC00295370	2005	8	15	23	0	0.200
USC00295370	2005	8	18	13	0	0.200
USC00295370	2005	8	18	14	0	0.100
USC00295370	2005	8	19	16	0	0.100
USC00295370	2005	8	19	17	0	0.100
USC00295370	2005	8	19	21	0	0.200
USC00295370	2005	8	20	7	0	0.100
USC00295370	2005	8	20	11	0	0.100
USC00295370	2005	8	20	17	0	0.100
USC00295370	2005	8	21	1	0	0.600
USC00295370	2005	8	21	2	0	0.500
USC00295370	2005	8	21	10	0	0.100
USC00295370	2005	8	27	24	0	0.100
USC00295370	2005	8	28	1	0	0.300
USC00295370	2005	8	28	9	0	0.100
USC00295370	2005	9	2	1	0	0.100
USC00295370	2005	9	6	11	0	0.100
USC00295370	2005	10	9	10	0	0.103
USC00295370	2005	10	9	11	0	0.103
USC00295370	2005	10	9	12	0	0.103
USC00295370	2005	10	9	15	0	0.103
USC00295370	2005	10	9	16	0	0.103
USC00295370	2005	10	9	17	0	0.103
USC00295370	2005	10	9	18	0	0.103
USC00295370	2005	10	13	8	0	0.100
USC00295370	2005	10	15	13	0	0.100
USC00295370	2006	3	22	22	0	0.400
USC00295370	2006	3	27	21	0	0.100
USC00295370	2006	3	27	24	0	0.200
USC00295370	2006	4	22	22	0	0.103
USC00295370	2006	4	23	9	0	0.103
USC00295370	2006	4	28	23	0	0.103
USC00295370	2006	4	28	24	0	0.103
USC00295370	2006	5	15	18	0	0.100
USC00295370	2006	5	16	12	0	0.100
USC00295370	2006	6	1	3	0	0.300
USC00295370	2006	6	1	11	0	0.103
USC00295370	2006	6	22	19	0	0.100
USC00295370	2006	6	22	24	0	0.100
USC00295370	2006	6	26	2	0	0.200
USC00295370	2006	6	26	3	0	0.700
USC00295370	2006	6	26	4	0	0.100
USC00295370	2006	6	26	6	0	0.100
USC00295370	2006	6	26	7	0	0.300
USC00295370	2006	6	26	8	0	0.100
USC00295370	2006	7	10	16	0	0.100
USC00295370	2006	7	13	19	0	0.100
USC00295370	2006	7	15	10	0	0.100
USC00295370	2006	7	29	9	0	0.100
USC00295370	2006	7	29	16	0	0.300
USC00295370	2006	7	29	17	0	0.200
USC00295370	2006	7	30	21	0	0.100
USC00295370	2006	8	1	15	0	0.100
USC00295370	2006	8	2	6	0	0.100
USC00295370	2006	8	8	12	0	0.100
USC00295370	2006	8	15	21	0	0.100
USC00295370	2006	8	15	24	0	0.100
USC00295370	2006	8	16	14	0	0.100
USC00295370	2006	8	18	14	0	0.100
USC00295370	2006	8	20	4	0	0.100
USC00295370	2006	8	20	5	0	0.100
USC00295370	2006	8	21	19	0	0.200
USC00295370	2006	8	21	20	0	0.500
USC00295370	2006	8	21	23	0	0.400
USC00295370	2006	8	26	10	0	0.100
USC00295370	2006	8	27	16	0	0.200
USC00295370	2006	8	27	17	0	0.100
USC00295370	2006	8	28	6	0	0.100
USC00295370	2006	9	1	14	0	0.900
USC00295370	2006	9	1	15	0	0.400
USC00295370	2006	9	1	20	0	0.100
USC00295370	2006	9	2	8	0	0.100
USC00295370	2006	9	2	10	0	0.100
USC00295370	2006	9	3	1	0	0.200
USC00295370	2006	9	3	4	0	0.200
USC00295370	2006	9	3	6	0	0.200
USC00295370	2006	9	3	7	0	0.200
USC00295370	2006	9	3	8	0	0.200
USC00295370	2006	9	3	9	0	0.200
USC00295370	2006	9	3	10	0	0.100
USC00295370	2006	9	3	12	0	0.100
USC00295370	2006	9	3	14	0	0.200
USC00295370	2006	9	3	15	0	0.100
USC00295370	2006	9	3	16	0	0.100
USC00295370	2006	9	3	17	0	0.100
USC00295370	2006	9	3	18	0	0.100
USC00295370	2006	9	3	21	0	0.300
USC00295370	2006	9	3	22	0	0.100
USC00295370	2006	9	3	24	0	0.100
USC00295370	2006	9	4	5	0	0.100
USC00295370	2006	9	4	7	0	0.100
USC00295370	2006	9	4	8	0	0.100
USC00295370	2006	9	4	10	0	0.100
USC00295370	2006	9	4	12	0	0.200
USC00295370	2006	9	4	14	0	0.100
USC00295370	2006	9	4	17	0	0.100
USC00295370	2006	9	12	5	0	0.100
USC00295370	2006	9	12	6	0	0.100
USC00295370	2006	9	19	4	0	0.200
USC00295370	2006	9	22	15	0	0.100
USC00295370	2006	10	9	6	0	0.100
USC00295370	2006	10	10	3	0	0.100
USC00295370	2006	10	12	5	0	0.200
USC00295370	2006	10	12	6	0	0.400
USC00295370	2006	10	14	17	0	0.100
USC00295370	2006	10	15	11	0	0.100
USC00295370	2006	10	15	14	0	0.200
USC00295370	2006	10	15	15	0	0.200
USC00295370	2006	10	18	23	0	0.100
USC00295370	2006	10	19	1	0	0.100
USC00295370	2006	10	24	19	0	0.100
USC00295370	2006	10	30	17	0	0.100
USC00295370	2006	12	6	21	0	0.200
USC00295370	2006	12	7	1	0	0.100
USC00295370	2006	12	19	20	0	0.103
USC00295370	2006	12	19	22	0	0.103
USC00295370	2006	12	20	10	0	0.103
USC00295370	2006	12	28	19	0	0.103
USC00295370	2006	12	28	20	0	0.103
USC00295370	2006	12	28	21	0	0.103
USC00295370	2006	12	29	4	0	0.103
USC00295370	2006	12	29	14	0	0.103
USC00295370	2007	1	4	7	0	0.002
USC00295370	2007	1	4	8	0	0.003
USC00295370	2007	1	5	1	0	0.009
USC00295370	2007	1	5	2	0	0.003
USC00295370	2007	1	12	18	0	0.001
USC00295370	2007	1	12	19	0	0.039
USC00295370	2007	1	12	20	0	0.007
USC00295370	2007	1	12	21	0	0.019
USC00295370	2007	1	12	23	0	0.001
USC00295370	2007	1	13	6	0	0.005
USC00295370	2007	1	13	10	0	0.005
USC00295370	2007	1	15	2	0	0.003
USC00295370	2007	1	16	22	0	0.003
USC00295370	2007	1	16	24	0	0.001
USC00295370	2007	1	18	3	0	0.002
USC00295370	2007	1	18	13	0	0.002
USC00295370	2007	1	19	11	0	0.004
USC00295370	2007	1	19	13	0	0.027
USC00295370	2007	1	19	24	0	0.014
USC00295370	2007	1	20	1	0	0.013
USC00295370	2007	1	20	2	0	0.018
USC00295370	2007	1	20	3	0	0.029
USC00295370	2007	1	20	4	0	0.018
USC00295370	2007	1	20	5	0	0.022
USC00295370	2007	1	20	9	0	0.054
USC00295370	2007	1	20	11	0	0.027
USC00295370	2007	1	20	19	0	0.035
USC00295370	2007	1	21	10	0	0.007
USC00295370	2007	1	21	11	0	0.009
USC00295370	2007	1	21	12	0	0.056
USC00295370	2007	1	21	13	0	0.028
USC00295370	2007	1	21	14	0	0.042
USC00295370	2007	1	21	15	0	0.028
USC00295370	2007	1	21	16	0	0.024
USC00295370	2007	1	23	2	0	0.001
USC00295370	2007	1	23	3	0	0.001
USC00295370	2007	1	23	7	0	0.003
USC00295370	2007	1	23	8	0	0.003
USC00295370	2007	1	23	9	0	0.013
USC00295370	2007	1	23	10	0	0.002
USC00295370	2007	1	23	14	0	0.018
USC00295370	2007	1	23	15	0	0.011
USC00295370	2007	1	23	16	0	0.008
USC00295370	2007	1	24	11	0	0.006
USC00295370	2007	1	24	12	0	0.013
USC00295370	2007	1	24	13	0	0.008
USC00295370	2007	1	26	6	0	0.001
USC00295370	2007	1	30	15	0	0.002
USC00295370	2007	1	30	17	0	0.001
USC00295370	2007	1	30	21	0	0.001
USC00295370	2007	1	30	24	0	0.004
USC00295370	2007	1	31	11	0	0.005
USC00295370	2007	1	31	12	0	0.005
USC00295370	2007	2	1	17	0	0.002
USC00295370	2007	2	1	19	0	0.01
USC00295370	2007	2	1	21	0	0.006
USC00295370	2007	2	1	22	0	0.004
USC00295370	2007	2	1	24	0	0.004
USC00295370	2007	2	2	1	0	0.008
USC00295370	2007	2	2	2	0	0.004
USC00295370	2007	2	2	3	0	0.002
USC00295370	2007	2	13	16	0	0.022
USC00295370	2007	2	13	18	0	0.001
USC00295370	2007	2	13	19	0	0.006
USC00295370	2007	2	14	22	0	0.008
USC00295370	2007	2	14	23	0	0.026
USC00295370	2007	2	15	14	0	0.007
USC00295370	2007	2	15	15	0	0.017
USC00295370	2007	3	11	6	0	0.001
USC00295370	2007	3	11	10	0	0.005
USC00295370	2007	3	11	11	0	0.002
USC00295370	2007	3	11	22	0	0.001
USC00295370	2007	3	11	23	0	0.006
USC00295370	2007	3	11	24	0	0.011
USC00295370	2007	3	12	1	0	0.018
USC00295370	2007	3	12	2	0	0.011
USC00295370	2007	3	12	3	0	0.008
USC00295370	2007	3	12	4	0	0.008
USC00295370	2007	3	12	5	0	0.008
USC00295370	2007	3	12	6	0	0.02
USC00295370	2007	3	12	7	0	0.027
USC00295370	2007	3	12	8	0	0.037
USC00295370	2007	3	12	9	0	0.044
USC00295370	2007	3	12	10	0	0.027
USC00295370	2007	3	12	11	0	0.02
USC00295370	2007	3	12	12	0	0.027
USC00295370	2007	3	12	13	0	0.027
USC00295370	2007	3	12	14	0	0.02
USC00295370	2007	3	12	15	0	0.02
USC00295370	2007	3	12	16	0	0.053
USC00295370	2007	3	12	18	0	0.02
USC00295370	2007	3	12	20	0	0.02
USC00295370	2007	3	22	20	0	0.001
USC00295370	2007	3	22	21	0	0.004
USC00295370	2007	3	22	22	0	0.017
USC00295370	2007	3	22	23	0	0.009
USC00295370	2007	3	23	3	0	0.193
USC00295370	2007	3	23	4	0	0.038
USC00295370	2007	3	23	5	0	0.003
USC00295370	2007	3	23	14	0	0.005
USC00295370	2007	3	23	15	0	0.054
USC00295370	2007	3	23	16	0	0.008
USC00295370	2007	3	23	17	0	0.03
USC00295370	2007	3	23	18	0	0.086
USC00295370	2007	3	23	19	0	0.399
USC00295370	2007	3	23	20	0	0.518
USC00295370	2007	3	23	21	0	0.39
USC00295370	2007	3	23	22	0	0.093
USC00295370	2007	3	23	23	0	0.02
USC00295370	2007	3	23	24	0	0.002
USC00295370	2007	3	25	7	0	0.005
USC00295370	2007	3	25	8	0	0.046
USC00295370	2007	3	25	9	0	0.006
USC00295370	2007	3	25	14	0	0.001
USC00295370	2007	3	25	16	0	0.001
USC00295370	2007	3	25	17	0	0.004
USC00295370	2007	3	25	18	0	0.003
USC00295370	2007	4	2	13	0	0.100
USC00295370	2007	4	10	10	0	0.100
USC00295370	2007	4	28	4	0	0.100
USC00295370	2007	4	28	5	0	0.200
USC00295370	2007	4	28	6	0	0.100
USC00295370	2007	4	28	11	0	0.200
USC00295370	2007	4	28	12	0	0.100
USC00295370	2007	4	29	3	0	0.100
USC00295370	2007	4	29	7	0	0.001
USC00295370	2007	4	29	8	0	0.077
USC00295370	2007	4	29	9	0	0.074
USC00295370	2007	4	29	10	0	0.12
USC00295370	2007	4	29	11	0	0.026
USC00295370	2007	4	29	14	0	0.001
USC00295370	2007	4	29	15	0	0.092
USC00295370	2007	4	29	16	0	0.07
USC00295370	2007	4	29	17	0	0.046
USC00295370	2007	4	29	18	0	0.008
USC00295370	2007	4	29	19	0	0.002
USC00295370	2007	4	30	6	0	0.001
USC00295370	2007	4	30	7	0	0.004
USC00295370	2007	5	2	5	0	0.100
USC00295370	2007	5	2	6	0	0.600
USC00295370	2007	5	2	7	0	0.100
USC00295370	2007	5	2	8	0	0.100
USC00295370	2007	5	2	13	0	0.100
USC00295370	2007	5	2	18	0	0.200
USC00295370	2007	5	2	19	0	0.200
USC00295370	2007	5	8	2	0	0.100
USC00295370	2007	5	8	3	0	0.600
USC00295370	2007	5	8	6	0	0.100
USC00295370	2007	5	8	7	0	0.700
USC00295370	2007	5	8	8	0	0.100
USC00295370	2007	5	8	13	0	0.100
USC00295370	2007	5	18	5	0	0.100
USC00295370	2007	5	25	24	0	0.200
USC00295370	2007	5	31	17	0	0.013
USC00295370	2007	5	31	18	0	0.033
USC00295370	2007	5	31	19	0	0.017
USC00295370	2007	6	4	20	0	0.300
USC00295370	2007	6	4	22	0	0.100
USC00295370	2007	6	20	8	0	0.100
USC00295370	2007	6	20	9	0	0.100
USC00295370	2007	6	23	19	0	0.300
USC00295370	2007	6	23	21	0	0.100
USC00295370	2007	7	6	5	0	0.100
USC00295370	2007	7	6	6	0	0.200
USC00295370	2007	7	6	9	0	0.100
USC00295370	2007	7	12	6	0	0.100
USC00295370	2007	7	21	6	0	0.300
USC00295370	2007	7	21	8	0	0.100
USC00295370	2007	7	22	2	0	0.100
USC00295370	2007	7	30	5	0	0.100
USC00295370	2007	8	2	5	0	0.200
USC00295370	2007	8	2	6	0	0.100
USC00295370	2007	8	2	7	0	0.100
USC00295370	2007	8	2	12	0	0.100
USC00295370	2007	8	2	23	0	0.100
USC00295370	2007	8	3	7	0	0.200
USC00295370	2007	8	3	8	0	0.600
USC00295370	2007	8	3	9	0	0.100
USC00295370	2007	8	3	12	0	0.100
USC00295370	2007	8	22	8	0	0.100
USC00295370	2007	9	5	13	0	0.400
USC00295370	2007	9	8	24	0	0.100
USC00295370	2007	9	9	3	0	0.100
USC00295370	2007	9	9	4	0	0.100
USC00295370	2007	9	9	6	0	0.200
USC00295370	2007	9	9	7	0	0.100
USC00295370	2007	9	9	9	0	0.100
USC00295370	2007	9	9	11	0	0.100
USC00295370	2007	9	11	6	0	0.100
USC00295370	2007	9	13	14	0	0.100
USC00295370	2007	9	20	14	0	0.400
USC00295370	2007	9	20	15	0	0.300
USC00295370	2007	9	20	21	0	0.100
USC00295370	2007	9	20	22	0	0.300
USC00295370	2007	9	20	23	0	0.100
USC00295370	2007	9	20	24	0	0.100
USC00295370	2007	9	21	1	0	0.100
USC00295370	2007	9	21	10	0	0.100
USC00295370	2007	9	27	21	0	0.001
USC00295370	2007	9	27	22	0	0.008
USC00295370	2007	9	27	23	0	0.007
USC00295370	2007	9	28	1	0	0.001
USC00295370	2007	9	29	17	0	0.007
USC00295370	2007	9	29	18	0	0.061
USC00295370	2007	9	29	19	0	0.121
USC00295370	2007	9	29	20	0	0.002
USC00295370	2007	9	29	21	0	0.112
USC00295370	2007	9	29	22	0	0.289
USC00295370	2007	9	29	23	0	0.308
USC00295370	2007	9	29	24	0	0.014
USC00295370	2007	11	22	4	0	0.100
USC00295370	2007	11	22	24	0	0.100
USC00295370	2007	11	24	24	0	0.100
USC00295370	2007	11	26	5	0	0.100
USC00295370	2007	11	29	23	0	0.100
USC00295370	2007	11	30	1	0	0.100
USC00295370	2007	11	30	5	0	0.100
USC00295370	2007	12	9	10	0	0.300
USC00295370	2007	12	9	18	0	0.100
USC00295370	2007	12	9	19	0	0.100
USC00295370	2007	12	9	20	0	0.100
USC00295370	2007	12	10	5	0	0.300
USC00295370	2007	12	10	6	0	0.200
USC00295370	2008	1	17	10	0	0.300
USC00295370	2008	2	20	10	0	0.100
USC00295370	2008	5	14	24	0	0.300
USC00295370	2008	5	16	3	0	0.100
USC00295370	2008	5	16	19	0	0.100
USC00295370	2008	5	17	3	0	0.500
USC00295370	2008	6	7	17	0	0.100
USC00295370	2008	6	8	12	0	0.100
USC00295370	2008	6	20	24	0	0.200
USC00295370	2008	6	21	1	0	0.200
USC00295370	2008	6	29	5	0	0.100
USC00295370	2008	6	29	8	0	0.200
USC00295370	2008	6	29	11	0	0.100
USC00295370	2008	6	29	15	0	0.100
USC00295370	2008	6	29	16	0	0.100
USC00295370	2008	7	3	20	0	0.600
USC00295370	2008	7	4	2	0	0.100
USC00295370	2008	7	9	19	0	0.300
USC00295370	2008	7	9	20	0	0.100
USC00295370	2008	7	9	21	0	0.200
USC00295370	2008	7	9	22	0	0.300
USC00295370	2008	7	9	23	0	0.400
USC00295370	2008	7	9	24	0	0.300
USC00295370	2008	7	10	1	0	0.100
USC00295370	2008	7	10	2	0	0.100
USC00295370	2008	7	10	3	0	0.100
USC00295370	2008	7	10	4	0	0.100
USC00295370	2008	7	10	8	0	0.100
USC00295370	2008	7	12	18	0	0.100
USC00295370	2008	7	14	16	0	0.100
USC00295370	2008	7	16	1	0	0.100
USC00295370	2008	7	16	2	0	0.100
USC00295370	2008	7	16	6	0	0.100
USC00295370	2008	7	17	9	0	0.100
USC00295370	2008	8	8	4	0	0.100
USC00295370	2008	8	10	18	0	0.100
USC00295370	2008	8	11	23	0	0.100
USC00295370	2008	8	12	3	0	0.100
USC00295370	2008	8	13	24	0	0.100
USC00295370	2008	8	14	1	0	0.100
USC00295370	2008	8	14	2	0	0.100
USC00295370	2008	8	14	8	0	0.013
USC00295370	2008	8	14	10	0	0.082
USC00295370	2008	8	14	11	0	0.082
USC00295370	2008	8	14	12	0	0.021
USC00295370	2008	8	14	13	0	0.001
USC00295370	2008	8	14	15	0	0.001
USC00295370	2008	8	14	21	0	0.003
USC00295370	2008	8	15	1	0	0.001
USC00295370	2008	8	15	2	0	0.026
USC00295370	2008	8	15	6	0	0.015
USC00295370	2008	8	15	7	0	0.003
USC00295370	2008	8	15	24	0	0.002
USC00295370	2008	8	16	1	0	0.017
USC00295370	2008	8	16	2	0	0.185
USC00295370	2008	8	16	3	0	0.062
USC00295370	2008	8	16	4	0	0.232
USC00295370	2008	8	16	5	0	0.14
USC00295370	2008	8	16	6	0	0.063
USC00295370	2008	8	16	7	0	0.065
USC00295370	2008	8	16	8	0	0.009
USC00295370	2008	8	16	9	0	0.002
USC00295370	2008	8	16	10	0	0.001
USC00295370	2008	8	16	19	0	0.003
USC00295370	2008	8	16	20	0	0.002
USC00295370	2008	8	17	23	0	0.011
USC00295370	2008	8	17	24	0	0.408
USC00295370	2008	8	18	1	0	0.018
USC00295370	2008	8	25	16	0	0.334
USC00295370	2008	8	26	22	0	0.001
USC00295370	2008	8	26	23	0	0.001
USC00295370	2008	8	27	12	0	0.017
USC00295370	2008	8	27	13	0	0.017
USC00295370	2008	8	27	14	0	0.017
USC00295370	2008	8	27	15	0	0.034
USC00295370	2008	8	27	16	0	0.034
USC00295370	2008	8	27	17	0	0.034
USC00295370	2008	8	27	18	0	0.01
USC00295370	2008	8	27	19	0	0.01
USC00295370	2008	8	27	20	0	0.01
USC00295370	2008	8	27	21	0	0.001
USC00295370	2008	8	27	22	0	0.001
USC00295370	2008	8	27	23	0	0.001
USC00295370	2008	8	31	19	0	0.100
USC00295370	2008	8	31	20	0	0.300
USC00295370	2008	9	1	5	0	0.100
USC00295370	2008	9	1	7	0	0.001
USC00295370	2008	9	1	8	0	0.001
USC00295370	2008	9	2	16	0	0.500
USC00295370	2008	9	3	2	0	0.400
USC00295370	2008	9	3	4	0	0.100
USC00295370	2008	9	8	6	0	0.200
USC00295370	2008	9	8	7	0	0.100
USC00295370	2008	9	8	8	0	0.100
USC00295370	2008	9	11	17	0	0.100
USC00295370	2008	9	11	18	0	0.100
USC00295370	2008	9	14	10	0	0.100
USC00295370	2008	10	5	17	0	0.100
USC00295370	2008	10	5	20	0	0.100
USC00295370	2008	10	13	15	0	0.100
USC00295370	2008	10	13	16	0	0.400
USC00295370	2008	10	13	20	0	0.100
USC00295370	2008	10	13	22	0	0.300
USC00295370	2008	10	13	23	0	0.100
USC00295370	2008	10	14	1	0	0.100
USC00295370	2008	10	14	2	0	0.100
USC00295370	2008	10	14	3	0	0.100
USC00295370	2008	10	14	5	0	0.100
USC00295370	2008	10	14	8	0	0.100
USC00295370	2008	10	14	14	0	0.100
USC00295370	2008	11	28	4	0	0.100
USC00295370	2008	12	1	11	0	0.600
USC00295370	2008	12	1	12	0	0.100
USC00295370	2008	12	2	16	0	0.100
USC00295370	2008	12	9	7	0	0.100
USC00295370	2009	2	8	16	0	0.005
USC00295370	2009	2	8	17	0	0.157
USC00295370	2009	2	8	19	0	0.001
USC00295370	2009	2	8	20	0	0.01
USC00295370	2009	2	8	21	0	0.001
USC00295370	2009	3	13	3	0	0.001
USC00295370	2009	3	13	4	0	0.003
USC00295370	2009	3	13	5	0	0.045
USC00295370	2009	3	13	7	0	0.006
USC00295370	2009	3	13	8	0	0.013
USC00295370	2009	3	20	15	0	0.001
USC00295370	2009	3	20	16	0	0.013
USC00295370	2009	3	20	19	0	0.018
USC00295370	2009	3	20	20	0	0.032
USC00295370	2009	3	20	21	0	0.026
USC00295370	2009	3	20	22	0	0.035
USC00295370	2009	3	20	23	0	0.086
USC00295370	2009	3	20	24	0	0.027
USC00295370	2009	3	21	1	0	0.015
USC00295370	2009	3	21	2	0	0.004
USC00295370	2009	4	12	23	0	0.200
USC00295370	2009	5	16	3	0	0.001
USC00295370	2009	5	16	4	0	0.007
USC00295370	2009	5	16	5	0	0.007
USC00295370	2009	5	16	6	0	0.005
USC00295370	2009	5	16	23	0	0.200
USC00295370	2009	5	22	5	0	0.002
USC00295370	2009	5	22	7	0	0.052
USC00295370	2009	5	22	8	0	0.031
USC00295370	2009	5	22	9	0	0.009
USC00295370	2009	5	22	10	0	0.007
USC00295370	2009	5	22	13	0	0.001
USC00295370	2009	5	22	14	0	0.003
USC00295370	2009	5	22	16	0	0.003
USC00295370	2009	5	22	17	0	0.002
USC00295370	2009	5	22	18	0	0.005
USC00295370	2009	5	22	19	0	0.001
USC00295370	2009	5	22	23	0	0.100
USC00295370	2009	5	23	3	0	0.001
USC00295370	2009	5	23	7	0	0.001
USC00295370	2009	5	23	10	0	0.001
USC00295370	2009	5	23	16	0	0.011
USC00295370	2009	5	23	17	0	0.071
USC00295370	2009	5	23	18	0	0.033
USC00295370	2009	5	23	19	0	0.053
USC00295370	2009	5	23	20	0	0.001
USC00295370	2009	5	23	23	0	0.400
USC00295370	2009	5	24	8	0	0.001
USC00295370	2009	5	24	10	0	0.001
USC00295370	2009	5	24	23	0	0.500
USC00295370	2009	6	6	11	0	0.100
USC00295370	2009	6	15	12	0	0.100
USC00295370	2009	6	18	2	0	0.500
USC00295370	2009	6	18	3	0	0.100
USC00295370	2009	6	18	13	0	0.100
USC00295370	2009	6	19	24	0	0.100
USC00295370	2009	6	20	1	0	0.200
USC00295370	2009	6	20	13	0	0.100
USC00295370	2009	6	29	10	0	0.100
USC00295370	2009	6	29	14	0	0.100
USC00295370	2009	6	29	19	0	1.200
USC00295370	2009	6	29	20	0	0.300
USC00295370	2009	6	30	9	0	0.100
USC00295370	2009	7	5	24	0	0.100
USC00295370	2009	7	6	1	0	0.100
USC00295370	2009	7	10	15	0	0.100
USC00295370	2009	7	15	19	0	0.700
USC00295370	2009	7	15	20	0	0.100
USC00295370	2009	7	18	22	0	0.100
USC00295370	2009	7	18	23	0	0.100
USC00295370	2009	7	20	20	0	0.100
USC00295370	2009	7	22	5	0	0.400
USC00295370	2009	7	22	6	0	0.100
USC00295370	2009	7	22	7	0	0.200
USC00295370	2009	7	22	9	0	0.100
USC00295370	2009	7	22	10	0	0.100
USC00295370	2009	7	22	14	0	0.100
USC00295370	2009	7	23	12	0	0.100
USC00295370	2009	7	28	22	0	0.300
USC00295370	2009	7	28	24	0	0.100
USC00295370	2009	7	29	7	0	0.100
USC00295370	2009	7	30	16	0	0.100
USC00295370	2009	7	30	21	0	0.200
USC00295370	2009	7	30	22	0	0.200
USC00295370	2009	9	4	6	0	0.018
USC00295370	2009	9	4	7	0	0.051
USC00295370	2009	9	4	8	0	0.016
USC00295370	2009	9	4	9	0	0.002
USC00295370	2009	9	4	15	0	0.100
USC00295370	2009	9	9	16	0	0.004
USC00295370	2009	9	9	17	0	0.003
USC00295370	2009	9	9	18	0	0.001
USC00295370	2009	9	10	11	0	0.002
USC00295370	2009	9	10	12	0	0.012
USC00295370	2009	9	10	13	0	0.004
USC00295370	2009	9	10	14	0	0.001
USC00295370	2009	9	11	19	0	0.003
USC00295370	2009	9	11	20	0	0.232
USC00295370	2009	9	11	21	0	0.203
USC00295370	2009	9	11	22	0	0.019
USC00295370	2009	9	11	23	0	0.001
USC00295370	2009	9	12	10	0	0.056
USC00295370	2009	9	12	11	0	0.003
USC00295370	2009	9	12	13	0	0.001
USC00295370	2009	9	12	14	0	0.06
USC00295370	2009	9	12	15	0	0.021
USC00295370	2009	9	12	16	0	0.021
USC00295370	2009	9	12	17	0	0.014
USC00295370	2009	10	3	12	0	0.007
USC00295370	2009	10	3	13	0	0.011
USC00295370	2009	10	3	14	0	0.008
USC00295370	2009	10	3	15	0	0.02
USC00295370	2009	10	3	16	0	0.018
USC00295370	2009	10	3	18	0	0.002
USC00295370	2009	10	3	19	0	0.005
USC00295370	2009	10	3	20	0	0.001
USC00295370	2009	10	20	13	0	0.100
USC00295370	2009	10	20	15	0	0.100
USC00295370	2009	10	20	22	0	0.100
USC00295370	2009	10	20	23	0	0.300
USC00295370	2009	10	20	24	0	0.100
USC00295370	2009	10	21	1	0	0.100
USC00295370	2009	10	26	1	0	0.100
USC00295370	2009	10	26	2	0	0.100
USC00295370	2009	10	26	3	0	0.100
USC00295370	2009	11	29	14	0	0.100
USC00295370	2009	12	1	5	0	0.100
USC00295370	2009	12	1	6	0	0.100
USC00295370	2009	12	1	7	0	0.200
USC00295370	2009	12	1	9	0	0.400
USC00295370	2009	12	1	11	0	0.100
USC00295370	2009	12	4	7	0	0.100
USC00295370	2009	12	23	17	0	0.100
USC00295370	2009	12	27	17	0	0.100
USC00295370	2009	12	29	15	0	0.100
USC00295370	2009	12	30	15	0	0.100
USC00295370	2010	1	8	9	0	0.100
USC00295370	2010	1	23	13	0	0.100
USC00295370	2010	1	23	15	0	0.100
USC00295370	2010	1	28	2	0	0.100
USC00295370	2010	1	28	3	0	0.200
USC00295370	2010	1	28	4	0	0.300
USC00295370	2010	1	28	5	0	0.100
USC00295370	2010	1	28	6	0	0.100
USC00295370	2010	1	30	9	0	0.100
USC00295370	2010	2	3	5	0	0.100
USC00295370	2010	2	3	6	0	0.100
USC00295370	2010	2	3	8	0	0.100
USC00295370	2010	2	3	10	0	0.100
USC00295370	2010	2	3	11	0	0.100
USC00295370	2010	2	3	15	0	0.100
USC00295370	2010	2	3	20	0	0.100
USC00295370	2010	2	10	24	0	0.100
USC00295370	2010	2	11	9	0	0.100
USC00295370	2010	2	27	16	0	0.100
USC00295370	2010	2	27	17	0	0.100
USC00295370	2010	2	28	24	0	0.100
USC00295370	2010	3	4	13	0	0.100
USC00295370	2010	3	15	9	0	0.100
USC00295370	2010	3	15	14	0	0.100
USC00295370	2010	3	22	10	0	0.100
USC00295370	2010	4	14	21	0	0.100
USC00295370	2010	4	15	2	0	0.200
USC00295370	2010	4	15	3	0	0.100
USC00295370	2010	4	15	4	0	0.100
USC00295370	2010	4	15	16	0	0.100
USC00295370	2010	4	28	15	0	0.100
USC00295370	2010	5	14	5	0	0.001
USC00295370	2010	5	14	7	0	0.001
USC00295370	2010	5	14	8	0	0.005
USC00295370	2010	5	14	9	0	0.175
USC00295370	2010	5	14	10	0	0.198
USC00295370	2010	5	14	11	0	0.094
USC00295370	2010	5	14	16	0	0.003
USC00295370	2010	5	14	17	0	0.057
USC00295370	2010	5	14	18	0	0.181
USC00295370	2010	5	17	16	0	0.002
USC00295370	2010	5	17	17	0	0.225
USC00295370	2010	5	17	18	0	0.07
USC00295370	2010	5	17	19	0	0.011
USC00295370	2010	5	17	20	0	0.009
USC00295370	2010	5	25	18	0	0.019
USC00295370	2010	5	25	19	0	0.02
USC00295370	2010	5	30	13	0	0.001
USC00295370	2010	5	30	14	0	0.013
USC00295370	2010	5	30	15	0	0.091
USC00295370	2010	5	30	16	0	0.006
USC00295370	2010	5	31	16	0	0.008
USC00295370	2010	5	31	19	0	0.002
USC00295370	2010	6	6	23	0	0.036
USC00295370	2010	6	6	24	0	0.004
USC00295370	2010	6	12	16	0	0.006
USC00295370	2010	6	12	17	0	0.057
USC00295370	2010	6	12	18	0	0.016
USC00295370	2010	6	15	19	0	0.095
USC00295370	2010	6	15	20	0	0.058
USC00295370	2010	6	16	20	0	0.002
USC00295370	2010	6	16	21	0	0.002
USC00295370	2010	6	20	17	0	0.1
USC00295370	2010	6	22	21	0	0.001
USC00295370	2010	6	22	22	0	0.002
USC00295370	2010	6	22	23	0	0.038
USC00295370	2010	6	22	24	0	0.036
USC00295370	2010	6	26	15	0	0.016
USC00295370	2010	6	26	16	0	0.028
USC00295370	2010	6	27	14	0	0.003
USC00295370	2010	6	27	16	0	0.001
USC00295370	2010	6	27	17	0	0.003
USC00295370	2010	6	27	18	0	0.023
USC00295370	2010	6	27	19	0	0.001
USC00295370	2010	6	29	12	0	0.001
USC00295370	2010	6	29	13	0	0.003
USC00295370	2010	6	29	14	0	0.023
USC00295370	2010	6	29	15	0	0.031
USC00295370	2010	6	29	16	0	0.213
USC00295370	2010	6	29	17	0	0.101
USC00295370	2010	6	29	18	0	0.02
USC00295370	2010	6	29	19	0	0.001
USC00295370	2010	6	30	7	0	0.043
USC00295370	2010	6	30	9	0	0.042
USC00295370	2010	6	30	13	0	0.001
USC00295370	2010	6	30	15	0	0.05
USC00295370	2010	6	30	16	0	0.172
USC00295370	2010	6	30	17	0	0.403
USC00295370	2010	6	30	18	0	0.096
USC00295370	2010	6	30	19	0	0.02
USC00295370	2010	7	2	5	0	0.235
USC00295370	2010	7	2	13	0	0.001
USC00295370	2010	7	2	15	0	0.02
USC00295370	2010	7	2	16	0	0.026
USC00295370	2010	7	2	17	0	0.097
USC00295370	2010	7	2	18	0	0.04
USC00295370	2010	7	2	19	0	0.016
USC00295370	2010	7	2	20	0	0.004
USC00295370	2010	7	2	21	0	0.001
USC00295370	2010	7	2	22	0	0.001
USC00295370	2010	7	2	23	0	0.001
USC00295370	2010	7	2	24	0	0.002
USC00295370	2010	7	3	5	0	0.021
USC00295370	2010	7	3	6	0	0.133
USC00295370	2010	7	3	7	0	0.234
USC00295370	2010	7	3	8	0	0.198
USC00295370	2010	7	3	9	0	0.168
USC00295370	2010	7	3	10	0	0.076
USC00295370	2010	7	3	11	0	0.008
USC00295370	2010	7	3	12	0	0.011
USC00295370	2010	7	3	13	0	0.004
USC00295370	2010	7	7	14	0	0.085
USC00295370	2010	7	7	15	0	0.098
USC00295370	2010	7	7	19	0	0.001
USC00295370	2010	7	7	24	0	0.013
USC00295370	2010	7	8	3	0	0.002
USC00295370	2010	7	8	4	0	0.013
USC00295370	2010	7	8	5	0	0.04
USC00295370	2010	7	8	6	0	0.038
USC00295370	2010	7	8	7	0	0.012
USC00295370	2010	7	8	8	0	0.023
USC00295370	2010	7	8	9	0	0.016
USC00295370	2010	7	8	13	0	0.011
USC00295370	2010	7	8	14	0	0.05
USC00295370	2010	7	8	15	0	0.095
USC00295370	2010	7	8	16	0	0.029
USC00295370	2010	7	8	17	0	0.01
USC00295370	2010	7	9	12	0	0.07
USC00295370	2010	7	9	13	0	0.032
USC00295370	2010	7	10	11	0	0.015
USC00295370	2010	7	10	14	0	0.001
USC00295370	2010	7	10	15	0	0.002
USC00295370	2010	7	11	2	0	0.002
USC00295370	2010	7	11	3	0	0.013
USC00295370	2010	7	11	21	0	0.003
USC00295370	2010	7	11	22	0	0.034
USC00295370	2010	7	11	23	0	0.085
USC00295370	2010	7	11	24	0	0.042
USC00295370	2010	7	12	1	0	0.139
USC00295370	2010	7	12	2	0	0.097
USC00295370	2010	7	12	3	0	0.068
USC00295370	2010	7	12	4	0	0.059
USC00295370	2010	7	12	5	0	0.003
USC00295370	2010	7	12	6	0	0.011
USC00295370	2010	7	15	12	0	0.01
USC00295370	2010	7	15	13	0	0.035
USC00295370	2010	7	23	15	0	0.045
USC00295370	2010	7	23	16	0	0.191
USC00295370	2010	7	23	17	0	0.031
USC00295370	2010	7	23	18	0	0.001
USC00295370	2010	7	23	24	0	0.001
USC00295370	2010	7	24	1	0	0.001
USC00295370	2010	7	24	2	0	0.004
USC00295370	2010	7	24	4	0	0.001
USC00295370	2010	7	24	5	0	0.005
USC00295370	2010	7	24	7	0	0.003
USC00295370	2010	7	24	8	0	0.005
USC00295370	2010	7	24	9	0	0.005
USC00295370	2010	7	24	16	0	0.035
USC00295370	2010	7	24	17	0	0.06
USC00295370	2010	7	24	18	0	0.047
USC00295370	2010	7	24	19	0	0.041
USC00295370	2010	7	24	20	0	0.08
USC00295370	2010	7	24	21	0	0.119
USC00295370	2010	7	24	22	0	0.038
USC00295370	2010	7	24	23	0	0.008
USC00295370	2010	7	24	24	0	0.008
USC00295370	2010	7	25	1	0	0.008
USC00295370	2010	7	25	2	0	0.036
USC00295370	2010	7	25	3	0	0.19
USC00295370	2010	7	25	4	0	0.073
USC00295370	2010	7	25	18	0	0.001
USC00295370	2010	7	25	20	0	0.001
USC00295370	2010	7	25	21	0	0.001
USC00295370	2010	7	25	22	0	0.001
USC00295370	2010	7	28	17	0	0.029
USC00295370	2010	7	28	18	0	0.133
USC00295370	2010	7	28	19	0	0.068
USC00295370	2010	7	28	20	0	0.024
USC00295370	2010	7	30	17	0	0.005
USC00295370	2010	8	5	23	0	0.026
USC00295370	2010	8	5	24	0	0.009
USC00295370	2010	8	6	16	0	0.016
USC00295370	2010	8	6	17	0	0.059
USC00295370	2010	8	8	15	0	0.011
USC00295370	2010	8	8	16	0	0.092
USC00295370	2010	8	8	17	0	0.008
USC00295370	2010	8	8	18	0	0.002
USC00295370	2010	8	8	19	0	0.002
USC00295370	2010	8	8	20	0	0.002
USC00295370	2010	8	8	21	0	0.003
USC00295370	2010	8	8	22	0	0.003
USC00295370	2010	8	8	23	0	0.005
USC00295370	2010	8	8	24	0	0.001
USC00295370	2010	8	9	1	0	0.001
USC00295370	2010	8	10	16	0	0.003
USC00295370	2010	8	10	17	0	0.009
USC00295370	2010	8	10	18	0	0.004
USC00295370	2010	8	10	19	0	0.003
USC00295370	2010	8	10	20	0	0.001
USC00295370	2010	8	11	14	0	0.014
USC00295370	2010	8	11	17	0	0.009
USC00295370	2010	8	11	18	0	0.015
USC00295370	2010	8	11	19	0	0.022
USC00295370	2010	8	11	20	0	0.005
USC00295370	2010	8	17	17	0	0.002
USC00295370	2010	8	17	18	0	0.012
USC00295370	2010	8	17	19	0	0.011
USC00295370	2010	8	17	24	0	0.016
USC00295370	2010	8	18	1	0	0.01
USC00295370	2010	8	18	14	0	0.001
USC00295370	2010	8	18	15	0	0.003
USC00295370	2010	8	18	16	0	0.008
USC00295370	2010	8	18	17	0	0.001
USC00295370	2010	8	19	16	0	0.004
USC00295370	2010	8	24	8	0	0.012
USC00295370	2010	8	24	12	0	0.008
USC00295370	2010	8	24	13	0	0.008
USC00295370	2010	8	24	14	0	0.004
USC00295370	2010	8	28	14	0	0.001
USC00295370	2010	8	28	15	0	0.001
USC00295370	2010	8	28	16	0	0.001
USC00295370	2010	8	29	15	0	0.001
USC00295370	2010	8	30	1	0	0.035
USC00295370	2010	8	30	2	0	0.112
USC00295370	2010	8	30	3	0	0.156
USC00295370	2010	8	30	4	0	0.158
USC00295370	2010	8	30	5	0	0.03
USC00295370	2010	8	30	6	0	0.003
USC00295370	2010	8	30	7	0	0.004
USC00295370	2010	9	3	3	0	0.001
USC00295370	2010	9	3	4	0	0.014
USC00295370	2010	9	3	5	0	0.011
USC00295370	2010	9	3	6	0	0.008
USC00295370	2010	9	9	15	0	0.009
USC00295370	2010	9	9	16	0	0.029
USC00295370	2010	9	13	21	0	0.001
USC00295370	2010	9	14	1	0	0.001
USC00295370	2010	9	14	2	0	0.003
USC00295370	2010	9	14	3	0	0.001
USC00295370	2010	9	14	11	0	0.052
USC00295370	2010	9	15	16	0	0.03
USC00295370	2010	9	15	17	0	0.039
USC00295370	2010	9	16	13	0	0.037
USC00295370	2010	9	16	14	0	0.191
USC00295370	2010	9	16	15	0	0.098
USC00295370	2010	9	16	16	0	0.022
USC00295370	2010	9	16	17	0	0.005
USC00295370	2010	9	16	18	0	0.011
USC00295370	2010	9	16	19	0	0.006
USC00295370	2010	9	16	20	0	0.003
USC00295370	2010	9	16	21	0	0.005
USC00295370	2010	9	16	22	0	0.004
USC00295370	2010	9	17	6	0	0.013
USC00295370	2010	9	22	20	0	0.100
USC00295370	2010	9	22	22	0	0.500
USC00295370	2010	9	22	23	0	0.200
USC00295370	2010	9	22	24	0	0.300
USC00295370	2010	9	23	1	0	0.100
USC00295370	2010	9	23	6	0	0.100
USC00295370	2010	9	23	8	0	0.100
USC00295370	2010	9	23	13	0	0.100
USC00295370	2010	9	25	13	0	0.200
USC00295370	2010	10	21	9	0	0.100
USC00295370	2010	11	12	3	0	0.004
USC00295370	2011	1	2	8	0	0.100
USC00295370	2011	7	22	21	0	0.100
USC00295370	2011	8	7	16	0	0.100
USC00295370	2011	8	7	18	0	0.100
USC00295370	2011	8	16	20	0	0.300
USC00295370	2011	8	16	22	0	0.200
USC00295370	2011	8	16	23	0	0.100
USC00295370	2011	8	16	24	0	0.100
USC00295370	2011	8	17	5	0	0.100
USC00295370	2011	9	4	2	0	0.100
USC00295370	2011	9	4	10	0	0.100
USC00295370	2011	9	14	24	0	0.100
USC00295370	2011	9	15	2	0	0.100
USC00295370	2011	9	15	3	0	0.300
USC00295370	2011	9	15	4	0	0.100
USC00295370	2011	9	15	6	0	0.100
USC00295370	2011	9	15	12	0	0.100
USC00295370	2011	9	15	23	0	0.100
USC00295370	2011	9	15	24	0	0.900
USC00295370	2011	9	16	1	0	0.200
USC00295370	2011	9	16	18	0	0.100
USC00295370	2011	9	28	23	0	0.100
USC00295370	2011	9	30	6	0	0.100
USC00295370	2011	10	17	19	0	0.100
USC00295370	2011	10	27	7	0	0.100
USC00295370	2011	10	27	8	0	0.100
USC00295370	2011	10	27	12	0	0.100
USC00295370	2011	12	2	24	0	0.004
USC00295370	2011	12	3	1	0	0.004
USC00295370	2011	12	3	2	0	0.004
USC00295370	2011	12	3	3	0	0.003
USC00295370	2011	12	3	4	0	0.003
USC00295370	2011	12	3	5	0	0.003
USC00295370	2011	12	4	18	0	0.006
USC00295370	2011	12	4	19	0	0.006
USC00295370	2011	12	4	20	0	0.006
USC00295370	2011	12	4	21	0	0.004
USC00295370	2011	12	4	22	0	0.004
USC00295370	2011	12	4	23	0	0.004
USC00295370	2011	12	4	24	0	0.002
USC00295370	2011	12	5	1	0	0.002
USC00295370	2011	12	5	2	0	0.002
USC00295370	2011	12	5	3	0	0.002
USC00295370	2011	12	5	4	0	0.002
USC00295370	2011	12	5	5	0	0.002
USC00295370	2011	12	5	6	0	0.006
USC00295370	2011	12	5	7	0	0.006
USC00295370	2011	12	5	8	0	0.006
USC00295370	2011	12	5	9	0	0.001
USC00295370	2011	12	5	10	0	0.001
USC00295370	2011	12	5	11	0	0.001
USC00295370	2011	12	5	12	0	0.001
USC00295370	2011	12	5	13	0	0.001
USC00295370	2011	12	5	14	0	0.001
USC00295370	2011	12	5	15	0	0.003
USC00295370	2011	12	5	16	0	0.003
USC00295370	2011	12	5	17	0	0.003
USC00295370	2011	12	12	6	0	0.002
USC00295370	2011	12	12	7	0	0.002
USC00295370	2011	12	12	8	0	0.002
USC00295370	2011	12	12	21	0	0.001
USC00295370	2011	12	12	22	0	0.001
USC00295370	2011	12	12	23	0	0.001
USC00295370	2011	12	13	23	0	0.011
USC00295370	2011	12	15	13	0	0.001
USC00295370	2011	12	15	14	0	0.001
USC00295370	2011	12	15	15	0	0.001
USC00295370	2011	12	15	17	0	0.003
USC00295370	2011	12	18	21	0	0.009
USC00295370	2011	12	18	23	0	0.015
USC00295370	2011	12	18	24	0	0.038
USC00295370	2011	12	19	1	0	0.14
USC00295370	2011	12	19	2	0	0.117
USC00295370	2011	12	19	3	0	0.047
USC00295370	2011	12	19	4	0	0.091
USC00295370	2011	12	19	5	0	0.015
USC00295370	2011	12	19	12	0	0.008
USC00295370	2011	12	19	19	0	0.008
USC00295370	2011	12	23	3	0	0.006
USC00295370	2011	12	23	4	0	0.006
USC00295370	2011	12	23	14	0	0.013
USC00295370	2011	12	23	15	0	0.013
USC00295370	2011	12	23	16	0	0.022
USC00295370	2011	12	23	17	0	0.024
USC00295370	2011	12	24	1	0	0.009
USC00295370	2011	12	24	2	0	0.025
USC00295370	2011	12	24	4	0	0.058
USC00295370	2011	12	24	5	0	0.058
USC00295370	2011	12	24	6	0	0.002
USC00295370	2011	12	24	7	0	0.003
USC00295370	2011	12	24	13	0	0.065
USC00295370	2011	12	24	14	0	0.059
USC00295370	2011	12	24	15	0	0.045
USC00295370	2011	12	24	16	0	0.016
USC00295370	2011	12	25	10	0	0.011
USC00295370	2011	12	25	12	0	0.011
USC00295370	2011	12	26	13	0	0.001
USC00295370	2011	12	26	15	0	0.002
USC00295370	2011	12	26	16	0	0.001
USC00295370	2011	12	26	17	0	0.001
USC00295370	2011	12	29	13	0	0.010
USC00295370	2011	12	31	3	0	0.010
USC00295370	2011	12	31	20	0	0.010
