USC00328853	1998	12	17	11	0	0.095
USC00328853	1998	12	27	18	0	0.095
USC00328853	1999	1	2	10	0	0.095
USC00328853	1999	1	2	14	0	0.095
USC00328853	1999	1	6	18	0	0.095
USC00328853	1999	1	13	4	0	0.095
USC00328853	1999	1	14	6	0	0.095
USC00328853	1999	1	14	9	0	0.095
USC00328853	1999	1	18	7	0	0.095
USC00328853	1999	1	18	11	0	0.095
USC00328853	1999	1	25	12	0	0.095
USC00328853	1999	1	27	20	0	0.095
USC00328853	1999	1	28	2	0	0.095
USC00328853	1999	1	28	10	0	0.095
USC00328853	1999	2	3	2	0	0.095
USC00328853	1999	2	15	21	0	0.095
USC00328853	1999	2	20	4	0	0.095
USC00328853	1999	2	20	11	0	0.095
USC00328853	1999	2	22	20	0	0.095
USC00328853	1999	2	27	1	0	0.095
USC00328853	1999	4	1	5	0	0.095
USC00328853	1999	4	1	6	0	0.095
USC00328853	1999	4	1	7	0	0.285
USC00328853	1999	4	1	8	0	0.190
USC00328853	1999	4	1	9	0	0.095
USC00328853	1999	4	1	10	0	0.095
USC00328853	1999	4	1	11	0	0.380
USC00328853	1999	4	1	13	0	0.095
USC00328853	1999	4	3	8	0	0.095
USC00328853	1999	4	3	11	0	0.095
USC00328853	1999	4	3	14	0	0.095
USC00328853	1999	4	7	13	0	0.095
USC00328853	1999	5	3	2	0	0.095
USC00328853	1999	5	3	3	0	0.095
USC00328853	1999	5	3	18	0	0.190
USC00328853	1999	5	3	19	0	0.190
USC00328853	1999	5	3	23	0	0.380
USC00328853	1999	5	3	24	0	0.190
USC00328853	1999	5	4	15	0	0.190
USC00328853	1999	5	4	21	0	0.095
USC00328853	1999	5	4	23	0	0.190
USC00328853	1999	5	4	24	0	0.190
USC00328853	1999	5	5	1	0	0.095
USC00328853	1999	5	5	3	0	0.095
USC00328853	1999	5	5	4	0	0.190
USC00328853	1999	5	5	5	0	0.095
USC00328853	1999	5	5	6	0	0.095
USC00328853	1999	5	5	8	0	0.095
USC00328853	1999	5	6	2	0	0.095
USC00328853	1999	5	6	4	0	0.190
USC00328853	1999	5	6	7	0	0.665
USC00328853	1999	5	6	9	0	0.095
USC00328853	1999	5	6	16	0	0.095
USC00328853	1999	5	8	2	0	0.095
USC00328853	1999	5	9	4	0	0.190
USC00328853	1999	5	9	5	0	0.190
USC00328853	1999	5	9	15	0	0.095
USC00328853	1999	5	9	23	0	0.190
USC00328853	1999	5	9	24	0	0.285
USC00328853	1999	5	10	1	0	0.285
USC00328853	1999	5	10	2	0	0.190
USC00328853	1999	5	10	3	0	0.095
USC00328853	1999	5	10	4	0	0.095
USC00328853	1999	5	10	5	0	0.095
USC00328853	1999	5	10	14	0	0.095
USC00328853	1999	5	10	19	0	0.285
USC00328853	1999	5	13	21	0	0.095
USC00328853	1999	5	14	13	0	0.095
USC00328853	1999	5	14	14	0	0.190
USC00328853	1999	5	14	15	0	0.095
USC00328853	1999	5	14	17	0	0.095
USC00328853	1999	5	14	18	0	0.095
USC00328853	1999	5	14	22	0	0.095
USC00328853	1999	5	22	1	0	0.095
USC00328853	1999	5	22	8	0	0.095
USC00328853	1999	5	22	22	0	0.095
USC00328853	1999	5	26	18	0	0.190
USC00328853	1999	5	26	19	0	0.095
USC00328853	1999	5	30	14	0	0.095
USC00328853	1999	5	30	15	0	0.095
USC00328853	1999	5	30	16	0	0.095
USC00328853	1999	5	30	17	0	0.095
USC00328853	1999	6	3	17	0	0.095
USC00328853	1999	6	6	8	0	0.190
USC00328853	1999	6	6	13	0	0.095
USC00328853	1999	6	8	2	0	0.095
USC00328853	1999	6	8	23	0	0.380
USC00328853	1999	6	9	2	0	0.190
USC00328853	1999	6	9	3	0	0.285
USC00328853	1999	6	15	5	0	0.095
USC00328853	1999	6	25	22	0	0.100
USC00328853	1999	7	3	6	0	0.091
USC00328853	1999	7	4	5	0	0.091
USC00328853	1999	7	7	23	0	0.100
USC00328853	1999	7	8	3	0	0.200
USC00328853	1999	7	15	11	0	0.200
USC00328853	1999	7	18	4	0	0.100
USC00328853	1999	7	18	6	0	0.300
USC00328853	1999	7	18	7	0	0.100
USC00328853	1999	7	18	9	0	0.100
USC00328853	1999	7	18	10	0	0.100
USC00328853	1999	7	22	13	0	0.100
USC00328853	1999	8	2	23	0	0.100
USC00328853	1999	8	6	19	0	0.190
USC00328853	1999	8	6	20	0	0.190
USC00328853	1999	8	6	21	0	0.095
USC00328853	1999	8	8	20	0	0.095
USC00328853	1999	8	12	3	0	0.190
USC00328853	1999	8	12	4	0	0.190
USC00328853	1999	8	12	7	0	0.190
USC00328853	1999	8	12	8	0	0.190
USC00328853	1999	8	12	9	0	0.095
USC00328853	1999	8	12	10	0	0.760
USC00328853	1999	8	12	11	0	0.665
USC00328853	1999	8	12	12	0	0.190
USC00328853	1999	8	12	13	0	0.190
USC00328853	1999	8	12	14	0	0.095
USC00328853	1999	8	12	15	0	0.095
USC00328853	1999	8	12	17	0	0.095
USC00328853	1999	8	15	18	0	0.570
USC00328853	1999	8	27	23	0	0.095
USC00328853	1999	8	29	11	0	0.095
USC00328853	1999	8	29	12	0	0.095
USC00328853	1999	8	29	13	0	0.095
USC00328853	1999	8	29	16	0	0.190
USC00328853	1999	8	30	12	0	0.095
USC00328853	1999	8	31	4	0	0.095
USC00328853	1999	9	3	5	0	0.091
USC00328853	1999	9	3	8	0	0.091
USC00328853	1999	9	3	10	0	0.091
USC00328853	1999	9	4	8	0	0.091
USC00328853	1999	9	4	9	0	0.183
USC00328853	1999	9	4	10	0	0.091
USC00328853	1999	9	4	11	0	0.091
USC00328853	1999	9	4	13	0	0.091
USC00328853	1999	9	11	8	0	0.091
USC00328853	1999	9	11	9	0	0.091
USC00328853	1999	9	12	17	0	0.091
USC00328853	1999	9	12	18	0	0.091
USC00328853	1999	9	25	13	0	0.091
USC00328853	1999	9	25	15	0	0.091
USC00328853	1999	9	27	9	0	0.091
USC00328853	1999	10	9	24	0	0.095
USC00328853	1999	10	12	16	0	0.095
USC00328853	1999	10	12	17	0	0.095
USC00328853	1999	10	12	18	0	0.095
USC00328853	1999	10	12	20	0	0.095
USC00328853	1999	10	14	24	0	0.095
USC00328853	1999	10	17	22	0	0.095
USC00328853	2000	1	2	21	0	0.200
USC00328853	2000	1	2	22	0	0.100
USC00328853	2000	1	10	12	0	0.095
USC00328853	2000	2	9	10	0	0.100
USC00328853	2000	2	15	5	0	0.100
USC00328853	2000	2	25	13	0	0.100
USC00328853	2000	2	25	15	0	0.100
USC00328853	2000	2	25	16	0	0.200
USC00328853	2000	2	25	17	0	0.200
USC00328853	2000	2	25	18	0	0.100
USC00328853	2000	2	25	19	0	0.200
USC00328853	2000	2	25	21	0	0.100
USC00328853	2000	3	8	12	0	0.100
USC00328853	2000	3	8	17	0	0.200
USC00328853	2000	3	8	19	0	0.100
USC00328853	2000	3	15	3	0	0.100
USC00328853	2000	3	18	2	0	0.100
USC00328853	2000	3	24	5	0	0.100
USC00328853	2000	3	24	7	0	0.100
USC00328853	2000	3	24	14	0	0.100
USC00328853	2000	4	2	24	0	0.100
USC00328853	2000	4	4	24	0	0.100
USC00328853	2000	4	5	20	0	0.100
USC00328853	2000	4	10	14	0	0.100
USC00328853	2000	4	14	7	0	0.100
USC00328853	2000	4	14	8	0	0.100
USC00328853	2000	4	14	10	0	0.100
USC00328853	2000	4	14	11	0	0.100
USC00328853	2000	4	14	12	0	0.100
USC00328853	2000	4	18	12	0	0.100
USC00328853	2000	4	18	13	0	0.100
USC00328853	2000	4	19	21	0	0.100
USC00328853	2000	4	27	3	0	0.200
USC00328853	2000	4	30	8	0	0.100
USC00328853	2000	4	30	10	0	0.200
USC00328853	2000	5	5	10	0	0.100
USC00328853	2000	5	5	13	0	0.100
USC00328853	2000	5	6	22	0	0.100
USC00328853	2000	5	6	24	0	0.100
USC00328853	2000	5	7	3	0	0.100
USC00328853	2000	5	7	9	0	0.100
USC00328853	2000	5	9	9	0	0.100
USC00328853	2000	5	10	9	0	0.100
USC00328853	2000	5	10	10	0	0.100
USC00328853	2000	5	10	11	0	0.100
USC00328853	2000	5	10	13	0	0.100
USC00328853	2000	5	10	15	0	0.100
USC00328853	2000	5	10	16	0	0.100
USC00328853	2000	5	10	17	0	0.100
USC00328853	2000	5	10	18	0	0.100
USC00328853	2000	5	10	19	0	0.100
USC00328853	2000	5	11	2	0	0.200
USC00328853	2000	5	11	3	0	0.100
USC00328853	2000	5	11	24	0	0.100
USC00328853	2000	5	26	10	0	0.100
USC00328853	2000	5	26	11	0	0.100
USC00328853	2000	5	26	12	0	0.100
USC00328853	2000	5	26	14	0	0.200
USC00328853	2000	5	26	16	0	0.100
USC00328853	2000	5	29	3	0	0.100
USC00328853	2000	5	31	4	0	0.100
USC00328853	2000	5	31	14	0	0.100
USC00328853	2000	6	3	14	0	0.200
USC00328853	2000	6	12	18	0	0.400
USC00328853	2000	6	13	5	0	0.200
USC00328853	2000	6	13	8	0	0.100
USC00328853	2000	6	13	9	0	0.300
USC00328853	2000	6	13	10	0	0.700
USC00328853	2000	6	13	15	0	0.200
USC00328853	2000	6	13	16	0	0.100
USC00328853	2000	6	13	17	0	0.200
USC00328853	2000	6	13	18	0	0.200
USC00328853	2000	6	13	19	0	0.200
USC00328853	2000	6	13	20	0	0.200
USC00328853	2000	6	14	17	0	0.100
USC00328853	2000	6	15	6	0	0.200
USC00328853	2000	6	15	7	0	0.300
USC00328853	2000	6	15	13	0	0.100
USC00328853	2000	6	15	14	0	0.100
USC00328853	2000	6	22	11	0	0.400
USC00328853	2000	6	22	12	0	0.100
USC00328853	2000	6	23	15	0	0.100
USC00328853	2000	6	24	15	0	0.100
USC00328853	2000	6	24	16	0	0.100
USC00328853	2000	7	3	1	0	0.100
USC00328853	2000	7	5	7	0	0.100
USC00328853	2000	7	5	16	0	0.100
USC00328853	2000	7	11	18	0	0.200
USC00328853	2000	7	11	19	0	0.900
USC00328853	2000	7	11	20	0	0.500
USC00328853	2000	7	11	21	0	0.200
USC00328853	2000	7	11	22	0	0.100
USC00328853	2000	7	17	12	0	0.100
USC00328853	2000	7	17	22	0	0.100
USC00328853	2000	7	18	23	0	0.100
USC00328853	2000	7	23	14	0	0.200
USC00328853	2000	8	2	21	0	0.100
USC00328853	2000	8	2	22	0	0.100
USC00328853	2000	8	3	2	0	0.100
USC00328853	2000	8	3	3	0	0.200
USC00328853	2000	8	3	4	0	0.100
USC00328853	2000	8	4	24	0	0.300
USC00328853	2000	8	5	1	0	0.100
USC00328853	2000	8	5	17	0	0.100
USC00328853	2000	8	12	1	0	0.100
USC00328853	2000	8	14	1	0	0.200
USC00328853	2000	8	16	7	0	0.100
USC00328853	2000	8	16	8	0	1.300
USC00328853	2000	8	16	10	0	0.500
USC00328853	2000	8	19	11	0	0.100
USC00328853	2000	8	19	12	0	0.100
USC00328853	2000	8	19	15	0	0.100
USC00328853	2000	8	20	21	0	0.900
USC00328853	2000	8	22	8	0	0.100
USC00328853	2000	8	30	17	0	0.100
USC00328853	2000	9	2	4	0	0.200
USC00328853	2000	9	2	5	0	0.200
USC00328853	2000	9	2	7	0	0.100
USC00328853	2000	9	2	8	0	0.100
USC00328853	2000	9	5	7	0	0.100
USC00328853	2000	9	5	23	0	0.100
USC00328853	2000	9	8	13	0	0.100
USC00328853	2000	9	19	6	0	0.100
USC00328853	2000	9	19	13	0	0.100
USC00328853	2000	9	21	12	0	0.100
USC00328853	2000	9	21	14	0	0.100
USC00328853	2000	9	21	15	0	0.200
USC00328853	2000	9	21	16	0	0.100
USC00328853	2000	9	21	19	0	0.100
USC00328853	2000	9	21	23	0	0.100
USC00328853	2000	9	22	6	0	0.100
USC00328853	2000	10	13	24	0	0.200
USC00328853	2000	10	14	1	0	0.100
USC00328853	2000	10	14	8	0	0.100
USC00328853	2000	10	16	14	0	0.100
USC00328853	2000	10	26	5	0	0.100
USC00328853	2000	10	26	11	0	0.100
USC00328853	2000	10	26	12	0	0.100
USC00328853	2000	10	28	16	0	0.100
USC00328853	2000	10	28	18	0	0.100
USC00328853	2000	10	28	21	0	0.200
USC00328853	2000	10	29	3	0	0.100
USC00328853	2000	10	29	5	0	0.100
USC00328853	2000	11	1	9	0	0.100
USC00328853	2000	11	2	4	0	0.100
USC00328853	2000	11	6	17	0	0.100
USC00328853	2000	11	10	24	0	0.100
USC00328853	2000	11	28	18	0	0.100
USC00328853	2000	12	19	4	0	0.100
USC00328853	2000	12	27	18	0	0.100
USC00328853	2001	1	15	12	0	0.100
USC00328853	2001	2	2	7	0	0.100
USC00328853	2001	3	18	14	0	0.100
USC00328853	2001	3	18	16	0	0.100
USC00328853	2001	3	30	17	0	0.100
USC00328853	2001	4	4	7	0	0.100
USC00328853	2001	4	4	11	0	0.100
USC00328853	2001	4	4	15	0	0.100
USC00328853	2001	4	6	24	0	0.100
USC00328853	2001	4	7	2	0	0.100
USC00328853	2001	4	7	4	0	0.100
USC00328853	2001	4	8	22	0	0.100
USC00328853	2001	4	9	8	0	0.100
USC00328853	2001	4	9	19	0	0.100
USC00328853	2001	4	9	20	0	0.100
USC00328853	2001	4	13	6	0	0.100
USC00328853	2001	4	30	7	0	0.100
USC00328853	2001	5	5	10	0	0.100
USC00328853	2001	5	5	15	0	0.100
USC00328853	2001	5	5	17	0	0.100
USC00328853	2001	5	5	18	0	0.100
USC00328853	2001	5	5	19	0	0.100
USC00328853	2001	5	5	22	0	0.100
USC00328853	2001	5	5	23	0	0.100
USC00328853	2001	5	6	8	0	0.200
USC00328853	2001	5	6	9	0	0.100
USC00328853	2001	5	6	12	0	0.100
USC00328853	2001	5	16	9	0	0.100
USC00328853	2001	5	18	6	0	0.100
USC00328853	2001	5	19	11	0	0.100
USC00328853	2001	5	19	12	0	0.100
USC00328853	2001	5	19	14	0	0.100
USC00328853	2001	5	19	15	0	0.100
USC00328853	2001	5	23	10	0	0.100
USC00328853	2001	5	23	16	0	0.100
USC00328853	2001	5	29	16	0	0.200
USC00328853	2001	5	29	17	0	0.100
USC00328853	2001	5	29	18	0	0.100
USC00328853	2001	5	29	23	0	0.100
USC00328853	2001	6	4	24	0	0.100
USC00328853	2001	6	5	1	0	0.100
USC00328853	2001	6	5	9	0	0.100
USC00328853	2001	6	6	10	0	0.100
USC00328853	2001	6	6	11	0	0.100
USC00328853	2001	6	6	12	0	0.100
USC00328853	2001	6	9	13	0	0.300
USC00328853	2001	6	9	15	0	0.400
USC00328853	2001	6	9	16	0	0.100
USC00328853	2001	6	10	22	0	0.100
USC00328853	2001	6	11	1	0	0.100
USC00328853	2001	6	11	2	0	0.200
USC00328853	2001	6	11	15	0	0.100
USC00328853	2001	6	12	8	0	0.100
USC00328853	2001	6	12	10	0	0.100
USC00328853	2001	6	12	14	0	0.100
USC00328853	2001	6	12	15	0	0.300
USC00328853	2001	6	12	16	0	0.100
USC00328853	2001	6	12	19	0	0.100
USC00328853	2001	6	13	21	0	0.500
USC00328853	2001	6	16	7	0	0.500
USC00328853	2001	6	16	16	0	0.200
USC00328853	2001	6	20	14	0	0.100
USC00328853	2001	6	29	6	0	0.094
USC00328853	2001	7	6	4	0	0.100
USC00328853	2001	7	11	12	0	0.100
USC00328853	2001	7	11	17	0	0.100
USC00328853	2001	7	11	18	0	0.100
USC00328853	2001	7	11	21	0	0.100
USC00328853	2001	7	14	24	0	0.100
USC00328853	2001	7	15	1	0	0.200
USC00328853	2001	7	15	4	0	0.200
USC00328853	2001	7	15	9	0	0.600
USC00328853	2001	7	15	10	0	0.100
USC00328853	2001	7	17	5	0	0.200
USC00328853	2001	7	17	14	0	0.100
USC00328853	2001	7	18	1	0	0.600
USC00328853	2001	7	18	2	0	0.100
USC00328853	2001	7	19	24	0	0.380
USC00328853	2001	7	20	1	0	0.095
USC00328853	2001	7	21	2	0	0.475
USC00328853	2001	7	21	3	0	0.095
USC00328853	2001	7	21	4	0	0.095
USC00328853	2001	7	21	5	0	0.095
USC00328853	2001	7	22	5	0	0.095
USC00328853	2001	7	22	6	0	0.095
USC00328853	2001	7	22	9	0	0.095
USC00328853	2001	7	26	7	0	0.095
USC00328853	2001	7	26	8	0	0.095
USC00328853	2001	7	27	1	0	0.475
USC00328853	2001	7	27	2	0	0.570
USC00328853	2001	7	27	3	0	0.285
USC00328853	2001	7	27	4	0	0.190
USC00328853	2001	7	28	7	0	0.095
USC00328853	2001	7	28	13	0	0.095
USC00328853	2001	7	31	2	0	0.190
USC00328853	2001	7	31	8	0	0.095
USC00328853	2001	7	31	9	0	0.285
USC00328853	2001	7	31	11	0	0.095
USC00328853	2001	8	14	19	0	0.200
USC00328853	2001	8	14	20	0	0.400
USC00328853	2001	9	1	18	0	0.100
USC00328853	2001	9	7	12	0	0.100
USC00328853	2001	9	10	6	0	0.100
USC00328853	2001	9	14	23	0	0.100
USC00328853	2001	9	20	16	0	0.100
USC00328853	2001	9	20	21	0	0.100
USC00328853	2001	10	6	10	0	0.100
USC00328853	2001	10	9	15	0	0.100
USC00328853	2001	10	9	17	0	0.100
USC00328853	2001	10	9	18	0	0.100
USC00328853	2001	10	10	11	0	0.100
USC00328853	2001	10	12	19	0	0.100
USC00328853	2001	10	23	16	0	0.100
USC00328853	2001	10	23	18	0	0.100
USC00328853	2001	11	7	4	0	0.100
USC00328853	2001	11	7	12	0	0.100
USC00328853	2001	12	5	10	0	0.100
USC00328853	2001	12	22	19	0	0.100
USC00328853	2002	1	21	12	0	0.100
USC00328853	2002	3	6	4	0	0.100
USC00328853	2002	3	9	13	0	0.100
USC00328853	2002	3	20	9	0	0.100
USC00328853	2002	4	1	16	0	0.100
USC00328853	2002	4	7	18	0	0.100
USC00328853	2002	4	17	20	0	0.100
USC00328853	2002	4	18	2	0	0.100
USC00328853	2002	4	18	6	0	0.100
USC00328853	2002	4	21	4	0	0.100
USC00328853	2002	4	23	17	0	0.100
USC00328853	2002	4	23	18	0	0.100
USC00328853	2002	4	26	22	0	0.100
USC00328853	2002	4	28	8	0	0.100
USC00328853	2002	4	29	24	0	0.100
USC00328853	2002	5	2	10	0	0.100
USC00328853	2002	5	6	16	0	0.100
USC00328853	2002	5	8	15	0	0.100
USC00328853	2002	5	8	18	0	0.100
USC00328853	2002	5	9	1	0	0.100
USC00328853	2002	5	29	21	0	0.100
USC00328853	2002	6	2	13	0	0.100
USC00328853	2002	6	4	15	0	0.100
USC00328853	2002	6	7	13	0	0.100
USC00328853	2002	6	9	7	0	0.200
USC00328853	2002	6	9	8	0	0.100
USC00328853	2002	6	9	10	0	0.100
USC00328853	2002	6	10	11	0	0.100
USC00328853	2002	6	14	22	0	0.100
USC00328853	2002	6	18	20	0	0.100
USC00328853	2002	6	18	22	0	0.200
USC00328853	2002	6	19	2	0	0.100
USC00328853	2002	6	24	1	0	0.500
USC00328853	2002	6	24	2	0	0.100
USC00328853	2002	6	29	24	0	0.100
USC00328853	2002	7	4	17	0	0.600
USC00328853	2002	7	4	21	0	0.200
USC00328853	2002	7	4	22	0	0.200
USC00328853	2002	7	9	12	0	0.100
USC00328853	2002	7	9	23	0	0.100
USC00328853	2002	7	9	24	0	0.300
USC00328853	2002	7	10	2	0	0.500
USC00328853	2002	7	10	13	0	0.100
USC00328853	2002	7	18	8	0	0.100
USC00328853	2002	7	18	9	0	0.300
USC00328853	2002	7	18	10	0	0.500
USC00328853	2002	7	20	14	0	0.400
USC00328853	2002	7	20	15	0	0.200
USC00328853	2002	7	24	20	0	0.200
USC00328853	2002	7	24	21	0	0.200
USC00328853	2002	7	31	2	0	0.100
USC00328853	2002	8	1	8	0	0.095
USC00328853	2002	8	9	17	0	0.095
USC00328853	2002	8	11	17	0	0.095
USC00328853	2002	8	16	17	0	0.095
USC00328853	2002	8	18	15	0	0.095
USC00328853	2002	8	28	16	0	0.095
USC00328853	2002	8	30	7	0	0.095
USC00328853	2002	8	30	10	0	0.095
USC00328853	2002	8	31	19	0	0.095
USC00328853	2002	9	9	10	0	0.100
USC00328853	2002	9	18	7	0	0.200
USC00328853	2002	9	27	13	0	0.100
USC00328853	2002	9	27	18	0	0.100
USC00328853	2002	9	27	23	0	0.100
USC00328853	2002	9	30	10	0	0.100
USC00328853	2002	10	5	18	0	0.100
USC00328853	2002	10	5	23	0	0.100
USC00328853	2002	10	6	1	0	0.100
USC00328853	2002	10	6	4	0	0.100
USC00328853	2002	10	6	11	0	0.100
USC00328853	2002	10	7	13	0	0.100
USC00328853	2002	10	22	11	0	0.100
USC00328853	2002	11	13	9	0	0.100
USC00328853	2002	12	6	5	0	0.100
USC00328853	2002	12	18	17	0	0.100
USC00328853	2003	1	26	20	0	0.100
USC00328853	2003	1	26	22	0	0.100
USC00328853	2003	1	27	8	0	0.100
USC00328853	2003	3	2	18	0	0.100
USC00328853	2003	3	5	21	0	0.100
USC00328853	2003	3	7	9	0	0.100
USC00328853	2003	3	12	14	0	0.100
USC00328853	2003	3	13	12	0	0.100
USC00328853	2003	3	26	10	0	0.100
USC00328853	2003	3	31	24	0	0.100
USC00328853	2003	4	16	10	0	0.095
USC00328853	2003	4	16	14	0	0.095
USC00328853	2003	4	16	15	0	0.095
USC00328853	2003	4	16	18	0	0.095
USC00328853	2003	4	17	8	0	0.095
USC00328853	2003	4	18	22	0	0.095
USC00328853	2003	4	18	23	0	0.095
USC00328853	2003	4	19	2	0	0.095
USC00328853	2003	4	19	6	0	0.095
USC00328853	2003	4	19	16	0	0.095
USC00328853	2003	4	22	13	0	0.095
USC00328853	2003	5	3	2	0	0.100
USC00328853	2003	5	3	20	0	0.100
USC00328853	2003	5	3	21	0	0.200
USC00328853	2003	5	4	3	0	0.100
USC00328853	2003	5	4	4	0	0.200
USC00328853	2003	5	4	6	0	0.100
USC00328853	2003	5	4	8	0	0.100
USC00328853	2003	5	4	10	0	0.100
USC00328853	2003	5	4	11	0	0.100
USC00328853	2003	5	4	22	0	0.100
USC00328853	2003	5	5	4	0	0.100
USC00328853	2003	5	5	7	0	0.100
USC00328853	2003	5	5	9	0	0.100
USC00328853	2003	5	5	10	0	0.100
USC00328853	2003	5	5	12	0	0.100
USC00328853	2003	5	5	13	0	0.100
USC00328853	2003	5	5	15	0	0.100
USC00328853	2003	5	5	22	0	0.100
USC00328853	2003	5	6	7	0	0.100
USC00328853	2003	5	7	14	0	0.200
USC00328853	2003	5	7	24	0	0.100
USC00328853	2003	5	8	15	0	0.100
USC00328853	2003	5	8	17	0	0.100
USC00328853	2003	5	8	19	0	0.100
USC00328853	2003	5	8	20	0	0.100
USC00328853	2003	5	8	22	0	0.100
USC00328853	2003	5	8	24	0	0.100
USC00328853	2003	5	9	2	0	0.100
USC00328853	2003	5	9	9	0	0.100
USC00328853	2003	5	10	6	0	0.100
USC00328853	2003	5	10	11	0	0.100
USC00328853	2003	5	13	6	0	0.100
USC00328853	2003	5	13	7	0	0.100
USC00328853	2003	5	13	8	0	0.200
USC00328853	2003	5	13	9	0	0.200
USC00328853	2003	5	13	10	0	0.100
USC00328853	2003	5	13	11	0	0.100
USC00328853	2003	5	13	12	0	0.200
USC00328853	2003	5	13	13	0	0.100
USC00328853	2003	5	13	16	0	0.100
USC00328853	2003	5	17	3	0	0.100
USC00328853	2003	5	17	5	0	0.100
USC00328853	2003	5	17	23	0	0.100
USC00328853	2003	5	18	4	0	0.100
USC00328853	2003	5	18	5	0	0.300
USC00328853	2003	5	18	6	0	0.100
USC00328853	2003	5	18	7	0	0.100
USC00328853	2003	5	18	8	0	0.100
USC00328853	2003	5	18	13	0	0.100
USC00328853	2003	5	18	14	0	0.100
USC00328853	2003	5	23	14	0	0.100
USC00328853	2003	5	27	7	0	0.100
USC00328853	2003	6	2	17	0	0.100
USC00328853	2003	6	3	17	0	0.100
USC00328853	2003	6	4	14	0	0.100
USC00328853	2003	6	6	6	0	0.200
USC00328853	2003	6	6	18	0	0.200
USC00328853	2003	6	6	19	0	0.100
USC00328853	2003	6	6	20	0	0.100
USC00328853	2003	6	8	4	0	0.100
USC00328853	2003	6	10	5	0	0.100
USC00328853	2003	6	12	4	0	0.700
USC00328853	2003	6	12	5	0	0.200
USC00328853	2003	6	12	7	0	0.100
USC00328853	2003	6	22	3	0	0.500
USC00328853	2003	6	22	21	0	0.100
USC00328853	2003	6	25	5	0	0.100
USC00328853	2003	6	25	6	0	0.200
USC00328853	2003	6	25	17	0	0.100
USC00328853	2003	6	27	24	0	0.100
USC00328853	2003	6	28	5	0	0.100
USC00328853	2003	7	2	12	0	0.100
USC00328853	2003	7	3	22	0	0.100
USC00328853	2003	7	9	1	0	0.200
USC00328853	2003	7	9	2	0	0.300
USC00328853	2003	7	9	3	0	0.300
USC00328853	2003	7	9	4	0	0.100
USC00328853	2003	7	9	5	0	0.100
USC00328853	2003	7	9	9	0	0.200
USC00328853	2003	7	10	8	0	0.100
USC00328853	2003	7	14	5	0	0.100
USC00328853	2003	7	14	6	0	0.200
USC00328853	2003	7	20	3	0	0.100
USC00328853	2003	8	4	21	0	0.100
USC00328853	2003	8	4	22	0	0.100
USC00328853	2003	8	5	18	0	0.100
USC00328853	2003	8	23	7	0	0.200
USC00328853	2003	8	25	8	0	0.200
USC00328853	2003	8	25	20	0	0.100
USC00328853	2003	8	27	13	0	0.100
USC00328853	2003	8	27	15	0	0.200
USC00328853	2003	8	27	20	0	0.100
USC00328853	2003	9	17	15	0	0.100
USC00328853	2003	9	17	20	0	0.100
USC00328853	2003	9	17	21	0	0.100
USC00328853	2003	9	26	17	0	0.100
USC00328853	2003	10	27	9	0	0.100
USC00328853	2003	10	30	10	0	0.100
USC00328853	2003	11	4	3	0	0.100
USC00328853	2003	11	24	24	0	0.100
USC00328853	2003	12	13	11	0	0.100
USC00328853	2003	12	27	14	0	0.100
USC00328853	2003	12	30	15	0	0.100
USC00328853	2004	1	24	22	0	0.100
USC00328853	2004	1	30	13	0	0.100
USC00328853	2004	2	12	18	0	0.100
USC00328853	2004	3	4	17	0	0.100
USC00328853	2004	3	15	20	0	0.100
USC00328853	2004	3	26	16	0	0.300
USC00328853	2004	3	26	17	0	0.200
USC00328853	2004	3	26	21	0	0.100
USC00328853	2004	3	26	22	0	0.100
USC00328853	2004	3	26	23	0	0.200
USC00328853	2004	3	26	24	0	0.100
USC00328853	2004	3	27	1	0	0.200
USC00328853	2004	3	27	2	0	0.100
USC00328853	2004	4	18	11	0	0.200
USC00328853	2004	4	18	12	0	0.100
USC00328853	2004	4	19	22	0	0.100
USC00328853	2004	4	19	23	0	0.100
USC00328853	2004	4	19	24	0	0.200
USC00328853	2004	4	22	20	0	0.100
USC00328853	2004	5	3	8	0	0.100
USC00328853	2004	5	7	10	0	0.100
USC00328853	2004	5	8	15	0	0.100
USC00328853	2004	5	8	23	0	0.200
USC00328853	2004	5	9	3	0	0.100
USC00328853	2004	5	10	23	0	0.100
USC00328853	2004	5	11	10	0	0.100
USC00328853	2004	5	12	2	0	0.100
USC00328853	2004	5	12	6	0	0.100
USC00328853	2004	5	15	13	0	0.100
USC00328853	2004	5	18	22	0	0.100
USC00328853	2004	5	19	5	0	0.100
USC00328853	2004	5	22	2	0	0.100
USC00328853	2004	5	24	2	0	0.100
USC00328853	2004	5	24	9	0	0.100
USC00328853	2004	5	24	20	0	0.100
USC00328853	2004	5	29	9	0	0.100
USC00328853	2004	5	29	10	0	0.100
USC00328853	2004	5	29	19	0	0.200
USC00328853	2004	5	29	21	0	0.200
USC00328853	2004	5	29	22	0	0.200
USC00328853	2004	5	29	23	0	0.200
USC00328853	2004	5	29	24	0	0.100
USC00328853	2004	5	30	2	0	0.100
USC00328853	2004	5	30	3	0	0.100
USC00328853	2004	5	30	4	0	0.100
USC00328853	2004	5	30	5	0	0.200
USC00328853	2004	5	30	6	0	0.200
USC00328853	2004	5	30	7	0	0.100
USC00328853	2004	5	30	8	0	0.100
USC00328853	2004	5	30	9	0	0.100
USC00328853	2004	5	30	11	0	0.100
USC00328853	2004	5	30	22	0	0.100
USC00328853	2004	5	31	4	0	0.100
USC00328853	2004	5	31	6	0	0.100
USC00328853	2004	5	31	7	0	0.100
USC00328853	2004	5	31	8	0	0.100
USC00328853	2004	5	31	10	0	0.100
USC00328853	2004	5	31	14	0	0.100
USC00328853	2004	6	1	3	0	0.100
USC00328853	2004	6	1	5	0	0.100
USC00328853	2004	6	1	15	0	0.200
USC00328853	2004	6	1	18	0	0.400
USC00328853	2004	6	10	11	0	0.300
USC00328853	2004	6	10	12	0	0.200
USC00328853	2004	6	10	15	0	0.100
USC00328853	2004	6	10	17	0	0.100
USC00328853	2004	6	10	18	0	0.100
USC00328853	2004	6	10	19	0	0.300
USC00328853	2004	6	10	20	0	0.300
USC00328853	2004	6	10	22	0	0.100
USC00328853	2004	6	10	23	0	0.100
USC00328853	2004	6	10	24	0	0.300
USC00328853	2004	6	11	2	0	0.200
USC00328853	2004	6	11	22	0	0.100
USC00328853	2004	6	14	23	0	0.100
USC00328853	2004	6	23	2	0	0.100
USC00328853	2004	6	26	19	0	0.100
USC00328853	2004	6	28	14	0	0.100
USC00328853	2004	7	1	15	0	0.200
USC00328853	2004	7	2	6	0	0.100
USC00328853	2004	7	2	7	0	0.200
USC00328853	2004	7	2	8	0	0.100
USC00328853	2004	7	2	9	0	0.200
USC00328853	2004	7	2	11	0	0.100
USC00328853	2004	7	2	12	0	0.100
USC00328853	2004	7	3	20	0	0.100
USC00328853	2004	7	5	13	0	0.100
USC00328853	2004	7	5	14	0	0.100
USC00328853	2004	7	5	15	0	0.100
USC00328853	2004	7	5	16	0	0.100
USC00328853	2004	7	5	17	0	0.100
USC00328853	2004	7	8	9	0	0.100
USC00328853	2004	7	8	11	0	0.200
USC00328853	2004	7	8	23	0	0.100
USC00328853	2004	7	15	8	0	0.100
USC00328853	2004	7	20	13	0	0.100
USC00328853	2004	7	28	1	0	0.200
USC00328853	2004	8	3	1	0	0.100
USC00328853	2004	8	4	17	0	0.100
USC00328853	2004	8	5	6	0	0.100
USC00328853	2004	8	6	21	0	0.100
USC00328853	2004	8	7	19	0	0.100
USC00328853	2004	8	9	14	0	0.100
USC00328853	2004	8	14	22	0	0.200
USC00328853	2004	8	22	6	0	0.100
USC00328853	2004	8	22	21	0	0.500
USC00328853	2004	8	22	22	0	0.100
USC00328853	2004	8	28	1	0	0.100
USC00328853	2004	9	2	8	0	0.400
USC00328853	2004	9	4	2	0	0.400
USC00328853	2004	9	4	3	0	0.100
USC00328853	2004	9	4	5	0	0.100
USC00328853	2004	9	5	14	0	0.100
USC00328853	2004	9	5	17	0	0.100
USC00328853	2004	9	13	15	0	0.100
USC00328853	2004	9	13	19	0	0.100
USC00328853	2004	9	19	23	0	0.100
USC00328853	2004	9	19	24	0	0.100
USC00328853	2004	9	20	13	0	0.100
USC00328853	2004	9	20	14	0	0.200
USC00328853	2004	9	20	15	0	0.100
USC00328853	2004	9	23	8	0	0.100
USC00328853	2004	9	23	12	0	0.100
USC00328853	2004	9	23	14	0	0.100
USC00328853	2004	9	23	15	0	0.100
USC00328853	2004	9	23	16	0	0.100
USC00328853	2004	9	23	17	0	0.200
USC00328853	2004	9	23	18	0	0.200
USC00328853	2004	9	23	19	0	0.200
USC00328853	2004	9	23	20	0	0.100
USC00328853	2004	9	23	23	0	0.100
USC00328853	2004	9	29	19	0	0.300
USC00328853	2004	10	2	11	0	0.100
USC00328853	2004	10	9	14	0	0.100
USC00328853	2004	10	18	22	0	0.100
USC00328853	2004	10	18	23	0	0.200
USC00328853	2004	10	18	24	0	0.100
USC00328853	2004	10	22	19	0	0.100
USC00328853	2004	10	24	6	0	0.100
USC00328853	2004	10	24	9	0	0.100
USC00328853	2004	10	24	13	0	0.100
USC00328853	2004	10	27	7	0	0.100
USC00328853	2004	10	29	16	0	0.100
USC00328853	2004	12	9	1	0	0.100
USC00328853	2004	12	31	12	0	0.100
USC00328853	2004	12	31	18	0	0.100
USC00328853	2005	1	5	16	0	0.100
USC00328853	2005	1	9	9	0	0.095
USC00328853	2005	1	12	10	0	0.100
USC00328853	2005	1	20	21	0	0.100
USC00328853	2005	1	21	1	0	0.100
USC00328853	2005	1	23	4	0	0.100
USC00328853	2005	3	21	20	0	0.100
USC00328853	2005	4	11	22	0	0.100
USC00328853	2005	4	12	2	0	0.100
USC00328853	2005	4	12	4	0	0.100
USC00328853	2005	4	13	13	0	0.100
USC00328853	2005	5	7	17	0	0.100
USC00328853	2005	5	7	18	0	0.100
USC00328853	2005	5	8	14	0	0.100
USC00328853	2005	5	8	15	0	0.300
USC00328853	2005	5	8	17	0	0.300
USC00328853	2005	5	8	18	0	0.300
USC00328853	2005	5	8	19	0	0.100
USC00328853	2005	5	8	20	0	0.100
USC00328853	2005	5	8	22	0	0.100
USC00328853	2005	5	9	3	0	0.100
USC00328853	2005	5	10	19	0	0.100
USC00328853	2005	5	10	21	0	0.100
USC00328853	2005	5	12	6	0	0.100
USC00328853	2005	5	12	8	0	0.200
USC00328853	2005	5	12	9	0	0.100
USC00328853	2005	5	12	13	0	0.100
USC00328853	2005	5	13	4	0	0.100
USC00328853	2005	5	13	16	0	0.100
USC00328853	2005	5	13	17	0	0.100
USC00328853	2005	5	16	23	0	0.100
USC00328853	2005	5	21	2	0	0.100
USC00328853	2005	5	29	4	0	0.100
USC00328853	2005	5	31	12	0	0.200
USC00328853	2005	5	31	13	0	0.100
USC00328853	2005	6	1	2	0	0.100
USC00328853	2005	6	1	20	0	0.100
USC00328853	2005	6	4	18	0	1.300
USC00328853	2005	6	5	9	0	0.100
USC00328853	2005	6	6	23	0	0.100
USC00328853	2005	6	6	24	0	0.200
USC00328853	2005	6	7	1	0	0.200
USC00328853	2005	6	7	3	0	0.100
USC00328853	2005	6	7	22	0	0.100
USC00328853	2005	6	7	23	0	0.200
USC00328853	2005	6	7	24	0	0.400
USC00328853	2005	6	8	1	0	0.500
USC00328853	2005	6	8	2	0	0.300
USC00328853	2005	6	8	8	0	0.100
USC00328853	2005	6	13	16	0	0.100
USC00328853	2005	6	13	19	0	0.100
USC00328853	2005	6	13	22	0	0.100
USC00328853	2005	6	21	8	0	0.100
USC00328853	2005	6	26	4	0	0.500
USC00328853	2005	6	26	5	0	0.100
USC00328853	2005	6	26	6	0	0.200
USC00328853	2005	6	26	7	0	0.100
USC00328853	2005	6	26	8	0	0.100
USC00328853	2005	6	26	22	0	0.700
USC00328853	2005	6	26	23	0	0.100
USC00328853	2005	6	29	5	0	0.600
USC00328853	2005	6	29	13	0	2.600
USC00328853	2005	6	29	14	0	0.600
USC00328853	2005	6	29	15	0	0.200
USC00328853	2005	6	29	16	0	0.100
USC00328853	2005	6	29	22	0	0.100
USC00328853	2005	6	30	4	0	0.100
USC00328853	2005	6	30	8	0	0.100
USC00328853	2005	7	2	24	0	0.190
USC00328853	2005	7	3	1	0	0.190
USC00328853	2005	7	3	2	0	0.095
USC00328853	2005	7	8	1	0	0.190
USC00328853	2005	7	8	8	0	0.095
USC00328853	2005	7	18	8	0	0.095
USC00328853	2005	7	23	4	0	0.095
USC00328853	2005	7	24	19	0	0.095
USC00328853	2005	7	24	22	0	0.095
USC00328853	2005	7	24	23	0	0.475
USC00328853	2005	7	24	24	0	0.095
USC00328853	2005	7	25	8	0	0.095
USC00328853	2005	7	25	9	0	0.095
USC00328853	2005	7	25	10	0	0.095
USC00328853	2005	7	27	9	0	0.095
USC00328853	2005	7	27	18	0	0.095
USC00328853	2005	8	4	13	0	0.095
USC00328853	2005	8	10	10	0	0.095
USC00328853	2005	8	10	11	0	0.095
USC00328853	2005	8	11	2	0	0.095
USC00328853	2005	8	11	3	0	0.095
USC00328853	2005	8	11	4	0	0.095
USC00328853	2005	8	11	5	0	0.190
USC00328853	2005	8	11	6	0	0.190
USC00328853	2005	8	19	3	0	0.095
USC00328853	2005	8	31	13	0	0.285
USC00328853	2005	9	9	2	0	0.100
USC00328853	2005	9	13	3	0	0.100
USC00328853	2005	10	4	21	0	0.100
USC00328853	2005	10	4	23	0	0.200
USC00328853	2005	10	4	24	0	0.200
USC00328853	2005	10	5	1	0	0.100
USC00328853	2005	10	5	8	0	0.100
USC00328853	2005	10	30	12	0	0.100
USC00328853	2005	11	12	13	0	0.100
USC00328853	2005	11	14	23	0	0.100
USC00328853	2005	11	18	19	0	0.100
USC00328853	2005	12	19	11	0	0.100
USC00328853	2005	12	31	11	0	0.100
USC00328853	2006	1	28	13	0	0.100
USC00328853	2006	2	8	22	0	0.100
USC00328853	2006	3	1	12	0	0.100
USC00328853	2006	3	25	18	0	0.100
USC00328853	2006	3	30	15	0	0.100
USC00328853	2006	3	30	21	0	0.100
USC00328853	2006	4	19	23	0	0.100
USC00328853	2006	4	23	16	0	0.100
USC00328853	2006	4	27	9	0	0.100
USC00328853	2006	4	27	22	0	0.100
USC00328853	2006	4	28	12	0	0.100
USC00328853	2006	4	30	14	0	0.100
USC00328853	2006	4	30	18	0	0.100
USC00328853	2006	4	30	21	0	0.100
USC00328853	2006	5	2	10	0	0.100
USC00328853	2006	5	7	6	0	0.100
USC00328853	2006	5	24	6	0	0.100
USC00328853	2006	5	24	8	0	0.100
USC00328853	2006	5	24	11	0	0.100
USC00328853	2006	5	31	24	0	0.100
USC00328853	2006	6	3	15	0	0.100
USC00328853	2006	6	8	22	0	0.300
USC00328853	2006	6	8	23	0	0.300
USC00328853	2006	6	8	24	0	0.100
USC00328853	2006	6	9	1	0	0.100
USC00328853	2006	6	9	3	0	0.100
USC00328853	2006	6	9	13	0	0.100
USC00328853	2006	6	9	14	0	0.100
USC00328853	2006	6	10	7	0	0.100
USC00328853	2006	6	10	19	0	0.100
USC00328853	2006	6	24	6	0	0.100
USC00328853	2006	6	24	20	0	0.100
USC00328853	2006	6	26	7	0	0.100
USC00328853	2006	7	11	14	0	0.100
USC00328853	2006	7	12	23	0	0.100
USC00328853	2006	7	20	16	0	0.100
USC00328853	2006	7	20	17	0	0.100
USC00328853	2006	7	20	18	0	0.100
USC00328853	2006	7	28	21	0	0.200
USC00328853	2006	7	28	23	0	0.100
USC00328853	2006	7	29	3	0	0.100
USC00328853	2006	8	4	23	0	0.100
USC00328853	2006	8	13	24	0	0.100
USC00328853	2006	8	16	21	0	0.100
USC00328853	2006	8	18	16	0	0.100
USC00328853	2006	8	18	19	0	0.100
USC00328853	2006	8	18	21	0	0.100
USC00328853	2006	8	25	6	0	0.100
USC00328853	2006	9	15	12	0	0.100
USC00328853	2006	9	15	22	0	0.100
USC00328853	2006	9	16	9	0	0.200
USC00328853	2006	9	16	12	0	0.100
USC00328853	2006	9	17	11	0	0.100
USC00328853	2006	9	21	23	0	0.100
USC00328853	2006	9	22	1	0	0.100
USC00328853	2006	9	22	3	0	0.100
USC00328853	2006	9	22	8	0	0.100
USC00328853	2006	9	22	14	0	0.100
USC00328853	2006	9	22	16	0	0.100
USC00328853	2006	9	22	17	0	0.100
USC00328853	2006	9	22	19	0	0.100
USC00328853	2006	9	22	22	0	0.100
USC00328853	2006	9	23	1	0	0.100
USC00328853	2006	9	27	11	0	0.100
USC00328853	2006	10	4	11	0	0.100
USC00328853	2006	10	4	13	0	0.100
USC00328853	2006	10	11	9	0	0.100
USC00328853	2006	10	17	23	0	0.100
USC00328853	2006	10	18	1	0	0.100
USC00328853	2006	10	18	2	0	0.100
USC00328853	2006	10	18	3	0	0.100
USC00328853	2006	10	18	5	0	0.100
USC00328853	2006	10	18	6	0	0.100
USC00328853	2006	10	20	14	0	0.100
USC00328853	2006	12	30	8	0	0.100
USC00328853	2006	12	30	10	0	0.100
USC00328853	2006	12	30	12	0	0.100
USC00328853	2006	12	30	15	0	0.100
USC00328853	2006	12	30	21	0	0.100
USC00328853	2007	1	24	6	0	0.100
USC00328853	2007	2	6	3	0	0.100
USC00328853	2007	2	25	10	0	0.100
USC00328853	2007	3	1	5	0	0.100
USC00328853	2007	3	2	19	0	0.100
USC00328853	2007	3	28	3	0	0.100
USC00328853	2007	3	28	6	0	0.200
USC00328853	2007	3	28	7	0	0.100
USC00328853	2007	3	28	22	0	0.100
USC00328853	2007	3	29	1	0	0.100
USC00328853	2007	3	29	3	0	0.100
USC00328853	2007	3	29	6	0	0.100
USC00328853	2007	3	30	7	0	0.100
USC00328853	2007	3	30	8	0	0.200
USC00328853	2007	3	30	9	0	0.200
USC00328853	2007	3	30	10	0	0.100
USC00328853	2007	3	30	15	0	0.100
USC00328853	2007	3	31	11	0	0.100
USC00328853	2007	3	31	13	0	0.100
USC00328853	2007	3	31	18	0	0.100
USC00328853	2007	4	2	18	0	0.100
USC00328853	2007	4	11	8	0	0.100
USC00328853	2007	4	19	17	0	0.029
USC00328853	2007	4	19	18	0	0.032
USC00328853	2007	4	19	19	0	0.054
USC00328853	2007	4	19	20	0	0.034
USC00328853	2007	5	2	12	0	0.100
USC00328853	2007	5	4	3	0	0.100
USC00328853	2007	5	5	5	0	0.100
USC00328853	2007	5	5	9	0	0.200
USC00328853	2007	5	5	12	0	0.200
USC00328853	2007	5	5	24	0	0.100
USC00328853	2007	5	6	8	0	0.100
USC00328853	2007	5	6	20	0	0.100
USC00328853	2007	5	11	4	0	0.100
USC00328853	2007	5	11	11	0	0.100
USC00328853	2007	5	13	24	0	0.100
USC00328853	2007	5	21	20	0	0.700
USC00328853	2007	5	21	21	0	0.100
USC00328853	2007	5	22	7	0	0.200
USC00328853	2007	5	22	8	0	0.100
USC00328853	2007	5	22	9	0	0.100
USC00328853	2007	5	22	10	0	0.100
USC00328853	2007	5	25	7	0	0.100
USC00328853	2007	5	25	18	0	0.100
USC00328853	2007	5	25	19	0	0.100
USC00328853	2007	5	25	20	0	0.200
USC00328853	2007	5	25	21	0	0.300
USC00328853	2007	5	25	22	0	0.100
USC00328853	2007	5	25	23	0	0.200
USC00328853	2007	5	26	3	0	0.100
USC00328853	2007	5	26	9	0	0.100
USC00328853	2007	5	28	5	0	0.100
USC00328853	2007	5	28	24	0	0.300
USC00328853	2007	5	29	1	0	0.100
USC00328853	2007	5	29	2	0	0.100
USC00328853	2007	5	30	4	0	0.100
USC00328853	2007	5	30	7	0	0.100
USC00328853	2007	5	30	8	0	0.100
USC00328853	2007	5	30	9	0	0.100
USC00328853	2007	5	30	10	0	0.200
USC00328853	2007	5	30	11	0	0.200
USC00328853	2007	5	30	12	0	0.300
USC00328853	2007	5	30	13	0	0.200
USC00328853	2007	5	30	14	0	0.100
USC00328853	2007	5	30	17	0	0.100
USC00328853	2007	6	1	5	0	0.018
USC00328853	2007	6	1	6	0	0.122
USC00328853	2007	6	1	8	0	0.001
USC00328853	2007	6	1	12	0	0.100
USC00328853	2007	6	1	14	0	0.200
USC00328853	2007	6	3	7	0	0.100
USC00328853	2007	6	6	3	0	0.100
USC00328853	2007	6	6	23	0	0.200
USC00328853	2007	6	6	24	0	0.300
USC00328853	2007	6	7	1	0	0.100
USC00328853	2007	6	7	6	0	0.100
USC00328853	2007	6	7	9	0	0.100
USC00328853	2007	6	7	11	0	0.100
USC00328853	2007	6	12	17	0	1.400
USC00328853	2007	6	12	18	0	0.300
USC00328853	2007	6	12	19	0	0.100
USC00328853	2007	6	12	21	0	0.100
USC00328853	2007	6	13	4	0	0.100
USC00328853	2007	6	16	23	0	0.100
USC00328853	2007	6	16	24	0	0.200
USC00328853	2007	6	17	1	0	0.600
USC00328853	2007	6	17	20	0	0.100
USC00328853	2007	6	17	21	0	0.100
USC00328853	2007	7	1	19	0	0.100
USC00328853	2007	7	3	3	0	0.100
USC00328853	2007	7	10	10	0	0.300
USC00328853	2007	7	10	11	0	0.200
USC00328853	2007	7	16	22	0	0.100
USC00328853	2007	7	26	15	0	0.800
USC00328853	2007	8	4	23	0	0.100
USC00328853	2007	8	5	23	0	0.100
USC00328853	2007	8	7	21	0	0.200
USC00328853	2007	8	7	22	0	0.100
USC00328853	2007	8	7	24	0	0.200
USC00328853	2007	8	8	1	0	0.100
USC00328853	2007	8	8	2	0	0.200
USC00328853	2007	8	10	19	0	0.100
USC00328853	2007	8	14	7	0	0.100
USC00328853	2007	9	8	3	0	0.100
USC00328853	2007	9	8	4	0	0.200
USC00328853	2007	9	8	5	0	0.100
USC00328853	2007	9	8	6	0	0.100
USC00328853	2007	9	8	7	0	0.100
USC00328853	2007	9	8	9	0	0.100
USC00328853	2007	9	8	10	0	0.100
USC00328853	2007	9	8	11	0	0.100
USC00328853	2007	9	8	13	0	0.100
USC00328853	2007	9	8	15	0	0.100
USC00328853	2007	9	16	18	0	0.100
USC00328853	2007	9	23	24	0	0.200
USC00328853	2007	10	6	24	0	0.100
USC00328853	2007	10	17	3	0	0.100
USC00328853	2007	12	1	12	0	0.100
USC00328853	2007	12	24	16	0	0.100
USC00328853	2008	1	28	18	0	0.100
USC00328853	2008	2	5	9	0	0.100
USC00328853	2008	2	27	24	0	0.100
USC00328853	2008	3	20	22	0	0.100
USC00328853	2008	3	28	19	0	0.100
USC00328853	2008	3	29	18	0	0.100
USC00328853	2008	4	21	4	0	0.200
USC00328853	2008	4	21	5	0	0.200
USC00328853	2008	4	24	2	0	0.100
USC00328853	2008	4	24	3	0	0.100
USC00328853	2008	4	24	5	0	0.100
USC00328853	2008	5	6	15	0	0.100
USC00328853	2008	5	12	15	0	0.100
USC00328853	2008	5	29	11	0	0.100
USC00328853	2008	5	30	9	0	0.100
USC00328853	2008	6	1	20	0	0.100
USC00328853	2008	6	2	19	0	0.100
USC00328853	2008	6	2	23	0	0.100
USC00328853	2008	6	2	24	0	0.100
USC00328853	2008	6	3	1	0	0.100
USC00328853	2008	6	3	2	0	0.100
USC00328853	2008	6	3	3	0	0.200
USC00328853	2008	6	3	5	0	0.100
USC00328853	2008	6	5	22	0	0.100
USC00328853	2008	6	5	24	0	0.100
USC00328853	2008	6	6	1	0	0.300
USC00328853	2008	6	6	2	0	0.400
USC00328853	2008	6	6	3	0	0.100
USC00328853	2008	6	6	4	0	0.100
USC00328853	2008	6	6	5	0	0.100
USC00328853	2008	6	10	24	0	0.100
USC00328853	2008	6	11	2	0	0.100
USC00328853	2008	6	11	3	0	0.100
USC00328853	2008	6	11	4	0	0.100
USC00328853	2008	6	11	5	0	0.100
USC00328853	2008	6	11	12	0	0.200
USC00328853	2008	6	11	13	0	0.400
USC00328853	2008	6	11	14	0	0.400
USC00328853	2008	6	11	15	0	0.100
USC00328853	2008	6	11	16	0	0.100
USC00328853	2008	6	11	20	0	0.100
USC00328853	2008	6	12	16	0	0.100
USC00328853	2008	6	14	24	0	0.100
USC00328853	2008	6	18	21	0	0.100
USC00328853	2008	6	18	22	0	0.100
USC00328853	2008	6	22	7	0	0.100
USC00328853	2008	6	26	19	0	0.100
USC00328853	2008	6	27	24	0	0.100
USC00328853	2008	7	7	3	0	0.500
USC00328853	2008	7	7	4	0	0.200
USC00328853	2008	7	7	5	0	0.200
USC00328853	2008	7	7	6	0	0.100
USC00328853	2008	7	7	7	0	0.100
USC00328853	2008	7	7	8	0	0.100
USC00328853	2008	7	16	10	0	0.100
USC00328853	2008	7	19	9	0	0.100
USC00328853	2008	7	23	8	0	0.600
USC00328853	2008	7	23	9	0	0.100
USC00328853	2008	7	23	10	0	0.100
USC00328853	2008	7	23	19	0	0.200
USC00328853	2008	7	28	11	0	0.100
USC00328853	2008	8	10	7	0	0.100
USC00328853	2008	8	10	8	0	0.100
USC00328853	2008	8	10	21	0	0.300
USC00328853	2008	8	10	22	0	0.200
USC00328853	2008	8	11	7	0	0.100
USC00328853	2008	8	26	20	0	0.200
USC00328853	2008	8	27	17	0	0.100
USC00328853	2008	9	1	13	0	0.300
USC00328853	2008	9	1	14	0	0.100
USC00328853	2008	9	2	1	0	0.100
USC00328853	2008	9	4	6	0	0.100
USC00328853	2008	9	4	9	0	0.100
USC00328853	2008	9	4	12	0	0.100
USC00328853	2008	9	4	14	0	0.100
USC00328853	2008	9	10	9	0	0.100
USC00328853	2008	9	10	20	0	0.100
USC00328853	2008	9	13	20	0	0.100
USC00328853	2008	9	13	21	0	0.100
USC00328853	2008	9	21	18	0	0.100
USC00328853	2008	9	21	19	0	0.100
USC00328853	2008	9	21	24	0	0.100
USC00328853	2008	9	22	1	0	0.100
USC00328853	2008	9	22	18	0	0.100
USC00328853	2008	9	22	19	0	0.100
USC00328853	2008	9	22	22	0	0.800
USC00328853	2008	9	22	23	0	0.400
USC00328853	2008	9	22	24	0	1.000
USC00328853	2008	9	23	1	0	0.200
USC00328853	2008	10	5	13	0	0.100
USC00328853	2008	10	5	14	0	0.100
USC00328853	2008	10	5	23	0	0.100
USC00328853	2008	10	5	24	0	0.100
USC00328853	2008	10	6	1	0	0.100
USC00328853	2008	10	6	3	0	0.100
USC00328853	2008	10	6	4	0	0.100
USC00328853	2008	10	6	5	0	0.100
USC00328853	2008	10	6	6	0	0.100
USC00328853	2008	10	11	23	0	0.100
USC00328853	2008	10	11	24	0	0.100
USC00328853	2008	10	12	1	0	0.100
USC00328853	2008	10	12	3	0	0.100
USC00328853	2008	10	12	5	0	0.200
USC00328853	2008	10	12	6	0	0.200
USC00328853	2008	10	12	7	0	0.200
USC00328853	2008	10	12	8	0	0.100
USC00328853	2008	10	12	9	0	0.100
USC00328853	2008	10	12	10	0	0.200
USC00328853	2008	10	12	11	0	0.100
USC00328853	2008	10	12	12	0	0.100
USC00328853	2008	10	14	23	0	0.100
USC00328853	2008	10	21	12	0	0.100
USC00328853	2008	10	21	13	0	0.100
USC00328853	2008	10	21	14	0	0.100
USC00328853	2008	10	21	15	0	0.100
USC00328853	2008	10	21	16	0	0.100
USC00328853	2008	10	21	18	0	0.100
USC00328853	2008	10	21	20	0	0.100
USC00328853	2008	11	5	12	0	0.100
USC00328853	2008	11	5	15	0	0.100
USC00328853	2008	11	5	17	0	0.100
USC00328853	2008	11	5	20	0	0.100
USC00328853	2008	11	5	23	0	0.100
USC00328853	2008	11	5	24	0	0.100
USC00328853	2008	11	11	16	0	0.100
USC00328853	2008	12	7	11	0	0.100
USC00328853	2008	12	8	1	0	0.100
USC00328853	2008	12	13	22	0	0.100
USC00328853	2008	12	14	1	0	0.100
USC00328853	2008	12	14	4	0	0.100
USC00328853	2008	12	14	11	0	0.100
USC00328853	2008	12	17	12	0	0.100
USC00328853	2008	12	22	18	0	0.100
USC00328853	2008	12	29	22	0	0.100
USC00328853	2008	12	29	23	0	0.100
USC00328853	2008	12	29	24	0	0.100
USC00328853	2008	12	30	1	0	0.100
USC00328853	2008	12	30	4	0	0.200
USC00328853	2008	12	31	19	0	0.100
USC00328853	2009	1	2	17	0	0.100
USC00328853	2009	1	2	23	0	0.100
USC00328853	2009	1	5	12	0	0.100
USC00328853	2009	1	8	19	0	0.100
USC00328853	2009	1	8	21	0	0.100
USC00328853	2009	1	8	22	0	0.200
USC00328853	2009	1	8	23	0	0.100
USC00328853	2009	1	8	24	0	0.100
USC00328853	2009	1	9	4	0	0.100
USC00328853	2009	1	9	11	0	0.100
USC00328853	2009	1	11	22	0	0.100
USC00328853	2009	1	11	23	0	0.100
USC00328853	2009	1	11	24	0	0.100
USC00328853	2009	1	12	2	0	0.100
USC00328853	2009	1	12	5	0	0.100
USC00328853	2009	1	13	9	0	0.100
USC00328853	2009	1	13	11	0	0.100
USC00328853	2009	1	13	13	0	0.100
USC00328853	2009	1	13	14	0	0.100
USC00328853	2009	1	13	17	0	0.100
USC00328853	2009	1	16	13	0	0.100
USC00328853	2009	1	30	10	0	0.100
USC00328853	2009	2	4	7	0	0.100
USC00328853	2009	2	5	11	0	0.100
USC00328853	2009	2	8	21	0	0.100
USC00328853	2009	2	8	22	0	0.200
USC00328853	2009	2	8	23	0	0.100
USC00328853	2009	2	8	24	0	0.100
USC00328853	2009	2	9	16	0	0.100
USC00328853	2009	2	9	17	0	0.100
USC00328853	2009	2	9	18	0	0.100
USC00328853	2009	2	9	19	0	0.100
USC00328853	2009	2	9	21	0	0.100
USC00328853	2009	2	20	6	0	0.100
USC00328853	2009	2	23	12	0	0.100
USC00328853	2009	2	23	14	0	0.100
USC00328853	2009	2	27	10	0	0.100
USC00328853	2009	3	2	16	0	0.100
USC00328853	2009	3	3	1	0	0.100
USC00328853	2009	3	10	10	0	0.100
USC00328853	2009	3	10	15	0	0.100
USC00328853	2009	3	10	18	0	0.100
USC00328853	2009	3	10	20	0	0.100
USC00328853	2009	3	11	10	0	0.100
USC00328853	2009	3	14	11	0	0.100
USC00328853	2009	3	22	16	0	0.100
USC00328853	2009	3	23	17	0	0.100
USC00328853	2009	3	23	21	0	0.100
USC00328853	2009	3	23	24	0	0.100
USC00328853	2009	3	25	22	0	0.100
USC00328853	2009	3	31	4	0	0.100
USC00328853	2009	4	12	6	0	0.100
USC00328853	2009	4	16	1	0	0.200
USC00328853	2009	4	16	4	0	0.100
USC00328853	2009	4	26	12	0	0.100
USC00328853	2009	4	26	15	0	0.100
USC00328853	2009	4	26	17	0	0.100
USC00328853	2009	4	27	9	0	0.100
USC00328853	2009	4	29	8	0	0.100
USC00328853	2009	4	29	11	0	0.100
USC00328853	2009	4	29	12	0	0.100
USC00328853	2009	4	29	19	0	0.100
USC00328853	2009	5	4	17	0	0.100
USC00328853	2009	5	4	18	0	0.100
USC00328853	2009	5	10	20	0	0.100
USC00328853	2009	5	12	2	0	0.100
USC00328853	2009	5	12	12	0	0.100
USC00328853	2009	5	12	22	0	0.100
USC00328853	2009	5	22	5	0	0.100
USC00328853	2009	5	25	1	0	0.100
USC00328853	2009	5	25	3	0	0.100
USC00328853	2009	5	25	4	0	0.400
USC00328853	2009	5	25	5	0	0.100
USC00328853	2009	5	25	6	0	0.100
USC00328853	2009	6	6	12	0	0.100
USC00328853	2009	6	6	13	0	0.100
USC00328853	2009	6	6	24	0	0.100
USC00328853	2009	6	7	17	0	0.100
USC00328853	2009	6	7	19	0	0.100
USC00328853	2009	6	8	3	0	0.100
USC00328853	2009	6	8	6	0	0.100
USC00328853	2009	6	8	7	0	0.100
USC00328853	2009	6	15	5	0	0.200
USC00328853	2009	6	15	6	0	0.100
USC00328853	2009	6	15	10	0	0.100
USC00328853	2009	6	15	16	0	0.900
USC00328853	2009	6	15	17	0	0.600
USC00328853	2009	6	15	18	0	0.100
USC00328853	2009	6	15	20	0	0.100
USC00328853	2009	6	15	22	0	0.100
USC00328853	2009	6	15	23	0	0.100
USC00328853	2009	6	15	24	0	0.100
USC00328853	2009	6	16	1	0	0.100
USC00328853	2009	6	23	10	0	0.100
USC00328853	2009	6	26	21	0	0.600
USC00328853	2009	6	26	22	0	0.700
USC00328853	2009	6	26	23	0	0.100
USC00328853	2009	6	30	17	0	0.100
USC00328853	2009	7	4	16	0	0.100
USC00328853	2009	7	7	9	0	0.400
USC00328853	2009	7	7	10	0	0.400
USC00328853	2009	7	7	11	0	0.100
USC00328853	2009	7	8	15	0	0.100
USC00328853	2009	7	9	1	0	0.100
USC00328853	2009	7	9	2	0	1.300
USC00328853	2009	7	11	24	0	0.200
USC00328853	2009	7	12	1	0	0.200
USC00328853	2009	7	13	11	0	0.100
USC00328853	2009	7	14	10	0	0.100
USC00328853	2009	7	14	11	0	0.100
USC00328853	2009	7	29	14	0	0.100
USC00328853	2009	7	31	13	0	0.100
USC00328853	2009	7	31	16	0	0.100
USC00328853	2009	7	31	17	0	0.100
USC00328853	2009	8	7	2	0	0.100
USC00328853	2009	8	7	11	0	0.100
USC00328853	2009	8	7	23	0	0.300
USC00328853	2009	8	12	8	0	0.100
USC00328853	2009	8	15	22	0	0.700
USC00328853	2009	8	20	16	0	0.009
USC00328853	2009	8	20	17	0	0.017
USC00328853	2009	8	20	18	0	0.012
USC00328853	2009	8	29	15	0	0.002
USC00328853	2009	8	29	16	0	0.002
USC00328853	2009	9	8	5	0	0.400
USC00328853	2009	9	8	18	0	0.100
USC00328853	2009	9	10	23	0	0.500
USC00328853	2009	9	10	24	0	0.200
USC00328853	2009	9	11	1	0	0.200
USC00328853	2009	9	11	2	0	0.100
USC00328853	2009	9	21	18	0	0.100
USC00328853	2009	9	21	19	0	0.100
USC00328853	2009	9	21	21	0	0.100
USC00328853	2009	10	1	4	0	0.100
USC00328853	2009	10	1	5	0	0.200
USC00328853	2009	10	1	6	0	0.100
USC00328853	2009	10	1	16	0	0.100
USC00328853	2009	10	1	21	0	0.100
USC00328853	2009	10	1	23	0	0.100
USC00328853	2009	10	2	2	0	0.100
USC00328853	2009	10	2	7	0	0.100
USC00328853	2009	10	2	9	0	0.100
USC00328853	2009	10	4	23	0	0.001
USC00328853	2009	10	4	24	0	0.008
USC00328853	2009	10	5	1	0	0.002
USC00328853	2009	10	5	3	0	0.023
USC00328853	2009	10	5	4	0	0.02
USC00328853	2009	10	5	12	0	0.003
USC00328853	2009	10	5	13	0	0.031
USC00328853	2009	10	5	14	0	0.03
USC00328853	2009	10	5	20	0	0.100
USC00328853	2009	10	5	23	0	0.100
USC00328853	2009	10	6	1	0	0.100
USC00328853	2009	10	6	3	0	0.100
USC00328853	2009	10	12	9	0	0.100
USC00328853	2009	10	16	11	0	0.100
USC00328853	2009	10	19	22	0	0.100
USC00328853	2009	10	19	23	0	0.200
USC00328853	2009	10	19	24	0	0.100
USC00328853	2009	10	20	2	0	0.200
USC00328853	2009	10	20	12	0	0.100
USC00328853	2009	10	20	14	0	0.100
USC00328853	2009	10	24	17	0	0.100
USC00328853	2009	10	24	23	0	0.100
USC00328853	2009	10	29	4	0	0.100
USC00328853	2009	10	29	12	0	0.100
USC00328853	2009	11	2	17	0	0.100
USC00328853	2009	11	12	22	0	0.100
USC00328853	2009	12	23	15	0	0.100
USC00328853	2009	12	24	7	0	0.100
USC00328853	2009	12	26	11	0	0.100
USC00328853	2010	1	9	21	0	0.100
USC00328853	2010	1	19	15	0	0.100
USC00328853	2010	1	22	18	0	0.100
USC00328853	2010	1	23	6	0	0.100
USC00328853	2010	1	25	12	0	0.100
USC00328853	2010	1	25	16	0	0.100
USC00328853	2010	2	5	5	0	0.100
USC00328853	2010	2	7	5	0	0.100
USC00328853	2010	2	13	16	0	0.100
USC00328853	2010	2	25	11	0	0.100
USC00328853	2010	3	7	11	0	0.100
USC00328853	2010	3	7	12	0	0.200
USC00328853	2010	3	7	16	0	0.200
USC00328853	2010	3	9	11	0	0.100
USC00328853	2010	3	9	14	0	0.100
USC00328853	2010	3	9	15	0	0.021
USC00328853	2010	3	9	16	0	0.029
USC00328853	2010	3	9	17	0	0.022
USC00328853	2010	3	10	9	0	0.100
USC00328853	2010	3	10	12	0	0.100
USC00328853	2010	3	10	15	0	0.100
USC00328853	2010	3	10	19	0	0.100
USC00328853	2010	3	11	6	0	0.100
USC00328853	2010	3	13	11	0	0.100
USC00328853	2010	3	18	24	0	0.100
USC00328853	2010	3	22	20	0	0.100
USC00328853	2010	3	31	2	0	0.100
USC00328853	2010	4	1	8	0	0.100
USC00328853	2010	4	1	10	0	0.300
USC00328853	2010	4	1	19	0	0.100
USC00328853	2010	4	1	20	0	0.100
USC00328853	2010	4	1	21	0	0.100
USC00328853	2010	4	1	22	0	0.100
USC00328853	2010	4	1	24	0	0.100
USC00328853	2010	4	2	3	0	0.100
USC00328853	2010	4	2	5	0	0.100
USC00328853	2010	4	2	10	0	0.100
USC00328853	2010	4	2	16	0	0.100
USC00328853	2010	4	13	24	0	0.100
USC00328853	2010	4	24	5	0	0.100
USC00328853	2010	4	25	18	0	0.100
USC00328853	2010	4	25	19	0	0.100
USC00328853	2010	4	25	21	0	0.100
USC00328853	2010	4	26	7	0	0.100
USC00328853	2010	4	28	13	0	0.100
USC00328853	2010	5	2	12	0	0.100
USC00328853	2010	5	6	15	0	0.100
USC00328853	2010	5	6	19	0	0.100
USC00328853	2010	5	6	22	0	0.100
USC00328853	2010	5	7	9	0	0.100
USC00328853	2010	5	9	17	0	0.100
USC00328853	2010	5	12	23	0	0.100
USC00328853	2010	5	13	1	0	0.100
USC00328853	2010	5	13	2	0	0.100
USC00328853	2010	5	13	5	0	0.100
USC00328853	2010	5	13	15	0	0.100
USC00328853	2010	5	21	21	0	0.100
USC00328853	2010	5	21	22	0	0.200
USC00328853	2010	5	21	24	0	0.100
USC00328853	2010	5	22	1	0	0.100
USC00328853	2010	5	24	4	0	0.100
USC00328853	2010	5	24	9	0	0.300
USC00328853	2010	5	24	19	0	0.200
USC00328853	2010	5	24	20	0	0.100
USC00328853	2010	5	24	21	0	0.100
USC00328853	2010	5	24	22	0	0.100
USC00328853	2010	6	3	12	0	0.100
USC00328853	2010	6	3	13	0	0.07
USC00328853	2010	6	3	14	0	0.002
USC00328853	2010	6	3	16	0	0.100
USC00328853	2010	6	17	1	0	0.100
USC00328853	2010	6	17	2	0	0.100
USC00328853	2010	6	17	6	0	0.100
USC00328853	2010	6	17	7	0	0.400
USC00328853	2010	6	17	14	0	0.400
USC00328853	2010	6	17	15	0	0.600
USC00328853	2010	6	22	3	0	0.100
USC00328853	2010	6	22	4	0	0.200
USC00328853	2010	6	22	5	0	0.100
USC00328853	2010	6	24	22	0	0.100
USC00328853	2010	6	24	23	0	0.600
USC00328853	2010	6	24	24	0	0.100
USC00328853	2010	6	26	7	0	0.400
USC00328853	2010	6	26	8	0	0.300
USC00328853	2010	6	26	9	0	0.100
USC00328853	2010	6	26	18	0	0.100
USC00328853	2010	6	26	19	0	0.100
USC00328853	2010	6	26	20	0	0.200
USC00328853	2010	7	10	22	0	0.300
USC00328853	2010	7	10	23	0	0.400
USC00328853	2010	7	10	24	0	0.500
USC00328853	2010	7	13	4	0	0.100
USC00328853	2010	7	13	16	0	0.100
USC00328853	2010	7	14	3	0	0.200
USC00328853	2010	7	23	16	0	0.100
USC00328853	2010	7	27	2	0	0.200
USC00328853	2010	7	27	3	0	0.100
USC00328853	2010	7	27	10	0	0.100
USC00328853	2010	7	30	1	0	0.300
USC00328853	2010	7	30	2	0	0.100
USC00328853	2010	8	1	3	0	0.100
USC00328853	2010	8	3	19	0	0.300
USC00328853	2010	8	7	3	0	0.100
USC00328853	2010	8	12	1	0	0.100
USC00328853	2010	8	13	1	0	0.300
USC00328853	2010	8	13	2	0	0.200
USC00328853	2010	8	13	3	0	0.100
USC00328853	2010	8	14	12	0	0.100
USC00328853	2010	8	29	9	0	0.100
USC00328853	2010	8	29	10	0	0.200
USC00328853	2010	8	29	11	0	0.200
USC00328853	2010	8	29	12	0	0.100
USC00328853	2010	8	30	4	0	0.700
USC00328853	2010	8	30	5	0	0.100
USC00328853	2010	8	30	20	0	0.100
USC00328853	2010	9	1	17	0	0.100
USC00328853	2010	9	2	10	0	0.200
USC00328853	2010	9	2	12	0	0.100
USC00328853	2010	9	6	11	0	0.100
USC00328853	2010	9	6	12	0	0.200
USC00328853	2010	9	6	13	0	0.300
USC00328853	2010	9	6	14	0	0.200
USC00328853	2010	9	6	15	0	0.600
USC00328853	2010	9	6	16	0	0.200
USC00328853	2010	9	6	17	0	0.400
USC00328853	2010	9	6	18	0	0.200
USC00328853	2010	9	6	19	0	0.200
USC00328853	2010	9	6	20	0	0.100
USC00328853	2010	9	6	21	0	0.100
USC00328853	2010	9	9	11	0	0.200
USC00328853	2010	9	9	12	0	0.100
USC00328853	2010	9	9	16	0	0.100
USC00328853	2010	9	10	1	0	0.100
USC00328853	2010	9	20	14	0	0.100
USC00328853	2010	9	22	10	0	0.100
USC00328853	2010	9	23	5	0	0.100
USC00328853	2010	9	23	9	0	0.100
USC00328853	2010	9	23	10	0	0.100
USC00328853	2010	9	23	11	0	0.100
USC00328853	2010	9	23	12	0	0.100
USC00328853	2010	9	23	13	0	0.100
USC00328853	2010	9	23	14	0	0.100
USC00328853	2010	9	23	15	0	0.100
USC00328853	2010	9	23	17	0	0.100
USC00328853	2010	9	24	19	0	0.100
USC00328853	2010	10	11	24	0	0.100
USC00328853	2010	10	25	12	0	0.100
USC00328853	2010	10	25	18	0	0.100
USC00328853	2010	10	27	8	0	0.100
USC00328853	2010	11	21	9	0	0.100
USC00328853	2010	11	25	15	0	0.100
USC00328853	2010	12	1	15	0	0.002
USC00328853	2010	12	1	16	0	0.003
USC00328853	2010	12	1	17	0	0.001
USC00328853	2010	12	3	9	0	0.011
USC00328853	2010	12	3	10	0	0.052
USC00328853	2010	12	3	11	0	0.05
USC00328853	2010	12	3	12	0	0.037
USC00328853	2010	12	3	13	0	0.037
USC00328853	2010	12	3	14	0	0.054
USC00328853	2010	12	3	15	0	0.045
USC00328853	2010	12	3	16	0	0.009
USC00328853	2010	12	3	17	0	0.004
USC00328853	2010	12	3	18	0	0.024
USC00328853	2010	12	3	19	0	0.022
USC00328853	2010	12	3	20	0	0.018
USC00328853	2010	12	3	21	0	0.023
USC00328853	2010	12	3	22	0	0.022
USC00328853	2010	12	10	4	0	0.01
USC00328853	2010	12	10	6	0	0.006
USC00328853	2010	12	10	13	0	0.001
USC00328853	2010	12	10	14	0	0.024
USC00328853	2010	12	10	15	0	0.051
USC00328853	2010	12	10	16	0	0.055
USC00328853	2010	12	10	17	0	0.034
USC00328853	2010	12	10	18	0	0.057
USC00328853	2010	12	10	19	0	0.065
USC00328853	2010	12	10	20	0	0.072
USC00328853	2010	12	10	21	0	0.034
USC00328853	2010	12	10	22	0	0.032
USC00328853	2010	12	10	23	0	0.044
USC00328853	2010	12	10	24	0	0.036
USC00328853	2010	12	11	1	0	0.018
USC00328853	2010	12	11	2	0	0.009
USC00328853	2010	12	11	3	0	0.009
USC00328853	2010	12	13	2	0	0.001
USC00328853	2010	12	13	4	0	0.002
USC00328853	2010	12	13	5	0	0.002
USC00328853	2010	12	13	6	0	0.001
USC00328853	2010	12	15	1	0	0.002
USC00328853	2010	12	15	2	0	0.004
USC00328853	2010	12	15	3	0	0.004
USC00328853	2010	12	15	4	0	0.004
USC00328853	2010	12	15	5	0	0.002
USC00328853	2010	12	15	6	0	0.003
USC00328853	2010	12	15	13	0	0.002
USC00328853	2010	12	15	14	0	0.019
USC00328853	2010	12	15	15	0	0.027
USC00328853	2010	12	15	16	0	0.017
USC00328853	2010	12	15	17	0	0.029
USC00328853	2010	12	15	18	0	0.029
USC00328853	2010	12	15	19	0	0.028
USC00328853	2010	12	15	20	0	0.019
USC00328853	2010	12	15	21	0	0.007
USC00328853	2010	12	15	22	0	0.002
USC00328853	2010	12	15	23	0	0.012
USC00328853	2010	12	15	24	0	0.019
USC00328853	2010	12	16	1	0	0.022
USC00328853	2010	12	16	2	0	0.02
USC00328853	2010	12	16	3	0	0.008
USC00328853	2010	12	16	4	0	0.002
USC00328853	2010	12	16	6	0	0.001
USC00328853	2010	12	16	7	0	0.019
USC00328853	2010	12	16	17	0	0.012
USC00328853	2010	12	18	9	0	0.023
USC00328853	2010	12	20	9	0	0.011
USC00328853	2010	12	20	10	0	0.033
USC00328853	2010	12	20	11	0	0.034
USC00328853	2010	12	20	12	0	0.04
USC00328853	2010	12	20	13	0	0.081
USC00328853	2010	12	20	14	0	0.045
USC00328853	2010	12	20	15	0	0.024
USC00328853	2010	12	20	16	0	0.002
USC00328853	2010	12	20	18	0	0.03
USC00328853	2010	12	20	19	0	0.015
USC00328853	2010	12	21	7	0	0.002
USC00328853	2010	12	23	3	0	0.003
USC00328853	2010	12	23	13	0	0.005
USC00328853	2010	12	23	14	0	0.065
USC00328853	2010	12	23	15	0	0.023
USC00328853	2010	12	24	19	0	0.03
USC00328853	2010	12	24	20	0	0.03
USC00328853	2010	12	24	21	0	0.03
USC00328853	2010	12	29	15	0	0.007
USC00328853	2010	12	29	16	0	0.007
USC00328853	2010	12	29	18	0	0.014
USC00328853	2010	12	29	19	0	0.038
USC00328853	2010	12	29	20	0	0.024
USC00328853	2010	12	29	21	0	0.018
USC00328853	2010	12	29	22	0	0.006
USC00328853	2010	12	30	17	0	0.007
USC00328853	2010	12	31	22	0	0.036
USC00328853	2011	1	2	14	0	0.021
USC00328853	2011	1	3	10	0	0.025
USC00328853	2011	1	3	17	0	0.003
USC00328853	2011	1	3	19	0	0.01
USC00328853	2011	1	5	3	0	0.002
USC00328853	2011	1	5	4	0	0.008
USC00328853	2011	1	5	20	0	0.026
USC00328853	2011	1	6	20	0	0.02
USC00328853	2011	1	6	21	0	0.015
USC00328853	2011	1	7	4	0	0.005
USC00328853	2011	1	7	9	0	0.001
USC00328853	2011	1	7	19	0	0.001
USC00328853	2011	1	9	15	0	0.101
USC00328853	2011	1	10	7	0	0.005
USC00328853	2011	1	10	8	0	0.005
USC00328853	2011	1	10	9	0	0.005
USC00328853	2011	1	11	6	0	0.005
USC00328853	2011	1	11	10	0	0.01
USC00328853	2011	1	14	1	0	0.002
USC00328853	2011	1	14	3	0	0.002
USC00328853	2011	1	14	4	0	0.007
USC00328853	2011	1	14	5	0	0.002
USC00328853	2011	1	14	6	0	0.01
USC00328853	2011	1	14	9	0	0.002
USC00328853	2011	1	14	10	0	0.008
USC00328853	2011	1	14	11	0	0.038
USC00328853	2011	1	14	12	0	0.097
USC00328853	2011	1	14	13	0	0.01
USC00328853	2011	1	15	20	0	0.029
USC00328853	2011	1	15	21	0	0.039
USC00328853	2011	1	15	22	0	0.022
USC00328853	2011	1	16	14	0	0.022
USC00328853	2011	1	16	15	0	0.003
USC00328853	2011	1	16	17	0	0.011
USC00328853	2011	1	16	18	0	0.007
USC00328853	2011	1	16	19	0	0.002
USC00328853	2011	1	17	7	0	0.003
USC00328853	2011	1	17	8	0	0.002
USC00328853	2011	1	17	9	0	0.005
USC00328853	2011	1	17	10	0	0.02
USC00328853	2011	1	18	14	0	0.005
USC00328853	2011	1	18	15	0	0.025
USC00328853	2011	1	18	16	0	0.011
USC00328853	2011	1	21	4	0	0.100
USC00328853	2011	1	31	4	0	0.100
USC00328853	2011	2	8	8	0	0.100
USC00328853	2011	2	17	10	0	0.100
USC00328853	2011	2	22	18	0	0.200
USC00328853	2011	2	23	8	0	0.200
USC00328853	2011	2	27	21	0	0.001
USC00328853	2011	3	5	22	0	0.011
USC00328853	2011	3	5	23	0	0.017
USC00328853	2011	3	5	24	0	0.016
USC00328853	2011	3	6	1	0	0.018
USC00328853	2011	3	6	2	0	0.014
USC00328853	2011	3	6	3	0	0.015
USC00328853	2011	3	6	4	0	0.027
USC00328853	2011	3	6	5	0	0.027
USC00328853	2011	3	8	6	0	0.002
USC00328853	2011	3	8	9	0	0.011
USC00328853	2011	3	8	10	0	0.009
USC00328853	2011	3	8	13	0	0.015
USC00328853	2011	3	8	14	0	0.033
USC00328853	2011	3	8	15	0	0.014
USC00328853	2011	3	8	16	0	0.016
USC00328853	2011	3	13	10	0	0.100
USC00328853	2011	3	22	10	0	0.100
USC00328853	2011	3	22	11	0	0.100
USC00328853	2011	3	22	13	0	0.100
USC00328853	2011	3	22	14	0	0.200
USC00328853	2011	3	22	15	0	0.200
USC00328853	2011	3	22	16	0	0.200
USC00328853	2011	3	22	19	0	0.100
USC00328853	2011	3	22	24	0	0.100
USC00328853	2011	4	3	19	0	0.100
USC00328853	2011	4	8	3	0	0.100
USC00328853	2011	4	8	5	0	0.100
USC00328853	2011	4	10	8	0	0.100
USC00328853	2011	4	14	24	0	0.100
USC00328853	2011	4	15	3	0	0.100
USC00328853	2011	4	15	6	0	0.100
USC00328853	2011	4	15	10	0	0.100
USC00328853	2011	4	18	2	0	0.100
USC00328853	2011	4	20	6	0	0.100
USC00328853	2011	4	21	12	0	0.100
USC00328853	2011	4	22	13	0	0.100
USC00328853	2011	4	22	15	0	0.200
USC00328853	2011	4	22	17	0	0.100
USC00328853	2011	4	22	20	0	0.100
USC00328853	2011	4	23	4	0	0.100
USC00328853	2011	4	28	1	0	0.100
USC00328853	2011	4	30	16	0	0.100
USC00328853	2011	5	1	1	0	0.100
USC00328853	2011	5	6	18	0	0.100
USC00328853	2011	5	8	21	0	0.100
USC00328853	2011	5	9	11	0	0.100
USC00328853	2011	5	9	13	0	0.100
USC00328853	2011	5	9	14	0	0.300
USC00328853	2011	5	10	2	0	0.100
USC00328853	2011	5	10	3	0	0.500
USC00328853	2011	5	10	4	0	0.100
USC00328853	2011	5	10	12	0	0.100
USC00328853	2011	5	14	5	0	0.100
USC00328853	2011	5	14	8	0	0.100
USC00328853	2011	5	14	11	0	0.100
USC00328853	2011	5	20	14	0	0.100
USC00328853	2011	5	21	3	0	0.100
USC00328853	2011	5	21	5	0	0.100
USC00328853	2011	5	21	7	0	0.100
USC00328853	2011	5	22	4	0	0.100
USC00328853	2011	5	30	4	0	0.100
USC00328853	2011	5	30	5	0	0.200
USC00328853	2011	5	30	12	0	0.100
USC00328853	2011	5	30	17	0	0.100
USC00328853	2011	6	12	23	0	0.200
USC00328853	2011	6	12	24	0	0.300
USC00328853	2011	6	14	11	0	0.100
USC00328853	2011	6	14	13	0	0.100
USC00328853	2011	6	14	16	0	0.100
USC00328853	2011	6	17	5	0	0.100
USC00328853	2011	6	17	7	0	0.100
USC00328853	2011	6	17	16	0	0.100
USC00328853	2011	6	18	24	0	0.100
USC00328853	2011	6	21	4	0	0.100
USC00328853	2011	6	21	17	0	0.100
USC00328853	2011	6	21	22	0	0.100
USC00328853	2011	6	22	10	0	0.100
USC00328853	2011	6	26	8	0	0.100
USC00328853	2011	6	26	10	0	0.100
USC00328853	2011	6	26	13	0	0.100
USC00328853	2011	6	26	14	0	0.100
USC00328853	2011	6	27	3	0	0.100
USC00328853	2011	7	8	14	0	0.100
USC00328853	2011	7	8	19	0	0.100
USC00328853	2011	7	10	14	0	0.200
USC00328853	2011	7	15	1	0	0.100
USC00328853	2011	7	22	23	0	0.100
USC00328853	2011	7	22	24	0	0.700
USC00328853	2011	7	23	1	0	0.200
USC00328853	2011	7	23	2	0	0.100
USC00328853	2011	7	23	4	0	0.100
USC00328853	2011	7	23	5	0	0.100
USC00328853	2011	7	24	17	0	0.100
USC00328853	2011	7	24	18	0	0.400
USC00328853	2011	8	1	1	0	0.100
USC00328853	2011	8	1	2	0	0.100
USC00328853	2011	8	1	3	0	0.200
USC00328853	2011	8	1	4	0	0.100
USC00328853	2011	8	5	20	0	0.300
USC00328853	2011	8	5	21	0	1.000
USC00328853	2011	8	11	15	0	0.500
USC00328853	2011	8	12	12	0	0.100
USC00328853	2011	8	12	13	0	1.000
USC00328853	2011	8	12	14	0	0.200
USC00328853	2011	8	12	15	0	0.200
USC00328853	2011	8	12	16	0	0.100
USC00328853	2011	8	12	17	0	0.100
USC00328853	2011	8	16	3	0	0.200
USC00328853	2011	8	16	4	0	0.100
USC00328853	2011	8	22	20	0	0.700
USC00328853	2011	8	28	2	0	0.200
USC00328853	2011	8	28	3	0	0.200
USC00328853	2011	8	31	24	0	0.100
USC00328853	2011	9	1	24	0	0.100
USC00328853	2011	9	18	1	0	0.100
USC00328853	2011	9	19	24	0	0.200
USC00328853	2011	9	20	1	0	0.100
USC00328853	2011	9	20	2	0	0.100
USC00328853	2011	9	20	8	0	0.200
USC00328853	2011	9	20	9	0	0.100
USC00328853	2011	9	20	10	0	0.100
USC00328853	2011	9	20	11	0	0.100
USC00328853	2011	9	20	12	0	0.100
USC00328853	2011	9	20	13	0	0.100
USC00328853	2011	9	20	14	0	0.100
USC00328853	2011	10	6	1	0	0.100
USC00328853	2011	10	6	5	0	0.100
USC00328853	2011	10	8	6	0	0.100
USC00328853	2011	10	8	7	0	0.100
USC00328853	2011	10	8	9	0	0.100
USC00328853	2011	10	8	11	0	0.100
USC00328853	2011	10	8	12	0	0.100
USC00328853	2011	10	8	14	0	0.100
USC00328853	2011	10	9	19	0	0.034
USC00328853	2011	10	9	20	0	0.025
USC00328853	2011	10	9	22	0	0.018
USC00328853	2011	10	9	23	0	0.066
USC00328853	2011	10	9	24	0	0.066
USC00328853	2011	10	10	1	0	0.004
USC00328853	2011	10	10	7	0	0.007
USC00328853	2011	10	11	24	0	0.002
USC00328853	2011	10	12	1	0	0.01
USC00328853	2011	10	12	2	0	0.001
USC00328853	2011	10	12	3	0	0.006
USC00328853	2011	10	12	21	0	0.001
USC00328853	2011	10	12	22	0	0.001
USC00328853	2011	10	12	23	0	0.001
USC00328853	2011	10	12	24	0	0.002
USC00328853	2011	10	13	1	0	0.002
USC00328853	2011	10	13	14	0	0.015
USC00328853	2011	10	13	16	0	0.055
USC00328853	2011	10	13	17	0	0.007
USC00328853	2011	10	13	24	0	0.001
USC00328853	2011	10	23	10	0	0.100
USC00328853	2011	10	25	11	0	0.100
USC00328853	2011	10	25	19	0	0.100
USC00328853	2011	11	14	12	0	0.100
USC00328853	2011	12	18	9	0	0.100
USC00328853	2011	12	30	1	0	0.100
USC00328853	2011	12	31	11	0	0.100
