USC00262557	1990	1	14	3	0	0.200
USC00262557	1990	1	14	5	0	0.100
USC00262557	1990	1	14	6	0	0.200
USC00262557	1990	1	14	12	0	0.100
USC00262557	1990	1	15	10	0	0.100
USC00262557	1990	1	16	6	0	0.100
USC00262557	1990	1	16	20	0	0.100
USC00262557	1990	1	16	22	0	0.100
USC00262557	1990	1	16	23	0	0.100
USC00262557	1990	1	16	24	0	0.100
USC00262557	1990	1	17	2	0	0.100
USC00262557	1990	1	17	5	0	0.100
USC00262557	1990	1	17	7	0	0.100
USC00262557	1990	1	17	8	0	0.100
USC00262557	1990	1	17	9	0	0.100
USC00262557	1990	1	17	11	0	0.100
USC00262557	1990	2	1	7	0	0.100
USC00262557	1990	2	1	9	0	0.100
USC00262557	1990	2	1	11	0	0.100
USC00262557	1990	2	17	23	0	0.100
USC00262557	1990	2	18	13	0	0.100
USC00262557	1990	2	18	14	0	0.200
USC00262557	1990	3	12	9	0	0.100
USC00262557	1990	3	28	8	0	0.100
USC00262557	1990	3	28	11	0	0.100
USC00262557	1990	4	6	24	0	0.100
USC00262557	1990	4	18	17	0	0.100
USC00262557	1990	4	23	18	0	0.200
USC00262557	1990	4	23	19	0	0.100
USC00262557	1990	4	23	20	0	0.200
USC00262557	1990	4	23	21	0	0.400
USC00262557	1990	4	24	7	0	0.100
USC00262557	1990	5	28	4	0	0.100
USC00262557	1990	5	28	7	0	0.100
USC00262557	1990	5	28	13	0	0.100
USC00262557	1990	5	28	14	0	0.200
USC00262557	1990	5	28	15	0	0.100
USC00262557	1990	5	28	16	0	0.300
USC00262557	1990	5	28	19	0	0.200
USC00262557	1990	6	9	22	0	0.300
USC00262557	1990	6	10	8	0	0.100
USC00262557	1990	6	10	9	0	0.100
USC00262557	1990	6	11	5	0	0.100
USC00262557	1990	7	8	2	0	0.100
USC00262557	1990	7	14	16	0	0.100
USC00262557	1990	7	14	17	0	0.100
USC00262557	1990	7	17	20	0	0.300
USC00262557	1990	7	17	22	0	0.100
USC00262557	1990	8	11	19	0	0.100
USC00262557	1990	8	12	1	0	0.100
USC00262557	1990	8	13	10	0	0.100
USC00262557	1990	8	15	23	0	0.100
USC00262557	1990	8	16	1	0	0.100
USC00262557	1990	9	18	12	0	0.100
USC00262557	1990	9	18	15	0	0.100
USC00262557	1990	9	22	15	0	0.100
USC00262557	1990	9	22	19	0	0.200
USC00262557	1990	9	22	20	0	0.100
USC00262557	1990	9	22	21	0	0.100
USC00262557	1990	9	23	9	0	0.400
USC00262557	1990	9	23	10	0	0.100
USC00262557	1990	9	24	5	0	0.100
USC00262557	1990	9	24	6	0	0.100
USC00262557	1990	9	24	7	0	0.100
USC00262557	1990	10	19	6	0	0.100
USC00262557	1990	11	1	11	0	0.100
USC00262557	1990	11	26	4	0	0.143
USC00262557	1990	11	26	11	0	0.143
USC00262557	1990	12	11	24	0	0.143
USC00262557	1990	12	12	4	0	0.143
USC00262557	1991	1	3	15	0	0.143
USC00262557	1991	1	3	20	0	0.143
USC00262557	1991	1	4	2	0	0.143
USC00262557	1991	2	27	21	0	0.143
USC00262557	1991	2	28	2	0	0.143
USC00262557	1991	2	28	4	0	0.143
USC00262557	1991	2	28	15	0	0.287
USC00262557	1991	2	28	19	0	0.143
USC00262557	1991	3	13	19	0	0.143
USC00262557	1991	3	13	20	0	0.143
USC00262557	1991	3	13	21	0	0.143
USC00262557	1991	3	18	12	0	0.143
USC00262557	1991	3	19	15	0	0.143
USC00262557	1991	3	20	22	0	0.143
USC00262557	1991	3	27	5	0	0.143
USC00262557	1991	3	27	9	0	0.143
USC00262557	1991	5	30	15	0	0.100
USC00262557	1991	5	30	16	0	0.100
USC00262557	1991	5	30	18	0	0.100
USC00262557	1991	5	30	23	0	0.100
USC00262557	1991	5	31	3	0	0.100
USC00262557	1991	5	31	4	0	0.100
USC00262557	1991	5	31	5	0	0.100
USC00262557	1991	5	31	7	0	0.100
USC00262557	1991	5	31	13	0	0.100
USC00262557	1991	5	31	19	0	0.100
USC00262557	1991	7	31	23	0	0.100
USC00262557	1991	7	31	24	0	0.200
USC00262557	1991	8	2	15	0	0.100
USC00262557	1991	8	10	19	0	0.100
USC00262557	1991	8	10	21	0	0.100
USC00262557	1991	8	11	4	0	0.100
USC00262557	1991	8	12	19	0	0.300
USC00262557	1991	8	31	7	0	0.100
USC00262557	1991	8	31	8	0	0.100
USC00262557	1991	8	31	12	0	0.100
USC00262557	1991	9	3	12	0	0.100
USC00262557	1991	9	6	10	0	0.200
USC00262557	1991	9	6	11	0	0.100
USC00262557	1991	9	6	13	0	0.100
USC00262557	1991	9	6	18	0	0.100
USC00262557	1991	9	6	21	0	0.200
USC00262557	1991	9	6	22	0	0.100
USC00262557	1991	9	8	9	0	0.100
USC00262557	1991	10	23	21	0	0.100
USC00262557	1991	10	24	2	0	0.100
USC00262557	1991	10	26	23	0	0.300
USC00262557	1991	10	27	1	0	0.100
USC00262557	1991	11	14	8	0	0.100
USC00262557	1991	11	14	12	0	0.100
USC00262557	1991	11	15	10	0	0.100
USC00262557	1991	11	17	22	0	0.100
USC00262557	1991	12	10	9	0	0.100
USC00262557	1991	12	10	18	0	0.100
USC00262557	1991	12	19	2	0	0.100
USC00262557	1991	12	19	7	0	0.100
USC00262557	1991	12	19	10	0	0.100
USC00262557	1991	12	29	21	0	0.100
USC00262557	1991	12	29	23	0	0.100
USC00262557	1991	12	29	24	0	0.100
USC00262557	1991	12	30	3	0	0.100
USC00262557	1991	12	30	7	0	0.100
USC00262557	1991	12	30	9	0	0.100
USC00262557	1992	1	4	7	0	0.100
USC00262557	1992	1	5	1	0	0.100
USC00262557	1992	1	5	6	0	0.100
USC00262557	1992	1	5	9	0	0.100
USC00262557	1992	1	5	12	0	0.100
USC00262557	1992	1	5	14	0	0.100
USC00262557	1992	1	5	15	0	0.100
USC00262557	1992	1	5	16	0	0.200
USC00262557	1992	1	5	21	0	0.100
USC00262557	1992	1	5	22	0	0.300
USC00262557	1992	1	5	23	0	0.200
USC00262557	1992	1	6	6	0	0.100
USC00262557	1992	1	6	9	0	0.100
USC00262557	1992	1	6	11	0	0.200
USC00262557	1992	1	6	12	0	0.100
USC00262557	1992	1	6	13	0	0.100
USC00262557	1992	1	6	14	0	0.100
USC00262557	1992	2	7	10	0	0.100
USC00262557	1992	2	9	24	0	0.100
USC00262557	1992	2	10	4	0	0.100
USC00262557	1992	2	10	8	0	0.200
USC00262557	1992	2	10	9	0	0.100
USC00262557	1992	2	10	11	0	0.100
USC00262557	1992	2	10	14	0	0.100
USC00262557	1992	2	10	15	0	0.100
USC00262557	1992	2	10	16	0	0.200
USC00262557	1992	2	10	17	0	0.100
USC00262557	1992	2	10	23	0	0.100
USC00262557	1992	2	11	1	0	0.100
USC00262557	1992	2	11	4	0	0.100
USC00262557	1992	2	11	6	0	0.100
USC00262557	1992	2	11	9	0	0.100
USC00262557	1992	2	12	1	0	0.100
USC00262557	1992	2	12	3	0	0.100
USC00262557	1992	2	12	6	0	0.100
USC00262557	1992	2	12	10	0	0.100
USC00262557	1992	2	12	12	0	0.100
USC00262557	1992	2	12	14	0	0.100
USC00262557	1992	2	12	16	0	0.100
USC00262557	1992	2	12	17	0	0.100
USC00262557	1992	2	12	18	0	0.100
USC00262557	1992	2	12	19	0	0.100
USC00262557	1992	2	12	21	0	0.100
USC00262557	1992	2	12	22	0	0.200
USC00262557	1992	2	12	24	0	0.100
USC00262557	1992	2	13	1	0	0.100
USC00262557	1992	2	13	8	0	0.100
USC00262557	1992	2	13	15	0	0.100
USC00262557	1992	2	13	19	0	0.100
USC00262557	1992	2	15	16	0	0.300
USC00262557	1992	2	15	22	0	0.100
USC00262557	1992	2	15	23	0	0.100
USC00262557	1992	3	2	17	0	0.200
USC00262557	1992	3	2	18	0	0.200
USC00262557	1992	3	2	20	0	0.100
USC00262557	1992	3	2	22	0	0.200
USC00262557	1992	3	2	23	0	0.100
USC00262557	1992	3	3	2	0	0.143
USC00262557	1992	3	3	7	0	0.143
USC00262557	1992	3	3	11	0	0.143
USC00262557	1992	3	3	22	0	0.143
USC00262557	1992	3	6	18	0	0.143
USC00262557	1992	3	7	8	0	0.287
USC00262557	1992	3	7	9	0	0.143
USC00262557	1992	3	7	12	0	0.143
USC00262557	1992	3	7	20	0	0.143
USC00262557	1992	3	8	1	0	0.143
USC00262557	1992	3	8	5	0	0.143
USC00262557	1992	3	8	9	0	0.143
USC00262557	1992	3	8	13	0	0.143
USC00262557	1992	3	8	21	0	0.143
USC00262557	1992	3	21	7	0	0.200
USC00262557	1992	3	21	8	0	0.100
USC00262557	1992	3	21	10	0	0.100
USC00262557	1992	3	21	18	0	0.100
USC00262557	1992	3	22	2	0	0.100
USC00262557	1992	3	22	5	0	0.100
USC00262557	1992	3	22	15	0	0.100
USC00262557	1992	3	22	23	0	0.100
USC00262557	1992	3	22	24	0	0.200
USC00262557	1992	3	23	1	0	0.100
USC00262557	1992	3	23	2	0	0.200
USC00262557	1992	3	23	8	0	0.100
USC00262557	1992	3	23	9	0	0.100
USC00262557	1992	3	23	11	0	0.200
USC00262557	1992	3	27	4	0	0.100
USC00262557	1992	3	27	7	0	0.100
USC00262557	1992	3	27	10	0	0.100
USC00262557	1992	3	27	12	0	0.100
USC00262557	1992	3	27	14	0	0.100
USC00262557	1992	3	27	24	0	0.100
USC00262557	1992	3	30	4	0	0.100
USC00262557	1992	3	30	7	0	0.100
USC00262557	1992	3	30	8	0	0.100
USC00262557	1992	3	30	9	0	0.100
USC00262557	1992	3	30	11	0	0.100
USC00262557	1992	3	30	12	0	0.100
USC00262557	1992	3	31	10	0	0.100
USC00262557	1992	3	31	12	0	0.200
USC00262557	1992	5	6	13	0	0.267
USC00262557	1992	5	20	11	0	0.133
USC00262557	1992	5	27	6	0	0.100
USC00262557	1992	5	27	16	0	0.100
USC00262557	1992	5	28	14	0	0.100
USC00262557	1992	5	29	15	0	0.300
USC00262557	1992	6	24	18	0	0.200
USC00262557	1992	7	10	16	0	0.400
USC00262557	1992	7	10	18	0	0.100
USC00262557	1992	7	12	13	0	0.800
USC00262557	1992	8	11	14	0	0.100
USC00262557	1992	8	15	16	0	0.100
USC00262557	1992	8	30	23	0	0.300
USC00262557	1992	10	24	5	0	0.200
USC00262557	1992	10	24	6	0	0.200
USC00262557	1992	10	24	7	0	0.200
USC00262557	1992	10	24	8	0	0.300
USC00262557	1992	10	24	9	0	0.200
USC00262557	1992	10	24	10	0	0.200
USC00262557	1992	10	24	16	0	0.100
USC00262557	1992	10	28	3	0	0.100
USC00262557	1992	10	28	4	0	0.100
USC00262557	1992	10	28	16	0	0.100
USC00262557	1992	10	28	22	0	0.100
USC00262557	1992	10	30	14	0	0.100
USC00262557	1992	10	30	15	0	0.200
USC00262557	1992	10	30	16	0	0.200
USC00262557	1992	10	30	20	0	0.200
USC00262557	1992	12	7	14	0	0.100
USC00262557	1992	12	7	20	0	0.100
USC00262557	1992	12	11	22	0	0.100
USC00262557	1992	12	11	23	0	0.100
USC00262557	1992	12	18	11	0	0.100
USC00262557	1992	12	18	12	0	0.100
USC00262557	1992	12	27	22	0	0.100
USC00262557	1992	12	27	24	0	0.100
USC00262557	1992	12	28	7	0	0.100
USC00262557	1992	12	28	9	0	0.100
USC00262557	1992	12	28	11	0	0.100
USC00262557	1992	12	28	13	0	0.100
USC00262557	1992	12	29	13	0	0.100
USC00262557	1992	12	29	23	0	0.100
USC00262557	1992	12	30	2	0	0.100
USC00262557	1993	1	2	7	0	0.100
USC00262557	1993	1	2	10	0	0.100
USC00262557	1993	1	2	13	0	0.100
USC00262557	1993	1	6	12	0	0.100
USC00262557	1993	1	6	16	0	0.100
USC00262557	1993	1	6	20	0	0.100
USC00262557	1993	1	7	1	0	0.100
USC00262557	1993	1	7	6	0	0.100
USC00262557	1993	1	7	7	0	0.100
USC00262557	1993	1	7	18	0	0.100
USC00262557	1993	1	7	21	0	0.100
USC00262557	1993	1	7	22	0	0.100
USC00262557	1993	1	7	24	0	0.100
USC00262557	1993	1	8	1	0	0.100
USC00262557	1993	1	8	2	0	0.100
USC00262557	1993	1	8	6	0	0.100
USC00262557	1993	1	9	15	0	0.100
USC00262557	1993	1	9	21	0	0.100
USC00262557	1993	1	10	8	0	0.100
USC00262557	1993	1	10	11	0	0.100
USC00262557	1993	1	10	12	0	0.100
USC00262557	1993	1	10	17	0	0.100
USC00262557	1993	1	10	20	0	0.100
USC00262557	1993	1	13	11	0	0.100
USC00262557	1993	1	13	13	0	0.100
USC00262557	1993	1	13	14	0	0.100
USC00262557	1993	1	13	16	0	0.100
USC00262557	1993	1	13	18	0	0.100
USC00262557	1993	1	13	20	0	0.100
USC00262557	1993	1	13	22	0	0.100
USC00262557	1993	1	14	1	0	0.100
USC00262557	1993	1	14	5	0	0.100
USC00262557	1993	1	14	6	0	0.100
USC00262557	1993	1	14	8	0	0.100
USC00262557	1993	1	14	16	0	0.100
USC00262557	1993	1	14	18	0	0.100
USC00262557	1993	1	15	18	0	0.100
USC00262557	1993	1	15	22	0	0.100
USC00262557	1993	1	16	1	0	0.100
USC00262557	1993	1	16	7	0	0.100
USC00262557	1993	1	16	16	0	0.100
USC00262557	1993	1	16	18	0	0.100
USC00262557	1993	1	16	19	0	0.100
USC00262557	1993	1	17	3	0	0.100
USC00262557	1993	1	17	9	0	0.100
USC00262557	1993	1	17	14	0	0.100
USC00262557	1993	1	17	15	0	0.100
USC00262557	1993	1	17	16	0	0.100
USC00262557	1993	1	17	17	0	0.100
USC00262557	1993	1	17	19	0	0.100
USC00262557	1993	1	17	20	0	0.100
USC00262557	1993	1	17	23	0	0.100
USC00262557	1993	1	18	8	0	0.100
USC00262557	1993	1	18	14	0	0.100
USC00262557	1993	1	18	15	0	0.100
USC00262557	1993	1	30	15	0	0.100
USC00262557	1993	1	30	16	0	0.100
USC00262557	1993	1	30	21	0	0.100
USC00262557	1993	1	31	7	0	0.100
USC00262557	1993	1	31	12	0	0.100
USC00262557	1993	1	31	14	0	0.100
USC00262557	1993	2	8	3	0	0.100
USC00262557	1993	2	8	6	0	0.200
USC00262557	1993	2	8	7	0	0.100
USC00262557	1993	2	8	8	0	0.100
USC00262557	1993	2	8	9	0	0.200
USC00262557	1993	2	8	10	0	0.200
USC00262557	1993	2	8	11	0	0.100
USC00262557	1993	2	8	12	0	0.100
USC00262557	1993	2	8	14	0	0.200
USC00262557	1993	2	8	15	0	0.100
USC00262557	1993	2	8	16	0	0.200
USC00262557	1993	2	8	20	0	0.100
USC00262557	1993	2	8	21	0	0.106
USC00262557	1993	2	9	2	0	0.106
USC00262557	1993	2	9	6	0	0.106
USC00262557	1993	2	10	16	0	0.861
USC00262557	1993	2	18	8	0	0.143
USC00262557	1993	2	18	16	0	0.143
USC00262557	1993	2	19	4	0	0.143
USC00262557	1993	2	23	23	0	0.106
USC00262557	1993	3	3	14	0	0.143
USC00262557	1993	3	26	14	0	0.143
USC00262557	1993	3	26	19	0	0.143
USC00262557	1993	3	27	2	0	0.143
USC00262557	1993	3	27	7	0	0.143
USC00262557	1993	3	28	10	0	0.143
USC00262557	1993	5	16	11	0	0.100
USC00262557	1993	6	5	2	0	0.100
USC00262557	1993	6	5	5	0	0.100
USC00262557	1993	6	5	14	0	0.100
USC00262557	1993	6	5	17	0	0.200
USC00262557	1993	6	5	18	0	0.200
USC00262557	1993	6	5	19	0	0.100
USC00262557	1993	6	5	20	0	0.100
USC00262557	1993	6	5	21	0	0.100
USC00262557	1993	6	6	8	0	0.100
USC00262557	1993	6	8	11	0	0.100
USC00262557	1993	8	4	22	0	0.100
USC00262557	1993	8	28	15	0	0.100
USC00262557	1993	8	29	18	0	0.500
USC00262557	1993	8	29	19	0	0.100
USC00262557	1993	10	11	5	0	0.200
USC00262557	1993	10	11	6	0	0.100
USC00262557	1993	11	11	7	0	0.100
USC00262557	1993	11	11	8	0	0.100
USC00262557	1993	11	11	9	0	0.100
USC00262557	1993	11	12	12	0	0.100
USC00262557	1993	11	13	9	0	0.100
USC00262557	1993	11	14	2	0	0.100
USC00262557	1993	11	14	3	0	0.100
USC00262557	1993	11	14	13	0	0.100
USC00262557	1993	11	30	7	0	0.100
USC00262557	1993	11	30	10	0	0.100
USC00262557	1993	12	11	20	0	0.200
USC00262557	1993	12	12	9	0	0.100
USC00262557	1994	1	24	8	0	0.100
USC00262557	1994	1	25	7	0	0.100
USC00262557	1994	1	25	9	0	0.100
USC00262557	1994	1	25	12	0	0.100
USC00262557	1994	1	25	13	0	0.100
USC00262557	1994	1	25	18	0	0.100
USC00262557	1994	2	4	10	0	0.100
USC00262557	1994	2	7	7	0	0.100
USC00262557	1994	2	7	9	0	0.100
USC00262557	1994	2	7	12	0	0.100
USC00262557	1994	2	7	15	0	0.200
USC00262557	1994	2	7	18	0	0.100
USC00262557	1994	2	7	19	0	0.100
USC00262557	1994	2	8	0	0	0.200
USC00262557	1994	2	8	1	0	0.100
USC00262557	1994	2	8	7	0	0.100
USC00262557	1994	2	8	11	0	0.100
USC00262557	1994	2	8	16	0	0.200
USC00262557	1994	2	17	8	0	0.100
USC00262557	1994	2	17	13	0	0.100
USC00262557	1994	2	17	15	0	0.100
USC00262557	1994	2	17	18	0	0.100
USC00262557	1994	2	18	14	0	0.100
USC00262557	1994	2	19	10	0	0.100
USC00262557	1994	2	20	9	0	0.100
USC00262557	1994	2	20	11	0	0.100
USC00262557	1994	2	20	18	0	0.100
USC00262557	1994	3	11	14	0	0.100
USC00262557	1994	3	11	15	0	0.100
USC00262557	1994	3	19	18	0	0.200
USC00262557	1994	3	19	22	0	0.200
USC00262557	1994	3	19	23	0	0.100
USC00262557	1994	3	20	10	0	0.100
USC00262557	1994	3	25	2	0	0.100
USC00262557	1994	3	25	5	0	0.200
USC00262557	1994	3	25	7	0	0.200
USC00262557	1994	3	25	8	0	0.100
USC00262557	1994	3	25	18	0	0.100
USC00262557	1994	4	9	4	0	0.100
USC00262557	1994	4	9	9	0	0.100
USC00262557	1994	4	9	10	0	0.200
USC00262557	1994	4	9	14	0	0.100
USC00262557	1994	4	25	17	0	0.100
USC00262557	1994	4	27	5	0	0.100
USC00262557	1994	4	27	7	0	0.100
USC00262557	1994	4	27	13	0	0.100
USC00262557	1994	4	28	11	0	0.200
USC00262557	1994	4	28	12	0	0.200
USC00262557	1994	4	28	13	0	0.100
USC00262557	1994	7	18	19	0	0.100
USC00262557	1994	8	10	14	0	0.100
USC00262557	1994	8	10	15	0	0.100
USC00262557	1994	8	13	16	0	0.400
USC00262557	1994	8	18	24	0	0.100
USC00262557	1994	8	27	9	0	0.100
USC00262557	1994	9	29	11	0	0.100
USC00262557	1994	9	29	19	0	0.100
USC00262557	1994	10	5	8	0	0.100
USC00262557	1994	10	8	13	0	0.100
USC00262557	1994	10	14	1	0	0.100
USC00262557	1994	10	14	23	0	0.100
USC00262557	1994	10	14	24	0	0.200
USC00262557	1994	11	2	12	0	0.100
USC00262557	1994	11	2	22	0	0.100
USC00262557	1994	11	3	1	0	0.100
USC00262557	1994	11	11	11	0	0.100
USC00262557	1994	11	11	22	0	0.100
USC00262557	1994	11	11	24	0	0.100
USC00262557	1994	11	12	1	0	0.100
USC00262557	1994	11	12	3	0	0.100
USC00262557	1994	11	18	12	0	0.100
USC00262557	1994	11	19	13	0	0.100
USC00262557	1994	11	26	9	0	0.100
USC00262557	1994	12	13	19	0	0.100
USC00262557	1994	12	24	12	0	0.150
USC00262557	1994	12	24	20	0	0.150
USC00262557	1994	12	24	23	0	0.150
USC00262557	1994	12	24	24	0	0.300
USC00262557	1994	12	25	2	0	0.150
USC00262557	1994	12	25	3	0	0.150
USC00262557	1994	12	25	4	0	0.150
USC00262557	1994	12	25	5	0	0.150
USC00262557	1994	12	25	6	0	0.150
USC00262557	1994	12	25	7	0	0.150
USC00262557	1994	12	25	9	0	0.150
USC00262557	1994	12	28	23	0	0.100
USC00262557	1994	12	28	24	0	0.100
USC00262557	1994	12	29	20	0	0.100
USC00262557	1995	1	1	23	0	0.100
USC00262557	1995	1	3	21	0	0.100
USC00262557	1995	1	4	13	0	0.100
USC00262557	1995	1	4	16	0	0.100
USC00262557	1995	1	4	18	0	0.100
USC00262557	1995	1	4	19	0	0.100
USC00262557	1995	1	4	21	0	0.100
USC00262557	1995	1	5	7	0	0.100
USC00262557	1995	1	5	9	0	0.100
USC00262557	1995	1	5	13	0	0.100
USC00262557	1995	1	7	8	0	0.100
USC00262557	1995	1	7	9	0	0.100
USC00262557	1995	1	7	11	0	0.100
USC00262557	1995	1	7	20	0	0.100
USC00262557	1995	1	8	0	0	0.100
USC00262557	1995	1	10	10	0	0.100
USC00262557	1995	1	10	12	0	0.100
USC00262557	1995	1	10	13	0	0.100
USC00262557	1995	1	10	17	0	0.100
USC00262557	1995	1	10	18	0	0.100
USC00262557	1995	1	10	19	0	0.100
USC00262557	1995	1	10	22	0	0.100
USC00262557	1995	1	11	8	0	0.100
USC00262557	1995	1	12	12	0	0.100
USC00262557	1995	1	15	12	0	0.100
USC00262557	1995	1	21	10	0	0.100
USC00262557	1995	1	24	4	0	0.100
USC00262557	1995	1	24	6	0	0.100
USC00262557	1995	1	24	8	0	0.100
USC00262557	1995	2	13	23	0	0.100
USC00262557	1995	2	14	5	0	0.100
USC00262557	1995	2	14	7	0	0.100
USC00262557	1995	2	14	12	0	0.100
USC00262557	1995	2	25	17	0	0.400
USC00262557	1995	2	25	18	0	0.100
USC00262557	1995	2	25	19	0	0.100
USC00262557	1995	2	27	13	0	0.200
USC00262557	1995	2	27	14	0	0.400
USC00262557	1995	2	27	15	0	0.100
USC00262557	1995	2	28	13	0	0.100
USC00262557	1995	3	1	2	0	0.200
USC00262557	1995	3	1	3	0	0.100
USC00262557	1995	3	1	4	0	0.100
USC00262557	1995	3	2	13	0	0.100
USC00262557	1995	3	2	21	0	0.100
USC00262557	1995	3	5	15	0	0.100
USC00262557	1995	3	5	17	0	0.100
USC00262557	1995	3	5	18	0	0.100
USC00262557	1995	3	5	19	0	0.100
USC00262557	1995	3	5	20	0	0.100
USC00262557	1995	3	10	7	0	0.100
USC00262557	1995	3	10	14	0	0.100
USC00262557	1995	3	10	23	0	0.100
USC00262557	1995	3	10	24	0	0.100
USC00262557	1995	3	11	1	0	0.100
USC00262557	1995	3	11	3	0	0.100
USC00262557	1995	3	11	4	0	0.100
USC00262557	1995	3	11	5	0	0.200
USC00262557	1995	3	11	6	0	0.100
USC00262557	1995	3	11	7	0	0.100
USC00262557	1995	3	11	8	0	0.100
USC00262557	1995	3	11	9	0	0.100
USC00262557	1995	3	11	10	0	0.100
USC00262557	1995	3	11	12	0	0.200
USC00262557	1995	3	11	15	0	0.100
USC00262557	1995	3	11	18	0	0.200
USC00262557	1995	3	11	19	0	0.200
USC00262557	1995	3	21	13	0	0.300
USC00262557	1995	3	21	14	0	0.200
USC00262557	1995	3	21	15	0	0.100
USC00262557	1995	3	23	14	0	0.200
USC00262557	1995	3	23	15	0	0.100
USC00262557	1995	3	24	9	0	0.100
USC00262557	1995	4	16	9	0	0.100
USC00262557	1995	4	16	10	0	0.100
USC00262557	1995	4	16	19	0	0.100
USC00262557	1995	4	17	17	0	0.100
USC00262557	1995	4	17	18	0	0.100
USC00262557	1995	4	17	19	0	0.100
USC00262557	1995	4	17	22	0	0.100
USC00262557	1995	4	18	1	0	0.100
USC00262557	1995	4	18	3	0	0.100
USC00262557	1995	4	18	4	0	0.100
USC00262557	1995	4	18	5	0	0.100
USC00262557	1995	4	18	6	0	0.100
USC00262557	1995	4	18	8	0	0.100
USC00262557	1995	4	18	9	0	0.100
USC00262557	1995	4	18	11	0	0.100
USC00262557	1995	4	18	12	0	0.100
USC00262557	1995	4	18	21	0	0.100
USC00262557	1995	4	19	9	0	0.100
USC00262557	1995	4	20	12	0	0.100
USC00262557	1995	4	20	13	0	0.100
USC00262557	1995	5	5	14	0	0.100
USC00262557	1995	5	7	9	0	0.100
USC00262557	1995	5	7	19	0	0.200
USC00262557	1995	5	9	5	0	0.100
USC00262557	1995	5	24	2	0	0.100
USC00262557	1995	5	24	3	0	0.100
USC00262557	1995	5	24	6	0	0.100
USC00262557	1995	5	24	7	0	0.100
USC00262557	1995	5	24	9	0	0.200
USC00262557	1995	5	24	10	0	0.100
USC00262557	1995	5	24	15	0	0.200
USC00262557	1995	5	26	1	0	0.100
USC00262557	1995	6	3	14	0	0.100
USC00262557	1995	6	7	13	0	0.100
USC00262557	1995	6	8	9	0	0.100
USC00262557	1995	6	16	8	0	0.100
USC00262557	1995	6	17	10	0	0.100
USC00262557	1995	6	27	15	0	0.100
USC00262557	1995	6	29	11	0	0.100
USC00262557	1995	6	30	22	0	0.100
USC00262557	1995	8	23	4	0	0.300
USC00262557	1995	8	23	5	0	0.100
USC00262557	1995	11	1	14	0	0.200
USC00262557	1995	12	13	14	0	0.100
USC00262557	1995	12	13	16	0	0.100
USC00262557	1995	12	14	3	0	0.100
USC00262557	1996	1	20	12	0	0.100
USC00262557	1996	1	21	21	0	0.100
USC00262557	1996	1	31	8	0	0.100
USC00262557	1996	1	31	23	0	0.100
USC00262557	1996	2	20	10	0	0.100
USC00262557	1996	2	20	12	0	0.100
USC00262557	1996	2	20	13	0	0.100
USC00262557	1996	2	20	16	0	0.100
USC00262557	1996	2	20	21	0	0.100
USC00262557	1996	2	20	24	0	0.100
USC00262557	1996	2	22	2	0	0.100
USC00262557	1996	2	25	14	0	0.100
USC00262557	1996	2	25	15	0	0.100
USC00262557	1996	2	25	16	0	0.100
USC00262557	1996	2	25	17	0	0.100
USC00262557	1996	2	25	23	0	0.100
USC00262557	1996	2	26	8	0	0.100
USC00262557	1996	2	26	14	0	0.100
USC00262557	1996	2	28	12	0	0.100
USC00262557	1996	3	12	23	0	0.100
USC00262557	1996	3	13	5	0	0.100
USC00262557	1996	3	13	6	0	0.100
USC00262557	1996	3	13	15	0	0.100
USC00262557	1996	3	28	21	0	0.100
USC00262557	1996	5	25	5	0	0.100
USC00262557	1996	5	25	24	0	0.100
USC00262557	1996	5	26	2	0	0.100
USC00262557	1996	5	26	6	0	0.100
USC00262557	1996	7	10	16	0	0.400
USC00262557	1996	7	10	17	0	0.100
USC00262557	1996	7	14	16	0	0.100
USC00262557	1996	7	15	16	0	0.100
USC00262557	1996	7	26	19	0	0.400
USC00262557	1996	7	26	20	0	0.100
USC00262557	1996	8	12	19	0	0.100
USC00262557	1996	8	15	15	0	0.100
USC00262557	1996	8	26	13	0	0.100
USC00262557	1996	10	27	19	0	0.100
USC00262557	1996	10	27	21	0	0.100
USC00262557	1996	10	27	24	0	0.100
USC00262557	1996	10	28	5	0	0.100
USC00262557	1996	10	28	6	0	0.100
USC00262557	1996	10	28	7	0	0.100
USC00262557	1996	10	28	8	0	0.100
USC00262557	1996	10	28	12	0	0.100
USC00262557	1996	10	30	20	0	0.100
USC00262557	1996	10	30	21	0	0.100
USC00262557	1996	10	30	22	0	0.100
USC00262557	1996	10	30	23	0	0.100
USC00262557	1996	10	30	24	0	0.100
USC00262557	1996	10	31	3	0	0.200
USC00262557	1996	11	21	13	0	0.100
USC00262557	1996	11	21	15	0	0.200
USC00262557	1996	11	21	17	0	0.100
USC00262557	1996	11	21	18	0	0.100
USC00262557	1996	11	21	19	0	0.200
USC00262557	1996	11	21	20	0	0.100
USC00262557	1996	11	21	21	0	0.200
USC00262557	1996	11	21	22	0	0.100
USC00262557	1996	11	21	24	0	0.100
USC00262557	1996	11	22	5	0	0.100
USC00262557	1996	11	22	13	0	0.100
USC00262557	1996	11	29	13	0	0.100
USC00262557	1996	12	9	18	0	0.100
USC00262557	1996	12	9	20	0	0.100
USC00262557	1996	12	9	21	0	0.200
USC00262557	1996	12	9	24	0	0.200
USC00262557	1996	12	10	14	0	0.100
USC00262557	1996	12	11	4	0	0.100
USC00262557	1996	12	18	7	0	0.100
USC00262557	1996	12	22	12	0	0.100
USC00262557	1996	12	22	13	0	0.100
USC00262557	1996	12	22	14	0	0.100
USC00262557	1996	12	22	16	0	0.100
USC00262557	1996	12	27	12	0	0.100
USC00262557	1997	1	2	13	0	0.100
USC00262557	1997	1	2	14	0	0.100
USC00262557	1997	1	2	16	0	0.100
USC00262557	1997	1	12	1	0	0.100
USC00262557	1997	1	12	3	0	0.100
USC00262557	1997	1	16	0	0	0.100
USC00262557	1997	1	16	1	0	0.100
USC00262557	1997	1	16	2	0	0.100
USC00262557	1997	1	16	5	0	0.100
USC00262557	1997	1	18	1	0	0.100
USC00262557	1997	1	18	3	0	0.100
USC00262557	1997	1	18	4	0	0.100
USC00262557	1997	1	18	7	0	0.100
USC00262557	1997	1	22	4	0	0.100
USC00262557	1997	1	22	13	0	0.100
USC00262557	1997	1	24	22	0	0.100
USC00262557	1997	1	25	15	0	0.100
USC00262557	1997	1	25	16	0	0.100
USC00262557	1997	2	11	14	0	0.100
USC00262557	1997	2	27	6	0	0.100
USC00262557	1997	2	27	8	0	0.100
USC00262557	1997	2	27	9	0	0.100
USC00262557	1997	2	27	11	0	0.100
USC00262557	1997	2	27	12	0	0.100
USC00262557	1997	6	14	12	0	0.100
USC00262557	1997	8	3	15	0	0.200
USC00262557	1997	8	3	19	0	0.100
USC00262557	1997	9	1	14	0	0.100
USC00262557	1997	9	1	17	0	0.100
USC00262557	1997	9	1	19	0	0.100
USC00262557	1997	9	1	20	0	0.100
USC00262557	1997	9	3	2	0	0.200
USC00262557	1997	9	3	3	0	0.100
USC00262557	1997	9	3	4	0	0.100
USC00262557	1997	9	3	5	0	0.100
USC00262557	1997	9	3	7	0	0.100
USC00262557	1997	9	3	9	0	0.100
USC00262557	1997	9	3	10	0	0.100
USC00262557	1997	9	3	13	0	0.100
USC00262557	1997	9	3	17	0	0.100
USC00262557	1997	9	15	15	0	0.100
USC00262557	1997	9	18	13	0	0.100
USC00262557	1997	9	18	14	0	0.100
USC00262557	1997	9	25	10	0	0.100
USC00262557	1997	9	25	17	0	0.100
USC00262557	1997	9	25	18	0	0.100
USC00262557	1997	9	25	19	0	0.200
USC00262557	1997	9	25	20	0	0.100
USC00262557	1997	9	25	21	0	0.200
USC00262557	1997	9	25	22	0	0.200
USC00262557	1997	9	25	23	0	0.100
USC00262557	1997	10	2	10	0	0.100
USC00262557	1997	10	4	12	0	0.100
USC00262557	1997	11	10	21	0	0.143
USC00262557	1997	11	11	0	0	0.143
USC00262557	1997	11	11	6	0	0.287
USC00262557	1997	11	11	10	0	0.430
USC00262557	1997	11	12	12	0	0.143
USC00262557	1997	11	26	16	0	0.287
USC00262557	1997	11	26	23	0	0.143
USC00262557	1998	1	4	19	0	0.100
USC00262557	1998	1	4	22	0	0.100
USC00262557	1998	1	10	12	0	0.100
USC00262557	1998	1	13	1	0	0.100
USC00262557	1998	2	2	14	0	0.100
USC00262557	1998	2	3	23	0	0.200
USC00262557	1998	2	3	24	0	0.100
USC00262557	1998	2	4	1	0	0.100
USC00262557	1998	2	4	2	0	0.200
USC00262557	1998	2	4	3	0	0.100
USC00262557	1998	2	4	4	0	0.100
USC00262557	1998	2	4	7	0	0.100
USC00262557	1998	2	6	6	0	0.100
USC00262557	1998	2	6	17	0	0.100
USC00262557	1998	2	6	19	0	0.100
USC00262557	1998	2	6	21	0	0.100
USC00262557	1998	2	6	22	0	0.100
USC00262557	1998	2	7	1	0	0.100
USC00262557	1998	2	7	23	0	0.100
USC00262557	1998	2	7	24	0	0.100
USC00262557	1998	2	8	2	0	0.100
USC00262557	1998	2	8	4	0	0.100
USC00262557	1998	2	8	16	0	0.100
USC00262557	1998	2	8	17	0	0.100
USC00262557	1998	2	8	23	0	0.100
USC00262557	1998	2	8	24	0	0.200
USC00262557	1998	2	9	2	0	0.100
USC00262557	1998	2	14	11	0	0.100
USC00262557	1998	2	14	13	0	0.100
USC00262557	1998	2	14	14	0	0.100
USC00262557	1998	2	14	15	0	0.100
USC00262557	1998	2	14	16	0	0.100
USC00262557	1998	2	14	18	0	0.100
USC00262557	1998	2	14	20	0	0.100
USC00262557	1998	2	14	21	0	0.100
USC00262557	1998	2	14	23	0	0.100
USC00262557	1998	2	14	24	0	0.100
USC00262557	1998	2	15	1	0	0.100
USC00262557	1998	2	15	5	0	0.100
USC00262557	1998	2	17	9	0	0.100
USC00262557	1998	2	17	10	0	0.100
USC00262557	1998	2	17	13	0	0.100
USC00262557	1998	2	20	3	0	0.100
USC00262557	1998	2	20	8	0	0.100
USC00262557	1998	2	22	5	0	0.100
USC00262557	1998	2	22	7	0	0.100
USC00262557	1998	2	22	14	0	0.100
USC00262557	1998	2	23	10	0	0.100
USC00262557	1998	2	23	11	0	0.200
USC00262557	1998	2	23	12	0	0.100
USC00262557	1998	2	23	16	0	0.100
USC00262557	1998	2	23	17	0	0.100
USC00262557	1998	2	23	18	0	0.200
USC00262557	1998	2	23	20	0	0.100
USC00262557	1998	2	23	21	0	0.200
USC00262557	1998	2	23	22	0	0.200
USC00262557	1998	2	23	23	0	0.200
USC00262557	1998	2	23	24	0	0.200
USC00262557	1998	2	24	1	0	0.200
USC00262557	1998	2	24	2	0	0.200
USC00262557	1998	2	24	3	0	0.100
USC00262557	1998	2	24	4	0	0.100
USC00262557	1998	2	24	8	0	0.100
USC00262557	1998	2	24	9	0	0.100
USC00262557	1998	2	24	10	0	0.100
USC00262557	1998	2	24	11	0	0.100
USC00262557	1998	3	5	23	0	0.100
USC00262557	1998	3	5	24	0	0.100
USC00262557	1998	3	6	4	0	0.100
USC00262557	1998	3	6	8	0	0.100
USC00262557	1998	3	6	13	0	0.100
USC00262557	1998	3	6	14	0	0.100
USC00262557	1998	3	6	17	0	0.100
USC00262557	1998	3	14	6	0	0.100
USC00262557	1998	3	14	16	0	0.100
USC00262557	1998	3	24	13	0	0.100
USC00262557	1998	3	26	7	0	0.100
USC00262557	1998	3	26	14	0	0.100
USC00262557	1998	3	27	17	0	0.200
USC00262557	1998	3	27	19	0	0.100
USC00262557	1998	3	28	7	0	0.300
USC00262557	1998	3	28	8	0	0.200
USC00262557	1998	3	29	8	0	0.100
USC00262557	1998	3	31	12	0	0.100
USC00262557	1998	4	1	1	0	0.100
USC00262557	1998	4	1	8	0	0.100
USC00262557	1998	4	1	10	0	0.100
USC00262557	1998	4	1	11	0	0.100
USC00262557	1998	4	1	24	0	0.100
USC00262557	1998	4	6	13	0	0.100
USC00262557	1998	4	6	14	0	0.100
USC00262557	1998	4	12	5	0	0.100
USC00262557	1998	4	12	7	0	0.100
USC00262557	1998	4	12	9	0	0.100
USC00262557	1998	4	14	4	0	0.100
USC00262557	1998	4	14	18	0	0.100
USC00262557	1998	4	25	9	0	0.100
USC00262557	1998	4	25	10	0	0.100
USC00262557	1998	5	5	2	0	0.100
USC00262557	1998	5	5	3	0	0.200
USC00262557	1998	5	5	20	0	0.100
USC00262557	1998	5	11	12	0	0.100
USC00262557	1998	6	4	14	0	0.100
USC00262557	1998	6	9	10	0	0.100
USC00262557	1998	6	9	23	0	0.100
USC00262557	1998	6	11	6	0	0.100
USC00262557	1998	6	12	20	0	0.100
USC00262557	1998	6	12	21	0	0.100
USC00262557	1998	6	12	22	0	0.100
USC00262557	1998	7	5	12	0	0.100
USC00262557	1998	7	5	13	0	0.100
USC00262557	1998	7	19	18	0	0.500
USC00262557	1998	7	19	19	0	0.400
USC00262557	1998	7	19	22	0	0.100
USC00262557	1998	7	21	14	0	0.300
USC00262557	1998	7	21	15	0	0.300
USC00262557	1998	7	21	18	0	0.100
USC00262557	1998	7	22	20	0	0.100
USC00262557	1998	7	23	6	0	0.200
USC00262557	1998	7	23	7	0	0.100
USC00262557	1998	7	23	8	0	0.300
USC00262557	1998	7	23	9	0	1.300
USC00262557	1998	7	23	10	0	0.500
USC00262557	1998	7	23	11	0	0.300
USC00262557	1998	7	23	12	0	0.100
USC00262557	1998	7	23	19	0	0.100
USC00262557	1998	7	23	20	0	0.100
USC00262557	1998	7	23	21	0	0.100
USC00262557	1998	7	23	22	0	0.100
USC00262557	1998	7	24	3	0	0.200
USC00262557	1998	7	24	5	0	0.100
USC00262557	1998	7	24	6	0	0.100
USC00262557	1998	7	30	8	0	0.100
USC00262557	1998	10	25	1	0	0.100
USC00262557	1998	10	25	2	0	0.100
USC00262557	1998	10	26	16	0	0.100
USC00262557	1998	10	29	18	0	0.100
USC00262557	1998	10	29	20	0	0.100
USC00262557	1998	11	1	10	0	0.100
USC00262557	1998	11	7	24	0	0.100
USC00262557	1998	11	8	1	0	0.100
USC00262557	1998	11	8	4	0	0.100
USC00262557	1998	11	10	16	0	0.100
USC00262557	1998	11	10	24	0	0.100
USC00262557	1998	11	22	21	0	0.100
USC00262557	1998	11	23	21	0	0.100
USC00262557	1999	1	25	23	0	0.100
USC00262557	1999	1	26	0	0	0.100
USC00262557	1999	1	26	22	0	0.100
USC00262557	1999	2	18	12	0	0.574
USC00262557	1999	4	2	9	0	0.100
USC00262557	1999	4	3	14	0	0.100
USC00262557	1999	4	3	16	0	0.100
USC00262557	1999	4	4	1	0	0.100
USC00262557	1999	4	4	6	0	0.100
USC00262557	1999	4	4	8	0	0.200
USC00262557	1999	4	4	9	0	0.100
USC00262557	1999	4	7	4	0	0.100
USC00262557	1999	4	7	7	0	0.100
USC00262557	1999	4	7	8	0	0.100
USC00262557	1999	4	7	9	0	0.100
USC00262557	1999	4	7	13	0	0.100
USC00262557	1999	4	23	11	0	0.100
USC00262557	1999	4	23	12	0	0.100
USC00262557	1999	4	23	13	0	0.100
USC00262557	1999	4	23	16	0	0.100
USC00262557	1999	4	24	3	0	0.100
USC00262557	1999	4	24	4	0	0.100
USC00262557	1999	4	24	5	0	0.100
USC00262557	1999	4	24	10	0	0.100
USC00262557	1999	4	24	11	0	0.100
USC00262557	1999	4	29	8	0	0.100
USC00262557	1999	5	1	12	0	0.100
USC00262557	1999	5	29	3	0	0.100
USC00262557	1999	6	2	7	0	0.200
USC00262557	1999	6	2	8	0	0.100
USC00262557	1999	6	2	14	0	0.100
USC00262557	1999	6	4	9	0	0.100
USC00262557	1999	6	4	11	0	0.100
USC00262557	1999	6	4	12	0	0.100
USC00262557	1999	6	4	13	0	0.100
USC00262557	1999	6	4	14	0	0.100
USC00262557	1999	6	4	18	0	0.100
USC00262557	1999	6	5	10	0	0.100
USC00262557	1999	7	3	20	0	0.100
USC00262557	1999	7	8	13	0	0.100
USC00262557	1999	7	9	19	0	0.100
USC00262557	1999	7	14	14	0	0.300
USC00262557	1999	7	15	22	0	0.100
USC00262557	1999	7	15	23	0	0.100
USC00262557	1999	7	29	14	0	0.200
USC00262557	1999	7	29	15	0	0.100
USC00262557	1999	7	29	16	0	0.100
USC00262557	1999	7	29	17	0	0.100
USC00262557	1999	8	10	7	0	0.100
USC00262557	1999	8	20	11	0	0.100
USC00262557	1999	8	24	15	0	0.100
USC00262557	1999	8	30	8	0	0.100
USC00262557	1999	9	22	18	0	0.106
USC00262557	1999	10	1	6	0	0.106
USC00262557	2000	1	3	3	0	0.143
USC00262557	2000	1	17	19	0	0.200
USC00262557	2000	1	25	10	0	0.200
USC00262557	2000	1	26	2	0	0.400
USC00262557	2000	1	26	3	0	0.200
USC00262557	2000	1	26	7	0	0.200
USC00262557	2000	2	13	6	0	0.200
USC00262557	2000	2	17	10	0	0.200
USC00262557	2000	2	17	20	0	0.400
USC00262557	2000	2	17	21	0	0.400
USC00262557	2000	2	18	9	0	0.200
USC00262557	2000	2	18	10	0	0.200
USC00262557	2000	2	21	14	0	0.200
USC00262557	2000	2	21	22	0	0.200
USC00262557	2000	2	22	1	0	0.200
USC00262557	2000	2	22	5	0	0.200
USC00262557	2000	2	22	11	0	0.200
USC00262557	2000	2	22	12	0	0.200
USC00262557	2000	2	22	13	0	0.200
USC00262557	2000	2	24	10	0	0.200
USC00262557	2000	2	24	12	0	0.200
USC00262557	2000	2	24	13	0	0.200
USC00262557	2000	2	24	15	0	0.200
USC00262557	2000	2	29	3	0	0.200
USC00262557	2000	2	29	4	0	0.200
USC00262557	2000	2	29	9	0	0.200
USC00262557	2000	3	6	4	0	0.200
USC00262557	2000	3	6	14	0	0.200
USC00262557	2000	3	6	18	0	0.200
USC00262557	2000	3	6	20	0	0.200
USC00262557	2000	3	6	21	0	0.200
USC00262557	2000	3	6	23	0	0.200
USC00262557	2000	3	7	8	0	0.200
USC00262557	2000	3	9	16	0	0.400
USC00262557	2000	3	9	18	0	0.200
USC00262557	2000	8	16	17	0	0.400
USC00262557	2000	8	24	13	0	0.200
USC00262557	2000	8	25	18	0	0.200
USC00262557	2000	8	25	20	0	0.600
USC00262557	2000	8	28	21	0	0.200
USC00262557	2000	8	29	21	0	0.200
USC00262557	2000	8	30	5	0	0.400
USC00262557	2000	8	30	7	0	0.200
USC00262557	2000	8	30	10	0	0.200
USC00262557	2000	10	12	8	0	0.200
USC00262557	2000	10	23	19	0	0.200
USC00262557	2000	10	23	20	0	0.200
USC00262557	2000	10	24	2	0	0.200
USC00262557	2000	10	24	7	0	0.200
USC00262557	2000	10	24	9	0	0.200
USC00262557	2000	10	26	10	0	0.200
USC00262557	2000	10	27	6	0	0.200
USC00262557	2000	10	27	7	0	0.200
USC00262557	2000	10	30	3	0	0.200
USC00262557	2000	10	30	11	0	0.200
USC00262557	2000	11	9	19	0	0.200
USC00262557	2000	11	11	11	0	0.200
USC00262557	2001	1	9	4	0	0.088
USC00262557	2001	1	11	12	0	0.088
USC00262557	2001	1	11	15	0	0.088
USC00262557	2001	2	10	22	0	0.200
USC00262557	2001	2	13	21	0	0.200
USC00262557	2001	2	14	3	0	0.200
USC00262557	2001	2	14	10	0	0.200
USC00262557	2001	2	26	11	0	0.200
USC00262557	2001	2	27	24	0	0.200
USC00262557	2001	2	28	18	0	0.200
USC00262557	2001	3	6	15	0	0.200
USC00262557	2001	3	6	16	0	0.200
USC00262557	2001	3	9	15	0	0.200
USC00262557	2001	3	9	20	0	0.200
USC00262557	2001	3	10	2	0	0.200
USC00262557	2001	3	10	4	0	0.200
USC00262557	2001	3	10	5	0	0.200
USC00262557	2001	3	10	15	0	0.200
USC00262557	2001	4	7	19	0	0.106
USC00262557	2001	4	12	4	0	0.106
USC00262557	2001	4	12	15	0	0.106
USC00262557	2001	4	21	10	0	0.106
USC00262557	2001	4	21	12	0	0.106
USC00262557	2001	5	13	4	0	0.200
USC00262557	2001	5	28	9	0	1.500
USC00262557	2001	6	22	11	0	0.088
USC00262557	2001	6	22	24	0	0.088
USC00262557	2001	7	6	5	0	0.200
USC00262557	2001	7	6	21	0	0.200
USC00262557	2001	7	7	3	0	0.400
USC00262557	2001	8	11	16	0	0.400
USC00262557	2001	8	20	13	0	0.212
USC00262557	2001	8	30	19	0	0.106
USC00262557	2001	10	30	19	0	0.143
USC00262557	2001	10	30	20	0	0.143
USC00262557	2001	11	7	13	0	0.200
USC00262557	2001	11	28	16	0	0.100
USC00262557	2001	12	3	20	0	0.200
USC00262557	2001	12	15	14	0	0.200
USC00262557	2001	12	31	4	0	0.200
USC00262557	2002	2	18	12	0	0.200
USC00262557	2002	3	16	12	0	0.200
USC00262557	2002	4	27	2	0	0.200
USC00262557	2002	4	27	3	0	0.200
USC00262557	2002	4	27	6	0	0.200
USC00262557	2002	9	12	12	0	0.143
USC00262557	2002	10	1	19	0	0.143
USC00262557	2002	10	3	9	0	0.143
USC00262557	2002	10	26	10	0	0.143
USC00262557	2002	10	27	1	0	0.143
USC00262557	2002	11	9	21	0	0.143
USC00262557	2003	1	3	11	0	0.200
USC00262557	2003	1	10	13	0	0.200
USC00262557	2003	1	10	14	0	0.200
USC00262557	2003	1	10	16	0	0.200
USC00262557	2003	2	12	15	0	0.143
USC00262557	2003	2	12	18	0	0.143
USC00262557	2003	2	12	20	0	0.143
USC00262557	2003	2	13	1	0	0.143
USC00262557	2003	2	18	13	0	0.143
USC00262557	2003	2	24	24	0	0.287
USC00262557	2003	2	25	2	0	0.143
USC00262557	2003	2	25	5	0	0.143
USC00262557	2003	2	25	15	0	0.143
USC00262557	2003	2	25	19	0	0.143
USC00262557	2003	2	27	5	0	0.287
USC00262557	2003	2	27	10	0	0.143
USC00262557	2003	2	28	7	0	0.143
USC00262557	2003	3	15	15	0	0.200
USC00262557	2003	3	16	10	0	0.200
USC00262557	2003	4	15	2	0	0.200
USC00262557	2003	4	15	5	0	0.200
USC00262557	2003	4	15	9	0	0.200
USC00262557	2003	4	18	22	0	0.200
USC00262557	2003	4	22	6	0	0.200
USC00262557	2003	4	22	17	0	0.200
USC00262557	2003	5	8	13	0	0.200
USC00262557	2003	7	30	19	0	0.200
USC00262557	2003	8	15	21	0	0.200
USC00262557	2003	8	15	23	0	0.200
USC00262557	2003	8	16	8	0	0.200
USC00262557	2003	8	16	9	0	0.200
USC00262557	2003	8	22	7	0	0.200
USC00262557	2003	8	22	8	0	0.200
USC00262557	2003	9	1	13	0	0.143
USC00262557	2003	9	5	19	0	0.143
USC00262557	2003	10	3	17	0	0.200
USC00262557	2003	11	12	21	0	0.143
USC00262557	2003	11	13	3	0	0.143
USC00262557	2003	11	16	9	0	0.143
USC00262557	2003	11	16	16	0	0.143
USC00262557	2003	12	25	16	0	0.430
USC00262557	2003	12	25	18	0	0.287
USC00262557	2003	12	25	19	0	0.143
USC00262557	2003	12	25	20	0	0.143
USC00262557	2003	12	25	21	0	0.287
USC00262557	2003	12	25	22	0	0.143
USC00262557	2003	12	30	11	0	0.088
USC00262557	2004	1	31	3	0	0.200
USC00262557	2004	2	3	13	0	0.200
USC00262557	2004	2	4	12	0	0.400
USC00262557	2004	2	21	15	0	0.200
USC00262557	2004	2	22	3	0	0.200
USC00262557	2004	2	22	15	0	0.200
USC00262557	2004	2	23	6	0	0.200
USC00262557	2004	2	23	11	0	0.200
USC00262557	2004	2	23	24	0	0.400
USC00262557	2004	2	24	1	0	0.200
USC00262557	2004	2	24	3	0	0.200
USC00262557	2004	2	24	4	0	0.200
USC00262557	2004	2	24	5	0	0.400
USC00262557	2004	2	24	6	0	0.200
USC00262557	2004	2	24	7	0	0.400
USC00262557	2004	2	25	21	0	0.200
USC00262557	2004	2	28	10	0	0.143
USC00262557	2004	2	29	14	0	0.143
USC00262557	2004	3	2	1	0	0.106
USC00262557	2004	4	1	21	0	0.200
USC00262557	2004	4	1	23	0	0.400
USC00262557	2004	4	2	4	0	0.200
USC00262557	2004	4	2	11	0	0.400
USC00262557	2004	4	2	12	0	0.200
USC00262557	2004	4	3	10	0	0.200
USC00262557	2004	4	8	10	0	0.200
USC00262557	2004	4	8	13	0	0.200
USC00262557	2004	4	17	22	0	0.200
USC00262557	2004	8	11	15	0	0.143
USC00262557	2004	8	11	16	0	0.287
USC00262557	2004	8	15	7	0	0.143
USC00262557	2004	8	15	9	0	0.143
USC00262557	2004	8	16	18	0	0.287
USC00262557	2004	8	19	17	0	0.143
USC00262557	2004	8	22	1	0	0.143
USC00262557	2004	10	20	15	0	1.435
USC00262557	2004	10	21	20	0	0.143
USC00262557	2004	10	21	21	0	0.143
USC00262557	2004	10	22	3	0	0.143
USC00262557	2004	10	22	21	0	0.143
USC00262557	2004	10	23	15	0	0.143
USC00262557	2004	10	24	9	0	0.143
USC00262557	2004	10	28	13	0	0.143
USC00262557	2004	10	28	15	0	0.143
USC00262557	2004	11	7	23	0	0.430
USC00262557	2004	11	8	1	0	0.143
USC00262557	2004	11	8	5	0	0.287
USC00262557	2004	11	8	6	0	0.143
USC00262557	2004	11	8	7	0	0.143
USC00262557	2004	12	29	15	0	0.143
USC00262557	2004	12	29	16	0	0.143
USC00262557	2004	12	30	20	0	0.143
USC00262557	2005	1	4	11	0	0.088
USC00262557	2005	1	8	13	0	0.088
USC00262557	2005	1	8	18	0	0.088
USC00262557	2005	1	8	21	0	0.088
USC00262557	2005	1	9	11	0	0.088
USC00262557	2005	1	11	3	0	0.088
USC00262557	2005	1	11	5	0	0.088
USC00262557	2005	1	11	7	0	0.088
USC00262557	2005	1	11	12	0	0.088
USC00262557	2005	1	26	16	0	0.088
USC00262557	2005	1	26	19	0	0.088
USC00262557	2005	1	27	2	0	0.088
USC00262557	2005	1	27	8	0	0.088
USC00262557	2005	1	27	9	0	0.088
USC00262557	2005	1	29	2	0	0.088
USC00262557	2005	1	29	10	0	0.088
USC00262557	2005	1	29	21	0	0.088
USC00262557	2005	2	7	15	0	0.088
USC00262557	2005	2	11	14	0	0.088
USC00262557	2005	2	11	18	0	0.088
USC00262557	2005	2	12	9	0	0.088
USC00262557	2005	2	18	16	0	0.088
USC00262557	2005	2	18	18	0	0.088
USC00262557	2005	2	18	19	0	0.088
USC00262557	2005	2	19	1	0	0.088
USC00262557	2005	2	19	2	0	0.088
USC00262557	2005	2	19	3	0	0.088
USC00262557	2005	2	19	5	0	0.088
USC00262557	2005	2	19	21	0	0.088
USC00262557	2005	2	20	10	0	0.088
USC00262557	2005	2	22	1	0	0.088
USC00262557	2005	2	22	3	0	0.088
USC00262557	2005	2	22	14	0	0.088
USC00262557	2005	3	1	14	0	0.287
USC00262557	2005	3	1	15	0	0.143
USC00262557	2005	3	2	19	0	0.143
USC00262557	2005	3	19	2	0	0.200
USC00262557	2005	3	19	18	0	0.200
USC00262557	2005	3	21	19	0	0.200
USC00262557	2005	3	21	21	0	0.200
USC00262557	2005	3	21	23	0	0.400
USC00262557	2005	3	22	1	0	0.200
USC00262557	2005	3	22	9	0	0.200
USC00262557	2005	3	23	16	0	0.400
USC00262557	2005	3	29	24	0	0.100
USC00262557	2005	4	19	17	0	0.200
USC00262557	2005	4	19	19	0	0.200
USC00262557	2005	4	19	21	0	0.400
USC00262557	2005	4	20	2	0	0.200
USC00262557	2005	4	20	3	0	0.200
USC00262557	2005	4	20	12	0	0.200
USC00262557	2005	4	24	10	0	0.200
USC00262557	2005	4	26	24	0	0.143
USC00262557	2005	4	27	4	0	0.143
USC00262557	2005	4	27	13	0	0.143
USC00262557	2005	4	28	13	0	0.143
USC00262557	2005	6	11	7	0	0.143
USC00262557	2005	7	1	12	0	0.143
USC00262557	2005	7	22	7	0	0.143
USC00262557	2005	7	26	8	0	0.143
USC00262557	2005	8	9	6	0	0.287
USC00262557	2005	8	9	7	0	0.287
USC00262557	2005	8	9	22	0	0.430
USC00262557	2005	8	9	24	0	0.143
USC00262557	2005	8	10	1	0	0.143
USC00262557	2005	8	10	11	0	0.143
USC00262557	2005	8	14	19	0	0.143
USC00262557	2005	8	15	7	0	0.143
USC00262557	2005	8	16	12	0	0.430
USC00262557	2005	8	17	10	0	0.143
USC00262557	2005	10	18	2	0	0.287
USC00262557	2005	10	18	5	0	0.143
USC00262557	2005	10	18	12	0	0.287
USC00262557	2005	10	18	16	0	0.287
USC00262557	2005	10	18	17	0	0.143
USC00262557	2005	10	18	18	0	0.143
USC00262557	2005	10	20	16	0	0.143
USC00262557	2005	12	31	18	0	0.143
USC00262557	2005	12	31	19	0	0.143
USC00262557	2006	1	1	14	0	0.100
USC00262557	2006	1	2	6	0	0.200
USC00262557	2006	3	11	20	0	0.143
USC00262557	2006	3	12	2	0	0.143
USC00262557	2006	3	18	11	0	0.143
USC00262557	2006	3	21	4	0	0.143
USC00262557	2006	3	21	5	0	0.143
USC00262557	2006	3	21	10	0	0.143
USC00262557	2006	3	28	17	0	0.287
USC00262557	2006	3	28	18	0	0.143
USC00262557	2006	3	28	20	0	0.143
USC00262557	2006	3	28	21	0	0.143
USC00262557	2006	3	28	22	0	0.143
USC00262557	2006	3	28	24	0	0.143
USC00262557	2006	4	3	22	0	0.007
USC00262557	2006	4	3	23	0	0.013
USC00262557	2006	4	3	24	0	0.002
USC00262557	2006	4	4	13	0	0.053
USC00262557	2006	4	5	3	0	0.001
USC00262557	2006	4	5	4	0	0.073
USC00262557	2006	4	5	5	0	0.004
USC00262557	2006	4	5	8	0	0.004
USC00262557	2006	4	5	12	0	0.02
USC00262557	2006	4	5	18	0	0.067
USC00262557	2006	4	5	20	0	0.01
USC00262557	2006	4	14	11	0	0.003
USC00262557	2006	4	14	15	0	0.009
USC00262557	2006	4	14	16	0	0.017
USC00262557	2006	4	14	17	0	0.019
USC00262557	2006	4	14	18	0	0.004
USC00262557	2006	4	14	22	0	0.005
USC00262557	2006	4	14	23	0	0.014
USC00262557	2006	4	15	4	0	0.005
USC00262557	2006	4	15	5	0	0.003
USC00262557	2006	4	23	6	0	0.004
USC00262557	2006	4	23	7	0	0.005
USC00262557	2006	4	30	14	0	0.001
USC00262557	2006	4	30	15	0	0.001
USC00262557	2006	4	30	16	0	0.008
USC00262557	2006	4	30	18	0	0.002
USC00262557	2006	5	26	13	0	0.006
USC00262557	2006	5	26	14	0	0.017
USC00262557	2006	6	7	8	0	0.003
USC00262557	2006	6	7	13	0	0.004
USC00262557	2006	6	7	14	0	0.019
USC00262557	2006	6	7	15	0	0.011
USC00262557	2006	6	7	16	0	0.006
USC00262557	2006	6	7	17	0	0.002
USC00262557	2006	6	7	21	0	0.001
USC00262557	2006	6	7	22	0	0.001
USC00262557	2006	6	8	2	0	0.001
USC00262557	2006	6	8	3	0	0.004
USC00262557	2006	6	8	4	0	0.003
USC00262557	2006	6	27	11	0	0.100
USC00262557	2006	6	27	22	0	0.200
USC00262557	2006	6	30	24	0	0.200
USC00262557	2006	7	2	4	0	0.200
USC00262557	2006	7	28	20	0	0.200
USC00262557	2006	7	28	21	0	0.400
USC00262557	2006	7	28	22	0	0.200
USC00262557	2006	7	28	24	0	0.200
USC00262557	2006	10	2	6	0	0.001
USC00262557	2006	10	2	7	0	0.001
USC00262557	2006	10	2	8	0	0.008
USC00262557	2006	10	2	9	0	0.015
USC00262557	2006	10	2	10	0	0.005
USC00262557	2006	10	2	11	0	0.021
USC00262557	2006	10	2	12	0	0.009
USC00262557	2006	10	2	16	0	0.006
USC00262557	2006	10	3	2	0	0.001
USC00262557	2006	10	5	7	0	0.006
USC00262557	2006	10	5	8	0	0.027
USC00262557	2006	10	5	9	0	0.009
USC00262557	2006	10	5	10	0	0.005
USC00262557	2006	10	5	11	0	0.024
USC00262557	2006	10	5	12	0	0.03
USC00262557	2006	10	5	13	0	0.056
USC00262557	2006	10	5	14	0	0.074
USC00262557	2006	10	5	15	0	0.028
USC00262557	2006	10	5	16	0	0.01
USC00262557	2006	10	5	17	0	0.013
USC00262557	2006	10	5	18	0	0.021
USC00262557	2006	10	5	19	0	0.005
USC00262557	2006	10	5	20	0	0.002
USC00262557	2006	10	5	21	0	0.007
USC00262557	2006	10	5	22	0	0.011
USC00262557	2006	10	5	23	0	0.008
USC00262557	2006	10	5	24	0	0.001
USC00262557	2006	10	6	1	0	0.002
USC00262557	2006	10	6	3	0	0.001
USC00262557	2006	10	6	5	0	0.001
USC00262557	2006	10	6	6	0	0.005
USC00262557	2006	10	6	7	0	0.008
USC00262557	2006	10	6	8	0	0.006
USC00262557	2006	10	6	9	0	0.004
USC00262557	2006	10	6	15	0	0.076
USC00262557	2006	10	6	16	0	0.12
USC00262557	2006	10	6	17	0	0.037
USC00262557	2006	10	6	18	0	0.013
USC00262557	2006	10	9	9	0	0.001
USC00262557	2006	10	9	23	0	0.001
USC00262557	2006	10	9	24	0	0.013
USC00262557	2006	10	10	1	0	0.001
USC00262557	2006	10	13	19	0	0.001
USC00262557	2006	10	13	20	0	0.008
USC00262557	2006	10	13	21	0	0.033
USC00262557	2006	10	13	22	0	0.118
USC00262557	2006	10	13	23	0	0.075
USC00262557	2006	10	13	24	0	0.01
USC00262557	2006	10	14	1	0	0.013
USC00262557	2006	10	14	2	0	0.005
USC00262557	2006	10	14	3	0	0.042
USC00262557	2006	10	14	4	0	0.089
USC00262557	2006	10	14	5	0	0.001
USC00262557	2006	10	14	9	0	0.001
USC00262557	2006	10	14	10	0	0.001
USC00262557	2006	10	14	12	0	0.001
USC00262557	2006	10	14	13	0	0.001
USC00262557	2006	10	14	14	0	0.001
USC00262557	2006	10	14	15	0	0.001
USC00262557	2006	10	14	16	0	0.001
USC00262557	2006	10	14	20	0	0.005
USC00262557	2006	10	14	21	0	0.008
USC00262557	2006	10	14	22	0	0.029
USC00262557	2006	10	14	23	0	0.01
USC00262557	2006	10	14	24	0	0.003
USC00262557	2006	10	15	1	0	0.018
USC00262557	2006	10	15	2	0	0.009
USC00262557	2006	10	15	3	0	0.023
USC00262557	2006	10	15	4	0	0.016
USC00262557	2006	10	15	8	0	0.001
USC00262557	2006	10	16	13	0	0.003
USC00262557	2006	10	16	21	0	0.002
USC00262557	2006	10	16	24	0	0.139
USC00262557	2006	10	17	1	0	0.061
USC00262557	2006	10	17	2	0	0.008
USC00262557	2006	10	17	3	0	0.008
USC00262557	2006	10	17	8	0	0.001
USC00262557	2006	10	17	12	0	0.005
USC00262557	2006	10	17	15	0	0.003
USC00262557	2006	10	17	17	0	0.001
USC00262557	2006	10	17	18	0	0.002
USC00262557	2006	10	24	18	0	0.002
USC00262557	2006	10	24	19	0	0.001
USC00262557	2006	12	10	7	0	0.013
USC00262557	2006	12	10	8	0	0.032
USC00262557	2006	12	10	9	0	0.039
USC00262557	2006	12	10	10	0	0.038
USC00262557	2006	12	10	11	0	0.004
USC00262557	2006	12	17	8	0	0.015
USC00262557	2006	12	18	11	0	0.001
USC00262557	2006	12	19	15	0	0.001
USC00262557	2006	12	27	16	0	0.008
USC00262557	2006	12	27	17	0	0.058
USC00262557	2006	12	28	13	0	0.009
USC00262557	2006	12	28	14	0	0.006
USC00262557	2007	1	4	20	0	0.005
USC00262557	2007	1	4	21	0	0.089
USC00262557	2007	1	4	22	0	0.06
USC00262557	2007	1	4	23	0	0.023
USC00262557	2007	2	11	17	0	0.01
USC00262557	2007	2	11	18	0	0.012
USC00262557	2007	2	13	13	0	0.001
USC00262557	2007	2	13	14	0	0.01
USC00262557	2007	2	13	15	0	0.069
USC00262557	2007	2	13	16	0	0.006
USC00262557	2007	2	13	17	0	0.022
USC00262557	2007	2	13	18	0	0.012
USC00262557	2007	2	13	19	0	0.004
USC00262557	2007	2	13	23	0	0.004
USC00262557	2007	2	19	9	0	0.01
USC00262557	2007	2	19	10	0	0.008
USC00262557	2007	2	19	11	0	0.01
USC00262557	2007	2	19	13	0	0.029
USC00262557	2007	2	19	14	0	0.029
USC00262557	2007	2	27	13	0	0.009
USC00262557	2007	2	28	10	0	0.001
USC00262557	2007	2	28	11	0	0.001
USC00262557	2007	2	28	13	0	0.001
USC00262557	2007	3	7	15	0	0.002
USC00262557	2007	3	7	17	0	0.002
USC00262557	2007	3	20	20	0	0.02
USC00262557	2007	3	20	21	0	0.001
USC00262557	2007	3	20	22	0	0.052
USC00262557	2007	3	21	15	0	0.001
USC00262557	2007	3	27	9	0	0.001
USC00262557	2007	4	7	16	0	0.003
USC00262557	2007	4	12	16	0	0.009
USC00262557	2007	4	15	21	0	0.025
USC00262557	2007	4	15	22	0	0.002
USC00262557	2007	4	15	24	0	0.11
USC00262557	2007	4	16	1	0	0.095
USC00262557	2007	4	16	2	0	0.119
USC00262557	2007	4	16	3	0	0.032
USC00262557	2007	4	16	7	0	0.017
USC00262557	2007	4	16	8	0	0.035
USC00262557	2007	4	16	9	0	0.071
USC00262557	2007	4	16	16	0	0.002
USC00262557	2007	4	17	2	0	0.001
USC00262557	2007	4	20	12	0	0.006
USC00262557	2007	4	20	14	0	0.01
USC00262557	2007	4	22	7	0	0.002
USC00262557	2007	4	22	8	0	0.025
USC00262557	2007	4	22	9	0	0.033
USC00262557	2007	4	22	10	0	0.009
USC00262557	2007	4	22	11	0	0.007
USC00262557	2007	4	22	13	0	0.027
USC00262557	2007	4	22	14	0	0.05
USC00262557	2007	4	22	18	0	0.032
USC00262557	2007	4	22	19	0	0.022
USC00262557	2007	4	22	20	0	0.008
USC00262557	2007	4	22	21	0	0.012
USC00262557	2007	4	22	22	0	0.012
USC00262557	2007	4	23	8	0	0.03
USC00262557	2007	4	23	9	0	0.054
USC00262557	2007	4	23	16	0	0.002
USC00262557	2007	4	23	17	0	0.021
USC00262557	2007	4	23	18	0	0.013
USC00262557	2007	4	23	19	0	0.014
USC00262557	2007	5	4	12	0	0.01
USC00262557	2007	6	5	23	0	0.006
USC00262557	2007	6	5	24	0	0.004
USC00262557	2007	6	6	1	0	0.001
USC00262557	2007	7	11	5	0	0.001
USC00262557	2007	7	11	6	0	0.002
USC00262557	2007	7	11	7	0	0.002
USC00262557	2007	7	11	8	0	0.002
USC00262557	2007	7	11	9	0	0.004
USC00262557	2007	7	11	10	0	0.002
USC00262557	2007	7	11	11	0	0.003
USC00262557	2007	7	23	14	0	0.002
USC00262557	2007	7	23	15	0	0.017
USC00262557	2007	7	23	16	0	0.049
USC00262557	2007	7	23	17	0	0.009
USC00262557	2007	7	23	18	0	0.011
USC00262557	2007	7	23	19	0	0.005
USC00262557	2007	7	23	20	0	0.018
USC00262557	2007	7	23	21	0	0.074
USC00262557	2007	7	23	22	0	0.036
USC00262557	2007	7	23	23	0	0.006
USC00262557	2007	7	23	24	0	0.029
USC00262557	2007	7	24	1	0	0.043
USC00262557	2007	7	24	3	0	0.025
USC00262557	2007	7	24	4	0	0.011
USC00262557	2007	7	24	6	0	0.001
USC00262557	2007	7	24	7	0	0.001
USC00262557	2007	7	24	12	0	0.002
USC00262557	2007	7	24	13	0	0.002
USC00262557	2007	7	25	11	0	0.001
USC00262557	2007	7	25	12	0	0.001
USC00262557	2007	7	25	13	0	0.001
USC00262557	2007	7	27	14	0	0.005
USC00262557	2007	7	27	15	0	0.225
USC00262557	2007	7	27	16	0	0.177
USC00262557	2007	7	27	17	0	0.001
USC00262557	2007	7	27	18	0	0.009
USC00262557	2007	7	27	19	0	0.037
USC00262557	2007	7	28	16	0	0.001
USC00262557	2007	7	28	17	0	0.011
USC00262557	2007	7	29	15	0	0.003
USC00262557	2007	7	29	18	0	0.001
USC00262557	2007	7	29	19	0	0.001
USC00262557	2007	7	30	17	0	0.104
USC00262557	2007	7	30	18	0	0.311
USC00262557	2007	7	30	19	0	0.047
USC00262557	2007	7	30	20	0	0.007
USC00262557	2007	7	30	21	0	0.013
USC00262557	2007	7	30	22	0	0.002
USC00262557	2007	8	1	14	0	1.000
USC00262557	2007	8	2	11	0	0.200
USC00262557	2007	8	2	12	0	0.600
USC00262557	2007	8	17	18	0	0.200
USC00262557	2007	9	3	20	0	0.200
USC00262557	2007	9	22	4	0	0.200
USC00262557	2007	9	22	5	0	0.400
USC00262557	2007	9	22	6	0	0.200
USC00262557	2007	12	4	20	0	0.977
USC00262557	2007	12	5	14	0	0.455
USC00262557	2007	12	6	11	0	0.001
USC00262557	2007	12	6	12	0	0.001
USC00262557	2007	12	6	13	0	0.001
USC00262557	2007	12	6	14	0	0.041
USC00262557	2007	12	6	15	0	0.041
USC00262557	2007	12	6	16	0	0.041
USC00262557	2007	12	6	20	0	0.002
USC00262557	2007	12	6	21	0	0.002
USC00262557	2007	12	6	22	0	0.002
USC00262557	2007	12	6	23	0	0.023
USC00262557	2007	12	6	24	0	0.023
USC00262557	2007	12	7	1	0	0.023
USC00262557	2007	12	7	2	0	0.057
USC00262557	2007	12	7	3	0	0.057
USC00262557	2007	12	7	4	0	0.057
USC00262557	2007	12	7	5	0	0.01
USC00262557	2007	12	7	6	0	0.01
USC00262557	2007	12	7	7	0	0.01
USC00262557	2007	12	7	8	0	0.028
USC00262557	2007	12	7	9	0	0.028
USC00262557	2007	12	7	10	0	0.028
USC00262557	2007	12	7	11	0	0.017
USC00262557	2007	12	7	12	0	0.017
USC00262557	2007	12	7	13	0	0.017
USC00262557	2007	12	7	14	0	0.002
USC00262557	2007	12	7	15	0	0.002
USC00262557	2007	12	7	16	0	0.002
USC00262557	2007	12	7	17	0	0.008
USC00262557	2007	12	7	18	0	0.008
USC00262557	2007	12	7	19	0	0.008
USC00262557	2007	12	7	20	0	0.016
USC00262557	2007	12	7	21	0	0.016
USC00262557	2007	12	7	22	0	0.016
USC00262557	2007	12	7	23	0	0.001
USC00262557	2007	12	7	24	0	0.001
USC00262557	2007	12	8	1	0	0.001
USC00262557	2007	12	8	2	0	0.004
USC00262557	2007	12	8	3	0	0.004
USC00262557	2007	12	8	4	0	0.004
USC00262557	2007	12	10	22	0	0.369
USC00262557	2007	12	11	13	0	0.173
USC00262557	2007	12	12	15	0	0.225
USC00262557	2007	12	13	12	0	0.024
USC00262557	2007	12	22	11	0	0.007
USC00262557	2007	12	22	12	0	0.007
USC00262557	2007	12	22	13	0	0.007
USC00262557	2007	12	23	24	0	0.013
USC00262557	2007	12	24	13	0	0.148
USC00262557	2007	12	24	14	0	0.074
USC00262557	2007	12	25	12	0	0.014
USC00262557	2007	12	28	12	0	0.001
USC00262557	2007	12	28	15	0	0.001
USC00262557	2008	1	4	24	0	0.200
USC00262557	2008	1	5	1	0	0.200
USC00262557	2008	1	5	3	0	0.200
USC00262557	2008	1	24	18	0	0.200
USC00262557	2008	1	27	7	0	0.200
USC00262557	2008	1	27	10	0	0.200
USC00262557	2008	1	28	1	0	0.200
USC00262557	2008	1	28	9	0	0.200
USC00262557	2008	2	3	11	0	0.188
USC00262557	2008	2	3	12	0	0.296
USC00262557	2008	2	3	13	0	0.299
USC00262557	2008	2	3	14	0	0.015
USC00262557	2008	2	3	15	0	0.332
USC00262557	2008	2	3	16	0	0.233
USC00262557	2008	2	4	12	0	0.023
USC00262557	2008	2	13	17	0	0.015
USC00262557	2008	2	13	18	0	0.013
USC00262557	2008	2	13	19	0	0.025
USC00262557	2008	2	13	20	0	0.003
USC00262557	2008	2	20	14	0	0.032
USC00262557	2008	2	20	15	0	0.023
USC00262557	2008	2	20	17	0	0.018
USC00262557	2008	2	20	18	0	0.032
USC00262557	2008	2	22	1	0	0.001
USC00262557	2008	2	22	2	0	0.019
USC00262557	2008	2	22	11	0	0.007
USC00262557	2008	2	22	12	0	0.007
USC00262557	2008	2	22	13	0	0.03
USC00262557	2008	2	22	14	0	0.085
USC00262557	2008	2	22	15	0	0.052
USC00262557	2008	2	22	16	0	0.129
USC00262557	2008	2	22	18	0	0.003
USC00262557	2008	2	22	23	0	0.03
USC00262557	2008	2	22	24	0	0.042
USC00262557	2008	2	23	11	0	0.058
USC00262557	2008	2	24	15	0	0.012
USC00262557	2008	2	24	16	0	0.005
USC00262557	2008	3	1	23	0	0.003
USC00262557	2008	3	30	13	0	0.002
USC00262557	2008	3	30	14	0	0.003
USC00262557	2008	3	30	15	0	0.098
USC00262557	2008	3	30	22	0	0.006
USC00262557	2008	5	22	17	0	0.200
USC00262557	2008	5	23	8	0	0.200
USC00262557	2008	5	24	9	0	0.200
USC00262557	2008	7	17	13	0	0.002
USC00262557	2008	7	17	16	0	0.021
USC00262557	2008	7	17	17	0	0.002
USC00262557	2008	7	17	18	0	0.093
USC00262557	2008	7	17	19	0	0.009
USC00262557	2008	7	20	15	0	0.004
USC00262557	2008	7	26	22	0	0.001
USC00262557	2008	7	26	23	0	0.007
USC00262557	2008	7	27	21	0	0.017
USC00262557	2008	7	27	22	0	0.02
USC00262557	2008	8	6	20	0	0.200
USC00262557	2008	8	16	13	0	0.001
USC00262557	2008	8	16	14	0	0.001
USC00262557	2008	8	16	15	0	0.011
USC00262557	2008	8	16	16	0	0.295
USC00262557	2008	8	16	17	0	0.127
USC00262557	2008	8	16	18	0	0.058
USC00262557	2008	8	16	19	0	0.002
USC00262557	2008	8	17	20	0	0.018
USC00262557	2008	8	17	21	0	0.004
USC00262557	2008	8	17	22	0	0.001
USC00262557	2008	8	30	14	0	0.002
USC00262557	2008	8	30	15	0	0.002
USC00262557	2008	8	30	16	0	0.002
USC00262557	2008	8	31	5	0	0.003
USC00262557	2008	8	31	6	0	0.003
USC00262557	2008	8	31	7	0	0.003
USC00262557	2008	8	31	8	0	0.002
USC00262557	2008	8	31	9	0	0.002
USC00262557	2008	8	31	10	0	0.002
USC00262557	2008	8	31	14	0	0.006
USC00262557	2008	8	31	15	0	0.006
USC00262557	2008	8	31	16	0	0.006
USC00262557	2008	8	31	17	0	0.001
USC00262557	2008	8	31	18	0	0.001
USC00262557	2008	8	31	19	0	0.001
USC00262557	2008	10	4	19	0	0.200
USC00262557	2008	10	4	22	0	0.100
USC00262557	2008	11	1	24	0	0.200
USC00262557	2008	11	2	3	0	0.200
USC00262557	2008	11	26	19	0	0.200
USC00262557	2008	12	18	14	0	0.200
USC00262557	2008	12	19	11	0	0.200
USC00262557	2008	12	19	15	0	0.200
USC00262557	2008	12	21	14	0	0.200
USC00262557	2008	12	22	14	0	0.200
USC00262557	2008	12	25	10	0	0.200
USC00262557	2008	12	25	12	0	0.200
USC00262557	2008	12	25	16	0	0.400
USC00262557	2009	1	23	15	0	0.200
USC00262557	2009	2	6	17	0	0.200
USC00262557	2009	2	7	5	0	0.400
USC00262557	2009	2	7	18	0	0.200
USC00262557	2009	2	7	21	0	0.200
USC00262557	2009	2	8	1	0	0.200
USC00262557	2009	2	8	8	0	0.200
USC00262557	2009	2	8	16	0	0.200
USC00262557	2009	2	8	20	0	0.200
USC00262557	2009	2	9	4	0	0.200
USC00262557	2009	2	9	7	0	0.200
USC00262557	2009	2	13	17	0	0.200
USC00262557	2009	2	15	4	0	0.200
USC00262557	2009	2	16	8	0	0.200
USC00262557	2009	2	16	14	0	0.200
USC00262557	2009	2	16	18	0	0.200
USC00262557	2009	2	16	19	0	0.200
USC00262557	2009	2	16	22	0	0.200
USC00262557	2009	2	24	16	0	0.100
USC00262557	2009	4	10	21	0	0.200
USC00262557	2009	4	10	23	0	0.01
USC00262557	2009	4	10	24	0	0.033
USC00262557	2009	4	11	1	0	0.301
USC00262557	2009	4	11	3	0	0.028
USC00262557	2009	4	11	4	0	0.086
USC00262557	2009	4	11	5	0	0.012
USC00262557	2009	4	11	6	0	0.002
USC00262557	2009	4	11	7	0	0.002
USC00262557	2009	4	11	9	0	0.054
USC00262557	2009	4	11	10	0	0.071
USC00262557	2009	4	11	11	0	0.063
USC00262557	2009	4	11	12	0	0.027
USC00262557	2009	4	11	13	0	0.018
USC00262557	2009	4	11	14	0	0.01
USC00262557	2009	7	21	12	0	0.200
USC00262557	2009	8	12	18	0	0.400
USC00262557	2009	11	12	20	0	0.004
USC00262557	2009	11	12	21	0	0.043
USC00262557	2009	11	12	22	0	0.094
USC00262557	2009	11	13	2	0	0.001
USC00262557	2009	11	13	3	0	0.032
USC00262557	2009	11	13	6	0	0.057
USC00262557	2009	11	14	13	0	0.001
USC00262557	2009	11	28	19	0	0.003
USC00262557	2009	12	12	14	0	0.200
USC00262557	2009	12	12	18	0	0.200
USC00262557	2009	12	12	21	0	0.200
USC00262557	2009	12	12	23	0	0.200
USC00262557	2009	12	13	1	0	0.200
USC00262557	2010	1	18	8	0	0.200
USC00262557	2010	1	18	12	0	0.200
USC00262557	2010	1	18	14	0	0.200
USC00262557	2010	1	19	12	0	0.200
USC00262557	2010	1	19	15	0	0.200
USC00262557	2010	1	20	5	0	0.200
USC00262557	2010	1	20	12	0	0.200
USC00262557	2010	1	20	14	0	0.200
USC00262557	2010	1	20	17	0	0.200
USC00262557	2010	1	20	18	0	0.200
USC00262557	2010	1	20	21	0	0.200
USC00262557	2010	1	21	5	0	0.200
USC00262557	2010	1	21	7	0	0.200
USC00262557	2010	1	21	11	0	0.200
USC00262557	2010	1	21	13	0	0.200
USC00262557	2010	1	21	19	0	0.200
USC00262557	2010	1	22	14	0	0.200
USC00262557	2010	1	25	9	0	0.200
USC00262557	2010	1	25	10	0	0.200
USC00262557	2010	1	26	9	0	0.200
USC00262557	2010	1	27	2	0	0.200
USC00262557	2010	1	27	4	0	0.200
USC00262557	2010	1	27	8	0	0.200
USC00262557	2010	2	6	7	0	0.200
USC00262557	2010	2	6	14	0	0.200
USC00262557	2010	2	7	3	0	0.200
USC00262557	2010	2	7	19	0	0.300
USC00262557	2010	2	9	16	0	0.200
USC00262557	2010	2	9	17	0	0.200
USC00262557	2010	2	21	6	0	0.200
USC00262557	2010	2	21	10	0	0.003
USC00262557	2010	2	21	11	0	0.007
USC00262557	2010	2	21	12	0	0.006
USC00262557	2010	2	21	13	0	0.035
USC00262557	2010	2	21	14	0	0.019
USC00262557	2010	2	21	15	0	0.007
USC00262557	2010	2	21	16	0	0.062
USC00262557	2010	2	21	17	0	0.015
USC00262557	2010	2	21	18	0	0.02
USC00262557	2010	2	21	19	0	0.001
USC00262557	2010	2	21	21	0	0.001
USC00262557	2010	2	21	23	0	0.015
USC00262557	2010	2	21	24	0	0.008
USC00262557	2010	2	27	14	0	0.047
USC00262557	2010	2	27	15	0	0.002
USC00262557	2010	2	28	9	0	0.005
USC00262557	2010	3	7	4	0	0.400
USC00262557	2010	3	11	12	0	0.200
USC00262557	2010	4	1	8	0	0.003
USC00262557	2010	4	1	9	0	0.003
USC00262557	2010	4	1	10	0	0.003
USC00262557	2010	4	1	11	0	0.001
USC00262557	2010	4	1	12	0	0.001
USC00262557	2010	4	1	13	0	0.001
USC00262557	2010	4	5	11	0	0.006
USC00262557	2010	4	5	12	0	0.006
USC00262557	2010	4	5	13	0	0.006
USC00262557	2010	4	5	14	0	0.004
USC00262557	2010	4	5	15	0	0.004
USC00262557	2010	4	5	16	0	0.004
USC00262557	2010	4	5	17	0	0.002
USC00262557	2010	4	5	18	0	0.002
USC00262557	2010	4	5	19	0	0.002
USC00262557	2010	4	6	11	0	0.001
USC00262557	2010	4	6	12	0	0.001
USC00262557	2010	4	6	13	0	0.001
USC00262557	2010	4	12	2	0	0.003
USC00262557	2010	4	12	3	0	0.003
USC00262557	2010	4	12	4	0	0.003
USC00262557	2010	4	12	20	0	0.033
USC00262557	2010	4	12	21	0	0.011
USC00262557	2010	4	13	7	0	0.001
USC00262557	2010	4	13	8	0	0.003
USC00262557	2010	4	13	13	0	0.003
USC00262557	2010	4	20	21	0	0.004
USC00262557	2010	4	20	23	0	0.001
USC00262557	2010	4	20	24	0	0.013
USC00262557	2010	4	21	1	0	0.004
USC00262557	2010	4	21	17	0	0.001
USC00262557	2010	4	22	13	0	0.044
USC00262557	2010	4	22	14	0	0.003
USC00262557	2010	4	22	15	0	0.013
USC00262557	2010	7	17	11	0	0.200
USC00262557	2010	8	8	2	0	0.200
USC00262557	2010	8	8	4	0	0.200
USC00262557	2010	9	7	12	0	0.009
USC00262557	2010	9	7	13	0	0.008
USC00262557	2010	9	8	8	0	0.001
USC00262557	2010	9	8	11	0	0.001
USC00262557	2010	10	4	6	0	0.200
USC00262557	2010	10	4	17	0	0.200
USC00262557	2010	10	17	23	0	0.200
USC00262557	2010	10	17	24	0	0.200
USC00262557	2010	10	20	21	0	0.200
USC00262557	2010	10	20	22	0	0.200
USC00262557	2010	10	22	14	0	0.600
USC00262557	2010	10	22	21	0	0.200
USC00262557	2010	10	22	22	0	0.200
USC00262557	2010	10	30	11	0	0.013
USC00262557	2010	11	8	3	0	0.001
USC00262557	2010	11	8	4	0	0.002
USC00262557	2010	11	8	5	0	0.001
USC00262557	2010	11	8	7	0	0.017
USC00262557	2010	11	8	8	0	0.006
USC00262557	2010	11	8	9	0	0.001
USC00262557	2010	11	8	11	0	0.001
USC00262557	2010	11	8	12	0	0.003
USC00262557	2010	11	8	17	0	0.002
USC00262557	2010	11	8	22	0	0.006
USC00262557	2010	11	20	10	0	0.007
USC00262557	2010	11	20	11	0	0.013
USC00262557	2010	11	20	12	0	0.011
USC00262557	2010	11	20	13	0	0.001
USC00262557	2010	11	20	14	0	0.002
USC00262557	2010	11	20	16	0	0.036
USC00262557	2010	11	20	17	0	0.029
USC00262557	2010	11	20	18	0	0.02
USC00262557	2010	11	20	19	0	0.002
USC00262557	2010	11	20	20	0	0.002
USC00262557	2010	11	21	13	0	0.003
USC00262557	2010	11	21	14	0	0.001
USC00262557	2010	11	23	23	0	0.001
USC00262557	2010	11	23	24	0	0.03
USC00262557	2010	11	24	10	0	0.003
USC00262557	2010	11	24	14	0	0.003
USC00262557	2010	11	24	15	0	0.003
USC00262557	2010	11	28	2	0	0.008
USC00262557	2010	11	28	3	0	0.004
USC00262557	2010	11	28	10	0	0.003
USC00262557	2010	12	5	23	0	0.005
USC00262557	2010	12	5	24	0	0.055
USC00262557	2010	12	6	1	0	0.04
USC00262557	2010	12	6	2	0	0.023
USC00262557	2010	12	6	4	0	0.002
USC00262557	2010	12	6	23	0	0.002
USC00262557	2010	12	15	23	0	0.011
USC00262557	2010	12	16	12	0	0.01
USC00262557	2010	12	16	13	0	0.01
USC00262557	2010	12	17	13	0	0.263
USC00262557	2010	12	17	14	0	0.039
USC00262557	2010	12	17	15	0	0.104
USC00262557	2010	12	17	17	0	0.039
USC00262557	2010	12	17	21	0	0.039
USC00262557	2010	12	17	23	0	0.039
USC00262557	2010	12	18	6	0	0.023
USC00262557	2010	12	18	7	0	0.015
USC00262557	2010	12	18	8	0	0.012
USC00262557	2010	12	18	9	0	0.015
USC00262557	2010	12	18	10	0	0.012
USC00262557	2010	12	18	11	0	0.021
USC00262557	2010	12	18	14	0	0.012
USC00262557	2010	12	18	18	0	0.012
USC00262557	2010	12	18	23	0	0.004
USC00262557	2010	12	19	6	0	0.002
USC00262557	2010	12	19	7	0	0.005
USC00262557	2010	12	19	8	0	0.014
USC00262557	2010	12	19	9	0	0.013
USC00262557	2010	12	19	10	0	0.011
USC00262557	2010	12	19	11	0	0.005
USC00262557	2010	12	19	12	0	0.173
USC00262557	2010	12	19	13	0	0.09
USC00262557	2010	12	19	14	0	0.005
USC00262557	2010	12	19	15	0	0.011
USC00262557	2010	12	19	16	0	0.005
USC00262557	2010	12	19	17	0	0.015
USC00262557	2010	12	19	18	0	0.011
USC00262557	2010	12	19	19	0	0.01
USC00262557	2010	12	19	20	0	0.029
USC00262557	2010	12	19	21	0	0.002
USC00262557	2010	12	19	23	0	0.002
USC00262557	2010	12	20	6	0	0.029
USC00262557	2010	12	20	7	0	0.091
USC00262557	2010	12	20	8	0	0.135
USC00262557	2010	12	20	9	0	0.037
USC00262557	2010	12	20	10	0	0.057
USC00262557	2010	12	20	11	0	0.096
USC00262557	2010	12	20	12	0	0.027
USC00262557	2010	12	20	13	0	0.035
USC00262557	2010	12	20	14	0	0.185
USC00262557	2010	12	20	15	0	0.144
USC00262557	2010	12	20	16	0	0.077
USC00262557	2010	12	20	17	0	0.143
USC00262557	2010	12	20	18	0	0.128
USC00262557	2010	12	20	19	0	0.104
USC00262557	2010	12	20	20	0	0.17
USC00262557	2010	12	20	21	0	0.104
USC00262557	2010	12	20	22	0	0.122
USC00262557	2010	12	20	23	0	0.144
USC00262557	2010	12	20	24	0	0.024
USC00262557	2010	12	21	1	0	0.036
USC00262557	2010	12	21	2	0	0.038
USC00262557	2010	12	21	3	0	0.027
USC00262557	2010	12	21	4	0	0.036
USC00262557	2010	12	21	5	0	0.02
USC00262557	2010	12	21	6	0	0.074
USC00262557	2010	12	21	7	0	0.047
USC00262557	2010	12	21	8	0	0.059
USC00262557	2010	12	21	9	0	0.019
USC00262557	2010	12	21	10	0	0.018
USC00262557	2010	12	21	12	0	0.022
USC00262557	2010	12	21	13	0	0.065
USC00262557	2010	12	21	14	0	0.061
USC00262557	2010	12	21	15	0	0.032
USC00262557	2010	12	21	16	0	0.07
USC00262557	2010	12	21	17	0	0.062
USC00262557	2010	12	21	18	0	0.051
USC00262557	2010	12	21	19	0	0.048
USC00262557	2010	12	21	20	0	0.07
USC00262557	2010	12	21	21	0	0.082
USC00262557	2010	12	21	22	0	0.182
USC00262557	2010	12	21	23	0	0.092
USC00262557	2010	12	21	24	0	0.01
USC00262557	2010	12	22	4	0	0.018
USC00262557	2010	12	22	5	0	0.005
USC00262557	2010	12	22	6	0	0.134
USC00262557	2010	12	22	7	0	0.181
USC00262557	2010	12	22	8	0	0.166
USC00262557	2010	12	22	9	0	0.155
USC00262557	2010	12	22	10	0	0.16
USC00262557	2010	12	22	11	0	0.188
USC00262557	2010	12	22	12	0	0.304
USC00262557	2010	12	22	13	0	0.4
USC00262557	2010	12	22	14	0	0.007
USC00262557	2010	12	22	15	0	0.005
USC00262557	2010	12	22	16	0	0.026
USC00262557	2010	12	22	17	0	0.078
USC00262557	2010	12	22	18	0	0.029
USC00262557	2010	12	22	19	0	0.002
USC00262557	2010	12	22	20	0	0.027
USC00262557	2010	12	22	21	0	0.042
USC00262557	2010	12	23	8	0	0.006
USC00262557	2010	12	23	10	0	0.006
USC00262557	2010	12	26	4	0	0.018
USC00262557	2010	12	26	6	0	0.022
USC00262557	2010	12	26	7	0	0.007
USC00262557	2010	12	26	8	0	0.022
USC00262557	2010	12	26	9	0	0.022
USC00262557	2010	12	29	4	0	0.005
USC00262557	2010	12	29	6	0	0.019
USC00262557	2010	12	29	7	0	0.019
USC00262557	2010	12	29	10	0	0.034
USC00262557	2010	12	29	11	0	0.097
USC00262557	2010	12	29	12	0	0.097
USC00262557	2010	12	29	13	0	0.019
USC00262557	2010	12	29	17	0	0.019
USC00262557	2010	12	29	18	0	0.24
USC00262557	2010	12	29	19	0	0.306
USC00262557	2010	12	29	20	0	0.035
USC00262557	2011	2	18	24	0	0.007
USC00262557	2011	2	19	1	0	0.031
USC00262557	2011	2	19	2	0	0.09
USC00262557	2011	2	19	3	0	0.083
USC00262557	2011	2	19	4	0	0.074
USC00262557	2011	2	19	5	0	0.009
USC00262557	2011	2	19	6	0	0.007
USC00262557	2011	2	19	7	0	0.014
USC00262557	2011	2	19	8	0	0.005
USC00262557	2011	2	19	9	0	0.01
USC00262557	2011	2	19	10	0	0.187
USC00262557	2011	2	19	11	0	0.127
USC00262557	2011	2	19	12	0	0.164
USC00262557	2011	2	19	13	0	0.124
USC00262557	2011	2	19	14	0	0.121
USC00262557	2011	2	19	15	0	0.112
USC00262557	2011	2	19	16	0	0.073
USC00262557	2011	2	19	17	0	0.06
USC00262557	2011	2	19	18	0	0.027
USC00262557	2011	2	19	19	0	0.01
USC00262557	2011	2	19	20	0	0.01
USC00262557	2011	2	20	10	0	0.021
USC00262557	2011	2	20	11	0	0.038
USC00262557	2011	2	20	12	0	0.021
USC00262557	2011	2	20	13	0	0.023
USC00262557	2011	2	20	14	0	0.021
USC00262557	2011	2	20	15	0	0.038
USC00262557	2011	2	20	18	0	0.02
USC00262557	2011	2	26	7	0	0.04
USC00262557	2011	2	26	8	0	0.04
USC00262557	2011	2	26	9	0	0.025
USC00262557	2011	2	26	10	0	0.049
USC00262557	2011	2	26	11	0	0.072
USC00262557	2011	2	26	12	0	0.05
USC00262557	2011	2	27	10	0	0.061
USC00262557	2011	3	7	8	0	0.200
USC00262557	2011	3	21	3	0	0.200
USC00262557	2011	3	21	9	0	0.200
USC00262557	2011	3	24	5	0	0.200
USC00262557	2011	3	26	4	0	0.100
USC00262557	2011	3	26	17	0	0.100
USC00262557	2011	4	12	3	0	0.200
USC00262557	2011	4	24	3	0	0.002
USC00262557	2011	4	24	4	0	0.001
USC00262557	2011	4	24	14	0	0.005
USC00262557	2011	4	24	15	0	0.004
USC00262557	2011	4	24	16	0	0.001
USC00262557	2011	5	8	16	0	0.003
USC00262557	2011	5	8	18	0	0.006
USC00262557	2011	5	8	19	0	0.044
USC00262557	2011	5	8	21	0	0.002
USC00262557	2011	5	9	3	0	0.002
USC00262557	2011	5	9	10	0	0.002
USC00262557	2011	5	9	11	0	0.002
USC00262557	2011	5	9	12	0	0.023
USC00262557	2011	5	9	13	0	0.013
USC00262557	2011	5	9	14	0	0.062
USC00262557	2011	5	9	15	0	0.061
USC00262557	2011	5	9	16	0	0.007
USC00262557	2011	5	9	20	0	0.001
USC00262557	2011	5	10	7	0	0.028
USC00262557	2011	5	10	8	0	0.009
USC00262557	2011	5	10	18	0	0.002
USC00262557	2011	5	18	5	0	0.021
USC00262557	2011	5	18	6	0	0.049
USC00262557	2011	5	18	7	0	0.055
USC00262557	2011	5	18	8	0	0.021
USC00262557	2011	5	18	10	0	0.035
USC00262557	2011	5	18	11	0	0.013
USC00262557	2011	5	18	13	0	0.004
USC00262557	2011	5	18	14	0	0.002
USC00262557	2011	5	18	15	0	0.001
USC00262557	2011	5	18	17	0	0.005
USC00262557	2011	5	18	18	0	0.002
USC00262557	2011	5	18	19	0	0.002
USC00262557	2011	5	18	20	0	0.023
USC00262557	2011	5	18	21	0	0.023
USC00262557	2011	5	19	15	0	0.067
USC00262557	2011	5	23	16	0	0.002
USC00262557	2011	5	23	17	0	0.003
USC00262557	2011	5	23	18	0	0.017
USC00262557	2011	5	23	19	0	0.009
USC00262557	2011	5	23	20	0	0.003
USC00262557	2011	5	29	10	0	0.034
USC00262557	2011	5	29	11	0	0.014
USC00262557	2011	5	29	12	0	0.013
USC00262557	2011	5	29	13	0	0.023
USC00262557	2011	5	29	18	0	0.001
USC00262557	2011	5	29	19	0	0.001
USC00262557	2011	7	6	12	0	0.06
USC00262557	2011	7	7	21	0	0.012
USC00262557	2011	7	7	22	0	0.039
USC00262557	2011	7	8	17	0	0.002
USC00262557	2011	7	8	18	0	0.005
USC00262557	2011	7	8	19	0	0.003
USC00262557	2011	7	8	20	0	0.011
USC00262557	2011	7	8	21	0	0.001
USC00262557	2011	7	8	22	0	0.02
USC00262557	2011	7	10	5	0	0.008
USC00262557	2011	7	10	6	0	0.023
USC00262557	2011	7	10	7	0	0.031
USC00262557	2011	7	10	8	0	0.005
USC00262557	2011	7	10	9	0	0.002
USC00262557	2011	7	10	16	0	0.012
USC00262557	2011	7	25	18	0	0.001
USC00262557	2011	7	25	19	0	0.006
USC00262557	2011	7	25	20	0	0.005
USC00262557	2011	7	25	24	0	0.002
USC00262557	2011	7	26	1	0	0.017
USC00262557	2011	7	26	2	0	0.012
USC00262557	2011	7	26	3	0	0.013
USC00262557	2011	7	26	4	0	0.002
USC00262557	2011	7	26	11	0	0.004
USC00262557	2011	7	26	12	0	0.024
USC00262557	2011	7	30	19	0	0.002
USC00262557	2011	7	31	6	0	0.200
USC00262557	2011	7	31	7	0	0.200
USC00262557	2011	7	31	9	0	0.200
USC00262557	2011	9	10	19	0	0.200
USC00262557	2011	10	3	9	0	0.200
USC00262557	2011	10	3	16	0	0.200
USC00262557	2011	10	3	19	0	0.200
USC00262557	2011	10	4	2	0	0.200
USC00262557	2011	10	4	3	0	0.200
USC00262557	2011	10	4	5	0	0.200
USC00262557	2011	10	5	2	0	0.800
USC00262557	2011	11	1	15	0	0.100
USC00262557	2011	11	4	18	0	0.200
USC00262557	2011	11	4	19	0	0.200
USC00262557	2011	11	7	17	0	0.200
USC00262557	2011	12	12	20	0	0.200
USC00262557	2011	12	13	4	0	0.200
