USC00427516	1990	1	14	10	0	0.100
USC00427516	1990	1	14	11	0	0.100
USC00427516	1990	1	15	12	0	0.100
USC00427516	1990	2	1	11	0	0.100
USC00427516	1990	2	1	12	0	0.100
USC00427516	1990	2	1	13	0	0.100
USC00427516	1990	2	7	17	0	0.100
USC00427516	1990	2	8	9	0	0.100
USC00427516	1990	2	17	24	0	0.100
USC00427516	1990	2	18	5	0	0.100
USC00427516	1990	2	18	11	0	0.100
USC00427516	1990	2	18	16	0	0.100
USC00427516	1990	2	18	17	0	0.100
USC00427516	1990	2	18	18	0	0.100
USC00427516	1990	2	19	3	0	0.100
USC00427516	1990	3	11	9	0	0.200
USC00427516	1990	4	7	5	0	0.100
USC00427516	1990	4	18	4	0	0.100
USC00427516	1990	4	23	23	0	0.100
USC00427516	1990	4	23	24	0	0.200
USC00427516	1990	5	28	12	0	0.100
USC00427516	1990	6	10	1	0	0.100
USC00427516	1990	6	10	23	0	0.100
USC00427516	1990	6	11	6	0	0.100
USC00427516	1990	7	11	13	0	0.100
USC00427516	1990	7	22	24	0	0.100
USC00427516	1990	8	16	2	0	0.200
USC00427516	1990	8	16	3	0	0.100
USC00427516	1990	8	16	4	0	0.100
USC00427516	1990	8	16	5	0	0.100
USC00427516	1990	8	17	14	0	0.100
USC00427516	1990	9	18	17	0	0.300
USC00427516	1990	9	19	13	0	0.100
USC00427516	1990	9	22	22	0	0.100
USC00427516	1990	9	23	13	0	0.100
USC00427516	1990	9	25	14	0	0.100
USC00427516	1990	10	19	16	0	0.100
USC00427516	1990	11	2	13	0	0.100
USC00427516	1990	11	20	5	0	0.100
USC00427516	1990	11	20	6	0	0.100
USC00427516	1990	11	26	13	0	0.100
USC00427516	1990	12	12	8	0	0.100
USC00427516	1990	12	20	14	0	0.100
USC00427516	1991	1	3	21	0	0.100
USC00427516	1991	1	4	0	0	0.100
USC00427516	1991	1	4	3	0	0.100
USC00427516	1991	1	4	6	0	0.100
USC00427516	1991	1	4	8	0	0.100
USC00427516	1991	1	4	12	0	0.100
USC00427516	1991	1	5	4	0	0.100
USC00427516	1991	2	28	3	0	0.100
USC00427516	1991	2	28	5	0	0.100
USC00427516	1991	2	28	6	0	0.100
USC00427516	1991	2	28	7	0	0.100
USC00427516	1991	2	28	14	0	0.100
USC00427516	1991	2	28	22	0	0.100
USC00427516	1991	3	1	6	0	0.100
USC00427516	1991	3	1	8	0	0.100
USC00427516	1991	3	1	12	0	0.100
USC00427516	1991	3	1	14	0	0.100
USC00427516	1991	3	1	24	0	0.100
USC00427516	1991	3	14	11	0	0.100
USC00427516	1991	3	15	17	0	0.100
USC00427516	1991	3	15	18	0	0.100
USC00427516	1991	3	19	14	0	0.100
USC00427516	1991	3	20	23	0	0.100
USC00427516	1991	3	25	20	0	0.100
USC00427516	1991	3	26	14	0	0.100
USC00427516	1991	3	28	12	0	0.100
USC00427516	1991	5	31	6	0	0.100
USC00427516	1991	6	1	20	0	0.100
USC00427516	1991	6	2	2	0	0.100
USC00427516	1991	8	6	14	0	0.100
USC00427516	1991	9	6	7	0	0.100
USC00427516	1991	9	6	17	0	0.100
USC00427516	1991	10	23	24	0	0.100
USC00427516	1991	10	24	2	0	0.100
USC00427516	1991	10	27	3	0	0.100
USC00427516	1991	10	27	4	0	0.200
USC00427516	1991	10	27	5	0	0.100
USC00427516	1991	10	27	11	0	0.100
USC00427516	1991	11	15	12	0	0.100
USC00427516	1991	11	15	14	0	0.100
USC00427516	1991	11	18	3	0	0.100
USC00427516	1991	11	18	14	0	0.100
USC00427516	1991	12	10	17	0	0.100
USC00427516	1991	12	10	21	0	0.100
USC00427516	1991	12	19	12	0	0.100
USC00427516	1991	12	28	23	0	0.100
USC00427516	1991	12	30	4	0	0.100
USC00427516	1991	12	30	6	0	0.100
USC00427516	1991	12	30	7	0	0.100
USC00427516	1992	1	4	9	0	0.100
USC00427516	1992	1	4	11	0	0.100
USC00427516	1992	1	4	12	0	0.100
USC00427516	1992	1	4	13	0	0.100
USC00427516	1992	1	5	10	0	0.100
USC00427516	1992	2	7	6	0	0.060
USC00427516	1992	2	7	8	0	0.060
USC00427516	1992	2	7	11	0	0.060
USC00427516	1992	2	10	11	0	0.100
USC00427516	1992	2	11	7	0	0.100
USC00427516	1992	2	11	9	0	0.100
USC00427516	1992	2	11	12	0	0.100
USC00427516	1992	2	12	21	0	0.100
USC00427516	1992	2	13	0	0	0.100
USC00427516	1992	2	13	2	0	0.100
USC00427516	1992	2	13	3	0	0.100
USC00427516	1992	2	13	5	0	0.100
USC00427516	1992	2	13	7	0	0.100
USC00427516	1992	2	13	9	0	0.100
USC00427516	1992	2	13	18	0	0.100
USC00427516	1992	2	14	2	0	0.100
USC00427516	1992	2	15	20	0	0.100
USC00427516	1992	2	15	21	0	0.200
USC00427516	1992	2	15	22	0	0.200
USC00427516	1992	2	16	0	0	0.100
USC00427516	1992	3	2	18	0	0.100
USC00427516	1992	3	2	22	0	0.100
USC00427516	1992	3	2	23	0	0.100
USC00427516	1992	3	3	1	0	0.200
USC00427516	1992	3	3	2	0	0.100
USC00427516	1992	3	3	3	0	0.100
USC00427516	1992	3	3	11	0	0.100
USC00427516	1992	3	3	16	0	0.100
USC00427516	1992	3	3	21	0	0.100
USC00427516	1992	3	4	7	0	0.100
USC00427516	1992	3	6	23	0	0.100
USC00427516	1992	3	6	24	0	0.100
USC00427516	1992	3	7	13	0	0.100
USC00427516	1992	3	7	16	0	0.100
USC00427516	1992	3	8	1	0	0.100
USC00427516	1992	3	8	2	0	0.100
USC00427516	1992	3	8	4	0	0.100
USC00427516	1992	3	8	6	0	0.100
USC00427516	1992	3	8	12	0	0.100
USC00427516	1992	3	18	14	0	0.100
USC00427516	1992	3	22	13	0	0.100
USC00427516	1992	3	23	6	0	0.100
USC00427516	1992	3	23	15	0	0.200
USC00427516	1992	3	23	17	0	0.100
USC00427516	1992	3	27	2	0	0.100
USC00427516	1992	3	27	4	0	0.100
USC00427516	1992	3	27	12	0	0.100
USC00427516	1992	3	27	14	0	0.100
USC00427516	1992	3	27	16	0	0.100
USC00427516	1992	3	28	9	0	0.100
USC00427516	1992	3	28	20	0	0.100
USC00427516	1992	3	30	2	0	0.200
USC00427516	1992	3	30	20	0	0.100
USC00427516	1992	3	30	21	0	0.100
USC00427516	1992	3	31	11	0	0.100
USC00427516	1992	5	5	18	0	0.100
USC00427516	1992	5	6	13	0	0.200
USC00427516	1992	5	20	11	0	0.100
USC00427516	1992	5	24	5	0	0.100
USC00427516	1992	5	28	11	0	0.100
USC00427516	1992	5	29	2	0	0.100
USC00427516	1992	7	10	19	0	0.100
USC00427516	1992	7	11	2	0	0.100
USC00427516	1992	7	15	13	0	0.100
USC00427516	1992	8	22	23	0	0.100
USC00427516	1992	8	29	19	0	0.100
USC00427516	1992	10	22	5	0	0.100
USC00427516	1992	10	24	13	0	0.100
USC00427516	1992	10	24	16	0	0.200
USC00427516	1992	10	29	6	0	0.100
USC00427516	1992	10	29	8	0	0.100
USC00427516	1992	10	30	16	0	0.100
USC00427516	1992	10	30	17	0	0.100
USC00427516	1992	10	30	18	0	0.300
USC00427516	1992	10	30	22	0	0.100
USC00427516	1992	10	30	23	0	0.100
USC00427516	1992	10	31	16	0	0.100
USC00427516	1992	12	5	11	0	0.100
USC00427516	1992	12	8	3	0	0.100
USC00427516	1992	12	12	6	0	0.100
USC00427516	1992	12	12	7	0	0.200
USC00427516	1992	12	27	22	0	0.100
USC00427516	1992	12	27	23	0	0.100
USC00427516	1992	12	28	1	0	0.200
USC00427516	1992	12	28	3	0	0.100
USC00427516	1992	12	28	5	0	0.100
USC00427516	1992	12	28	6	0	0.100
USC00427516	1992	12	28	8	0	0.100
USC00427516	1992	12	29	23	0	0.100
USC00427516	1992	12	29	24	0	0.100
USC00427516	1992	12	30	2	0	0.100
USC00427516	1993	1	2	17	0	0.100
USC00427516	1993	1	6	12	0	0.100
USC00427516	1993	1	6	14	0	0.100
USC00427516	1993	1	6	17	0	0.100
USC00427516	1993	1	6	23	0	0.100
USC00427516	1993	1	7	6	0	0.100
USC00427516	1993	1	7	9	0	0.100
USC00427516	1993	1	7	14	0	0.100
USC00427516	1993	1	7	21	0	0.100
USC00427516	1993	1	8	3	0	0.100
USC00427516	1993	1	8	9	0	0.100
USC00427516	1993	1	8	10	0	0.100
USC00427516	1993	1	10	8	0	0.100
USC00427516	1993	1	10	12	0	0.100
USC00427516	1993	1	10	17	0	0.100
USC00427516	1993	1	10	23	0	0.100
USC00427516	1993	1	13	2	0	0.100
USC00427516	1993	1	13	18	0	0.100
USC00427516	1993	1	14	6	0	0.100
USC00427516	1993	1	14	8	0	0.100
USC00427516	1993	1	14	20	0	0.100
USC00427516	1993	1	14	21	0	0.100
USC00427516	1993	1	14	22	0	0.100
USC00427516	1993	1	16	11	0	0.100
USC00427516	1993	1	16	14	0	0.100
USC00427516	1993	1	16	21	0	0.100
USC00427516	1993	1	16	24	0	0.100
USC00427516	1993	1	17	2	0	0.100
USC00427516	1993	1	17	19	0	0.100
USC00427516	1993	1	18	7	0	0.100
USC00427516	1993	1	18	10	0	0.100
USC00427516	1993	1	18	11	0	0.200
USC00427516	1993	1	18	14	0	0.100
USC00427516	1993	1	18	15	0	0.100
USC00427516	1993	1	30	2	0	0.100
USC00427516	1993	1	30	10	0	0.100
USC00427516	1993	1	30	13	0	0.100
USC00427516	1993	1	30	17	0	0.100
USC00427516	1993	1	31	4	0	0.100
USC00427516	1993	1	31	11	0	0.100
USC00427516	1993	1	31	14	0	0.100
USC00427516	1993	1	31	15	0	0.100
USC00427516	1993	2	1	6	0	0.100
USC00427516	1993	2	8	4	0	0.100
USC00427516	1993	2	8	7	0	0.100
USC00427516	1993	2	8	9	0	0.100
USC00427516	1993	2	8	12	0	0.100
USC00427516	1993	2	8	13	0	0.100
USC00427516	1993	2	8	18	0	0.100
USC00427516	1993	2	8	19	0	0.100
USC00427516	1993	2	8	21	0	0.100
USC00427516	1993	2	9	2	0	0.100
USC00427516	1993	2	9	6	0	0.100
USC00427516	1993	2	18	18	0	0.100
USC00427516	1993	2	18	21	0	0.100
USC00427516	1993	2	18	23	0	0.100
USC00427516	1993	2	19	6	0	0.100
USC00427516	1993	2	19	17	0	0.100
USC00427516	1993	2	19	18	0	0.100
USC00427516	1993	2	19	22	0	0.100
USC00427516	1993	2	20	1	0	0.100
USC00427516	1993	2	20	2	0	0.100
USC00427516	1993	2	20	3	0	0.100
USC00427516	1993	2	20	4	0	0.100
USC00427516	1993	2	23	23	0	0.100
USC00427516	1993	2	28	3	0	0.100
USC00427516	1993	3	26	19	0	0.100
USC00427516	1993	3	26	23	0	0.100
USC00427516	1993	3	27	2	0	0.100
USC00427516	1993	3	27	4	0	0.100
USC00427516	1993	3	27	10	0	0.100
USC00427516	1993	3	27	11	0	0.100
USC00427516	1993	3	28	11	0	0.100
USC00427516	1993	3	28	15	0	0.100
USC00427516	1993	4	5	23	0	0.100
USC00427516	1993	6	5	23	0	0.100
USC00427516	1993	8	3	21	0	0.100
USC00427516	1993	8	7	16	0	0.100
USC00427516	1993	8	25	24	0	0.200
USC00427516	1993	8	29	20	0	0.200
USC00427516	1993	8	30	5	0	0.100
USC00427516	1993	10	5	12	0	0.100
USC00427516	1993	10	6	4	0	0.100
USC00427516	1993	10	6	13	0	0.300
USC00427516	1993	10	18	12	0	0.100
USC00427516	1993	11	11	9	0	0.100
USC00427516	1993	11	11	11	0	0.100
USC00427516	1993	11	11	14	0	0.100
USC00427516	1993	12	15	8	0	0.100
USC00427516	1993	12	15	12	0	0.100
USC00427516	1994	1	25	13	0	0.025
USC00427516	1994	1	25	14	0	0.025
USC00427516	1994	1	25	22	0	0.025
USC00427516	1994	1	26	10	0	0.025
USC00427516	1994	2	4	15	0	0.100
USC00427516	1994	2	4	16	0	0.100
USC00427516	1994	2	7	19	0	0.100
USC00427516	1994	2	8	4	0	0.100
USC00427516	1994	2	17	15	0	0.100
USC00427516	1994	2	17	16	0	0.100
USC00427516	1994	2	17	21	0	0.100
USC00427516	1994	2	17	23	0	0.100
USC00427516	1994	2	17	24	0	0.100
USC00427516	1994	2	18	15	0	0.100
USC00427516	1994	2	20	9	0	0.100
USC00427516	1994	2	21	18	0	0.100
USC00427516	1994	3	25	10	0	0.250
USC00427516	1994	3	25	14	0	0.250
USC00427516	1994	3	25	20	0	0.100
USC00427516	1994	4	13	14	0	0.100
USC00427516	1994	4	25	24	0	0.100
USC00427516	1994	4	26	4	0	0.100
USC00427516	1994	4	26	11	0	0.100
USC00427516	1994	4	27	23	0	0.100
USC00427516	1994	4	28	6	0	0.100
USC00427516	1994	4	28	8	0	0.100
USC00427516	1994	4	28	10	0	0.100
USC00427516	1994	4	28	12	0	0.100
USC00427516	1994	4	28	20	0	0.100
USC00427516	1994	4	29	12	0	0.100
USC00427516	1994	5	13	12	0	0.100
USC00427516	1994	5	26	23	0	0.100
USC00427516	1994	6	21	16	0	0.060
USC00427516	1994	6	22	1	0	0.060
USC00427516	1994	7	18	17	0	0.400
USC00427516	1994	7	18	19	0	0.100
USC00427516	1994	8	14	17	0	0.100
USC00427516	1994	8	19	4	0	0.100
USC00427516	1994	8	19	6	0	0.100
USC00427516	1994	8	19	8	0	0.100
USC00427516	1994	9	3	1	0	0.400
USC00427516	1994	9	3	2	0	0.100
USC00427516	1994	9	19	20	0	0.100
USC00427516	1994	9	20	2	0	0.100
USC00427516	1994	9	30	11	0	0.100
USC00427516	1994	10	14	2	0	0.100
USC00427516	1994	10	15	2	0	0.200
USC00427516	1994	10	15	3	0	0.100
USC00427516	1994	10	15	4	0	0.100
USC00427516	1994	10	15	6	0	0.100
USC00427516	1994	11	11	24	0	0.100
USC00427516	1994	11	12	2	0	0.100
USC00427516	1994	11	12	9	0	0.100
USC00427516	1994	11	17	14	0	0.100
USC00427516	1994	11	18	4	0	0.100
USC00427516	1994	11	18	14	0	0.100
USC00427516	1994	12	7	6	0	0.060
USC00427516	1994	12	7	8	0	0.060
USC00427516	1994	12	13	7	0	0.060
USC00427516	1994	12	13	10	0	0.060
USC00427516	1994	12	13	19	0	0.060
USC00427516	1994	12	24	15	0	0.060
USC00427516	1994	12	25	4	0	0.060
USC00427516	1994	12	25	5	0	0.060
USC00427516	1994	12	25	6	0	0.060
USC00427516	1994	12	25	7	0	0.060
USC00427516	1994	12	25	9	0	0.060
USC00427516	1994	12	25	14	0	0.060
USC00427516	1995	1	3	20	0	0.060
USC00427516	1995	1	4	2	0	0.060
USC00427516	1995	1	4	19	0	0.060
USC00427516	1995	1	4	21	0	0.060
USC00427516	1995	1	5	1	0	0.060
USC00427516	1995	1	5	7	0	0.060
USC00427516	1995	1	5	10	0	0.060
USC00427516	1995	1	5	12	0	0.060
USC00427516	1995	1	6	9	0	0.060
USC00427516	1995	1	8	0	0	0.060
USC00427516	1995	1	8	13	0	0.060
USC00427516	1995	1	10	15	0	0.060
USC00427516	1995	1	10	18	0	0.060
USC00427516	1995	1	10	19	0	0.060
USC00427516	1995	1	10	20	0	0.060
USC00427516	1995	1	10	21	0	0.060
USC00427516	1995	1	10	24	0	0.060
USC00427516	1995	1	11	2	0	0.060
USC00427516	1995	1	11	12	0	0.060
USC00427516	1995	1	11	18	0	0.060
USC00427516	1995	1	24	11	0	0.100
USC00427516	1995	1	25	17	0	0.100
USC00427516	1995	1	25	20	0	0.100
USC00427516	1995	1	25	22	0	0.100
USC00427516	1995	1	26	6	0	0.100
USC00427516	1995	1	26	11	0	0.100
USC00427516	1995	1	27	14	0	0.100
USC00427516	1995	2	13	23	0	0.060
USC00427516	1995	2	14	4	0	0.060
USC00427516	1995	2	14	5	0	0.060
USC00427516	1995	2	14	6	0	0.060
USC00427516	1995	2	14	10	0	0.060
USC00427516	1995	2	14	12	0	0.060
USC00427516	1995	2	14	15	0	0.060
USC00427516	1995	2	28	15	0	0.121
USC00427516	1995	2	28	16	0	0.060
USC00427516	1995	2	28	21	0	0.060
USC00427516	1995	3	1	5	0	0.060
USC00427516	1995	3	1	6	0	0.060
USC00427516	1995	3	1	7	0	0.060
USC00427516	1995	3	1	15	0	0.060
USC00427516	1995	3	1	20	0	0.060
USC00427516	1995	3	1	21	0	0.060
USC00427516	1995	3	2	3	0	0.060
USC00427516	1995	3	2	7	0	0.060
USC00427516	1995	3	2	22	0	0.100
USC00427516	1995	3	5	17	0	0.100
USC00427516	1995	3	5	18	0	0.100
USC00427516	1995	3	5	19	0	0.400
USC00427516	1995	3	5	20	0	0.100
USC00427516	1995	3	5	21	0	0.100
USC00427516	1995	3	5	22	0	0.200
USC00427516	1995	3	5	23	0	0.100
USC00427516	1995	3	5	24	0	0.100
USC00427516	1995	3	6	11	0	0.100
USC00427516	1995	3	11	9	0	0.100
USC00427516	1995	3	11	11	0	0.100
USC00427516	1995	3	11	15	0	0.100
USC00427516	1995	3	11	22	0	0.100
USC00427516	1995	3	12	1	0	0.100
USC00427516	1995	3	13	13	0	0.100
USC00427516	1995	3	24	7	0	0.100
USC00427516	1995	3	24	21	0	0.100
USC00427516	1995	3	30	18	0	0.200
USC00427516	1995	4	18	11	0	0.100
USC00427516	1995	4	18	14	0	0.100
USC00427516	1995	4	18	15	0	0.100
USC00427516	1995	4	18	17	0	0.100
USC00427516	1995	4	19	11	0	0.100
USC00427516	1995	4	20	22	0	0.100
USC00427516	1995	4	21	10	0	0.100
USC00427516	1995	4	24	14	0	0.100
USC00427516	1995	5	7	10	0	0.060
USC00427516	1995	5	24	8	0	0.100
USC00427516	1995	5	24	9	0	0.100
USC00427516	1995	5	24	10	0	0.100
USC00427516	1995	5	24	21	0	0.100
USC00427516	1995	5	25	9	0	0.100
USC00427516	1995	5	26	15	0	0.100
USC00427516	1995	5	28	9	0	0.100
USC00427516	1995	6	9	12	0	0.100
USC00427516	1995	6	10	7	0	0.100
USC00427516	1995	6	16	13	0	0.100
USC00427516	1995	6	16	14	0	0.100
USC00427516	1995	6	16	17	0	0.100
USC00427516	1995	6	17	12	0	0.100
USC00427516	1995	8	29	16	0	0.100
USC00427516	1995	9	6	14	0	0.100
USC00427516	1995	9	6	15	0	0.100
USC00427516	1995	9	6	16	0	0.100
USC00427516	1995	9	7	4	0	0.200
USC00427516	1995	9	7	6	0	0.100
USC00427516	1995	9	7	11	0	0.100
USC00427516	1995	9	27	18	0	0.100
USC00427516	1995	11	1	5	0	0.070
USC00427516	1995	11	1	8	0	0.070
USC00427516	1995	11	1	9	0	0.140
USC00427516	1995	11	1	10	0	0.140
USC00427516	1995	11	1	13	0	0.140
USC00427516	1995	12	14	3	0	0.100
USC00427516	1996	1	17	1	0	0.100
USC00427516	1996	1	22	3	0	0.100
USC00427516	1996	1	22	9	0	0.100
USC00427516	1996	1	31	19	0	0.100
USC00427516	1996	2	20	11	0	0.100
USC00427516	1996	2	20	22	0	0.100
USC00427516	1996	2	21	14	0	0.100
USC00427516	1996	2	25	16	0	0.100
USC00427516	1996	2	26	11	0	0.100
USC00427516	1996	2	28	10	0	0.100
USC00427516	1996	3	13	6	0	0.100
USC00427516	1996	3	13	8	0	0.100
USC00427516	1996	3	13	10	0	0.100
USC00427516	1996	3	13	14	0	0.100
USC00427516	1996	5	25	16	0	0.100
USC00427516	1996	5	26	6	0	0.100
USC00427516	1996	7	8	23	0	0.060
USC00427516	1996	7	9	1	0	0.121
USC00427516	1996	7	10	18	0	0.060
USC00427516	1996	7	16	3	0	0.100
USC00427516	1996	9	6	3	0	0.200
USC00427516	1996	9	6	4	0	0.100
USC00427516	1996	9	10	17	0	0.200
USC00427516	1996	9	10	18	0	0.100
USC00427516	1996	10	25	5	0	0.100
USC00427516	1996	10	27	17	0	0.100
USC00427516	1996	10	27	23	0	0.100
USC00427516	1996	10	28	13	0	0.100
USC00427516	1996	10	30	24	0	0.100
USC00427516	1996	10	31	1	0	0.100
USC00427516	1996	10	31	2	0	0.100
USC00427516	1996	11	21	16	0	0.100
USC00427516	1996	11	21	17	0	0.100
USC00427516	1996	11	21	18	0	0.100
USC00427516	1996	11	21	19	0	0.100
USC00427516	1996	11	21	20	0	0.100
USC00427516	1996	11	21	21	0	0.200
USC00427516	1996	11	21	22	0	0.100
USC00427516	1996	11	22	3	0	0.100
USC00427516	1996	11	22	11	0	0.100
USC00427516	1996	11	22	18	0	0.200
USC00427516	1996	11	22	19	0	0.100
USC00427516	1996	11	22	24	0	0.100
USC00427516	1996	12	9	23	0	0.100
USC00427516	1996	12	9	24	0	0.100
USC00427516	1996	12	10	2	0	0.100
USC00427516	1996	12	23	16	0	0.100
USC00427516	1997	1	3	7	0	0.200
USC00427516	1997	1	3	8	0	0.100
USC00427516	1997	1	3	9	0	0.200
USC00427516	1997	1	3	10	0	0.800
USC00427516	1997	1	3	11	0	0.600
USC00427516	1997	1	3	13	0	0.100
USC00427516	1997	1	5	18	0	0.100
USC00427516	1997	1	6	8	0	0.100
USC00427516	1997	1	12	20	0	0.100
USC00427516	1997	1	12	21	0	0.100
USC00427516	1997	1	12	22	0	0.100
USC00427516	1997	1	13	8	0	0.100
USC00427516	1997	1	14	17	0	0.100
USC00427516	1997	1	16	17	0	0.100
USC00427516	1997	1	16	18	0	0.100
USC00427516	1997	1	16	22	0	0.100
USC00427516	1997	1	19	16	0	0.100
USC00427516	1997	1	26	8	0	0.100
USC00427516	1997	1	26	13	0	0.100
USC00427516	1997	1	26	23	0	0.100
USC00427516	1997	1	29	14	0	0.100
USC00427516	1997	2	16	16	0	0.100
USC00427516	1997	2	27	15	0	0.100
USC00427516	1997	2	27	17	0	0.100
USC00427516	1997	2	28	5	0	0.100
USC00427516	1997	3	1	15	0	0.100
USC00427516	1997	3	3	15	0	0.100
USC00427516	1997	4	2	16	0	0.060
USC00427516	1997	4	3	16	0	0.060
USC00427516	1997	4	9	12	0	0.060
USC00427516	1997	4	9	19	0	0.060
USC00427516	1997	4	10	3	0	0.060
USC00427516	1997	5	19	17	0	0.121
USC00427516	1997	5	19	18	0	0.060
USC00427516	1997	8	4	4	0	0.200
USC00427516	1997	8	4	5	0	0.100
USC00427516	1997	8	4	6	0	0.100
USC00427516	1997	8	4	7	0	0.200
USC00427516	1997	8	10	5	0	0.300
USC00427516	1997	8	10	6	0	0.100
USC00427516	1997	8	10	7	0	0.200
USC00427516	1997	8	11	11	0	0.100
USC00427516	1997	9	2	1	0	0.100
USC00427516	1997	9	2	2	0	0.100
USC00427516	1997	9	2	3	0	0.100
USC00427516	1997	9	2	4	0	0.100
USC00427516	1997	9	3	11	0	0.100
USC00427516	1997	9	4	2	0	0.100
USC00427516	1997	9	14	21	0	0.300
USC00427516	1997	9	14	24	0	0.200
USC00427516	1997	9	15	1	0	0.100
USC00427516	1997	9	15	3	0	0.100
USC00427516	1997	9	15	5	0	0.100
USC00427516	1997	9	25	22	0	0.100
USC00427516	1997	9	25	23	0	0.300
USC00427516	1997	9	25	24	0	0.200
USC00427516	1997	9	26	2	0	0.100
USC00427516	1997	10	13	17	0	0.100
USC00427516	1997	11	11	7	0	0.300
USC00427516	1997	11	14	13	0	0.100
USC00427516	1997	11	14	17	0	0.100
USC00427516	1997	11	15	2	0	0.100
USC00427516	1997	12	6	21	0	0.100
USC00427516	1997	12	7	12	0	0.100
USC00427516	1997	12	7	24	0	0.100
USC00427516	1998	1	3	10	0	0.100
USC00427516	1998	1	4	13	0	0.100
USC00427516	1998	1	4	22	0	0.100
USC00427516	1998	1	5	0	0	0.100
USC00427516	1998	1	9	22	0	0.100
USC00427516	1998	1	10	7	0	0.100
USC00427516	1998	1	12	23	0	0.100
USC00427516	1998	1	13	5	0	0.100
USC00427516	1998	2	4	8	0	0.100
USC00427516	1998	2	7	3	0	0.100
USC00427516	1998	2	8	5	0	0.100
USC00427516	1998	2	8	11	0	0.100
USC00427516	1998	2	9	4	0	0.200
USC00427516	1998	2	9	5	0	0.200
USC00427516	1998	2	9	6	0	0.100
USC00427516	1998	2	9	7	0	0.100
USC00427516	1998	2	9	8	0	0.100
USC00427516	1998	2	9	9	0	0.100
USC00427516	1998	2	9	11	0	0.100
USC00427516	1998	2	9	12	0	0.100
USC00427516	1998	2	14	13	0	0.100
USC00427516	1998	2	14	15	0	0.100
USC00427516	1998	2	14	18	0	0.100
USC00427516	1998	2	14	19	0	0.100
USC00427516	1998	2	14	21	0	0.100
USC00427516	1998	2	15	2	0	0.200
USC00427516	1998	2	15	7	0	0.100
USC00427516	1998	2	15	12	0	0.100
USC00427516	1998	2	17	17	0	0.100
USC00427516	1998	2	24	6	0	0.100
USC00427516	1998	2	24	7	0	0.200
USC00427516	1998	2	24	8	0	0.100
USC00427516	1998	2	24	13	0	0.100
USC00427516	1998	2	24	14	0	0.100
USC00427516	1998	3	6	19	0	0.100
USC00427516	1998	3	6	21	0	0.100
USC00427516	1998	3	6	23	0	0.100
USC00427516	1998	3	26	6	0	0.100
USC00427516	1998	3	27	15	0	0.100
USC00427516	1998	3	27	20	0	0.100
USC00427516	1998	3	28	11	0	0.100
USC00427516	1998	3	29	12	0	0.100
USC00427516	1998	4	6	17	0	0.060
USC00427516	1998	4	6	19	0	0.060
USC00427516	1998	4	6	22	0	0.060
USC00427516	1998	4	7	6	0	0.060
USC00427516	1998	4	7	10	0	0.060
USC00427516	1998	4	7	15	0	0.060
USC00427516	1998	4	7	16	0	0.060
USC00427516	1998	4	12	11	0	0.060
USC00427516	1998	4	15	13	0	0.060
USC00427516	1998	4	25	8	0	0.060
USC00427516	1998	4	25	10	0	0.121
USC00427516	1998	5	5	21	0	0.100
USC00427516	1998	5	13	4	0	0.100
USC00427516	1998	5	14	8	0	0.100
USC00427516	1998	6	12	23	0	0.100
USC00427516	1998	7	5	7	0	0.200
USC00427516	1998	7	5	8	0	0.100
USC00427516	1998	7	5	14	0	0.100
USC00427516	1998	7	5	15	0	0.100
USC00427516	1998	7	6	10	0	0.100
USC00427516	1998	7	20	23	0	0.200
USC00427516	1998	7	23	15	0	0.100
USC00427516	1998	7	23	20	0	0.100
USC00427516	1998	7	26	15	0	0.100
USC00427516	1998	7	27	12	0	0.100
USC00427516	1998	8	24	23	0	0.100
USC00427516	1998	8	25	7	0	0.100
USC00427516	1998	8	25	8	0	0.100
USC00427516	1998	8	30	19	0	0.100
USC00427516	1998	8	30	20	0	0.100
USC00427516	1998	9	4	10	0	0.100
USC00427516	1998	9	4	19	0	0.100
USC00427516	1998	9	4	20	0	0.100
USC00427516	1998	9	4	21	0	0.100
USC00427516	1998	9	4	23	0	0.100
USC00427516	1998	9	4	24	0	0.100
USC00427516	1998	9	5	1	0	0.500
USC00427516	1998	9	5	3	0	0.200
USC00427516	1998	9	6	21	0	0.100
USC00427516	1998	9	9	16	0	0.100
USC00427516	1998	9	9	21	0	0.100
USC00427516	1998	9	11	17	0	0.200
USC00427516	1998	9	11	24	0	0.100
USC00427516	1998	9	12	3	0	0.100
USC00427516	1998	10	15	21	0	0.100
USC00427516	1998	10	21	15	0	0.200
USC00427516	1998	10	25	2	0	0.100
USC00427516	1998	10	25	3	0	0.100
USC00427516	1998	10	25	4	0	0.100
USC00427516	1998	10	25	5	0	0.200
USC00427516	1998	10	25	6	0	0.100
USC00427516	1998	10	26	15	0	0.200
USC00427516	1998	10	26	18	0	0.100
USC00427516	1998	10	26	24	0	0.100
USC00427516	1998	10	27	1	0	0.100
USC00427516	1998	10	28	15	0	0.100
USC00427516	1998	11	8	15	0	0.200
USC00427516	1998	11	8	16	0	0.100
USC00427516	1998	11	8	17	0	0.100
USC00427516	1998	11	8	18	0	0.100
USC00427516	1998	11	8	19	0	0.100
USC00427516	1998	11	8	20	0	0.100
USC00427516	1998	11	8	23	0	0.100
USC00427516	1998	11	11	5	0	0.100
USC00427516	1998	11	11	7	0	0.100
USC00427516	1998	11	12	15	0	0.100
USC00427516	1999	1	26	20	0	0.100
USC00427516	1999	1	27	0	0	0.100
USC00427516	1999	2	4	22	0	0.100
USC00427516	1999	2	5	0	0	0.100
USC00427516	1999	2	5	3	0	0.100
USC00427516	1999	2	10	1	0	0.100
USC00427516	1999	2	10	5	0	0.100
USC00427516	1999	3	8	12	0	0.100
USC00427516	1999	3	13	14	0	0.100
USC00427516	1999	4	4	9	0	0.121
USC00427516	1999	4	4	10	0	0.060
USC00427516	1999	4	23	7	0	0.100
USC00427516	1999	4	23	12	0	0.100
USC00427516	1999	4	24	13	0	0.100
USC00427516	1999	4	24	14	0	0.100
USC00427516	1999	4	25	14	0	0.100
USC00427516	1999	5	3	20	0	0.100
USC00427516	1999	5	7	2	0	0.100
USC00427516	1999	6	1	22	0	0.100
USC00427516	1999	6	1	23	0	0.100
USC00427516	1999	6	2	24	0	0.100
USC00427516	1999	6	3	21	0	0.100
USC00427516	1999	6	3	24	0	0.100
USC00427516	1999	6	4	3	0	0.100
USC00427516	1999	6	4	11	0	0.100
USC00427516	1999	6	4	13	0	0.100
USC00427516	1999	6	4	22	0	0.100
USC00427516	1999	6	11	14	0	0.100
USC00427516	1999	7	8	3	0	0.500
USC00427516	1999	7	8	9	0	0.100
USC00427516	1999	7	9	21	0	0.100
USC00427516	1999	7	14	16	0	0.100
USC00427516	1999	7	15	19	0	0.100
USC00427516	1999	7	15	23	0	0.100
USC00427516	1999	7	15	24	0	0.100
USC00427516	1999	7	30	3	0	0.100
USC00427516	1999	7	30	10	0	0.100
USC00427516	1999	7	30	15	0	0.100
USC00427516	1999	8	10	5	0	0.100
USC00427516	1999	8	10	22	0	0.100
USC00427516	1999	8	29	23	0	0.100
USC00427516	1999	9	19	9	0	0.100
USC00427516	1999	9	22	18	0	0.100
USC00427516	1999	10	1	6	0	0.100
USC00427516	2000	1	2	11	0	0.060
USC00427516	2000	1	8	13	0	0.100
USC00427516	2000	1	26	7	0	0.100
USC00427516	2000	2	11	2	0	0.060
USC00427516	2000	2	12	4	0	0.060
USC00427516	2000	2	12	6	0	0.060
USC00427516	2000	2	12	7	0	0.060
USC00427516	2000	2	12	8	0	0.060
USC00427516	2000	2	12	9	0	0.060
USC00427516	2000	2	12	10	0	0.060
USC00427516	2000	2	12	15	0	0.060
USC00427516	2000	2	16	13	0	0.060
USC00427516	2000	2	16	20	0	0.060
USC00427516	2000	2	16	21	0	0.121
USC00427516	2000	2	16	22	0	0.060
USC00427516	2000	2	16	23	0	0.060
USC00427516	2000	2	16	24	0	0.060
USC00427516	2000	2	17	9	0	0.060
USC00427516	2000	2	17	11	0	0.060
USC00427516	2000	2	17	12	0	0.060
USC00427516	2000	2	17	13	0	0.060
USC00427516	2000	2	17	15	0	0.060
USC00427516	2000	2	17	16	0	0.060
USC00427516	2000	2	18	9	0	0.060
USC00427516	2000	2	20	16	0	0.060
USC00427516	2000	2	20	22	0	0.060
USC00427516	2000	2	21	12	0	0.060
USC00427516	2000	2	21	13	0	0.121
USC00427516	2000	2	21	14	0	0.060
USC00427516	2000	2	21	15	0	0.060
USC00427516	2000	2	22	4	0	0.060
USC00427516	2000	2	23	11	0	0.060
USC00427516	2000	2	23	14	0	0.060
USC00427516	2000	2	23	16	0	0.060
USC00427516	2000	2	23	18	0	0.060
USC00427516	2000	2	23	19	0	0.060
USC00427516	2000	2	23	20	0	0.060
USC00427516	2000	2	23	21	0	0.060
USC00427516	2000	2	23	22	0	0.060
USC00427516	2000	2	23	23	0	0.060
USC00427516	2000	2	24	12	0	0.121
USC00427516	2000	2	27	24	0	0.060
USC00427516	2000	2	28	10	0	0.060
USC00427516	2000	2	28	14	0	0.060
USC00427516	2000	2	28	16	0	0.060
USC00427516	2000	2	29	22	0	0.060
USC00427516	2000	3	4	13	0	0.100
USC00427516	2000	3	4	24	0	0.100
USC00427516	2000	3	5	1	0	0.100
USC00427516	2000	3	6	4	0	0.100
USC00427516	2000	3	8	19	0	0.100
USC00427516	2000	4	18	15	0	0.100
USC00427516	2000	5	18	15	0	0.100
USC00427516	2000	8	28	19	0	0.100
USC00427516	2000	8	29	15	0	0.400
USC00427516	2000	8	29	16	0	0.200
USC00427516	2000	8	29	20	0	0.100
USC00427516	2000	8	30	9	0	0.200
USC00427516	2000	8	30	11	0	0.100
USC00427516	2000	8	30	13	0	0.100
USC00427516	2000	8	31	12	0	0.100
USC00427516	2000	8	31	13	0	0.200
USC00427516	2000	9	23	8	0	0.060
USC00427516	2000	10	10	5	0	0.100
USC00427516	2000	10	10	10	0	0.200
USC00427516	2000	10	23	17	0	0.100
USC00427516	2000	10	23	20	0	0.100
USC00427516	2000	10	27	2	0	0.100
USC00427516	2000	10	27	3	0	0.100
USC00427516	2000	10	27	4	0	0.100
USC00427516	2000	10	27	6	0	0.100
USC00427516	2000	10	27	9	0	0.100
USC00427516	2000	10	27	14	0	0.100
USC00427516	2000	10	30	7	0	0.100
USC00427516	2000	10	30	10	0	0.100
USC00427516	2000	10	30	12	0	0.100
USC00427516	2000	11	10	11	0	0.060
USC00427516	2000	11	10	12	0	0.060
USC00427516	2000	11	10	14	0	0.060
USC00427516	2000	11	11	10	0	0.060
USC00427516	2000	11	11	12	0	0.060
USC00427516	2001	1	9	5	0	0.060
USC00427516	2001	1	10	10	0	0.060
USC00427516	2001	1	11	6	0	0.060
USC00427516	2001	1	11	9	0	0.060
USC00427516	2001	1	11	10	0	0.121
USC00427516	2001	1	11	11	0	0.060
USC00427516	2001	1	11	13	0	0.060
USC00427516	2001	1	11	14	0	0.060
USC00427516	2001	1	12	11	0	0.060
USC00427516	2001	1	12	12	0	0.060
USC00427516	2001	1	12	13	0	0.060
USC00427516	2001	1	12	14	0	0.060
USC00427516	2001	1	25	10	0	0.060
USC00427516	2001	1	27	10	0	0.060
USC00427516	2001	2	11	11	0	0.060
USC00427516	2001	2	11	12	0	0.060
USC00427516	2001	2	11	13	0	0.060
USC00427516	2001	2	14	11	0	0.121
USC00427516	2001	2	14	12	0	0.121
USC00427516	2001	2	14	13	0	0.060
USC00427516	2001	2	25	6	0	0.060
USC00427516	2001	2	26	11	0	0.060
USC00427516	2001	2	26	23	0	0.060
USC00427516	2001	2	28	10	0	0.060
USC00427516	2001	2	28	12	0	0.060
USC00427516	2001	2	28	13	0	0.060
USC00427516	2001	2	28	16	0	0.060
USC00427516	2001	3	1	10	0	0.100
USC00427516	2001	3	3	11	0	0.100
USC00427516	2001	3	5	14	0	0.100
USC00427516	2001	3	7	13	0	0.100
USC00427516	2001	3	9	22	0	0.100
USC00427516	2001	3	9	24	0	0.100
USC00427516	2001	3	10	2	0	0.100
USC00427516	2001	3	10	6	0	0.100
USC00427516	2001	3	10	8	0	0.100
USC00427516	2001	3	10	11	0	0.100
USC00427516	2001	3	12	11	0	0.100
USC00427516	2001	3	13	11	0	0.100
USC00427516	2001	3	14	13	0	0.100
USC00427516	2001	3	17	15	0	0.100
USC00427516	2001	3	25	16	0	0.100
USC00427516	2001	4	7	19	0	0.100
USC00427516	2001	4	12	4	0	0.100
USC00427516	2001	4	12	15	0	0.100
USC00427516	2001	4	21	10	0	0.100
USC00427516	2001	4	21	12	0	0.100
USC00427516	2001	5	13	20	0	0.100
USC00427516	2001	6	23	7	0	0.060
USC00427516	2001	7	7	11	0	0.100
USC00427516	2001	8	2	9	0	0.100
USC00427516	2001	8	9	22	0	0.100
USC00427516	2001	8	20	13	0	0.200
USC00427516	2001	8	30	19	0	0.100
USC00427516	2001	10	7	7	0	0.200
USC00427516	2001	11	11	10	0	0.200
USC00427516	2001	11	13	12	0	0.100
USC00427516	2001	11	25	2	0	0.100
USC00427516	2001	12	3	23	0	0.100
USC00427516	2001	12	11	10	0	0.100
USC00427516	2001	12	15	10	0	0.100
USC00427516	2001	12	29	14	0	0.100
USC00427516	2001	12	29	17	0	0.100
USC00427516	2001	12	31	6	0	0.100
USC00427516	2001	12	31	10	0	0.100
USC00427516	2002	1	3	14	0	0.100
USC00427516	2002	3	8	3	0	0.100
USC00427516	2002	6	10	16	0	0.100
USC00427516	2002	7	25	12	0	0.200
USC00427516	2002	9	6	8	0	0.100
USC00427516	2002	9	8	9	0	0.100
USC00427516	2002	9	10	24	0	0.100
USC00427516	2002	9	28	8	0	0.100
USC00427516	2002	9	28	20	0	0.100
USC00427516	2002	10	2	9	0	0.060
USC00427516	2002	10	2	11	0	0.060
USC00427516	2002	10	2	19	0	0.060
USC00427516	2002	10	2	24	0	0.060
USC00427516	2002	10	26	1	0	0.060
USC00427516	2002	10	27	6	0	0.060
USC00427516	2002	10	31	14	0	0.060
USC00427516	2002	11	8	16	0	0.100
USC00427516	2002	11	8	17	0	0.100
USC00427516	2002	11	8	18	0	0.100
USC00427516	2002	11	8	19	0	0.100
USC00427516	2002	11	8	21	0	0.100
USC00427516	2002	11	9	14	0	0.100
USC00427516	2002	11	9	15	0	0.200
USC00427516	2002	11	9	17	0	0.100
USC00427516	2002	11	10	9	0	0.100
USC00427516	2002	11	30	24	0	0.100
USC00427516	2002	12	17	1	0	0.100
USC00427516	2002	12	18	4	0	0.100
USC00427516	2002	12	18	5	0	0.100
USC00427516	2002	12	20	14	0	0.100
USC00427516	2003	2	12	11	0	0.100
USC00427516	2003	2	12	13	0	0.100
USC00427516	2003	2	12	17	0	0.100
USC00427516	2003	2	13	1	0	0.100
USC00427516	2003	2	13	3	0	0.100
USC00427516	2003	2	13	6	0	0.100
USC00427516	2003	2	13	8	0	0.100
USC00427516	2003	2	13	9	0	0.100
USC00427516	2003	2	14	17	0	0.100
USC00427516	2003	2	25	0	0	0.100
USC00427516	2003	2	25	4	0	0.100
USC00427516	2003	2	25	9	0	0.100
USC00427516	2003	2	25	14	0	0.100
USC00427516	2003	2	26	1	0	0.100
USC00427516	2003	2	26	3	0	0.100
USC00427516	2003	2	26	12	0	0.100
USC00427516	2003	2	27	6	0	0.100
USC00427516	2003	2	27	13	0	0.100
USC00427516	2003	2	27	22	0	0.100
USC00427516	2003	3	1	8	0	0.100
USC00427516	2003	3	1	10	0	0.100
USC00427516	2003	3	1	11	0	0.100
USC00427516	2003	3	1	13	0	0.100
USC00427516	2003	3	4	23	0	0.100
USC00427516	2003	3	16	6	0	0.100
USC00427516	2003	3	16	12	0	0.100
USC00427516	2003	3	16	18	0	0.100
USC00427516	2003	3	17	14	0	0.100
USC00427516	2003	3	18	11	0	0.100
USC00427516	2003	4	15	1	0	0.100
USC00427516	2003	4	15	8	0	0.100
USC00427516	2003	4	22	12	0	0.100
USC00427516	2003	4	22	14	0	0.100
USC00427516	2003	4	23	4	0	0.100
USC00427516	2003	7	22	20	0	0.100
USC00427516	2003	8	15	18	0	0.500
USC00427516	2003	8	22	13	0	0.100
USC00427516	2003	8	28	13	0	0.100
USC00427516	2003	9	6	1	0	0.100
USC00427516	2003	9	6	2	0	0.100
USC00427516	2003	9	30	18	0	0.100
USC00427516	2003	11	16	6	0	0.100
USC00427516	2003	11	16	10	0	0.100
USC00427516	2003	12	7	23	0	0.070
USC00427516	2003	12	7	24	0	0.070
USC00427516	2003	12	8	1	0	0.140
USC00427516	2003	12	14	19	0	0.070
USC00427516	2003	12	14	20	0	0.070
USC00427516	2003	12	25	5	0	0.070
USC00427516	2003	12	25	8	0	0.070
USC00427516	2003	12	25	10	0	0.070
USC00427516	2003	12	25	11	0	0.070
USC00427516	2003	12	25	13	0	0.070
USC00427516	2003	12	25	16	0	0.070
USC00427516	2003	12	25	17	0	0.070
USC00427516	2003	12	25	19	0	0.070
USC00427516	2003	12	26	1	0	0.070
USC00427516	2003	12	26	2	0	0.070
USC00427516	2003	12	26	14	0	0.070
USC00427516	2003	12	27	12	0	0.070
USC00427516	2003	12	30	11	0	0.070
USC00427516	2003	12	30	12	0	0.070
USC00427516	2003	12	30	13	0	0.070
USC00427516	2004	1	31	14	0	0.100
USC00427516	2004	1	31	17	0	0.100
USC00427516	2004	2	3	13	0	0.100
USC00427516	2004	2	3	15	0	0.100
USC00427516	2004	2	21	0	0	0.100
USC00427516	2004	2	21	8	0	0.100
USC00427516	2004	2	21	24	0	0.100
USC00427516	2004	2	22	3	0	0.100
USC00427516	2004	2	22	6	0	0.100
USC00427516	2004	2	22	11	0	0.100
USC00427516	2004	2	22	17	0	0.100
USC00427516	2004	2	23	5	0	0.100
USC00427516	2004	2	23	14	0	0.100
USC00427516	2004	2	23	15	0	0.100
USC00427516	2004	2	23	18	0	0.100
USC00427516	2004	2	26	2	0	0.100
USC00427516	2004	2	26	4	0	0.100
USC00427516	2004	2	26	5	0	0.100
USC00427516	2004	2	26	6	0	0.200
USC00427516	2004	2	26	7	0	0.100
USC00427516	2004	2	26	8	0	0.100
USC00427516	2004	2	26	9	0	0.100
USC00427516	2004	2	26	10	0	0.100
USC00427516	2004	2	26	11	0	0.100
USC00427516	2004	2	26	12	0	0.100
USC00427516	2004	2	27	4	0	0.100
USC00427516	2004	2	27	21	0	0.100
USC00427516	2004	2	28	9	0	0.100
USC00427516	2004	3	2	1	0	0.100
USC00427516	2004	4	2	4	0	0.100
USC00427516	2004	4	2	8	0	0.100
USC00427516	2004	4	2	13	0	0.100
USC00427516	2004	4	2	14	0	0.200
USC00427516	2004	4	2	15	0	0.100
USC00427516	2004	4	2	18	0	0.100
USC00427516	2004	4	3	9	0	0.100
USC00427516	2004	4	3	10	0	0.100
USC00427516	2004	4	8	23	0	0.100
USC00427516	2004	4	9	17	0	0.100
USC00427516	2004	4	12	15	0	0.060
USC00427516	2004	4	28	18	0	0.060
USC00427516	2004	4	28	20	0	0.060
USC00427516	2004	8	16	17	0	0.100
USC00427516	2004	8	17	14	0	0.100
USC00427516	2004	9	10	6	0	0.200
USC00427516	2004	10	18	21	0	0.100
USC00427516	2004	10	19	20	0	0.100
USC00427516	2004	10	20	8	0	0.100
USC00427516	2004	10	20	14	0	0.100
USC00427516	2004	10	20	15	0	0.200
USC00427516	2004	10	20	17	0	0.300
USC00427516	2004	10	20	18	0	0.300
USC00427516	2004	10	20	20	0	0.100
USC00427516	2004	10	20	22	0	0.100
USC00427516	2004	10	21	1	0	0.100
USC00427516	2004	10	21	3	0	0.100
USC00427516	2004	10	21	4	0	0.100
USC00427516	2004	10	21	8	0	0.100
USC00427516	2004	10	21	9	0	0.100
USC00427516	2004	10	21	11	0	0.100
USC00427516	2004	10	21	19	0	0.200
USC00427516	2004	10	21	20	0	0.100
USC00427516	2004	10	22	10	0	0.100
USC00427516	2004	10	27	12	0	0.100
USC00427516	2004	10	27	18	0	0.100
USC00427516	2004	10	27	21	0	0.100
USC00427516	2004	10	28	9	0	0.100
USC00427516	2004	11	7	13	0	0.100
USC00427516	2004	11	7	20	0	0.100
USC00427516	2004	11	7	21	0	0.100
USC00427516	2004	11	7	22	0	0.100
USC00427516	2004	11	7	23	0	0.100
USC00427516	2004	11	7	24	0	0.100
USC00427516	2004	11	8	1	0	0.100
USC00427516	2004	11	8	4	0	0.100
USC00427516	2004	11	9	4	0	0.100
USC00427516	2004	11	21	9	0	0.100
USC00427516	2004	11	21	11	0	0.100
USC00427516	2004	11	21	12	0	0.100
USC00427516	2004	11	21	14	0	0.100
USC00427516	2004	11	21	15	0	0.100
USC00427516	2004	11	23	13	0	0.100
USC00427516	2004	11	26	12	0	0.100
USC00427516	2004	11	27	12	0	0.100
USC00427516	2004	11	27	21	0	0.200
USC00427516	2004	12	6	2	0	0.100
USC00427516	2004	12	6	5	0	0.100
USC00427516	2004	12	6	10	0	0.100
USC00427516	2004	12	28	17	0	0.121
USC00427516	2004	12	28	18	0	0.121
USC00427516	2004	12	28	19	0	0.060
USC00427516	2004	12	28	20	0	0.060
USC00427516	2004	12	28	21	0	0.121
USC00427516	2004	12	28	22	0	0.060
USC00427516	2004	12	28	23	0	0.060
USC00427516	2004	12	28	24	0	0.121
USC00427516	2004	12	29	1	0	0.060
USC00427516	2004	12	29	2	0	0.060
USC00427516	2004	12	29	3	0	0.121
USC00427516	2004	12	29	8	0	0.121
USC00427516	2004	12	29	9	0	0.060
USC00427516	2004	12	29	10	0	0.121
USC00427516	2004	12	29	14	0	0.060
USC00427516	2004	12	31	18	0	0.060
USC00427516	2004	12	31	22	0	0.060
USC00427516	2005	1	4	2	0	0.060
USC00427516	2005	1	4	11	0	0.060
USC00427516	2005	1	4	12	0	0.060
USC00427516	2005	1	5	12	0	0.060
USC00427516	2005	1	5	15	0	0.060
USC00427516	2005	1	6	13	0	0.121
USC00427516	2005	1	8	2	0	0.060
USC00427516	2005	1	8	8	0	0.060
USC00427516	2005	1	8	10	0	0.060
USC00427516	2005	1	8	12	0	0.060
USC00427516	2005	1	9	7	0	0.242
USC00427516	2005	1	10	1	0	0.181
USC00427516	2005	1	10	2	0	0.060
USC00427516	2005	1	10	16	0	0.181
USC00427516	2005	1	10	17	0	0.121
USC00427516	2005	1	11	2	0	0.121
USC00427516	2005	1	11	8	0	0.242
USC00427516	2005	1	13	15	0	0.060
USC00427516	2005	1	17	5	0	0.060
USC00427516	2005	1	27	5	0	0.363
USC00427516	2005	1	29	1	0	0.181
USC00427516	2005	1	29	2	0	0.060
USC00427516	2005	1	30	4	0	0.121
USC00427516	2005	2	7	7	0	0.070
USC00427516	2005	2	7	17	0	0.070
USC00427516	2005	2	7	18	0	0.070
USC00427516	2005	2	11	5	0	0.070
USC00427516	2005	2	11	7	0	0.070
USC00427516	2005	2	11	10	0	0.070
USC00427516	2005	2	11	12	0	0.070
USC00427516	2005	2	11	13	0	0.070
USC00427516	2005	2	11	14	0	0.070
USC00427516	2005	2	11	16	0	0.070
USC00427516	2005	2	11	17	0	0.070
USC00427516	2005	2	11	19	0	0.070
USC00427516	2005	2	11	20	0	0.070
USC00427516	2005	2	11	21	0	0.070
USC00427516	2005	2	11	23	0	0.070
USC00427516	2005	2	11	24	0	0.070
USC00427516	2005	2	12	19	0	0.070
USC00427516	2005	2	12	22	0	0.070
USC00427516	2005	2	18	1	0	0.070
USC00427516	2005	2	18	2	0	0.070
USC00427516	2005	2	18	3	0	0.140
USC00427516	2005	2	18	4	0	0.070
USC00427516	2005	2	18	5	0	0.070
USC00427516	2005	2	18	8	0	0.070
USC00427516	2005	2	18	17	0	0.070
USC00427516	2005	2	18	18	0	0.140
USC00427516	2005	2	18	19	0	0.070
USC00427516	2005	2	19	3	0	0.070
USC00427516	2005	2	19	11	0	0.070
USC00427516	2005	2	19	15	0	0.140
USC00427516	2005	2	19	22	0	0.070
USC00427516	2005	2	19	24	0	0.070
USC00427516	2005	2	20	12	0	0.070
USC00427516	2005	2	20	14	0	0.070
USC00427516	2005	2	21	19	0	0.070
USC00427516	2005	2	21	24	0	0.070
USC00427516	2005	2	22	1	0	0.070
USC00427516	2005	2	22	7	0	0.070
USC00427516	2005	2	22	16	0	0.140
USC00427516	2005	2	22	17	0	0.070
USC00427516	2005	2	22	18	0	0.070
USC00427516	2005	2	26	18	0	0.070
USC00427516	2005	3	2	24	0	0.070
USC00427516	2005	3	3	1	0	0.070
USC00427516	2005	3	3	5	0	0.070
USC00427516	2005	3	19	18	0	0.070
USC00427516	2005	3	19	23	0	0.070
USC00427516	2005	3	19	24	0	0.070
USC00427516	2005	3	20	1	0	0.140
USC00427516	2005	3	20	2	0	0.140
USC00427516	2005	3	20	3	0	0.070
USC00427516	2005	3	20	4	0	0.070
USC00427516	2005	3	20	9	0	0.070
USC00427516	2005	3	20	10	0	0.070
USC00427516	2005	3	20	13	0	0.070
USC00427516	2005	3	20	16	0	0.070
USC00427516	2005	3	22	24	0	0.070
USC00427516	2005	3	23	2	0	0.070
USC00427516	2005	3	23	9	0	0.070
USC00427516	2005	3	23	20	0	0.070
USC00427516	2005	3	23	22	0	0.070
USC00427516	2005	3	23	23	0	0.140
USC00427516	2005	3	23	24	0	0.070
USC00427516	2005	3	24	16	0	0.070
USC00427516	2005	3	24	17	0	0.070
USC00427516	2005	3	24	18	0	0.070
USC00427516	2005	3	24	19	0	0.070
USC00427516	2005	3	24	20	0	0.070
USC00427516	2005	3	24	21	0	0.140
USC00427516	2005	4	25	12	0	0.300
USC00427516	2005	4	25	20	0	0.100
USC00427516	2005	4	25	21	0	0.100
USC00427516	2005	4	25	22	0	0.100
USC00427516	2005	4	25	23	0	0.300
USC00427516	2005	4	25	24	0	0.100
USC00427516	2005	4	26	8	0	0.100
USC00427516	2005	4	26	15	0	0.200
USC00427516	2005	4	27	1	0	0.100
USC00427516	2005	4	29	7	0	0.100
USC00427516	2005	4	30	11	0	0.100
USC00427516	2005	4	30	13	0	0.100
USC00427516	2005	4	30	14	0	0.100
USC00427516	2005	4	30	16	0	0.200
USC00427516	2005	4	30	17	0	0.200
USC00427516	2005	4	30	18	0	0.100
USC00427516	2005	4	30	21	0	0.100
USC00427516	2005	5	8	9	0	0.100
USC00427516	2005	5	8	10	0	0.100
USC00427516	2005	5	9	2	0	0.100
USC00427516	2005	5	18	19	0	0.100
USC00427516	2005	6	11	2	0	0.200
USC00427516	2005	6	13	15	0	0.200
USC00427516	2005	6	22	18	0	0.121
USC00427516	2005	7	23	22	0	0.181
USC00427516	2005	7	23	23	0	0.181
USC00427516	2005	7	23	24	0	0.060
USC00427516	2005	7	24	17	0	0.060
USC00427516	2005	8	2	16	0	0.060
USC00427516	2005	8	2	19	0	0.060
USC00427516	2005	8	3	17	0	0.121
USC00427516	2005	8	8	10	0	0.060
USC00427516	2005	8	8	20	0	0.121
USC00427516	2005	8	8	21	0	0.060
USC00427516	2005	8	9	24	0	0.060
USC00427516	2005	8	10	22	0	0.121
USC00427516	2005	8	10	23	0	0.121
USC00427516	2005	8	10	24	0	0.060
USC00427516	2005	8	12	19	0	0.302
USC00427516	2005	8	12	20	0	0.060
USC00427516	2005	8	12	21	0	0.060
USC00427516	2005	8	12	22	0	0.060
USC00427516	2005	8	14	16	0	0.060
USC00427516	2005	8	14	18	0	0.060
USC00427516	2005	10	3	21	0	0.100
USC00427516	2005	10	18	7	0	0.100
USC00427516	2005	10	18	9	0	0.100
USC00427516	2005	10	18	10	0	0.200
USC00427516	2005	10	18	14	0	0.100
USC00427516	2005	10	18	18	0	0.300
USC00427516	2005	10	18	20	0	0.100
USC00427516	2005	10	19	14	0	0.100
USC00427516	2005	10	20	8	0	0.100
USC00427516	2005	10	25	19	0	0.200
USC00427516	2005	11	11	7	0	0.166
USC00427516	2005	11	11	9	0	0.083
USC00427516	2006	1	1	10	0	0.083
USC00427516	2006	1	2	21	0	0.070
USC00427516	2006	1	2	22	0	0.070
USC00427516	2006	1	26	11	0	0.083
USC00427516	2006	3	1	16	0	0.070
USC00427516	2006	3	11	5	0	0.100
USC00427516	2006	3	11	22	0	0.100
USC00427516	2006	3	12	6	0	0.100
USC00427516	2006	3	12	23	0	0.200
USC00427516	2006	3	16	4	0	0.100
USC00427516	2006	3	20	4	0	0.100
USC00427516	2006	3	20	23	0	0.100
USC00427516	2006	3	21	24	0	0.100
USC00427516	2006	3	22	2	0	0.100
USC00427516	2006	3	28	19	0	0.100
USC00427516	2006	3	28	20	0	0.100
USC00427516	2006	3	29	5	0	0.100
USC00427516	2006	3	29	13	0	0.100
USC00427516	2006	3	29	15	0	0.100
USC00427516	2006	4	13	23	0	0.100
USC00427516	2006	4	14	3	0	0.100
USC00427516	2006	4	23	23	0	0.100
USC00427516	2006	5	4	3	0	0.100
USC00427516	2006	7	4	12	0	0.100
USC00427516	2006	7	4	18	0	0.100
USC00427516	2006	7	5	18	0	0.100
USC00427516	2006	7	14	16	0	0.100
USC00427516	2006	7	20	17	0	0.100
USC00427516	2006	7	28	16	0	0.070
USC00427516	2006	7	28	17	0	0.489
USC00427516	2006	7	28	18	0	0.070
USC00427516	2006	7	30	23	0	0.140
USC00427516	2006	7	30	24	0	0.559
USC00427516	2006	7	31	1	0	0.349
USC00427516	2006	7	31	2	0	0.070
USC00427516	2006	7	31	8	0	0.070
USC00427516	2006	7	31	19	0	0.140
USC00427516	2006	7	31	20	0	0.140
USC00427516	2006	8	2	13	0	0.070
USC00427516	2006	8	3	24	0	0.070
USC00427516	2006	8	4	11	0	0.070
USC00427516	2006	9	11	12	0	0.200
USC00427516	2006	9	11	21	0	0.100
USC00427516	2006	9	18	2	0	0.100
USC00427516	2006	10	5	13	0	0.140
USC00427516	2006	10	5	17	0	0.070
USC00427516	2006	10	6	13	0	0.070
USC00427516	2006	10	6	14	0	0.070
USC00427516	2006	10	6	15	0	0.070
USC00427516	2006	10	8	24	0	0.070
USC00427516	2006	10	9	10	0	0.140
USC00427516	2006	10	9	24	0	0.070
USC00427516	2006	10	13	23	0	0.070
USC00427516	2006	10	14	1	0	0.070
USC00427516	2006	10	14	2	0	0.070
USC00427516	2006	10	14	8	0	0.140
USC00427516	2006	10	14	9	0	0.140
USC00427516	2006	10	14	11	0	0.070
USC00427516	2006	10	14	12	0	0.070
USC00427516	2006	10	17	4	0	0.070
USC00427516	2006	10	17	5	0	0.070
USC00427516	2006	10	17	6	0	0.070
USC00427516	2006	10	17	8	0	0.070
USC00427516	2006	12	16	14	0	0.100
USC00427516	2006	12	26	24	0	0.200
USC00427516	2006	12	27	9	0	0.100
USC00427516	2007	1	5	10	0	0.100
USC00427516	2007	1	6	11	0	0.100
USC00427516	2007	1	31	15	0	0.015
USC00427516	2007	2	11	16	0	0.001
USC00427516	2007	2	11	20	0	0.006
USC00427516	2007	2	11	21	0	0.003
USC00427516	2007	2	12	6	0	0.001
USC00427516	2007	2	12	8	0	0.001
USC00427516	2007	2	19	6	0	0.002
USC00427516	2007	2	19	13	0	0.003
USC00427516	2007	2	19	14	0	0.007
USC00427516	2007	2	19	15	0	0.004
USC00427516	2007	2	19	16	0	0.013
USC00427516	2007	2	19	17	0	0.004
USC00427516	2007	2	19	19	0	0.002
USC00427516	2007	2	22	8	0	0.001
USC00427516	2007	2	22	14	0	0.001
USC00427516	2007	2	22	19	0	0.001
USC00427516	2007	2	22	24	0	0.001
USC00427516	2007	2	23	3	0	0.001
USC00427516	2007	2	23	13	0	0.002
USC00427516	2007	2	23	14	0	0.004
USC00427516	2007	2	23	16	0	0.002
USC00427516	2007	2	23	17	0	0.001
USC00427516	2007	2	27	16	0	0.007
USC00427516	2007	2	28	11	0	0.019
USC00427516	2007	2	28	13	0	0.008
USC00427516	2007	2	28	16	0	0.004
USC00427516	2007	3	27	10	0	0.002
USC00427516	2007	3	27	11	0	0.001
USC00427516	2007	3	28	12	0	0.001
USC00427516	2007	3	28	14	0	0.001
USC00427516	2007	3	29	12	0	0.004
USC00427516	2007	3	29	15	0	0.002
USC00427516	2007	4	20	22	0	0.100
USC00427516	2007	4	21	6	0	0.200
USC00427516	2007	4	21	17	0	0.200
USC00427516	2007	4	21	19	0	0.100
USC00427516	2007	5	4	18	0	0.001
USC00427516	2007	5	4	19	0	0.001
USC00427516	2007	5	5	9	0	0.002
USC00427516	2007	5	6	3	0	0.002
USC00427516	2007	5	21	19	0	0.001
USC00427516	2007	5	22	19	0	0.002
USC00427516	2007	6	6	21	0	0.002
USC00427516	2007	6	7	15	0	0.035
USC00427516	2007	6	7	16	0	0.035
USC00427516	2007	6	7	17	0	0.035
USC00427516	2007	7	11	9	0	0.001
USC00427516	2007	7	11	11	0	0.006
USC00427516	2007	7	11	12	0	0.017
USC00427516	2007	7	15	24	0	0.002
USC00427516	2007	7	16	1	0	0.007
USC00427516	2007	7	16	17	0	0.002
USC00427516	2007	7	16	18	0	0.003
USC00427516	2007	7	16	19	0	0.017
USC00427516	2007	7	16	20	0	0.009
USC00427516	2007	7	16	21	0	0.012
USC00427516	2007	7	16	22	0	0.003
USC00427516	2007	7	16	23	0	0.001
USC00427516	2007	7	17	1	0	0.001
USC00427516	2007	7	17	9	0	0.01
USC00427516	2007	7	22	16	0	0.001
USC00427516	2007	7	22	21	0	0.015
USC00427516	2007	7	22	22	0	0.002
USC00427516	2007	7	23	4	0	0.001
USC00427516	2007	7	23	16	0	0.001
USC00427516	2007	7	23	17	0	0.002
USC00427516	2007	7	23	20	0	0.001
USC00427516	2007	7	24	2	0	0.005
USC00427516	2007	7	24	3	0	0.163
USC00427516	2007	7	24	4	0	0.075
USC00427516	2007	7	24	5	0	0.009
USC00427516	2007	7	24	6	0	0.008
USC00427516	2007	7	24	15	0	0.005
USC00427516	2007	7	24	16	0	0.002
USC00427516	2007	7	25	12	0	0.011
USC00427516	2007	7	25	13	0	0.011
USC00427516	2007	7	25	14	0	0.011
USC00427516	2007	7	25	15	0	0.013
USC00427516	2007	7	25	16	0	0.013
USC00427516	2007	7	25	17	0	0.013
USC00427516	2007	7	25	18	0	0.002
USC00427516	2007	7	25	19	0	0.002
USC00427516	2007	7	25	20	0	0.002
USC00427516	2007	7	26	13	0	0.001
USC00427516	2007	7	27	15	0	0.001
USC00427516	2007	7	27	16	0	0.141
USC00427516	2007	7	27	17	0	0.141
USC00427516	2007	7	27	18	0	0.002
USC00427516	2007	7	29	16	0	0.01
USC00427516	2007	7	29	17	0	0.003
USC00427516	2007	7	29	18	0	0.002
USC00427516	2007	7	30	16	0	0.001
USC00427516	2007	7	30	17	0	0.007
USC00427516	2007	7	30	18	0	0.011
USC00427516	2007	7	30	19	0	0.011
USC00427516	2007	7	30	20	0	0.002
USC00427516	2007	7	30	21	0	0.013
USC00427516	2007	7	30	22	0	0.01
USC00427516	2007	7	30	23	0	0.007
USC00427516	2007	7	31	9	0	0.011
USC00427516	2007	7	31	16	0	0.011
USC00427516	2007	8	1	11	0	0.001
USC00427516	2007	8	1	14	0	0.002
USC00427516	2007	8	1	15	0	0.025
USC00427516	2007	8	1	16	0	0.072
USC00427516	2007	8	1	17	0	0.043
USC00427516	2007	8	2	12	0	0.003
USC00427516	2007	8	2	13	0	0.003
USC00427516	2007	8	2	14	0	0.003
USC00427516	2007	8	8	4	0	0.002
USC00427516	2007	8	8	5	0	0.001
USC00427516	2007	8	14	18	0	0.001
USC00427516	2007	8	15	19	0	0.013
USC00427516	2007	8	16	16	0	0.001
USC00427516	2007	8	17	16	0	0.002
USC00427516	2007	8	17	17	0	0.001
USC00427516	2007	8	24	15	0	0.007
USC00427516	2007	8	26	14	0	0.001
USC00427516	2007	8	26	15	0	0.034
USC00427516	2007	8	26	16	0	0.177
USC00427516	2007	8	26	17	0	0.05
USC00427516	2007	8	26	18	0	0.016
USC00427516	2007	8	26	22	0	0.001
USC00427516	2007	8	26	23	0	0.004
USC00427516	2007	8	26	24	0	0.008
USC00427516	2007	8	27	1	0	0.021
USC00427516	2007	8	27	2	0	0.034
USC00427516	2007	8	27	3	0	0.012
USC00427516	2007	8	27	4	0	0.001
USC00427516	2007	8	27	5	0	0.001
USC00427516	2007	8	27	6	0	0.08
USC00427516	2007	8	27	7	0	0.096
USC00427516	2007	8	27	8	0	0.064
USC00427516	2007	8	27	9	0	0.016
USC00427516	2007	8	28	15	0	0.002
USC00427516	2007	8	30	16	0	0.01
USC00427516	2007	8	30	17	0	0.015
USC00427516	2007	8	30	18	0	0.066
USC00427516	2007	8	30	19	0	0.02
USC00427516	2007	9	1	5	0	0.001
USC00427516	2007	9	1	7	0	0.031
USC00427516	2007	9	22	10	0	0.400
USC00427516	2007	9	22	11	0	0.200
USC00427516	2007	9	22	13	0	0.300
USC00427516	2007	9	22	14	0	0.100
USC00427516	2007	9	22	15	0	0.100
USC00427516	2007	11	30	13	0	0.100
USC00427516	2007	11	30	14	0	0.100
USC00427516	2007	11	30	15	0	0.200
USC00427516	2007	11	30	16	0	0.100
USC00427516	2007	11	30	17	0	0.100
USC00427516	2007	11	30	18	0	0.100
USC00427516	2007	11	30	19	0	0.100
USC00427516	2007	11	30	20	0	0.100
USC00427516	2007	11	30	21	0	0.100
USC00427516	2007	11	30	22	0	0.100
USC00427516	2007	11	30	23	0	0.100
USC00427516	2007	12	1	1	0	0.100
USC00427516	2007	12	1	3	0	0.100
USC00427516	2007	12	1	4	0	0.200
USC00427516	2007	12	1	5	0	0.100
USC00427516	2007	12	7	4	0	0.100
USC00427516	2007	12	7	5	0	0.100
USC00427516	2007	12	7	6	0	0.200
USC00427516	2007	12	7	12	0	0.100
USC00427516	2007	12	8	19	0	0.100
USC00427516	2007	12	8	23	0	0.100
USC00427516	2007	12	20	21	0	0.100
USC00427516	2008	1	5	18	0	0.100
USC00427516	2008	1	28	16	0	0.200
USC00427516	2008	1	28	18	0	0.100
USC00427516	2008	1	28	20	0	0.100
USC00427516	2008	1	29	20	0	0.100
USC00427516	2008	1	31	15	0	0.003
USC00427516	2008	2	5	9	0	0.100
USC00427516	2008	2	5	10	0	0.100
USC00427516	2008	2	5	11	0	0.100
USC00427516	2008	2	5	12	0	0.100
USC00427516	2008	2	5	13	0	0.100
USC00427516	2008	2	5	14	0	0.300
USC00427516	2008	2	5	15	0	0.200
USC00427516	2008	2	6	5	0	0.100
USC00427516	2008	2	6	8	0	0.100
USC00427516	2008	2	6	9	0	0.100
USC00427516	2008	2	6	10	0	0.100
USC00427516	2008	2	24	19	0	0.200
USC00427516	2008	5	7	20	0	0.037
USC00427516	2008	5	7	24	0	0.002
USC00427516	2008	5	8	3	0	0.002
USC00427516	2008	5	8	4	0	0.001
USC00427516	2008	5	9	1	0	0.006
USC00427516	2008	5	21	10	0	0.01
USC00427516	2008	5	21	11	0	0.004
USC00427516	2008	5	21	12	0	0.001
USC00427516	2008	7	5	13	0	0.001
USC00427516	2008	7	5	14	0	0.002
USC00427516	2008	7	6	19	0	0.007
USC00427516	2008	7	11	21	0	0.025
USC00427516	2008	7	11	22	0	0.059
USC00427516	2008	7	11	23	0	0.05
USC00427516	2008	7	11	24	0	0.017
USC00427516	2008	7	12	19	0	0.044
USC00427516	2008	7	12	20	0	0.02
USC00427516	2008	7	13	5	0	0.001
USC00427516	2008	7	13	9	0	0.001
USC00427516	2008	7	13	10	0	0.002
USC00427516	2008	7	13	11	0	0.004
USC00427516	2008	7	13	13	0	0.001
USC00427516	2008	7	13	14	0	0.001
USC00427516	2008	7	14	1	0	0.001
USC00427516	2008	7	14	7	0	0.005
USC00427516	2008	7	14	8	0	0.007
USC00427516	2008	7	14	12	0	0.004
USC00427516	2008	7	14	13	0	0.011
USC00427516	2008	7	14	14	0	0.004
USC00427516	2008	7	14	18	0	0.001
USC00427516	2008	7	14	19	0	0.014
USC00427516	2008	7	14	20	0	0.001
USC00427516	2008	7	14	21	0	0.002
USC00427516	2008	7	14	22	0	0.005
USC00427516	2008	7	14	23	0	0.003
USC00427516	2008	7	15	15	0	0.007
USC00427516	2008	7	15	16	0	0.001
USC00427516	2008	7	15	17	0	0.024
USC00427516	2008	7	17	17	0	0.001
USC00427516	2008	7	17	18	0	0.001
USC00427516	2008	7	17	20	0	0.001
USC00427516	2008	7	20	13	0	0.003
USC00427516	2008	7	20	14	0	0.008
USC00427516	2008	7	20	15	0	0.018
USC00427516	2008	7	20	16	0	0.002
USC00427516	2008	7	20	18	0	0.002
USC00427516	2008	7	20	19	0	0.041
USC00427516	2008	7	20	20	0	0.018
USC00427516	2008	7	20	21	0	0.062
USC00427516	2008	7	20	22	0	0.024
USC00427516	2008	7	20	23	0	0.002
USC00427516	2008	7	21	16	0	0.014
USC00427516	2008	7	21	17	0	0.003
USC00427516	2008	7	26	6	0	0.002
USC00427516	2008	7	26	9	0	0.001
USC00427516	2008	7	27	20	0	0.001
USC00427516	2008	7	27	24	0	0.006
USC00427516	2008	7	28	1	0	0.001
USC00427516	2008	7	28	23	0	0.001
USC00427516	2008	8	4	18	0	0.004
USC00427516	2008	8	4	19	0	0.029
USC00427516	2008	8	4	20	0	0.056
USC00427516	2008	8	4	21	0	0.043
USC00427516	2008	8	4	22	0	0.023
USC00427516	2008	8	4	23	0	0.003
USC00427516	2008	8	5	20	0	0.015
USC00427516	2008	8	6	13	0	0.021
USC00427516	2008	8	6	17	0	0.017
USC00427516	2008	8	6	18	0	0.001
USC00427516	2008	8	6	19	0	0.003
USC00427516	2008	8	6	20	0	0.008
USC00427516	2008	8	6	21	0	0.008
USC00427516	2008	8	6	22	0	0.001
USC00427516	2008	8	6	23	0	0.012
USC00427516	2008	8	8	4	0	0.004
USC00427516	2008	8	8	14	0	0.009
USC00427516	2008	8	8	15	0	0.031
USC00427516	2008	8	8	16	0	0.001
USC00427516	2008	8	15	22	0	0.006
USC00427516	2008	8	15	23	0	0.023
USC00427516	2008	8	16	17	0	0.036
USC00427516	2008	8	16	18	0	0.001
USC00427516	2008	8	16	23	0	0.001
USC00427516	2008	8	17	24	0	0.014
USC00427516	2008	8	18	1	0	0.008
USC00427516	2008	8	18	5	0	0.001
USC00427516	2008	8	30	12	0	0.002
USC00427516	2008	8	30	13	0	0.002
USC00427516	2008	8	30	14	0	0.002
USC00427516	2008	8	30	15	0	0.043
USC00427516	2008	8	30	16	0	0.043
USC00427516	2008	8	30	17	0	0.043
USC00427516	2008	8	30	18	0	0.02
USC00427516	2008	8	30	19	0	0.02
USC00427516	2008	8	30	20	0	0.02
USC00427516	2008	8	31	3	0	0.004
USC00427516	2008	8	31	4	0	0.004
USC00427516	2008	8	31	5	0	0.004
USC00427516	2008	8	31	6	0	0.048
USC00427516	2008	8	31	7	0	0.048
USC00427516	2008	8	31	8	0	0.048
USC00427516	2008	8	31	9	0	0.015
USC00427516	2008	8	31	10	0	0.015
USC00427516	2008	8	31	11	0	0.015
USC00427516	2008	8	31	18	0	0.003
USC00427516	2008	8	31	19	0	0.003
USC00427516	2008	8	31	20	0	0.003
USC00427516	2008	8	31	21	0	0.001
USC00427516	2008	8	31	22	0	0.001
USC00427516	2008	8	31	23	0	0.001
USC00427516	2008	9	1	9	0	0.001
USC00427516	2008	9	1	10	0	0.001
USC00427516	2008	9	1	11	0	0.001
USC00427516	2008	9	9	9	0	0.002
USC00427516	2008	9	9	10	0	0.003
USC00427516	2008	9	9	11	0	0.001
USC00427516	2008	9	16	12	0	0.001
USC00427516	2008	9	16	13	0	0.001
USC00427516	2008	9	16	14	0	0.001
USC00427516	2008	9	16	15	0	0.015
USC00427516	2008	9	16	16	0	0.015
USC00427516	2008	9	16	17	0	0.015
USC00427516	2008	9	27	17	0	0.001
USC00427516	2008	9	27	18	0	0.002
USC00427516	2008	9	27	19	0	0.002
USC00427516	2008	9	27	20	0	0.001
USC00427516	2008	9	27	21	0	0.001
USC00427516	2008	9	28	18	0	0.005
USC00427516	2008	9	28	19	0	0.008
USC00427516	2008	9	28	20	0	0.005
USC00427516	2008	9	28	21	0	0.002
USC00427516	2008	9	30	3	0	0.001
USC00427516	2008	9	30	4	0	0.001
USC00427516	2008	10	1	12	0	0.004
USC00427516	2008	10	4	4	0	0.001
USC00427516	2008	10	4	5	0	0.002
USC00427516	2008	10	4	6	0	0.048
USC00427516	2008	10	4	7	0	0.038
USC00427516	2008	10	4	8	0	0.044
USC00427516	2008	10	4	9	0	0.028
USC00427516	2008	10	4	19	0	0.032
USC00427516	2008	10	4	21	0	0.001
USC00427516	2008	10	4	22	0	0.028
USC00427516	2008	10	4	23	0	0.035
USC00427516	2008	10	4	24	0	0.023
USC00427516	2008	10	5	1	0	0.039
USC00427516	2008	10	5	2	0	0.011
USC00427516	2008	10	12	13	0	0.001
USC00427516	2008	11	2	3	0	0.004
USC00427516	2008	11	2	4	0	0.021
USC00427516	2008	11	2	5	0	0.006
USC00427516	2008	11	2	6	0	0.013
USC00427516	2008	11	2	7	0	0.013
USC00427516	2008	11	4	18	0	0.006
USC00427516	2008	11	4	20	0	0.001
USC00427516	2008	11	9	12	0	0.007
USC00427516	2008	11	9	13	0	0.006
USC00427516	2008	11	9	14	0	0.002
USC00427516	2008	11	9	15	0	0.02
USC00427516	2008	11	9	16	0	0.035
USC00427516	2008	11	10	13	0	0.004
USC00427516	2008	11	10	14	0	0.008
USC00427516	2008	11	10	15	0	0.004
USC00427516	2008	11	10	16	0	0.002
USC00427516	2008	11	26	9	0	0.004
USC00427516	2008	11	26	10	0	0.01
USC00427516	2008	11	26	11	0	0.064
USC00427516	2008	11	26	12	0	0.068
USC00427516	2008	11	26	13	0	0.084
USC00427516	2008	11	26	14	0	0.022
USC00427516	2008	11	26	16	0	0.003
USC00427516	2008	11	27	11	0	0.009
USC00427516	2008	11	27	12	0	0.008
USC00427516	2008	11	27	13	0	0.016
USC00427516	2008	11	27	14	0	0.05
USC00427516	2008	11	27	15	0	0.078
USC00427516	2008	11	27	16	0	0.069
USC00427516	2008	11	27	23	0	0.001
USC00427516	2008	11	28	11	0	0.001
USC00427516	2008	11	28	13	0	0.001
USC00427516	2008	11	28	16	0	0.001
USC00427516	2008	11	30	11	0	0.001
USC00427516	2008	12	7	11	0	0.002
USC00427516	2008	12	7	21	0	0.002
USC00427516	2008	12	7	22	0	0.011
USC00427516	2008	12	7	23	0	0.012
USC00427516	2008	12	7	24	0	0.007
USC00427516	2008	12	8	1	0	0.002
USC00427516	2008	12	8	2	0	0.001
USC00427516	2008	12	8	3	0	0.004
USC00427516	2008	12	8	15	0	0.005
USC00427516	2008	12	14	13	0	0.006
USC00427516	2008	12	16	5	0	0.164
USC00427516	2008	12	16	12	0	0.011
USC00427516	2008	12	16	13	0	0.008
USC00427516	2008	12	16	14	0	0.002
USC00427516	2008	12	17	17	0	0.003
USC00427516	2008	12	17	18	0	0.026
USC00427516	2008	12	17	19	0	0.026
USC00427516	2008	12	17	20	0	0.06
USC00427516	2008	12	17	21	0	0.03
USC00427516	2008	12	17	22	0	0.053
USC00427516	2008	12	17	23	0	0.018
USC00427516	2008	12	17	24	0	0.096
USC00427516	2008	12	18	1	0	0.042
USC00427516	2008	12	18	2	0	0.03
USC00427516	2008	12	18	3	0	0.007
USC00427516	2008	12	18	4	0	0.004
USC00427516	2008	12	18	12	0	0.002
USC00427516	2008	12	18	13	0	0.004
USC00427516	2008	12	18	14	0	0.005
USC00427516	2008	12	18	15	0	0.035
USC00427516	2008	12	18	16	0	0.021
USC00427516	2008	12	18	23	0	0.004
USC00427516	2008	12	18	24	0	0.004
USC00427516	2008	12	19	4	0	0.004
USC00427516	2008	12	22	15	0	0.045
USC00427516	2008	12	22	16	0	0.012
USC00427516	2008	12	22	18	0	0.002
USC00427516	2008	12	22	21	0	0.046
USC00427516	2008	12	22	22	0	0.087
USC00427516	2008	12	23	9	0	0.008
USC00427516	2008	12	24	16	0	0.001
USC00427516	2008	12	24	17	0	0.001
USC00427516	2008	12	24	18	0	0.003
USC00427516	2008	12	24	20	0	0.001
USC00427516	2008	12	24	21	0	0.006
USC00427516	2008	12	24	22	0	0.011
USC00427516	2008	12	25	1	0	0.006
USC00427516	2008	12	25	11	0	0.016
USC00427516	2008	12	25	12	0	0.008
USC00427516	2008	12	25	13	0	0.017
USC00427516	2008	12	25	14	0	0.02
USC00427516	2008	12	25	15	0	0.022
USC00427516	2008	12	25	16	0	0.012
USC00427516	2008	12	25	17	0	0.022
USC00427516	2008	12	25	19	0	0.07
USC00427516	2008	12	25	20	0	0.087
USC00427516	2008	12	25	21	0	0.007
USC00427516	2008	12	25	23	0	0.001
USC00427516	2008	12	27	12	0	0.003
USC00427516	2009	1	3	3	0	0.003
USC00427516	2009	1	23	3	0	0.006
USC00427516	2009	1	23	4	0	0.017
USC00427516	2009	1	23	5	0	0.001
USC00427516	2009	1	23	9	0	0.002
USC00427516	2009	1	23	10	0	0.004
USC00427516	2009	1	23	11	0	0.035
USC00427516	2009	1	23	12	0	0.011
USC00427516	2009	1	23	13	0	0.005
USC00427516	2009	1	23	14	0	0.013
USC00427516	2009	1	23	15	0	0.025
USC00427516	2009	1	23	16	0	0.008
USC00427516	2009	1	23	17	0	0.008
USC00427516	2009	1	23	18	0	0.002
USC00427516	2009	1	23	19	0	0.001
USC00427516	2009	1	23	21	0	0.004
USC00427516	2009	1	23	23	0	0.004
USC00427516	2009	1	23	24	0	0.008
USC00427516	2009	1	24	1	0	0.027
USC00427516	2009	1	24	2	0	0.038
USC00427516	2009	1	24	3	0	0.016
USC00427516	2009	1	24	4	0	0.016
USC00427516	2009	1	24	11	0	0.161
USC00427516	2009	1	25	11	0	0.01
USC00427516	2009	1	25	21	0	0.006
USC00427516	2009	1	25	22	0	0.013
USC00427516	2009	1	25	23	0	0.007
USC00427516	2009	1	25	24	0	0.023
USC00427516	2009	1	26	2	0	0.022
USC00427516	2009	1	26	3	0	0.014
USC00427516	2009	1	26	12	0	0.003
USC00427516	2009	1	26	13	0	0.028
USC00427516	2009	1	26	14	0	0.035
USC00427516	2009	1	26	15	0	0.019
USC00427516	2009	1	26	16	0	0.01
USC00427516	2009	2	9	2	0	0.100
USC00427516	2009	2	9	9	0	0.100
USC00427516	2009	2	10	10	0	0.100
USC00427516	2009	2	14	11	0	0.100
USC00427516	2009	2	16	7	0	0.100
USC00427516	2009	2	17	7	0	0.100
USC00427516	2009	2	17	8	0	0.100
USC00427516	2009	2	17	18	0	0.100
USC00427516	2009	4	3	11	0	0.023
USC00427516	2009	4	3	12	0	0.007
USC00427516	2009	4	3	13	0	0.002
USC00427516	2009	4	3	14	0	0.01
USC00427516	2009	4	3	15	0	0.001
USC00427516	2009	4	3	16	0	0.01
USC00427516	2009	4	3	17	0	0.001
USC00427516	2009	4	3	18	0	0.002
USC00427516	2009	4	3	19	0	0.014
USC00427516	2009	4	3	20	0	0.011
USC00427516	2009	4	3	21	0	0.001
USC00427516	2009	4	4	13	0	0.022
USC00427516	2009	4	4	14	0	0.018
USC00427516	2009	4	4	15	0	0.005
USC00427516	2009	4	10	17	0	0.032
USC00427516	2009	4	10	18	0	0.011
USC00427516	2009	4	10	19	0	0.013
USC00427516	2009	4	10	23	0	0.006
USC00427516	2009	4	10	24	0	0.009
USC00427516	2009	4	11	1	0	0.01
USC00427516	2009	4	11	5	0	0.001
USC00427516	2009	4	11	10	0	0.007
USC00427516	2009	4	11	11	0	0.007
USC00427516	2009	4	11	13	0	0.007
USC00427516	2009	4	11	14	0	0.073
USC00427516	2009	4	14	9	0	0.003
USC00427516	2009	4	14	10	0	0.002
USC00427516	2009	4	14	11	0	0.002
USC00427516	2009	4	14	18	0	0.001
USC00427516	2009	4	14	22	0	0.001
USC00427516	2009	4	14	23	0	0.002
USC00427516	2009	4	14	24	0	0.003
USC00427516	2009	4	15	1	0	0.001
USC00427516	2009	4	15	2	0	0.001
USC00427516	2009	4	15	13	0	0.003
USC00427516	2009	4	15	14	0	0.001
USC00427516	2009	4	15	15	0	0.003
USC00427516	2009	4	16	11	0	0.002
USC00427516	2009	4	16	12	0	0.002
USC00427516	2009	4	16	13	0	0.02
USC00427516	2009	4	25	12	0	0.001
USC00427516	2009	4	25	15	0	0.011
USC00427516	2009	4	26	11	0	0.003
USC00427516	2009	5	2	1	0	0.005
USC00427516	2009	5	2	2	0	0.002
USC00427516	2009	5	22	7	0	0.001
USC00427516	2009	5	22	13	0	0.001
USC00427516	2009	5	22	23	0	0.003
USC00427516	2009	5	22	24	0	0.001
USC00427516	2009	5	23	2	0	0.002
USC00427516	2009	5	23	19	0	0.001
USC00427516	2009	5	23	20	0	0.02
USC00427516	2009	5	23	21	0	0.007
USC00427516	2009	5	25	1	0	0.005
USC00427516	2009	5	27	21	0	0.004
USC00427516	2009	5	29	8	0	0.001
USC00427516	2009	5	29	12	0	0.002
USC00427516	2009	5	29	14	0	0.005
USC00427516	2009	5	30	14	0	0.001
USC00427516	2009	6	1	19	0	0.006
USC00427516	2009	6	1	20	0	0.008
USC00427516	2009	6	1	21	0	0.001
USC00427516	2009	6	2	21	0	0.007
USC00427516	2009	6	6	19	0	0.001
USC00427516	2009	6	6	23	0	0.003
USC00427516	2009	6	6	24	0	0.001
USC00427516	2009	6	9	13	0	0.001
USC00427516	2009	6	9	18	0	0.002
USC00427516	2009	6	9	19	0	0.001
USC00427516	2009	6	9	20	0	0.002
USC00427516	2009	6	9	21	0	0.001
USC00427516	2009	6	13	6	0	0.001
USC00427516	2009	6	13	7	0	0.003
USC00427516	2009	6	13	8	0	0.009
USC00427516	2009	6	13	9	0	0.004
USC00427516	2009	6	13	10	0	0.002
USC00427516	2009	6	13	12	0	0.001
USC00427516	2009	6	13	13	0	0.001
USC00427516	2009	6	13	14	0	0.001
USC00427516	2009	6	13	15	0	0.01
USC00427516	2009	6	17	12	0	0.001
USC00427516	2009	6	17	13	0	0.001
USC00427516	2009	6	17	14	0	0.005
USC00427516	2009	6	17	16	0	0.006
USC00427516	2009	6	17	17	0	0.009
USC00427516	2009	6	18	13	0	0.001
USC00427516	2009	6	20	15	0	0.001
USC00427516	2009	6	20	16	0	0.006
USC00427516	2009	6	22	11	0	0.001
USC00427516	2009	6	25	13	0	0.001
USC00427516	2009	6	25	14	0	0.001
USC00427516	2009	6	25	15	0	0.001
USC00427516	2009	6	25	16	0	0.001
USC00427516	2009	6	25	17	0	0.002
USC00427516	2009	6	26	6	0	0.011
USC00427516	2009	6	26	8	0	0.009
USC00427516	2009	6	26	10	0	0.002
USC00427516	2009	6	26	12	0	0.001
USC00427516	2009	6	26	13	0	0.018
USC00427516	2009	6	26	18	0	0.001
USC00427516	2009	6	30	17	0	0.001
USC00427516	2009	6	30	20	0	0.001
USC00427516	2009	7	2	12	0	0.002
USC00427516	2009	7	2	13	0	0.001
USC00427516	2009	7	2	14	0	0.002
USC00427516	2009	7	18	15	0	0.001
USC00427516	2009	7	18	16	0	0.003
USC00427516	2009	7	18	17	0	0.002
USC00427516	2009	7	18	18	0	0.004
USC00427516	2009	7	18	19	0	0.002
USC00427516	2009	7	18	20	0	0.006
USC00427516	2009	7	18	21	0	0.001
USC00427516	2009	7	18	22	0	0.002
USC00427516	2009	7	19	3	0	0.001
USC00427516	2009	7	20	20	0	0.001
USC00427516	2009	7	20	21	0	0.012
USC00427516	2009	7	20	22	0	0.002
USC00427516	2009	7	21	16	0	0.004
USC00427516	2009	7	22	19	0	0.002
USC00427516	2009	7	22	20	0	0.002
USC00427516	2009	7	23	14	0	0.002
USC00427516	2009	7	23	15	0	0.016
USC00427516	2009	7	23	16	0	0.015
USC00427516	2009	7	23	17	0	0.034
USC00427516	2009	7	23	18	0	0.049
USC00427516	2009	7	23	19	0	0.009
USC00427516	2009	7	23	20	0	0.007
USC00427516	2009	7	23	21	0	0.009
USC00427516	2009	7	25	17	0	0.001
USC00427516	2009	7	25	18	0	0.011
USC00427516	2009	7	25	19	0	0.021
USC00427516	2009	7	25	20	0	0.005
USC00427516	2009	7	25	21	0	0.006
USC00427516	2009	7	25	22	0	0.001
USC00427516	2009	7	28	22	0	0.01
USC00427516	2009	7	28	23	0	0.003
USC00427516	2009	7	29	15	0	0.021
USC00427516	2009	7	30	20	0	0.002
USC00427516	2009	7	30	21	0	0.003
USC00427516	2009	7	30	23	0	0.001
USC00427516	2009	8	12	12	0	0.001
USC00427516	2009	8	12	15	0	0.002
USC00427516	2009	8	12	18	0	0.003
USC00427516	2009	8	13	17	0	0.001
USC00427516	2009	8	13	18	0	0.001
USC00427516	2009	8	13	22	0	0.001
USC00427516	2009	8	13	23	0	0.03
USC00427516	2009	8	22	16	0	0.065
USC00427516	2009	8	22	17	0	0.015
USC00427516	2009	8	22	19	0	0.006
USC00427516	2009	8	22	20	0	0.045
USC00427516	2009	8	22	21	0	0.024
USC00427516	2009	8	22	22	0	0.001
USC00427516	2009	8	23	14	0	0.001
USC00427516	2009	8	24	19	0	0.004
USC00427516	2009	8	30	17	0	0.004
USC00427516	2009	9	5	4	0	0.200
USC00427516	2009	9	5	12	0	0.100
USC00427516	2009	11	12	22	0	0.100
USC00427516	2009	11	13	1	0	0.100
USC00427516	2009	12	6	17	0	0.100
USC00427516	2009	12	6	19	0	0.100
USC00427516	2009	12	7	1	0	0.100
USC00427516	2009	12	7	2	0	0.100
USC00427516	2009	12	7	3	0	0.100
USC00427516	2009	12	7	4	0	0.100
USC00427516	2009	12	7	5	0	0.100
USC00427516	2009	12	7	6	0	0.100
USC00427516	2009	12	11	24	0	0.100
USC00427516	2009	12	12	20	0	0.100
USC00427516	2009	12	22	8	0	0.035
USC00427516	2009	12	22	9	0	0.086
USC00427516	2009	12	22	10	0	0.014
USC00427516	2009	12	22	11	0	0.003
USC00427516	2009	12	22	12	0	0.013
USC00427516	2009	12	22	22	0	0.011
USC00427516	2009	12	30	5	0	0.003
USC00427516	2009	12	30	6	0	0.004
USC00427516	2009	12	30	7	0	0.003
USC00427516	2009	12	30	9	0	0.002
USC00427516	2009	12	30	10	0	0.002
USC00427516	2009	12	30	13	0	0.001
USC00427516	2009	12	31	14	0	0.002
USC00427516	2009	12	31	15	0	0.008
USC00427516	2010	1	18	17	0	0.100
USC00427516	2010	1	19	24	0	0.100
USC00427516	2010	1	20	12	0	0.100
USC00427516	2010	1	21	15	0	0.100
USC00427516	2010	1	21	16	0	0.100
USC00427516	2010	1	21	17	0	0.100
USC00427516	2010	1	21	18	0	0.300
USC00427516	2010	1	21	19	0	0.100
USC00427516	2010	1	21	23	0	0.100
USC00427516	2010	1	23	4	0	0.100
USC00427516	2010	1	23	15	0	0.100
USC00427516	2010	1	27	5	0	0.100
USC00427516	2010	1	27	9	0	0.100
USC00427516	2010	1	27	18	0	0.100
USC00427516	2010	1	27	19	0	0.100
USC00427516	2010	1	27	24	0	0.100
USC00427516	2010	1	31	13	0	0.100
USC00427516	2010	2	6	5	0	0.100
USC00427516	2010	2	6	12	0	0.100
USC00427516	2010	2	6	14	0	0.100
USC00427516	2010	2	6	16	0	0.100
USC00427516	2010	2	6	18	0	0.100
USC00427516	2010	2	7	1	0	0.100
USC00427516	2010	2	9	20	0	0.100
USC00427516	2010	2	10	9	0	0.100
USC00427516	2010	2	21	1	0	0.200
USC00427516	2010	2	21	2	0	0.200
USC00427516	2010	2	21	3	0	0.100
USC00427516	2010	2	21	4	0	0.100
USC00427516	2010	2	21	6	0	0.200
USC00427516	2010	2	21	18	0	0.200
USC00427516	2010	2	21	22	0	0.300
USC00427516	2010	2	22	1	0	0.100
USC00427516	2010	2	22	2	0	0.100
USC00427516	2010	2	22	3	0	0.100
USC00427516	2010	2	28	12	0	0.100
USC00427516	2010	3	6	23	0	0.200
USC00427516	2010	3	6	24	0	0.100
USC00427516	2010	3	8	12	0	0.001
USC00427516	2010	3	8	13	0	0.002
USC00427516	2010	3	8	14	0	0.005
USC00427516	2010	3	8	15	0	0.002
USC00427516	2010	3	8	16	0	0.001
USC00427516	2010	3	8	17	0	0.002
USC00427516	2010	3	8	21	0	0.001
USC00427516	2010	3	8	23	0	0.001
USC00427516	2010	3	8	24	0	0.001
USC00427516	2010	3	9	3	0	0.019
USC00427516	2010	3	9	4	0	0.037
USC00427516	2010	3	9	5	0	0.055
USC00427516	2010	3	9	6	0	0.009
USC00427516	2010	3	9	7	0	0.015
USC00427516	2010	3	9	8	0	0.017
USC00427516	2010	3	9	9	0	0.025
USC00427516	2010	3	9	10	0	0.004
USC00427516	2010	3	9	11	0	0.900
USC00427516	2010	3	31	19	0	0.002
USC00427516	2010	3	31	20	0	0.002
USC00427516	2010	3	31	21	0	0.007
USC00427516	2010	3	31	22	0	0.005
USC00427516	2010	4	1	5	0	0.001
USC00427516	2010	4	1	12	0	0.016
USC00427516	2010	4	1	13	0	0.016
USC00427516	2010	4	1	14	0	0.016
USC00427516	2010	4	1	15	0	0.001
USC00427516	2010	4	1	16	0	0.001
USC00427516	2010	4	1	17	0	0.001
USC00427516	2010	4	1	18	0	0.001
USC00427516	2010	4	1	19	0	0.001
USC00427516	2010	4	1	20	0	0.001
USC00427516	2010	4	5	12	0	0.002
USC00427516	2010	4	5	13	0	0.002
USC00427516	2010	4	5	14	0	0.002
USC00427516	2010	4	5	15	0	0.021
USC00427516	2010	4	5	16	0	0.021
USC00427516	2010	4	5	17	0	0.021
USC00427516	2010	4	5	18	0	0.002
USC00427516	2010	4	5	19	0	0.002
USC00427516	2010	4	5	20	0	0.002
USC00427516	2010	4	6	12	0	0.01
USC00427516	2010	4	6	13	0	0.01
USC00427516	2010	4	6	14	0	0.01
USC00427516	2010	4	13	1	0	0.005
USC00427516	2010	4	13	2	0	0.051
USC00427516	2010	4	20	24	0	0.032
USC00427516	2010	4	21	1	0	0.06
USC00427516	2010	4	21	2	0	0.008
USC00427516	2010	4	21	3	0	0.005
USC00427516	2010	4	21	5	0	0.013
USC00427516	2010	4	21	6	0	0.026
USC00427516	2010	4	21	7	0	0.049
USC00427516	2010	4	21	8	0	0.011
USC00427516	2010	4	21	9	0	0.024
USC00427516	2010	4	21	10	0	0.006
USC00427516	2010	4	21	11	0	0.001
USC00427516	2010	4	21	12	0	0.001
USC00427516	2010	4	21	14	0	0.013
USC00427516	2010	4	21	15	0	0.006
USC00427516	2010	4	21	16	0	0.001
USC00427516	2010	4	22	13	0	0.007
USC00427516	2010	4	22	14	0	0.014
USC00427516	2010	4	22	15	0	0.002
USC00427516	2010	4	22	16	0	0.011
USC00427516	2010	4	22	17	0	0.006
USC00427516	2010	4	29	12	0	0.001
USC00427516	2010	4	29	18	0	0.008
USC00427516	2010	6	14	16	0	0.100
USC00427516	2010	8	2	23	0	0.200
USC00427516	2010	8	7	16	0	0.100
USC00427516	2010	8	7	24	0	0.100
USC00427516	2010	8	8	3	0	0.100
USC00427516	2010	8	8	7	0	0.100
USC00427516	2010	8	11	15	0	0.100
USC00427516	2010	10	4	14	0	0.100
USC00427516	2010	10	4	18	0	0.300
USC00427516	2010	10	4	23	0	0.100
USC00427516	2010	10	5	3	0	0.100
USC00427516	2010	10	5	16	0	0.100
USC00427516	2010	10	5	18	0	0.200
USC00427516	2010	10	17	22	0	0.200
USC00427516	2010	10	17	23	0	0.100
USC00427516	2010	10	18	1	0	0.100
USC00427516	2010	10	18	8	0	0.100
USC00427516	2010	10	20	19	0	0.100
USC00427516	2010	10	20	20	0	0.100
USC00427516	2010	10	20	23	0	0.100
USC00427516	2010	10	21	2	0	0.100
USC00427516	2010	10	23	4	0	0.200
USC00427516	2010	10	23	5	0	0.100
USC00427516	2010	10	23	6	0	0.100
USC00427516	2010	10	27	7	0	0.100
USC00427516	2010	11	8	9	0	0.001
USC00427516	2010	11	8	15	0	0.004
USC00427516	2010	11	20	8	0	0.002
USC00427516	2010	11	20	9	0	0.002
USC00427516	2010	11	20	13	0	0.004
USC00427516	2010	11	20	14	0	0.006
USC00427516	2010	11	20	15	0	0.004
USC00427516	2010	11	20	16	0	0.005
USC00427516	2010	11	20	18	0	0.002
USC00427516	2010	11	20	19	0	0.005
USC00427516	2010	11	20	20	0	0.006
USC00427516	2010	11	20	21	0	0.012
USC00427516	2010	11	20	22	0	0.009
USC00427516	2010	11	20	23	0	0.017
USC00427516	2010	11	20	24	0	0.007
USC00427516	2010	11	21	2	0	0.001
USC00427516	2010	11	21	3	0	0.019
USC00427516	2010	11	21	4	0	0.003
USC00427516	2010	11	21	5	0	0.012
USC00427516	2010	11	21	6	0	0.011
USC00427516	2010	11	21	7	0	0.032
USC00427516	2010	11	21	8	0	0.023
USC00427516	2010	11	21	9	0	0.001
USC00427516	2010	11	21	10	0	0.035
USC00427516	2010	11	21	11	0	0.018
USC00427516	2010	11	21	13	0	0.006
USC00427516	2010	11	21	19	0	0.001
USC00427516	2010	11	21	20	0	0.002
USC00427516	2010	11	21	23	0	0.001
USC00427516	2010	11	24	4	0	0.019
USC00427516	2010	11	28	1	0	0.006
USC00427516	2010	11	28	2	0	0.001
USC00427516	2010	11	28	7	0	0.015
USC00427516	2010	11	28	10	0	0.011
USC00427516	2010	11	28	11	0	0.015
USC00427516	2010	12	2	14	0	0.01
USC00427516	2010	12	6	1	0	0.005
USC00427516	2010	12	6	2	0	0.026
USC00427516	2010	12	6	3	0	0.043
USC00427516	2010	12	6	4	0	0.019
USC00427516	2010	12	6	6	0	0.005
USC00427516	2010	12	6	7	0	0.015
USC00427516	2010	12	6	8	0	0.026
USC00427516	2010	12	15	24	0	0.084
USC00427516	2010	12	16	8	0	0.009
USC00427516	2010	12	16	12	0	0.009
USC00427516	2010	12	16	13	0	0.009
USC00427516	2010	12	16	18	0	0.009
USC00427516	2010	12	18	4	0	0.100
USC00427516	2010	12	18	7	0	0.100
USC00427516	2010	12	18	11	0	0.100
USC00427516	2010	12	19	9	0	0.100
USC00427516	2010	12	19	22	0	0.100
USC00427516	2010	12	20	9	0	0.100
USC00427516	2010	12	20	13	0	0.100
USC00427516	2010	12	20	15	0	0.100
USC00427516	2010	12	20	18	0	0.100
USC00427516	2010	12	20	19	0	0.100
USC00427516	2010	12	20	20	0	0.100
USC00427516	2010	12	20	21	0	0.100
USC00427516	2010	12	20	24	0	0.100
USC00427516	2010	12	21	3	0	0.100
USC00427516	2010	12	21	5	0	0.100
USC00427516	2010	12	21	6	0	0.100
USC00427516	2010	12	21	7	0	0.100
USC00427516	2010	12	21	11	0	0.100
USC00427516	2010	12	21	13	0	0.100
USC00427516	2010	12	21	18	0	0.100
USC00427516	2010	12	22	11	0	0.200
USC00427516	2010	12	22	15	0	0.100
USC00427516	2010	12	22	21	0	0.200
USC00427516	2010	12	23	6	0	0.100
USC00427516	2010	12	26	13	0	0.100
USC00427516	2010	12	29	13	0	0.200
USC00427516	2010	12	29	14	0	0.100
USC00427516	2010	12	29	15	0	0.100
USC00427516	2010	12	29	17	0	0.100
USC00427516	2010	12	29	18	0	0.100
USC00427516	2010	12	29	20	0	0.100
USC00427516	2010	12	29	22	0	0.300
USC00427516	2010	12	29	24	0	0.100
USC00427516	2011	1	4	4	0	0.100
USC00427516	2011	1	18	18	0	0.100
USC00427516	2011	2	19	4	0	0.100
USC00427516	2011	2	19	6	0	0.100
USC00427516	2011	2	19	8	0	0.100
USC00427516	2011	2	19	13	0	0.100
USC00427516	2011	2	19	15	0	0.100
USC00427516	2011	2	20	10	0	0.100
USC00427516	2011	2	20	11	0	0.100
USC00427516	2011	2	20	12	0	0.100
USC00427516	2011	2	26	9	0	0.100
USC00427516	2011	2	26	15	0	0.100
USC00427516	2011	2	26	19	0	0.100
USC00427516	2011	2	26	20	0	0.100
USC00427516	2011	2	27	3	0	0.100
USC00427516	2011	2	28	12	0	0.100
USC00427516	2011	2	28	13	0	1.000
USC00427516	2011	3	3	11	0	0.100
USC00427516	2011	3	7	11	0	0.100
USC00427516	2011	3	7	13	0	0.100
USC00427516	2011	3	26	12	0	0.100
USC00427516	2011	3	26	13	0	0.100
USC00427516	2011	4	7	15	0	0.100
USC00427516	2011	4	8	10	0	0.100
USC00427516	2011	4	8	15	0	0.100
USC00427516	2011	4	9	13	0	0.100
USC00427516	2011	5	19	22	0	0.100
USC00427516	2011	5	20	13	0	0.100
USC00427516	2011	5	24	16	0	0.100
USC00427516	2011	7	3	19	0	0.001
USC00427516	2011	7	6	14	0	0.056
USC00427516	2011	7	6	15	0	0.01
USC00427516	2011	7	6	16	0	0.003
USC00427516	2011	7	6	21	0	0.019
USC00427516	2011	7	6	22	0	0.021
USC00427516	2011	7	6	23	0	0.007
USC00427516	2011	7	8	3	0	0.004
USC00427516	2011	7	8	11	0	0.001
USC00427516	2011	7	8	15	0	0.001
USC00427516	2011	7	8	21	0	0.084
USC00427516	2011	7	8	22	0	0.035
USC00427516	2011	7	8	23	0	0.009
USC00427516	2011	7	9	16	0	0.002
USC00427516	2011	7	9	17	0	0.007
USC00427516	2011	7	9	20	0	0.003
USC00427516	2011	7	9	21	0	0.019
USC00427516	2011	7	9	22	0	0.004
USC00427516	2011	7	10	1	0	0.003
USC00427516	2011	7	10	3	0	0.004
USC00427516	2011	7	10	4	0	0.003
USC00427516	2011	7	10	7	0	0.008
USC00427516	2011	7	10	8	0	0.046
USC00427516	2011	7	10	9	0	0.068
USC00427516	2011	7	10	10	0	0.089
USC00427516	2011	7	10	11	0	0.011
USC00427516	2011	7	10	16	0	0.005
USC00427516	2011	7	10	17	0	0.007
USC00427516	2011	7	26	2	0	0.007
USC00427516	2011	7	26	3	0	0.003
USC00427516	2011	7	26	7	0	0.009
USC00427516	2011	7	26	8	0	0.004
USC00427516	2011	7	26	9	0	0.055
USC00427516	2011	7	26	10	0	0.002
USC00427516	2011	7	26	11	0	0.038
USC00427516	2011	7	26	12	0	0.044
USC00427516	2011	7	26	14	0	0.064
USC00427516	2011	7	26	15	0	0.031
USC00427516	2011	7	26	16	0	0.028
USC00427516	2011	7	29	14	0	0.048
USC00427516	2011	7	29	20	0	0.002
USC00427516	2011	7	29	21	0	0.008
USC00427516	2011	7	29	23	0	0.003
USC00427516	2011	7	30	16	0	0.001
USC00427516	2011	7	31	8	0	0.016
USC00427516	2011	7	31	9	0	0.001
USC00427516	2011	7	31	10	0	0.016
USC00427516	2011	7	31	11	0	0.028
USC00427516	2011	7	31	12	0	0.006
USC00427516	2011	7	31	13	0	0.015
USC00427516	2011	7	31	17	0	0.007
USC00427516	2011	7	31	18	0	0.012
USC00427516	2011	8	3	14	0	0.004
USC00427516	2011	8	3	16	0	0.003
USC00427516	2011	8	3	17	0	0.007
USC00427516	2011	8	3	18	0	0.024
USC00427516	2011	8	3	19	0	0.002
USC00427516	2011	8	3	20	0	0.005
USC00427516	2011	9	11	21	0	0.100
USC00427516	2011	9	14	11	0	0.100
USC00427516	2011	9	18	12	0	0.100
USC00427516	2011	10	1	14	0	0.002
USC00427516	2011	10	2	15	0	0.002
USC00427516	2011	10	3	11	0	0.008
USC00427516	2011	10	3	12	0	0.05
USC00427516	2011	10	3	13	0	0.043
USC00427516	2011	10	3	14	0	0.003
USC00427516	2011	10	3	17	0	0.005
USC00427516	2011	10	3	18	0	0.023
USC00427516	2011	10	3	20	0	0.001
USC00427516	2011	10	3	21	0	0.006
USC00427516	2011	10	3	22	0	0.037
USC00427516	2011	10	3	23	0	0.009
USC00427516	2011	10	3	24	0	0.004
USC00427516	2011	10	4	1	0	0.001
USC00427516	2011	10	4	3	0	0.092
USC00427516	2011	10	4	4	0	0.001
USC00427516	2011	10	4	7	0	0.005
USC00427516	2011	10	4	8	0	0.009
USC00427516	2011	10	4	13	0	0.122
USC00427516	2011	10	4	14	0	0.038
USC00427516	2011	10	4	15	0	0.049
USC00427516	2011	10	4	16	0	0.046
USC00427516	2011	10	4	17	0	0.022
USC00427516	2011	10	5	9	0	0.001
USC00427516	2011	10	5	11	0	0.001
USC00427516	2011	10	5	12	0	0.013
USC00427516	2011	10	5	13	0	0.028
USC00427516	2011	10	5	14	0	0.026
USC00427516	2011	10	5	15	0	0.023
USC00427516	2011	10	5	16	0	0.025
USC00427516	2011	10	5	17	0	0.027
USC00427516	2011	10	5	18	0	0.036
USC00427516	2011	10	5	19	0	0.034
USC00427516	2011	10	5	20	0	0.063
USC00427516	2011	10	5	21	0	0.089
USC00427516	2011	10	5	22	0	0.164
USC00427516	2011	10	5	23	0	0.14
USC00427516	2011	10	5	24	0	0.023
USC00427516	2011	10	6	2	0	0.003
USC00427516	2011	10	6	15	0	0.001
USC00427516	2011	10	6	16	0	0.015
USC00427516	2011	10	6	17	0	0.001
USC00427516	2011	10	6	18	0	0.002
USC00427516	2011	10	6	19	0	0.001
USC00427516	2011	11	4	19	0	0.007
USC00427516	2011	11	4	20	0	0.012
USC00427516	2011	11	4	21	0	0.037
USC00427516	2011	11	4	22	0	0.107
USC00427516	2011	11	4	23	0	0.078
USC00427516	2011	11	4	24	0	0.018
USC00427516	2011	11	6	14	0	0.009
USC00427516	2011	11	6	15	0	0.014
USC00427516	2011	11	6	16	0	0.014
USC00427516	2011	11	6	18	0	0.014
USC00427516	2011	11	6	20	0	0.014
USC00427516	2011	11	6	24	0	0.014
USC00427516	2011	11	30	22	0	0.001
USC00427516	2011	11	30	23	0	0.001
USC00427516	2011	12	13	11	0	0.100
USC00427516	2012	1	21	4	0	0.009
USC00427516	2012	1	21	5	0	0.007
USC00427516	2012	1	21	6	0	0.001
USC00427516	2012	1	21	7	0	0.002
USC00427516	2012	1	21	8	0	0.002
USC00427516	2012	1	21	9	0	0.001
USC00427516	2012	1	21	10	0	0.003
USC00427516	2012	1	21	11	0	0.001
USC00427516	2012	1	21	12	0	0.004
USC00427516	2012	1	21	13	0	0.002
USC00427516	2012	1	21	14	0	0.003
USC00427516	2012	1	21	15	0	0.001
USC00427516	2012	1	21	16	0	0.006
USC00427516	2012	1	21	17	0	0.005
USC00427516	2012	1	23	16	0	0.001
USC00427516	2012	1	23	17	0	0.027
USC00427516	2012	1	23	18	0	0.009
USC00427516	2012	1	23	19	0	0.027
USC00427516	2012	1	23	20	0	0.004
USC00427516	2012	2	13	18	0	0.100
USC00427516	2012	2	13	19	0	0.300
USC00427516	2012	2	13	20	0	0.100
USC00427516	2012	2	13	22	0	0.100
USC00427516	2012	2	15	19	0	0.200
USC00427516	2012	2	15	20	0	0.200
USC00427516	2012	2	15	21	0	0.100
USC00427516	2012	2	16	1	0	0.100
USC00427516	2012	2	17	14	0	0.100
USC00427516	2012	2	19	11	0	0.100
USC00427516	2012	2	21	14	0	0.100
USC00427516	2012	2	28	10	0	0.100
USC00427516	2012	3	6	16	0	0.054
USC00427516	2012	3	7	12	0	0.002
USC00427516	2012	3	7	13	0	0.006
USC00427516	2012	3	10	18	0	0.100
USC00427516	2012	4	1	1	0	0.200
USC00427516	2012	4	14	18	0	0.100
USC00427516	2012	4	15	1	0	0.100
USC00427516	2012	4	15	5	0	0.100
USC00427516	2012	4	17	12	0	0.100
USC00427516	2012	4	27	13	0	0.100
USC00427516	2012	7	13	11	0	0.019
USC00427516	2012	7	13	12	0	0.054
USC00427516	2012	7	13	15	0	0.006
USC00427516	2012	7	14	4	0	0.003
USC00427516	2012	7	14	5	0	0.001
USC00427516	2012	7	14	6	0	0.048
USC00427516	2012	7	14	7	0	0.062
USC00427516	2012	7	14	8	0	0.105
USC00427516	2012	7	14	14	0	0.002
USC00427516	2012	7	14	19	0	0.001
USC00427516	2012	7	15	16	0	0.008
USC00427516	2012	7	15	17	0	0.003
USC00427516	2012	7	15	19	0	0.001
USC00427516	2012	7	16	4	0	0.001
USC00427516	2012	7	16	10	0	0.005
USC00427516	2012	7	16	11	0	0.001
USC00427516	2012	7	16	12	0	0.014
USC00427516	2012	7	16	15	0	0.002
USC00427516	2012	7	16	16	0	0.01
USC00427516	2012	7	16	17	0	0.003
USC00427516	2012	7	21	11	0	0.006
USC00427516	2012	7	21	12	0	0.001
USC00427516	2012	7	21	18	0	0.002
USC00427516	2012	7	23	1	0	0.016
USC00427516	2012	7	23	2	0	0.019
USC00427516	2012	7	23	3	0	0.019
USC00427516	2012	7	23	4	0	0.008
USC00427516	2012	7	23	5	0	0.003
USC00427516	2012	7	23	6	0	0.004
USC00427516	2012	7	24	1	0	0.008
USC00427516	2012	7	24	2	0	0.009
USC00427516	2012	7	24	6	0	0.02
USC00427516	2012	7	24	7	0	0.008
USC00427516	2012	7	24	8	0	0.012
USC00427516	2012	7	24	9	0	0.002
USC00427516	2012	7	24	10	0	0.002
USC00427516	2012	7	24	13	0	0.341
USC00427516	2012	7	24	14	0	0.001
USC00427516	2012	7	24	15	0	0.003
USC00427516	2012	7	24	18	0	0.001
USC00427516	2012	7	25	1	0	0.002
USC00427516	2012	7	25	4	0	0.002
USC00427516	2012	7	30	8	0	0.001
USC00427516	2012	7	30	9	0	0.01
USC00427516	2012	7	30	10	0	0.003
USC00427516	2012	7	30	15	0	0.022
USC00427516	2012	7	30	16	0	0.041
USC00427516	2012	7	30	17	0	0.006
USC00427516	2012	7	30	19	0	0.001
USC00427516	2012	7	30	20	0	0.003
USC00427516	2012	7	30	21	0	0.007
USC00427516	2012	7	30	22	0	0.023
USC00427516	2012	7	30	23	0	0.015
USC00427516	2012	7	30	24	0	0.001
USC00427516	2012	7	31	1	0	0.001
USC00427516	2012	7	31	13	0	0.001
USC00427516	2012	7	31	17	0	0.003
USC00427516	2012	7	31	18	0	0.001
USC00427516	2012	7	31	22	0	0.011
USC00427516	2012	7	31	23	0	0.009
USC00427516	2012	7	31	24	0	0.002
USC00427516	2012	8	1	1	0	0.002
USC00427516	2012	8	1	14	0	0.038
USC00427516	2012	8	1	15	0	0.049
USC00427516	2012	8	1	16	0	0.006
USC00427516	2012	8	3	19	0	0.001
USC00427516	2012	8	3	20	0	0.001
USC00427516	2012	8	5	14	0	0.034
USC00427516	2012	8	5	15	0	0.002
USC00427516	2012	8	7	15	0	0.025
USC00427516	2012	8	8	20	0	0.038
USC00427516	2012	8	13	7	0	0.001
USC00427516	2012	8	17	19	0	0.002
USC00427516	2012	8	19	15	0	0.002
USC00427516	2012	8	19	16	0	0.004
USC00427516	2012	8	19	17	0	0.006
USC00427516	2012	8	19	22	0	0.011
USC00427516	2012	8	19	23	0	0.045
USC00427516	2012	8	19	24	0	0.106
USC00427516	2012	8	20	1	0	0.201
USC00427516	2012	8	20	2	0	0.008
USC00427516	2012	8	20	5	0	0.002
USC00427516	2012	8	20	7	0	0.005
USC00427516	2012	8	20	9	0	0.001
USC00427516	2012	8	20	10	0	0.002
USC00427516	2012	8	21	13	0	0.001
USC00427516	2012	8	21	14	0	0.001
USC00427516	2012	8	21	23	0	0.003
USC00427516	2012	8	21	24	0	0.135
USC00427516	2012	8	22	1	0	0.136
USC00427516	2012	8	22	2	0	0.057
USC00427516	2012	8	22	3	0	0.078
USC00427516	2012	8	22	4	0	0.231
USC00427516	2012	8	22	5	0	0.173
USC00427516	2012	8	22	6	0	0.057
USC00427516	2012	8	22	7	0	0.096
USC00427516	2012	8	22	8	0	0.174
USC00427516	2012	8	22	9	0	0.033
USC00427516	2012	8	22	10	0	0.002
USC00427516	2012	8	22	14	0	0.027
USC00427516	2012	8	22	15	0	0.076
USC00427516	2012	8	22	16	0	0.054
USC00427516	2012	8	22	17	0	0.021
USC00427516	2012	8	22	18	0	0.002
USC00427516	2012	8	29	16	0	0.003
USC00427516	2012	8	29	17	0	0.012
USC00427516	2012	8	29	18	0	0.004
USC00427516	2012	8	29	19	0	0.001
USC00427516	2012	8	31	8	0	0.02
USC00427516	2012	8	31	9	0	0.076
USC00427516	2012	8	31	10	0	0.011
USC00427516	2012	8	31	11	0	0.003
USC00427516	2012	8	31	13	0	0.004
USC00427516	2012	9	10	18	0	0.11
USC00427516	2012	9	10	19	0	0.088
USC00427516	2012	9	11	6	0	0.009
USC00427516	2012	9	11	7	0	0.026
USC00427516	2012	9	11	8	0	0.028
USC00427516	2012	9	11	9	0	0.098
USC00427516	2012	9	11	10	0	0.057
USC00427516	2012	9	11	11	0	0.005
USC00427516	2012	9	11	12	0	0.048
USC00427516	2012	9	11	13	0	0.018
USC00427516	2012	9	11	17	0	0.001
USC00427516	2012	9	11	18	0	0.001
USC00427516	2012	10	10	10	0	0.020
USC00427516	2012	10	10	11	0	0.100
USC00427516	2012	10	10	12	0	0.030
USC00427516	2012	10	10	16	0	0.080
USC00427516	2012	10	11	1	0	0.040
USC00427516	2012	10	11	9	0	0.030
USC00427516	2012	10	11	11	0	0.010
USC00427516	2012	10	11	12	0	0.010
USC00427516	2012	10	11	13	0	0.040
USC00427516	2012	10	11	14	0	0.010
USC00427516	2012	10	11	17	0	0.030
USC00427516	2012	10	11	19	0	0.080
USC00427516	2012	10	11	20	0	0.040
USC00427516	2012	10	11	23	0	0.250
USC00427516	2012	10	11	24	0	0.160
USC00427516	2012	10	12	1	0	0.180
USC00427516	2012	10	12	7	0	0.100
USC00427516	2012	10	12	8	0	0.210
USC00427516	2012	10	12	9	0	0.160
USC00427516	2012	10	12	13	0	0.020
USC00427516	2012	10	12	24	0	0.010
USC00427516	2012	10	13	3	0	0.010
USC00427516	2012	10	13	4	0	0.030
USC00427516	2012	10	13	9	0	0.020
USC00427516	2012	10	13	10	0	0.090
USC00427516	2012	10	13	11	0	0.010
USC00427516	2012	10	13	12	0	0.090
USC00427516	2012	10	13	15	0	0.030
USC00427516	2012	10	13	16	0	0.030
USC00427516	2012	10	13	18	0	0.110
USC00427516	2012	10	15	11	0	0.030
USC00427516	2012	10	15	13	0	0.010
USC00427516	2012	10	16	11	0	0.020
USC00427516	2012	10	16	12	0	0.040
USC00427516	2012	10	16	15	0	0.070
USC00427516	2012	10	16	18	0	0.030
USC00427516	2012	10	16	24	0	0.020
USC00427516	2012	10	17	4	0	0.020
USC00427516	2012	10	17	12	0	0.200
USC00427516	2012	10	17	13	0	0.030
USC00427516	2012	10	17	14	0	0.010
USC00427516	2012	10	17	15	0	0.010
USC00427516	2012	10	17	16	0	0.010
USC00427516	2012	10	18	13	0	0.010
USC00427516	2012	10	22	4	0	0.010
USC00427516	2012	10	22	12	0	0.010
USC00427516	2012	10	23	12	0	0.010
USC00427516	2012	11	8	24	0	0.018
USC00427516	2012	11	9	1	0	0.031
USC00427516	2012	11	9	2	0	0.003
USC00427516	2012	11	9	3	0	0.001
USC00427516	2012	11	9	6	0	0.028
USC00427516	2012	11	10	15	0	0.100
USC00427516	2012	11	10	22	0	0.010
USC00427516	2012	11	17	4	0	0.001
USC00427516	2012	11	17	6	0	0.001
USC00427516	2012	11	28	24	0	0.090
USC00427516	2012	11	29	11	0	0.010
USC00427516	2012	11	29	13	0	0.010
USC00427516	2012	11	29	16	0	0.030
USC00427516	2012	11	29	17	0	0.130
USC00427516	2012	12	1	9	0	0.010
USC00427516	2012	12	1	13	0	0.010
USC00427516	2012	12	1	20	0	0.120
USC00427516	2012	12	10	9	0	0.010
USC00427516	2012	12	10	10	0	0.010
USC00427516	2012	12	10	11	0	0.110
USC00427516	2012	12	10	19	0	0.130
USC00427516	2012	12	12	10	0	0.010
USC00427516	2012	12	12	11	0	0.010
USC00427516	2012	12	12	17	0	0.050
USC00427516	2012	12	13	10	0	0.030
USC00427516	2012	12	13	12	0	0.050
USC00427516	2012	12	13	13	0	0.020
USC00427516	2012	12	13	23	0	0.020
USC00427516	2012	12	13	24	0	0.010
USC00427516	2012	12	14	3	0	0.010
USC00427516	2012	12	14	4	0	0.030
USC00427516	2012	12	14	5	0	0.030
USC00427516	2012	12	14	6	0	0.010
USC00427516	2012	12	14	7	0	0.040
USC00427516	2012	12	14	8	0	0.040
USC00427516	2012	12	14	9	0	0.070
USC00427516	2012	12	14	10	0	0.010
USC00427516	2012	12	14	11	0	0.050
USC00427516	2012	12	14	12	0	0.010
USC00427516	2012	12	15	1	0	0.100
USC00427516	2012	12	15	2	0	0.200
USC00427516	2012	12	15	3	0	0.100
USC00427516	2012	12	15	6	0	0.100
USC00427516	2012	12	15	12	0	0.100
USC00427516	2012	12	15	24	0	0.100
USC00427516	2012	12	17	2	0	0.060
USC00427516	2012	12	17	3	0	0.050
USC00427516	2012	12	17	7	0	0.020
USC00427516	2012	12	17	10	0	0.010
USC00427516	2012	12	17	23	0	0.030
USC00427516	2012	12	18	1	0	0.010
USC00427516	2012	12	18	14	0	0.010
USC00427516	2012	12	18	16	0	0.020
USC00427516	2012	12	18	17	0	0.030
USC00427516	2012	12	18	18	0	0.040
USC00427516	2012	12	18	20	0	0.120
USC00427516	2012	12	18	21	0	0.100
USC00427516	2012	12	18	22	0	0.050
USC00427516	2012	12	18	23	0	0.020
USC00427516	2012	12	18	24	0	0.010
USC00427516	2012	12	19	6	0	0.010
USC00427516	2012	12	19	11	0	0.010
USC00427516	2012	12	24	24	0	0.020
USC00427516	2012	12	25	6	0	0.060
USC00427516	2012	12	25	8	0	0.050
USC00427516	2012	12	25	9	0	0.020
USC00427516	2012	12	25	10	0	0.010
USC00427516	2012	12	25	11	0	0.010
USC00427516	2012	12	25	12	0	0.060
USC00427516	2012	12	25	17	0	0.010
USC00427516	2012	12	26	13	0	0.020
