USC00267369	1990	1	2	14	0	0.100
USC00267369	1990	1	2	19	0	0.100
USC00267369	1990	1	14	8	0	0.100
USC00267369	1990	1	17	1	0	0.081
USC00267369	1990	1	17	7	0	0.081
USC00267369	1990	1	17	8	0	0.081
USC00267369	1990	1	17	9	0	0.081
USC00267369	1990	1	17	10	0	0.081
USC00267369	1990	1	17	11	0	0.161
USC00267369	1990	1	17	16	0	0.081
USC00267369	1990	1	31	8	0	0.081
USC00267369	1990	1	31	12	0	0.081
USC00267369	1990	1	31	14	0	0.081
USC00267369	1990	2	2	11	0	0.081
USC00267369	1990	2	17	22	0	0.100
USC00267369	1990	2	18	14	0	0.100
USC00267369	1990	3	28	13	0	0.100
USC00267369	1990	3	31	11	0	0.100
USC00267369	1990	5	28	12	0	0.200
USC00267369	1990	6	9	17	0	0.100
USC00267369	1990	6	9	20	0	0.100
USC00267369	1990	6	10	3	0	0.100
USC00267369	1990	6	10	10	0	0.100
USC00267369	1990	7	13	19	0	0.600
USC00267369	1990	7	13	23	0	0.100
USC00267369	1990	7	14	22	0	0.800
USC00267369	1990	7	14	23	0	0.100
USC00267369	1990	7	14	24	0	0.100
USC00267369	1990	8	11	23	0	0.100
USC00267369	1990	8	11	24	0	0.700
USC00267369	1990	8	12	1	0	0.100
USC00267369	1990	8	12	2	0	0.100
USC00267369	1990	8	15	12	0	0.100
USC00267369	1990	8	15	13	0	0.200
USC00267369	1990	9	3	22	0	0.100
USC00267369	1990	9	3	23	0	0.100
USC00267369	1990	9	21	4	0	0.100
USC00267369	1990	9	21	5	0	0.100
USC00267369	1990	10	1	15	0	0.100
USC00267369	1991	1	3	16	0	0.100
USC00267369	1991	1	3	17	0	0.100
USC00267369	1991	1	3	19	0	0.100
USC00267369	1991	1	3	22	0	0.100
USC00267369	1991	1	3	23	0	0.100
USC00267369	1991	1	4	0	0	0.100
USC00267369	1991	1	4	1	0	0.100
USC00267369	1991	1	4	2	0	0.100
USC00267369	1991	1	4	4	0	0.100
USC00267369	1991	1	4	6	0	0.100
USC00267369	1991	1	4	17	0	0.100
USC00267369	1991	1	4	21	0	0.100
USC00267369	1991	1	5	1	0	0.100
USC00267369	1991	2	27	23	0	0.200
USC00267369	1991	2	27	24	0	0.100
USC00267369	1991	2	28	1	0	0.200
USC00267369	1991	2	28	2	0	0.200
USC00267369	1991	2	28	3	0	0.200
USC00267369	1991	2	28	8	0	0.100
USC00267369	1991	2	28	9	0	0.100
USC00267369	1991	2	28	10	0	0.100
USC00267369	1991	3	1	5	0	0.200
USC00267369	1991	3	1	7	0	0.100
USC00267369	1991	3	1	8	0	0.100
USC00267369	1991	3	1	9	0	0.100
USC00267369	1991	3	1	10	0	0.300
USC00267369	1991	3	1	14	0	0.100
USC00267369	1991	3	14	8	0	0.100
USC00267369	1991	3	15	10	0	0.100
USC00267369	1991	3	19	6	0	0.200
USC00267369	1991	3	19	7	0	0.100
USC00267369	1991	3	19	8	0	0.100
USC00267369	1991	3	19	9	0	0.100
USC00267369	1991	3	20	12	0	0.100
USC00267369	1991	3	20	13	0	0.100
USC00267369	1991	3	25	16	0	0.100
USC00267369	1991	3	27	6	0	0.100
USC00267369	1991	3	27	8	0	0.100
USC00267369	1991	3	27	9	0	0.100
USC00267369	1991	3	27	10	0	0.100
USC00267369	1991	5	31	23	0	0.100
USC00267369	1991	6	1	1	0	0.100
USC00267369	1991	6	1	2	0	0.100
USC00267369	1991	6	1	10	0	0.100
USC00267369	1991	7	5	19	0	0.100
USC00267369	1991	7	8	19	0	0.100
USC00267369	1991	8	10	20	0	0.200
USC00267369	1991	8	10	21	0	0.200
USC00267369	1991	8	10	22	0	0.100
USC00267369	1991	8	10	23	0	0.100
USC00267369	1991	8	11	11	0	0.100
USC00267369	1991	8	31	5	0	0.100
USC00267369	1991	9	6	4	0	0.300
USC00267369	1991	9	6	7	0	0.100
USC00267369	1991	9	6	11	0	0.100
USC00267369	1991	9	28	8	0	0.100
USC00267369	1991	10	26	24	0	0.100
USC00267369	1991	11	14	24	0	0.100
USC00267369	1991	11	15	8	0	0.100
USC00267369	1991	12	10	11	0	0.100
USC00267369	1991	12	10	13	0	0.100
USC00267369	1991	12	10	16	0	0.100
USC00267369	1991	12	10	18	0	0.100
USC00267369	1991	12	10	19	0	0.100
USC00267369	1991	12	10	20	0	0.100
USC00267369	1991	12	10	21	0	0.100
USC00267369	1991	12	30	5	0	0.100
USC00267369	1992	1	3	14	0	0.100
USC00267369	1992	1	5	6	0	0.100
USC00267369	1992	1	5	10	0	0.100
USC00267369	1992	1	5	11	0	0.100
USC00267369	1992	1	5	18	0	0.100
USC00267369	1992	1	5	19	0	0.100
USC00267369	1992	1	5	20	0	0.300
USC00267369	1992	1	5	21	0	0.200
USC00267369	1992	1	5	22	0	0.100
USC00267369	1992	2	6	21	0	0.100
USC00267369	1992	2	6	23	0	0.100
USC00267369	1992	2	7	2	0	0.100
USC00267369	1992	2	7	5	0	0.100
USC00267369	1992	2	7	7	0	0.100
USC00267369	1992	2	7	8	0	0.100
USC00267369	1992	2	7	10	0	0.100
USC00267369	1992	2	9	23	0	0.200
USC00267369	1992	2	10	5	0	0.100
USC00267369	1992	2	12	12	0	0.100
USC00267369	1992	2	12	18	0	0.100
USC00267369	1992	2	12	19	0	0.100
USC00267369	1992	2	12	20	0	0.200
USC00267369	1992	2	12	21	0	0.200
USC00267369	1992	2	12	23	0	0.100
USC00267369	1992	2	13	0	0	0.100
USC00267369	1992	2	13	1	0	0.100
USC00267369	1992	2	13	2	0	0.200
USC00267369	1992	2	13	4	0	0.100
USC00267369	1992	2	13	5	0	0.100
USC00267369	1992	2	15	15	0	0.100
USC00267369	1992	2	15	17	0	0.100
USC00267369	1992	3	2	18	0	0.600
USC00267369	1992	3	2	19	0	0.300
USC00267369	1992	3	6	18	0	0.200
USC00267369	1992	3	6	19	0	0.100
USC00267369	1992	3	7	11	0	0.100
USC00267369	1992	3	7	16	0	0.200
USC00267369	1992	3	7	21	0	0.100
USC00267369	1992	3	7	22	0	0.100
USC00267369	1992	3	8	0	0	0.100
USC00267369	1992	3	8	2	0	0.100
USC00267369	1992	3	8	5	0	0.100
USC00267369	1992	3	8	8	0	0.100
USC00267369	1992	3	8	9	0	0.100
USC00267369	1992	3	8	13	0	0.100
USC00267369	1992	3	8	19	0	0.100
USC00267369	1992	3	9	4	0	0.100
USC00267369	1992	3	20	21	0	0.100
USC00267369	1992	3	21	11	0	0.100
USC00267369	1992	3	21	12	0	0.100
USC00267369	1992	3	23	11	0	0.100
USC00267369	1992	3	26	21	0	0.100
USC00267369	1992	3	26	22	0	0.100
USC00267369	1992	3	26	23	0	0.100
USC00267369	1992	3	27	0	0	0.200
USC00267369	1992	3	27	1	0	0.200
USC00267369	1992	3	27	2	0	0.200
USC00267369	1992	3	27	3	0	0.200
USC00267369	1992	3	27	4	0	0.100
USC00267369	1992	3	27	5	0	0.100
USC00267369	1992	3	27	11	0	0.100
USC00267369	1992	3	30	12	0	0.100
USC00267369	1992	3	30	17	0	0.300
USC00267369	1992	3	30	19	0	0.100
USC00267369	1992	3	30	22	0	0.100
USC00267369	1992	3	30	23	0	0.100
USC00267369	1992	5	8	20	0	0.200
USC00267369	1992	5	21	11	0	0.200
USC00267369	1992	5	22	15	0	0.100
USC00267369	1992	5	30	20	0	0.100
USC00267369	1992	8	6	11	0	0.600
USC00267369	1992	8	6	12	0	0.400
USC00267369	1992	8	6	13	0	0.100
USC00267369	1992	8	6	14	0	0.100
USC00267369	1992	10	22	13	0	0.100
USC00267369	1992	10	23	22	0	0.100
USC00267369	1992	10	23	23	0	0.300
USC00267369	1992	10	24	0	0	0.200
USC00267369	1992	10	24	1	0	0.100
USC00267369	1992	10	24	4	0	0.100
USC00267369	1992	10	24	9	0	0.100
USC00267369	1992	10	24	11	0	0.100
USC00267369	1992	10	24	12	0	0.100
USC00267369	1992	10	24	13	0	0.400
USC00267369	1992	10	24	14	0	0.100
USC00267369	1992	10	28	5	0	0.100
USC00267369	1992	10	30	18	0	0.100
USC00267369	1992	10	30	20	0	0.100
USC00267369	1992	12	4	15	0	0.100
USC00267369	1992	12	5	8	0	0.100
USC00267369	1992	12	7	17	0	0.100
USC00267369	1992	12	7	20	0	0.100
USC00267369	1992	12	7	21	0	0.100
USC00267369	1992	12	7	23	0	0.100
USC00267369	1992	12	8	1	0	0.100
USC00267369	1992	12	27	21	0	0.100
USC00267369	1992	12	27	22	0	0.100
USC00267369	1992	12	27	24	0	0.200
USC00267369	1992	12	28	1	0	0.100
USC00267369	1992	12	28	3	0	0.100
USC00267369	1992	12	28	6	0	0.100
USC00267369	1992	12	29	23	0	0.100
USC00267369	1993	1	6	4	0	0.100
USC00267369	1993	1	6	8	0	0.100
USC00267369	1993	1	6	12	0	0.100
USC00267369	1993	1	6	14	0	0.100
USC00267369	1993	1	7	4	0	0.100
USC00267369	1993	1	7	6	0	0.100
USC00267369	1993	1	7	8	0	0.200
USC00267369	1993	1	7	17	0	0.100
USC00267369	1993	1	7	19	0	0.100
USC00267369	1993	1	7	21	0	0.100
USC00267369	1993	1	7	23	0	0.100
USC00267369	1993	1	8	2	0	0.100
USC00267369	1993	1	10	2	0	0.100
USC00267369	1993	1	10	7	0	0.100
USC00267369	1993	1	10	8	0	0.100
USC00267369	1993	1	10	9	0	0.100
USC00267369	1993	1	10	15	0	0.100
USC00267369	1993	1	13	4	0	0.100
USC00267369	1993	1	13	23	0	0.100
USC00267369	1993	1	14	3	0	0.100
USC00267369	1993	1	14	6	0	0.100
USC00267369	1993	1	15	15	0	0.100
USC00267369	1993	1	15	17	0	0.100
USC00267369	1993	1	15	21	0	0.100
USC00267369	1993	1	16	1	0	0.100
USC00267369	1993	1	16	3	0	0.100
USC00267369	1993	1	16	11	0	0.100
USC00267369	1993	1	16	19	0	0.100
USC00267369	1993	1	16	20	0	0.100
USC00267369	1993	1	17	7	0	0.100
USC00267369	1993	1	17	13	0	0.100
USC00267369	1993	1	18	5	0	0.200
USC00267369	1993	2	7	24	0	0.100
USC00267369	1993	2	8	2	0	0.100
USC00267369	1993	2	8	4	0	0.100
USC00267369	1993	2	8	5	0	0.100
USC00267369	1993	2	8	6	0	0.100
USC00267369	1993	2	8	7	0	0.100
USC00267369	1993	2	8	8	0	0.200
USC00267369	1993	2	8	9	0	0.100
USC00267369	1993	2	8	10	0	0.100
USC00267369	1993	2	8	12	0	0.300
USC00267369	1993	2	8	13	0	0.400
USC00267369	1993	2	8	17	0	0.100
USC00267369	1993	2	9	1	0	0.100
USC00267369	1993	2	18	18	0	0.100
USC00267369	1993	2	19	3	0	0.100
USC00267369	1993	2	19	18	0	0.100
USC00267369	1993	2	19	21	0	0.100
USC00267369	1993	2	23	18	0	0.100
USC00267369	1993	2	23	19	0	0.100
USC00267369	1993	2	26	21	0	0.100
USC00267369	1993	2	26	22	0	0.100
USC00267369	1993	2	26	23	0	0.100
USC00267369	1993	2	26	24	0	0.100
USC00267369	1993	2	27	4	0	0.200
USC00267369	1993	2	27	5	0	0.100
USC00267369	1993	2	27	6	0	0.100
USC00267369	1993	2	27	7	0	0.100
USC00267369	1993	2	27	8	0	0.100
USC00267369	1993	2	27	9	0	0.100
USC00267369	1993	2	27	10	0	0.100
USC00267369	1993	2	28	12	0	0.100
USC00267369	1993	3	26	12	0	0.100
USC00267369	1993	3	26	21	0	0.100
USC00267369	1993	3	28	6	0	0.100
USC00267369	1993	3	28	7	0	0.100
USC00267369	1993	3	28	11	0	0.100
USC00267369	1993	3	28	13	0	0.100
USC00267369	1993	5	14	23	0	0.100
USC00267369	1993	5	18	17	0	0.100
USC00267369	1993	6	5	21	0	0.100
USC00267369	1993	8	4	15	0	0.200
USC00267369	1993	8	4	16	0	0.900
USC00267369	1993	8	29	12	0	0.700
USC00267369	1993	8	29	13	0	0.100
USC00267369	1993	8	30	13	0	0.400
USC00267369	1993	11	12	12	0	0.100
USC00267369	1993	11	14	4	0	0.100
USC00267369	1993	11	14	7	0	0.100
USC00267369	1994	2	4	4	0	0.100
USC00267369	1994	2	4	11	0	0.100
USC00267369	1994	2	7	13	0	0.100
USC00267369	1994	2	7	14	0	0.100
USC00267369	1994	2	7	15	0	0.100
USC00267369	1994	2	7	16	0	0.100
USC00267369	1994	2	7	19	0	0.100
USC00267369	1994	2	7	20	0	0.100
USC00267369	1994	2	7	22	0	0.100
USC00267369	1994	2	7	24	0	0.100
USC00267369	1994	2	8	1	0	0.100
USC00267369	1994	2	8	12	0	0.200
USC00267369	1994	2	17	19	0	0.100
USC00267369	1994	3	12	8	0	0.100
USC00267369	1994	3	19	7	0	0.100
USC00267369	1994	3	19	8	0	0.200
USC00267369	1994	3	19	9	0	0.100
USC00267369	1994	3	19	14	0	0.100
USC00267369	1994	3	19	18	0	0.100
USC00267369	1994	3	20	8	0	0.100
USC00267369	1994	3	25	7	0	0.100
USC00267369	1994	3	25	8	0	0.100
USC00267369	1994	3	25	13	0	0.100
USC00267369	1994	9	5	10	0	0.100
USC00267369	1994	9	20	18	0	0.100
USC00267369	1994	9	20	20	0	0.400
USC00267369	1994	9	20	22	0	0.100
USC00267369	1994	10	5	11	0	0.100
USC00267369	1994	11	11	10	0	0.100
USC00267369	1994	11	11	18	0	0.100
USC00267369	1994	11	11	19	0	0.100
USC00267369	1994	11	11	20	0	0.100
USC00267369	1994	11	11	22	0	0.100
USC00267369	1994	12	24	8	0	0.100
USC00267369	1994	12	24	12	0	0.100
USC00267369	1994	12	24	15	0	0.100
USC00267369	1994	12	24	20	0	0.100
USC00267369	1994	12	24	23	0	0.100
USC00267369	1994	12	25	1	0	0.300
USC00267369	1994	12	25	2	0	0.200
USC00267369	1994	12	25	5	0	0.100
USC00267369	1994	12	25	6	0	0.100
USC00267369	1994	12	25	7	0	0.100
USC00267369	1994	12	25	8	0	0.100
USC00267369	1994	12	25	9	0	0.100
USC00267369	1994	12	25	10	0	0.100
USC00267369	1994	12	25	11	0	0.100
USC00267369	1994	12	25	15	0	0.100
USC00267369	1994	12	25	16	0	0.200
USC00267369	1994	12	29	4	0	0.100
USC00267369	1994	12	29	9	0	0.100
USC00267369	1994	12	29	24	0	0.100
USC00267369	1995	1	3	14	0	0.100
USC00267369	1995	1	3	16	0	0.100
USC00267369	1995	1	4	13	0	0.100
USC00267369	1995	1	4	14	0	0.100
USC00267369	1995	1	4	16	0	0.100
USC00267369	1995	1	4	17	0	0.100
USC00267369	1995	1	4	18	0	0.100
USC00267369	1995	1	4	19	0	0.100
USC00267369	1995	1	4	20	0	0.100
USC00267369	1995	1	5	0	0	0.100
USC00267369	1995	1	7	20	0	0.100
USC00267369	1995	1	10	16	0	0.100
USC00267369	1995	1	10	18	0	0.200
USC00267369	1995	1	10	19	0	0.100
USC00267369	1995	1	11	17	0	0.100
USC00267369	1995	1	12	10	0	0.100
USC00267369	1995	1	24	2	0	0.100
USC00267369	1995	1	24	7	0	0.100
USC00267369	1995	1	25	3	0	0.100
USC00267369	1995	1	25	5	0	0.100
USC00267369	1995	1	25	7	0	0.100
USC00267369	1995	1	25	9	0	0.100
USC00267369	1995	1	25	10	0	0.100
USC00267369	1995	1	25	11	0	0.100
USC00267369	1995	1	25	12	0	0.100
USC00267369	1995	1	25	15	0	0.200
USC00267369	1995	1	25	21	0	0.100
USC00267369	1995	1	25	22	0	0.100
USC00267369	1995	1	25	24	0	0.100
USC00267369	1995	2	14	6	0	0.200
USC00267369	1995	2	14	7	0	0.100
USC00267369	1995	2	14	8	0	0.100
USC00267369	1995	2	14	9	0	0.100
USC00267369	1995	2	22	2	0	0.100
USC00267369	1995	2	24	17	0	0.100
USC00267369	1995	2	25	9	0	0.100
USC00267369	1995	3	5	14	0	0.100
USC00267369	1995	3	5	15	0	0.100
USC00267369	1995	3	5	16	0	0.100
USC00267369	1995	3	5	17	0	0.400
USC00267369	1995	3	5	21	0	0.100
USC00267369	1995	3	6	2	0	0.100
USC00267369	1995	3	11	5	0	0.100
USC00267369	1995	3	11	6	0	0.100
USC00267369	1995	3	11	7	0	0.200
USC00267369	1995	3	11	8	0	0.100
USC00267369	1995	3	11	9	0	0.200
USC00267369	1995	3	11	10	0	0.200
USC00267369	1995	3	11	11	0	0.100
USC00267369	1995	3	23	14	0	0.100
USC00267369	1995	4	16	19	0	0.100
USC00267369	1995	4	16	20	0	0.100
USC00267369	1995	4	16	21	0	0.200
USC00267369	1995	4	16	22	0	0.200
USC00267369	1995	4	17	1	0	0.100
USC00267369	1995	4	17	4	0	0.100
USC00267369	1995	4	18	16	0	0.100
USC00267369	1995	5	23	20	0	0.100
USC00267369	1995	5	24	18	0	0.200
USC00267369	1995	5	25	3	0	0.100
USC00267369	1995	7	17	12	0	0.200
USC00267369	1995	8	21	11	0	0.100
USC00267369	1995	8	24	16	0	0.700
USC00267369	1995	8	24	17	0	0.200
USC00267369	1995	9	5	17	0	0.100
USC00267369	1995	9	6	15	0	0.200
USC00267369	1995	9	6	16	0	0.100
USC00267369	1996	1	31	20	0	0.200
USC00267369	1996	1	31	21	0	0.100
USC00267369	1996	2	1	13	0	0.100
USC00267369	1996	2	20	17	0	0.100
USC00267369	1996	2	20	18	0	0.100
USC00267369	1996	2	21	13	0	0.100
USC00267369	1996	2	25	16	0	0.100
USC00267369	1996	5	24	12	0	0.100
USC00267369	1996	5	24	15	0	0.100
USC00267369	1996	7	3	17	0	0.400
USC00267369	1996	7	3	18	0	0.200
USC00267369	1996	7	4	7	0	0.100
USC00267369	1996	7	16	11	0	0.100
USC00267369	1996	7	28	12	0	0.600
USC00267369	1996	8	11	15	0	0.100
USC00267369	1996	8	11	16	0	0.100
USC00267369	1996	9	4	20	0	0.100
USC00267369	1996	9	4	21	0	0.100
USC00267369	1996	9	5	12	0	0.100
USC00267369	1996	9	7	0	0	0.100
USC00267369	1996	9	7	1	0	0.200
USC00267369	1996	10	28	10	0	0.100
USC00267369	1996	10	30	20	0	0.100
USC00267369	1996	10	31	11	0	0.100
USC00267369	1996	11	21	18	0	0.200
USC00267369	1996	11	21	19	0	0.100
USC00267369	1996	12	9	19	0	0.100
USC00267369	1996	12	9	22	0	0.100
USC00267369	1997	1	6	12	0	0.100
USC00267369	1997	1	12	15	0	0.100
USC00267369	1997	1	12	20	0	0.100
USC00267369	1997	1	13	6	0	0.100
USC00267369	1997	1	13	11	0	0.100
USC00267369	1997	1	13	12	0	0.100
USC00267369	1997	1	14	9	0	0.100
USC00267369	1997	1	26	14	0	0.100
USC00267369	1997	2	27	12	0	0.100
USC00267369	1997	2	27	16	0	0.200
USC00267369	1997	2	27	17	0	0.100
USC00267369	1997	2	27	18	0	0.100
USC00267369	1997	2	28	7	0	0.100
USC00267369	1997	2	28	8	0	0.100
USC00267369	1997	7	21	22	0	0.100
USC00267369	1997	7	23	16	0	0.100
USC00267369	1997	7	28	11	0	0.100
USC00267369	1997	8	10	13	0	0.100
USC00267369	1997	8	10	14	0	0.100
USC00267369	1997	9	1	18	0	0.200
USC00267369	1997	9	1	19	0	0.100
USC00267369	1997	9	1	21	0	0.100
USC00267369	1997	9	2	10	0	0.100
USC00267369	1997	9	10	12	0	0.100
USC00267369	1997	9	14	17	0	0.500
USC00267369	1997	9	14	20	0	0.100
USC00267369	1997	9	15	4	0	0.100
USC00267369	1997	9	25	2	0	0.100
USC00267369	1997	9	25	4	0	0.200
USC00267369	1997	9	25	5	0	0.100
USC00267369	1997	9	25	7	0	0.100
USC00267369	1997	9	25	14	0	0.100
USC00267369	1997	9	25	15	0	0.200
USC00267369	1997	9	25	16	0	0.100
USC00267369	1997	9	25	17	0	0.100
USC00267369	1997	9	25	19	0	0.100
USC00267369	1997	11	13	20	0	0.100
USC00267369	1997	12	6	16	0	0.100
USC00267369	1997	12	6	17	0	0.100
USC00267369	1997	12	6	18	0	0.100
USC00267369	1997	12	7	23	0	0.100
USC00267369	1997	12	22	11	0	0.100
USC00267369	1998	1	3	15	0	0.100
USC00267369	1998	1	4	7	0	0.100
USC00267369	1998	1	9	23	0	0.100
USC00267369	1998	1	10	4	0	0.100
USC00267369	1998	1	30	12	0	0.100
USC00267369	1998	2	3	19	0	0.200
USC00267369	1998	2	3	20	0	0.200
USC00267369	1998	2	3	21	0	0.100
USC00267369	1998	2	3	23	0	0.100
USC00267369	1998	2	4	1	0	0.100
USC00267369	1998	2	4	2	0	0.100
USC00267369	1998	2	6	21	0	0.100
USC00267369	1998	2	6	22	0	0.100
USC00267369	1998	2	8	2	0	0.100
USC00267369	1998	2	8	5	0	0.100
USC00267369	1998	2	8	23	0	0.100
USC00267369	1998	2	12	23	0	0.100
USC00267369	1998	2	14	14	0	0.100
USC00267369	1998	2	14	15	0	0.100
USC00267369	1998	2	14	16	0	0.100
USC00267369	1998	2	14	17	0	0.100
USC00267369	1998	2	14	18	0	0.100
USC00267369	1998	2	14	19	0	0.100
USC00267369	1998	2	14	22	0	0.100
USC00267369	1998	2	14	23	0	0.100
USC00267369	1998	2	17	7	0	0.100
USC00267369	1998	2	17	10	0	0.100
USC00267369	1998	2	17	11	0	0.100
USC00267369	1998	2	17	12	0	0.100
USC00267369	1998	2	17	13	0	0.100
USC00267369	1998	2	20	2	0	0.100
USC00267369	1998	2	20	4	0	0.100
USC00267369	1998	2	20	5	0	0.100
USC00267369	1998	2	20	6	0	0.100
USC00267369	1998	2	20	7	0	0.100
USC00267369	1998	2	24	1	0	0.200
USC00267369	1998	2	24	2	0	0.100
USC00267369	1998	2	24	3	0	0.100
USC00267369	1998	2	24	4	0	0.100
USC00267369	1998	3	14	9	0	0.200
USC00267369	1998	3	16	17	0	0.100
USC00267369	1998	3	16	18	0	0.100
USC00267369	1998	3	25	21	0	0.100
USC00267369	1998	3	25	22	0	0.200
USC00267369	1998	3	25	23	0	0.100
USC00267369	1998	3	25	24	0	0.100
USC00267369	1998	3	26	10	0	0.100
USC00267369	1998	3	27	14	0	0.100
USC00267369	1998	3	27	17	0	0.100
USC00267369	1998	3	28	8	0	0.200
USC00267369	1998	3	29	18	0	0.100
USC00267369	1998	4	1	4	0	0.100
USC00267369	1998	4	1	6	0	0.100
USC00267369	1998	5	13	16	0	0.100
USC00267369	1998	7	20	1	0	0.800
USC00267369	1998	7	20	2	0	0.900
USC00267369	1998	7	20	3	0	0.100
USC00267369	1998	7	23	15	0	0.100
USC00267369	1998	7	24	6	0	0.100
USC00267369	1998	7	28	14	0	0.200
USC00267369	1998	8	7	17	0	0.100
USC00267369	1998	8	14	22	0	0.100
USC00267369	1998	8	25	13	0	0.300
USC00267369	1998	8	25	14	0	1.000
USC00267369	1998	8	30	20	0	0.100
USC00267369	1998	8	31	1	0	0.100
USC00267369	1998	9	4	4	0	0.100
USC00267369	1998	9	4	7	0	0.100
USC00267369	1998	9	4	8	0	0.100
USC00267369	1998	9	4	15	0	0.100
USC00267369	1998	9	9	12	0	0.300
USC00267369	1998	9	9	13	0	0.100
USC00267369	1998	9	9	14	0	0.100
USC00267369	1998	9	9	19	0	0.100
USC00267369	1998	9	9	23	0	0.100
USC00267369	1998	10	30	7	0	0.200
USC00267369	1998	10	30	8	0	0.300
USC00267369	1998	11	8	9	0	0.100
USC00267369	1998	11	11	9	0	0.100
USC00267369	1998	12	15	12	0	0.100
USC00267369	1999	1	25	13	0	0.100
USC00267369	1999	1	26	10	0	0.100
USC00267369	1999	2	4	21	0	0.100
USC00267369	1999	2	4	22	0	0.100
USC00267369	1999	4	4	9	0	0.300
USC00267369	1999	4	7	12	0	0.100
USC00267369	1999	4	22	22	0	0.100
USC00267369	1999	4	22	23	0	0.100
USC00267369	1999	4	22	24	0	0.100
USC00267369	1999	4	24	9	0	0.100
USC00267369	1999	4	24	10	0	0.100
USC00267369	1999	4	25	6	0	0.100
USC00267369	1999	4	30	7	0	0.100
USC00267369	1999	6	2	5	0	0.200
USC00267369	1999	6	4	4	0	0.100
USC00267369	1999	7	8	19	0	0.300
USC00267369	1999	7	8	20	0	0.200
USC00267369	1999	7	12	10	0	0.100
USC00267369	1999	7	12	15	0	0.100
USC00267369	1999	7	14	21	0	0.200
USC00267369	1999	7	14	22	0	0.300
USC00267369	1999	7	15	17	0	0.800
USC00267369	1999	7	15	18	0	0.600
USC00267369	1999	7	15	21	0	0.500
USC00267369	1999	7	15	22	0	0.100
USC00267369	1999	8	10	2	0	0.176
USC00267369	1999	8	10	3	0	0.176
USC00267369	1999	8	10	4	0	0.018
USC00267369	1999	8	24	15	0	0.070
USC00267369	1999	9	13	19	0	0.100
USC00267369	1999	9	18	1	0	0.100
USC00267369	1999	9	18	14	0	0.100
USC00267369	1999	9	22	8	0	0.100
USC00267369	1999	9	22	9	0	0.100
USC00267369	1999	9	22	10	0	0.200
USC00267369	1999	9	22	11	0	0.100
USC00267369	1999	9	22	12	0	0.100
USC00267369	1999	9	22	13	0	0.100
USC00267369	2000	2	12	10	0	0.100
USC00267369	2000	2	20	19	0	0.100
USC00267369	2000	2	20	20	0	0.100
USC00267369	2000	2	20	21	0	0.100
USC00267369	2000	2	21	0	0	0.200
USC00267369	2000	2	21	2	0	0.100
USC00267369	2000	2	21	6	0	0.100
USC00267369	2000	2	21	10	0	0.300
USC00267369	2000	2	21	11	0	0.100
USC00267369	2000	2	21	20	0	0.200
USC00267369	2000	2	22	8	0	0.100
USC00267369	2000	2	23	21	0	0.100
USC00267369	2000	3	5	13	0	0.100
USC00267369	2000	3	5	14	0	0.100
USC00267369	2000	3	5	15	0	0.100
USC00267369	2000	3	5	17	0	0.100
USC00267369	2000	3	5	19	0	0.200
USC00267369	2000	3	5	20	0	0.100
USC00267369	2000	3	5	21	0	0.100
USC00267369	2000	8	2	2	0	0.100
USC00267369	2000	8	16	15	0	0.100
USC00267369	2000	8	16	16	0	0.200
USC00267369	2000	8	24	15	0	0.100
USC00267369	2000	8	29	12	0	0.100
USC00267369	2000	8	30	11	0	0.100
USC00267369	2000	10	4	15	0	0.100
USC00267369	2000	10	19	12	0	0.100
USC00267369	2000	10	23	7	0	0.100
USC00267369	2000	10	23	9	0	0.100
USC00267369	2000	10	23	10	0	0.100
USC00267369	2000	10	27	5	0	0.100
USC00267369	2000	10	27	13	0	0.100
USC00267369	2000	10	30	2	0	0.100
USC00267369	2001	1	8	22	0	0.100
USC00267369	2001	1	9	0	0	0.100
USC00267369	2001	1	9	4	0	0.100
USC00267369	2001	1	10	24	0	0.100
USC00267369	2001	1	11	4	0	0.100
USC00267369	2001	1	11	7	0	0.100
USC00267369	2001	1	11	8	0	0.200
USC00267369	2001	1	11	10	0	0.200
USC00267369	2001	1	11	11	0	0.100
USC00267369	2001	1	11	12	0	0.200
USC00267369	2001	1	11	13	0	0.100
USC00267369	2001	1	15	15	0	0.100
USC00267369	2001	1	26	19	0	0.100
USC00267369	2001	1	27	9	0	0.100
USC00267369	2001	1	27	12	0	0.100
USC00267369	2001	1	28	9	0	0.100
USC00267369	2001	1	28	10	0	0.100
USC00267369	2001	1	28	11	0	0.100
USC00267369	2001	2	13	11	0	0.100
USC00267369	2001	2	13	12	0	0.100
USC00267369	2001	2	13	17	0	0.100
USC00267369	2001	2	25	15	0	0.100
USC00267369	2001	2	25	17	0	0.100
USC00267369	2001	2	25	19	0	0.100
USC00267369	2001	2	25	22	0	0.100
USC00267369	2001	2	26	2	0	0.100
USC00267369	2001	2	26	6	0	0.100
USC00267369	2001	2	26	7	0	0.100
USC00267369	2001	2	26	10	0	0.100
USC00267369	2001	2	27	12	0	0.100
USC00267369	2001	2	27	16	0	0.300
USC00267369	2001	2	27	17	0	0.100
USC00267369	2001	2	27	18	0	0.100
USC00267369	2001	2	27	19	0	0.100
USC00267369	2001	2	27	20	0	0.100
USC00267369	2001	2	27	21	0	0.100
USC00267369	2001	2	27	23	0	0.100
USC00267369	2001	2	28	1	0	0.100
USC00267369	2001	2	28	2	0	0.100
USC00267369	2001	2	28	3	0	0.100
USC00267369	2001	2	28	4	0	0.100
USC00267369	2001	2	28	6	0	0.100
USC00267369	2001	2	28	7	0	0.100
USC00267369	2001	2	28	8	0	0.100
USC00267369	2001	2	28	9	0	0.100
USC00267369	2001	2	28	10	0	0.100
USC00267369	2001	3	2	24	0	0.100
USC00267369	2001	3	6	20	0	0.100
USC00267369	2001	3	6	22	0	0.200
USC00267369	2001	3	6	24	0	0.100
USC00267369	2001	3	7	2	0	0.100
USC00267369	2001	3	7	3	0	0.100
USC00267369	2001	3	7	7	0	0.100
USC00267369	2001	3	9	16	0	0.100
USC00267369	2001	3	9	17	0	0.100
USC00267369	2001	3	10	12	0	0.100
USC00267369	2001	4	10	13	0	0.100
USC00267369	2001	7	6	12	0	0.100
USC00267369	2001	7	8	10	0	0.100
USC00267369	2001	7	8	17	0	0.200
USC00267369	2001	8	8	23	0	0.100
USC00267369	2001	8	9	14	0	0.100
USC00267369	2001	8	12	16	0	0.200
USC00267369	2001	11	24	18	0	0.100
USC00267369	2001	11	24	19	0	0.100
USC00267369	2001	11	25	1	0	0.100
USC00267369	2001	12	29	17	0	0.100
USC00267369	2002	3	24	5	0	0.018
USC00267369	2002	3	24	8	0	0.141
USC00267369	2002	3	24	9	0	0.018
USC00267369	2002	7	12	17	0	0.300
USC00267369	2002	7	16	14	0	0.300
USC00267369	2002	7	16	15	0	0.100
USC00267369	2002	7	17	19	0	0.100
USC00267369	2002	9	10	8	0	0.100
USC00267369	2002	10	2	5	0	0.100
USC00267369	2002	10	2	6	0	0.100
USC00267369	2002	10	2	9	0	0.100
USC00267369	2002	10	2	13	0	0.100
USC00267369	2002	10	17	3	0	0.100
USC00267369	2002	10	17	6	0	0.200
USC00267369	2002	10	25	23	0	0.200
USC00267369	2002	10	26	1	0	0.100
USC00267369	2002	10	26	11	0	0.100
USC00267369	2002	10	26	12	0	0.100
USC00267369	2002	10	27	12	0	0.100
USC00267369	2002	11	30	4	0	0.200
USC00267369	2002	11	30	12	0	0.100
USC00267369	2003	1	8	4	0	0.100
USC00267369	2003	1	8	5	0	0.100
USC00267369	2003	2	12	8	0	0.100
USC00267369	2003	2	12	17	0	0.100
USC00267369	2003	2	12	18	0	0.100
USC00267369	2003	2	12	19	0	0.100
USC00267369	2003	2	12	20	0	0.100
USC00267369	2003	2	13	0	0	0.100
USC00267369	2003	2	13	3	0	0.100
USC00267369	2003	2	13	7	0	0.100
USC00267369	2003	2	13	13	0	0.100
USC00267369	2003	2	13	16	0	0.100
USC00267369	2003	2	14	15	0	0.100
USC00267369	2003	2	25	13	0	0.100
USC00267369	2003	2	25	14	0	0.100
USC00267369	2003	2	25	15	0	0.100
USC00267369	2003	2	25	18	0	0.100
USC00267369	2003	2	25	20	0	0.100
USC00267369	2003	2	25	23	0	0.100
USC00267369	2003	2	26	5	0	0.100
USC00267369	2003	2	27	7	0	0.100
USC00267369	2003	2	27	8	0	0.100
USC00267369	2003	3	15	14	0	0.100
USC00267369	2003	3	15	17	0	0.100
USC00267369	2003	3	15	20	0	0.200
USC00267369	2003	3	15	21	0	0.100
USC00267369	2003	3	16	5	0	0.200
USC00267369	2003	3	16	6	0	0.300
USC00267369	2003	3	16	7	0	0.400
USC00267369	2003	3	16	8	0	0.100
USC00267369	2003	3	17	17	0	0.100
USC00267369	2003	4	14	20	0	0.200
USC00267369	2003	4	14	21	0	0.100
USC00267369	2003	4	14	22	0	0.100
USC00267369	2003	4	18	16	0	0.200
USC00267369	2003	6	14	10	0	0.100
USC00267369	2003	7	24	10	0	0.100
USC00267369	2003	7	25	8	0	0.100
USC00267369	2003	7	25	9	0	0.200
USC00267369	2003	8	1	9	0	0.100
USC00267369	2003	8	26	15	0	0.600
USC00267369	2003	8	26	16	0	0.200
USC00267369	2003	8	26	18	0	0.100
USC00267369	2003	11	12	10	0	0.100
USC00267369	2003	11	12	11	0	0.100
USC00267369	2003	11	12	15	0	0.100
USC00267369	2003	11	12	17	0	0.100
USC00267369	2003	11	16	3	0	0.100
USC00267369	2003	11	16	5	0	0.100
USC00267369	2003	12	11	18	0	0.100
USC00267369	2003	12	24	8	0	0.100
USC00267369	2003	12	25	17	0	0.100
USC00267369	2003	12	25	19	0	0.100
USC00267369	2003	12	25	20	0	0.300
USC00267369	2003	12	25	21	0	0.300
USC00267369	2004	1	2	20	0	0.100
USC00267369	2004	1	31	8	0	0.100
USC00267369	2004	2	20	18	0	0.100
USC00267369	2004	2	21	1	0	0.100
USC00267369	2004	2	21	2	0	0.100
USC00267369	2004	2	21	17	0	0.100
USC00267369	2004	2	22	5	0	0.100
USC00267369	2004	2	22	9	0	0.100
USC00267369	2004	2	22	11	0	0.100
USC00267369	2004	2	22	17	0	0.100
USC00267369	2004	2	22	18	0	0.100
USC00267369	2004	2	22	20	0	0.300
USC00267369	2004	2	22	21	0	0.100
USC00267369	2004	2	22	23	0	0.100
USC00267369	2004	2	23	0	0	0.100
USC00267369	2004	2	23	2	0	0.100
USC00267369	2004	2	23	3	0	0.200
USC00267369	2004	2	23	6	0	0.100
USC00267369	2004	2	23	11	0	0.100
USC00267369	2004	2	26	3	0	0.100
USC00267369	2004	2	26	5	0	0.100
USC00267369	2004	2	26	7	0	0.100
USC00267369	2004	2	26	8	0	0.100
USC00267369	2004	2	26	14	0	0.100
USC00267369	2004	2	27	11	0	0.100
USC00267369	2004	3	2	2	0	0.100
USC00267369	2004	3	2	13	0	0.100
USC00267369	2004	3	2	16	0	0.100
USC00267369	2004	3	2	17	0	0.100
USC00267369	2004	3	2	18	0	0.100
USC00267369	2004	4	2	0	0	0.100
USC00267369	2004	4	2	2	0	0.100
USC00267369	2004	4	2	3	0	0.200
USC00267369	2004	4	2	4	0	0.100
USC00267369	2004	4	2	6	0	0.100
USC00267369	2004	4	2	8	0	0.100
USC00267369	2004	4	2	11	0	0.100
USC00267369	2004	4	2	12	0	0.100
USC00267369	2004	4	2	13	0	0.100
USC00267369	2004	4	2	23	0	0.100
USC00267369	2004	4	3	4	0	0.100
USC00267369	2004	4	3	5	0	0.100
USC00267369	2004	4	3	6	0	0.100
USC00267369	2004	4	3	7	0	0.200
USC00267369	2004	4	3	8	0	0.100
USC00267369	2004	4	3	9	0	0.100
USC00267369	2004	4	3	12	0	0.100
USC00267369	2004	8	12	18	0	0.100
USC00267369	2004	8	15	16	0	0.100
USC00267369	2004	9	9	13	0	0.100
USC00267369	2004	9	9	15	0	0.100
USC00267369	2004	10	10	9	0	0.100
USC00267369	2004	10	19	18	0	0.200
USC00267369	2004	10	20	8	0	0.200
USC00267369	2004	10	20	9	0	0.200
USC00267369	2004	10	20	12	0	0.200
USC00267369	2004	10	20	13	0	0.200
USC00267369	2004	10	20	14	0	0.100
USC00267369	2004	10	20	16	0	0.100
USC00267369	2004	10	20	17	0	0.100
USC00267369	2004	10	21	10	0	0.100
USC00267369	2004	10	21	13	0	0.100
USC00267369	2004	10	27	10	0	0.100
USC00267369	2004	11	7	9	0	0.100
USC00267369	2004	11	7	11	0	0.200
USC00267369	2004	11	7	12	0	0.100
USC00267369	2004	11	7	13	0	0.100
USC00267369	2004	11	7	14	0	0.100
USC00267369	2004	11	7	16	0	0.100
USC00267369	2004	11	7	17	0	0.300
USC00267369	2004	11	7	18	0	0.100
USC00267369	2004	11	7	21	0	0.200
USC00267369	2004	11	21	11	0	0.100
USC00267369	2004	11	21	14	0	0.100
USC00267369	2004	11	21	15	0	0.100
USC00267369	2004	11	21	17	0	0.100
USC00267369	2004	11	21	19	0	0.100
USC00267369	2004	11	21	22	0	0.100
USC00267369	2004	11	23	7	0	0.100
USC00267369	2004	12	7	15	0	0.100
USC00267369	2004	12	28	12	0	0.100
USC00267369	2004	12	28	13	0	0.300
USC00267369	2004	12	28	14	0	0.100
USC00267369	2004	12	28	15	0	0.100
USC00267369	2004	12	28	17	0	0.100
USC00267369	2004	12	28	19	0	0.100
USC00267369	2004	12	28	20	0	0.100
USC00267369	2004	12	28	21	0	0.200
USC00267369	2004	12	28	22	0	0.100
USC00267369	2004	12	28	23	0	0.200
USC00267369	2004	12	29	0	0	0.200
USC00267369	2004	12	29	1	0	0.100
USC00267369	2004	12	29	3	0	0.200
USC00267369	2004	12	29	4	0	0.500
USC00267369	2005	1	3	6	0	0.100
USC00267369	2005	1	3	7	0	0.100
USC00267369	2005	1	3	9	0	0.100
USC00267369	2005	1	3	13	0	0.200
USC00267369	2005	1	3	14	0	0.100
USC00267369	2005	1	3	15	0	0.100
USC00267369	2005	1	3	16	0	0.200
USC00267369	2005	1	3	18	0	0.100
USC00267369	2005	1	3	23	0	0.200
USC00267369	2005	1	4	5	0	0.100
USC00267369	2005	1	4	16	0	0.100
USC00267369	2005	1	7	16	0	0.100
USC00267369	2005	1	9	13	0	0.100
USC00267369	2005	1	9	22	0	0.100
USC00267369	2005	1	10	10	0	0.100
USC00267369	2005	1	10	11	0	0.100
USC00267369	2005	1	11	6	0	0.100
USC00267369	2005	1	11	10	0	0.400
USC00267369	2005	1	11	13	0	0.100
USC00267369	2005	1	26	5	0	0.100
USC00267369	2005	1	26	6	0	0.100
USC00267369	2005	1	26	7	0	0.100
USC00267369	2005	1	26	8	0	0.100
USC00267369	2005	1	26	12	0	0.100
USC00267369	2005	1	27	10	0	0.100
USC00267369	2005	1	28	18	0	0.100
USC00267369	2005	1	28	19	0	0.300
USC00267369	2005	1	28	20	0	0.100
USC00267369	2005	1	28	21	0	0.100
USC00267369	2005	1	29	15	0	0.100
USC00267369	2005	2	11	5	0	0.100
USC00267369	2005	2	11	7	0	0.200
USC00267369	2005	2	11	8	0	0.100
USC00267369	2005	2	11	10	0	0.100
USC00267369	2005	2	11	11	0	0.100
USC00267369	2005	2	11	12	0	0.200
USC00267369	2005	2	11	13	0	0.100
USC00267369	2005	2	11	15	0	0.100
USC00267369	2005	2	11	16	0	0.100
USC00267369	2005	2	12	11	0	0.100
USC00267369	2005	2	18	2	0	0.100
USC00267369	2005	2	18	12	0	0.100
USC00267369	2005	2	18	13	0	0.100
USC00267369	2005	2	18	18	0	0.100
USC00267369	2005	2	18	21	0	0.500
USC00267369	2005	2	19	3	0	0.100
USC00267369	2005	2	19	15	0	0.100
USC00267369	2005	2	19	18	0	0.100
USC00267369	2005	2	21	7	0	0.100
USC00267369	2005	2	21	12	0	0.100
USC00267369	2005	2	21	16	0	0.100
USC00267369	2005	2	21	18	0	0.100
USC00267369	2005	2	21	19	0	0.200
USC00267369	2005	2	21	20	0	0.300
USC00267369	2005	2	21	21	0	0.300
USC00267369	2005	2	21	23	0	0.100
USC00267369	2005	2	22	4	0	0.100
USC00267369	2005	2	22	6	0	0.100
USC00267369	2005	2	22	18	0	0.100
USC00267369	2005	2	22	21	0	0.100
USC00267369	2005	2	23	15	0	0.100
USC00267369	2005	3	4	20	0	0.100
USC00267369	2005	3	4	21	0	0.100
USC00267369	2005	3	4	22	0	0.100
USC00267369	2005	3	5	11	0	0.100
USC00267369	2005	3	5	20	0	0.100
USC00267369	2005	3	22	24	0	0.100
USC00267369	2005	7	24	4	0	0.400
USC00267369	2005	7	24	5	0	0.100
USC00267369	2005	7	24	6	0	0.100
USC00267369	2005	8	3	1	0	0.100
USC00267369	2005	8	9	8	0	0.100
USC00267369	2005	8	9	9	0	0.500
USC00267369	2005	8	9	10	0	0.300
USC00267369	2005	8	9	14	0	0.100
USC00267369	2005	8	14	17	0	0.100
USC00267369	2005	8	14	18	0	0.100
USC00267369	2005	8	14	19	0	0.100
USC00267369	2005	8	15	8	0	0.100
USC00267369	2005	8	25	11	0	0.200
USC00267369	2005	8	25	12	0	0.200
USC00267369	2005	10	9	14	0	0.100
USC00267369	2005	10	17	11	0	0.100
USC00267369	2005	10	17	14	0	0.100
USC00267369	2005	10	17	17	0	0.200
USC00267369	2005	10	17	18	0	0.100
USC00267369	2005	10	17	21	0	0.200
USC00267369	2005	10	17	23	0	0.100
USC00267369	2005	10	17	24	0	0.100
USC00267369	2005	10	18	10	0	0.200
USC00267369	2005	10	18	11	0	0.100
USC00267369	2005	10	18	15	0	0.100
USC00267369	2005	10	18	16	0	0.200
USC00267369	2005	10	19	12	0	0.100
USC00267369	2006	3	12	6	0	0.100
USC00267369	2006	3	21	7	0	0.100
USC00267369	2006	3	28	9	0	0.100
USC00267369	2006	3	28	18	0	0.100
USC00267369	2006	4	5	14	0	0.100
USC00267369	2006	6	7	10	0	0.035
USC00267369	2006	6	7	11	0	0.070
USC00267369	2006	7	20	14	0	0.100
USC00267369	2006	7	20	16	0	0.100
USC00267369	2006	9	7	1	0	0.100
USC00267369	2006	10	7	11	0	0.100
USC00267369	2006	10	13	19	0	0.100
USC00267369	2006	10	13	20	0	0.200
USC00267369	2006	10	13	23	0	0.100
USC00267369	2006	10	13	24	0	0.300
USC00267369	2006	10	14	6	0	0.200
USC00267369	2006	10	14	10	0	0.100
USC00267369	2006	12	19	11	0	0.100
USC00267369	2006	12	24	24	0	0.100
USC00267369	2006	12	25	3	0	0.100
USC00267369	2007	2	1	9	0	0.002
USC00267369	2007	2	13	20	0	0.100
USC00267369	2007	2	14	9	0	0.100
USC00267369	2007	7	22	8	0	0.100
USC00267369	2007	7	22	13	0	0.100
USC00267369	2007	7	22	19	0	0.800
USC00267369	2007	7	22	20	0	0.100
USC00267369	2007	7	25	11	0	0.019
USC00267369	2007	7	25	12	0	0.019
USC00267369	2007	7	25	13	0	0.019
USC00267369	2007	7	25	14	0	0.018
USC00267369	2007	7	25	15	0	0.018
USC00267369	2007	7	25	16	0	0.018
USC00267369	2007	7	25	17	0	0.035
USC00267369	2007	7	25	18	0	0.035
USC00267369	2007	7	25	19	0	0.035
USC00267369	2007	7	26	13	0	0.001
USC00267369	2007	7	26	14	0	0.041
USC00267369	2007	7	26	15	0	0.127
USC00267369	2007	7	26	16	0	0.248
USC00267369	2007	7	27	14	0	0.001
USC00267369	2007	7	27	15	0	0.007
USC00267369	2007	7	27	16	0	0.006
USC00267369	2007	7	27	22	0	0.069
USC00267369	2007	7	27	23	0	0.004
USC00267369	2007	7	28	15	0	0.028
USC00267369	2007	7	31	3	0	0.003
USC00267369	2007	7	31	6	0	0.02
USC00267369	2007	7	31	16	0	0.049
USC00267369	2007	7	31	17	0	0.005
USC00267369	2007	8	1	8	0	0.003
USC00267369	2007	8	1	9	0	0.008
USC00267369	2007	8	1	21	0	0.100
USC00267369	2007	9	20	24	0	0.001
USC00267369	2007	9	21	1	0	0.002
USC00267369	2007	9	21	2	0	0.002
USC00267369	2007	9	21	3	0	0.002
USC00267369	2007	9	21	4	0	0.003
USC00267369	2007	9	21	5	0	0.023
USC00267369	2007	9	21	6	0	0.047
USC00267369	2007	9	21	7	0	0.027
USC00267369	2007	9	21	8	0	0.021
USC00267369	2007	9	21	9	0	0.002
USC00267369	2007	9	21	11	0	0.008
USC00267369	2007	9	21	15	0	0.008
USC00267369	2007	9	21	16	0	0.006
USC00267369	2007	9	21	17	0	0.039
USC00267369	2007	9	21	18	0	0.015
USC00267369	2007	9	21	19	0	0.007
USC00267369	2007	9	21	20	0	0.002
USC00267369	2007	9	21	23	0	0.002
USC00267369	2007	9	21	24	0	0.013
USC00267369	2007	9	22	1	0	0.029
USC00267369	2007	9	22	2	0	0.026
USC00267369	2007	9	22	3	0	0.011
USC00267369	2007	9	22	4	0	0.004
USC00267369	2007	9	22	5	0	0.079
USC00267369	2007	11	19	18	0	0.004
USC00267369	2007	11	19	21	0	0.001
USC00267369	2007	11	19	22	0	0.003
USC00267369	2007	12	4	7	0	1.434
USC00267369	2007	12	5	7	0	0.024
USC00267369	2007	12	7	2	0	0.015
USC00267369	2007	12	7	3	0	0.015
USC00267369	2007	12	7	4	0	0.015
USC00267369	2007	12	7	5	0	0.026
USC00267369	2007	12	7	6	0	0.026
USC00267369	2007	12	7	7	0	0.026
USC00267369	2007	12	7	8	0	0.001
USC00267369	2007	12	7	9	0	0.001
USC00267369	2007	12	7	10	0	0.001
USC00267369	2007	12	7	11	0	0.004
USC00267369	2007	12	7	12	0	0.004
USC00267369	2007	12	7	13	0	0.004
USC00267369	2007	12	10	23	0	0.006
USC00267369	2007	12	11	2	0	0.029
USC00267369	2007	12	11	5	0	0.007
USC00267369	2007	12	11	6	0	0.028
USC00267369	2007	12	11	7	0	0.055
USC00267369	2007	12	11	15	0	0.003
USC00267369	2007	12	12	11	0	0.006
USC00267369	2007	12	22	13	0	0.012
USC00267369	2007	12	22	14	0	0.012
USC00267369	2007	12	23	24	0	0.003
USC00267369	2008	1	5	6	0	0.009
USC00267369	2008	1	5	7	0	0.056
USC00267369	2008	1	5	8	0	0.053
USC00267369	2008	1	5	9	0	0.005
USC00267369	2008	1	5	11	0	0.003
USC00267369	2008	1	5	12	0	0.006
USC00267369	2008	1	5	13	0	0.003
USC00267369	2008	1	5	14	0	0.002
USC00267369	2008	1	5	15	0	0.012
USC00267369	2008	1	5	16	0	0.03
USC00267369	2008	1	5	17	0	0.005
USC00267369	2008	1	6	14	0	0.076
USC00267369	2008	1	6	22	0	0.001
USC00267369	2008	1	6	23	0	0.019
USC00267369	2008	1	6	24	0	0.019
USC00267369	2008	1	7	1	0	0.032
USC00267369	2008	1	7	2	0	0.019
USC00267369	2008	1	7	3	0	0.038
USC00267369	2008	1	7	4	0	0.019
USC00267369	2008	1	7	16	0	0.063
USC00267369	2008	1	23	2	0	0.100
USC00267369	2008	1	27	1	0	0.100
USC00267369	2008	1	27	3	0	0.100
USC00267369	2008	1	27	4	0	0.100
USC00267369	2008	1	27	5	0	0.100
USC00267369	2008	1	27	7	0	0.100
USC00267369	2008	1	27	9	0	0.100
USC00267369	2008	1	27	19	0	0.100
USC00267369	2008	2	2	12	0	0.100
USC00267369	2008	2	22	6	0	0.100
USC00267369	2008	2	22	15	0	0.200
USC00267369	2008	2	22	16	0	0.300
USC00267369	2008	2	22	17	0	0.100
USC00267369	2008	2	22	18	0	0.100
USC00267369	2008	5	23	9	0	0.100
USC00267369	2008	7	12	3	0	0.100
USC00267369	2008	7	14	15	0	0.100
USC00267369	2008	7	16	4	0	0.200
USC00267369	2008	7	26	10	0	0.001
USC00267369	2008	7	26	11	0	0.005
USC00267369	2008	7	26	12	0	0.002
USC00267369	2008	7	26	13	0	0.02
USC00267369	2008	7	26	14	0	0.088
USC00267369	2008	8	3	18	0	0.004
USC00267369	2008	8	5	13	0	0.001
USC00267369	2008	8	5	14	0	0.01
USC00267369	2008	8	5	16	0	0.013
USC00267369	2008	8	5	17	0	0.05
USC00267369	2008	8	5	18	0	0.032
USC00267369	2008	8	8	14	0	0.002
USC00267369	2008	8	8	15	0	0.017
USC00267369	2008	8	8	16	0	0.004
USC00267369	2008	8	8	17	0	0.009
USC00267369	2008	8	8	18	0	0.006
USC00267369	2008	8	8	19	0	0.002
USC00267369	2008	8	9	15	0	0.001
USC00267369	2008	8	9	16	0	0.006
USC00267369	2008	8	25	15	0	0.001
USC00267369	2008	8	25	16	0	0.001
USC00267369	2008	8	30	5	0	0.005
USC00267369	2008	8	30	6	0	0.005
USC00267369	2008	8	30	7	0	0.005
USC00267369	2008	8	30	8	0	0.008
USC00267369	2008	8	30	9	0	0.008
USC00267369	2008	8	30	10	0	0.008
USC00267369	2008	8	30	11	0	0.003
USC00267369	2008	8	30	12	0	0.003
USC00267369	2008	8	30	13	0	0.003
USC00267369	2008	11	26	5	0	0.200
USC00267369	2008	11	26	6	0	0.100
USC00267369	2008	11	26	9	0	0.100
USC00267369	2008	11	26	15	0	0.100
USC00267369	2008	11	27	16	0	0.200
USC00267369	2008	12	15	17	0	0.100
USC00267369	2008	12	15	21	0	0.100
USC00267369	2008	12	18	8	0	0.100
USC00267369	2008	12	18	12	0	0.100
USC00267369	2008	12	25	16	0	0.100
USC00267369	2008	12	25	18	0	0.086
USC00267369	2008	12	25	20	0	0.008
USC00267369	2009	1	23	15	0	0.100
USC00267369	2009	2	7	9	0	0.100
USC00267369	2009	2	7	10	0	0.100
USC00267369	2009	2	7	11	0	0.100
USC00267369	2009	2	7	12	0	0.100
USC00267369	2009	2	7	13	0	0.200
USC00267369	2009	2	7	14	0	0.100
USC00267369	2009	2	7	23	0	0.100
USC00267369	2009	2	8	12	0	0.100
USC00267369	2009	2	16	18	0	0.100
USC00267369	2009	5	29	16	0	0.100
USC00267369	2009	6	26	11	0	0.200
USC00267369	2009	7	2	6	0	0.009
USC00267369	2009	7	2	7	0	0.001
USC00267369	2009	7	2	8	0	0.001
USC00267369	2009	7	2	9	0	0.007
USC00267369	2009	7	2	14	0	0.007
USC00267369	2009	7	2	15	0	0.036
USC00267369	2009	7	2	16	0	0.006
USC00267369	2009	7	2	17	0	0.049
USC00267369	2009	7	3	15	0	0.018
USC00267369	2009	7	3	16	0	0.032
USC00267369	2009	7	3	17	0	0.023
USC00267369	2009	7	3	18	0	0.022
USC00267369	2009	7	3	19	0	0.004
USC00267369	2009	7	3	20	0	0.005
USC00267369	2009	7	3	21	0	0.009
USC00267369	2009	7	3	22	0	0.045
USC00267369	2009	7	3	23	0	0.012
USC00267369	2009	7	20	13	0	0.200
USC00267369	2009	7	20	21	0	0.100
USC00267369	2009	8	22	12	0	0.100
USC00267369	2009	8	23	14	0	0.600
USC00267369	2009	8	23	15	0	0.100
USC00267369	2009	9	4	19	0	0.100
USC00267369	2009	9	4	20	0	0.100
USC00267369	2009	12	7	14	0	0.100
USC00267369	2009	12	7	15	0	0.200
USC00267369	2009	12	7	16	0	0.100
USC00267369	2009	12	7	17	0	0.100
USC00267369	2009	12	7	18	0	0.200
USC00267369	2009	12	7	23	0	0.100
USC00267369	2010	1	13	15	0	0.100
USC00267369	2010	1	18	5	0	0.100
USC00267369	2010	1	18	16	0	0.100
USC00267369	2010	1	18	17	0	0.100
USC00267369	2010	1	19	11	0	0.100
USC00267369	2010	1	19	14	0	0.200
USC00267369	2010	1	19	15	0	0.400
USC00267369	2010	1	19	16	0	0.300
USC00267369	2010	1	20	16	0	0.100
USC00267369	2010	1	20	17	0	0.100
USC00267369	2010	1	20	19	0	0.200
USC00267369	2010	1	20	20	0	0.100
USC00267369	2010	1	20	22	0	0.100
USC00267369	2010	1	21	3	0	0.100
USC00267369	2010	1	21	7	0	0.200
USC00267369	2010	1	21	8	0	0.100
USC00267369	2010	1	21	11	0	0.100
USC00267369	2010	1	21	12	0	0.200
USC00267369	2010	1	21	13	0	0.200
USC00267369	2010	1	21	16	0	0.100
USC00267369	2010	1	22	4	0	0.100
USC00267369	2010	2	6	9	0	0.100
USC00267369	2010	2	6	11	0	0.100
USC00267369	2010	2	6	12	0	0.200
USC00267369	2010	2	6	18	0	0.100
USC00267369	2010	2	9	12	0	0.100
USC00267369	2010	2	9	14	0	0.100
USC00267369	2010	2	10	1	0	0.100
USC00267369	2010	2	22	7	0	0.100
USC00267369	2010	2	27	18	0	0.100
USC00267369	2010	2	27	19	0	0.200
USC00267369	2010	3	6	23	0	0.100
USC00267369	2010	3	6	24	0	0.100
USC00267369	2010	3	7	1	0	0.100
USC00267369	2010	3	7	9	0	0.100
USC00267369	2010	3	7	12	0	0.100
USC00267369	2010	3	7	14	0	0.200
USC00267369	2010	3	7	20	0	0.100
USC00267369	2010	3	7	21	0	0.100
USC00267369	2010	3	7	22	0	0.100
USC00267369	2010	3	7	24	0	0.100
USC00267369	2010	3	8	22	0	0.100
USC00267369	2010	4	12	21	0	0.029
USC00267369	2010	4	22	9	0	0.001
USC00267369	2010	4	22	10	0	0.021
USC00267369	2010	4	22	11	0	0.02
USC00267369	2010	4	22	16	0	0.01
USC00267369	2010	4	22	17	0	0.009
USC00267369	2010	4	22	18	0	0.001
USC00267369	2010	9	7	5	0	0.003
USC00267369	2010	9	7	6	0	0.001
USC00267369	2010	10	3	9	0	0.336
USC00267369	2010	10	3	10	0	0.334
USC00267369	2010	10	19	18	0	0.100
USC00267369	2010	10	20	1	0	0.100
USC00267369	2010	10	20	2	0	0.100
USC00267369	2010	10	20	3	0	0.100
USC00267369	2010	10	22	2	0	0.100
USC00267369	2010	10	22	5	0	0.200
USC00267369	2010	10	22	6	0	0.100
USC00267369	2010	10	22	8	0	0.100
USC00267369	2010	12	18	3	0	0.100
USC00267369	2010	12	19	18	0	0.100
USC00267369	2010	12	19	19	0	0.100
USC00267369	2010	12	20	10	0	0.100
USC00267369	2010	12	20	12	0	0.100
USC00267369	2010	12	20	13	0	0.100
USC00267369	2010	12	20	14	0	0.100
USC00267369	2010	12	20	15	0	0.100
USC00267369	2010	12	20	16	0	0.200
USC00267369	2010	12	20	17	0	0.100
USC00267369	2010	12	21	1	0	0.100
USC00267369	2010	12	21	3	0	0.200
USC00267369	2010	12	21	6	0	0.100
USC00267369	2010	12	21	8	0	0.100
USC00267369	2010	12	21	9	0	0.100
USC00267369	2010	12	21	11	0	0.100
USC00267369	2010	12	21	12	0	0.100
USC00267369	2010	12	21	13	0	0.100
USC00267369	2010	12	21	15	0	0.100
USC00267369	2010	12	21	19	0	0.100
USC00267369	2010	12	21	20	0	0.100
USC00267369	2010	12	21	21	0	0.100
USC00267369	2010	12	22	3	0	0.100
USC00267369	2010	12	22	4	0	0.200
USC00267369	2010	12	22	5	0	0.300
USC00267369	2010	12	22	6	0	0.200
USC00267369	2010	12	22	7	0	0.100
USC00267369	2010	12	22	8	0	0.100
USC00267369	2010	12	22	9	0	0.100
USC00267369	2010	12	22	12	0	0.200
USC00267369	2010	12	22	13	0	0.500
USC00267369	2010	12	22	15	0	0.100
USC00267369	2010	12	22	20	0	0.200
USC00267369	2010	12	22	21	0	0.100
USC00267369	2011	2	19	1	0	0.100
USC00267369	2011	2	19	2	0	0.100
USC00267369	2011	2	19	4	0	0.100
USC00267369	2011	2	19	5	0	0.100
USC00267369	2011	2	19	7	0	0.200
USC00267369	2011	2	19	8	0	0.300
USC00267369	2011	2	19	9	0	0.024
USC00267369	2011	2	19	10	0	0.03
USC00267369	2011	2	19	11	0	0.049
USC00267369	2011	2	19	12	0	0.052
USC00267369	2011	2	19	13	0	0.024
USC00267369	2011	2	19	17	0	0.006
USC00267369	2011	2	19	19	0	0.002
USC00267369	2011	2	20	3	0	0.003
USC00267369	2011	2	20	4	0	0.004
USC00267369	2011	2	20	5	0	0.008
USC00267369	2011	2	20	6	0	0.003
USC00267369	2011	2	20	7	0	0.001
USC00267369	2011	2	20	12	0	0.016
USC00267369	2011	2	20	13	0	0.039
USC00267369	2011	2	20	14	0	0.01
USC00267369	2011	2	26	10	0	0.001
USC00267369	2011	2	26	11	0	0.017
USC00267369	2011	2	26	12	0	0.003
USC00267369	2011	2	26	13	0	0.019
USC00267369	2011	2	26	14	0	0.152
USC00267369	2011	2	26	15	0	0.017
USC00267369	2011	4	8	21	0	0.100
USC00267369	2011	5	1	19	0	0.200
USC00267369	2011	5	9	12	0	0.200
USC00267369	2011	7	7	17	0	0.200
USC00267369	2011	7	8	1	0	0.100
USC00267369	2011	7	31	16	0	0.100
USC00267369	2011	8	27	15	0	0.100
USC00267369	2011	8	27	16	0	0.100
USC00267369	2011	9	13	10	0	0.100
USC00267369	2011	9	13	12	0	0.100
USC00267369	2011	9	14	4	0	0.100
USC00267369	2011	9	14	15	0	0.400
USC00267369	2011	9	30	24	0	0.001
USC00267369	2011	10	1	2	0	0.001
USC00267369	2011	10	1	3	0	0.001
USC00267369	2011	10	1	4	0	0.001
USC00267369	2011	10	1	15	0	0.006
USC00267369	2011	10	1	16	0	0.004
USC00267369	2011	10	2	13	0	0.002
USC00267369	2011	10	2	14	0	0.011
USC00267369	2011	10	2	15	0	0.002
USC00267369	2011	10	3	16	0	0.002
USC00267369	2011	10	3	20	0	0.001
USC00267369	2011	10	3	21	0	0.014
USC00267369	2011	10	4	1	0	0.007
USC00267369	2011	10	4	2	0	0.035
USC00267369	2011	10	4	3	0	0.013
USC00267369	2011	10	4	4	0	0.035
USC00267369	2011	10	4	5	0	0.032
USC00267369	2011	10	4	10	0	0.014
USC00267369	2011	10	4	11	0	0.036
USC00267369	2011	10	4	16	0	0.003
USC00267369	2011	10	4	17	0	0.008
USC00267369	2011	10	5	16	0	0.02
USC00267369	2011	10	5	17	0	0.092
USC00267369	2011	10	5	19	0	0.056
USC00267369	2011	10	5	20	0	0.011
USC00267369	2011	10	6	14	0	0.004
USC00267369	2011	10	6	15	0	0.01
USC00267369	2011	10	6	16	0	0.001
USC00267369	2011	10	6	20	0	0.003
USC00267369	2011	10	6	21	0	0.004
USC00267369	2011	10	6	22	0	0.002
USC00267369	2011	11	4	14	0	0.001
USC00267369	2011	11	4	15	0	0.037
USC00267369	2011	11	4	16	0	0.072
USC00267369	2011	11	4	17	0	0.01
USC00267369	2011	11	4	18	0	0.02
USC00267369	2011	11	4	19	0	0.023
USC00267369	2011	11	4	20	0	0.003
USC00267369	2011	11	5	10	0	0.002
USC00267369	2011	11	5	11	0	0.001
USC00267369	2011	11	5	12	0	0.002
USC00267369	2011	11	6	10	0	0.005
USC00267369	2011	11	6	11	0	0.006
USC00267369	2011	11	6	12	0	0.01
USC00267369	2011	11	6	13	0	0.008
USC00267369	2011	11	6	15	0	0.02
USC00267369	2011	11	6	16	0	0.011
USC00267369	2011	11	6	17	0	0.001
USC00267369	2011	11	7	10	0	0.002
USC00267369	2011	11	7	11	0	0.002
USC00267369	2011	11	7	12	0	0.002
USC00267369	2011	11	13	6	0	0.01
USC00267369	2011	11	21	3	0	0.007
USC00267369	2011	12	2	11	0	0.100
USC00267369	2011	12	12	18	0	0.100
USC00267369	2011	12	18	2	0	0.100
USC00267369	2011	12	18	4	0	0.100
USC00267369	2011	12	18	6	0	0.100
USC00267369	2012	2	15	12	0	0.100
USC00267369	2012	3	17	16	0	0.049
USC00267369	2012	3	17	17	0	0.074
USC00267369	2012	3	17	18	0	0.005
USC00267369	2012	3	17	19	0	0.004
USC00267369	2012	3	17	20	0	0.013
USC00267369	2012	3	17	21	0	0.009
USC00267369	2012	4	13	18	0	0.100
USC00267369	2012	4	13	19	0	0.100
USC00267369	2012	4	14	21	0	0.100
USC00267369	2012	7	5	1	0	0.010
USC00267369	2012	7	13	4	0	0.010
USC00267369	2012	7	13	5	0	0.050
USC00267369	2012	7	13	7	0	0.010
USC00267369	2012	7	13	8	0	0.040
USC00267369	2012	7	13	9	0	0.220
USC00267369	2012	7	13	10	0	0.030
USC00267369	2012	7	13	17	0	0.820
USC00267369	2012	7	13	18	0	0.270
USC00267369	2012	7	14	7	0	0.010
USC00267369	2012	7	14	16	0	0.060
USC00267369	2012	7	15	13	0	0.020
USC00267369	2012	7	30	24	0	0.020
USC00267369	2012	7	31	1	0	0.010
USC00267369	2012	7	31	5	0	0.020
USC00267369	2012	7	31	6	0	0.070
USC00267369	2012	7	31	9	0	0.010
USC00267369	2012	7	31	16	0	0.030
USC00267369	2012	8	2	20	0	0.037
USC00267369	2012	8	6	1	0	0.024
USC00267369	2012	8	6	2	0	0.007
USC00267369	2012	8	7	13	0	0.001
USC00267369	2012	8	7	14	0	0.002
USC00267369	2012	8	7	15	0	0.024
USC00267369	2012	8	7	18	0	0.004
USC00267369	2012	8	7	19	0	0.001
USC00267369	2012	8	12	14	0	0.026
USC00267369	2012	8	12	15	0	0.03
USC00267369	2012	8	12	18	0	0.003
USC00267369	2012	8	20	15	0	0.06
USC00267369	2012	8	20	16	0	0.131
USC00267369	2012	8	20	17	0	0.04
USC00267369	2012	8	20	18	0	0.011
USC00267369	2012	8	20	19	0	0.016
USC00267369	2012	8	21	12	0	0.001
USC00267369	2012	8	21	13	0	0.003
USC00267369	2012	8	21	14	0	0.01
USC00267369	2012	8	22	11	0	0.042
USC00267369	2012	8	22	12	0	1.224
USC00267369	2012	8	22	13	0	0.147
USC00267369	2012	8	22	14	0	0.441
USC00267369	2012	8	22	15	0	0.374
USC00267369	2012	8	22	16	0	0.245
USC00267369	2012	8	22	17	0	0.069
USC00267369	2012	9	5	12	0	0.010
USC00267369	2012	9	7	10	0	0.010
USC00267369	2012	9	7	15	0	0.460
USC00267369	2012	9	8	13	0	0.010
USC00267369	2012	9	11	15	0	0.090
USC00267369	2012	9	11	16	0	1.080
USC00267369	2012	9	11	17	0	0.120
USC00267369	2012	9	12	1	0	0.030
USC00267369	2012	9	13	14	0	0.010
USC00267369	2012	10	10	10	0	0.010
USC00267369	2012	10	10	18	0	0.010
USC00267369	2012	10	10	23	0	0.050
USC00267369	2012	10	11	7	0	0.060
USC00267369	2012	10	11	8	0	0.060
USC00267369	2012	10	11	9	0	0.050
USC00267369	2012	10	11	21	0	0.040
USC00267369	2012	10	11	22	0	0.070
USC00267369	2012	10	12	9	0	0.010
USC00267369	2012	10	15	12	0	0.010
USC00267369	2012	10	28	13	0	0.010
USC00267369	2012	11	13	11	0	0.010
USC00267369	2012	11	16	10	0	0.010
USC00267369	2012	11	20	13	0	0.010
USC00267369	2012	12	13	14	0	0.005
USC00267369	2012	12	13	15	0	0.026
USC00267369	2012	12	13	16	0	0.008
USC00267369	2012	12	13	17	0	0.016
USC00267369	2012	12	13	18	0	0.04
USC00267369	2012	12	13	19	0	0.086
USC00267369	2012	12	13	20	0	0.136
USC00267369	2012	12	13	21	0	0.088
USC00267369	2012	12	13	22	0	0.029
USC00267369	2012	12	13	23	0	0.032
USC00267369	2012	12	13	24	0	0.038
USC00267369	2012	12	14	1	0	0.048
USC00267369	2012	12	14	6	0	0.086
USC00267369	2012	12	14	7	0	0.055
USC00267369	2012	12	14	8	0	0.044
USC00267369	2012	12	14	9	0	0.032
USC00267369	2012	12	14	21	0	0.006
USC00267369	2012	12	14	22	0	0.012
USC00267369	2012	12	15	4	0	0.01
USC00267369	2012	12	15	5	0	0.001
USC00267369	2012	12	15	6	0	0.008
USC00267369	2012	12	15	7	0	0.01
USC00267369	2012	12	15	8	0	0.008
USC00267369	2012	12	18	10	0	0.005
USC00267369	2012	12	18	14	0	0.049
USC00267369	2012	12	18	15	0	0.057
USC00267369	2012	12	18	16	0	0.031
USC00267369	2013	1	24	5	0	0.004
USC00267369	2013	1	24	10	0	0.001
USC00267369	2013	1	24	11	0	0.001
USC00267369	2013	1	24	12	0	0.001
USC00267369	2013	1	25	20	0	0.001
USC00267369	2013	1	25	21	0	0.036
USC00267369	2013	1	25	22	0	0.025
USC00267369	2013	1	25	23	0	0.023
USC00267369	2013	1	25	24	0	0.058
USC00267369	2013	1	26	1	0	0.075
USC00267369	2013	1	26	2	0	0.099
USC00267369	2013	1	26	3	0	0.03
USC00267369	2013	1	26	4	0	0.011
USC00267369	2013	1	26	6	0	0.013
USC00267369	2013	1	26	8	0	0.014
USC00267369	2013	1	26	9	0	0.013
USC00267369	2013	1	26	12	0	0.013
USC00267369	2013	1	26	13	0	0.015
USC00267369	2013	1	26	14	0	0.016
USC00267369	2013	1	26	17	0	0.002
USC00267369	2013	2	3	5	0	0.001
USC00267369	2013	2	3	6	0	0.001
USC00267369	2013	2	3	7	0	0.001
USC00267369	2013	2	19	23	0	0.008
USC00267369	2013	2	19	24	0	0.012
USC00267369	2013	2	20	1	0	0.008
USC00267369	2013	2	20	4	0	0.006
USC00267369	2013	2	20	5	0	0.032
USC00267369	2013	2	20	6	0	0.019
USC00267369	2013	2	20	7	0	0.034
USC00267369	2013	2	20	8	0	0.03
USC00267369	2013	2	20	9	0	0.008
USC00267369	2013	2	20	10	0	0.01
USC00267369	2013	2	23	23	0	0.008
USC00267369	2013	3	8	5	0	0.002
USC00267369	2013	3	8	6	0	0.003
USC00267369	2013	3	8	7	0	0.007
USC00267369	2013	3	8	8	0	0.015
USC00267369	2013	3	8	9	0	0.009
USC00267369	2013	3	8	10	0	0.002
USC00267369	2013	3	8	11	0	0.012
USC00267369	2013	3	8	12	0	0.032
USC00267369	2013	4	8	17	0	0.001
USC00267369	2013	5	7	14	0	0.003
USC00267369	2013	5	7	15	0	0.001
USC00267369	2013	5	9	13	0	0.006
USC00267369	2013	5	9	14	0	0.005
USC00267369	2013	7	11	5	0	0.004
USC00267369	2013	7	11	6	0	0.009
USC00267369	2013	7	11	9	0	0.006
USC00267369	2013	7	11	10	0	0.006
USC00267369	2013	7	11	11	0	0.005
USC00267369	2013	7	12	10	0	0.134
USC00267369	2013	7	12	11	0	0.15
USC00267369	2013	7	12	12	0	0.266
USC00267369	2013	7	12	13	0	0.232
USC00267369	2013	7	12	14	0	0.049
USC00267369	2013	7	12	15	0	0.406
USC00267369	2013	7	12	16	0	0.036
USC00267369	2013	7	12	17	0	0.014
USC00267369	2013	7	19	23	0	0.002
USC00267369	2013	7	20	12	0	0.001
USC00267369	2013	7	20	13	0	0.001
USC00267369	2013	7	20	22	0	0.002
USC00267369	2013	7	20	23	0	0.153
USC00267369	2013	7	21	1	0	0.007
USC00267369	2013	7	21	2	0	0.006
USC00267369	2013	7	27	3	0	0.048
USC00267369	2013	7	27	4	0	0.048
USC00267369	2013	7	27	13	0	0.011
USC00267369	2013	7	27	14	0	0.057
USC00267369	2013	7	27	15	0	0.059
USC00267369	2013	7	27	16	0	0.003
USC00267369	2013	7	28	11	0	0.001
USC00267369	2013	7	28	12	0	0.007
USC00267369	2013	7	28	13	0	0.008
USC00267369	2013	7	28	14	0	0.004
USC00267369	2013	7	28	15	0	0.003
USC00267369	2013	8	18	17	0	0.014
USC00267369	2013	8	18	18	0	0.056
USC00267369	2013	8	18	19	0	0.007
USC00267369	2013	8	18	24	0	0.004
USC00267369	2013	8	19	1	0	0.033
USC00267369	2013	8	19	2	0	0.103
USC00267369	2013	8	19	3	0	0.104
USC00267369	2013	8	19	4	0	0.049
USC00267369	2013	8	19	17	0	0.036
USC00267369	2013	8	22	14	0	0.01
USC00267369	2013	8	22	15	0	0.008
USC00267369	2013	8	22	16	0	0.003
USC00267369	2013	8	22	18	0	0.001
USC00267369	2013	8	22	19	0	0.013
USC00267369	2013	8	22	20	0	0.002
USC00267369	2013	8	22	21	0	0.001
USC00267369	2013	8	22	22	0	0.005
USC00267369	2013	8	22	23	0	0.014
USC00267369	2013	8	22	24	0	0.028
USC00267369	2013	8	23	1	0	0.039
USC00267369	2013	8	23	2	0	0.055
USC00267369	2013	8	23	3	0	0.04
USC00267369	2013	8	23	4	0	0.007
USC00267369	2013	8	23	14	0	0.002
USC00267369	2013	8	23	18	0	0.001
USC00267369	2013	8	24	11	0	0.025
USC00267369	2013	8	24	12	0	0.032
USC00267369	2013	8	24	13	0	0.028
USC00267369	2013	8	24	17	0	0.001
USC00267369	2013	8	25	12	0	0.004
USC00267369	2013	8	25	13	0	0.082
USC00267369	2013	8	25	14	0	0.059
USC00267369	2013	8	25	15	0	0.013
USC00267369	2013	8	26	2	0	0.01
USC00267369	2013	8	26	3	0	0.008
USC00267369	2013	8	26	4	0	0.012
USC00267369	2013	8	26	5	0	0.003
USC00267369	2013	8	26	7	0	0.007
USC00267369	2013	8	26	8	0	0.003
USC00267369	2013	8	26	9	0	0.01
USC00267369	2013	8	26	10	0	0.015
USC00267369	2013	8	26	11	0	0.01
USC00267369	2013	8	26	12	0	0.032
USC00267369	2013	8	26	13	0	0.052
USC00267369	2013	8	26	14	0	0.017
USC00267369	2013	8	26	15	0	0.005
USC00267369	2013	8	30	8	0	0.002
USC00267369	2013	8	30	13	0	0.001
USC00267369	2013	8	30	14	0	0.008
USC00267369	2013	8	30	17	0	0.004
USC00267369	2013	8	31	12	0	0.003
USC00267369	2013	8	31	13	0	0.099
USC00267369	2013	8	31	14	0	0.048
USC00267369	2013	8	31	15	0	0.005
USC00267369	2013	8	31	20	0	0.003
USC00267369	2013	8	31	21	0	0.031
USC00267369	2013	8	31	22	0	0.166
USC00267369	2013	8	31	23	0	0.19
USC00267369	2013	8	31	24	0	0.117
USC00267369	2013	9	1	1	0	0.104
USC00267369	2013	9	1	2	0	0.06
USC00267369	2013	9	1	3	0	0.026
USC00267369	2013	9	1	4	0	0.008
USC00267369	2013	9	1	5	0	0.002
USC00267369	2013	9	1	6	0	0.001
USC00267369	2013	9	1	7	0	0.004
USC00267369	2013	9	1	8	0	0.004
USC00267369	2013	9	1	12	0	0.004
USC00267369	2013	9	1	13	0	0.037
USC00267369	2013	9	1	14	0	0.008
USC00267369	2013	9	1	15	0	0.001
USC00267369	2013	9	2	23	0	0.003
USC00267369	2013	9	2	24	0	0.012
USC00267369	2013	9	4	14	0	0.004
USC00267369	2013	9	4	15	0	0.094
USC00267369	2013	9	4	16	0	0.168
USC00267369	2013	9	4	17	0	0.208
USC00267369	2013	9	5	14	0	0.012
USC00267369	2013	9	6	15	0	0.006
USC00267369	2013	9	7	2	0	0.002
USC00267369	2013	9	7	3	0	0.001
USC00267369	2013	9	7	12	0	0.001
USC00267369	2013	9	7	23	0	0.001
USC00267369	2013	9	7	24	0	0.004
USC00267369	2013	9	8	1	0	0.001
USC00267369	2013	9	8	5	0	0.002
USC00267369	2013	9	8	6	0	0.002
USC00267369	2013	9	8	7	0	0.002
USC00267369	2013	9	8	8	0	0.014
USC00267369	2013	9	8	20	0	0.006
USC00267369	2013	9	8	21	0	0.002
USC00267369	2013	9	8	22	0	0.002
USC00267369	2013	9	8	23	0	0.003
USC00267369	2013	9	8	24	0	0.01
USC00267369	2013	9	9	12	0	0.019
USC00267369	2013	9	9	13	0	0.003
USC00267369	2013	9	9	19	0	0.005
USC00267369	2013	9	9	20	0	0.055
USC00267369	2013	9	9	21	0	0.022
USC00267369	2013	9	9	23	0	0.001
USC00267369	2013	9	9	24	0	0.002
USC00267369	2013	9	10	2	0	0.006
USC00267369	2013	9	10	3	0	0.002
USC00267369	2013	9	10	4	0	0.004
USC00267369	2013	9	10	5	0	0.01
USC00267369	2013	9	10	6	0	0.003
USC00267369	2013	9	10	7	0	0.002
USC00267369	2013	9	11	6	0	0.01
USC00267369	2013	9	11	7	0	0.019
USC00267369	2013	9	11	9	0	0.003
USC00267369	2013	9	11	15	0	0.023
USC00267369	2013	9	11	16	0	0.066
USC00267369	2013	9	11	18	0	0.004
USC00267369	2013	9	11	19	0	0.106
USC00267369	2013	9	11	20	0	0.014
USC00267369	2013	9	12	1	0	0.008
USC00267369	2013	10	9	19	0	0.003
USC00267369	2013	10	9	20	0	0.002
USC00267369	2013	10	9	21	0	0.004
USC00267369	2013	10	9	22	0	0.004
USC00267369	2013	10	9	23	0	0.007
USC00267369	2013	10	10	3	0	0.001
USC00267369	2013	11	20	9	0	0.010
USC00267369	2013	11	20	11	0	0.010
USC00267369	2013	11	21	13	0	0.010
USC00267369	2013	11	21	21	0	0.200
USC00267369	2013	11	21	24	0	0.010
USC00267369	2013	11	22	2	0	0.030
USC00267369	2013	11	22	3	0	0.080
USC00267369	2013	11	22	4	0	0.020
USC00267369	2013	11	22	5	0	0.060
USC00267369	2013	11	22	6	0	0.050
USC00267369	2013	11	22	7	0	0.030
USC00267369	2013	11	22	8	0	0.020
USC00267369	2013	11	22	9	0	0.020
USC00267369	2013	11	22	10	0	0.020
USC00267369	2013	11	22	11	0	0.020
USC00267369	2013	11	22	21	0	0.010
USC00267369	2013	11	22	22	0	0.020
USC00267369	2013	11	22	23	0	0.010
USC00267369	2013	11	23	1	0	0.020
USC00267369	2013	11	23	2	0	0.030
USC00267369	2013	11	23	3	0	0.010
USC00267369	2013	11	23	4	0	0.020
USC00267369	2013	11	23	5	0	0.010
USC00267369	2013	11	23	8	0	0.010
USC00267369	2013	11	23	9	0	0.020
USC00267369	2013	11	23	10	0	0.020
USC00267369	2013	11	23	12	0	0.010
USC00267369	2013	11	25	13	0	0.010
USC00267369	2013	12	4	1	0	0.010
USC00267369	2013	12	4	2	0	0.030
USC00267369	2013	12	4	11	0	0.010
USC00267369	2013	12	7	12	0	0.010
USC00267369	2013	12	7	14	0	0.010
USC00267369	2013	12	7	15	0	0.010
USC00267369	2013	12	8	11	0	0.010
USC00267369	2013	12	16	12	0	0.010
USC00267369	2013	12	26	13	0	0.010
USC00267369	2013	12	30	13	0	0.010
USC00267369	2014	1	1	11	0	0.010
USC00267369	2014	1	7	11	0	0.010
USC00267369	2014	1	25	10	0	0.010
USC00267369	2014	2	6	9	0	0.002
USC00267369	2014	2	6	16	0	0.01
USC00267369	2014	2	6	17	0	0.01
USC00267369	2014	2	6	18	0	0.032
USC00267369	2014	2	6	19	0	0.02
USC00267369	2014	2	6	20	0	0.026
USC00267369	2014	2	6	21	0	0.022
USC00267369	2014	2	28	6	0	0.006
USC00267369	2014	2	28	9	0	0.002
USC00267369	2014	2	28	14	0	0.002
USC00267369	2014	2	28	15	0	0.031
USC00267369	2014	2	28	16	0	0.015
USC00267369	2014	2	28	17	0	0.024
USC00267369	2014	2	28	20	0	0.002
USC00267369	2014	2	28	22	0	0.001
USC00267369	2014	3	1	18	0	0.001
USC00267369	2014	3	7	9	0	0.010
USC00267369	2014	3	17	13	0	0.010
USC00267369	2014	3	17	14	0	0.020
USC00267369	2014	3	18	8	0	0.010
USC00267369	2014	3	26	16	0	0.020
USC00267369	2014	4	22	19	0	0.020
USC00267369	2014	4	26	10	0	0.010
USC00267369	2014	5	11	4	0	0.020
USC00267369	2014	5	11	9	0	0.020
USC00267369	2014	5	16	13	0	0.010
USC00267369	2014	5	25	14	0	0.010
USC00267369	2014	5	29	14	0	0.010
USC00267369	2014	6	1	13	0	0.010
USC00267369	2014	6	12	15	0	0.010
USC00267369	2014	6	15	10	0	0.010
USC00267369	2014	6	20	14	0	0.010
USC00267369	2014	6	27	14	0	0.010
USC00267369	2014	7	1	11	0	0.010
USC00267369	2014	7	5	9	0	0.010
USC00267369	2014	7	6	13	0	0.010
USC00267369	2014	7	6	14	0	0.370
USC00267369	2014	7	7	12	0	0.010
USC00267369	2014	7	8	9	0	0.010
USC00267369	2014	7	8	17	0	0.040
USC00267369	2014	7	8	18	0	0.010
USC00267369	2014	7	10	15	0	0.160
USC00267369	2014	7	10	16	0	0.190
USC00267369	2014	7	11	8	0	0.010
USC00267369	2014	7	13	12	0	0.010
USC00267369	2014	7	20	13	0	0.010
USC00267369	2014	7	27	13	0	0.010
USC00267369	2014	7	28	11	0	0.010
USC00267369	2014	7	28	16	0	0.210
USC00267369	2014	7	28	17	0	0.030
USC00267369	2014	7	29	9	0	0.010
USC00267369	2014	8	2	5	0	0.040
USC00267369	2014	8	2	6	0	0.020
USC00267369	2014	8	3	1	0	0.030
USC00267369	2014	8	3	10	0	0.140
USC00267369	2014	8	3	15	0	0.010
USC00267369	2014	8	3	20	0	0.090
USC00267369	2014	8	3	21	0	0.020
USC00267369	2014	8	3	22	0	0.030
USC00267369	2014	8	4	17	0	0.020
USC00267369	2014	8	5	14	0	0.010
USC00267369	2014	8	11	9	0	0.010
USC00267369	2014	8	11	21	0	0.040
USC00267369	2014	8	12	17	0	0.070
USC00267369	2014	8	13	15	0	0.010
USC00267369	2014	8	19	11	0	0.020
USC00267369	2014	8	19	12	0	0.020
USC00267369	2014	8	19	13	0	0.010
USC00267369	2014	8	19	17	0	0.010
USC00267369	2014	8	19	18	0	0.090
USC00267369	2014	8	20	11	0	0.010
USC00267369	2014	8	21	11	0	0.090
USC00267369	2014	8	22	13	0	0.010
USC00267369	2014	9	1	8	0	0.010
USC00267369	2014	9	7	10	0	0.010
USC00267369	2014	9	7	16	0	0.010
USC00267369	2014	9	7	17	0	0.090
USC00267369	2014	9	7	18	0	0.050
USC00267369	2014	9	7	20	0	0.010
USC00267369	2014	9	8	11	0	0.070
USC00267369	2014	9	8	12	0	0.090
USC00267369	2014	9	8	13	0	0.090
USC00267369	2014	9	8	14	0	0.060
USC00267369	2014	9	8	16	0	0.030
USC00267369	2014	9	8	17	0	0.020
USC00267369	2014	9	8	18	0	0.060
USC00267369	2014	9	8	20	0	0.010
USC00267369	2014	9	8	21	0	0.050
USC00267369	2014	9	8	22	0	0.010
USC00267369	2014	9	9	12	0	0.010
USC00267369	2014	9	10	13	0	0.010
USC00267369	2014	9	16	10	0	0.010
USC00267369	2014	9	16	19	0	0.140
USC00267369	2014	9	17	11	0	0.010
USC00267369	2014	9	26	9	0	0.010
USC00267369	2014	9	26	14	0	0.030
USC00267369	2014	9	26	17	0	0.080
USC00267369	2014	9	27	13	0	0.010
USC00267369	2014	9	29	13	0	0.010
USC00267369	2014	10	1	11	0	0.010
USC00267369	2014	10	3	9	0	0.010
USC00267369	2014	10	10	14	0	0.010
USC00267369	2014	10	19	11	0	0.010
USC00267369	2014	10	22	12	0	0.010
USC00267369	2014	11	16	10	0	0.040
USC00267369	2014	11	16	11	0	0.020
USC00267369	2014	12	2	15	0	0.010
USC00267369	2014	12	2	16	0	0.010
USC00267369	2014	12	2	19	0	0.010
USC00267369	2014	12	2	20	0	0.080
USC00267369	2014	12	2	21	0	0.020
USC00267369	2014	12	2	24	0	0.020
USC00267369	2014	12	3	2	0	0.010
USC00267369	2014	12	3	3	0	0.010
USC00267369	2014	12	3	4	0	0.010
USC00267369	2014	12	3	5	0	0.010
USC00267369	2014	12	3	6	0	0.020
USC00267369	2014	12	3	21	0	0.010
USC00267369	2014	12	3	23	0	0.010
USC00267369	2014	12	4	3	0	0.010
USC00267369	2014	12	4	11	0	0.010
USC00267369	2014	12	8	12	0	0.010
USC00267369	2014	12	12	13	0	0.010
USC00267369	2014	12	12	14	0	0.170
USC00267369	2014	12	12	15	0	0.110
USC00267369	2014	12	12	16	0	0.110
USC00267369	2014	12	12	17	0	0.080
USC00267369	2014	12	16	10	0	0.010
USC00267369	2014	12	17	18	0	0.030
USC00267369	2014	12	17	19	0	0.010
USC00267369	2014	12	22	13	0	0.010
USC00267369	2014	12	25	12	0	0.020
USC00267369	2014	12	25	13	0	0.010
USC00267369	2014	12	30	13	0	0.010
USC00267369	2014	12	31	1	0	0.030
USC00267369	2014	12	31	5	0	0.040
USC00267369	2014	12	31	9	0	0.020
USC00267369	2015	1	2	10	0	0.010
USC00267369	2015	1	11	5	0	0.001
USC00267369	2015	1	11	6	0	0.003
USC00267369	2015	1	11	13	0	0.002
USC00267369	2015	1	11	17	0	0.001
USC00267369	2015	1	11	23	0	0.001
USC00267369	2015	1	11	24	0	0.001
USC00267369	2015	1	26	16	0	0.021
USC00267369	2015	1	26	17	0	0.01
USC00267369	2015	1	26	19	0	0.015
USC00267369	2015	1	26	20	0	0.019
USC00267369	2015	1	26	21	0	0.089
USC00267369	2015	1	26	22	0	0.007
USC00267369	2015	1	26	23	0	0.139
USC00267369	2015	1	26	24	0	0.066
USC00267369	2015	1	27	1	0	0.002
USC00267369	2015	1	27	2	0	0.025
USC00267369	2015	1	27	3	0	0.016
USC00267369	2015	1	29	23	0	0.004
USC00267369	2015	1	29	24	0	0.004
USC00267369	2015	1	30	3	0	0.007
USC00267369	2015	1	30	4	0	0.005
USC00267369	2015	1	30	6	0	0.022
USC00267369	2015	1	30	7	0	0.038
USC00267369	2015	1	30	8	0	0.034
USC00267369	2015	1	30	9	0	0.095
USC00267369	2015	1	30	10	0	0.066
USC00267369	2015	1	30	11	0	0.004
USC00267369	2015	1	30	12	0	0.004
USC00267369	2015	1	30	13	0	0.003
USC00267369	2015	1	30	18	0	0.008
USC00267369	2015	1	30	19	0	0.008
USC00267369	2015	1	30	21	0	0.008
USC00267369	2015	1	31	8	0	0.010
USC00267369	2015	2	1	8	0	0.030
USC00267369	2015	2	13	14	0	0.010
USC00267369	2015	2	22	15	0	0.010
USC00267369	2015	2	22	19	0	0.010
USC00267369	2015	2	22	21	0	0.050
USC00267369	2015	2	23	1	0	0.050
USC00267369	2015	2	23	2	0	0.060
USC00267369	2015	2	23	3	0	0.030
USC00267369	2015	2	23	4	0	0.040
USC00267369	2015	2	23	9	0	0.050
USC00267369	2015	2	24	17	0	0.010
USC00267369	2015	3	1	13	0	0.010
USC00267369	2015	3	1	14	0	0.040
USC00267369	2015	3	1	15	0	0.030
USC00267369	2015	3	1	16	0	0.070
USC00267369	2015	3	1	17	0	0.030
USC00267369	2015	3	1	18	0	0.040
USC00267369	2015	3	1	19	0	0.060
USC00267369	2015	3	1	20	0	0.050
USC00267369	2015	3	1	21	0	0.040
USC00267369	2015	3	1	23	0	0.020
USC00267369	2015	3	1	24	0	0.040
USC00267369	2015	3	2	1	0	0.040
USC00267369	2015	3	2	2	0	0.010
USC00267369	2015	3	2	3	0	0.030
USC00267369	2015	3	2	4	0	0.020
USC00267369	2015	3	2	5	0	0.010
USC00267369	2015	3	2	7	0	0.010
USC00267369	2015	3	2	10	0	0.080
USC00267369	2015	3	2	11	0	0.030
USC00267369	2015	3	3	8	0	0.010
USC00267369	2015	3	3	13	0	0.080
USC00267369	2015	3	3	14	0	0.010
USC00267369	2015	3	3	19	0	0.040
USC00267369	2015	3	3	20	0	0.010
USC00267369	2015	3	6	12	0	0.010
USC00267369	2015	3	20	10	0	0.010
USC00267369	2015	3	27	11	0	0.010
USC00267369	2015	4	23	9	0	0.010
USC00267369	2015	4	23	18	0	0.050
USC00267369	2015	4	23	19	0	0.110
USC00267369	2015	4	25	19	0	0.010
USC00267369	2015	4	29	14	0	0.010
USC00267369	2015	5	1	13	0	0.010
USC00267369	2015	5	4	15	0	0.250
USC00267369	2015	5	4	16	0	0.070
USC00267369	2015	5	4	17	0	0.060
USC00267369	2015	5	9	20	0	0.010
USC00267369	2015	5	25	13	0	0.010
USC00267369	2015	6	12	20	0	0.004
USC00267369	2015	6	13	12	0	0.004
USC00267369	2015	6	13	13	0	0.004
USC00267369	2015	7	1	1	0	0.007
USC00267369	2015	7	1	24	0	0.022
USC00267369	2015	7	2	1	0	0.011
USC00267369	2015	7	4	11	0	0.02
USC00267369	2015	7	5	11	0	0.001
USC00267369	2015	7	5	14	0	0.001
USC00267369	2015	7	5	15	0	0.003
USC00267369	2015	7	5	16	0	0.01
USC00267369	2015	7	5	17	0	0.013
USC00267369	2015	7	5	21	0	0.003
USC00267369	2015	7	5	22	0	0.001
USC00267369	2015	7	6	11	0	0.042
USC00267369	2015	7	6	12	0	0.029
USC00267369	2015	7	6	13	0	0.004
USC00267369	2015	7	6	21	0	0.001
USC00267369	2015	7	7	13	0	0.014
USC00267369	2015	7	7	14	0	0.109
USC00267369	2015	7	7	15	0	0.099
USC00267369	2015	7	7	16	0	0.042
USC00267369	2015	7	17	17	0	0.093
USC00267369	2015	7	17	20	0	0.177
USC00267369	2015	7	17	21	0	0.016
USC00267369	2015	7	17	22	0	0.009
USC00267369	2015	7	17	24	0	0.034
USC00267369	2015	7	18	1	0	0.03
USC00267369	2015	7	18	2	0	0.03
USC00267369	2015	7	18	3	0	0.033
USC00267369	2015	7	18	10	0	0.001
USC00267369	2015	7	18	11	0	0.001
USC00267369	2015	7	18	12	0	0.001
USC00267369	2015	7	18	13	0	0.001
USC00267369	2015	7	18	19	0	0.001
USC00267369	2015	7	19	7	0	0.003
USC00267369	2015	7	19	12	0	0.003
USC00267369	2015	7	19	17	0	0.003
USC00267369	2015	7	19	19	0	0.003
USC00267369	2015	7	19	24	0	0.002
USC00267369	2015	7	20	1	0	0.002
USC00267369	2015	7	20	3	0	0.002
USC00267369	2015	7	20	4	0	0.001
USC00267369	2015	7	20	6	0	0.012
USC00267369	2015	7	20	12	0	0.091
USC00267369	2015	7	20	13	0	0.013
USC00267369	2015	7	24	5	0	0.004
USC00267369	2015	7	24	6	0	0.002
USC00267369	2015	7	24	7	0	0.002
USC00267369	2015	7	24	8	0	0.004
USC00267369	2015	7	24	9	0	0.002
USC00267369	2015	7	24	10	0	0.002
USC00267369	2015	7	24	11	0	0.002
USC00267369	2015	7	24	12	0	0.002
USC00267369	2015	7	24	13	0	0.002
USC00267369	2015	7	24	14	0	0.002
USC00267369	2015	7	24	15	0	0.002
USC00267369	2015	7	24	16	0	0.002
USC00267369	2015	7	24	17	0	0.002
USC00267369	2015	7	24	18	0	0.002
USC00267369	2015	7	24	19	0	0.004
USC00267369	2015	7	24	20	0	0.002
USC00267369	2015	7	29	14	0	0.004
USC00267369	2015	7	29	15	0	0.025
USC00267369	2015	7	29	16	0	0.003
USC00267369	2015	7	30	19	0	0.001
USC00267369	2015	7	30	20	0	0.013
USC00267369	2015	7	30	21	0	0.001
USC00267369	2015	8	6	16	0	0.043
USC00267369	2015	8	6	17	0	0.108
USC00267369	2015	8	6	18	0	0.023
USC00267369	2015	8	6	21	0	0.001
USC00267369	2015	8	6	22	0	0.015
USC00267369	2015	8	6	23	0	0.009
USC00267369	2015	8	6	24	0	0.025
USC00267369	2015	8	7	3	0	0.002
USC00267369	2015	8	9	9	0	0.01
USC00267369	2015	8	13	16	0	0.002
USC00267369	2015	8	13	17	0	0.037
USC00267369	2015	8	13	18	0	0.037
USC00267369	2015	8	13	20	0	0.008
USC00267369	2015	8	13	21	0	0.001
USC00267369	2015	8	14	14	0	0.004
USC00267369	2015	8	25	9	0	0.003
USC00267369	2015	8	25	11	0	0.003
USC00267369	2015	8	26	8	0	0.013
USC00267369	2015	8	26	9	0	0.001
USC00267369	2015	8	27	13	0	0.011
USC00267369	2015	8	28	12	0	0.007
USC00267369	2015	8	28	13	0	0.02
USC00267369	2015	8	28	16	0	0.15
USC00267369	2015	8	28	17	0	0.001
USC00267369	2015	9	8	14	0	0.001
USC00267369	2015	9	8	19	0	0.009
USC00267369	2015	9	8	20	0	0.003
USC00267369	2015	9	10	18	0	0.009
USC00267369	2015	9	12	21	0	0.002
USC00267369	2015	9	14	14	0	0.002
USC00267369	2015	9	14	15	0	0.004
USC00267369	2015	9	14	17	0	0.007
USC00267369	2015	9	15	11	0	0.008
USC00267369	2015	9	15	12	0	0.01
USC00267369	2015	9	15	13	0	0.008
USC00267369	2015	9	15	14	0	0.015
USC00267369	2015	9	15	15	0	0.007
USC00267369	2015	9	15	16	0	0.003
USC00267369	2015	10	2	11	0	0.010
USC00267369	2015	10	5	5	0	0.050
USC00267369	2015	10	5	6	0	0.060
USC00267369	2015	10	5	7	0	0.010
USC00267369	2015	10	5	9	0	0.030
USC00267369	2015	10	5	11	0	0.010
USC00267369	2015	10	5	14	0	0.160
USC00267369	2015	10	5	15	0	0.200
USC00267369	2015	10	5	16	0	0.120
USC00267369	2015	10	5	17	0	0.040
USC00267369	2015	10	5	18	0	0.030
USC00267369	2015	10	5	19	0	0.020
USC00267369	2015	10	5	20	0	0.080
USC00267369	2015	10	5	21	0	0.140
USC00267369	2015	10	5	22	0	0.040
USC00267369	2015	10	8	12	0	0.010
USC00267369	2015	10	16	6	0	0.080
USC00267369	2015	10	16	7	0	0.010
USC00267369	2015	10	18	3	0	0.010
USC00267369	2015	10	18	16	0	0.040
USC00267369	2015	10	18	17	0	0.030
USC00267369	2015	10	26	13	0	0.010
USC00267369	2015	10	30	9	0	0.010
USC00267369	2015	10	30	10	0	0.010
USC00267369	2015	11	4	8	0	0.040
USC00267369	2015	11	4	9	0	0.020
USC00267369	2015	11	4	10	0	0.030
USC00267369	2015	11	4	11	0	0.010
USC00267369	2015	11	15	18	0	0.100
USC00267369	2015	11	15	19	0	0.120
USC00267369	2015	11	16	4	0	0.030
USC00267369	2015	11	16	5	0	0.040
USC00267369	2015	12	1	9	0	0.010
USC00267369	2015	12	12	12	0	0.010
USC00267369	2015	12	12	16	0	0.030
USC00267369	2015	12	13	11	0	0.010
USC00267369	2015	12	13	15	0	0.020
USC00267369	2015	12	13	24	0	0.010
USC00267369	2015	12	14	12	0	0.010
USC00267369	2015	12	14	13	0	0.010
USC00267369	2015	12	14	14	0	0.010
USC00267369	2015	12	18	12	0	0.010
USC00267369	2015	12	20	2	0	0.040
USC00267369	2015	12	26	3	0	0.050
USC00267369	2015	12	26	8	0	0.010
USC00267369	2015	12	26	11	0	0.030
USC00267369	2015	12	26	14	0	0.020
USC00267369	2015	12	26	17	0	0.050
USC00267369	2015	12	26	18	0	0.050
USC00267369	2015	12	27	11	0	0.010
USC00267369	2015	12	31	15	0	0.020
USC00267369	2015	12	31	21	0	0.020
