USC00046115	1990	1	2	12	0	0.075
USC00046115	1990	1	2	16	0	0.150
USC00046115	1990	1	2	20	0	0.075
USC00046115	1990	1	2	21	0	0.150
USC00046115	1990	1	2	23	0	0.075
USC00046115	1990	1	17	7	0	0.075
USC00046115	1990	1	17	8	0	0.075
USC00046115	1990	1	17	9	0	0.150
USC00046115	1990	1	17	11	0	0.075
USC00046115	1990	2	18	19	0	0.100
USC00046115	1990	2	24	14	0	0.100
USC00046115	1990	3	31	10	0	0.100
USC00046115	1990	5	27	7	0	0.100
USC00046115	1990	5	27	14	0	0.100
USC00046115	1990	5	27	16	0	0.400
USC00046115	1990	5	27	17	0	0.100
USC00046115	1990	7	13	22	0	0.300
USC00046115	1990	7	13	23	0	0.400
USC00046115	1990	7	14	1	0	0.100
USC00046115	1990	7	15	3	0	0.100
USC00046115	1990	7	15	4	0	0.100
USC00046115	1990	8	11	21	0	0.200
USC00046115	1990	8	12	4	0	0.300
USC00046115	1990	9	3	18	0	0.500
USC00046115	1990	9	3	20	0	0.100
USC00046115	1990	9	3	21	0	0.100
USC00046115	1990	9	3	22	0	0.100
USC00046115	1990	9	5	8	0	0.100
USC00046115	1990	9	21	2	0	0.300
USC00046115	1990	9	21	18	0	0.100
USC00046115	1990	10	1	14	0	0.100
USC00046115	1991	1	3	18	0	0.100
USC00046115	1991	1	3	21	0	0.200
USC00046115	1991	1	3	22	0	0.100
USC00046115	1991	1	3	23	0	0.100
USC00046115	1991	1	4	0	0	0.100
USC00046115	1991	1	4	1	0	0.100
USC00046115	1991	1	4	2	0	0.100
USC00046115	1991	1	4	4	0	0.100
USC00046115	1991	1	5	2	0	0.100
USC00046115	1991	1	5	6	0	0.100
USC00046115	1991	1	21	2	0	0.100
USC00046115	1991	2	27	21	0	0.100
USC00046115	1991	2	27	22	0	0.100
USC00046115	1991	2	27	24	0	0.100
USC00046115	1991	2	28	8	0	0.100
USC00046115	1991	3	1	11	0	0.100
USC00046115	1991	3	1	12	0	0.100
USC00046115	1991	3	13	11	0	0.100
USC00046115	1991	3	15	11	0	0.100
USC00046115	1991	3	15	16	0	0.100
USC00046115	1991	3	19	6	0	0.100
USC00046115	1991	3	20	13	0	0.100
USC00046115	1991	3	20	17	0	0.200
USC00046115	1991	3	26	6	0	0.100
USC00046115	1991	3	26	7	0	0.100
USC00046115	1991	3	26	9	0	0.100
USC00046115	1991	3	27	8	0	0.200
USC00046115	1991	3	27	13	0	0.100
USC00046115	1991	3	27	14	0	0.200
USC00046115	1991	3	27	15	0	0.300
USC00046115	1991	3	27	16	0	0.100
USC00046115	1991	8	11	11	0	0.100
USC00046115	1991	9	5	14	0	0.100
USC00046115	1991	9	5	15	0	0.400
USC00046115	1991	9	6	12	0	0.100
USC00046115	1991	9	27	10	0	0.100
USC00046115	1991	11	14	21	0	0.100
USC00046115	1991	11	14	22	0	0.100
USC00046115	1991	11	15	3	0	0.100
USC00046115	1991	11	15	7	0	0.100
USC00046115	1991	12	11	2	0	0.100
USC00046115	1991	12	11	3	0	0.100
USC00046115	1991	12	19	7	0	0.100
USC00046115	1991	12	19	8	0	0.100
USC00046115	1991	12	19	9	0	0.300
USC00046115	1991	12	19	10	0	0.100
USC00046115	1991	12	30	13	0	0.100
USC00046115	1992	1	3	11	0	0.100
USC00046115	1992	1	3	12	0	0.100
USC00046115	1992	1	3	14	0	0.100
USC00046115	1992	1	5	20	0	0.100
USC00046115	1992	1	5	21	0	0.100
USC00046115	1992	1	6	0	0	0.100
USC00046115	1992	2	6	21	0	0.100
USC00046115	1992	2	7	1	0	0.100
USC00046115	1992	2	10	4	0	0.200
USC00046115	1992	2	12	22	0	0.100
USC00046115	1992	2	13	0	0	0.100
USC00046115	1992	2	13	3	0	0.200
USC00046115	1992	2	13	4	0	0.100
USC00046115	1992	2	13	5	0	0.100
USC00046115	1992	2	14	11	0	0.100
USC00046115	1992	2	15	17	0	0.200
USC00046115	1992	2	15	18	0	0.100
USC00046115	1992	3	2	10	0	0.100
USC00046115	1992	3	2	12	0	0.200
USC00046115	1992	3	2	16	0	0.200
USC00046115	1992	3	2	18	0	0.100
USC00046115	1992	3	7	14	0	0.100
USC00046115	1992	3	7	15	0	0.100
USC00046115	1992	3	7	19	0	0.100
USC00046115	1992	3	7	20	0	0.200
USC00046115	1992	3	7	21	0	0.100
USC00046115	1992	3	8	0	0	0.100
USC00046115	1992	3	8	14	0	0.100
USC00046115	1992	3	8	21	0	0.100
USC00046115	1992	3	8	22	0	0.100
USC00046115	1992	3	20	20	0	0.100
USC00046115	1992	3	20	21	0	0.100
USC00046115	1992	3	20	22	0	0.100
USC00046115	1992	3	26	19	0	0.100
USC00046115	1992	3	26	21	0	0.100
USC00046115	1992	3	26	22	0	0.100
USC00046115	1992	3	27	4	0	0.100
USC00046115	1992	3	27	11	0	0.100
USC00046115	1992	3	27	12	0	0.400
USC00046115	1992	3	27	13	0	0.100
USC00046115	1992	3	27	16	0	0.100
USC00046115	1992	3	27	21	0	0.100
USC00046115	1992	3	28	0	0	0.100
USC00046115	1992	3	30	21	0	0.100
USC00046115	1992	5	30	21	0	0.100
USC00046115	1992	7	30	23	0	0.299
USC00046115	1992	7	31	0	0	0.150
USC00046115	1992	7	31	11	0	0.075
USC00046115	1992	8	3	21	0	0.118
USC00046115	1992	8	5	14	0	0.591
USC00046115	1992	8	31	23	0	1.347
USC00046115	1992	10	23	23	0	0.100
USC00046115	1992	10	24	0	0	0.500
USC00046115	1992	10	24	1	0	0.100
USC00046115	1992	10	24	10	0	0.100
USC00046115	1992	10	24	12	0	0.200
USC00046115	1992	10	28	4	0	0.100
USC00046115	1992	12	4	2	0	0.100
USC00046115	1992	12	7	16	0	0.100
USC00046115	1992	12	7	17	0	0.100
USC00046115	1992	12	7	19	0	0.100
USC00046115	1992	12	7	20	0	0.100
USC00046115	1992	12	7	21	0	0.100
USC00046115	1992	12	27	17	0	0.100
USC00046115	1992	12	27	18	0	0.100
USC00046115	1992	12	27	19	0	0.100
USC00046115	1992	12	27	20	0	0.100
USC00046115	1992	12	27	21	0	0.100
USC00046115	1992	12	27	22	0	0.100
USC00046115	1992	12	27	23	0	0.100
USC00046115	1992	12	28	0	0	0.100
USC00046115	1992	12	28	1	0	0.100
USC00046115	1993	1	6	13	0	0.100
USC00046115	1993	1	6	16	0	0.100
USC00046115	1993	1	6	18	0	0.100
USC00046115	1993	1	6	19	0	0.100
USC00046115	1993	1	7	1	0	0.100
USC00046115	1993	1	7	11	0	0.100
USC00046115	1993	1	7	15	0	0.100
USC00046115	1993	1	8	1	0	0.100
USC00046115	1993	1	8	3	0	0.100
USC00046115	1993	1	8	4	0	0.100
USC00046115	1993	1	10	6	0	0.100
USC00046115	1993	1	10	9	0	0.100
USC00046115	1993	1	10	17	0	0.100
USC00046115	1993	1	10	21	0	0.200
USC00046115	1993	1	10	22	0	0.100
USC00046115	1993	1	10	23	0	0.100
USC00046115	1993	1	13	3	0	0.100
USC00046115	1993	1	15	20	0	0.100
USC00046115	1993	1	15	23	0	0.100
USC00046115	1993	1	16	8	0	0.100
USC00046115	1993	1	16	11	0	0.100
USC00046115	1993	1	16	20	0	0.200
USC00046115	1993	1	16	22	0	0.100
USC00046115	1993	1	17	3	0	0.100
USC00046115	1993	1	17	5	0	0.100
USC00046115	1993	1	19	17	0	0.100
USC00046115	1993	1	30	14	0	0.100
USC00046115	1993	1	30	16	0	0.100
USC00046115	1993	1	30	17	0	0.200
USC00046115	1993	2	8	1	0	0.100
USC00046115	1993	2	8	3	0	0.100
USC00046115	1993	2	8	4	0	0.100
USC00046115	1993	2	8	5	0	0.100
USC00046115	1993	2	8	6	0	0.100
USC00046115	1993	2	8	9	0	0.100
USC00046115	1993	2	8	11	0	0.100
USC00046115	1993	2	8	13	0	0.100
USC00046115	1993	2	8	19	0	0.100
USC00046115	1993	2	8	20	0	0.200
USC00046115	1993	2	9	1	0	0.100
USC00046115	1993	2	19	1	0	0.100
USC00046115	1993	2	19	11	0	0.100
USC00046115	1993	2	19	22	0	0.400
USC00046115	1993	2	19	23	0	0.100
USC00046115	1993	2	23	22	0	0.100
USC00046115	1993	2	27	5	0	0.100
USC00046115	1993	2	27	6	0	0.100
USC00046115	1993	2	27	7	0	0.100
USC00046115	1993	2	27	10	0	0.100
USC00046115	1993	2	28	12	0	0.100
USC00046115	1993	3	26	11	0	0.200
USC00046115	1993	3	26	12	0	0.100
USC00046115	1993	3	26	13	0	0.100
USC00046115	1993	3	26	15	0	0.100
USC00046115	1993	3	26	22	0	0.200
USC00046115	1993	3	28	15	0	0.100
USC00046115	1993	3	28	16	0	0.100
USC00046115	1993	3	29	10	0	0.100
USC00046115	1993	5	16	18	0	0.300
USC00046115	1993	8	25	3	0	0.100
USC00046115	1993	8	29	16	0	0.100
USC00046115	1993	10	6	5	0	0.075
USC00046115	1993	10	10	7	0	0.100
USC00046115	1993	11	14	13	0	0.100
USC00046115	1994	1	25	6	0	0.100
USC00046115	1994	2	4	14	0	0.075
USC00046115	1994	2	7	13	0	0.075
USC00046115	1994	2	7	15	0	0.075
USC00046115	1994	2	17	20	0	0.075
USC00046115	1994	3	7	7	0	0.075
USC00046115	1994	3	7	8	0	0.225
USC00046115	1994	3	7	9	0	0.150
USC00046115	1994	3	19	11	0	0.150
USC00046115	1994	3	19	16	0	0.075
USC00046115	1994	3	19	17	0	0.150
USC00046115	1994	3	25	10	0	0.075
USC00046115	1994	3	25	12	0	0.075
USC00046115	1994	3	26	3	0	0.150
USC00046115	1994	3	26	4	0	0.075
USC00046115	1994	3	26	5	0	0.075
USC00046115	1994	8	8	3	0	0.100
USC00046115	1994	10	15	9	0	0.100
USC00046115	1994	10	16	13	0	0.100
USC00046115	1994	11	4	12	0	0.100
USC00046115	1994	11	11	20	0	0.100
USC00046115	1994	11	11	21	0	0.100
USC00046115	1994	11	12	1	0	0.100
USC00046115	1994	12	5	13	0	0.100
USC00046115	1994	12	24	8	0	0.100
USC00046115	1994	12	24	13	0	0.100
USC00046115	1994	12	25	2	0	0.100
USC00046115	1994	12	25	8	0	0.200
USC00046115	1994	12	25	9	0	0.100
USC00046115	1994	12	25	11	0	0.300
USC00046115	1994	12	25	14	0	0.100
USC00046115	1994	12	25	15	0	0.100
USC00046115	1994	12	25	17	0	0.100
USC00046115	1994	12	30	1	0	0.100
USC00046115	1995	1	3	17	0	0.100
USC00046115	1995	1	4	14	0	0.100
USC00046115	1995	1	4	17	0	0.100
USC00046115	1995	1	4	18	0	0.200
USC00046115	1995	1	4	19	0	0.100
USC00046115	1995	1	4	20	0	0.100
USC00046115	1995	1	4	21	0	0.100
USC00046115	1995	1	4	23	0	0.100
USC00046115	1995	1	10	20	0	0.100
USC00046115	1995	1	11	9	0	0.100
USC00046115	1995	1	12	10	0	0.100
USC00046115	1995	1	25	8	0	0.075
USC00046115	1995	1	25	9	0	0.075
USC00046115	1995	1	25	10	0	0.075
USC00046115	1995	1	25	11	0	0.150
USC00046115	1995	1	25	12	0	0.075
USC00046115	1995	1	25	13	0	0.225
USC00046115	1995	1	25	14	0	0.225
USC00046115	1995	1	25	15	0	0.225
USC00046115	1995	1	25	16	0	0.150
USC00046115	1995	1	25	17	0	0.075
USC00046115	1995	1	25	18	0	0.299
USC00046115	1995	1	25	19	0	0.075
USC00046115	1995	1	25	20	0	0.075
USC00046115	1995	1	26	2	0	0.075
USC00046115	1995	2	14	10	0	0.075
USC00046115	1995	2	14	11	0	0.075
USC00046115	1995	2	14	14	0	0.075
USC00046115	1995	2	14	19	0	0.075
USC00046115	1995	2	14	23	0	0.150
USC00046115	1995	2	15	0	0	0.150
USC00046115	1995	2	15	3	0	0.225
USC00046115	1995	2	21	11	0	0.075
USC00046115	1995	3	6	0	0	0.100
USC00046115	1995	3	11	8	0	0.100
USC00046115	1995	4	4	15	0	0.100
USC00046115	1995	4	17	1	0	0.100
USC00046115	1995	4	18	19	0	0.100
USC00046115	1995	8	15	21	0	0.299
USC00046115	1995	8	15	22	0	0.225
USC00046115	1995	9	23	7	0	0.100
USC00046115	1996	2	2	11	0	0.100
USC00046115	1996	2	13	13	0	0.100
USC00046115	1996	2	16	13	0	0.100
USC00046115	1996	2	23	13	0	0.100
USC00046115	1996	7	27	10	0	0.100
USC00046115	1996	11	21	21	0	0.200
USC00046115	1996	11	21	23	0	0.100
USC00046115	1996	11	21	24	0	0.100
USC00046115	1996	11	22	4	0	0.100
USC00046115	1997	1	12	17	0	0.100
USC00046115	1997	1	13	8	0	0.100
USC00046115	1997	1	26	1	0	0.100
USC00046115	1997	1	26	17	0	0.400
USC00046115	1997	1	26	18	0	0.200
USC00046115	1997	4	8	12	0	0.100
USC00046115	1997	4	15	13	0	0.100
USC00046115	1997	4	27	14	0	0.100
USC00046115	1997	6	6	14	0	0.100
USC00046115	1997	7	24	9	0	0.100
USC00046115	1997	8	9	1	0	0.075
USC00046115	1997	8	9	5	0	0.075
USC00046115	1997	8	9	6	0	0.075
USC00046115	1997	9	9	2	0	0.225
USC00046115	1997	9	9	3	0	0.075
USC00046115	1997	9	25	5	0	0.100
USC00046115	1997	9	25	15	0	0.200
USC00046115	1997	9	25	16	0	0.300
USC00046115	1997	9	25	17	0	0.300
USC00046115	1997	9	25	18	0	0.200
USC00046115	1997	9	25	19	0	0.100
USC00046115	1997	9	25	21	0	0.100
USC00046115	1997	11	13	17	0	0.100
USC00046115	1997	11	13	18	0	0.100
USC00046115	1997	12	6	24	0	0.075
USC00046115	1997	12	7	2	0	0.075
USC00046115	1997	12	21	12	0	0.075
USC00046115	1997	12	21	19	0	0.075
USC00046115	1997	12	21	21	0	0.075
USC00046115	1997	12	21	22	0	0.075
USC00046115	1997	12	21	23	0	0.150
USC00046115	1997	12	22	2	0	0.150
USC00046115	1997	12	22	5	0	0.075
USC00046115	1997	12	22	6	0	0.075
USC00046115	1997	12	22	9	0	0.075
USC00046115	1998	1	9	18	0	0.075
USC00046115	1998	1	9	21	0	0.075
USC00046115	1998	1	10	6	0	0.075
USC00046115	1998	1	10	10	0	0.075
USC00046115	1998	2	3	17	0	0.075
USC00046115	1998	2	3	18	0	0.150
USC00046115	1998	2	3	19	0	0.150
USC00046115	1998	2	3	20	0	0.150
USC00046115	1998	2	3	22	0	0.075
USC00046115	1998	2	4	1	0	0.075
USC00046115	1998	2	4	2	0	0.150
USC00046115	1998	2	4	3	0	0.075
USC00046115	1998	2	8	7	0	0.075
USC00046115	1998	2	8	8	0	0.075
USC00046115	1998	2	8	10	0	0.075
USC00046115	1998	2	14	17	0	0.075
USC00046115	1998	2	14	19	0	0.075
USC00046115	1998	2	14	20	0	0.075
USC00046115	1998	2	14	21	0	0.225
USC00046115	1998	2	14	22	0	0.150
USC00046115	1998	2	14	23	0	0.075
USC00046115	1998	2	17	10	0	0.075
USC00046115	1998	2	17	11	0	0.075
USC00046115	1998	2	17	14	0	0.075
USC00046115	1998	2	17	15	0	0.075
USC00046115	1998	2	17	16	0	0.075
USC00046115	1998	2	19	19	0	0.075
USC00046115	1998	2	20	5	0	0.075
USC00046115	1998	2	20	7	0	0.075
USC00046115	1998	2	20	8	0	0.075
USC00046115	1998	2	20	9	0	0.150
USC00046115	1998	2	20	10	0	0.150
USC00046115	1998	2	20	11	0	0.075
USC00046115	1998	3	2	10	0	0.100
USC00046115	1998	3	3	15	0	0.100
USC00046115	1998	3	24	16	0	0.100
USC00046115	1998	3	25	22	0	0.100
USC00046115	1998	3	25	23	0	0.100
USC00046115	1998	3	26	0	0	0.100
USC00046115	1998	3	28	11	0	0.100
USC00046115	1998	3	28	14	0	0.100
USC00046115	1998	7	21	7	0	0.075
USC00046115	1998	7	22	13	0	0.150
USC00046115	1998	7	22	14	0	1.048
USC00046115	1998	7	23	7	0	0.075
USC00046115	1998	8	24	10	0	0.075
USC00046115	1998	9	4	1	0	0.150
USC00046115	1998	9	4	2	0	0.150
USC00046115	1998	9	4	4	0	0.150
USC00046115	1998	9	4	5	0	0.225
USC00046115	1998	9	4	6	0	0.075
USC00046115	1998	9	9	19	0	0.075
USC00046115	1998	11	28	15	0	0.150
USC00046115	1998	12	6	7	0	0.075
USC00046115	1999	2	4	16	0	0.075
USC00046115	1999	2	4	17	0	0.075
USC00046115	1999	2	4	18	0	0.075
USC00046115	1999	2	4	19	0	0.075
USC00046115	1999	2	4	20	0	0.075
USC00046115	1999	2	4	21	0	0.075
USC00046115	1999	4	12	17	0	0.075
USC00046115	1999	4	12	18	0	0.075
USC00046115	1999	4	13	0	0	0.075
USC00046115	1999	4	13	2	0	0.075
USC00046115	1999	4	13	3	0	0.075
USC00046115	1999	4	30	13	0	0.118
USC00046115	1999	7	7	4	0	0.400
USC00046115	1999	7	12	10	0	0.100
USC00046115	1999	7	13	7	0	0.100
USC00046115	1999	7	15	8	0	0.100
USC00046115	1999	7	31	12	0	0.100
USC00046115	1999	9	14	9	0	0.100
USC00046115	1999	9	22	7	0	0.100
USC00046115	1999	9	22	8	0	0.100
USC00046115	1999	9	22	9	0	0.100
USC00046115	1999	9	22	13	0	0.100
USC00046115	2000	2	21	11	0	0.100
USC00046115	2000	2	23	23	0	0.100
USC00046115	2000	3	5	20	0	0.300
USC00046115	2000	3	5	21	0	0.200
USC00046115	2000	3	28	11	0	0.100
USC00046115	2000	6	22	22	0	0.800
USC00046115	2000	6	22	23	0	0.100
USC00046115	2000	6	22	24	0	0.100
USC00046115	2000	8	16	17	0	0.100
USC00046115	2000	8	27	11	0	0.100
USC00046115	2000	8	29	9	0	0.100
USC00046115	2000	8	29	13	0	0.100
USC00046115	2000	10	22	2	0	0.100
USC00046115	2000	10	22	3	0	0.100
USC00046115	2000	10	22	12	0	0.100
USC00046115	2000	10	23	9	0	0.100
USC00046115	2000	10	23	10	0	0.100
USC00046115	2000	10	23	11	0	0.100
USC00046115	2000	11	1	15	0	0.100
USC00046115	2001	1	9	6	0	0.100
USC00046115	2001	1	11	12	0	0.100
USC00046115	2001	1	11	14	0	0.100
USC00046115	2001	1	11	15	0	0.100
USC00046115	2001	1	11	21	0	0.100
USC00046115	2001	1	15	16	0	0.100
USC00046115	2001	1	15	17	0	0.200
USC00046115	2001	1	15	19	0	0.100
USC00046115	2001	1	15	21	0	0.100
USC00046115	2001	1	16	6	0	0.100
USC00046115	2001	1	26	22	0	0.100
USC00046115	2001	1	27	2	0	0.100
USC00046115	2001	1	27	4	0	0.100
USC00046115	2001	1	27	10	0	0.100
USC00046115	2001	2	13	12	0	0.100
USC00046115	2001	2	26	0	0	0.100
USC00046115	2001	2	26	5	0	0.100
USC00046115	2001	2	26	8	0	0.100
USC00046115	2001	2	26	10	0	0.100
USC00046115	2001	2	27	17	0	0.100
USC00046115	2001	2	27	24	0	0.100
USC00046115	2001	2	28	1	0	0.100
USC00046115	2001	2	28	2	0	0.100
USC00046115	2001	2	28	14	0	0.100
USC00046115	2001	3	6	18	0	0.100
USC00046115	2001	3	6	19	0	0.100
USC00046115	2001	3	6	20	0	0.200
USC00046115	2001	3	6	21	0	0.100
USC00046115	2001	3	6	23	0	0.100
USC00046115	2001	3	7	1	0	0.200
USC00046115	2001	3	10	13	0	0.100
USC00046115	2001	3	12	7	0	0.100
USC00046115	2001	4	21	11	0	0.100
USC00046115	2001	7	7	16	0	0.100
USC00046115	2001	8	10	13	0	0.100
USC00046115	2001	8	19	23	0	0.100
USC00046115	2001	8	19	24	0	0.100
USC00046115	2001	8	20	7	0	0.100
USC00046115	2001	12	3	12	0	0.100
USC00046115	2001	12	11	8	0	0.100
USC00046115	2001	12	29	13	0	0.100
USC00046115	2002	7	13	9	0	0.100
USC00046115	2002	7	20	18	0	0.200
USC00046115	2002	9	7	9	0	0.100
USC00046115	2002	10	22	18	0	0.200
USC00046115	2002	10	26	2	0	0.100
USC00046115	2002	10	26	15	0	0.100
USC00046115	2002	11	30	2	0	0.100
USC00046115	2002	11	30	4	0	0.200
USC00046115	2002	11	30	5	0	0.100
USC00046115	2002	11	30	7	0	0.100
USC00046115	2002	12	2	10	0	0.100
USC00046115	2003	1	8	3	0	0.100
USC00046115	2003	1	8	5	0	0.100
USC00046115	2003	1	31	18	0	0.100
USC00046115	2003	2	2	19	0	0.100
USC00046115	2003	2	12	17	0	0.100
USC00046115	2003	2	12	18	0	0.100
USC00046115	2003	2	12	19	0	0.100
USC00046115	2003	2	12	22	0	0.100
USC00046115	2003	2	13	0	0	0.100
USC00046115	2003	2	13	2	0	0.100
USC00046115	2003	2	13	4	0	0.100
USC00046115	2003	2	13	6	0	0.100
USC00046115	2003	2	13	8	0	0.100
USC00046115	2003	2	20	11	0	0.100
USC00046115	2003	2	25	9	0	0.100
USC00046115	2003	2	25	11	0	0.100
USC00046115	2003	2	25	12	0	0.200
USC00046115	2003	2	25	13	0	0.100
USC00046115	2003	2	25	14	0	0.200
USC00046115	2003	2	25	15	0	0.200
USC00046115	2003	2	25	23	0	0.100
USC00046115	2003	2	26	2	0	0.100
USC00046115	2003	2	26	14	0	0.200
USC00046115	2003	2	27	12	0	0.100
USC00046115	2003	3	15	17	0	0.100
USC00046115	2003	3	15	19	0	0.100
USC00046115	2003	3	15	20	0	0.100
USC00046115	2003	3	15	22	0	0.200
USC00046115	2003	3	16	6	0	0.100
USC00046115	2003	3	16	8	0	0.100
USC00046115	2003	3	16	9	0	0.100
USC00046115	2003	3	16	13	0	0.100
USC00046115	2003	3	18	11	0	0.100
USC00046115	2003	6	24	11	0	0.100
USC00046115	2003	8	1	8	0	0.100
USC00046115	2003	8	1	11	0	0.100
USC00046115	2003	8	20	18	0	0.200
USC00046115	2003	8	20	19	0	0.100
USC00046115	2003	8	20	22	0	0.100
USC00046115	2003	8	27	14	0	0.100
USC00046115	2003	9	2	0	0	0.100
USC00046115	2003	9	4	20	0	0.100
USC00046115	2003	11	12	10	0	0.100
USC00046115	2003	11	12	18	0	0.100
USC00046115	2003	11	16	6	0	0.100
USC00046115	2003	12	12	14	0	0.100
USC00046115	2004	2	21	1	0	0.100
USC00046115	2004	2	21	2	0	0.100
USC00046115	2004	2	21	14	0	0.100
USC00046115	2004	2	22	5	0	0.100
USC00046115	2004	2	22	16	0	0.100
USC00046115	2004	2	22	18	0	0.100
USC00046115	2004	2	22	19	0	0.100
USC00046115	2004	2	22	20	0	0.100
USC00046115	2004	2	22	21	0	0.100
USC00046115	2004	2	22	22	0	0.200
USC00046115	2004	2	23	2	0	0.100
USC00046115	2004	2	23	20	0	0.100
USC00046115	2004	2	26	7	0	0.100
USC00046115	2004	2	27	13	0	0.100
USC00046115	2004	4	2	1	0	0.100
USC00046115	2004	4	2	2	0	0.200
USC00046115	2004	4	2	5	0	0.100
USC00046115	2004	4	2	10	0	0.100
USC00046115	2004	4	2	21	0	0.100
USC00046115	2004	4	3	5	0	0.100
USC00046115	2004	4	3	7	0	0.100
USC00046115	2004	4	3	8	0	0.100
USC00046115	2004	7	16	18	0	0.300
USC00046115	2004	7	16	19	0	0.100
USC00046115	2004	7	19	17	0	0.100
USC00046115	2004	8	13	14	0	0.300
USC00046115	2004	8	16	11	0	0.100
USC00046115	2004	8	17	2	0	0.100
USC00046115	2004	8	19	8	0	0.100
USC00046115	2004	9	19	1	0	0.100
USC00046115	2004	10	15	18	0	0.200
USC00046115	2004	10	20	15	0	0.100
USC00046115	2004	10	20	18	0	0.100
USC00046115	2004	10	20	20	0	0.100
USC00046115	2004	10	21	8	0	0.100
USC00046115	2004	10	21	9	0	0.300
USC00046115	2004	10	21	10	0	0.100
USC00046115	2004	10	21	11	0	0.100
USC00046115	2004	10	27	9	0	0.100
USC00046115	2004	10	27	14	0	0.100
USC00046115	2004	10	27	24	0	0.100
USC00046115	2004	11	7	13	0	0.100
USC00046115	2004	11	7	17	0	0.100
USC00046115	2004	11	7	19	0	0.200
USC00046115	2004	11	7	20	0	0.100
USC00046115	2004	11	7	22	0	0.100
USC00046115	2004	11	7	23	0	0.100
USC00046115	2004	11	8	8	0	0.010
USC00046115	2004	11	8	9	0	0.062
USC00046115	2004	11	21	13	0	0.100
USC00046115	2004	11	21	14	0	0.100
USC00046115	2004	11	26	14	0	0.100
USC00046115	2004	12	28	15	0	0.100
USC00046115	2004	12	28	16	0	0.100
USC00046115	2004	12	28	17	0	0.100
USC00046115	2004	12	29	4	0	0.100
USC00046115	2005	1	3	7	0	0.100
USC00046115	2005	1	3	23	0	0.200
USC00046115	2005	1	3	24	0	0.100
USC00046115	2005	1	4	13	0	0.100
USC00046115	2005	1	4	14	0	0.100
USC00046115	2005	1	9	22	0	0.100
USC00046115	2005	1	10	12	0	0.100
USC00046115	2005	1	26	6	0	0.200
USC00046115	2005	1	26	8	0	0.100
USC00046115	2005	1	26	12	0	0.100
USC00046115	2005	1	26	20	0	0.100
USC00046115	2005	1	28	21	0	0.200
USC00046115	2005	1	28	22	0	0.100
USC00046115	2005	1	28	23	0	0.100
USC00046115	2005	1	28	24	0	0.100
USC00046115	2005	1	30	10	0	0.100
USC00046115	2005	2	11	6	0	0.100
USC00046115	2005	2	11	7	0	0.100
USC00046115	2005	2	11	8	0	0.100
USC00046115	2005	2	11	10	0	0.100
USC00046115	2005	2	11	11	0	0.100
USC00046115	2005	2	11	13	0	0.100
USC00046115	2005	2	11	14	0	0.100
USC00046115	2005	2	11	15	0	0.100
USC00046115	2005	2	11	18	0	0.100
USC00046115	2005	2	12	1	0	0.100
USC00046115	2005	2	18	11	0	0.100
USC00046115	2005	2	18	12	0	0.200
USC00046115	2005	2	18	13	0	0.100
USC00046115	2005	2	19	17	0	0.100
USC00046115	2005	2	20	9	0	0.100
USC00046115	2005	2	22	3	0	0.100
USC00046115	2005	2	22	19	0	0.100
USC00046115	2005	2	23	3	0	0.100
USC00046115	2005	2	23	6	0	0.100
USC00046115	2005	2	23	12	0	0.100
USC00046115	2005	3	10	17	0	0.100
USC00046115	2005	7	7	11	0	0.100
USC00046115	2005	7	28	20	0	0.200
USC00046115	2005	7	28	22	0	0.100
USC00046115	2005	8	6	11	0	0.100
USC00046115	2005	8	9	12	0	0.200
USC00046115	2005	8	9	13	0	0.400
USC00046115	2005	8	9	15	0	0.100
USC00046115	2005	8	12	16	0	0.400
USC00046115	2005	8	12	17	0	0.300
USC00046115	2005	8	14	17	0	0.100
USC00046115	2005	8	14	18	0	0.400
USC00046115	2005	8	14	19	0	0.200
USC00046115	2005	8	14	21	0	0.200
USC00046115	2005	8	15	3	0	0.200
USC00046115	2005	8	15	5	0	0.100
USC00046115	2005	8	15	7	0	0.100
USC00046115	2005	9	7	19	0	0.200
USC00046115	2005	10	3	17	0	0.200
USC00046115	2005	11	10	21	0	0.027
USC00046115	2006	3	12	2	0	0.100
USC00046115	2006	3	29	9	0	0.100
USC00046115	2006	4	5	13	0	0.100
USC00046115	2006	7	1	17	0	0.100
USC00046115	2006	7	1	19	0	0.100
USC00046115	2006	7	9	15	0	0.100
USC00046115	2006	7	11	13	0	0.100
USC00046115	2006	7	28	22	0	0.500
USC00046115	2006	7	29	1	0	0.100
USC00046115	2006	10	6	13	0	0.100
USC00046115	2006	10	13	15	0	0.100
USC00046115	2006	10	13	18	0	0.300
USC00046115	2006	10	14	10	0	0.100
USC00046115	2006	10	14	14	0	0.100
USC00046115	2006	10	14	15	0	0.100
USC00046115	2006	10	14	16	0	0.100
USC00046115	2006	12	27	22	0	0.100
USC00046115	2007	1	20	12	0	0.100
USC00046115	2007	2	10	14	0	0.100
USC00046115	2007	2	19	10	0	0.002
USC00046115	2007	2	19	16	0	0.021
USC00046115	2007	2	19	18	0	0.004
USC00046115	2007	2	19	19	0	0.007
USC00046115	2007	7	25	16	0	1.200
USC00046115	2007	7	25	17	0	1.300
USC00046115	2007	7	25	18	0	0.100
USC00046115	2007	7	26	18	0	0.100
USC00046115	2007	7	31	3	0	0.100
USC00046115	2007	8	2	15	0	0.100
USC00046115	2007	8	3	9	0	0.100
USC00046115	2007	9	20	7	0	0.100
USC00046115	2007	9	22	11	0	0.100
USC00046115	2007	11	30	13	0	0.100
USC00046115	2007	11	30	14	0	0.200
USC00046115	2007	11	30	15	0	0.200
USC00046115	2007	11	30	16	0	0.100
USC00046115	2007	11	30	21	0	0.100
USC00046115	2007	11	30	23	0	0.100
USC00046115	2007	12	3	6	0	0.100
USC00046115	2008	1	7	1	0	0.100
USC00046115	2008	1	7	2	0	0.100
USC00046115	2008	1	7	4	0	0.100
USC00046115	2008	1	7	6	0	0.100
USC00046115	2008	1	27	2	0	0.100
USC00046115	2008	1	27	3	0	0.100
USC00046115	2008	1	27	4	0	0.100
USC00046115	2008	1	27	8	0	0.200
USC00046115	2008	1	27	12	0	0.100
USC00046115	2008	2	3	16	0	0.200
USC00046115	2008	2	11	14	0	0.100
USC00046115	2008	2	12	14	0	0.100
USC00046115	2008	2	20	16	0	0.100
USC00046115	2008	3	4	10	0	0.100
USC00046115	2008	3	16	10	0	0.100
USC00046115	2008	7	20	3	0	0.100
USC00046115	2008	7	20	8	0	0.300
USC00046115	2008	7	20	12	0	0.100
USC00046115	2008	8	5	19	0	0.100
USC00046115	2008	8	6	10	0	0.100
USC00046115	2008	8	8	19	0	0.188
USC00046115	2008	8	8	20	0	0.31
USC00046115	2008	8	8	21	0	0.189
USC00046115	2008	8	9	14	0	0.002
USC00046115	2008	8	25	18	0	0.046
USC00046115	2008	8	25	19	0	0.011
USC00046115	2008	8	25	21	0	0.001
USC00046115	2008	8	25	22	0	0.004
USC00046115	2008	8	25	23	0	0.006
USC00046115	2008	8	26	2	0	0.005
USC00046115	2008	8	26	3	0	0.003
USC00046115	2008	8	26	21	0	0.002
USC00046115	2008	8	26	22	0	0.002
USC00046115	2008	8	30	2	0	0.002
USC00046115	2008	8	30	3	0	0.002
USC00046115	2008	8	30	4	0	0.002
USC00046115	2008	8	30	5	0	0.048
USC00046115	2008	8	30	6	0	0.048
USC00046115	2008	8	30	7	0	0.048
USC00046115	2008	8	30	8	0	0.024
USC00046115	2008	8	30	9	0	0.024
USC00046115	2008	8	30	10	0	0.024
USC00046115	2008	8	30	11	0	0.008
USC00046115	2008	8	30	12	0	0.008
USC00046115	2008	8	30	13	0	0.008
USC00046115	2008	8	30	14	0	0.001
USC00046115	2008	8	30	15	0	0.001
USC00046115	2008	8	30	16	0	0.001
USC00046115	2008	8	30	17	0	0.002
USC00046115	2008	8	30	18	0	0.002
USC00046115	2008	8	30	19	0	0.002
USC00046115	2008	8	30	23	0	0.002
USC00046115	2008	8	30	24	0	0.002
USC00046115	2008	8	31	1	0	0.002
USC00046115	2008	8	31	2	0	0.018
USC00046115	2008	8	31	3	0	0.018
USC00046115	2008	8	31	4	0	0.018
USC00046115	2008	8	31	5	0	0.002
USC00046115	2008	8	31	6	0	0.002
USC00046115	2008	8	31	7	0	0.002
USC00046115	2008	8	31	20	0	0.001
USC00046115	2008	8	31	21	0	0.001
USC00046115	2008	8	31	22	0	0.001
USC00046115	2008	9	24	13	0	0.400
USC00046115	2008	9	29	10	0	0.100
USC00046115	2008	11	26	5	0	0.100
USC00046115	2008	11	26	6	0	0.100
USC00046115	2008	11	26	7	0	0.200
USC00046115	2008	11	26	8	0	0.100
USC00046115	2008	11	26	9	0	0.100
USC00046115	2008	11	26	11	0	0.200
USC00046115	2008	11	27	6	0	0.300
USC00046115	2008	12	7	16	0	0.100
USC00046115	2008	12	15	17	0	0.100
USC00046115	2008	12	17	8	0	0.100
USC00046115	2008	12	17	10	0	0.100
USC00046115	2008	12	17	11	0	0.100
USC00046115	2008	12	17	12	0	0.100
USC00046115	2008	12	17	13	0	0.100
USC00046115	2008	12	17	14	0	0.100
USC00046115	2008	12	17	16	0	0.100
USC00046115	2008	12	17	17	0	0.100
USC00046115	2008	12	17	20	0	0.100
USC00046115	2009	2	7	12	0	0.100
USC00046115	2009	2	7	13	0	0.100
USC00046115	2009	2	7	17	0	0.100
USC00046115	2009	2	8	1	0	0.100
USC00046115	2009	2	8	3	0	0.100
USC00046115	2009	2	8	5	0	0.100
USC00046115	2009	2	9	10	0	0.100
USC00046115	2009	2	9	15	0	0.200
USC00046115	2009	2	10	14	0	0.100
USC00046115	2009	2	17	3	0	0.100
USC00046115	2009	4	18	13	0	0.100
USC00046115	2009	5	1	14	0	0.100
USC00046115	2009	5	30	5	0	0.012
USC00046115	2009	5	30	6	0	0.002
USC00046115	2009	5	30	7	0	0.001
USC00046115	2009	5	30	8	0	0.003
USC00046115	2009	6	29	19	0	0.200
USC00046115	2009	7	22	24	0	0.200
USC00046115	2009	8	23	8	0	0.100
USC00046115	2009	8	24	12	0	0.100
USC00046115	2009	8	25	14	0	0.100
USC00046115	2009	9	4	21	0	0.013
USC00046115	2009	9	4	22	0	0.093
USC00046115	2009	9	4	23	0	0.107
USC00046115	2009	9	5	17	0	0.002
USC00046115	2009	12	7	15	0	0.200
USC00046115	2009	12	7	16	0	0.100
USC00046115	2009	12	7	17	0	0.100
USC00046115	2009	12	7	18	0	0.200
USC00046115	2009	12	7	19	0	0.200
USC00046115	2009	12	8	8	0	0.100
USC00046115	2009	12	22	13	0	0.100
USC00046115	2010	1	18	22	0	0.300
USC00046115	2010	1	18	23	0	0.400
USC00046115	2010	1	18	24	0	0.100
USC00046115	2010	1	20	3	0	0.100
USC00046115	2010	1	20	12	0	0.200
USC00046115	2010	1	20	14	0	0.100
USC00046115	2010	1	20	16	0	0.100
USC00046115	2010	1	20	17	0	0.100
USC00046115	2010	1	20	18	0	0.100
USC00046115	2010	1	20	19	0	0.200
USC00046115	2010	1	20	21	0	0.500
USC00046115	2010	1	20	22	0	0.300
USC00046115	2010	1	22	17	0	0.100
USC00046115	2010	2	8	19	0	0.100
USC00046115	2010	2	22	6	0	0.100
USC00046115	2010	2	27	21	0	0.200
USC00046115	2010	2	27	22	0	0.200
USC00046115	2010	2	28	2	0	0.100
USC00046115	2010	3	7	8	0	0.100
USC00046115	2010	3	7	11	0	0.100
USC00046115	2010	3	7	13	0	0.200
USC00046115	2010	3	7	16	0	0.100
USC00046115	2010	3	8	4	0	0.100
USC00046115	2010	4	12	11	0	0.021
USC00046115	2010	4	12	12	0	0.021
USC00046115	2010	4	12	13	0	0.021
USC00046115	2010	4	12	14	0	0.004
USC00046115	2010	4	12	15	0	0.004
USC00046115	2010	4	12	16	0	0.004
USC00046115	2010	4	12	17	0	0.01
USC00046115	2010	4	12	18	0	0.01
USC00046115	2010	4	12	19	0	0.01
USC00046115	2010	4	22	12	0	0.013
USC00046115	2010	4	22	13	0	0.001
USC00046115	2010	6	12	3	0	0.001
USC00046115	2010	6	12	4	0	0.02
USC00046115	2010	6	12	5	0	0.002
USC00046115	2010	6	12	6	0	0.001
USC00046115	2010	6	12	22	0	0.001
USC00046115	2010	10	3	6	0	0.100
USC00046115	2010	10	3	10	0	0.100
USC00046115	2010	10	3	13	0	0.100
USC00046115	2010	10	20	6	0	0.100
USC00046115	2010	10	20	10	0	0.400
USC00046115	2010	12	16	18	0	0.100
USC00046115	2010	12	22	16	0	0.100
USC00046115	2010	12	22	17	0	0.100
USC00046115	2010	12	22	19	0	0.200
USC00046115	2010	12	22	23	0	0.500
USC00046115	2010	12	23	1	0	0.100
USC00046115	2010	12	30	9	0	0.100
USC00046115	2011	2	9	10	0	0.100
USC00046115	2011	2	19	7	0	0.100
USC00046115	2011	2	19	9	0	0.100
USC00046115	2011	2	19	10	0	0.100
USC00046115	2011	2	19	12	0	0.100
USC00046115	2011	2	19	13	0	0.100
USC00046115	2011	2	19	14	0	0.100
USC00046115	2011	2	27	1	0	0.100
USC00046115	2011	4	6	20	0	0.100
USC00046115	2011	4	9	10	0	0.024
USC00046115	2011	4	9	11	0	0.002
USC00046115	2011	4	9	12	0	0.001
USC00046115	2011	4	9	13	0	0.001
USC00046115	2011	4	9	14	0	0.006
USC00046115	2011	5	18	13	0	0.100
USC00046115	2011	7	5	24	0	0.100
USC00046115	2011	7	6	2	0	0.100
USC00046115	2011	8	1	20	0	0.200
USC00046115	2011	8	26	18	0	0.100
USC00046115	2011	9	3	12	0	0.100
USC00046115	2011	9	5	23	0	0.100
USC00046115	2011	9	13	10	0	0.200
USC00046115	2011	9	13	11	0	0.300
USC00046115	2011	9	13	12	0	0.200
USC00046115	2011	9	13	13	0	0.100
USC00046115	2011	9	13	14	0	0.100
USC00046115	2011	9	15	8	0	0.100
USC00046115	2011	10	4	6	0	0.100
USC00046115	2011	10	4	7	0	0.100
USC00046115	2011	10	4	11	0	0.100
USC00046115	2011	10	6	3	0	0.100
USC00046115	2011	11	4	19	0	0.100
USC00046115	2011	11	4	20	0	0.100
USC00046115	2011	11	4	21	0	0.100
USC00046115	2011	11	7	18	0	0.100
USC00046115	2011	12	2	3	0	0.100
USC00046115	2011	12	12	18	0	0.100
USC00046115	2011	12	31	11	0	0.100
USC00046115	2012	1	23	17	0	0.003
USC00046115	2012	2	13	19	0	0.003
USC00046115	2012	2	13	20	0	0.014
USC00046115	2012	2	13	21	0	0.001
USC00046115	2012	2	14	9	0	0.02
USC00046115	2012	2	14	10	0	0.018
USC00046115	2012	2	15	14	0	0.009
USC00046115	2012	2	15	15	0	0.003
USC00046115	2012	2	15	24	0	0.004
USC00046115	2012	2	16	1	0	0.001
USC00046115	2012	2	16	3	0	0.002
USC00046115	2012	2	28	1	0	0.006
USC00046115	2012	2	28	4	0	0.007
USC00046115	2012	2	28	5	0	0.002
USC00046115	2012	3	17	17	0	0.01
USC00046115	2012	3	17	18	0	0.018
USC00046115	2012	3	17	19	0	0.027
USC00046115	2012	3	17	20	0	0.01
USC00046115	2012	3	17	23	0	0.002
USC00046115	2012	3	18	14	0	0.001
USC00046115	2012	3	18	15	0	0.016
USC00046115	2012	3	19	1	0	0.011
USC00046115	2012	4	13	22	0	0.100
USC00046115	2012	4	13	23	0	0.200
USC00046115	2012	4	14	3	0	0.100
USC00046115	2012	4	26	7	0	0.021
USC00046115	2012	4	26	8	0	0.016
USC00046115	2012	7	13	4	0	0.020
USC00046115	2012	7	13	7	0	0.290
USC00046115	2012	7	13	8	0	0.050
USC00046115	2012	7	14	17	0	0.330
USC00046115	2012	7	14	18	0	0.300
USC00046115	2012	7	14	19	0	0.820
USC00046115	2012	7	14	20	0	0.020
USC00046115	2012	7	30	3	0	0.010
USC00046115	2012	7	30	6	0	0.010
USC00046115	2012	7	30	13	0	0.030
USC00046115	2012	7	30	17	0	0.010
USC00046115	2012	7	30	19	0	0.010
USC00046115	2012	7	30	21	0	0.030
USC00046115	2012	7	30	24	0	0.010
USC00046115	2012	7	31	3	0	0.020
USC00046115	2012	7	31	14	0	0.010
USC00046115	2012	7	31	15	0	0.010
USC00046115	2012	8	1	11	0	0.008
USC00046115	2012	8	7	13	0	0.090
USC00046115	2012	8	7	21	0	0.010
USC00046115	2012	8	8	10	0	0.020
USC00046115	2012	8	9	4	0	0.010
USC00046115	2012	8	9	17	0	0.230
USC00046115	2012	8	9	18	0	0.220
USC00046115	2012	8	9	19	0	0.060
USC00046115	2012	8	13	18	0	0.004
USC00046115	2012	8	13	19	0	0.003
USC00046115	2012	8	16	16	0	0.110
USC00046115	2012	8	16	17	0	0.270
USC00046115	2012	8	22	14	0	0.022
USC00046115	2012	8	22	15	0	0.054
USC00046115	2012	8	22	16	0	0.013
USC00046115	2012	8	22	18	0	0.058
USC00046115	2012	8	22	19	0	0.026
USC00046115	2012	8	22	23	0	0.004
USC00046115	2012	8	23	15	0	0.001
USC00046115	2012	8	29	17	0	0.062
USC00046115	2012	9	4	17	0	0.024
USC00046115	2012	9	4	18	0	0.001
USC00046115	2012	9	11	3	0	0.010
USC00046115	2012	9	11	17	0	0.010
USC00046115	2012	9	11	18	0	0.740
USC00046115	2012	9	11	19	0	0.010
USC00046115	2012	9	12	3	0	0.010
USC00046115	2012	9	12	15	0	0.040
USC00046115	2012	9	12	16	0	0.110
USC00046115	2012	9	12	18	0	0.010
USC00046115	2012	10	4	5	0	0.010
USC00046115	2012	10	4	15	0	0.100
USC00046115	2012	10	4	16	0	0.060
USC00046115	2012	10	7	24	0	0.010
USC00046115	2012	10	8	15	0	0.060
USC00046115	2012	10	8	16	0	0.100
USC00046115	2012	10	10	5	0	0.010
USC00046115	2012	10	10	19	0	0.010
USC00046115	2012	10	10	20	0	0.020
USC00046115	2012	10	10	21	0	0.010
USC00046115	2012	10	11	6	0	0.010
USC00046115	2012	10	11	7	0	0.270
USC00046115	2012	10	11	8	0	0.230
USC00046115	2012	10	11	9	0	0.460
USC00046115	2012	10	11	10	0	0.080
USC00046115	2012	10	11	11	0	0.020
USC00046115	2012	10	12	2	0	0.010
USC00046115	2012	10	12	3	0	0.010
USC00046115	2012	10	12	23	0	0.010
USC00046115	2012	10	17	14	0	0.040
USC00046115	2012	10	17	15	0	0.060
USC00046115	2012	10	17	22	0	0.010
USC00046115	2012	10	18	22	0	0.010
USC00046115	2012	10	20	19	0	0.010
USC00046115	2012	12	12	2	0	0.010
USC00046115	2012	12	13	18	0	0.020
USC00046115	2012	12	13	19	0	0.060
USC00046115	2012	12	13	20	0	0.090
USC00046115	2012	12	13	21	0	0.020
USC00046115	2012	12	13	22	0	0.080
USC00046115	2012	12	13	23	0	0.090
USC00046115	2012	12	13	24	0	0.060
USC00046115	2012	12	14	1	0	0.060
USC00046115	2012	12	14	2	0	0.010
USC00046115	2012	12	14	3	0	0.010
USC00046115	2012	12	14	4	0	0.020
USC00046115	2012	12	14	5	0	0.050
USC00046115	2012	12	14	6	0	0.050
USC00046115	2012	12	14	7	0	0.080
USC00046115	2012	12	14	8	0	0.070
USC00046115	2012	12	14	9	0	0.010
USC00046115	2012	12	14	23	0	0.010
USC00046115	2012	12	14	24	0	0.010
USC00046115	2012	12	15	5	0	0.030
USC00046115	2012	12	15	6	0	0.050
USC00046115	2012	12	15	7	0	0.010
USC00046115	2012	12	15	17	0	0.010
USC00046115	2012	12	16	2	0	0.010
USC00046115	2012	12	16	17	0	0.010
USC00046115	2012	12	18	17	0	0.010
USC00046115	2013	1	25	19	0	0.010
USC00046115	2013	1	25	21	0	0.030
USC00046115	2013	1	25	22	0	0.060
USC00046115	2013	1	25	23	0	0.020
USC00046115	2013	1	25	24	0	0.010
USC00046115	2013	1	26	1	0	0.010
USC00046115	2013	1	26	2	0	0.070
USC00046115	2013	1	26	3	0	0.040
USC00046115	2013	1	26	4	0	0.020
USC00046115	2013	1	26	5	0	0.030
USC00046115	2013	1	26	6	0	0.020
USC00046115	2013	1	26	7	0	0.010
USC00046115	2013	1	26	8	0	0.020
USC00046115	2013	1	26	9	0	0.020
USC00046115	2013	1	26	22	0	0.010
USC00046115	2013	1	27	18	0	0.010
USC00046115	2013	2	9	23	0	0.010
USC00046115	2013	2	19	3	0	0.010
USC00046115	2013	2	20	4	0	0.010
USC00046115	2013	2	20	7	0	0.080
USC00046115	2013	2	20	8	0	0.050
USC00046115	2013	2	20	9	0	0.030
USC00046115	2013	2	21	1	0	0.010
USC00046115	2013	3	8	5	0	0.020
USC00046115	2013	3	8	6	0	0.020
USC00046115	2013	3	8	8	0	0.040
USC00046115	2013	3	8	9	0	0.020
USC00046115	2013	3	8	11	0	0.010
USC00046115	2013	3	8	12	0	0.120
USC00046115	2013	3	9	5	0	0.010
USC00046115	2013	3	9	18	0	0.010
USC00046115	2013	3	14	16	0	0.260
USC00046115	2013	3	14	17	0	0.060
USC00046115	2013	3	14	22	0	0.010
USC00046115	2013	3	16	24	0	0.010
USC00046115	2013	3	17	14	0	0.050
USC00046115	2013	3	18	1	0	0.010
USC00046115	2013	3	30	1	0	0.010
USC00046115	2013	3	30	14	0	0.010
USC00046115	2013	3	30	15	0	0.220
USC00046115	2013	3	31	1	0	0.010
USC00046115	2013	3	31	14	0	0.080
USC00046115	2013	3	31	15	0	0.020
USC00046115	2013	3	31	24	0	0.010
USC00046115	2013	4	3	15	0	0.010
USC00046115	2013	4	3	16	0	0.230
USC00046115	2013	4	5	2	0	0.010
USC00046115	2013	4	5	14	0	0.010
USC00046115	2013	4	5	16	0	0.130
USC00046115	2013	4	6	1	0	0.010
USC00046115	2013	4	6	13	0	0.040
USC00046115	2013	4	6	24	0	0.010
USC00046115	2013	4	12	1	0	0.010
USC00046115	2013	4	12	14	0	0.010
USC00046115	2013	4	12	16	0	0.260
USC00046115	2013	4	12	17	0	0.090
USC00046115	2013	4	13	1	0	0.010
USC00046115	2013	4	13	14	0	0.020
USC00046115	2013	4	13	16	0	0.060
USC00046115	2013	4	13	17	0	0.130
USC00046115	2013	4	14	3	0	0.010
USC00046115	2013	4	25	4	0	0.010
USC00046115	2013	4	25	13	0	0.080
USC00046115	2013	4	25	14	0	0.020
USC00046115	2013	4	25	23	0	0.010
USC00046115	2013	5	1	18	0	0.010
USC00046115	2013	5	17	15	0	0.140
USC00046115	2013	5	17	16	0	0.030
USC00046115	2013	5	20	19	0	0.010
USC00046115	2013	5	23	16	0	0.070
USC00046115	2013	5	23	22	0	0.010
USC00046115	2013	5	24	15	0	0.040
USC00046115	2013	5	24	16	0	0.020
USC00046115	2013	5	24	17	0	0.140
USC00046115	2013	5	24	22	0	0.010
USC00046115	2013	5	25	14	0	0.200
USC00046115	2013	5	25	15	0	0.040
USC00046115	2013	5	25	16	0	0.140
USC00046115	2013	5	25	17	0	0.060
USC00046115	2013	5	25	22	0	0.010
USC00046115	2013	5	26	15	0	0.030
USC00046115	2013	5	26	16	0	0.170
USC00046115	2013	5	26	17	0	0.070
USC00046115	2013	5	26	21	0	0.010
USC00046115	2013	6	10	4	0	0.010
USC00046115	2013	6	10	12	0	0.060
USC00046115	2013	6	10	15	0	0.020
USC00046115	2013	6	10	16	0	0.250
USC00046115	2013	6	10	17	0	0.180
USC00046115	2013	6	10	18	0	0.030
USC00046115	2013	6	20	17	0	0.260
USC00046115	2013	7	10	18	0	0.110
USC00046115	2013	7	12	11	0	0.003
USC00046115	2013	7	12	12	0	0.003
USC00046115	2013	7	12	17	0	0.002
USC00046115	2013	7	16	15	0	0.320
USC00046115	2013	7	20	15	0	0.110
USC00046115	2013	7	20	16	0	0.200
USC00046115	2013	7	20	22	0	0.010
USC00046115	2013	7	20	24	0	0.010
USC00046115	2013	7	21	1	0	0.010
USC00046115	2013	7	21	2	0	0.010
USC00046115	2013	7	26	11	0	0.010
USC00046115	2013	7	26	12	0	0.240
USC00046115	2013	7	28	9	0	0.140
USC00046115	2013	7	28	15	0	0.400
USC00046115	2013	8	3	14	0	0.010
USC00046115	2013	8	3	15	0	0.520
USC00046115	2013	8	3	16	0	0.050
USC00046115	2013	8	3	17	0	0.170
USC00046115	2013	8	3	18	0	0.020
USC00046115	2013	8	10	12	0	0.010
USC00046115	2013	8	10	13	0	0.050
USC00046115	2013	8	10	15	0	0.040
USC00046115	2013	8	10	16	0	0.010
USC00046115	2013	8	10	20	0	0.010
USC00046115	2013	8	13	15	0	0.050
USC00046115	2013	8	13	16	0	0.150
USC00046115	2013	8	13	17	0	0.120
USC00046115	2013	8	13	20	0	0.010
USC00046115	2013	8	18	21	0	0.003
USC00046115	2013	8	18	22	0	0.011
USC00046115	2013	8	18	23	0	0.046
USC00046115	2013	8	18	24	0	0.010
USC00046115	2013	8	19	2	0	0.050
USC00046115	2013	8	19	15	0	0.120
USC00046115	2013	8	19	16	0	0.200
USC00046115	2013	8	19	21	0	0.010
USC00046115	2013	8	22	21	0	0.021
USC00046115	2013	8	22	22	0	0.083
USC00046115	2013	8	22	23	0	0.151
USC00046115	2013	8	22	24	0	1.090
USC00046115	2013	8	23	1	0	0.030
USC00046115	2013	8	23	17	0	0.120
USC00046115	2013	8	23	21	0	0.010
USC00046115	2013	8	24	11	0	0.040
USC00046115	2013	8	24	21	0	0.010
USC00046115	2013	8	25	14	0	0.010
USC00046115	2013	8	25	16	0	0.370
USC00046115	2013	8	25	17	0	0.120
USC00046115	2013	8	25	18	0	0.040
USC00046115	2013	8	25	19	0	0.010
USC00046115	2013	8	25	24	0	0.010
USC00046115	2013	8	26	3	0	0.020
USC00046115	2013	8	26	4	0	0.010
USC00046115	2013	8	26	5	0	0.020
USC00046115	2013	8	26	6	0	0.020
USC00046115	2013	8	26	7	0	0.010
USC00046115	2013	8	26	8	0	0.090
USC00046115	2013	8	26	9	0	0.010
USC00046115	2013	8	26	19	0	0.010
USC00046115	2013	8	29	14	0	0.090
USC00046115	2013	8	29	15	0	0.010
USC00046115	2013	8	29	16	0	0.040
USC00046115	2013	8	29	17	0	0.310
USC00046115	2013	8	29	18	0	0.030
USC00046115	2013	8	29	20	0	0.880
USC00046115	2013	8	29	21	0	0.110
USC00046115	2013	8	29	22	0	0.060
USC00046115	2013	8	29	23	0	0.040
USC00046115	2013	8	30	16	0	0.060
USC00046115	2013	8	30	17	0	0.040
USC00046115	2013	8	30	20	0	0.010
USC00046115	2013	8	31	14	0	0.004
USC00046115	2013	8	31	15	0	0.009
USC00046115	2013	8	31	16	0	0.019
USC00046115	2013	8	31	17	0	0.001
USC00046115	2013	9	1	2	0	0.380
USC00046115	2013	9	1	4	0	0.050
USC00046115	2013	9	1	5	0	0.030
USC00046115	2013	9	1	6	0	0.010
USC00046115	2013	9	1	15	0	0.050
USC00046115	2013	9	1	17	0	0.060
USC00046115	2013	9	1	19	0	0.010
USC00046115	2013	9	2	22	0	0.002
USC00046115	2013	9	2	23	0	0.004
USC00046115	2013	9	6	12	0	0.001
USC00046115	2013	9	6	22	0	0.002
USC00046115	2013	9	6	23	0	0.006
USC00046115	2013	9	9	13	0	0.090
USC00046115	2013	9	9	14	0	0.340
USC00046115	2013	9	9	17	0	0.010
USC00046115	2013	9	9	21	0	0.040
USC00046115	2013	9	9	22	0	0.120
USC00046115	2013	9	10	18	0	0.010
USC00046115	2013	9	12	15	0	0.080
USC00046115	2013	9	12	16	0	0.040
USC00046115	2013	9	12	20	0	0.010
USC00046115	2013	9	18	2	0	0.010
USC00046115	2013	9	18	15	0	0.070
USC00046115	2013	9	18	16	0	0.100
USC00046115	2013	9	18	23	0	0.010
USC00046115	2013	9	19	15	0	0.020
USC00046115	2013	9	19	16	0	0.150
USC00046115	2013	9	19	22	0	0.010
USC00046115	2013	9	20	15	0	0.120
USC00046115	2013	9	20	24	0	0.010
USC00046115	2013	10	1	1	0	0.010
USC00046115	2013	10	9	1	0	0.010
USC00046115	2013	10	9	18	0	0.010
USC00046115	2013	10	9	23	0	0.040
USC00046115	2013	10	9	24	0	0.010
USC00046115	2013	10	10	4	0	0.010
USC00046115	2013	10	10	21	0	0.010
USC00046115	2013	11	4	3	0	0.010
USC00046115	2013	11	14	2	0	0.010
USC00046115	2013	11	14	17	0	0.010
USC00046115	2013	11	16	1	0	0.010
USC00046115	2013	11	16	23	0	0.010
USC00046115	2013	11	21	22	0	0.060
USC00046115	2013	11	21	23	0	0.090
USC00046115	2013	11	21	24	0	0.030
USC00046115	2013	11	22	1	0	0.010
USC00046115	2013	11	22	2	0	0.040
USC00046115	2013	11	22	3	0	0.010
USC00046115	2013	11	22	5	0	0.030
USC00046115	2013	11	22	22	0	0.060
USC00046115	2013	11	22	23	0	0.040
USC00046115	2013	11	22	24	0	0.020
USC00046115	2013	11	23	1	0	0.010
USC00046115	2013	11	23	2	0	0.040
USC00046115	2013	11	23	3	0	0.040
USC00046115	2013	11	23	4	0	0.030
USC00046115	2013	11	23	5	0	0.030
USC00046115	2013	11	23	6	0	0.030
USC00046115	2013	11	23	14	0	0.020
USC00046115	2013	11	23	15	0	0.010
USC00046115	2013	11	24	19	0	0.010
USC00046115	2014	1	7	2	0	0.010
USC00046115	2014	1	7	23	0	0.010
USC00046115	2014	1	14	3	0	0.010
USC00046115	2014	1	18	2	0	0.010
USC00046115	2014	1	26	4	0	0.010
USC00046115	2014	2	6	20	0	0.010
USC00046115	2014	2	6	21	0	0.020
USC00046115	2014	2	6	22	0	0.010
USC00046115	2014	2	7	23	0	0.010
USC00046115	2014	2	28	6	0	0.040
USC00046115	2014	2	28	16	0	0.020
USC00046115	2014	2	28	17	0	0.010
USC00046115	2014	3	6	24	0	0.010
USC00046115	2014	3	7	20	0	0.010
USC00046115	2014	3	10	24	0	0.010
USC00046115	2014	3	11	21	0	0.010
USC00046115	2014	3	18	4	0	0.010
USC00046115	2014	3	18	23	0	0.010
USC00046115	2014	3	23	24	0	0.010
USC00046115	2014	3	24	16	0	0.180
USC00046115	2014	3	25	1	0	0.010
USC00046115	2014	3	25	15	0	0.020
USC00046115	2014	3	25	16	0	0.070
USC00046115	2014	3	26	1	0	0.010
USC00046115	2014	3	26	22	0	0.010
USC00046115	2014	3	30	1	0	0.010
USC00046115	2014	3	30	23	0	0.010
USC00046115	2014	4	1	3	0	0.010
USC00046115	2014	4	1	22	0	0.010
USC00046115	2014	4	3	4	0	0.010
USC00046115	2014	4	3	22	0	0.010
USC00046115	2014	4	9	3	0	0.010
USC00046115	2014	4	9	16	0	0.020
USC00046115	2014	4	9	17	0	0.140
USC00046115	2014	4	9	18	0	0.130
USC00046115	2014	4	9	19	0	0.010
USC00046115	2014	4	12	5	0	0.010
USC00046115	2014	4	12	15	0	0.100
USC00046115	2014	4	12	16	0	0.120
USC00046115	2014	4	15	3	0	0.010
USC00046115	2014	4	16	5	0	0.010
USC00046115	2014	4	16	15	0	0.030
USC00046115	2014	4	16	16	0	0.120
USC00046115	2014	4	16	17	0	0.080
USC00046115	2014	4	17	3	0	0.010
USC00046115	2014	4	17	15	0	0.070
USC00046115	2014	4	17	16	0	0.140
USC00046115	2014	4	18	5	0	0.010
USC00046115	2014	4	18	22	0	0.010
USC00046115	2014	4	19	16	0	0.200
USC00046115	2014	4	19	17	0	0.040
USC00046115	2014	4	20	2	0	0.010
USC00046115	2014	4	20	14	0	0.370
USC00046115	2014	4	20	15	0	0.060
USC00046115	2014	4	20	16	0	0.060
USC00046115	2014	4	20	17	0	0.050
USC00046115	2014	4	24	1	0	0.010
USC00046115	2014	5	1	4	0	0.010
USC00046115	2014	5	5	16	0	0.110
USC00046115	2014	5	6	4	0	0.010
USC00046115	2014	5	11	4	0	0.010
USC00046115	2014	5	18	16	0	0.060
USC00046115	2014	5	18	17	0	0.200
USC00046115	2014	5	18	18	0	0.070
USC00046115	2014	5	18	20	0	0.010
USC00046115	2014	5	19	13	0	0.050
USC00046115	2014	5	19	14	0	0.050
USC00046115	2014	5	19	16	0	0.080
USC00046115	2014	6	14	15	0	0.020
USC00046115	2014	6	14	16	0	0.140
USC00046115	2014	6	14	17	0	0.250
USC00046115	2014	6	14	24	0	0.010
USC00046115	2014	6	15	15	0	0.130
USC00046115	2014	6	26	22	0	0.010
USC00046115	2014	7	5	10	0	0.004
USC00046115	2014	7	5	11	0	0.09
USC00046115	2014	7	5	12	0	0.15
USC00046115	2014	7	5	13	0	0.001
USC00046115	2014	7	5	14	0	0.003
USC00046115	2014	7	5	15	0	0.025
USC00046115	2014	7	5	16	0	0.007
USC00046115	2014	7	6	14	0	0.001
USC00046115	2014	7	6	15	0	0.009
USC00046115	2014	7	6	16	0	0.003
USC00046115	2014	7	8	17	0	0.007
USC00046115	2014	7	8	18	0	0.091
USC00046115	2014	7	8	19	0	0.807
USC00046115	2014	7	8	20	0	0.086
USC00046115	2014	7	8	21	0	0.095
USC00046115	2014	7	8	22	0	0.005
USC00046115	2014	7	9	3	0	0.010
USC00046115	2014	7	9	13	0	0.010
USC00046115	2014	7	9	14	0	0.010
USC00046115	2014	7	9	18	0	0.030
USC00046115	2014	7	9	21	0	0.020
USC00046115	2014	7	10	10	0	0.280
USC00046115	2014	7	10	17	0	0.120
USC00046115	2014	7	14	5	0	0.040
USC00046115	2014	7	14	6	0	0.050
USC00046115	2014	7	14	17	0	0.020
USC00046115	2014	7	14	18	0	0.140
USC00046115	2014	7	14	19	0	0.050
USC00046115	2014	7	19	6	0	0.020
USC00046115	2014	7	19	21	0	0.010
USC00046115	2014	7	19	22	0	0.010
USC00046115	2014	7	25	18	0	0.001
USC00046115	2014	7	25	24	0	0.002
USC00046115	2014	7	26	1	0	0.001
USC00046115	2014	7	27	9	0	0.010
USC00046115	2014	7	27	15	0	0.010
USC00046115	2014	7	27	16	0	0.080
USC00046115	2014	7	27	18	0	0.170
USC00046115	2014	7	27	19	0	0.100
USC00046115	2014	7	28	19	0	0.11
USC00046115	2014	7	28	20	0	0.015
USC00046115	2014	7	28	21	0	0.002
USC00046115	2014	8	2	5	0	0.020
USC00046115	2014	8	2	6	0	0.020
USC00046115	2014	8	2	8	0	0.010
USC00046115	2014	8	2	11	0	0.010
USC00046115	2014	8	2	14	0	0.020
USC00046115	2014	8	2	15	0	0.020
USC00046115	2014	8	2	22	0	0.030
USC00046115	2014	8	3	10	0	0.020
USC00046115	2014	8	3	14	0	0.100
USC00046115	2014	8	3	18	0	0.050
USC00046115	2014	8	3	19	0	0.120
USC00046115	2014	8	3	20	0	0.030
USC00046115	2014	8	3	23	0	0.030
USC00046115	2014	8	4	2	0	0.080
USC00046115	2014	8	4	7	0	0.050
USC00046115	2014	8	4	17	0	0.100
USC00046115	2014	8	4	18	0	0.020
USC00046115	2014	8	7	1	0	0.010
USC00046115	2014	8	7	3	0	0.010
USC00046115	2014	8	7	5	0	0.020
USC00046115	2014	8	7	10	0	0.010
USC00046115	2014	8	7	11	0	0.020
USC00046115	2014	8	7	15	0	0.080
USC00046115	2014	8	7	16	0	0.040
USC00046115	2014	8	7	17	0	0.070
USC00046115	2014	8	7	18	0	0.140
USC00046115	2014	8	7	21	0	0.020
USC00046115	2014	8	7	23	0	0.050
USC00046115	2014	8	12	15	0	0.032
USC00046115	2014	8	12	16	0	0.27
USC00046115	2014	8	12	17	0	0.032
USC00046115	2014	8	12	20	0	0.494
USC00046115	2014	8	12	21	0	0.234
USC00046115	2014	8	12	22	0	0.197
USC00046115	2014	8	13	16	0	0.020
USC00046115	2014	8	18	17	0	0.090
USC00046115	2014	8	18	18	0	0.150
USC00046115	2014	8	18	19	0	0.060
USC00046115	2014	8	19	12	0	0.030
USC00046115	2014	8	19	14	0	0.070
USC00046115	2014	8	19	15	0	0.080
USC00046115	2014	8	20	24	0	0.010
USC00046115	2014	8	21	8	0	0.040
USC00046115	2014	8	21	17	0	0.030
USC00046115	2014	8	21	22	0	0.010
USC00046115	2014	8	22	17	0	0.050
USC00046115	2014	8	22	18	0	0.300
USC00046115	2014	8	25	14	0	0.040
USC00046115	2014	8	25	18	0	0.080
USC00046115	2014	9	7	12	0	0.006
USC00046115	2014	9	7	14	0	0.004
USC00046115	2014	9	7	17	0	0.001
USC00046115	2014	9	7	19	0	0.014
USC00046115	2014	9	7	20	0	0.004
USC00046115	2014	9	7	21	0	0.004
USC00046115	2014	9	8	7	0	0.002
USC00046115	2014	9	8	8	0	0.009
USC00046115	2014	9	8	9	0	0.061
USC00046115	2014	9	8	10	0	0.048
USC00046115	2014	9	8	11	0	0.141
USC00046115	2014	9	8	12	0	0.003
USC00046115	2014	9	8	14	0	0.008
USC00046115	2014	9	8	15	0	0.115
USC00046115	2014	9	8	16	0	0.001
USC00046115	2014	9	8	17	0	0.031
USC00046115	2014	9	8	18	0	0.087
USC00046115	2014	9	8	19	0	0.037
USC00046115	2014	9	8	20	0	0.008
USC00046115	2014	9	9	12	0	0.003
USC00046115	2014	9	16	16	0	0.145
USC00046115	2014	9	16	17	0	0.189
USC00046115	2014	9	16	18	0	0.005
USC00046115	2014	10	7	10	0	0.001
USC00046115	2014	10	7	11	0	0.001
USC00046115	2014	10	7	12	0	0.006
USC00046115	2014	10	7	13	0	0.001
USC00046115	2014	10	8	8	0	0.008
USC00046115	2014	10	8	9	0	0.043
USC00046115	2014	10	8	10	0	0.019
USC00046115	2014	10	8	11	0	0.008
USC00046115	2014	10	8	13	0	0.001
USC00046115	2014	11	11	6	0	0.001
USC00046115	2014	11	11	8	0	0.001
USC00046115	2014	11	11	9	0	0.001
USC00046115	2014	11	11	10	0	0.001
USC00046115	2014	11	11	11	0	0.001
USC00046115	2014	11	11	13	0	0.001
USC00046115	2014	11	11	14	0	0.001
USC00046115	2014	11	11	15	0	0.001
USC00046115	2014	11	11	17	0	0.001
USC00046115	2014	11	11	22	0	0.001
USC00046115	2014	11	12	1	0	0.001
USC00046115	2014	12	2	22	0	0.007
USC00046115	2014	12	3	2	0	0.007
USC00046115	2014	12	3	3	0	0.003
USC00046115	2014	12	3	4	0	0.011
USC00046115	2014	12	3	6	0	0.023
USC00046115	2014	12	3	7	0	0.031
USC00046115	2014	12	3	23	0	0.003
USC00046115	2014	12	4	5	0	0.018
USC00046115	2014	12	4	6	0	0.005
USC00046115	2014	12	12	15	0	0.098
USC00046115	2014	12	12	16	0	0.132
USC00046115	2014	12	12	17	0	0.058
USC00046115	2014	12	12	18	0	0.083
USC00046115	2014	12	12	19	0	0.002
USC00046115	2014	12	16	23	0	0.010
USC00046115	2014	12	17	11	0	0.010
USC00046115	2014	12	18	24	0	0.010
USC00046115	2014	12	19	13	0	0.010
USC00046115	2014	12	19	24	0	0.010
USC00046115	2014	12	28	2	0	0.010
USC00046115	2014	12	28	23	0	0.010
USC00046115	2014	12	31	8	0	0.010
USC00046115	2014	12	31	12	0	0.020
USC00046115	2014	12	31	13	0	0.030
USC00046115	2014	12	31	14	0	0.070
USC00046115	2014	12	31	23	0	0.010
