USC00044232	1990	1	13	8	0	0.100
USC00044232	1990	1	13	17	0	0.100
USC00044232	1990	1	17	10	0	0.100
USC00044232	1990	4	21	14	0	0.100
USC00044232	1990	5	12	13	0	0.100
USC00044232	1990	9	21	9	0	0.100
USC00044232	1990	9	22	7	0	0.100
USC00044232	1990	9	29	6	0	0.100
USC00044232	1991	2	27	20	0	0.100
USC00044232	1991	2	27	23	0	0.100
USC00044232	1991	2	28	0	0	0.100
USC00044232	1991	2	28	4	0	0.100
USC00044232	1991	2	28	8	0	0.100
USC00044232	1991	3	1	5	0	0.200
USC00044232	1991	3	1	7	0	0.100
USC00044232	1991	3	1	9	0	0.100
USC00044232	1991	3	1	10	0	0.100
USC00044232	1991	3	1	14	0	0.100
USC00044232	1991	3	1	15	0	0.100
USC00044232	1991	3	3	14	0	0.100
USC00044232	1991	3	3	15	0	0.100
USC00044232	1991	3	4	6	0	0.100
USC00044232	1991	3	4	7	0	0.100
USC00044232	1991	3	4	8	0	0.100
USC00044232	1991	3	4	9	0	0.200
USC00044232	1991	3	4	10	0	0.200
USC00044232	1991	3	4	11	0	0.200
USC00044232	1991	3	4	12	0	0.200
USC00044232	1991	3	4	13	0	0.300
USC00044232	1991	3	4	14	0	0.200
USC00044232	1991	3	4	15	0	0.300
USC00044232	1991	3	4	16	0	0.300
USC00044232	1991	3	4	17	0	0.300
USC00044232	1991	3	4	18	0	0.100
USC00044232	1991	3	18	13	0	0.100
USC00044232	1991	3	18	15	0	0.100
USC00044232	1991	3	19	5	0	0.100
USC00044232	1991	3	20	10	0	0.100
USC00044232	1991	3	21	7	0	0.100
USC00044232	1991	9	5	24	0	0.100
USC00044232	1991	10	26	12	0	0.100
USC00044232	1991	10	26	15	0	0.100
USC00044232	1991	10	26	17	0	0.100
USC00044232	1991	12	7	22	0	0.100
USC00044232	1991	12	29	12	0	0.100
USC00044232	1991	12	29	19	0	0.100
USC00044232	1991	12	29	21	0	0.100
USC00044232	1992	1	5	9	0	0.100
USC00044232	1992	2	5	23	0	0.100
USC00044232	1992	2	6	9	0	0.100
USC00044232	1992	2	6	14	0	0.100
USC00044232	1992	2	6	17	0	0.100
USC00044232	1992	2	6	19	0	0.100
USC00044232	1992	2	6	22	0	0.100
USC00044232	1992	2	11	3	0	0.100
USC00044232	1992	2	11	5	0	0.100
USC00044232	1992	2	12	9	0	0.200
USC00044232	1992	2	12	10	0	0.100
USC00044232	1992	2	12	11	0	0.100
USC00044232	1992	2	12	13	0	0.100
USC00044232	1992	2	13	8	0	0.100
USC00044232	1992	3	2	10	0	0.100
USC00044232	1992	3	2	16	0	0.100
USC00044232	1992	3	2	18	0	0.100
USC00044232	1992	3	3	10	0	0.100
USC00044232	1992	3	20	19	0	0.100
USC00044232	1992	3	20	20	0	0.200
USC00044232	1992	3	20	22	0	0.100
USC00044232	1992	3	31	18	0	0.100
USC00044232	1992	3	31	19	0	0.100
USC00044232	1992	4	16	11	0	0.100
USC00044232	1992	6	6	11	0	0.100
USC00044232	1992	6	6	16	0	0.100
USC00044232	1992	7	17	15	0	0.100
USC00044232	1992	10	30	1	0	0.100
USC00044232	1992	10	30	3	0	0.100
USC00044232	1992	10	30	4	0	0.300
USC00044232	1992	10	30	5	0	0.300
USC00044232	1992	10	30	6	0	0.100
USC00044232	1992	10	30	9	0	0.100
USC00044232	1992	12	6	19	0	0.100
USC00044232	1992	12	7	2	0	0.100
USC00044232	1992	12	11	9	0	0.100
USC00044232	1992	12	28	9	0	0.100
USC00044232	1993	1	7	1	0	0.100
USC00044232	1993	1	7	4	0	0.200
USC00044232	1993	1	7	5	0	0.100
USC00044232	1993	1	7	6	0	0.100
USC00044232	1993	1	7	9	0	0.100
USC00044232	1993	1	7	12	0	0.100
USC00044232	1993	1	7	18	0	0.100
USC00044232	1993	1	7	20	0	0.200
USC00044232	1993	1	7	21	0	0.200
USC00044232	1993	1	7	23	0	0.100
USC00044232	1993	1	12	17	0	0.100
USC00044232	1993	1	12	22	0	0.100
USC00044232	1993	1	12	23	0	0.100
USC00044232	1993	1	13	3	0	0.100
USC00044232	1993	1	13	19	0	0.100
USC00044232	1993	1	13	20	0	0.200
USC00044232	1993	1	13	21	0	0.100
USC00044232	1993	1	14	0	0	0.200
USC00044232	1993	1	15	18	0	0.100
USC00044232	1993	1	17	15	0	0.100
USC00044232	1993	1	18	4	0	0.100
USC00044232	1993	2	7	22	0	0.100
USC00044232	1993	2	8	0	0	0.100
USC00044232	1993	2	8	1	0	0.200
USC00044232	1993	2	8	2	0	0.100
USC00044232	1993	2	8	10	0	0.100
USC00044232	1993	2	18	10	0	0.100
USC00044232	1993	2	18	11	0	0.100
USC00044232	1993	2	18	12	0	0.100
USC00044232	1993	2	18	13	0	0.100
USC00044232	1993	2	18	17	0	0.100
USC00044232	1993	2	18	20	0	0.200
USC00044232	1993	2	18	23	0	0.100
USC00044232	1993	2	23	3	0	0.100
USC00044232	1993	2	23	4	0	0.100
USC00044232	1993	2	23	5	0	0.100
USC00044232	1993	2	23	6	0	0.100
USC00044232	1993	2	23	8	0	0.100
USC00044232	1993	2	26	0	0	0.100
USC00044232	1993	2	26	2	0	0.100
USC00044232	1993	2	26	5	0	0.100
USC00044232	1993	2	26	8	0	0.100
USC00044232	1993	2	26	9	0	0.100
USC00044232	1993	2	26	11	0	0.100
USC00044232	1993	3	26	9	0	0.100
USC00044232	1993	3	28	3	0	0.100
USC00044232	1993	3	28	6	0	0.100
USC00044232	1993	3	29	10	0	0.100
USC00044232	1993	11	22	5	0	0.100
USC00044232	1994	2	7	6	0	0.100
USC00044232	1994	2	7	17	0	0.100
USC00044232	1994	2	7	18	0	0.100
USC00044232	1994	2	20	0	0	0.100
USC00044232	1994	2	20	9	0	0.100
USC00044232	1994	3	6	20	0	0.100
USC00044232	1994	3	24	24	0	0.100
USC00044232	1994	3	25	1	0	0.100
USC00044232	1994	3	25	5	0	0.100
USC00044232	1994	3	25	7	0	0.100
USC00044232	1994	4	27	19	0	0.100
USC00044232	1994	5	7	21	0	0.100
USC00044232	1994	5	8	7	0	0.100
USC00044232	1994	5	17	21	0	0.100
USC00044232	1994	9	28	23	0	0.100
USC00044232	1994	9	29	2	0	0.100
USC00044232	1994	12	25	3	0	0.100
USC00044232	1994	12	29	1	0	0.100
USC00044232	1994	12	29	6	0	0.100
USC00044232	1995	1	4	9	0	0.100
USC00044232	1995	1	4	11	0	0.300
USC00044232	1995	1	4	13	0	0.200
USC00044232	1995	1	4	15	0	0.100
USC00044232	1995	1	5	3	0	0.100
USC00044232	1995	1	6	11	0	0.100
USC00044232	1995	1	7	3	0	0.100
USC00044232	1995	1	10	6	0	0.200
USC00044232	1995	1	10	7	0	0.100
USC00044232	1995	1	10	8	0	0.100
USC00044232	1995	1	10	9	0	0.100
USC00044232	1995	1	10	20	0	0.100
USC00044232	1995	1	10	21	0	0.200
USC00044232	1995	1	12	6	0	0.100
USC00044232	1995	1	14	11	0	0.100
USC00044232	1995	1	23	2	0	0.100
USC00044232	1995	1	23	10	0	0.100
USC00044232	1995	1	23	13	0	0.100
USC00044232	1995	1	23	14	0	0.100
USC00044232	1995	1	23	16	0	0.100
USC00044232	1995	1	23	17	0	0.100
USC00044232	1995	1	23	18	0	0.100
USC00044232	1995	1	23	24	0	0.100
USC00044232	1995	1	24	1	0	0.100
USC00044232	1995	1	24	2	0	0.100
USC00044232	1995	1	24	4	0	0.100
USC00044232	1995	1	24	10	0	0.100
USC00044232	1995	1	24	20	0	0.100
USC00044232	1995	1	24	22	0	0.100
USC00044232	1995	1	24	24	0	0.100
USC00044232	1995	1	25	2	0	0.100
USC00044232	1995	1	25	3	0	0.100
USC00044232	1995	1	25	13	0	0.100
USC00044232	1995	1	25	21	0	0.100
USC00044232	1995	2	13	24	0	0.100
USC00044232	1995	2	14	1	0	0.100
USC00044232	1995	2	14	2	0	0.200
USC00044232	1995	2	14	3	0	0.200
USC00044232	1995	3	9	19	0	0.100
USC00044232	1995	3	9	20	0	0.100
USC00044232	1995	3	9	23	0	0.100
USC00044232	1995	3	9	24	0	0.100
USC00044232	1995	3	10	1	0	0.300
USC00044232	1995	3	10	2	0	0.200
USC00044232	1995	3	10	3	0	0.400
USC00044232	1995	3	10	4	0	0.200
USC00044232	1995	3	10	5	0	0.100
USC00044232	1995	3	10	6	0	0.100
USC00044232	1995	3	10	7	0	0.100
USC00044232	1995	3	10	9	0	0.100
USC00044232	1995	3	10	10	0	0.100
USC00044232	1995	3	10	11	0	0.100
USC00044232	1995	3	10	12	0	0.100
USC00044232	1995	3	10	13	0	0.100
USC00044232	1995	3	10	17	0	0.100
USC00044232	1995	3	10	18	0	0.100
USC00044232	1995	3	10	19	0	0.100
USC00044232	1995	3	10	21	0	0.100
USC00044232	1995	3	11	2	0	0.100
USC00044232	1995	3	11	7	0	0.100
USC00044232	1995	3	23	14	0	0.100
USC00044232	1995	4	2	6	0	0.100
USC00044232	1995	5	2	6	0	0.100
USC00044232	1995	5	13	20	0	0.100
USC00044232	1995	5	14	11	0	0.100
USC00044232	1995	6	16	9	0	0.100
USC00044232	1995	7	10	16	0	0.100
USC00044232	1995	12	1	2	0	0.100
USC00044232	1995	12	12	7	0	0.100
USC00044232	1995	12	12	13	0	0.200
USC00044232	1995	12	12	14	0	0.200
USC00044232	1995	12	12	15	0	0.300
USC00044232	1995	12	12	16	0	0.200
USC00044232	1995	12	12	21	0	0.100
USC00044232	1995	12	22	23	0	0.100
USC00044232	1995	12	23	7	0	0.100
USC00044232	1995	12	23	12	0	0.100
USC00044232	1996	1	16	13	0	0.100
USC00044232	1996	1	16	14	0	0.200
USC00044232	1996	1	16	15	0	0.100
USC00044232	1996	1	16	19	0	0.100
USC00044232	1996	1	25	8	0	0.100
USC00044232	1996	1	27	13	0	0.200
USC00044232	1996	1	31	21	0	0.100
USC00044232	1996	2	4	13	0	0.100
USC00044232	1996	2	4	16	0	0.100
USC00044232	1996	2	4	21	0	0.100
USC00044232	1996	2	4	22	0	0.100
USC00044232	1996	2	5	1	0	0.100
USC00044232	1996	2	5	10	0	0.100
USC00044232	1996	2	19	18	0	0.100
USC00044232	1996	2	19	19	0	0.200
USC00044232	1996	2	19	20	0	0.100
USC00044232	1996	2	19	21	0	0.200
USC00044232	1996	2	19	22	0	0.300
USC00044232	1996	2	19	23	0	0.200
USC00044232	1996	2	19	24	0	0.300
USC00044232	1996	2	20	1	0	0.200
USC00044232	1996	2	20	2	0	0.100
USC00044232	1996	2	20	3	0	0.100
USC00044232	1996	2	20	4	0	0.100
USC00044232	1996	2	20	5	0	0.100
USC00044232	1996	2	20	7	0	0.100
USC00044232	1996	2	20	9	0	0.100
USC00044232	1996	2	20	10	0	0.100
USC00044232	1996	2	20	12	0	0.100
USC00044232	1996	2	20	13	0	0.200
USC00044232	1996	2	20	14	0	0.100
USC00044232	1996	2	20	15	0	0.100
USC00044232	1996	2	20	16	0	0.100
USC00044232	1996	2	20	18	0	0.100
USC00044232	1996	2	21	22	0	0.100
USC00044232	1996	3	4	19	0	0.100
USC00044232	1996	3	13	5	0	0.100
USC00044232	1996	3	13	7	0	0.100
USC00044232	1996	4	16	20	0	0.100
USC00044232	1996	4	16	21	0	0.100
USC00044232	1996	4	18	3	0	0.100
USC00044232	1996	5	25	8	0	0.100
USC00044232	1996	7	14	18	0	0.100
USC00044232	1996	7	27	23	0	0.100
USC00044232	1996	7	27	24	0	0.100
USC00044232	1996	10	29	24	0	0.082
USC00044232	1996	10	30	5	0	0.082
USC00044232	1996	10	30	13	0	0.082
USC00044232	1996	10	30	15	0	0.082
USC00044232	1996	11	17	9	0	0.082
USC00044232	1996	11	21	10	0	0.163
USC00044232	1996	11	21	13	0	0.082
USC00044232	1996	11	21	22	0	0.163
USC00044232	1996	11	21	24	0	0.082
USC00044232	1996	11	22	1	0	0.163
USC00044232	1996	11	22	2	0	0.082
USC00044232	1996	12	9	18	0	0.100
USC00044232	1996	12	9	20	0	0.100
USC00044232	1996	12	10	19	0	0.100
USC00044232	1996	12	10	20	0	0.100
USC00044232	1996	12	10	22	0	0.100
USC00044232	1996	12	10	24	0	0.100
USC00044232	1996	12	11	6	0	0.100
USC00044232	1996	12	22	2	0	0.100
USC00044232	1996	12	22	5	0	0.100
USC00044232	1996	12	22	6	0	0.100
USC00044232	1996	12	22	7	0	0.100
USC00044232	1996	12	22	11	0	0.100
USC00044232	1996	12	27	6	0	0.100
USC00044232	1996	12	27	8	0	0.100
USC00044232	1996	12	27	9	0	0.100
USC00044232	1997	1	2	13	0	0.100
USC00044232	1997	1	2	14	0	0.200
USC00044232	1997	1	2	15	0	0.100
USC00044232	1997	1	2	16	0	0.100
USC00044232	1997	1	2	17	0	0.200
USC00044232	1997	1	2	18	0	0.100
USC00044232	1997	1	2	19	0	0.100
USC00044232	1997	1	2	20	0	0.200
USC00044232	1997	1	2	21	0	0.200
USC00044232	1997	1	3	8	0	0.100
USC00044232	1997	1	23	1	0	0.100
USC00044232	1997	1	23	2	0	0.100
USC00044232	1997	1	23	4	0	0.100
USC00044232	1997	1	25	5	0	0.100
USC00044232	1997	1	25	7	0	0.200
USC00044232	1997	1	25	8	0	0.100
USC00044232	1997	1	25	10	0	0.100
USC00044232	1997	1	25	12	0	0.100
USC00044232	1997	1	25	21	0	0.100
USC00044232	1997	1	26	2	0	0.200
USC00044232	1997	5	5	14	0	0.400
USC00044232	1997	5	5	15	0	0.200
USC00044232	1997	5	5	16	0	0.100
USC00044232	1997	6	6	10	0	0.100
USC00044232	1997	6	14	1	0	0.100
USC00044232	1997	6	14	3	0	0.100
USC00044232	1997	6	14	15	0	0.100
USC00044232	1997	6	14	22	0	0.100
USC00044232	1997	7	22	17	0	0.100
USC00044232	1997	7	23	4	0	0.200
USC00044232	1997	7	28	14	0	0.100
USC00044232	1997	9	25	6	0	0.100
USC00044232	1997	9	25	8	0	0.100
USC00044232	1997	9	25	9	0	0.100
USC00044232	1997	9	25	11	0	0.100
USC00044232	1997	9	25	13	0	0.100
USC00044232	1997	11	26	4	0	0.100
USC00044232	1997	11	26	14	0	0.100
USC00044232	1997	12	5	21	0	0.100
USC00044232	1997	12	6	9	0	0.100
USC00044232	1997	12	6	11	0	0.100
USC00044232	1997	12	6	18	0	0.100
USC00044232	1997	12	7	17	0	0.200
USC00044232	1997	12	7	19	0	0.100
USC00044232	1997	12	8	10	0	0.100
USC00044232	1998	1	1	21	0	0.100
USC00044232	1998	1	9	21	0	0.100
USC00044232	1998	1	10	1	0	0.100
USC00044232	1998	1	18	22	0	0.300
USC00044232	1998	1	18	23	0	0.200
USC00044232	1998	2	1	17	0	0.100
USC00044232	1998	2	1	20	0	0.100
USC00044232	1998	2	1	21	0	0.200
USC00044232	1998	2	1	23	0	0.100
USC00044232	1998	2	2	4	0	0.100
USC00044232	1998	2	2	9	0	0.100
USC00044232	1998	2	2	10	0	0.100
USC00044232	1998	2	2	11	0	0.100
USC00044232	1998	2	2	12	0	0.100
USC00044232	1998	2	2	13	0	0.100
USC00044232	1998	2	3	11	0	0.082
USC00044232	1998	2	3	12	0	0.082
USC00044232	1998	2	3	14	0	0.100
USC00044232	1998	2	3	16	0	0.100
USC00044232	1998	2	6	16	0	0.300
USC00044232	1998	2	7	18	0	0.100
USC00044232	1998	2	7	19	0	0.100
USC00044232	1998	2	7	23	0	0.100
USC00044232	1998	2	14	9	0	0.200
USC00044232	1998	2	14	10	0	0.200
USC00044232	1998	2	14	11	0	0.200
USC00044232	1998	2	14	12	0	0.200
USC00044232	1998	2	14	13	0	0.100
USC00044232	1998	2	14	20	0	0.100
USC00044232	1998	2	17	12	0	0.100
USC00044232	1998	2	21	21	0	0.100
USC00044232	1998	2	21	22	0	0.100
USC00044232	1998	2	22	1	0	0.200
USC00044232	1998	2	22	8	0	0.100
USC00044232	1998	2	23	6	0	0.100
USC00044232	1998	2	23	8	0	0.200
USC00044232	1998	2	23	10	0	0.200
USC00044232	1998	2	23	11	0	0.100
USC00044232	1998	2	23	14	0	0.300
USC00044232	1998	2	23	15	0	0.100
USC00044232	1998	2	23	16	0	0.100
USC00044232	1998	2	23	17	0	0.100
USC00044232	1998	3	25	11	0	0.100
USC00044232	1998	3	25	22	0	0.100
USC00044232	1998	3	25	24	0	0.100
USC00044232	1998	3	28	12	0	0.100
USC00044232	1998	3	31	23	0	0.100
USC00044232	1998	3	31	24	0	0.100
USC00044232	1998	4	1	7	0	0.100
USC00044232	1998	4	1	11	0	0.100
USC00044232	1998	4	1	12	0	0.100
USC00044232	1998	5	7	12	0	0.100
USC00044232	1998	5	7	14	0	0.100
USC00044232	1998	6	9	19	0	0.100
USC00044232	1998	6	12	7	0	0.200
USC00044232	1998	6	12	8	0	0.100
USC00044232	1998	6	12	10	0	0.100
USC00044232	1998	6	12	14	0	0.200
USC00044232	1998	6	12	16	0	0.200
USC00044232	1998	6	12	17	0	0.200
USC00044232	1998	9	4	13	0	0.100
USC00044232	1998	9	4	21	0	0.100
USC00044232	1998	9	5	3	0	0.100
USC00044232	1998	9	5	17	0	0.100
USC00044232	1998	9	6	7	0	0.100
USC00044232	1998	9	29	5	0	0.100
USC00044232	1998	9	29	7	0	0.200
USC00044232	1998	11	12	11	0	0.100
USC00044232	1999	1	22	1	0	0.100
USC00044232	1999	1	22	5	0	0.100
USC00044232	1999	1	22	19	0	0.100
USC00044232	1999	1	26	2	0	0.100
USC00044232	1999	1	26	7	0	0.200
USC00044232	1999	1	27	15	0	0.300
USC00044232	1999	2	8	24	0	0.082
USC00044232	1999	2	9	4	0	0.082
USC00044232	1999	2	9	8	0	0.082
USC00044232	1999	5	24	12	0	0.100
USC00044232	1999	7	9	22	0	0.100
USC00044232	1999	8	26	22	0	0.100
USC00044232	2000	1	18	4	0	0.100
USC00044232	2000	1	30	20	0	0.200
USC00044232	2000	1	30	21	0	0.100
USC00044232	2000	1	30	23	0	0.100
USC00044232	2000	2	10	18	0	0.100
USC00044232	2000	2	10	19	0	0.100
USC00044232	2000	2	20	21	0	0.100
USC00044232	2000	2	23	17	0	0.100
USC00044232	2000	3	6	2	0	0.100
USC00044232	2000	3	6	10	0	0.100
USC00044232	2000	3	6	11	0	0.100
USC00044232	2000	8	8	17	0	0.100
USC00044232	2000	8	23	15	0	0.100
USC00044232	2000	8	30	15	0	0.100
USC00044232	2001	1	9	5	0	0.082
USC00044232	2001	1	10	17	0	0.163
USC00044232	2001	1	10	18	0	0.082
USC00044232	2001	1	10	21	0	0.163
USC00044232	2001	1	10	23	0	0.082
USC00044232	2001	1	11	3	0	0.163
USC00044232	2001	1	11	4	0	0.082
USC00044232	2001	1	20	16	0	0.082
USC00044232	2001	2	6	16	0	0.082
USC00044232	2001	2	11	18	0	0.082
USC00044232	2001	2	11	21	0	0.082
USC00044232	2001	2	17	14	0	0.400
USC00044232	2001	2	26	16	0	0.200
USC00044232	2001	2	27	10	0	0.100
USC00044232	2001	3	6	14	0	0.700
USC00044232	2001	4	13	8	0	0.100
USC00044232	2001	5	18	17	0	0.200
USC00044232	2001	7	6	12	0	0.300
USC00044232	2001	7	6	16	0	0.100
USC00044232	2001	12	30	12	0	0.300
USC00044232	2002	2	5	16	0	0.100
USC00044232	2002	4	2	15	0	0.100
USC00044232	2002	11	7	21	0	0.082
USC00044232	2002	11	7	22	0	0.082
USC00044232	2002	11	7	23	0	0.163
USC00044232	2002	11	7	24	0	0.245
USC00044232	2002	11	8	1	0	0.245
USC00044232	2002	11	8	2	0	0.163
USC00044232	2002	11	8	3	0	0.163
USC00044232	2002	11	8	4	0	0.082
USC00044232	2002	11	8	5	0	0.082
USC00044232	2002	11	8	6	0	0.082
USC00044232	2002	11	8	7	0	0.082
USC00044232	2002	11	8	9	0	0.163
USC00044232	2002	11	8	10	0	0.082
USC00044232	2002	11	8	11	0	0.082
USC00044232	2002	11	8	12	0	0.163
USC00044232	2002	11	8	13	0	0.163
USC00044232	2002	11	8	14	0	0.163
USC00044232	2002	11	8	15	0	0.163
USC00044232	2002	11	8	16	0	0.163
USC00044232	2002	11	8	17	0	0.082
USC00044232	2002	11	8	18	0	0.082
USC00044232	2002	11	9	4	0	0.082
USC00044232	2002	11	30	6	0	0.082
USC00044232	2002	12	14	17	0	0.100
USC00044232	2002	12	16	9	0	0.100
USC00044232	2002	12	16	10	0	0.200
USC00044232	2002	12	16	11	0	0.200
USC00044232	2002	12	16	12	0	0.100
USC00044232	2002	12	16	13	0	0.200
USC00044232	2002	12	16	24	0	0.100
USC00044232	2002	12	20	9	0	0.100
USC00044232	2003	2	11	9	0	0.100
USC00044232	2003	2	11	11	0	0.100
USC00044232	2003	2	12	6	0	0.100
USC00044232	2003	2	12	7	0	0.100
USC00044232	2003	2	12	8	0	0.100
USC00044232	2003	2	12	9	0	0.100
USC00044232	2003	2	12	10	0	0.100
USC00044232	2003	2	12	11	0	0.100
USC00044232	2003	2	12	12	0	0.100
USC00044232	2003	2	12	13	0	0.100
USC00044232	2003	2	12	14	0	0.200
USC00044232	2003	2	12	15	0	0.100
USC00044232	2003	2	12	17	0	0.100
USC00044232	2003	2	12	21	0	0.100
USC00044232	2003	2	13	9	0	0.100
USC00044232	2003	2	18	16	0	0.100
USC00044232	2003	2	19	22	0	0.100
USC00044232	2003	3	13	8	0	0.082
USC00044232	2003	3	15	10	0	0.082
USC00044232	2003	3	15	11	0	0.082
USC00044232	2003	3	15	15	0	0.082
USC00044232	2003	5	14	15	0	0.300
USC00044232	2003	7	24	14	0	0.100
USC00044232	2003	7	27	4	0	0.100
USC00044232	2003	7	27	5	0	0.100
USC00044232	2003	8	20	9	0	0.100
USC00044232	2003	8	26	2	0	0.100
USC00044232	2003	9	2	21	0	0.100
USC00044232	2003	11	9	2	0	0.082
USC00044232	2003	11	12	15	0	0.082
USC00044232	2003	11	12	20	0	0.082
USC00044232	2003	11	13	1	0	0.082
USC00044232	2003	11	16	1	0	0.082
USC00044232	2003	11	21	3	0	0.082
USC00044232	2003	11	21	4	0	0.082
USC00044232	2003	12	4	9	0	0.100
USC00044232	2003	12	5	18	0	0.100
USC00044232	2003	12	24	23	0	0.100
USC00044232	2003	12	25	4	0	0.100
USC00044232	2003	12	25	13	0	0.100
USC00044232	2004	1	1	16	0	0.100
USC00044232	2004	1	1	18	0	0.100
USC00044232	2004	1	1	20	0	0.100
USC00044232	2004	1	1	22	0	0.100
USC00044232	2004	2	11	4	0	0.100
USC00044232	2004	2	18	19	0	0.100
USC00044232	2004	2	18	21	0	0.100
USC00044232	2004	2	19	1	0	0.100
USC00044232	2004	2	19	6	0	0.100
USC00044232	2004	2	20	13	0	0.100
USC00044232	2004	2	20	15	0	0.300
USC00044232	2004	2	22	8	0	0.100
USC00044232	2004	2	22	10	0	0.100
USC00044232	2004	2	22	12	0	0.100
USC00044232	2004	2	22	14	0	0.100
USC00044232	2004	2	27	13	0	0.100
USC00044232	2004	2	27	19	0	0.100
USC00044232	2004	6	13	11	0	0.100
USC00044232	2004	7	9	15	0	0.100
USC00044232	2004	8	14	10	0	0.100
USC00044232	2004	10	19	14	0	0.100
USC00044232	2004	10	19	16	0	0.100
USC00044232	2004	10	19	17	0	0.100
USC00044232	2004	10	19	18	0	0.100
USC00044232	2004	10	19	20	0	0.100
USC00044232	2004	11	7	13	0	0.100
USC00044232	2004	11	7	15	0	0.100
USC00044232	2004	11	7	16	0	0.100
USC00044232	2004	11	7	18	0	0.100
USC00044232	2004	11	7	19	0	0.100
USC00044232	2004	11	7	21	0	0.100
USC00044232	2004	11	7	24	0	0.100
USC00044232	2004	11	8	2	0	0.100
USC00044232	2004	11	8	4	0	0.100
USC00044232	2004	11	8	9	0	0.100
USC00044232	2004	11	8	10	0	0.100
USC00044232	2004	11	8	12	0	0.100
USC00044232	2004	11	8	21	0	0.100
USC00044232	2004	12	7	12	0	0.100
USC00044232	2004	12	7	14	0	0.100
USC00044232	2004	12	22	1	0	0.100
USC00044232	2004	12	28	2	0	0.100
USC00044232	2004	12	28	4	0	0.100
USC00044232	2004	12	28	6	0	0.100
USC00044232	2004	12	28	8	0	0.100
USC00044232	2004	12	28	9	0	0.100
USC00044232	2004	12	28	10	0	0.100
USC00044232	2004	12	28	11	0	0.200
USC00044232	2004	12	28	12	0	0.200
USC00044232	2004	12	28	13	0	0.100
USC00044232	2004	12	28	23	0	0.100
USC00044232	2004	12	29	2	0	0.100
USC00044232	2004	12	29	3	0	0.100
USC00044232	2004	12	29	4	0	0.100
USC00044232	2004	12	29	9	0	0.100
USC00044232	2004	12	31	10	0	0.100
USC00044232	2005	1	2	20	0	0.100
USC00044232	2005	1	3	5	0	0.100
USC00044232	2005	1	3	15	0	0.100
USC00044232	2005	1	4	8	0	0.100
USC00044232	2005	1	4	10	0	0.100
USC00044232	2005	1	7	8	0	0.100
USC00044232	2005	1	7	9	0	0.200
USC00044232	2005	1	7	10	0	0.100
USC00044232	2005	1	7	13	0	0.100
USC00044232	2005	1	8	15	0	0.100
USC00044232	2005	1	8	19	0	0.100
USC00044232	2005	1	9	1	0	0.100
USC00044232	2005	1	9	6	0	0.100
USC00044232	2005	1	9	7	0	0.100
USC00044232	2005	1	9	11	0	0.200
USC00044232	2005	1	9	12	0	0.200
USC00044232	2005	1	9	13	0	0.100
USC00044232	2005	1	9	14	0	0.100
USC00044232	2005	1	9	19	0	0.100
USC00044232	2005	1	10	20	0	0.100
USC00044232	2005	1	10	24	0	0.100
USC00044232	2005	1	11	1	0	0.100
USC00044232	2005	1	11	4	0	0.100
USC00044232	2005	2	11	8	0	0.100
USC00044232	2005	2	11	11	0	0.100
USC00044232	2005	2	12	12	0	0.100
USC00044232	2005	2	17	6	0	0.100
USC00044232	2005	2	18	9	0	0.100
USC00044232	2005	2	18	13	0	0.100
USC00044232	2005	2	19	9	0	0.100
USC00044232	2005	2	19	12	0	0.100
USC00044232	2005	2	19	13	0	0.100
USC00044232	2005	2	20	22	0	0.100
USC00044232	2005	2	20	23	0	0.100
USC00044232	2005	2	20	24	0	0.100
USC00044232	2005	2	21	1	0	0.100
USC00044232	2005	2	21	4	0	0.100
USC00044232	2005	2	21	6	0	0.100
USC00044232	2005	2	21	11	0	0.100
USC00044232	2005	2	21	15	0	0.100
USC00044232	2005	2	22	4	0	0.100
USC00044232	2005	2	22	8	0	0.100
USC00044232	2005	2	22	11	0	0.100
USC00044232	2005	3	8	18	0	0.082
USC00044232	2005	3	22	20	0	0.100
USC00044232	2005	3	22	21	0	0.100
USC00044232	2005	3	22	23	0	0.100
USC00044232	2005	4	16	9	0	0.100
USC00044232	2005	7	21	4	0	0.020
USC00044232	2005	8	5	18	0	0.099
USC00044232	2005	8	14	20	0	0.060
USC00044232	2005	8	14	22	0	0.020
USC00044232	2005	8	14	23	0	0.012
USC00044232	2005	8	15	2	0	0.040
USC00044232	2005	8	15	5	0	0.012
USC00044232	2005	8	15	6	0	0.020
USC00044232	2005	8	15	7	0	0.032
USC00044232	2005	8	15	8	0	0.032
USC00044232	2005	8	15	9	0	0.032
USC00044232	2005	8	15	12	0	0.060
USC00044232	2005	8	15	13	0	0.012
USC00044232	2005	8	15	14	0	0.012
USC00044232	2005	8	18	12	0	0.100
USC00044232	2005	9	20	7	0	0.100
USC00044232	2005	9	20	10	0	0.100
USC00044232	2005	9	20	12	0	0.100
USC00044232	2005	9	20	13	0	0.100
USC00044232	2005	9	20	14	0	0.100
USC00044232	2005	9	26	16	0	0.100
USC00044232	2005	10	17	24	0	0.100
USC00044232	2005	10	18	10	0	0.100
USC00044232	2005	10	18	11	0	0.100
USC00044232	2005	12	1	21	0	0.100
USC00044232	2005	12	1	22	0	0.100
USC00044232	2005	12	1	24	0	0.100
USC00044232	2005	12	2	1	0	0.100
USC00044232	2005	12	2	2	0	0.200
USC00044232	2005	12	2	3	0	0.100
USC00044232	2005	12	2	4	0	0.100
USC00044232	2005	12	2	5	0	0.100
USC00044232	2005	12	2	6	0	0.200
USC00044232	2005	12	2	7	0	0.100
USC00044232	2005	12	2	8	0	0.100
USC00044232	2005	12	2	10	0	0.100
USC00044232	2005	12	18	9	0	0.100
USC00044232	2005	12	18	14	0	0.100
USC00044232	2005	12	18	17	0	0.200
USC00044232	2005	12	18	18	0	0.100
USC00044232	2005	12	18	19	0	0.100
USC00044232	2005	12	18	22	0	0.100
USC00044232	2005	12	31	9	0	0.100
USC00044232	2005	12	31	10	0	0.100
USC00044232	2005	12	31	11	0	0.200
USC00044232	2005	12	31	12	0	0.100
USC00044232	2005	12	31	13	0	0.100
USC00044232	2005	12	31	15	0	0.100
USC00044232	2005	12	31	20	0	0.100
USC00044232	2006	1	1	18	0	0.100
USC00044232	2006	1	1	19	0	0.100
USC00044232	2006	1	1	20	0	0.200
USC00044232	2006	1	1	21	0	0.200
USC00044232	2006	1	1	22	0	0.100
USC00044232	2006	1	1	23	0	0.200
USC00044232	2006	1	2	0	0	0.100
USC00044232	2006	1	2	1	0	0.100
USC00044232	2006	1	2	2	0	0.200
USC00044232	2006	1	2	3	0	0.100
USC00044232	2006	1	2	4	0	0.100
USC00044232	2006	1	2	6	0	0.100
USC00044232	2006	1	2	7	0	0.100
USC00044232	2006	1	2	8	0	0.200
USC00044232	2006	1	2	10	0	0.200
USC00044232	2006	1	2	11	0	0.100
USC00044232	2006	1	2	17	0	0.100
USC00044232	2006	2	27	19	0	0.100
USC00044232	2006	2	27	21	0	0.100
USC00044232	2006	2	28	1	0	0.100
USC00044232	2006	3	28	16	0	0.100
USC00044232	2006	4	3	18	0	0.100
USC00044232	2006	4	4	9	0	0.100
USC00044232	2006	6	28	2	0	0.100
USC00044232	2006	6	28	12	0	0.100
USC00044232	2006	7	5	12	0	0.100
USC00044232	2006	7	21	9	0	0.100
USC00044232	2006	7	24	13	0	0.100
USC00044232	2007	1	4	17	0	0.100
USC00044232	2007	1	21	3	0	0.100
USC00044232	2007	1	27	23	0	0.100
USC00044232	2007	1	27	24	0	0.100
USC00044232	2007	1	28	3	0	0.100
USC00044232	2007	1	28	9	0	0.100
USC00044232	2007	2	10	24	0	0.100
USC00044232	2007	2	15	10	0	0.100
USC00044232	2007	2	19	3	0	0.200
USC00044232	2007	2	25	11	0	0.100
USC00044232	2007	2	27	4	0	0.100
USC00044232	2007	2	27	5	0	0.100
USC00044232	2007	6	5	19	0	0.002
USC00044232	2007	6	5	21	0	0.002
USC00044232	2007	6	8	6	0	0.008
USC00044232	2007	6	9	6	0	0.003
USC00044232	2007	6	9	19	0	0.005
USC00044232	2007	6	9	21	0	0.003
USC00044232	2007	6	15	5	0	0.004
USC00044232	2007	6	16	4	0	0.004
USC00044232	2007	8	27	8	0	0.100
USC00044232	2007	8	28	16	0	0.100
USC00044232	2007	12	6	17	0	0.100
USC00044232	2007	12	6	18	0	0.200
USC00044232	2007	12	6	19	0	0.200
USC00044232	2007	12	6	20	0	0.200
USC00044232	2007	12	6	21	0	0.200
USC00044232	2007	12	6	22	0	0.200
USC00044232	2007	12	6	23	0	0.200
USC00044232	2007	12	7	1	0	0.100
USC00044232	2008	1	4	12	0	0.100
USC00044232	2008	1	4	13	0	0.100
USC00044232	2008	1	4	14	0	0.200
USC00044232	2008	1	4	15	0	0.200
USC00044232	2008	1	4	16	0	0.200
USC00044232	2008	1	4	17	0	0.200
USC00044232	2008	1	4	18	0	0.100
USC00044232	2008	1	4	19	0	0.200
USC00044232	2008	1	4	20	0	0.300
USC00044232	2008	1	4	21	0	0.200
USC00044232	2008	1	4	22	0	0.200
USC00044232	2008	1	4	23	0	0.200
USC00044232	2008	1	4	24	0	0.300
USC00044232	2008	1	5	1	0	0.100
USC00044232	2008	1	5	2	0	0.100
USC00044232	2008	1	5	23	0	0.100
USC00044232	2008	1	6	4	0	0.100
USC00044232	2008	1	23	21	0	0.100
USC00044232	2008	1	23	22	0	0.100
USC00044232	2008	1	24	1	0	0.100
USC00044232	2008	1	24	8	0	0.100
USC00044232	2008	1	26	10	0	0.100
USC00044232	2008	1	26	22	0	0.100
USC00044232	2008	1	26	24	0	0.100
USC00044232	2008	1	27	1	0	0.100
USC00044232	2008	1	27	2	0	0.100
USC00044232	2008	1	27	3	0	0.100
USC00044232	2008	1	27	20	0	0.100
USC00044232	2008	2	3	2	0	0.100
USC00044232	2008	2	3	3	0	0.100
USC00044232	2008	2	3	4	0	0.100
USC00044232	2008	2	3	5	0	0.100
USC00044232	2008	2	21	21	0	0.100
USC00044232	2008	2	21	22	0	0.100
USC00044232	2008	2	21	23	0	0.100
USC00044232	2008	2	23	17	0	0.100
USC00044232	2008	2	23	23	0	0.100
USC00044232	2008	5	9	16	0	0.100
USC00044232	2008	7	12	22	0	0.100
USC00044232	2008	11	1	17	0	0.100
USC00044232	2008	11	1	22	0	0.100
USC00044232	2008	11	2	4	0	0.100
USC00044232	2008	11	8	23	0	0.013
USC00044232	2008	11	8	24	0	0.011
USC00044232	2008	11	9	1	0	0.021
USC00044232	2008	11	9	2	0	0.024
USC00044232	2008	11	9	3	0	0.021
USC00044232	2008	11	9	12	0	0.001
USC00044232	2008	11	9	13	0	0.007
USC00044232	2008	11	25	22	0	0.037
USC00044232	2008	11	26	3	0	0.037
USC00044232	2008	11	26	10	0	0.04
USC00044232	2008	11	26	11	0	0.059
USC00044232	2008	11	26	12	0	0.175
USC00044232	2008	11	26	13	0	0.028
USC00044232	2008	11	26	14	0	0.022
USC00044232	2008	11	26	15	0	0.034
USC00044232	2008	11	26	22	0	0.217
USC00044232	2008	11	26	23	0	0.021
USC00044232	2008	11	27	13	0	0.011
USC00044232	2008	12	15	6	0	0.100
USC00044232	2008	12	15	7	0	0.100
USC00044232	2008	12	15	9	0	0.100
USC00044232	2008	12	17	6	0	0.100
USC00044232	2008	12	22	13	0	0.100
USC00044232	2008	12	25	19	0	0.100
USC00044232	2008	12	25	21	0	0.100
USC00044232	2008	12	25	22	0	0.100
USC00044232	2009	1	22	2	0	0.008
USC00044232	2009	1	22	3	0	0.015
USC00044232	2009	1	22	10	0	0.011
USC00044232	2009	1	22	11	0	0.012
USC00044232	2009	1	22	12	0	0.01
USC00044232	2009	1	22	13	0	0.009
USC00044232	2009	1	22	14	0	0.03
USC00044232	2009	1	22	15	0	0.015
USC00044232	2009	1	22	22	0	0.001
USC00044232	2009	1	22	23	0	0.001
USC00044232	2009	1	23	3	0	0.002
USC00044232	2009	1	23	10	0	0.002
USC00044232	2009	1	23	11	0	0.003
USC00044232	2009	1	23	12	0	0.004
USC00044232	2009	1	23	13	0	0.005
USC00044232	2009	1	23	22	0	0.037
USC00044232	2009	1	23	23	0	0.013
USC00044232	2009	1	23	24	0	0.01
USC00044232	2009	1	24	1	0	0.006
USC00044232	2009	1	24	2	0	0.005
USC00044232	2009	1	24	3	0	0.021
USC00044232	2009	1	24	11	0	0.005
USC00044232	2009	1	24	13	0	0.001
USC00044232	2009	1	24	14	0	0.002
USC00044232	2009	1	24	15	0	0.002
USC00044232	2009	1	24	22	0	0.001
USC00044232	2009	1	25	1	0	0.001
USC00044232	2009	1	25	2	0	0.014
USC00044232	2009	1	25	3	0	0.016
USC00044232	2009	1	25	10	0	0.034
USC00044232	2009	1	25	11	0	0.009
USC00044232	2009	1	26	12	0	0.006
USC00044232	2009	2	5	22	0	0.002
USC00044232	2009	2	5	24	0	0.002
USC00044232	2009	2	6	3	0	0.002
USC00044232	2009	2	6	11	0	0.038
USC00044232	2009	2	6	12	0	0.079
USC00044232	2009	2	6	13	0	0.036
USC00044232	2009	2	6	14	0	0.024
USC00044232	2009	2	6	15	0	0.062
USC00044232	2009	2	7	13	0	0.01
USC00044232	2009	2	7	14	0	0.038
USC00044232	2009	2	7	15	0	0.062
USC00044232	2009	2	7	22	0	0.032
USC00044232	2009	2	7	23	0	0.028
USC00044232	2009	2	7	24	0	0.032
USC00044232	2009	2	8	2	0	0.028
USC00044232	2009	2	8	10	0	0.018
USC00044232	2009	2	8	11	0	0.011
USC00044232	2009	2	8	13	0	0.015
USC00044232	2009	2	8	14	0	0.002
USC00044232	2009	2	8	15	0	0.019
USC00044232	2009	2	8	24	0	0.012
USC00044232	2009	2	9	1	0	0.018
USC00044232	2009	2	9	2	0	0.022
USC00044232	2009	2	9	3	0	0.026
USC00044232	2009	2	9	14	0	0.007
USC00044232	2009	2	10	1	0	0.002
USC00044232	2009	2	10	2	0	0.002
USC00044232	2009	2	10	12	0	0.004
USC00044232	2009	2	10	13	0	0.004
USC00044232	2009	2	10	14	0	0.002
USC00044232	2009	2	10	15	0	0.004
USC00044232	2009	2	10	24	0	0.002
USC00044232	2009	2	11	10	0	0.003
USC00044232	2009	2	11	12	0	0.005
USC00044232	2009	2	11	13	0	0.008
USC00044232	2009	2	12	14	0	0.002
USC00044232	2009	2	12	15	0	0.002
USC00044232	2009	2	13	13	0	0.009
USC00044232	2009	2	13	15	0	0.007
USC00044232	2009	2	16	10	0	0.091
USC00044232	2009	2	18	2	0	0.021
USC00044232	2009	2	22	10	0	0.025
USC00044232	2009	2	22	11	0	0.026
USC00044232	2009	2	22	12	0	0.026
USC00044232	2009	2	22	15	0	0.01
USC00044232	2009	2	22	22	0	0.022
USC00044232	2009	2	22	23	0	0.024
USC00044232	2009	2	22	24	0	0.016
USC00044232	2009	2	23	10	0	0.005
USC00044232	2009	2	23	11	0	0.01
USC00044232	2009	2	23	13	0	0.004
USC00044232	2009	2	23	14	0	0.011
USC00044232	2009	2	23	15	0	0.009
USC00044232	2009	3	2	2	0	0.005
USC00044232	2009	3	2	3	0	0.011
USC00044232	2009	3	2	10	0	0.016
USC00044232	2009	3	4	2	0	0.004
USC00044232	2009	3	4	3	0	0.05
USC00044232	2009	3	4	11	0	0.001
USC00044232	2009	3	4	12	0	0.001
USC00044232	2009	3	4	14	0	0.002
USC00044232	2009	3	4	15	0	0.003
USC00044232	2009	3	4	23	0	0.002
USC00044232	2009	4	7	22	0	0.039
USC00044232	2009	4	8	12	0	0.001
USC00044232	2009	4	8	13	0	0.003
USC00044232	2009	4	9	10	0	0.001
USC00044232	2009	4	10	11	0	0.006
USC00044232	2009	4	10	21	0	0.004
USC00044232	2009	4	10	24	0	0.006
USC00044232	2009	4	11	1	0	0.004
USC00044232	2009	4	11	2	0	0.001
USC00044232	2009	4	15	1	0	0.004
USC00044232	2009	4	15	10	0	0.001
USC00044232	2009	4	15	12	0	0.002
USC00044232	2009	4	15	13	0	0.001
USC00044232	2009	4	19	19	0	0.001
USC00044232	2009	5	1	17	0	0.027
USC00044232	2009	5	1	18	0	0.063
USC00044232	2009	5	2	1	0	0.063
USC00044232	2009	5	2	2	0	0.07
USC00044232	2009	5	2	16	0	0.01
USC00044232	2009	5	22	13	0	0.004
USC00044232	2009	5	22	15	0	0.001
USC00044232	2009	5	29	1	0	0.001
USC00044232	2009	5	29	13	0	0.001
USC00044232	2009	5	30	14	0	0.003
USC00044232	2009	5	30	15	0	0.001
USC00044232	2009	5	31	16	0	0.004
USC00044232	2009	6	1	15	0	0.002
USC00044232	2009	6	2	12	0	0.001
USC00044232	2009	6	3	10	0	0.026
USC00044232	2009	6	3	13	0	0.100
USC00044232	2009	6	5	20	0	0.100
USC00044232	2009	6	29	6	0	0.001
USC00044232	2009	6	30	19	0	0.003
USC00044232	2009	9	4	15	0	0.036
USC00044232	2009	9	14	22	0	0.001
USC00044232	2009	10	13	13	0	0.100
USC00044232	2009	10	13	16	0	0.100
USC00044232	2009	10	13	17	0	0.100
USC00044232	2009	10	13	18	0	0.200
USC00044232	2009	10	13	19	0	0.200
USC00044232	2009	10	13	20	0	0.100
USC00044232	2009	10	13	21	0	0.100
USC00044232	2009	10	13	23	0	0.100
USC00044232	2009	10	13	24	0	0.200
USC00044232	2009	10	14	1	0	0.100
USC00044232	2009	10	14	2	0	0.200
USC00044232	2009	10	14	3	0	0.100
USC00044232	2009	11	25	15	0	0.100
USC00044232	2009	12	7	10	0	0.029
USC00044232	2009	12	7	12	0	0.035
USC00044232	2009	12	7	13	0	0.028
USC00044232	2009	12	7	15	0	0.035
USC00044232	2009	12	7	16	0	0.029
USC00044232	2009	12	7	17	0	0.035
USC00044232	2009	12	10	13	0	0.019
USC00044232	2009	12	11	7	0	0.015
USC00044232	2009	12	11	8	0	0.01
USC00044232	2009	12	11	9	0	0.005
USC00044232	2009	12	11	10	0	0.004
USC00044232	2009	12	11	11	0	0.009
USC00044232	2009	12	11	12	0	0.025
USC00044232	2009	12	11	14	0	0.009
USC00044232	2009	12	11	15	0	0.006
USC00044232	2009	12	11	16	0	0.005
USC00044232	2009	12	11	17	0	0.005
USC00044232	2009	12	11	22	0	0.001
USC00044232	2009	12	11	23	0	0.018
USC00044232	2009	12	11	24	0	0.009
USC00044232	2009	12	12	8	0	0.005
USC00044232	2009	12	12	10	0	0.002
USC00044232	2009	12	12	12	0	0.009
USC00044232	2009	12	12	13	0	0.02
USC00044232	2009	12	12	14	0	0.065
USC00044232	2009	12	12	15	0	0.165
USC00044232	2009	12	12	16	0	0.126
USC00044232	2009	12	12	17	0	0.123
USC00044232	2009	12	12	18	0	0.121
USC00044232	2009	12	12	19	0	0.047
USC00044232	2009	12	12	20	0	0.018
USC00044232	2009	12	12	21	0	0.004
USC00044232	2009	12	12	22	0	0.01
USC00044232	2009	12	12	23	0	0.008
USC00044232	2009	12	12	24	0	0.028
USC00044232	2009	12	13	7	0	0.002
USC00044232	2009	12	13	8	0	0.012
USC00044232	2009	12	13	9	0	0.033
USC00044232	2009	12	13	10	0	0.054
USC00044232	2009	12	13	11	0	0.034
USC00044232	2009	12	13	12	0	0.012
USC00044232	2009	12	13	13	0	0.005
USC00044232	2009	12	13	14	0	0.005
USC00044232	2009	12	13	15	0	0.005
USC00044232	2009	12	21	20	0	0.017
USC00044232	2009	12	21	21	0	0.045
USC00044232	2009	12	21	24	0	0.034
USC00044232	2009	12	22	1	0	0.028
USC00044232	2009	12	22	2	0	0.002
USC00044232	2009	12	22	9	0	0.005
USC00044232	2009	12	22	10	0	0.008
USC00044232	2009	12	22	13	0	0.002
USC00044232	2009	12	22	15	0	0.003
USC00044232	2009	12	22	18	0	0.001
USC00044232	2009	12	29	10	0	0.001
USC00044232	2009	12	29	23	0	0.001
USC00044232	2009	12	30	8	0	0.001
USC00044232	2009	12	30	9	0	0.002
USC00044232	2009	12	30	11	0	0.001
USC00044232	2009	12	30	13	0	0.003
USC00044232	2009	12	30	14	0	0.006
USC00044232	2009	12	30	15	0	0.001
USC00044232	2010	1	12	12	0	0.100
USC00044232	2010	1	18	12	0	0.100
USC00044232	2010	1	18	13	0	0.100
USC00044232	2010	1	18	17	0	0.100
USC00044232	2010	1	18	18	0	0.200
USC00044232	2010	1	18	19	0	0.100
USC00044232	2010	1	19	22	0	0.100
USC00044232	2010	1	20	19	0	0.100
USC00044232	2010	1	21	15	0	0.100
USC00044232	2010	1	21	17	0	0.100
USC00044232	2010	1	21	19	0	0.100
USC00044232	2010	1	22	14	0	0.100
USC00044232	2010	2	5	9	0	0.100
USC00044232	2010	2	5	15	0	0.100
USC00044232	2010	2	6	10	0	0.100
USC00044232	2010	2	11	14	0	0.100
USC00044232	2010	2	15	14	0	0.100
USC00044232	2010	2	27	3	0	0.100
USC00044232	2010	2	27	15	0	0.100
USC00044232	2010	2	27	17	0	0.100
USC00044232	2010	2	28	12	0	0.100
USC00044232	2010	3	2	14	0	0.004
USC00044232	2010	3	2	22	0	0.002
USC00044232	2010	3	2	23	0	0.001
USC00044232	2010	3	3	18	0	0.103
USC00044232	2010	3	3	20	0	0.003
USC00044232	2010	3	3	21	0	0.16
USC00044232	2010	3	3	22	0	0.146
USC00044232	2010	3	3	24	0	0.1
USC00044232	2010	3	6	11	0	0.011
USC00044232	2010	3	10	14	0	0.002
USC00044232	2010	3	12	19	0	0.003
USC00044232	2010	3	12	20	0	0.015
USC00044232	2010	3	12	21	0	0.012
USC00044232	2010	3	12	22	0	0.01
USC00044232	2010	3	12	23	0	0.014
USC00044232	2010	3	30	8	0	0.002
USC00044232	2010	3	31	16	0	0.026
USC00044232	2010	4	5	9	0	0.100
USC00044232	2010	4	5	10	0	0.100
USC00044232	2010	4	11	17	0	0.008
USC00044232	2010	4	11	18	0	0.008
USC00044232	2010	4	11	19	0	0.008
USC00044232	2010	4	11	20	0	0.005
USC00044232	2010	4	11	21	0	0.005
USC00044232	2010	4	11	22	0	0.005
USC00044232	2010	4	11	23	0	0.002
USC00044232	2010	4	11	24	0	0.002
USC00044232	2010	4	12	1	0	0.002
USC00044232	2010	4	12	2	0	0.002
USC00044232	2010	4	12	3	0	0.002
USC00044232	2010	4	12	4	0	0.002
USC00044232	2010	4	12	20	0	0.01
USC00044232	2010	4	12	21	0	0.001
USC00044232	2010	4	13	2	0	0.001
USC00044232	2010	4	13	4	0	0.001
USC00044232	2010	4	21	5	0	0.001
USC00044232	2010	4	21	9	0	0.001
USC00044232	2010	4	21	14	0	0.004
USC00044232	2010	4	21	15	0	0.001
USC00044232	2010	4	21	16	0	0.001
USC00044232	2010	4	21	18	0	0.001
USC00044232	2010	4	22	8	0	0.008
USC00044232	2010	4	22	12	0	0.002
USC00044232	2010	4	22	13	0	0.002
USC00044232	2010	4	22	14	0	0.001
USC00044232	2010	4	22	15	0	0.01
USC00044232	2010	4	22	16	0	0.002
USC00044232	2010	4	22	17	0	0.002
USC00044232	2010	4	22	18	0	0.001
USC00044232	2010	4	27	20	0	0.001
USC00044232	2010	5	9	22	0	0.011
USC00044232	2010	5	10	8	0	0.001
USC00044232	2010	5	10	9	0	0.002
USC00044232	2010	5	10	18	0	0.001
USC00044232	2010	5	10	19	0	0.002
USC00044232	2010	5	10	20	0	0.003
USC00044232	2010	5	10	21	0	0.003
USC00044232	2010	5	17	12	0	0.004
USC00044232	2010	5	17	13	0	0.009
USC00044232	2010	5	17	14	0	0.009
USC00044232	2010	5	17	15	0	0.009
USC00044232	2010	5	23	11	0	0.001
USC00044232	2010	5	27	13	0	0.002
USC00044232	2010	7	6	20	0	0.001
USC00044232	2010	7	11	2	0	0.002
USC00044232	2010	7	16	6	0	0.03
USC00044232	2010	7	16	14	0	0.001
USC00044232	2010	7	25	12	0	0.001
USC00044232	2010	7	25	15	0	0.086
USC00044232	2010	7	25	17	0	0.001
USC00044232	2010	7	25	23	0	0.003
USC00044232	2010	7	26	8	0	0.003
USC00044232	2010	10	1	6	0	0.007
USC00044232	2010	10	1	15	0	0.023
USC00044232	2010	10	2	14	0	0.028
USC00044232	2010	10	2	17	0	0.003
USC00044232	2010	10	2	22	0	0.001
USC00044232	2010	10	3	14	0	0.003
USC00044232	2010	10	3	17	0	0.001
USC00044232	2010	10	3	18	0	0.009
USC00044232	2010	10	4	6	0	0.008
USC00044232	2010	10	4	7	0	0.005
USC00044232	2010	10	4	13	0	0.001
USC00044232	2010	10	4	22	0	0.002
USC00044232	2010	10	5	10	0	0.001
USC00044232	2010	10	5	14	0	0.001
USC00044232	2010	10	5	15	0	0.001
USC00044232	2010	10	5	16	0	0.001
USC00044232	2010	10	17	13	0	0.001
USC00044232	2010	10	17	18	0	0.001
USC00044232	2010	10	17	19	0	0.002
USC00044232	2010	10	17	20	0	0.002
USC00044232	2010	10	17	23	0	0.002
USC00044232	2010	10	18	17	0	0.001
USC00044232	2010	10	21	15	0	0.012
USC00044232	2010	10	24	19	0	0.001
USC00044232	2010	10	24	20	0	0.001
USC00044232	2010	10	24	21	0	0.002
USC00044232	2010	10	24	22	0	0.002
USC00044232	2010	10	24	23	0	0.006
USC00044232	2010	10	24	24	0	0.003
USC00044232	2010	10	25	1	0	0.002
USC00044232	2010	10	30	4	0	0.001
USC00044232	2010	10	30	7	0	0.003
USC00044232	2010	10	30	8	0	0.008
USC00044232	2010	10	30	9	0	0.002
USC00044232	2010	11	6	15	0	0.015
USC00044232	2010	11	6	16	0	0.006
USC00044232	2010	11	7	21	0	0.004
USC00044232	2010	11	7	22	0	0.007
USC00044232	2010	11	7	23	0	0.007
USC00044232	2010	11	7	24	0	0.003
USC00044232	2010	11	8	2	0	0.004
USC00044232	2010	11	8	3	0	0.004
USC00044232	2010	11	8	4	0	0.004
USC00044232	2010	11	8	9	0	0.003
USC00044232	2010	11	21	4	0	0.100
USC00044232	2010	11	21	11	0	0.100
USC00044232	2010	12	5	20	0	0.100
USC00044232	2010	12	5	22	0	0.100
USC00044232	2010	12	5	23	0	0.100
USC00044232	2010	12	18	1	0	0.100
USC00044232	2010	12	18	4	0	0.100
USC00044232	2010	12	18	7	0	0.100
USC00044232	2010	12	18	8	0	0.100
USC00044232	2010	12	18	10	0	0.100
USC00044232	2010	12	18	11	0	0.100
USC00044232	2010	12	18	13	0	0.200
USC00044232	2010	12	18	15	0	0.100
USC00044232	2010	12	18	16	0	0.300
USC00044232	2010	12	18	17	0	0.200
USC00044232	2010	12	18	18	0	0.100
USC00044232	2010	12	18	19	0	0.200
USC00044232	2010	12	18	20	0	0.100
USC00044232	2010	12	18	22	0	0.100
USC00044232	2010	12	19	1	0	0.100
USC00044232	2010	12	19	2	0	0.100
USC00044232	2010	12	19	5	0	0.100
USC00044232	2010	12	19	6	0	0.100
USC00044232	2010	12	19	7	0	0.200
USC00044232	2010	12	19	8	0	0.100
USC00044232	2010	12	19	9	0	0.200
USC00044232	2010	12	19	10	0	0.200
USC00044232	2010	12	19	11	0	0.300
USC00044232	2010	12	19	12	0	0.300
USC00044232	2010	12	19	13	0	0.200
USC00044232	2010	12	19	14	0	0.300
USC00044232	2010	12	19	15	0	0.200
USC00044232	2010	12	19	16	0	0.200
USC00044232	2010	12	19	17	0	0.200
USC00044232	2010	12	19	18	0	0.100
USC00044232	2010	12	19	19	0	0.100
USC00044232	2010	12	19	22	0	0.100
USC00044232	2010	12	19	23	0	0.100
USC00044232	2010	12	20	1	0	0.100
USC00044232	2010	12	20	2	0	0.100
USC00044232	2010	12	20	3	0	0.100
USC00044232	2010	12	20	7	0	0.100
USC00044232	2010	12	20	13	0	0.100
USC00044232	2010	12	20	17	0	0.100
USC00044232	2010	12	20	20	0	0.100
USC00044232	2010	12	21	1	0	0.100
USC00044232	2010	12	22	4	0	0.100
USC00044232	2010	12	22	6	0	0.100
USC00044232	2010	12	22	9	0	0.100
USC00044232	2010	12	22	14	0	0.100
USC00044232	2010	12	22	17	0	0.100
USC00044232	2010	12	29	5	0	0.100
USC00044232	2010	12	29	6	0	0.100
USC00044232	2011	2	2	14	0	0.100
USC00044232	2011	2	20	15	0	0.100
USC00044232	2011	2	25	14	0	0.100
USC00044232	2011	2	25	20	0	0.100
USC00044232	2011	2	25	22	0	0.100
USC00044232	2011	3	7	5	0	0.100
USC00044232	2011	3	8	11	0	0.100
USC00044232	2011	3	20	21	0	0.100
USC00044232	2011	3	23	22	0	0.200
USC00044232	2011	3	24	12	0	0.299
USC00044232	2011	3	24	13	0	0.001
USC00044232	2011	3	24	16	0	0.141
USC00044232	2011	3	24	19	0	0.079
USC00044232	2011	3	24	20	0	0.262
USC00044232	2011	3	24	22	0	0.046
USC00044232	2011	3	24	23	0	0.364
USC00044232	2011	3	24	24	0	0.001
USC00044232	2011	3	25	2	0	0.001
USC00044232	2011	3	25	3	0	0.001
USC00044232	2011	4	2	23	0	0.001
USC00044232	2011	4	9	4	0	0.100
USC00044232	2011	5	18	1	0	0.100
USC00044232	2011	6	4	18	0	0.003
USC00044232	2011	6	5	22	0	0.001
USC00044232	2011	6	5	23	0	0.034
USC00044232	2011	6	6	6	0	0.008
USC00044232	2011	6	6	8	0	0.001
USC00044232	2011	6	6	16	0	0.001
USC00044232	2011	6	29	18	0	0.001
USC00044232	2011	7	4	11	0	0.049
USC00044232	2011	8	8	12	0	0.100
USC00044232	2011	10	5	6	0	0.100
USC00044232	2011	10	5	7	0	0.200
USC00044232	2011	10	5	8	0	0.200
USC00044232	2011	10	5	9	0	0.200
USC00044232	2011	10	5	10	0	0.200
USC00044232	2011	10	5	11	0	0.100
USC00044232	2011	10	5	12	0	0.100
USC00044232	2011	11	11	10	0	0.003
USC00044232	2011	11	11	11	0	0.004
USC00044232	2011	11	11	13	0	0.007
USC00044232	2011	11	11	15	0	0.002
USC00044232	2011	11	11	16	0	0.001
USC00044232	2011	11	11	18	0	0.003
USC00044232	2011	11	11	20	0	0.002
USC00044232	2011	11	11	21	0	0.019
USC00044232	2011	11	11	22	0	0.025
USC00044232	2011	11	11	23	0	0.026
USC00044232	2011	11	11	24	0	0.003
USC00044232	2011	11	20	16	0	0.100
USC00044232	2011	11	20	19	0	0.100
USC00044232	2011	11	21	5	0	0.100
USC00044232	2012	1	20	15	0	0.018
USC00044232	2012	1	20	17	0	0.018
USC00044232	2012	1	20	19	0	0.042
USC00044232	2012	1	20	20	0	0.062
USC00044232	2012	1	20	21	0	0.042
USC00044232	2012	1	20	22	0	0.1
USC00044232	2012	1	20	23	0	0.067
USC00044232	2012	1	20	24	0	0.148
USC00044232	2012	1	21	1	0	0.25
USC00044232	2012	1	21	8	0	0.115
USC00044232	2012	1	21	9	0	0.19
USC00044232	2012	1	21	10	0	0.091
USC00044232	2012	1	21	11	0	0.112
USC00044232	2012	1	21	12	0	0.04
USC00044232	2012	1	21	13	0	0.126
USC00044232	2012	1	21	14	0	0.036
USC00044232	2012	1	21	15	0	0.023
USC00044232	2012	1	21	17	0	0.026
USC00044232	2012	1	21	18	0	0.022
USC00044232	2012	1	22	11	0	0.001
USC00044232	2012	1	22	12	0	0.001
USC00044232	2012	1	22	13	0	0.001
USC00044232	2012	1	22	17	0	0.001
USC00044232	2012	1	22	18	0	0.001
USC00044232	2012	1	22	19	0	0.001
USC00044232	2012	1	22	21	0	0.001
USC00044232	2012	1	22	22	0	0.001
USC00044232	2012	1	22	24	0	0.001
USC00044232	2012	1	23	1	0	0.001
USC00044232	2012	1	23	7	0	0.005
USC00044232	2012	1	23	8	0	1.213
USC00044232	2012	1	23	15	0	0.096
USC00044232	2012	1	23	16	0	0.024
USC00044232	2012	1	23	17	0	0.014
USC00044232	2012	1	23	18	0	0.004
USC00044232	2012	1	23	21	0	0.013
USC00044232	2012	1	23	24	0	0.011
USC00044232	2012	2	11	21	0	0.007
USC00044232	2012	2	12	10	0	0.002
USC00044232	2012	2	12	24	0	0.001
USC00044232	2012	2	13	1	0	0.002
USC00044232	2012	2	13	8	0	0.023
USC00044232	2012	2	13	9	0	0.056
USC00044232	2012	2	13	10	0	0.023
USC00044232	2012	2	13	11	0	0.02
USC00044232	2012	2	13	12	0	0.179
USC00044232	2012	2	13	13	0	0.15
USC00044232	2012	2	13	14	0	0.028
USC00044232	2012	2	13	15	0	0.012
USC00044232	2012	2	13	16	0	0.011
USC00044232	2012	2	13	18	0	0.011
USC00044232	2012	2	15	9	0	0.026
USC00044232	2012	2	15	10	0	0.01
USC00044232	2012	2	15	11	0	0.004
USC00044232	2012	2	15	13	0	0.118
USC00044232	2012	2	15	14	0	0.027
USC00044232	2012	2	15	15	0	0.015
USC00044232	2012	2	29	13	0	0.006
USC00044232	2012	3	1	10	0	0.034
USC00044232	2012	3	1	11	0	0.001
USC00044232	2012	3	1	12	0	0.004
USC00044232	2012	3	1	14	0	0.011
USC00044232	2012	3	1	15	0	0.004
USC00044232	2012	3	6	11	0	0.021
USC00044232	2012	3	6	12	0	0.029
USC00044232	2012	3	6	14	0	0.052
USC00044232	2012	3	16	12	0	0.002
USC00044232	2012	3	16	18	0	0.001
USC00044232	2012	3	16	19	0	0.002
USC00044232	2012	3	16	22	0	0.002
USC00044232	2012	3	17	6	0	0.01
USC00044232	2012	3	17	7	0	0.008
USC00044232	2012	3	17	8	0	0.009
USC00044232	2012	3	17	9	0	0.006
USC00044232	2012	3	17	10	0	0.005
USC00044232	2012	3	17	11	0	0.003
USC00044232	2012	3	17	12	0	0.005
USC00044232	2012	3	17	13	0	0.003
USC00044232	2012	3	17	14	0	0.003
USC00044232	2012	3	17	15	0	0.001
USC00044232	2012	3	17	16	0	0.003
USC00044232	2012	3	17	17	0	0.003
USC00044232	2012	3	17	18	0	0.001
USC00044232	2012	3	17	19	0	0.002
USC00044232	2012	3	17	20	0	0.001
USC00044232	2012	3	17	21	0	0.003
USC00044232	2012	3	18	6	0	0.002
USC00044232	2012	3	18	10	0	0.001
USC00044232	2012	3	18	11	0	0.004
USC00044232	2012	3	18	12	0	0.002
USC00044232	2012	3	18	13	0	0.004
USC00044232	2012	3	18	15	0	0.002
USC00044232	2012	3	18	21	0	0.002
USC00044232	2012	3	25	15	0	0.097
USC00044232	2012	3	25	16	0	0.099
USC00044232	2012	3	25	17	0	0.094
USC00044232	2012	3	25	18	0	0.094
USC00044232	2012	3	25	21	0	0.094
USC00044232	2012	3	25	22	0	0.071
USC00044232	2012	3	26	10	0	0.001
USC00044232	2012	3	26	11	0	0.002
USC00044232	2012	3	26	12	0	0.002
USC00044232	2012	3	31	18	0	0.044
USC00044232	2012	3	31	19	0	0.087
USC00044232	2012	3	31	20	0	0.022
USC00044232	2012	3	31	21	0	0.037
USC00044232	2012	8	14	7	0	0.010
USC00044232	2012	8	14	16	0	0.050
USC00044232	2012	8	15	10	0	0.010
USC00044232	2012	8	22	1	0	0.010
USC00044232	2012	8	22	2	0	0.010
USC00044232	2012	8	22	12	0	0.010
USC00044232	2012	8	23	9	0	0.010
USC00044232	2012	9	9	9	0	0.010
USC00044232	2012	9	9	13	0	0.040
USC00044232	2012	9	24	12	0	1.970
USC00044232	2012	9	25	10	0	0.010
USC00044232	2012	10	1	11	0	0.010
USC00044232	2012	10	11	18	0	0.010
USC00044232	2012	10	11	19	0	0.120
USC00044232	2012	10	11	20	0	0.240
USC00044232	2012	10	11	21	0	0.030
USC00044232	2012	10	11	22	0	0.020
USC00044232	2012	10	17	13	0	0.010
USC00044232	2012	11	12	12	0	0.010
USC00044232	2012	11	18	13	0	0.010
USC00044232	2012	11	22	12	0	0.010
USC00044232	2012	11	29	9	0	0.010
USC00044232	2012	11	29	14	0	0.010
USC00044232	2012	11	30	10	0	0.010
USC00044232	2012	12	1	9	0	0.010
USC00044232	2012	12	2	12	0	0.010
USC00044232	2012	12	2	15	0	0.010
USC00044232	2012	12	3	13	0	0.010
USC00044232	2012	12	15	9	0	0.010
USC00044232	2012	12	23	11	0	0.010
USC00044232	2012	12	23	23	0	0.010
USC00044232	2012	12	23	24	0	0.010
USC00044232	2012	12	24	1	0	0.130
USC00044232	2012	12	24	2	0	0.040
USC00044232	2012	12	25	24	0	0.060
USC00044232	2012	12	26	1	0	0.070
USC00044232	2012	12	26	3	0	0.030
USC00044232	2012	12	26	4	0	0.110
USC00044232	2012	12	26	5	0	0.040
USC00044232	2012	12	26	6	0	0.020
USC00044232	2012	12	26	7	0	0.010
USC00044232	2012	12	27	10	0	0.010
USC00044232	2012	12	31	13	0	0.010
USC00044232	2013	1	2	11	0	0.010
USC00044232	2013	1	6	11	0	0.010
USC00044232	2013	1	14	11	0	0.010
USC00044232	2013	3	1	9	0	0.010
USC00044232	2013	3	3	14	0	0.020
USC00044232	2013	3	6	16	0	0.030
USC00044232	2013	3	20	12	0	0.020
USC00044232	2013	4	1	10	0	0.010
USC00044232	2013	4	4	8	0	0.010
USC00044232	2013	4	4	15	0	0.020
USC00044232	2013	4	8	13	0	0.010
USC00044232	2013	4	8	14	0	0.020
USC00044232	2013	4	14	9	0	0.010
USC00044232	2013	4	14	13	0	0.010
USC00044232	2013	4	14	14	0	0.020
USC00044232	2013	4	14	17	0	0.010
USC00044232	2013	5	1	8	0	0.010
USC00044232	2013	5	6	9	0	0.010
USC00044232	2013	5	6	13	0	0.020
USC00044232	2013	5	6	19	0	0.010
USC00044232	2013	5	6	20	0	0.010
USC00044232	2013	5	7	4	0	0.010
USC00044232	2013	5	7	7	0	0.010
USC00044232	2013	5	7	14	0	0.010
USC00044232	2013	5	8	12	0	0.010
USC00044232	2013	5	9	7	0	0.010
USC00044232	2013	5	9	11	0	0.010
USC00044232	2013	5	9	20	0	0.040
USC00044232	2013	5	10	10	0	0.010
USC00044232	2013	5	22	9	0	0.010
USC00044232	2013	5	22	14	0	0.010
USC00044232	2013	5	22	15	0	0.010
USC00044232	2013	6	1	9	0	0.010
USC00044232	2013	6	11	14	0	0.010
USC00044232	2013	6	18	24	0	0.020
USC00044232	2013	6	19	14	0	0.010
USC00044232	2013	7	1	21	0	0.020
USC00044232	2013	7	21	12	0	0.010
USC00044232	2013	7	21	19	0	0.040
USC00044232	2013	7	22	10	0	0.010
USC00044232	2013	7	22	22	0	0.050
USC00044232	2013	7	22	23	0	0.200
USC00044232	2013	7	22	24	0	0.210
USC00044232	2013	7	23	1	0	0.120
USC00044232	2013	7	23	2	0	0.010
USC00044232	2013	7	23	12	0	0.010
USC00044232	2013	7	24	10	0	0.010
USC00044232	2013	7	26	7	0	0.010
USC00044232	2013	7	26	13	0	0.020
USC00044232	2013	7	26	14	0	0.020
USC00044232	2013	7	26	23	0	0.010
USC00044232	2013	7	26	24	0	0.010
USC00044232	2013	7	27	3	0	0.070
USC00044232	2013	7	27	4	0	0.040
USC00044232	2013	7	27	5	0	0.010
USC00044232	2013	7	27	6	0	0.120
USC00044232	2013	7	27	7	0	0.090
USC00044232	2013	7	27	9	0	0.010
USC00044232	2013	7	27	14	0	0.010
USC00044232	2013	7	28	9	0	0.010
USC00044232	2013	8	1	13	0	0.010
USC00044232	2013	8	4	13	0	0.010
USC00044232	2013	8	6	13	0	0.010
USC00044232	2013	8	18	7	0	0.010
USC00044232	2013	8	18	17	0	0.510
USC00044232	2013	8	18	18	0	0.470
USC00044232	2013	8	18	19	0	0.080
USC00044232	2013	8	19	10	0	0.010
USC00044232	2013	8	19	17	0	0.070
USC00044232	2013	8	20	8	0	0.010
USC00044232	2013	8	21	10	0	0.010
USC00044232	2013	8	23	10	0	0.010
USC00044232	2013	8	23	15	0	0.020
USC00044232	2013	8	27	11	0	0.050
USC00044232	2013	8	27	12	0	0.320
USC00044232	2013	8	27	13	0	0.040
USC00044232	2013	8	27	14	0	0.010
USC00044232	2013	8	28	12	0	0.010
USC00044232	2013	9	1	11	0	0.010
USC00044232	2013	9	3	10	0	0.010
USC00044232	2013	9	3	13	0	0.020
USC00044232	2013	9	3	14	0	0.010
USC00044232	2013	9	3	15	0	0.040
USC00044232	2013	9	4	10	0	0.010
USC00044232	2013	9	4	13	0	0.010
USC00044232	2013	9	13	12	0	0.010
USC00044232	2013	9	27	14	0	0.010
USC00044232	2013	10	1	12	0	0.010
USC00044232	2013	10	9	11	0	0.030
USC00044232	2013	10	9	12	0	0.180
USC00044232	2013	10	9	13	0	0.260
USC00044232	2013	10	9	14	0	0.220
USC00044232	2013	10	9	15	0	0.050
USC00044232	2013	10	9	16	0	0.020
USC00044232	2013	10	9	17	0	0.030
USC00044232	2013	10	9	18	0	0.060
USC00044232	2013	10	10	12	0	0.010
USC00044232	2013	10	27	20	0	0.020
USC00044232	2013	11	21	13	0	0.010
USC00044232	2013	11	21	14	0	0.010
USC00044232	2013	11	21	15	0	0.010
USC00044232	2013	11	22	9	0	0.010
USC00044232	2013	11	22	11	0	0.010
USC00044232	2013	11	22	12	0	0.010
USC00044232	2013	11	22	13	0	0.010
USC00044232	2013	11	22	14	0	0.010
USC00044232	2013	11	22	20	0	0.010
USC00044232	2013	11	23	11	0	0.010
USC00044232	2013	11	25	14	0	0.010
USC00044232	2013	12	2	8	0	0.010
USC00044232	2013	12	2	14	0	0.010
USC00044232	2013	12	3	5	0	0.010
USC00044232	2013	12	7	7	0	0.010
USC00044232	2013	12	7	11	0	0.010
USC00044232	2013	12	9	11	0	0.010
USC00044232	2013	12	20	11	0	0.010
USC00044232	2014	1	14	12	0	0.010
USC00044232	2014	1	28	13	0	0.010
USC00044232	2014	1	30	5	0	0.010
USC00044232	2014	1	30	7	0	0.040
USC00044232	2014	1	30	8	0	0.090
USC00044232	2014	1	30	9	0	0.040
USC00044232	2014	1	31	4	0	0.010
USC00044232	2014	1	31	12	0	0.010
USC00044232	2014	2	1	10	0	0.010
USC00044232	2014	2	6	12	0	0.001
USC00044232	2014	2	6	14	0	0.003
USC00044232	2014	2	6	15	0	0.016
USC00044232	2014	2	6	16	0	0.018
USC00044232	2014	2	6	17	0	0.013
USC00044232	2014	2	6	18	0	0.003
USC00044232	2014	2	7	10	0	0.001
USC00044232	2014	2	7	11	0	0.003
USC00044232	2014	2	7	12	0	0.006
USC00044232	2014	2	7	13	0	0.003
USC00044232	2014	2	7	14	0	0.002
USC00044232	2014	2	7	15	0	0.002
USC00044232	2014	2	7	16	0	0.002
USC00044232	2014	2	7	17	0	0.003
USC00044232	2014	2	7	18	0	0.005
USC00044232	2014	2	7	19	0	0.004
USC00044232	2014	2	7	20	0	0.003
USC00044232	2014	2	7	21	0	0.005
USC00044232	2014	2	7	22	0	0.001
USC00044232	2014	2	7	23	0	0.001
USC00044232	2014	2	7	24	0	0.001
USC00044232	2014	2	8	1	0	0.001
USC00044232	2014	2	8	2	0	0.002
USC00044232	2014	2	8	9	0	0.001
USC00044232	2014	2	8	10	0	0.003
USC00044232	2014	2	8	11	0	0.003
USC00044232	2014	2	8	12	0	0.003
USC00044232	2014	2	8	13	0	0.001
USC00044232	2014	2	8	14	0	0.003
USC00044232	2014	2	8	15	0	0.001
USC00044232	2014	2	8	16	0	0.002
USC00044232	2014	2	8	17	0	0.003
USC00044232	2014	2	8	18	0	0.002
USC00044232	2014	2	8	19	0	0.001
USC00044232	2014	2	9	8	0	0.010
USC00044232	2014	2	9	12	0	0.010
USC00044232	2014	2	10	13	0	0.010
USC00044232	2014	2	26	22	0	0.010
USC00044232	2014	2	26	23	0	0.010
USC00044232	2014	2	26	24	0	0.030
USC00044232	2014	2	27	1	0	0.040
USC00044232	2014	2	27	2	0	0.050
USC00044232	2014	2	27	3	0	0.250
USC00044232	2014	2	28	4	0	0.030
USC00044232	2014	2	28	5	0	0.020
USC00044232	2014	2	28	6	0	0.100
USC00044232	2014	2	28	7	0	0.060
USC00044232	2014	2	28	8	0	0.130
USC00044232	2014	2	28	9	0	0.120
USC00044232	2014	2	28	10	0	0.040
USC00044232	2014	2	28	11	0	0.020
USC00044232	2014	2	28	12	0	0.080
USC00044232	2014	2	28	15	0	0.120
USC00044232	2014	2	28	17	0	0.030
USC00044232	2014	3	31	10	0	0.010
USC00044232	2014	3	31	22	0	0.030
USC00044232	2014	3	31	23	0	0.060
USC00044232	2014	5	7	10	0	0.010
USC00044232	2014	5	10	7	0	0.010
USC00044232	2014	5	10	15	0	0.010
USC00044232	2014	5	10	16	0	0.010
USC00044232	2014	5	21	8	0	0.010
USC00044232	2014	5	21	13	0	0.010
USC00044232	2014	5	21	18	0	0.030
USC00044232	2014	5	22	7	0	0.010
USC00044232	2014	5	22	13	0	0.010
USC00044232	2014	5	23	7	0	0.010
USC00044232	2014	5	23	12	0	0.010
USC00044232	2014	5	24	11	0	0.010
USC00044232	2014	6	1	12	0	0.010
USC00044232	2014	6	15	13	0	0.010
USC00044232	2014	6	20	13	0	0.010
USC00044232	2014	6	24	12	0	0.010
USC00044232	2014	6	28	13	0	0.010
USC00044232	2014	6	30	12	0	0.010
USC00044232	2014	7	9	6	0	0.010
USC00044232	2014	7	9	13	0	0.010
USC00044232	2014	7	10	12	0	0.010
USC00044232	2014	7	12	7	0	0.010
USC00044232	2014	7	12	13	0	0.010
USC00044232	2014	7	13	12	0	0.010
USC00044232	2014	7	15	7	0	0.030
USC00044232	2014	7	15	12	0	0.010
USC00044232	2014	7	16	10	0	0.010
USC00044232	2014	7	20	6	0	0.030
USC00044232	2014	7	20	13	0	0.010
USC00044232	2014	7	21	13	0	0.010
USC00044232	2014	7	23	12	0	0.010
USC00044232	2014	7	28	7	0	0.010
USC00044232	2014	7	28	15	0	0.150
USC00044232	2014	7	28	16	0	0.050
USC00044232	2014	7	28	17	0	0.040
USC00044232	2014	7	28	18	0	0.010
USC00044232	2014	7	28	19	0	0.030
USC00044232	2014	7	29	9	0	0.010
USC00044232	2014	7	30	11	0	0.020
USC00044232	2014	7	30	13	0	0.010
USC00044232	2014	7	30	14	0	0.050
USC00044232	2014	7	30	15	0	0.040
USC00044232	2014	7	31	10	0	0.010
USC00044232	2014	8	3	4	0	0.140
USC00044232	2014	8	3	5	0	0.200
USC00044232	2014	8	3	6	0	0.020
USC00044232	2014	8	3	7	0	0.060
USC00044232	2014	8	3	8	0	0.080
USC00044232	2014	8	3	9	0	0.140
USC00044232	2014	8	3	10	0	0.120
USC00044232	2014	8	3	11	0	0.060
USC00044232	2014	8	3	12	0	0.060
USC00044232	2014	8	3	13	0	0.010
USC00044232	2014	8	3	17	0	0.010
USC00044232	2014	8	4	9	0	0.010
USC00044232	2014	8	11	4	0	0.010
USC00044232	2014	8	11	10	0	0.010
USC00044232	2014	8	11	14	0	0.040
USC00044232	2014	8	11	15	0	0.020
USC00044232	2014	8	12	9	0	0.010
USC00044232	2014	8	12	12	0	0.010
USC00044232	2014	9	1	10	0	0.010
USC00044232	2014	9	8	3	0	0.010
USC00044232	2014	9	8	7	0	0.010
USC00044232	2014	9	20	18	0	0.004
USC00044232	2014	9	20	19	0	0.002
USC00044232	2014	9	20	20	0	0.011
USC00044232	2014	9	20	21	0	0.003
USC00044232	2014	9	21	1	0	0.003
USC00044232	2014	9	21	6	0	0.004
USC00044232	2014	9	21	7	0	0.004
USC00044232	2014	9	26	23	0	0.002
USC00044232	2014	9	27	3	0	0.002
USC00044232	2014	9	27	8	0	0.001
USC00044232	2014	9	27	14	0	0.001
USC00044232	2014	9	27	18	0	0.001
USC00044232	2014	9	27	22	0	0.001
USC00044232	2014	9	28	6	0	0.001
USC00044232	2014	9	28	7	0	0.003
USC00044232	2014	9	28	8	0	0.004
USC00044232	2014	9	28	9	0	0.001
USC00044232	2014	9	28	13	0	0.002
USC00044232	2014	9	28	18	0	0.011
USC00044232	2014	9	28	19	0	0.005
USC00044232	2014	9	28	20	0	0.005
USC00044232	2014	9	28	21	0	0.001
USC00044232	2014	9	28	24	0	0.001
USC00044232	2014	10	31	23	0	0.003
USC00044232	2014	10	31	24	0	0.005
USC00044232	2014	11	1	1	0	0.009
USC00044232	2014	11	1	2	0	0.018
USC00044232	2014	11	1	3	0	0.014
USC00044232	2014	11	1	4	0	0.01
USC00044232	2014	11	1	5	0	0.01
USC00044232	2014	11	1	6	0	0.007
USC00044232	2014	11	1	7	0	0.004
USC00044232	2014	11	1	8	0	0.003
USC00044232	2014	11	1	9	0	0.004
USC00044232	2014	11	1	10	0	0.003
USC00044232	2014	11	1	11	0	0.003
USC00044232	2014	11	1	12	0	0.005
USC00044232	2014	11	1	13	0	0.003
USC00044232	2014	11	1	14	0	0.002
USC00044232	2014	11	1	15	0	0.001
USC00044232	2014	11	1	16	0	0.001
USC00044232	2014	11	13	9	0	0.004
USC00044232	2014	11	13	11	0	0.002
USC00044232	2014	11	13	12	0	0.006
USC00044232	2014	11	13	13	0	0.007
USC00044232	2014	11	13	14	0	0.001
USC00044232	2014	11	20	22	0	0.003
USC00044232	2014	11	20	24	0	0.003
USC00044232	2014	12	1	11	0	0.001
USC00044232	2014	12	2	6	0	0.004
USC00044232	2014	12	2	7	0	0.002
USC00044232	2014	12	2	8	0	0.004
USC00044232	2014	12	2	9	0	0.017
USC00044232	2014	12	2	10	0	0.029
USC00044232	2014	12	2	11	0	0.027
USC00044232	2014	12	2	12	0	0.092
USC00044232	2014	12	2	13	0	0.089
USC00044232	2014	12	2	14	0	0.132
USC00044232	2014	12	2	15	0	0.17
USC00044232	2014	12	2	16	0	0.044
USC00044232	2014	12	2	18	0	0.002
USC00044232	2014	12	2	19	0	0.004
USC00044232	2014	12	2	21	0	0.006
USC00044232	2014	12	2	23	0	0.004
USC00044232	2014	12	2	24	0	0.004
USC00044232	2014	12	12	2	0	0.002
USC00044232	2014	12	12	3	0	0.04
USC00044232	2014	12	12	5	0	0.171
USC00044232	2014	12	12	6	0	0.204
USC00044232	2014	12	12	7	0	0.166
USC00044232	2014	12	12	8	0	0.064
USC00044232	2014	12	12	9	0	0.007
USC00044232	2014	12	12	10	0	0.03
USC00044232	2014	12	12	11	0	0.114
USC00044232	2014	12	12	12	0	0.046
USC00044232	2014	12	12	13	0	0.028
USC00044232	2014	12	12	14	0	0.076
USC00044232	2014	12	12	15	0	0.026
USC00044232	2014	12	12	16	0	0.08
USC00044232	2014	12	12	17	0	0.061
USC00044232	2014	12	12	18	0	0.023
USC00044232	2014	12	12	19	0	0.038
USC00044232	2014	12	12	20	0	0.038
USC00044232	2014	12	12	21	0	0.045
USC00044232	2014	12	12	22	0	0.172
USC00044232	2014	12	12	23	0	0.114
USC00044232	2014	12	12	24	0	0.124
USC00044232	2014	12	13	1	0	0.085
USC00044232	2014	12	13	2	0	0.011
USC00044232	2014	12	13	3	0	0.007
USC00044232	2014	12	13	4	0	0.003
USC00044232	2014	12	16	2	0	0.035
USC00044232	2014	12	16	3	0	0.005
USC00044232	2014	12	16	9	0	0.001
USC00044232	2014	12	16	10	0	0.004
USC00044232	2014	12	16	11	0	0.001
USC00044232	2014	12	17	12	0	0.001
USC00044232	2014	12	17	13	0	0.001
USC00044232	2014	12	17	15	0	0.001
USC00044232	2014	12	24	19	0	0.005
USC00044232	2014	12	24	20	0	0.018
USC00044232	2014	12	24	21	0	0.011
USC00044232	2014	12	24	22	0	0.019
USC00044232	2014	12	24	23	0	0.006
USC00044232	2014	12	25	14	0	0.013
USC00044232	2015	1	13	11	0	0.010
USC00044232	2015	1	26	22	0	0.040
USC00044232	2015	1	26	23	0	0.060
USC00044232	2015	1	26	24	0	0.010
USC00044232	2015	1	27	1	0	0.010
USC00044232	2015	1	27	6	0	0.010
USC00044232	2015	1	28	13	0	0.010
USC00044232	2015	2	6	13	0	0.010
USC00044232	2015	2	7	3	0	0.010
USC00044232	2015	2	7	6	0	0.060
USC00044232	2015	2	7	7	0	0.030
USC00044232	2015	2	7	8	0	0.040
USC00044232	2015	2	7	10	0	0.010
USC00044232	2015	2	7	12	0	0.010
USC00044232	2015	2	7	13	0	0.020
USC00044232	2015	2	7	14	0	0.010
USC00044232	2015	2	7	15	0	0.020
USC00044232	2015	2	7	16	0	0.010
USC00044232	2015	2	7	17	0	0.010
USC00044232	2015	2	8	9	0	0.010
USC00044232	2015	2	9	14	0	0.010
USC00044232	2015	2	13	14	0	0.010
USC00044232	2015	2	16	14	0	0.010
USC00044232	2015	2	22	13	0	0.020
USC00044232	2015	2	22	14	0	0.010
USC00044232	2015	2	22	15	0	0.020
USC00044232	2015	2	22	16	0	0.010
USC00044232	2015	2	23	8	0	0.010
USC00044232	2015	2	24	9	0	0.010
USC00044232	2015	3	1	6	0	0.040
USC00044232	2015	3	1	7	0	0.050
USC00044232	2015	3	1	8	0	0.020
USC00044232	2015	3	2	11	0	0.003
USC00044232	2015	3	2	12	0	0.001
USC00044232	2015	3	2	13	0	0.001
USC00044232	2015	3	2	15	0	0.001
USC00044232	2015	3	2	16	0	0.002
USC00044232	2015	3	6	14	0	0.010
USC00044232	2015	3	12	8	0	0.010
USC00044232	2015	3	12	13	0	0.010
USC00044232	2015	3	13	13	0	0.010
USC00044232	2015	3	21	17	0	0.020
USC00044232	2015	5	4	9	0	0.010
USC00044232	2015	5	4	15	0	0.020
USC00044232	2015	5	7	16	0	0.004
USC00044232	2015	5	7	20	0	0.003
USC00044232	2015	5	7	21	0	0.001
USC00044232	2015	5	14	12	0	0.001
USC00044232	2015	5	14	14	0	0.002
USC00044232	2015	5	14	18	0	0.005
USC00044232	2015	5	14	19	0	0.035
USC00044232	2015	5	14	20	0	0.075
USC00044232	2015	5	14	21	0	0.04
USC00044232	2015	5	14	22	0	0.006
USC00044232	2015	5	14	23	0	0.01
USC00044232	2015	5	14	24	0	0.003
USC00044232	2015	5	15	1	0	0.003
USC00044232	2015	5	15	8	0	0.001
USC00044232	2015	5	15	13	0	0.001
USC00044232	2015	5	15	14	0	0.001
USC00044232	2015	5	16	9	0	0.001
USC00044232	2015	5	16	10	0	0.002
USC00044232	2015	5	17	13	0	0.01
USC00044232	2015	5	17	14	0	0.004
USC00044232	2015	5	17	16	0	0.002
USC00044232	2015	5	17	18	0	0.007
USC00044232	2015	5	17	19	0	0.003
USC00044232	2015	5	17	20	0	0.002
USC00044232	2015	5	18	3	0	0.002
USC00044232	2015	5	18	4	0	0.001
USC00044232	2015	5	18	13	0	0.001
USC00044232	2015	5	18	14	0	0.005
USC00044232	2015	5	18	15	0	0.007
USC00044232	2015	5	18	16	0	0.005
USC00044232	2015	5	20	15	0	0.003
USC00044232	2015	5	20	16	0	0.006
USC00044232	2015	5	20	19	0	0.009
USC00044232	2015	5	20	20	0	0.011
USC00044232	2015	5	20	21	0	0.006
USC00044232	2015	5	20	22	0	0.003
USC00044232	2015	5	21	13	0	0.005
USC00044232	2015	5	21	14	0	0.014
USC00044232	2015	5	21	23	0	0.007
USC00044232	2015	5	21	24	0	0.007
USC00044232	2015	5	22	2	0	0.002
USC00044232	2015	5	22	3	0	0.001
USC00044232	2015	5	22	4	0	0.001
USC00044232	2015	5	22	6	0	0.006
USC00044232	2015	5	22	7	0	0.003
USC00044232	2015	5	22	8	0	0.001
USC00044232	2015	5	22	9	0	0.004
USC00044232	2015	5	22	10	0	0.004
USC00044232	2015	5	22	11	0	0.001
USC00044232	2015	5	22	12	0	0.018
USC00044232	2015	5	22	14	0	0.008
USC00044232	2015	5	22	15	0	0.004
USC00044232	2015	5	22	18	0	0.004
USC00044232	2015	5	22	20	0	0.006
USC00044232	2015	5	23	5	0	0.002
USC00044232	2015	5	23	17	0	0.001
USC00044232	2015	5	23	18	0	0.001
USC00044232	2015	5	23	20	0	0.004
USC00044232	2015	5	23	21	0	0.002
USC00044232	2015	5	23	22	0	0.001
USC00044232	2015	5	23	23	0	0.02
USC00044232	2015	5	23	24	0	0.032
USC00044232	2015	5	24	1	0	0.023
USC00044232	2015	5	27	15	0	0.001
USC00044232	2015	6	5	22	0	0.002
USC00044232	2015	6	9	4	0	0.001
USC00044232	2015	6	10	13	0	0.001
USC00044232	2015	6	10	14	0	0.003
USC00044232	2015	6	10	15	0	0.016
USC00044232	2015	6	10	16	0	0.01
USC00044232	2015	6	10	17	0	0.011
USC00044232	2015	6	10	18	0	0.001
USC00044232	2015	6	11	19	0	0.039
USC00044232	2015	6	11	20	0	0.002
USC00044232	2015	6	12	6	0	0.001
USC00044232	2015	6	12	8	0	0.001
USC00044232	2015	6	12	9	0	0.002
USC00044232	2015	6	13	16	0	0.002
USC00044232	2015	6	13	17	0	0.003
USC00044232	2015	6	13	18	0	0.001
USC00044232	2015	6	30	13	0	0.003
USC00044232	2015	7	1	6	0	0.001
USC00044232	2015	7	1	7	0	0.006
USC00044232	2015	7	1	8	0	0.001
USC00044232	2015	7	1	9	0	0.001
USC00044232	2015	7	1	10	0	0.002
USC00044232	2015	7	1	11	0	0.003
USC00044232	2015	7	1	22	0	0.001
USC00044232	2015	7	1	23	0	0.008
USC00044232	2015	7	1	24	0	0.014
USC00044232	2015	7	2	1	0	0.005
USC00044232	2015	7	2	2	0	0.009
USC00044232	2015	7	2	3	0	0.007
USC00044232	2015	7	2	4	0	0.01
USC00044232	2015	7	2	6	0	0.005
USC00044232	2015	7	2	9	0	0.001
USC00044232	2015	7	2	14	0	0.018
USC00044232	2015	7	3	2	0	0.039
USC00044232	2015	7	5	13	0	0.008
USC00044232	2015	7	5	14	0	0.015
USC00044232	2015	7	5	15	0	0.005
USC00044232	2015	7	6	15	0	0.003
USC00044232	2015	7	6	16	0	0.001
USC00044232	2015	7	6	17	0	0.001
USC00044232	2015	7	6	18	0	0.001
USC00044232	2015	7	8	14	0	0.001
USC00044232	2015	7	9	9	0	0.012
USC00044232	2015	7	9	10	0	0.008
USC00044232	2015	7	9	11	0	0.01
USC00044232	2015	7	9	12	0	0.002
USC00044232	2015	7	9	13	0	0.002
USC00044232	2015	7	9	14	0	0.002
USC00044232	2015	7	9	15	0	0.001
USC00044232	2015	7	9	16	0	0.002
USC00044232	2015	7	9	17	0	0.002
USC00044232	2015	7	9	20	0	0.002
USC00044232	2015	7	18	17	0	0.009
USC00044232	2015	7	18	18	0	0.008
USC00044232	2015	7	19	10	0	0.004
USC00044232	2015	7	19	11	0	0.01
USC00044232	2015	7	19	13	0	0.001
USC00044232	2015	7	19	15	0	0.003
USC00044232	2015	7	19	16	0	0.003
USC00044232	2015	7	19	17	0	0.002
USC00044232	2015	7	19	18	0	0.002
USC00044232	2015	7	19	21	0	0.001
USC00044232	2015	7	19	22	0	0.001
USC00044232	2015	7	19	24	0	0.008
USC00044232	2015	7	20	1	0	0.02
USC00044232	2015	7	20	2	0	0.015
USC00044232	2015	7	20	3	0	0.009
USC00044232	2015	7	20	5	0	0.004
USC00044232	2015	7	20	7	0	0.001
USC00044232	2015	7	20	8	0	0.004
USC00044232	2015	7	20	9	0	0.005
USC00044232	2015	7	20	15	0	0.005
USC00044232	2015	7	20	16	0	0.012
USC00044232	2015	7	20	17	0	0.003
USC00044232	2015	7	20	18	0	0.001
USC00044232	2015	7	20	19	0	0.003
USC00044232	2015	7	20	20	0	0.004
USC00044232	2015	7	21	14	0	0.006
USC00044232	2015	7	21	16	0	0.007
USC00044232	2015	7	21	17	0	0.01
USC00044232	2015	7	21	18	0	0.003
USC00044232	2015	7	21	19	0	0.001
USC00044232	2015	7	30	16	0	0.001
USC00044232	2015	7	30	17	0	0.001
USC00044232	2015	7	30	18	0	0.001
USC00044232	2015	7	30	19	0	0.002
USC00044232	2015	7	30	20	0	0.001
USC00044232	2015	7	31	2	0	0.001
USC00044232	2015	7	31	3	0	0.001
USC00044232	2015	8	1	14	0	0.002
USC00044232	2015	9	14	10	0	0.001
USC00044232	2015	9	14	11	0	0.002
USC00044232	2015	9	14	15	0	0.004
USC00044232	2015	9	14	16	0	0.003
USC00044232	2015	9	15	3	0	0.001
USC00044232	2015	9	15	4	0	0.002
USC00044232	2015	9	15	7	0	0.002
USC00044232	2015	10	4	9	0	0.012
USC00044232	2015	10	4	10	0	0.007
USC00044232	2015	10	4	11	0	0.019
USC00044232	2015	10	4	12	0	0.013
USC00044232	2015	10	4	13	0	0.037
USC00044232	2015	10	4	14	0	0.022
USC00044232	2015	10	4	15	0	0.125
USC00044232	2015	10	4	16	0	0.133
USC00044232	2015	10	4	17	0	0.033
USC00044232	2015	10	4	18	0	0.022
USC00044232	2015	10	4	19	0	0.01
USC00044232	2015	10	4	20	0	0.021
USC00044232	2015	10	4	21	0	0.028
USC00044232	2015	10	4	22	0	0.002
USC00044232	2015	10	4	24	0	0.011
USC00044232	2015	10	5	1	0	0.025
USC00044232	2015	10	5	2	0	0.094
USC00044232	2015	10	5	5	0	0.005
USC00044232	2015	10	5	9	0	0.005
USC00044232	2015	10	5	10	0	0.002
USC00044232	2015	10	5	12	0	0.002
USC00044232	2015	10	5	15	0	0.005
USC00044232	2015	10	5	16	0	0.001
USC00044232	2015	10	5	17	0	0.001
USC00044232	2015	10	15	2	0	0.001
USC00044232	2015	10	15	3	0	0.001
USC00044232	2015	10	15	4	0	0.001
USC00044232	2015	10	15	5	0	0.092
USC00044232	2015	10	15	6	0	0.121
USC00044232	2015	10	15	7	0	0.088
USC00044232	2015	10	15	8	0	0.014
USC00044232	2015	10	15	9	0	0.017
USC00044232	2015	10	15	10	0	0.011
USC00044232	2015	10	15	14	0	0.006
USC00044232	2015	10	15	16	0	0.001
USC00044232	2015	10	15	17	0	0.005
USC00044232	2015	10	15	22	0	0.096
USC00044232	2015	10	16	3	0	0.004
USC00044232	2015	10	16	14	0	0.029
USC00044232	2015	10	16	15	0	0.014
USC00044232	2015	10	16	20	0	0.001
USC00044232	2015	10	17	16	0	0.001
USC00044232	2015	10	17	17	0	0.002
USC00044232	2015	10	18	2	0	0.003
USC00044232	2015	10	18	3	0	0.006
USC00044232	2015	10	18	4	0	0.002
USC00044232	2015	10	18	5	0	0.007
USC00044232	2015	10	18	6	0	0.007
USC00044232	2015	10	18	7	0	0.002
USC00044232	2015	10	18	8	0	0.01
USC00044232	2015	10	18	9	0	0.005
USC00044232	2015	10	18	10	0	0.004
USC00044232	2015	10	18	12	0	0.001
USC00044232	2015	10	18	22	0	0.001
USC00044232	2015	10	22	13	0	0.010
USC00044232	2015	10	26	8	0	0.010
USC00044232	2015	10	26	13	0	0.010
USC00044232	2015	10	30	12	0	0.010
USC00044232	2015	11	1	13	0	0.010
USC00044232	2015	11	6	13	0	0.010
USC00044232	2015	11	11	13	0	0.010
USC00044232	2015	11	17	10	0	0.010
USC00044232	2015	12	4	13	0	0.010
USC00044232	2015	12	9	14	0	0.010
USC00044232	2015	12	13	15	0	0.030
USC00044232	2015	12	13	16	0	0.050
USC00044232	2015	12	14	11	0	0.010
USC00044232	2015	12	21	16	0	0.007
USC00044232	2015	12	21	23	0	0.007
USC00044232	2015	12	22	2	0	0.048
USC00044232	2015	12	22	3	0	0.083
USC00044232	2015	12	22	4	0	0.013
USC00044232	2015	12	22	5	0	0.126
USC00044232	2015	12	22	6	0	0.096
USC00044232	2015	12	22	7	0	0.097
USC00044232	2015	12	22	8	0	0.079
USC00044232	2015	12	22	9	0	0.089
USC00044232	2015	12	22	10	0	0.094
USC00044232	2015	12	22	11	0	0.067
USC00044232	2015	12	22	12	0	0.066
USC00044232	2015	12	22	13	0	0.066
USC00044232	2015	12	22	14	0	0.047
USC00044232	2015	12	22	15	0	0.023
USC00044232	2015	12	22	21	0	0.012
USC00044232	2015	12	24	22	0	0.053
USC00044232	2015	12	25	2	0	0.017
USC00044232	2015	12	25	11	0	0.001
USC00044232	2015	12	25	12	0	0.001
USC00044232	2016	1	4	8	0	0.001
USC00044232	2016	1	5	7	0	0.001
USC00044232	2016	1	5	9	0	0.014
USC00044232	2016	1	5	10	0	0.022
USC00044232	2016	1	5	11	0	0.063
USC00044232	2016	1	5	12	0	0.066
USC00044232	2016	1	5	13	0	0.086
USC00044232	2016	1	5	14	0	0.1
USC00044232	2016	1	5	15	0	0.046
USC00044232	2016	1	5	16	0	0.015
USC00044232	2016	1	5	17	0	0.005
USC00044232	2016	1	5	18	0	0.011
USC00044232	2016	1	5	19	0	0.015
USC00044232	2016	1	5	20	0	0.035
USC00044232	2016	1	5	21	0	0.004
USC00044232	2016	1	5	22	0	0.005
USC00044232	2016	1	5	24	0	0.001
USC00044232	2016	1	6	1	0	0.009
USC00044232	2016	1	6	10	0	0.075
USC00044232	2016	1	6	11	0	0.173
USC00044232	2016	1	6	12	0	0.059
USC00044232	2016	1	6	13	0	0.059
USC00044232	2016	1	6	15	0	0.11
USC00044232	2016	1	6	16	0	0.079
USC00044232	2016	1	6	17	0	0.144
USC00044232	2016	1	6	20	0	0.132
USC00044232	2016	1	6	21	0	0.11
USC00044232	2016	1	6	22	0	0.173
USC00044232	2016	1	8	10	0	0.002
USC00044232	2016	1	8	11	0	0.001
USC00044232	2016	1	8	12	0	0.001
USC00044232	2016	1	9	10	0	0.003
USC00044232	2016	1	9	17	0	0.003
USC00044232	2016	1	10	4	0	0.002
USC00044232	2016	1	14	23	0	0.001
USC00044232	2016	1	14	24	0	0.001
USC00044232	2016	1	15	1	0	0.001
USC00044232	2016	1	15	6	0	0.03
USC00044232	2016	1	15	7	0	0.069
USC00044232	2016	1	15	10	0	0.015
USC00044232	2016	1	15	11	0	0.008
USC00044232	2016	1	16	6	0	0.002
USC00044232	2016	1	16	7	0	0.002
USC00044232	2016	1	16	9	0	0.002
USC00044232	2016	1	16	12	0	0.001
USC00044232	2016	1	16	15	0	0.001
USC00044232	2016	1	18	7	0	0.002
USC00044232	2016	1	18	8	0	0.006
USC00044232	2016	1	18	9	0	0.01
USC00044232	2016	1	18	10	0	0.002
USC00044232	2016	1	18	11	0	0.019
USC00044232	2016	1	19	9	0	0.012
USC00044232	2016	1	19	10	0	0.034
USC00044232	2016	1	19	11	0	0.06
USC00044232	2016	1	19	12	0	0.085
USC00044232	2016	1	19	13	0	0.161
USC00044232	2016	1	19	14	0	0.109
USC00044232	2016	1	19	15	0	0.08
USC00044232	2016	1	19	16	0	0.075
USC00044232	2016	1	19	17	0	0.019
USC00044232	2016	1	19	18	0	0.016
USC00044232	2016	1	19	19	0	0.011
USC00044232	2016	1	22	14	0	0.010
USC00044232	2016	1	23	6	0	0.010
USC00044232	2016	1	23	13	0	0.010
USC00044232	2016	1	24	10	0	0.010
USC00044232	2016	1	30	2	0	0.020
USC00044232	2016	1	30	6	0	0.010
USC00044232	2016	1	30	9	0	0.010
USC00044232	2016	1	30	10	0	0.060
USC00044232	2016	1	30	11	0	0.020
USC00044232	2016	1	30	12	0	0.040
USC00044232	2016	1	30	13	0	0.010
USC00044232	2016	1	30	15	0	0.020
USC00044232	2016	1	31	1	0	0.040
USC00044232	2016	1	31	2	0	0.020
USC00044232	2016	1	31	5	0	0.010
USC00044232	2016	1	31	6	0	0.080
USC00044232	2016	1	31	7	0	0.130
USC00044232	2016	1	31	8	0	0.120
USC00044232	2016	1	31	9	0	0.110
USC00044232	2016	1	31	10	0	0.110
USC00044232	2016	1	31	11	0	0.050
USC00044232	2016	1	31	12	0	0.060
USC00044232	2016	1	31	13	0	0.050
USC00044232	2016	1	31	14	0	0.100
USC00044232	2016	1	31	15	0	0.030
USC00044232	2016	2	5	14	0	0.010
USC00044232	2016	2	17	9	0	0.010
USC00044232	2016	2	17	17	0	0.020
USC00044232	2016	2	17	18	0	0.030
USC00044232	2016	2	17	19	0	0.010
USC00044232	2016	2	18	5	0	0.010
USC00044232	2016	2	18	14	0	0.010
USC00044232	2016	2	21	13	0	0.010
USC00044232	2016	2	25	8	0	0.010
USC00044232	2016	2	25	13	0	0.010
USC00044232	2016	3	1	13	0	0.010
USC00044232	2016	3	5	24	0	0.020
USC00044232	2016	3	6	1	0	0.010
USC00044232	2016	3	6	3	0	0.020
USC00044232	2016	3	6	4	0	0.020
USC00044232	2016	3	6	13	0	0.010
USC00044232	2016	3	6	14	0	0.020
USC00044232	2016	3	7	16	0	0.070
USC00044232	2016	3	7	17	0	0.080
USC00044232	2016	3	7	18	0	0.010
USC00044232	2016	3	8	13	0	0.010
USC00044232	2016	3	11	9	0	0.010
USC00044232	2016	3	11	10	0	0.040
USC00044232	2016	3	11	15	0	0.030
USC00044232	2016	3	14	12	0	0.010
USC00044232	2016	3	14	13	0	0.020
USC00044232	2016	4	8	17	0	0.030
USC00044232	2016	4	8	20	0	0.010
USC00044232	2016	4	8	21	0	0.040
USC00044232	2016	4	8	22	0	0.020
USC00044232	2016	4	8	24	0	0.020
USC00044232	2016	4	9	2	0	0.020
USC00044232	2016	4	9	3	0	0.020
USC00044232	2016	4	9	4	0	0.040
USC00044232	2016	4	9	5	0	0.010
USC00044232	2016	4	9	6	0	0.010
USC00044232	2016	4	9	15	0	0.010
USC00044232	2016	4	10	13	0	0.010
USC00044232	2016	4	22	12	0	0.010
USC00044232	2016	4	22	19	0	0.020
USC00044232	2016	4	27	16	0	0.010
USC00044232	2016	4	27	17	0	0.040
USC00044232	2016	5	4	10	0	0.010
USC00044232	2016	5	4	15	0	0.020
USC00044232	2016	5	6	2	0	0.001
USC00044232	2016	5	6	4	0	0.001
USC00044232	2016	5	6	11	0	0.001
USC00044232	2016	5	7	2	0	0.001
USC00044232	2016	5	7	4	0	0.001
USC00044232	2016	5	7	8	0	0.001
USC00044232	2016	5	7	9	0	0.001
USC00044232	2016	5	7	10	0	0.007
USC00044232	2016	5	7	15	0	0.080
USC00044232	2016	5	20	13	0	0.010
USC00044232	2016	5	24	5	0	0.020
USC00044232	2016	5	29	12	0	0.010
USC00044232	2016	6	1	12	0	0.010
USC00044232	2016	6	3	12	0	0.010
USC00044232	2016	6	10	13	0	0.010
USC00044232	2016	6	11	20	0	0.050
USC00044232	2016	6	12	1	0	0.080
USC00044232	2016	6	12	2	0	0.010
USC00044232	2016	6	12	4	0	0.070
USC00044232	2016	6	12	5	0	0.040
USC00044232	2016	6	22	15	0	0.010
USC00044232	2016	8	22	3	0	0.002
USC00044232	2016	10	15	22	0	0.003
USC00044232	2016	10	16	1	0	0.003
USC00044232	2016	10	28	3	0	0.014
USC00044232	2016	10	28	4	0	0.010
USC00044232	2016	10	28	6	0	0.020
USC00044232	2016	10	28	7	0	0.030
USC00044232	2016	11	20	23	0	0.120
USC00044232	2016	11	20	24	0	0.020
USC00044232	2016	11	27	7	0	0.020
USC00044232	2016	11	27	8	0	0.040
USC00044232	2016	11	27	9	0	0.040
USC00044232	2016	12	8	2	0	0.009
USC00044232	2016	12	8	3	0	0.004
USC00044232	2016	12	8	4	0	0.002
USC00044232	2016	12	8	5	0	0.009
USC00044232	2016	12	8	6	0	0.002
USC00044232	2016	12	8	7	0	0.004
USC00044232	2016	12	8	8	0	0.006
USC00044232	2016	12	8	14	0	0.003
USC00044232	2016	12	8	15	0	0.005
USC00044232	2016	12	8	16	0	0.001
USC00044232	2016	12	8	17	0	0.001
USC00044232	2016	12	8	18	0	0.001
USC00044232	2016	12	9	9	0	0.003
USC00044232	2016	12	9	10	0	0.001
USC00044232	2016	12	9	11	0	0.006
USC00044232	2016	12	9	12	0	0.002
USC00044232	2016	12	9	13	0	0.004
USC00044232	2016	12	10	3	0	0.003
USC00044232	2016	12	10	5	0	0.011
USC00044232	2016	12	10	7	0	0.008
USC00044232	2016	12	10	8	0	0.008
USC00044232	2016	12	10	11	0	0.004
USC00044232	2016	12	10	12	0	0.001
USC00044232	2016	12	10	13	0	0.009
USC00044232	2016	12	10	16	0	0.001
USC00044232	2016	12	10	17	0	0.008
USC00044232	2016	12	10	18	0	0.009
USC00044232	2016	12	10	19	0	0.016
USC00044232	2016	12	10	20	0	0.017
USC00044232	2016	12	10	21	0	0.025
USC00044232	2016	12	10	22	0	0.033
USC00044232	2016	12	10	23	0	0.06
USC00044232	2016	12	10	24	0	0.024
USC00044232	2016	12	11	2	0	0.005
USC00044232	2016	12	11	3	0	0.005
USC00044232	2016	12	15	12	0	0.013
USC00044232	2016	12	15	13	0	0.008
USC00044232	2016	12	15	14	0	0.013
USC00044232	2016	12	15	17	0	0.032
USC00044232	2016	12	15	18	0	0.027
USC00044232	2016	12	15	19	0	0.029
USC00044232	2016	12	15	20	0	0.020
USC00044232	2016	12	15	21	0	0.010
USC00044232	2016	12	15	23	0	0.060
USC00044232	2016	12	15	24	0	0.110
USC00044232	2016	12	16	1	0	0.170
USC00044232	2016	12	16	2	0	0.120
USC00044232	2016	12	16	3	0	0.050
USC00044232	2016	12	16	4	0	0.020
USC00044232	2016	12	16	5	0	0.020
USC00044232	2016	12	16	7	0	0.020
USC00044232	2017	1	3	24	0	0.010
USC00044232	2017	1	4	1	0	0.010
USC00044232	2017	1	4	2	0	0.050
USC00044232	2017	1	4	3	0	0.150
USC00044232	2017	1	4	4	0	0.150
USC00044232	2017	1	4	5	0	0.100
USC00044232	2017	1	4	6	0	0.180
USC00044232	2017	1	4	7	0	0.220
USC00044232	2017	1	4	8	0	0.170
USC00044232	2017	1	4	9	0	0.180
USC00044232	2017	1	4	10	0	0.110
USC00044232	2017	1	4	11	0	0.100
USC00044232	2017	1	4	12	0	0.070
USC00044232	2017	1	4	13	0	0.110
USC00044232	2017	1	4	14	0	0.080
USC00044232	2017	1	4	15	0	0.190
USC00044232	2017	1	4	16	0	0.190
USC00044232	2017	1	4	17	0	0.180
USC00044232	2017	1	4	18	0	0.150
USC00044232	2017	1	4	19	0	0.190
USC00044232	2017	1	4	20	0	0.140
USC00044232	2017	1	4	21	0	0.170
USC00044232	2017	1	4	22	0	0.190
USC00044232	2017	1	4	23	0	0.200
USC00044232	2017	1	4	24	0	0.150
USC00044232	2017	1	5	1	0	0.050
USC00044232	2017	1	5	2	0	0.030
USC00044232	2017	1	5	3	0	0.030
USC00044232	2017	1	5	4	0	0.030
USC00044232	2017	1	5	5	0	0.040
USC00044232	2017	1	5	6	0	0.010
USC00044232	2017	1	5	7	0	0.010
USC00044232	2017	1	5	8	0	0.030
USC00044232	2017	1	5	9	0	0.010
USC00044232	2017	1	7	10	0	0.040
USC00044232	2017	1	7	11	0	0.010
USC00044232	2017	1	7	12	0	0.080
USC00044232	2017	1	7	13	0	0.110
USC00044232	2017	1	7	14	0	0.180
USC00044232	2017	1	7	15	0	0.090
USC00044232	2017	1	7	16	0	0.030
USC00044232	2017	1	7	17	0	0.020
USC00044232	2017	1	7	18	0	0.040
USC00044232	2017	1	7	19	0	0.080
USC00044232	2017	1	7	20	0	0.070
USC00044232	2017	1	7	21	0	0.030
USC00044232	2017	1	7	22	0	0.050
USC00044232	2017	1	7	23	0	0.030
USC00044232	2017	1	7	24	0	0.010
USC00044232	2017	1	8	1	0	0.010
USC00044232	2017	1	8	2	0	0.010
USC00044232	2017	1	8	3	0	0.010
USC00044232	2017	1	8	4	0	0.040
USC00044232	2017	1	8	5	0	0.040
USC00044232	2017	1	8	6	0	0.020
USC00044232	2017	1	8	7	0	0.030
USC00044232	2017	1	8	8	0	0.020
USC00044232	2017	1	8	9	0	0.030
USC00044232	2017	1	8	10	0	0.050
USC00044232	2017	1	8	11	0	0.030
USC00044232	2017	1	8	12	0	0.020
USC00044232	2017	1	8	13	0	0.020
USC00044232	2017	1	8	14	0	0.010
USC00044232	2017	1	8	15	0	0.010
USC00044232	2017	1	8	19	0	0.010
USC00044232	2017	1	8	20	0	0.030
USC00044232	2017	1	8	21	0	0.100
USC00044232	2017	1	8	22	0	0.150
USC00044232	2017	1	8	23	0	0.090
USC00044232	2017	1	8	24	0	0.090
USC00044232	2017	1	9	1	0	0.060
USC00044232	2017	1	9	2	0	0.220
USC00044232	2017	1	9	3	0	0.140
USC00044232	2017	1	9	5	0	0.010
USC00044232	2017	1	10	24	0	0.080
USC00044232	2017	1	11	1	0	0.170
USC00044232	2017	1	11	2	0	0.070
USC00044232	2017	1	11	11	0	0.050
USC00044232	2017	1	11	12	0	0.010
USC00044232	2017	1	13	4	0	0.040
USC00044232	2017	1	13	5	0	0.030
USC00044232	2017	1	13	6	0	0.020
USC00044232	2017	1	13	7	0	0.010
USC00044232	2017	1	18	24	0	0.030
USC00044232	2017	1	19	1	0	0.010
USC00044232	2017	1	19	2	0	0.020
USC00044232	2017	1	19	3	0	0.040
USC00044232	2017	1	19	4	0	0.010
USC00044232	2017	1	19	6	0	0.010
USC00044232	2017	1	19	7	0	0.080
USC00044232	2017	1	19	8	0	0.010
USC00044232	2017	1	19	9	0	0.050
USC00044232	2017	1	19	10	0	0.020
USC00044232	2017	1	20	8	0	0.050
USC00044232	2017	1	20	9	0	0.040
USC00044232	2017	1	20	10	0	0.090
USC00044232	2017	1	20	11	0	0.120
USC00044232	2017	1	20	12	0	0.090
USC00044232	2017	1	20	13	0	0.070
USC00044232	2017	1	20	14	0	0.040
USC00044232	2017	1	22	1	0	0.030
USC00044232	2017	1	22	2	0	0.050
USC00044232	2017	1	22	3	0	0.100
USC00044232	2017	1	22	4	0	0.110
USC00044232	2017	1	22	5	0	0.140
USC00044232	2017	1	22	6	0	0.110
USC00044232	2017	1	22	7	0	0.030
USC00044232	2017	1	22	8	0	0.120
USC00044232	2017	1	22	9	0	0.080
USC00044232	2017	1	22	10	0	0.070
USC00044232	2017	1	22	11	0	0.080
USC00044232	2017	1	22	12	0	0.050
USC00044232	2017	1	22	13	0	0.090
USC00044232	2017	1	22	14	0	0.020
USC00044232	2017	1	22	15	0	0.060
USC00044232	2017	1	22	16	0	0.050
USC00044232	2017	1	22	20	0	0.020
USC00044232	2017	1	22	21	0	0.010
USC00044232	2017	1	22	24	0	0.020
USC00044232	2017	1	23	2	0	0.010
USC00044232	2017	1	23	3	0	0.010
USC00044232	2017	1	23	4	0	0.010
USC00044232	2017	1	23	8	0	0.010
USC00044232	2017	1	23	9	0	0.020
USC00044232	2017	2	6	3	0	0.010
USC00044232	2017	2	6	4	0	0.090
USC00044232	2017	2	6	5	0	0.050
USC00044232	2017	2	6	6	0	0.010
USC00044232	2017	2	6	7	0	0.090
USC00044232	2017	2	6	8	0	0.070
USC00044232	2017	2	7	4	0	0.010
USC00044232	2017	2	7	5	0	0.020
USC00044232	2017	2	7	6	0	0.030
USC00044232	2017	2	7	7	0	0.060
USC00044232	2017	2	7	8	0	0.020
USC00044232	2017	2	7	9	0	0.010
USC00044232	2017	2	7	10	0	0.030
USC00044232	2017	2	7	11	0	0.050
USC00044232	2017	2	7	12	0	0.070
USC00044232	2017	2	7	13	0	0.130
USC00044232	2017	2	7	14	0	0.030
USC00044232	2017	2	7	15	0	0.050
USC00044232	2017	2	7	16	0	0.050
USC00044232	2017	2	7	17	0	0.050
USC00044232	2017	2	11	10	0	0.070
USC00044232	2017	2	17	4	0	0.010
USC00044232	2017	2	17	5	0	0.080
USC00044232	2017	2	17	6	0	0.150
USC00044232	2017	2	17	7	0	0.060
USC00044232	2017	2	17	8	0	0.020
USC00044232	2017	2	17	9	0	0.050
USC00044232	2017	2	17	10	0	0.070
USC00044232	2017	2	17	11	0	0.060
USC00044232	2017	2	17	12	0	0.020
USC00044232	2017	2	17	17	0	0.020
USC00044232	2017	2	17	18	0	0.050
USC00044232	2017	2	17	19	0	0.030
USC00044232	2017	2	17	20	0	0.050
USC00044232	2017	2	17	22	0	0.010
USC00044232	2017	2	17	23	0	0.010
USC00044232	2017	2	17	24	0	0.010
USC00044232	2017	2	18	1	0	0.010
USC00044232	2017	2	18	5	0	0.030
USC00044232	2017	2	18	7	0	0.030
USC00044232	2017	2	18	8	0	0.010
USC00044232	2017	2	20	7	0	0.020
USC00044232	2017	2	20	8	0	0.110
USC00044232	2017	2	20	9	0	0.110
USC00044232	2017	2	20	10	0	0.030
USC00044232	2017	2	20	12	0	0.010
USC00044232	2017	2	20	13	0	0.010
USC00044232	2017	2	20	14	0	0.080
USC00044232	2017	2	20	15	0	0.100
USC00044232	2017	2	20	16	0	0.110
USC00044232	2017	2	20	17	0	0.040
USC00044232	2017	2	20	18	0	0.030
USC00044232	2017	4	6	23	0	0.005
USC00044232	2017	4	7	2	0	0.003
USC00044232	2017	4	7	3	0	0.010
USC00044232	2017	4	7	16	0	0.060
USC00044232	2017	4	7	17	0	0.030
USC00044232	2017	4	7	18	0	0.050
USC00044232	2017	4	7	19	0	0.050
USC00044232	2017	4	7	20	0	0.120
USC00044232	2017	4	7	21	0	0.230
USC00044232	2017	4	7	22	0	0.070
USC00044232	2017	4	17	3	0	0.002
USC00044232	2017	4	17	4	0	0.001
USC00044232	2017	4	17	5	0	0.002
USC00044232	2017	4	17	6	0	0.002
USC00044232	2017	4	18	3	0	0.001
USC00044232	2017	4	18	4	0	0.001
USC00044232	2017	4	18	5	0	0.006
USC00044232	2017	4	18	6	0	0.003
USC00044232	2017	4	18	7	0	0.005
USC00044232	2017	4	18	8	0	0.003
USC00044232	2017	4	18	9	0	0.019
USC00044232	2017	5	2	14	0	0.010
USC00044232	2017	5	6	24	0	0.070
USC00044232	2017	5	7	1	0	0.140
USC00044232	2017	5	7	2	0	0.070
USC00044232	2017	5	7	3	0	0.110
USC00044232	2017	5	7	4	0	0.060
USC00044232	2017	5	7	5	0	0.130
USC00044232	2017	5	7	6	0	0.030
USC00044232	2017	5	7	7	0	0.010
USC00044232	2017	5	8	3	0	0.020
USC00044232	2017	5	15	13	0	0.030
USC00044232	2017	5	15	14	0	0.050
USC00044232	2017	5	20	14	0	0.010
USC00044232	2017	5	25	13	0	0.010
USC00044232	2017	5	27	14	0	0.010
USC00044232	2017	6	1	13	0	0.010
USC00044232	2017	6	9	13	0	0.010
USC00044232	2017	6	11	12	0	0.010
USC00044232	2017	6	14	13	0	0.010
USC00044232	2017	6	27	11	0	0.010
USC00044232	2017	7	25	14	0	0.030
USC00044232	2017	8	3	11	0	0.010
USC00044232	2017	8	3	22	0	0.060
USC00044232	2017	8	30	12	0	0.110
USC00044232	2017	8	31	21	0	0.020
USC00044232	2017	9	10	12	0	0.010
USC00044232	2017	9	11	12	0	0.020
USC00044232	2017	9	11	13	0	0.050
USC00044232	2017	9	11	23	0	0.030
USC00044232	2017	9	20	14	0	0.010
USC00044232	2017	10	20	5	0	0.010
USC00044232	2017	11	16	4	0	0.001
USC00044232	2017	11	16	8	0	0.012
USC00044232	2017	11	16	18	0	0.010
USC00044232	2017	11	16	19	0	0.060
USC00044232	2017	11	16	20	0	0.050
USC00044232	2017	11	16	21	0	0.030
USC00044232	2017	11	16	24	0	0.030
USC00044232	2017	11	17	1	0	0.010
USC00044232	2017	11	17	2	0	0.010
USC00044232	2017	11	17	3	0	0.030
USC00044232	2017	11	17	5	0	0.040
USC00044232	2017	11	17	6	0	0.100
USC00044232	2017	11	17	7	0	0.010
USC00044232	2017	11	17	9	0	0.020
USC00044232	2017	11	27	1	0	0.01
USC00044232	2017	11	28	3	0	0.003
USC00044232	2018	1	4	8	0	0.001
USC00044232	2018	1	4	9	0	0.004
USC00044232	2018	1	4	10	0	0.003
USC00044232	2018	1	4	11	0	0.005
USC00044232	2018	1	4	12	0	0.002
USC00044232	2018	1	5	10	0	0.001
USC00044232	2018	1	5	16	0	0.001
USC00044232	2018	1	8	7	0	0.006
USC00044232	2018	1	8	8	0	0.013
USC00044232	2018	1	8	9	0	0.009
USC00044232	2018	1	8	10	0	0.007
USC00044232	2018	1	8	11	0	0.003
USC00044232	2018	1	8	12	0	0.004
USC00044232	2018	1	8	13	0	0.008
USC00044232	2018	1	8	14	0	0.01
USC00044232	2018	1	8	15	0	0.011
USC00044232	2018	1	8	16	0	0.004
USC00044232	2018	1	8	17	0	0.007
USC00044232	2018	1	8	18	0	0.006
USC00044232	2018	1	8	19	0	0.004
USC00044232	2018	1	8	20	0	0.009
USC00044232	2018	1	8	22	0	0.007
USC00044232	2018	1	9	2	0	0.007
USC00044232	2018	1	9	3	0	0.008
USC00044232	2018	1	9	5	0	0.015
USC00044232	2018	1	9	7	0	0.002
USC00044232	2018	1	9	8	0	0.037
USC00044232	2018	1	9	9	0	0.064
USC00044232	2018	1	9	10	0	0.145
USC00044232	2018	1	9	11	0	0.106
USC00044232	2018	1	9	12	0	0.1
USC00044232	2018	1	9	13	0	0.133
USC00044232	2018	1	9	14	0	0.01
USC00044232	2018	1	9	17	0	0.009
USC00044232	2018	1	9	18	0	0.01
USC00044232	2018	1	9	19	0	0.001
USC00044232	2018	1	19	9	0	0.001
USC00044232	2018	1	19	10	0	0.001
USC00044232	2018	1	19	14	0	0.001
USC00044232	2018	1	24	5	0	0.002
USC00044232	2018	1	25	11	0	0.065
USC00044232	2018	1	25	12	0	0.095
USC00044232	2018	2	1	11	0	0.010
USC00044232	2018	2	27	1	0	0.030
USC00044232	2018	2	27	2	0	0.010
USC00044232	2018	2	27	9	0	0.030
USC00044232	2018	2	28	8	0	0.010
USC00044232	2018	3	1	12	0	0.010
USC00044232	2018	3	4	14	0	0.010
USC00044232	2018	3	8	13	0	0.010
USC00044232	2018	3	10	21	0	0.010
USC00044232	2018	3	10	22	0	0.030
USC00044232	2018	3	10	23	0	0.010
USC00044232	2018	3	11	13	0	0.010
USC00044232	2018	3	21	12	0	0.090
USC00044232	2018	3	21	13	0	0.040
USC00044232	2018	3	21	14	0	0.050
USC00044232	2018	3	21	15	0	0.040
USC00044232	2018	3	21	16	0	0.040
USC00044232	2018	3	21	17	0	0.040
USC00044232	2018	3	21	18	0	0.060
USC00044232	2018	3	21	21	0	0.020
USC00044232	2018	3	21	22	0	0.050
USC00044232	2018	3	21	23	0	0.040
USC00044232	2018	3	21	24	0	0.030
USC00044232	2018	3	22	1	0	0.030
USC00044232	2018	3	22	2	0	0.010
USC00044232	2018	3	22	3	0	0.010
USC00044232	2018	3	22	6	0	0.010
USC00044232	2018	3	22	9	0	0.010
USC00044232	2018	3	22	11	0	0.020
USC00044232	2018	3	22	17	0	0.040
USC00044232	2018	3	22	19	0	0.020
USC00044232	2018	3	22	20	0	0.040
USC00044232	2018	3	22	21	0	0.060
USC00044232	2018	3	22	22	0	0.030
USC00044232	2018	3	24	8	0	0.010
USC00044232	2018	3	24	19	0	0.020
USC00044232	2018	4	1	11	0	0.010
USC00044232	2018	4	7	7	0	0.060
USC00044232	2018	4	7	8	0	0.010
USC00044232	2018	4	7	10	0	0.020
USC00044232	2018	4	7	11	0	0.150
USC00044232	2018	4	8	7	0	0.010
USC00044232	2018	4	20	7	0	0.010
USC00044232	2018	4	20	14	0	0.010
USC00044232	2018	4	21	13	0	0.010
USC00044232	2018	5	1	13	0	0.010
USC00044232	2018	5	15	11	0	0.010
USC00044232	2018	5	22	10	0	0.010
USC00044232	2018	6	1	11	0	0.010
USC00044232	2018	7	10	22	0	0.002
USC00044232	2018	7	10	23	0	0.089
USC00044232	2018	7	10	24	0	0.001
USC00044232	2018	7	12	10	0	0.003
USC00044232	2018	7	12	11	0	0.01
USC00044232	2018	7	12	12	0	0.003
USC00044232	2018	7	12	13	0	0.005
USC00044232	2018	7	12	14	0	0.008
USC00044232	2018	7	12	15	0	0.012
USC00044232	2018	7	12	16	0	0.008
USC00044232	2018	7	12	17	0	0.025
USC00044232	2018	7	12	18	0	0.018
USC00044232	2018	7	12	19	0	0.085
USC00044232	2018	7	12	20	0	0.177
USC00044232	2018	7	12	21	0	0.047
USC00044232	2018	7	13	14	0	0.005
USC00044232	2018	7	13	16	0	0.002
USC00044232	2018	7	19	12	0	0.003
USC00044232	2018	7	19	14	0	0.001
USC00044232	2018	7	20	12	0	0.016
USC00044232	2018	7	20	13	0	0.016
USC00044232	2018	7	21	16	0	0.003
USC00044232	2018	7	21	17	0	0.001
USC00044232	2018	7	21	18	0	0.003
USC00044232	2018	7	21	19	0	0.001
USC00044232	2018	7	22	14	0	0.001
USC00044232	2018	7	22	15	0	0.004
USC00044232	2018	7	22	16	0	0.002
USC00044232	2018	7	31	12	0	0.002
USC00044232	2018	7	31	13	0	0.001
USC00044232	2018	7	31	14	0	0.009
USC00044232	2018	7	31	15	0	0.005
USC00044232	2018	7	31	16	0	0.001
USC00044232	2018	7	31	22	0	0.006
USC00044232	2018	8	2	12	0	0.001
USC00044232	2018	8	2	13	0	0.003
USC00044232	2018	8	2	14	0	0.002
USC00044232	2018	9	4	13	0	0.003
USC00044232	2018	9	4	14	0	0.006
USC00044232	2018	9	4	15	0	0.01
USC00044232	2018	9	4	16	0	0.001
USC00044232	2018	9	4	21	0	0.001
USC00044232	2018	10	2	8	0	0.007
USC00044232	2018	10	2	9	0	0.026
USC00044232	2018	10	2	10	0	0.011
USC00044232	2018	10	2	11	0	0.01
USC00044232	2018	10	2	12	0	0.002
USC00044232	2018	10	2	15	0	0.011
USC00044232	2018	10	2	16	0	0.011
USC00044232	2018	10	2	18	0	0.002
USC00044232	2018	10	2	19	0	0.002
USC00044232	2018	10	3	12	0	0.005
USC00044232	2018	10	3	13	0	0.067
USC00044232	2018	10	3	14	0	0.221
USC00044232	2018	10	3	15	0	0.26
USC00044232	2018	10	3	16	0	0.007
USC00044232	2018	10	3	17	0	0.006
USC00044232	2018	10	3	18	0	0.034
USC00044232	2018	10	3	19	0	0.048
USC00044232	2018	10	3	20	0	0.052
USC00044232	2018	10	3	21	0	0.034
USC00044232	2018	10	3	22	0	0.009
USC00044232	2018	10	3	23	0	0.001
USC00044232	2018	10	3	24	0	0.001
USC00044232	2018	10	4	15	0	0.002
USC00044232	2018	10	6	14	0	0.003
USC00044232	2018	10	6	15	0	0.013
USC00044232	2018	10	6	16	0	0.031
USC00044232	2018	10	6	17	0	0.032
USC00044232	2018	10	6	18	0	0.056
USC00044232	2018	10	6	19	0	0.02
USC00044232	2018	10	6	20	0	0.003
USC00044232	2018	10	6	21	0	0.002
USC00044232	2018	10	6	22	0	0.008
USC00044232	2018	10	6	23	0	0.002
USC00044232	2018	10	6	24	0	0.002
USC00044232	2018	10	7	11	0	0.002
USC00044232	2018	10	7	13	0	0.001
USC00044232	2018	11	20	13	0	0.010
USC00044232	2018	11	22	14	0	0.010
USC00044232	2018	11	24	8	0	0.010
USC00044232	2018	11	24	14	0	0.010
USC00044232	2018	11	28	8	0	0.040
USC00044232	2018	11	28	9	0	0.070
USC00044232	2018	11	28	10	0	0.010
USC00044232	2018	11	28	12	0	0.010
USC00044232	2018	11	28	13	0	0.030
USC00044232	2018	11	28	14	0	0.040
USC00044232	2018	11	28	15	0	0.030
USC00044232	2018	11	28	16	0	0.040
USC00044232	2018	11	28	24	0	0.010
USC00044232	2018	11	29	1	0	0.020
USC00044232	2018	11	29	2	0	0.060
USC00044232	2018	11	29	3	0	0.030
USC00044232	2018	11	29	4	0	0.180
USC00044232	2018	11	29	5	0	0.150
USC00044232	2018	11	29	6	0	0.080
USC00044232	2018	11	29	7	0	0.030
USC00044232	2018	11	29	8	0	0.020
USC00044232	2018	11	29	14	0	0.010
USC00044232	2018	12	6	3	0	0.030
USC00044232	2018	12	6	4	0	0.010
USC00044232	2018	12	6	5	0	0.010
USC00044232	2018	12	6	8	0	0.010
USC00044232	2018	12	6	10	0	0.010
USC00044232	2018	12	6	11	0	0.010
USC00044232	2018	12	6	12	0	0.020
USC00044232	2018	12	6	13	0	0.010
USC00044232	2018	12	6	14	0	0.020
USC00044232	2018	12	6	15	0	0.030
USC00044232	2018	12	6	16	0	0.010
USC00044232	2018	12	7	3	0	0.010
USC00044232	2018	12	11	14	0	0.010
USC00044232	2018	12	21	11	0	0.010
USC00044232	2018	12	24	10	0	0.010
USC00044232	2018	12	24	21	0	0.030
USC00044232	2018	12	24	22	0	0.030
USC00044232	2018	12	26	13	0	0.010
