USC00298127	2003	1	5	14	0	0.100
USC00298127	2003	2	8	18	0	0.100
USC00298127	2003	2	14	9	0	0.100
USC00298127	2003	2	19	23	0	0.100
USC00298127	2003	2	20	5	0	0.100
USC00298127	2003	2	20	18	0	0.500
USC00298127	2003	2	20	19	0	0.300
USC00298127	2003	2	20	20	0	0.100
USC00298127	2003	2	20	21	0	0.100
USC00298127	2003	2	21	3	0	0.100
USC00298127	2003	2	26	8	0	0.100
USC00298127	2003	2	26	15	0	0.100
USC00298127	2003	3	17	9	0	0.100
USC00298127	2003	3	27	13	0	0.100
USC00298127	2003	6	16	16	0	0.100
USC00298127	2003	6	16	17	0	0.100
USC00298127	2003	6	17	19	0	0.100
USC00298127	2003	7	17	4	0	0.100
USC00298127	2003	7	17	7	0	0.200
USC00298127	2003	7	17	16	0	0.100
USC00298127	2003	8	1	23	0	0.007
USC00298127	2003	8	2	1	0	0.026
USC00298127	2003	8	2	2	0	0.023
USC00298127	2003	8	2	3	0	0.071
USC00298127	2003	8	2	4	0	0.004
USC00298127	2003	8	3	11	0	0.007
USC00298127	2003	8	3	12	0	0.007
USC00298127	2003	8	3	13	0	0.007
USC00298127	2003	8	3	14	0	0.007
USC00298127	2003	8	3	15	0	0.007
USC00298127	2003	8	3	16	0	0.007
USC00298127	2003	8	3	18	0	0.007
USC00298127	2003	8	21	15	0	0.100
USC00298127	2003	8	22	11	0	0.100
USC00298127	2003	8	26	12	0	0.100
USC00298127	2003	8	27	21	0	0.100
USC00298127	2003	8	27	22	0	0.100
USC00298127	2003	9	24	4	0	0.100
USC00298127	2003	9	25	14	0	0.100
USC00298127	2003	10	3	20	0	0.100
USC00298127	2003	10	4	7	0	0.100
USC00298127	2003	10	4	9	0	0.100
USC00298127	2003	10	4	11	0	0.100
USC00298127	2003	10	10	23	0	0.100
USC00298127	2003	10	10	24	0	0.100
USC00298127	2003	10	11	11	0	0.100
USC00298127	2003	11	12	17	0	0.100
USC00298127	2003	11	12	18	0	0.100
USC00298127	2003	11	12	23	0	0.100
USC00298127	2003	11	13	2	0	0.100
USC00298127	2003	11	13	5	0	0.100
USC00298127	2003	11	13	10	0	0.100
USC00298127	2003	11	17	11	0	0.100
USC00298127	2003	12	8	18	0	0.100
USC00298127	2004	1	14	12	0	0.100
USC00298127	2004	1	14	17	0	0.100
USC00298127	2004	1	15	1	0	0.100
USC00298127	2004	1	15	7	0	0.100
USC00298127	2004	2	4	4	0	0.003
USC00298127	2004	2	4	5	0	0.001
USC00298127	2004	2	4	6	0	0.007
USC00298127	2004	2	4	14	0	0.015
USC00298127	2004	2	20	18	0	0.14
USC00298127	2004	2	21	14	0	0.005
USC00298127	2004	2	21	16	0	0.005
USC00298127	2004	2	22	14	0	0.126
USC00298127	2004	2	22	15	0	0.126
USC00298127	2004	2	22	16	0	0.126
USC00298127	2004	2	22	17	0	0.126
USC00298127	2004	2	22	18	0	0.126
USC00298127	2004	2	23	12	0	0.001
USC00298127	2004	2	23	13	0	0.031
USC00298127	2004	2	23	14	0	0.002
USC00298127	2004	2	23	23	0	0.006
USC00298127	2004	2	25	13	0	0.331
USC00298127	2004	2	25	22	0	0.331
USC00298127	2004	2	28	14	0	0.014
USC00298127	2004	2	28	15	0	0.006
USC00298127	2004	2	28	17	0	0.002
USC00298127	2004	3	3	24	0	0.100
USC00298127	2004	3	4	1	0	0.100
USC00298127	2004	3	11	8	0	0.100
USC00298127	2004	3	11	10	0	0.100
USC00298127	2004	3	11	18	0	0.100
USC00298127	2004	3	11	24	0	0.100
USC00298127	2004	3	12	6	0	0.100
USC00298127	2004	3	12	7	0	0.100
USC00298127	2004	4	4	3	0	0.200
USC00298127	2004	4	4	9	0	0.100
USC00298127	2004	4	4	10	0	0.200
USC00298127	2004	4	4	24	0	0.100
USC00298127	2004	4	5	7	0	0.200
USC00298127	2004	4	5	10	0	0.100
USC00298127	2004	4	10	23	0	0.200
USC00298127	2004	4	11	5	0	0.100
USC00298127	2004	4	11	14	0	0.100
USC00298127	2004	4	11	15	0	0.100
USC00298127	2004	5	27	6	0	0.200
USC00298127	2004	6	24	19	0	0.100
USC00298127	2004	6	27	9	0	0.100
USC00298127	2004	6	27	10	0	0.100
USC00298127	2004	6	27	23	0	0.900
USC00298127	2004	6	28	2	0	0.100
USC00298127	2004	6	29	4	0	0.100
USC00298127	2004	6	29	5	0	0.100
USC00298127	2004	7	20	21	0	0.001
USC00298127	2004	7	20	22	0	0.003
USC00298127	2004	7	23	22	0	0.001
USC00298127	2004	7	23	23	0	0.005
USC00298127	2004	7	23	24	0	0.018
USC00298127	2004	7	24	1	0	0.015
USC00298127	2004	7	24	2	0	0.021
USC00298127	2004	7	24	3	0	0.007
USC00298127	2004	7	24	4	0	0.001
USC00298127	2004	7	24	13	0	0.001
USC00298127	2004	7	24	14	0	0.002
USC00298127	2004	7	27	2	0	0.002
USC00298127	2004	7	27	3	0	0.01
USC00298127	2004	7	27	4	0	0.012
USC00298127	2004	7	27	5	0	0.008
USC00298127	2004	7	27	13	0	0.002
USC00298127	2004	7	27	14	0	0.001
USC00298127	2004	7	27	16	0	0.001
USC00298127	2004	7	27	17	0	0.004
USC00298127	2004	7	27	18	0	0.062
USC00298127	2004	7	27	19	0	0.058
USC00298127	2004	7	27	24	0	0.001
USC00298127	2004	7	28	16	0	0.001
USC00298127	2004	7	28	17	0	0.025
USC00298127	2004	8	1	12	0	0.044
USC00298127	2004	8	1	13	0	0.078
USC00298127	2004	8	5	1	0	0.300
USC00298127	2004	8	5	5	0	0.100
USC00298127	2004	8	13	23	0	0.100
USC00298127	2004	8	13	24	0	0.200
USC00298127	2004	8	14	1	0	0.200
USC00298127	2004	8	14	2	0	0.100
USC00298127	2004	8	14	3	0	0.100
USC00298127	2004	8	16	12	0	0.100
USC00298127	2004	8	24	14	0	0.100
USC00298127	2004	9	19	3	0	0.100
USC00298127	2004	9	19	22	0	0.400
USC00298127	2004	9	20	3	0	0.100
USC00298127	2004	9	23	8	0	0.100
USC00298127	2004	9	24	24	0	0.100
USC00298127	2004	9	29	19	0	0.500
USC00298127	2004	10	11	18	0	0.100
USC00298127	2004	10	13	15	0	0.100
USC00298127	2004	10	25	10	0	0.100
USC00298127	2004	10	25	12	0	0.100
USC00298127	2004	11	1	11	0	0.100
USC00298127	2004	11	1	12	0	0.100
USC00298127	2004	11	1	21	0	0.100
USC00298127	2004	11	13	2	0	0.100
USC00298127	2004	11	13	3	0	0.100
USC00298127	2004	11	13	22	0	0.100
USC00298127	2004	11	14	1	0	0.100
USC00298127	2004	11	14	2	0	0.300
USC00298127	2004	11	14	3	0	0.100
USC00298127	2004	11	14	4	0	0.100
USC00298127	2004	11	14	5	0	0.200
USC00298127	2004	11	14	7	0	0.100
USC00298127	2004	11	15	4	0	0.100
USC00298127	2004	11	15	6	0	0.100
USC00298127	2004	11	15	19	0	0.100
USC00298127	2004	11	15	20	0	0.200
USC00298127	2004	11	16	11	0	0.100
USC00298127	2004	11	22	13	0	0.100
USC00298127	2004	11	22	16	0	0.100
USC00298127	2004	11	29	1	0	0.100
USC00298127	2004	12	4	17	0	0.100
USC00298127	2004	12	4	19	0	0.200
USC00298127	2004	12	4	24	0	0.100
USC00298127	2005	1	2	4	0	0.100
USC00298127	2005	1	3	20	0	0.100
USC00298127	2005	1	3	23	0	0.100
USC00298127	2005	1	4	3	0	0.100
USC00298127	2005	1	8	14	0	0.100
USC00298127	2005	1	26	11	0	0.100
USC00298127	2005	1	26	13	0	0.100
USC00298127	2005	1	26	20	0	0.100
USC00298127	2005	1	26	21	0	0.100
USC00298127	2005	1	26	22	0	0.100
USC00298127	2005	1	26	23	0	0.100
USC00298127	2005	2	1	7	0	0.006
USC00298127	2005	2	4	19	0	0.100
USC00298127	2005	2	5	9	0	0.100
USC00298127	2005	2	5	10	0	0.100
USC00298127	2005	2	5	15	0	0.200
USC00298127	2005	2	5	16	0	0.100
USC00298127	2005	2	5	21	0	0.100
USC00298127	2005	2	5	22	0	0.100
USC00298127	2005	2	6	13	0	0.100
USC00298127	2005	2	10	23	0	0.100
USC00298127	2005	2	11	16	0	0.100
USC00298127	2005	2	11	22	0	0.100
USC00298127	2005	2	11	23	0	0.100
USC00298127	2005	2	12	3	0	0.100
USC00298127	2005	2	12	8	0	0.100
USC00298127	2005	2	12	15	0	0.100
USC00298127	2005	2	24	7	0	0.300
USC00298127	2005	2	24	15	0	0.001
USC00298127	2005	2	24	18	0	0.001
USC00298127	2005	2	25	13	0	0.002
USC00298127	2005	2	27	15	0	0.003
USC00298127	2005	2	27	16	0	0.005
USC00298127	2005	2	27	17	0	0.023
USC00298127	2005	3	6	14	0	0.100
USC00298127	2005	4	3	7	0	0.017
USC00298127	2005	4	16	7	0	0.001
USC00298127	2005	4	16	8	0	0.002
USC00298127	2005	4	16	9	0	0.001
USC00298127	2005	4	16	11	0	0.001
USC00298127	2005	4	16	12	0	0.001
USC00298127	2005	4	16	13	0	0.001
USC00298127	2005	4	16	14	0	0.001
USC00298127	2005	4	16	16	0	0.001
USC00298127	2005	4	16	17	0	0.001
USC00298127	2005	4	16	18	0	0.001
USC00298127	2005	4	16	22	0	0.001
USC00298127	2005	4	16	23	0	0.001
USC00298127	2005	4	17	1	0	0.004
USC00298127	2005	4	17	2	0	0.001
USC00298127	2005	4	17	3	0	0.001
USC00298127	2005	4	17	5	0	0.001
USC00298127	2005	4	19	14	0	0.006
USC00298127	2005	4	25	12	0	0.100
USC00298127	2005	5	9	21	0	0.041
USC00298127	2005	5	9	22	0	0.049
USC00298127	2005	5	9	23	0	0.051
USC00298127	2005	5	9	24	0	0.066
USC00298127	2005	5	10	1	0	0.047
USC00298127	2005	5	10	21	0	0.005
USC00298127	2005	5	10	22	0	0.001
USC00298127	2005	5	15	17	0	0.016
USC00298127	2005	5	15	18	0	0.1
USC00298127	2005	5	15	19	0	0.004
USC00298127	2005	5	20	2	0	0.100
USC00298127	2005	5	26	16	0	0.100
USC00298127	2005	5	26	17	0	0.200
USC00298127	2005	5	26	22	0	0.018
USC00298127	2005	5	26	23	0	0.095
USC00298127	2005	5	26	24	0	0.229
USC00298127	2005	5	27	1	0	0.1
USC00298127	2005	5	27	2	0	0.021
USC00298127	2005	5	27	3	0	0.008
USC00298127	2005	5	27	11	0	0.200
USC00298127	2005	5	29	18	0	0.003
USC00298127	2005	5	29	21	0	0.006
USC00298127	2005	5	29	22	0	0.001
USC00298127	2005	6	27	9	0	0.100
USC00298127	2005	7	25	18	0	0.200
USC00298127	2005	8	11	19	0	0.100
USC00298127	2005	8	11	24	0	0.100
USC00298127	2005	8	13	5	0	0.100
USC00298127	2005	8	14	4	0	0.100
USC00298127	2005	8	14	19	0	0.100
USC00298127	2005	8	14	20	0	0.100
USC00298127	2005	8	15	2	0	0.100
USC00298127	2005	8	17	21	0	0.200
USC00298127	2005	8	17	24	0	0.100
USC00298127	2005	8	19	21	0	0.100
USC00298127	2005	8	22	5	0	0.100
USC00298127	2005	8	23	6	0	0.100
USC00298127	2005	9	6	21	0	0.200
USC00298127	2005	9	6	22	0	0.100
USC00298127	2005	9	6	23	0	0.100
USC00298127	2005	10	3	24	0	0.100
USC00298127	2005	10	8	21	0	0.200
USC00298127	2005	10	9	6	0	0.100
USC00298127	2005	10	9	7	0	0.100
USC00298127	2005	10	9	12	0	0.100
USC00298127	2005	10	13	6	0	0.100
USC00298127	2005	10	13	11	0	0.100
USC00298127	2005	10	13	14	0	0.100
USC00298127	2005	10	13	15	0	0.200
USC00298127	2005	10	15	2	0	0.100
USC00298127	2005	10	15	5	0	0.100
USC00298127	2005	10	15	7	0	0.700
USC00298127	2005	10	15	8	0	0.300
USC00298127	2005	10	15	10	0	0.200
USC00298127	2006	2	19	5	0	0.100
USC00298127	2006	2	23	21	0	0.200
USC00298127	2006	2	24	19	0	0.100
USC00298127	2006	5	15	21	0	0.100
USC00298127	2006	6	26	10	0	0.200
USC00298127	2006	7	4	24	0	0.100
USC00298127	2006	7	5	4	0	0.100
USC00298127	2006	7	7	24	0	0.100
USC00298127	2006	7	12	18	0	0.100
USC00298127	2006	7	15	14	0	0.100
USC00298127	2006	7	15	17	0	0.100
USC00298127	2006	7	16	7	0	0.100
USC00298127	2006	7	27	24	0	0.100
USC00298127	2006	7	28	1	0	0.100
USC00298127	2006	7	28	4	0	0.100
USC00298127	2006	7	28	21	0	0.100
USC00298127	2006	7	31	2	0	0.100
USC00298127	2006	7	31	8	0	0.500
USC00298127	2006	7	31	9	0	0.600
USC00298127	2006	7	31	13	0	0.100
USC00298127	2006	7	31	21	0	0.200
USC00298127	2006	7	31	22	0	0.200
USC00298127	2006	7	31	23	0	0.200
USC00298127	2006	8	1	2	0	0.200
USC00298127	2006	8	1	3	0	0.100
USC00298127	2006	8	1	4	0	0.200
USC00298127	2006	8	1	5	0	0.100
USC00298127	2006	8	1	6	0	0.200
USC00298127	2006	8	1	9	0	0.100
USC00298127	2006	8	1	10	0	0.300
USC00298127	2006	8	1	12	0	0.100
USC00298127	2006	8	1	13	0	0.100
USC00298127	2006	8	1	15	0	0.200
USC00298127	2006	8	1	16	0	0.200
USC00298127	2006	8	3	2	0	0.600
USC00298127	2006	8	3	3	0	0.100
USC00298127	2006	8	3	13	0	0.100
USC00298127	2006	8	16	4	0	0.100
USC00298127	2006	8	16	14	0	0.100
USC00298127	2006	8	16	15	0	0.400
USC00298127	2006	8	16	16	0	0.100
USC00298127	2006	8	16	17	0	0.200
USC00298127	2006	8	16	18	0	0.100
USC00298127	2006	8	16	19	0	0.100
USC00298127	2006	8	16	21	0	0.100
USC00298127	2006	8	19	2	0	0.100
USC00298127	2006	8	19	3	0	0.100
USC00298127	2006	8	19	4	0	0.500
USC00298127	2006	8	19	5	0	0.100
USC00298127	2006	8	19	6	0	0.100
USC00298127	2006	8	31	1	0	0.100
USC00298127	2006	8	31	2	0	0.100
USC00298127	2006	9	1	22	0	0.600
USC00298127	2006	9	1	24	0	0.200
USC00298127	2006	9	3	1	0	0.100
USC00298127	2006	9	3	2	0	0.100
USC00298127	2006	9	3	3	0	0.300
USC00298127	2006	9	3	4	0	0.300
USC00298127	2006	9	3	5	0	0.200
USC00298127	2006	9	3	8	0	0.100
USC00298127	2006	9	3	10	0	0.100
USC00298127	2006	9	3	11	0	0.100
USC00298127	2006	9	3	14	0	0.100
USC00298127	2006	9	3	22	0	0.100
USC00298127	2006	9	3	24	0	0.100
USC00298127	2006	9	4	1	0	0.100
USC00298127	2006	9	4	4	0	0.100
USC00298127	2006	9	4	5	0	0.400
USC00298127	2006	9	4	6	0	0.300
USC00298127	2006	9	4	7	0	0.300
USC00298127	2006	9	4	10	0	0.100
USC00298127	2006	9	13	22	0	0.100
USC00298127	2006	9	13	23	0	0.100
USC00298127	2006	9	14	3	0	0.100
USC00298127	2006	10	7	20	0	0.100
USC00298127	2006	10	8	2	0	0.100
USC00298127	2006	10	9	11	0	0.200
USC00298127	2006	10	14	10	0	0.100
USC00298127	2006	10	15	2	0	0.200
USC00298127	2006	10	15	4	0	0.100
USC00298127	2006	10	24	7	0	0.100
USC00298127	2006	10	24	8	0	0.100
USC00298127	2006	10	24	9	0	0.100
USC00298127	2006	10	24	10	0	0.100
USC00298127	2007	1	2	11	0	0.100
USC00298127	2007	1	2	13	0	0.100
USC00298127	2007	1	18	24	0	0.100
USC00298127	2007	1	19	2	0	0.100
USC00298127	2007	1	19	3	0	0.100
USC00298127	2007	1	19	6	0	0.100
USC00298127	2007	1	19	7	0	0.100
USC00298127	2007	1	19	8	0	0.100
USC00298127	2007	1	19	11	0	0.100
USC00298127	2007	1	19	14	0	0.100
USC00298127	2007	1	19	16	0	0.100
USC00298127	2007	1	19	17	0	0.100
USC00298127	2007	1	23	10	0	0.100
USC00298127	2007	1	26	2	0	0.100
USC00298127	2007	1	26	3	0	0.100
USC00298127	2007	1	26	7	0	0.100
USC00298127	2007	1	30	12	0	0.100
USC00298127	2007	1	30	21	0	0.100
USC00298127	2007	2	14	2	0	0.100
USC00298127	2007	5	2	12	0	0.100
USC00298127	2007	5	8	1	0	0.100
USC00298127	2007	5	14	24	0	0.100
USC00298127	2007	5	15	22	0	0.100
USC00298127	2007	5	15	23	0	0.200
USC00298127	2007	5	15	24	0	0.100
USC00298127	2007	7	12	18	0	0.100
USC00298127	2007	7	12	19	0	0.200
USC00298127	2007	7	12	21	0	0.100
USC00298127	2007	7	14	3	0	0.100
USC00298127	2007	7	14	4	0	0.400
USC00298127	2007	7	14	5	0	0.200
USC00298127	2007	7	14	6	0	0.100
USC00298127	2007	7	14	7	0	0.100
USC00298127	2007	7	27	20	0	0.300
USC00298127	2007	7	27	21	0	0.200
USC00298127	2007	7	29	17	0	0.400
USC00298127	2007	8	1	12	0	0.300
USC00298127	2007	8	1	13	0	0.400
USC00298127	2007	8	2	16	0	0.100
USC00298127	2007	8	2	19	0	0.700
USC00298127	2007	8	9	18	0	0.100
USC00298127	2007	8	9	19	0	0.600
USC00298127	2007	8	22	20	0	0.400
USC00298127	2007	8	25	12	0	0.100
USC00298127	2007	9	10	1	0	0.100
USC00298127	2007	9	10	2	0	0.200
USC00298127	2007	9	10	6	0	0.100
USC00298127	2007	9	10	23	0	0.100
USC00298127	2007	9	11	3	0	0.100
USC00298127	2007	9	11	4	0	0.100
USC00298127	2007	9	24	7	0	0.100
USC00298127	2007	9	26	1	0	0.100
USC00298127	2007	9	28	21	0	0.400
USC00298127	2007	10	1	10	0	0.100
USC00298127	2007	11	16	14	0	0.100
USC00298127	2007	11	22	13	0	0.100
USC00298127	2007	11	24	3	0	0.100
USC00298127	2007	11	24	9	0	0.100
USC00298127	2007	11	25	10	0	0.100
USC00298127	2007	11	25	11	0	0.100
USC00298127	2007	11	30	19	0	0.100
USC00298127	2007	11	30	21	0	0.100
USC00298127	2007	12	1	6	0	0.100
USC00298127	2007	12	1	14	0	0.100
USC00298127	2007	12	10	9	0	0.100
USC00298127	2007	12	10	13	0	0.100
USC00298127	2007	12	10	14	0	0.200
USC00298127	2008	2	16	16	0	0.200
USC00298127	2008	2	28	11	0	0.100
USC00298127	2008	4	18	10	0	0.100
USC00298127	2008	5	12	22	0	0.100
USC00298127	2008	5	16	12	0	0.100
USC00298127	2008	7	7	22	0	0.200
USC00298127	2008	7	7	23	0	0.200
USC00298127	2008	7	7	24	0	0.100
USC00298127	2008	7	8	1	0	0.100
USC00298127	2008	7	8	19	0	0.700
USC00298127	2008	7	8	20	0	0.100
USC00298127	2008	7	9	15	0	0.100
USC00298127	2008	7	10	6	0	0.200
USC00298127	2008	7	10	7	0	0.100
USC00298127	2008	7	10	9	0	0.200
USC00298127	2008	7	13	2	0	0.100
USC00298127	2008	7	15	1	0	0.100
USC00298127	2008	7	16	16	0	0.100
USC00298127	2008	7	16	17	0	0.100
USC00298127	2008	7	16	20	0	0.100
USC00298127	2008	7	16	24	0	0.100
USC00298127	2008	7	17	2	0	0.200
USC00298127	2008	7	19	16	0	0.500
USC00298127	2008	7	22	20	0	0.800
USC00298127	2008	7	26	3	0	0.300
USC00298127	2008	7	26	4	0	0.200
USC00298127	2008	7	26	6	0	0.200
USC00298127	2008	7	26	7	0	0.200
USC00298127	2008	7	26	8	0	0.200
USC00298127	2008	7	26	9	0	0.100
USC00298127	2008	7	26	10	0	0.500
USC00298127	2008	7	26	11	0	0.100
USC00298127	2008	7	26	20	0	0.100
USC00298127	2008	7	26	21	0	0.300
USC00298127	2008	7	26	22	0	0.100
USC00298127	2008	7	26	23	0	0.100
USC00298127	2008	7	26	24	0	0.100
USC00298127	2008	7	27	4	0	0.100
USC00298127	2008	7	27	7	0	0.100
USC00298127	2008	8	8	23	0	0.200
USC00298127	2008	8	9	3	0	0.500
USC00298127	2008	8	9	4	0	0.100
USC00298127	2008	8	12	20	0	0.100
USC00298127	2008	8	12	21	0	0.100
USC00298127	2008	8	14	19	0	0.700
USC00298127	2008	8	14	20	0	0.200
USC00298127	2008	8	14	21	0	0.600
USC00298127	2008	8	16	13	0	0.100
USC00298127	2008	8	24	12	0	0.100
USC00298127	2008	8	26	20	0	0.200
USC00298127	2008	8	26	22	0	0.100
USC00298127	2008	8	28	18	0	0.400
USC00298127	2008	8	31	6	0	0.100
USC00298127	2008	8	31	7	0	0.100
USC00298127	2008	8	31	13	0	0.100
USC00298127	2008	8	31	14	0	0.100
USC00298127	2008	9	2	23	0	0.400
USC00298127	2008	9	6	7	0	0.100
USC00298127	2008	9	8	2	0	0.100
USC00298127	2008	9	8	5	0	1.400
USC00298127	2008	9	8	6	0	0.100
USC00298127	2008	9	11	2	0	0.100
USC00298127	2008	9	11	11	0	0.100
USC00298127	2008	9	11	12	0	0.200
USC00298127	2008	9	11	13	0	0.100
USC00298127	2008	10	5	14	0	0.200
USC00298127	2008	10	11	11	0	0.100
USC00298127	2008	11	27	5	0	0.100
USC00298127	2008	11	27	8	0	0.100
USC00298127	2008	12	9	8	0	0.100
USC00298127	2008	12	9	12	0	0.200
USC00298127	2008	12	9	14	0	0.100
USC00298127	2009	3	9	10	0	0.100
USC00298127	2009	5	20	16	0	0.007
USC00298127	2009	5	21	3	0	0.001
USC00298127	2009	5	21	4	0	0.002
USC00298127	2009	5	21	5	0	0.001
USC00298127	2009	5	21	6	0	0.008
USC00298127	2009	5	21	7	0	0.012
USC00298127	2009	5	21	11	0	0.001
USC00298127	2009	5	21	12	0	0.074
USC00298127	2009	5	21	13	0	0.036
USC00298127	2009	5	21	14	0	0.002
USC00298127	2009	5	22	15	0	0.200
USC00298127	2009	5	22	16	0	0.500
USC00298127	2009	5	22	17	0	0.300
USC00298127	2009	6	23	14	0	0.500
USC00298127	2009	6	23	15	0	0.100
USC00298127	2009	6	28	21	0	0.100
USC00298127	2009	6	28	22	0	0.100
USC00298127	2009	6	28	24	0	0.100
USC00298127	2009	6	29	6	0	0.100
USC00298127	2009	6	30	7	0	0.600
USC00298127	2009	6	30	8	0	1.200
USC00298127	2009	7	3	2	0	0.100
USC00298127	2009	7	3	17	0	0.300
USC00298127	2009	7	3	18	0	0.800
USC00298127	2009	7	4	3	0	0.100
USC00298127	2009	7	15	21	0	0.200
USC00298127	2009	7	21	24	0	0.100
USC00298127	2009	7	22	1	0	0.100
USC00298127	2009	7	22	22	0	0.100
USC00298127	2009	8	13	21	0	0.200
USC00298127	2009	8	14	3	0	0.100
USC00298127	2009	8	14	4	0	0.100
USC00298127	2009	8	14	5	0	0.200
USC00298127	2009	8	24	2	0	0.100
USC00298127	2009	8	24	9	0	0.100
USC00298127	2009	9	5	12	0	0.100
USC00298127	2009	9	6	22	0	0.100
USC00298127	2009	9	11	18	0	0.100
USC00298127	2009	9	17	1	0	0.100
USC00298127	2009	9	17	10	0	0.100
USC00298127	2009	9	17	20	0	0.100
USC00298127	2009	9	17	21	0	0.100
USC00298127	2009	9	19	20	0	0.100
USC00298127	2009	10	20	15	0	0.100
USC00298127	2009	10	20	17	0	0.100
USC00298127	2009	10	20	18	0	0.100
USC00298127	2009	10	20	21	0	0.100
USC00298127	2009	11	28	9	0	0.100
USC00298127	2009	11	28	22	0	0.100
USC00298127	2009	11	29	12	0	0.100
USC00298127	2009	11	29	15	0	0.100
USC00298127	2009	11	29	18	0	0.100
USC00298127	2009	11	29	20	0	0.200
USC00298127	2009	11	29	24	0	0.100
USC00298127	2009	11	30	10	0	0.100
USC00298127	2009	11	30	11	0	0.100
USC00298127	2009	11	30	15	0	0.100
USC00298127	2009	11	30	17	0	0.100
USC00298127	2009	11	30	20	0	0.100
USC00298127	2009	12	1	2	0	0.100
USC00298127	2009	12	23	5	0	0.006
USC00298127	2009	12	23	6	0	0.028
USC00298127	2009	12	23	7	0	0.165
USC00298127	2009	12	23	8	0	0.023
USC00298127	2009	12	23	9	0	0.004
USC00298127	2009	12	23	10	0	0.008
USC00298127	2009	12	23	11	0	0.019
USC00298127	2009	12	23	12	0	0.001
USC00298127	2009	12	23	13	0	0.001
USC00298127	2009	12	28	23	0	0.001
USC00298127	2009	12	28	24	0	0.001
USC00298127	2009	12	29	3	0	0.041
USC00298127	2009	12	29	4	0	0.073
USC00298127	2009	12	29	5	0	0.007
USC00298127	2009	12	29	6	0	0.018
USC00298127	2009	12	29	8	0	0.045
USC00298127	2009	12	29	9	0	0.024
USC00298127	2010	1	22	8	0	0.200
USC00298127	2010	1	22	11	0	0.100
USC00298127	2010	1	22	12	0	0.100
USC00298127	2010	1	22	13	0	0.100
USC00298127	2010	1	23	2	0	0.200
USC00298127	2010	1	23	4	0	0.100
USC00298127	2010	1	28	1	0	0.100
USC00298127	2010	1	28	2	0	0.100
USC00298127	2010	1	28	3	0	0.100
USC00298127	2010	1	28	12	0	0.300
USC00298127	2010	2	3	5	0	0.100
USC00298127	2010	2	3	8	0	0.100
USC00298127	2010	2	3	13	0	0.200
USC00298127	2010	2	3	21	0	0.100
USC00298127	2010	2	3	24	0	0.100
USC00298127	2010	2	10	18	0	0.100
USC00298127	2010	2	10	19	0	0.100
USC00298127	2010	2	10	20	0	0.100
USC00298127	2010	2	11	6	0	0.100
USC00298127	2010	2	28	12	0	0.100
USC00298127	2010	6	28	19	0	0.100
USC00298127	2010	6	28	20	0	1.400
USC00298127	2010	6	28	21	0	0.100
USC00298127	2010	6	28	22	0	0.200
USC00298127	2010	6	28	23	0	0.200
USC00298127	2010	6	28	24	0	0.100
USC00298127	2010	7	11	15	0	0.400
USC00298127	2010	7	11	16	0	0.300
USC00298127	2010	7	11	17	0	0.100
USC00298127	2010	7	11	22	0	1.100
USC00298127	2010	7	11	23	0	0.700
USC00298127	2010	7	11	24	0	0.200
USC00298127	2010	7	12	9	0	0.100
USC00298127	2010	7	25	9	0	0.100
USC00298127	2010	7	26	1	0	0.100
USC00298127	2010	7	26	4	0	0.100
USC00298127	2010	8	23	18	0	0.100
USC00298127	2010	8	28	9	0	0.100
USC00298127	2010	8	30	22	0	0.600
USC00298127	2010	8	31	10	0	0.100
USC00298127	2010	9	12	24	0	0.100
USC00298127	2010	9	13	1	0	0.100
USC00298127	2010	9	21	3	0	0.100
USC00298127	2010	9	23	1	0	0.500
USC00298127	2010	9	23	2	0	0.100
USC00298127	2010	9	23	3	0	0.200
USC00298127	2010	9	23	4	0	0.100
USC00298127	2010	9	23	6	0	0.200
USC00298127	2010	9	25	10	0	0.100
USC00298127	2010	9	27	10	0	0.100
USC00298127	2010	10	4	19	0	0.100
USC00298127	2010	12	30	17	0	0.100
USC00298127	2011	1	18	11	0	0.100
USC00298127	2011	7	1	17	0	0.002
USC00298127	2011	7	1	18	0	0.005
USC00298127	2011	7	1	19	0	0.003
USC00298127	2011	7	3	12	0	0.001
USC00298127	2011	7	3	14	0	0.001
USC00298127	2011	7	3	15	0	0.001
USC00298127	2011	7	3	16	0	0.001
USC00298127	2011	7	3	17	0	0.003
USC00298127	2011	7	3	18	0	0.002
USC00298127	2011	7	3	19	0	0.002
USC00298127	2011	7	3	21	0	0.003
USC00298127	2011	7	3	22	0	0.002
USC00298127	2011	7	4	2	0	0.001
USC00298127	2011	7	12	3	0	0.02
USC00298127	2011	7	12	4	0	0.005
USC00298127	2011	7	12	5	0	0.004
USC00298127	2011	7	12	10	0	0.079
USC00298127	2011	7	12	20	0	0.002
USC00298127	2011	7	12	23	0	0.026
USC00298127	2011	7	13	15	0	0.001
USC00298127	2011	7	13	16	0	0.009
USC00298127	2011	7	13	17	0	0.004
USC00298127	2011	7	13	18	0	0.003
USC00298127	2011	7	13	19	0	0.004
USC00298127	2011	7	13	20	0	0.03
USC00298127	2011	7	13	21	0	0.045
USC00298127	2011	7	13	22	0	0.114
USC00298127	2011	7	13	23	0	0.038
USC00298127	2011	7	13	24	0	0.004
USC00298127	2011	7	14	14	0	0.010
USC00298127	2011	7	15	18	0	0.010
USC00298127	2011	7	19	20	0	0.010
USC00298127	2011	7	26	12	0	0.010
USC00298127	2011	7	26	21	0	0.010
USC00298127	2011	7	26	22	0	0.010
USC00298127	2011	7	27	3	0	0.001
USC00298127	2011	7	27	16	0	0.010
USC00298127	2011	7	27	20	0	0.020
USC00298127	2011	7	28	13	0	0.010
USC00298127	2011	7	28	21	0	0.020
USC00298127	2011	7	28	22	0	0.020
USC00298127	2011	7	28	23	0	0.150
USC00298127	2011	7	29	14	0	0.010
USC00298127	2011	7	29	24	0	0.010
USC00298127	2011	7	30	13	0	0.010
USC00298127	2011	8	3	20	0	0.040
USC00298127	2011	8	4	14	0	0.010
USC00298127	2011	8	11	4	0	0.080
USC00298127	2011	8	11	5	0	0.030
USC00298127	2011	8	11	15	0	0.010
USC00298127	2011	8	12	13	0	0.010
USC00298127	2011	8	15	13	0	0.010
USC00298127	2011	8	18	10	0	0.010
USC00298127	2011	8	18	15	0	0.230
USC00298127	2011	8	18	18	0	0.200
USC00298127	2011	8	18	21	0	0.090
USC00298127	2011	8	18	22	0	0.070
USC00298127	2011	8	18	23	0	0.010
USC00298127	2011	8	19	1	0	0.050
USC00298127	2011	8	19	17	0	0.010
USC00298127	2011	8	20	12	0	0.010
USC00298127	2011	8	21	11	0	0.010
USC00298127	2011	8	21	22	0	0.020
USC00298127	2011	8	22	11	0	0.010
USC00298127	2011	9	6	20	0	0.010
USC00298127	2011	9	13	19	0	0.010
USC00298127	2011	9	13	22	0	0.090
USC00298127	2011	9	13	23	0	0.160
USC00298127	2011	9	14	17	0	0.240
USC00298127	2011	9	14	20	0	0.240
USC00298127	2011	9	14	21	0	0.010
USC00298127	2011	9	14	24	0	0.020
USC00298127	2011	9	15	1	0	0.010
USC00298127	2011	9	15	18	0	0.020
USC00298127	2011	9	15	19	0	0.300
USC00298127	2011	9	15	24	0	0.040
USC00298127	2011	9	16	2	0	0.010
USC00298127	2011	9	16	15	0	0.010
USC00298127	2011	9	16	20	0	0.010
USC00298127	2011	9	17	15	0	0.010
USC00298127	2011	9	27	20	0	0.010
USC00298127	2011	10	2	21	0	0.030
USC00298127	2011	10	26	15	0	0.010
USC00298127	2011	10	26	23	0	0.010
USC00298127	2011	10	30	16	0	0.010
USC00298127	2011	11	12	9	0	0.010
USC00298127	2011	11	13	18	0	0.010
USC00298127	2011	11	13	23	0	0.030
USC00298127	2011	11	13	24	0	0.020
USC00298127	2011	11	14	1	0	0.010
USC00298127	2011	11	14	2	0	0.010
USC00298127	2011	11	14	3	0	0.010
USC00298127	2011	11	17	1	0	0.010
USC00298127	2011	11	25	3	0	0.040
USC00298127	2011	11	25	4	0	0.080
USC00298127	2011	11	25	5	0	0.070
USC00298127	2011	11	25	6	0	0.010
USC00298127	2011	11	25	9	0	0.010
USC00298127	2011	11	25	10	0	0.020
USC00298127	2011	11	26	19	0	0.010
USC00298127	2011	12	2	20	0	0.020
USC00298127	2011	12	2	21	0	0.110
USC00298127	2011	12	2	22	0	0.200
USC00298127	2011	12	2	23	0	0.060
USC00298127	2011	12	2	24	0	0.010
USC00298127	2011	12	4	9	0	0.010
USC00298127	2011	12	4	12	0	0.030
USC00298127	2011	12	4	13	0	0.030
USC00298127	2011	12	4	14	0	0.080
USC00298127	2011	12	5	9	0	0.010
USC00298127	2011	12	5	16	0	0.010
USC00298127	2011	12	5	18	0	0.010
USC00298127	2011	12	13	8	0	0.030
USC00298127	2011	12	13	9	0	0.030
USC00298127	2011	12	16	22	0	0.010
USC00298127	2011	12	18	2	0	0.010
USC00298127	2011	12	18	20	0	0.010
USC00298127	2011	12	18	21	0	0.070
USC00298127	2011	12	18	22	0	0.040
USC00298127	2011	12	18	23	0	0.170
USC00298127	2011	12	18	24	0	0.020
USC00298127	2011	12	19	5	0	0.020
USC00298127	2011	12	19	8	0	0.010
USC00298127	2011	12	23	6	0	0.010
USC00298127	2011	12	23	7	0	0.010
USC00298127	2011	12	23	8	0	0.010
USC00298127	2011	12	24	9	0	0.010
USC00298127	2012	1	7	9	0	0.010
USC00298127	2012	1	8	8	0	0.010
USC00298127	2012	1	8	16	0	0.020
USC00298127	2012	1	8	17	0	0.100
USC00298127	2012	1	8	18	0	0.040
USC00298127	2012	1	8	22	0	0.050
USC00298127	2012	1	9	1	0	0.020
USC00298127	2012	1	9	6	0	0.010
USC00298127	2012	1	9	7	0	0.010
USC00298127	2012	1	9	8	0	0.020
USC00298127	2012	1	9	9	0	0.010
USC00298127	2012	1	10	8	0	0.010
USC00298127	2012	1	15	12	0	0.010
USC00298127	2012	1	19	8	0	0.010
USC00298127	2012	2	12	4	0	0.010
USC00298127	2012	2	12	6	0	0.020
USC00298127	2012	2	16	19	0	0.010
USC00298127	2012	2	17	6	0	0.050
USC00298127	2012	2	17	7	0	0.010
USC00298127	2012	2	18	23	0	0.010
USC00298127	2012	2	22	8	0	0.010
USC00298127	2012	2	26	5	0	0.010
USC00298127	2012	2	26	23	0	0.010
USC00298127	2012	3	2	8	0	0.010
USC00298127	2012	3	4	9	0	0.010
USC00298127	2012	3	13	7	0	0.010
USC00298127	2012	3	21	22	0	0.010
USC00298127	2012	3	28	21	0	0.010
USC00298127	2012	4	8	20	0	0.220
USC00298127	2012	4	8	21	0	0.020
USC00298127	2012	4	9	15	0	0.010
USC00298127	2012	5	8	17	0	0.250
USC00298127	2012	5	9	13	0	0.080
USC00298127	2012	5	9	14	0	0.040
USC00298127	2012	5	9	15	0	0.010
USC00298127	2012	5	9	18	0	0.010
USC00298127	2012	5	9	19	0	0.150
USC00298127	2012	5	9	20	0	0.050
USC00298127	2012	5	9	21	0	0.020
USC00298127	2012	5	10	21	0	0.010
USC00298127	2012	5	11	16	0	0.010
USC00298127	2012	5	13	20	0	0.010
USC00298127	2012	5	17	15	0	0.010
USC00298127	2012	5	29	6	0	0.010
USC00298127	2012	6	5	2	0	0.010
USC00298127	2012	6	30	20	0	0.030
USC00298127	2012	7	3	19	0	0.010
USC00298127	2012	7	3	20	0	0.060
USC00298127	2012	7	3	21	0	0.060
USC00298127	2012	7	3	22	0	0.060
USC00298127	2012	7	3	23	0	0.010
USC00298127	2012	7	3	24	0	0.010
USC00298127	2012	7	4	1	0	0.010
USC00298127	2012	7	4	17	0	0.010
USC00298127	2012	7	5	14	0	0.010
USC00298127	2012	7	7	13	0	0.010
USC00298127	2012	7	7	18	0	0.010
USC00298127	2012	7	8	14	0	0.010
USC00298127	2012	7	9	24	0	0.010
USC00298127	2012	7	10	4	0	0.040
USC00298127	2012	7	10	5	0	0.010
USC00298127	2012	7	10	13	0	0.010
USC00298127	2012	7	12	16	0	0.010
USC00298127	2012	7	16	12	0	0.010
USC00298127	2012	7	16	17	0	0.020
USC00298127	2012	7	17	14	0	0.010
USC00298127	2012	7	22	15	0	0.010
USC00298127	2012	7	22	17	0	0.210
USC00298127	2012	7	22	18	0	0.100
USC00298127	2012	7	23	11	0	0.010
USC00298127	2012	7	23	14	0	0.050
USC00298127	2012	7	24	15	0	0.010
USC00298127	2012	7	27	11	0	0.060
USC00298127	2012	7	27	12	0	0.010
USC00298127	2012	7	28	15	0	0.020
USC00298127	2012	7	29	14	0	0.010
USC00298127	2012	8	4	12	0	0.010
USC00298127	2012	8	4	20	0	0.020
USC00298127	2012	8	5	14	0	0.010
USC00298127	2012	8	16	15	0	0.010
USC00298127	2012	8	16	18	0	0.030
USC00298127	2012	8	16	20	0	0.020
USC00298127	2012	8	16	21	0	0.010
USC00298127	2012	8	17	13	0	0.010
USC00298127	2012	8	17	22	0	0.010
USC00298127	2012	8	18	1	0	0.060
USC00298127	2012	8	18	2	0	0.100
USC00298127	2012	8	18	3	0	0.050
USC00298127	2012	8	18	4	0	0.010
USC00298127	2012	8	19	14	0	0.010
USC00298127	2012	8	22	21	0	0.010
USC00298127	2012	8	23	14	0	0.010
USC00298127	2012	8	23	15	0	0.220
USC00298127	2012	8	23	16	0	0.390
USC00298127	2012	8	24	15	0	0.010
USC00298127	2012	8	26	14	0	0.120
USC00298127	2012	8	27	18	0	0.010
USC00298127	2012	9	6	5	0	0.010
USC00298127	2012	9	6	16	0	0.010
USC00298127	2012	9	7	12	0	0.010
USC00298127	2012	9	7	20	0	0.430
USC00298127	2012	9	7	21	0	0.350
USC00298127	2012	9	7	22	0	0.040
USC00298127	2012	9	7	23	0	0.110
USC00298127	2012	9	7	24	0	0.120
USC00298127	2012	9	8	2	0	0.010
USC00298127	2012	9	8	4	0	0.010
USC00298127	2012	9	8	5	0	0.020
USC00298127	2012	9	8	6	0	0.030
USC00298127	2012	9	9	13	0	0.010
USC00298127	2012	9	10	15	0	0.010
USC00298127	2012	9	13	14	0	0.020
USC00298127	2012	9	14	14	0	0.030
USC00298127	2012	9	15	20	0	0.010
USC00298127	2012	9	28	15	0	0.010
USC00298127	2012	9	28	16	0	0.020
USC00298127	2012	9	28	17	0	0.010
USC00298127	2012	9	28	18	0	0.010
USC00298127	2012	9	28	19	0	0.110
USC00298127	2012	9	28	20	0	0.020
USC00298127	2012	9	29	18	0	0.010
USC00298127	2012	9	30	15	0	0.010
USC00298127	2012	10	6	23	0	0.010
USC00298127	2012	10	11	20	0	0.020
USC00298127	2012	10	12	15	0	0.010
USC00298127	2012	11	12	8	0	0.010
USC00298127	2012	11	18	3	0	0.010
USC00298127	2012	12	3	20	0	0.010
USC00298127	2012	12	14	10	0	0.010
USC00298127	2012	12	14	11	0	0.010
USC00298127	2012	12	18	19	0	0.010
USC00298127	2012	12	21	11	0	0.010
USC00298127	2012	12	27	9	0	0.010
USC00298127	2012	12	30	17	0	0.010
USC00298127	2012	12	30	22	0	0.010
USC00298127	2013	1	1	9	0	0.010
USC00298127	2013	1	3	9	0	0.030
USC00298127	2013	1	3	10	0	0.050
USC00298127	2013	1	3	13	0	0.010
USC00298127	2013	1	3	14	0	0.030
USC00298127	2013	1	3	15	0	0.010
USC00298127	2013	1	3	16	0	0.010
USC00298127	2013	1	3	17	0	0.020
USC00298127	2013	1	3	19	0	0.010
USC00298127	2013	1	3	20	0	0.010
USC00298127	2013	1	3	21	0	0.010
USC00298127	2013	1	4	7	0	0.010
USC00298127	2013	1	4	8	0	0.010
USC00298127	2013	1	4	9	0	0.020
USC00298127	2013	1	6	10	0	0.010
USC00298127	2013	1	7	23	0	0.010
USC00298127	2013	1	13	9	0	0.010
USC00298127	2013	1	16	10	0	0.010
USC00298127	2013	1	26	17	0	0.010
USC00298127	2013	1	27	2	0	0.010
USC00298127	2013	1	27	6	0	0.010
USC00298127	2013	1	29	2	0	0.020
USC00298127	2013	1	30	8	0	0.010
USC00298127	2013	2	3	9	0	0.010
USC00298127	2013	2	3	20	0	0.010
USC00298127	2013	2	9	9	0	0.010
USC00298127	2013	2	9	10	0	0.010
USC00298127	2013	2	9	12	0	0.010
USC00298127	2013	2	11	24	0	0.010
USC00298127	2013	2	18	7	0	0.010
USC00298127	2013	2	19	8	0	0.010
USC00298127	2013	2	19	13	0	0.020
USC00298127	2013	2	19	14	0	0.040
USC00298127	2013	2	19	15	0	0.040
USC00298127	2013	2	19	16	0	0.050
USC00298127	2013	2	19	17	0	0.050
USC00298127	2013	2	20	16	0	0.010
USC00298127	2013	2	20	17	0	0.040
USC00298127	2013	2	21	8	0	0.010
USC00298127	2013	2	28	8	0	0.010
USC00298127	2013	3	2	8	0	0.010
USC00298127	2013	3	12	23	0	0.010
USC00298127	2013	3	15	7	0	0.010
USC00298127	2013	4	3	5	0	0.010
USC00298127	2013	4	9	8	0	0.030
USC00298127	2013	4	11	16	0	0.010
USC00298127	2013	5	5	3	0	0.010
USC00298127	2013	5	23	20	0	0.010
USC00298127	2013	6	14	17	0	0.010
USC00298127	2013	6	14	19	0	0.020
USC00298127	2013	6	15	12	0	0.010
USC00298127	2013	6	19	12	0	0.010
USC00298127	2013	6	19	22	0	0.010
USC00298127	2013	6	20	15	0	0.010
USC00298127	2013	7	1	21	0	0.080
USC00298127	2013	7	2	15	0	0.010
USC00298127	2013	7	5	20	0	0.010
USC00298127	2013	7	7	24	0	0.010
USC00298127	2013	7	8	1	0	0.050
USC00298127	2013	7	8	20	0	0.010
USC00298127	2013	7	9	20	0	0.010
USC00298127	2013	7	14	22	0	0.200
USC00298127	2013	7	15	13	0	0.010
USC00298127	2013	7	18	1	0	0.040
USC00298127	2013	7	18	2	0	0.140
USC00298127	2013	7	18	3	0	0.040
USC00298127	2013	7	18	4	0	0.040
USC00298127	2013	7	18	5	0	0.010
USC00298127	2013	7	18	8	0	0.010
USC00298127	2013	7	18	10	0	0.030
USC00298127	2013	7	18	11	0	0.050
USC00298127	2013	7	18	15	0	0.330
USC00298127	2013	7	18	16	0	0.050
USC00298127	2013	7	18	17	0	0.010
USC00298127	2013	7	18	24	0	0.010
USC00298127	2013	7	19	3	0	0.010
USC00298127	2013	7	19	7	0	0.010
USC00298127	2013	7	19	18	0	0.010
USC00298127	2013	7	20	13	0	0.010
USC00298127	2013	7	21	16	0	0.010
USC00298127	2013	7	21	20	0	0.010
USC00298127	2013	7	22	14	0	0.010
USC00298127	2013	7	23	13	0	0.010
USC00298127	2013	7	23	16	0	0.180
USC00298127	2013	7	23	17	0	0.010
USC00298127	2013	7	24	13	0	0.010
USC00298127	2013	7	24	18	0	0.010
USC00298127	2013	7	24	21	0	0.040
USC00298127	2013	7	25	2	0	0.180
USC00298127	2013	7	25	4	0	0.010
USC00298127	2013	7	25	5	0	0.010
USC00298127	2013	7	25	19	0	0.010
USC00298127	2013	7	26	13	0	0.010
USC00298127	2013	7	26	16	0	0.020
USC00298127	2013	7	26	17	0	0.160
USC00298127	2013	7	26	18	0	0.080
USC00298127	2013	7	26	19	0	0.080
USC00298127	2013	7	26	20	0	0.010
USC00298127	2013	7	27	17	0	0.010
USC00298127	2013	7	27	23	0	1.390
USC00298127	2013	7	27	24	0	0.100
USC00298127	2013	7	28	1	0	0.040
USC00298127	2013	7	28	2	0	0.010
USC00298127	2013	7	28	16	0	0.010
USC00298127	2013	7	29	13	0	0.010
USC00298127	2013	7	30	17	0	0.010
USC00298127	2013	8	1	4	0	0.040
USC00298127	2013	8	1	19	0	0.010
USC00298127	2013	8	2	18	0	0.010
USC00298127	2013	8	10	23	0	0.200
USC00298127	2013	8	11	17	0	0.010
USC00298127	2013	8	14	12	0	0.010
USC00298127	2013	8	14	19	0	0.920
USC00298127	2013	8	14	20	0	0.080
USC00298127	2013	8	14	21	0	0.100
USC00298127	2013	8	14	22	0	0.030
USC00298127	2013	8	14	23	0	0.020
USC00298127	2013	8	15	17	0	0.010
USC00298127	2013	8	16	16	0	0.010
USC00298127	2013	8	24	16	0	0.010
USC00298127	2013	8	24	22	0	0.020
USC00298127	2013	8	24	24	0	0.010
USC00298127	2013	8	25	15	0	0.010
USC00298127	2013	8	27	15	0	0.010
USC00298127	2013	8	27	20	0	0.020
USC00298127	2013	8	28	14	0	0.010
USC00298127	2013	8	28	15	0	0.010
USC00298127	2013	8	28	16	0	0.010
USC00298127	2013	8	28	23	0	0.010
USC00298127	2013	8	29	2	0	0.010
USC00298127	2013	8	29	6	0	0.010
USC00298127	2013	8	30	13	0	0.010
USC00298127	2013	8	30	18	0	0.010
USC00298127	2013	9	2	19	0	0.100
USC00298127	2013	9	3	18	0	0.010
USC00298127	2013	9	9	24	0	0.030
USC00298127	2013	9	10	2	0	0.080
USC00298127	2013	9	10	3	0	0.030
USC00298127	2013	9	10	12	0	0.030
USC00298127	2013	9	10	13	0	0.100
USC00298127	2013	9	10	14	0	0.510
USC00298127	2013	9	10	15	0	0.520
USC00298127	2013	9	10	16	0	0.410
USC00298127	2013	9	10	17	0	0.200
USC00298127	2013	9	10	18	0	0.040
USC00298127	2013	9	11	4	0	0.020
USC00298127	2013	9	11	6	0	0.200
USC00298127	2013	9	11	7	0	0.010
USC00298127	2013	9	12	1	0	0.150
USC00298127	2013	9	12	2	0	0.010
USC00298127	2013	9	12	4	0	0.010
USC00298127	2013	9	12	5	0	0.030
USC00298127	2013	9	12	6	0	0.010
USC00298127	2013	9	12	7	0	0.400
USC00298127	2013	9	12	8	0	0.170
USC00298127	2013	9	12	9	0	0.060
USC00298127	2013	9	12	10	0	0.650
USC00298127	2013	9	12	11	0	0.180
USC00298127	2013	9	12	12	0	0.050
USC00298127	2013	9	12	13	0	0.050
USC00298127	2013	9	12	14	0	0.010
USC00298127	2013	9	12	21	0	0.010
USC00298127	2013	9	13	2	0	0.140
USC00298127	2013	9	13	3	0	0.040
USC00298127	2013	9	13	4	0	0.360
USC00298127	2013	9	13	5	0	0.010
USC00298127	2013	9	13	9	0	0.010
USC00298127	2013	9	13	10	0	0.020
USC00298127	2013	9	13	11	0	0.030
USC00298127	2013	9	13	12	0	0.040
USC00298127	2013	9	13	13	0	0.020
USC00298127	2013	9	14	14	0	0.010
USC00298127	2013	9	14	17	0	0.010
USC00298127	2013	9	15	13	0	0.010
USC00298127	2013	9	15	14	0	0.040
USC00298127	2013	9	16	5	0	0.010
USC00298127	2013	9	16	13	0	0.010
USC00298127	2013	9	17	14	0	0.010
USC00298127	2013	9	19	19	0	0.080
USC00298127	2013	9	20	16	0	0.010
USC00298127	2013	9	25	17	0	0.010
USC00298127	2013	10	1	20	0	0.010
USC00298127	2013	10	3	24	0	0.010
USC00298127	2013	11	1	7	0	0.010
USC00298127	2013	11	7	20	0	0.010
USC00298127	2013	11	15	10	0	0.010
USC00298127	2013	11	15	22	0	0.010
USC00298127	2013	11	16	17	0	0.010
USC00298127	2013	11	24	1	0	0.080
USC00298127	2013	11	24	2	0	0.030
USC00298127	2013	11	24	3	0	0.010
USC00298127	2013	11	26	8	0	0.010
USC00298127	2013	11	29	14	0	0.010
USC00298127	2013	12	3	7	0	0.010
USC00298127	2013	12	5	4	0	0.050
USC00298127	2013	12	5	5	0	0.030
USC00298127	2013	12	5	6	0	0.050
USC00298127	2013	12	5	7	0	0.080
USC00298127	2013	12	5	18	0	0.010
USC00298127	2013	12	6	22	0	0.010
USC00298127	2013	12	12	5	0	0.010
USC00298127	2013	12	12	8	0	0.010
USC00298127	2013	12	12	19	0	0.020
USC00298127	2013	12	19	20	0	0.010
USC00298127	2013	12	20	17	0	0.030
USC00298127	2014	1	2	2	0	0.010
USC00298127	2014	1	4	20	0	0.010
USC00298127	2014	1	26	8	0	0.010
USC00298127	2014	1	30	15	0	0.010
USC00298127	2014	2	9	15	0	0.010
USC00298127	2014	2	13	20	0	0.010
USC00298127	2014	3	1	16	0	0.010
USC00298127	2014	3	2	4	0	0.100
USC00298127	2014	3	2	5	0	0.140
USC00298127	2014	3	2	6	0	0.010
USC00298127	2014	3	4	15	0	0.010
USC00298127	2014	3	29	23	0	0.010
USC00298127	2014	4	1	7	0	0.010
USC00298127	2014	4	10	7	0	0.010
USC00298127	2014	4	17	8	0	0.010
USC00298127	2014	4	17	22	0	0.010
USC00298127	2014	4	21	24	0	0.010
USC00298127	2014	4	22	20	0	0.010
USC00298127	2014	4	24	24	0	0.010
USC00298127	2014	4	25	20	0	0.010
USC00298127	2014	4	30	7	0	0.010
USC00298127	2014	5	5	6	0	0.010
USC00298127	2014	5	23	18	0	0.020
USC00298127	2014	5	23	19	0	0.020
USC00298127	2014	6	18	14	0	0.010
USC00298127	2014	6	18	15	0	0.050
USC00298127	2014	6	19	12	0	0.010
USC00298127	2014	7	1	18	0	0.020
USC00298127	2014	7	1	19	0	0.010
USC00298127	2014	7	2	13	0	0.010
USC00298127	2014	7	10	17	0	0.150
USC00298127	2014	7	10	18	0	0.020
USC00298127	2014	7	11	14	0	0.010
USC00298127	2014	7	28	3	0	0.040
USC00298127	2014	7	28	19	0	0.010
USC00298127	2014	7	28	20	0	0.030
USC00298127	2014	7	29	5	0	0.020
USC00298127	2014	7	29	13	0	0.010
USC00298127	2014	7	30	18	0	0.010
USC00298127	2014	7	31	24	0	0.520
USC00298127	2014	8	1	1	0	0.080
USC00298127	2014	8	1	2	0	0.010
USC00298127	2014	8	1	3	0	0.140
USC00298127	2014	8	1	4	0	0.120
USC00298127	2014	8	1	5	0	0.010
USC00298127	2014	8	1	20	0	0.010
USC00298127	2014	8	2	8	0	0.010
USC00298127	2014	8	2	10	0	0.030
USC00298127	2014	8	2	18	0	0.010
USC00298127	2014	8	3	12	0	0.010
USC00298127	2014	8	3	19	0	0.010
USC00298127	2014	8	4	16	0	0.010
USC00298127	2014	8	4	18	0	0.010
USC00298127	2014	8	5	14	0	0.010
USC00298127	2014	8	6	17	0	0.010
USC00298127	2014	8	7	4	0	0.020
USC00298127	2014	8	7	14	0	0.010
USC00298127	2014	8	8	15	0	0.010
USC00298127	2014	8	9	5	0	0.040
USC00298127	2014	8	9	6	0	0.060
USC00298127	2014	8	9	7	0	0.010
USC00298127	2014	8	9	8	0	0.080
USC00298127	2014	8	9	9	0	0.030
USC00298127	2014	8	9	17	0	0.010
USC00298127	2014	8	10	14	0	0.140
USC00298127	2014	8	10	15	0	0.010
USC00298127	2014	8	10	16	0	0.010
USC00298127	2014	8	11	13	0	0.120
USC00298127	2014	8	11	20	0	0.010
USC00298127	2014	8	12	14	0	0.050
USC00298127	2014	8	16	18	0	0.010
USC00298127	2014	8	18	17	0	0.010
USC00298127	2014	8	18	19	0	0.010
USC00298127	2014	8	21	17	0	0.010
USC00298127	2014	8	22	1	0	0.070
USC00298127	2014	8	22	3	0	0.060
USC00298127	2014	8	22	4	0	0.060
USC00298127	2014	8	22	5	0	0.010
USC00298127	2014	8	22	6	0	0.010
USC00298127	2014	8	22	7	0	0.050
USC00298127	2014	8	22	8	0	0.010
USC00298127	2014	8	23	13	0	0.010
USC00298127	2014	8	24	17	0	0.010
USC00298127	2014	8	26	19	0	0.010
USC00298127	2014	9	4	13	0	0.010
USC00298127	2014	9	4	22	0	0.830
USC00298127	2014	9	4	23	0	0.080
USC00298127	2014	9	4	24	0	0.110
USC00298127	2014	9	5	1	0	0.400
USC00298127	2014	9	5	2	0	0.130
USC00298127	2014	9	5	3	0	0.010
USC00298127	2014	9	6	14	0	0.010
USC00298127	2014	9	7	8	0	0.020
USC00298127	2014	9	7	11	0	0.040
USC00298127	2014	9	7	12	0	0.070
USC00298127	2014	9	8	16	0	0.010
USC00298127	2014	9	12	9	0	0.060
USC00298127	2014	9	12	10	0	0.140
USC00298127	2014	9	13	16	0	0.010
USC00298127	2014	9	15	15	0	0.010
USC00298127	2014	9	15	20	0	0.010
USC00298127	2014	9	15	22	0	0.010
USC00298127	2014	9	15	23	0	0.090
USC00298127	2014	9	15	24	0	0.130
USC00298127	2014	9	16	1	0	0.090
USC00298127	2014	9	16	2	0	0.050
USC00298127	2014	9	16	3	0	0.180
USC00298127	2014	9	16	4	0	0.350
USC00298127	2014	9	16	5	0	0.110
USC00298127	2014	9	16	6	0	0.120
USC00298127	2014	9	16	7	0	0.010
USC00298127	2014	9	17	1	0	0.010
USC00298127	2014	9	17	2	0	0.010
USC00298127	2014	9	17	6	0	0.020
USC00298127	2014	9	17	15	0	0.010
USC00298127	2014	9	17	19	0	0.570
USC00298127	2014	9	17	21	0	0.010
USC00298127	2014	9	17	22	0	0.040
USC00298127	2014	9	18	3	0	0.010
USC00298127	2014	9	18	4	0	0.030
USC00298127	2014	9	18	5	0	0.020
USC00298127	2014	9	18	6	0	0.050
USC00298127	2014	9	18	7	0	0.950
USC00298127	2014	9	18	8	0	0.160
USC00298127	2014	9	18	9	0	0.060
USC00298127	2014	9	18	10	0	0.010
USC00298127	2014	9	18	13	0	0.010
USC00298127	2014	9	18	14	0	0.020
USC00298127	2014	9	18	15	0	0.010
USC00298127	2014	9	18	18	0	0.020
USC00298127	2014	9	18	19	0	0.120
USC00298127	2014	9	18	20	0	0.050
USC00298127	2014	9	19	7	0	0.010
USC00298127	2014	9	19	20	0	0.010
USC00298127	2014	9	20	12	0	0.010
USC00298127	2014	9	20	15	0	0.010
USC00298127	2014	9	21	14	0	0.010
USC00298127	2014	9	22	5	0	0.010
USC00298127	2014	9	23	3	0	0.140
USC00298127	2014	9	23	15	0	0.010
USC00298127	2014	9	24	16	0	0.110
USC00298127	2014	9	25	18	0	0.010
USC00298127	2014	10	2	20	0	0.010
USC00298127	2014	10	19	18	0	0.170
USC00298127	2014	10	19	19	0	0.190
USC00298127	2014	10	20	15	0	0.010
USC00298127	2014	10	20	19	0	0.300
USC00298127	2014	10	21	16	0	0.010
USC00298127	2014	10	24	17	0	0.010
USC00298127	2014	11	2	14	0	0.140
USC00298127	2014	11	2	16	0	0.010
USC00298127	2014	11	3	2	0	0.040
USC00298127	2014	11	3	3	0	0.020
USC00298127	2014	11	3	4	0	0.030
USC00298127	2014	11	3	11	0	0.010
USC00298127	2014	11	3	13	0	0.060
USC00298127	2014	11	3	14	0	0.030
USC00298127	2014	11	3	15	0	0.090
USC00298127	2014	11	4	18	0	0.010
USC00298127	2014	11	5	23	0	0.010
USC00298127	2014	11	10	18	0	0.010
USC00298127	2014	11	16	12	0	0.020
USC00298127	2014	11	16	13	0	0.020
USC00298127	2014	11	19	8	0	0.010
USC00298127	2014	12	6	21	0	0.010
USC00298127	2014	12	9	16	0	0.020
USC00298127	2014	12	9	17	0	0.010
USC00298127	2014	12	12	16	0	0.010
USC00298127	2014	12	18	17	0	0.030
USC00298127	2014	12	19	9	0	0.010
USC00298127	2014	12	21	16	0	0.010
USC00298127	2014	12	26	6	0	0.020
USC00298127	2014	12	26	7	0	0.030
USC00298127	2014	12	26	8	0	0.010
USC00298127	2014	12	26	9	0	0.050
USC00298127	2015	1	5	12	0	0.010
USC00298127	2015	1	11	7	0	0.010
USC00298127	2015	1	14	17	0	0.050
USC00298127	2015	1	15	9	0	0.010
USC00298127	2015	1	18	9	0	0.010
USC00298127	2015	1	21	15	0	0.060
USC00298127	2015	1	22	6	0	0.040
USC00298127	2015	1	22	13	0	0.050
USC00298127	2015	1	22	14	0	0.010
USC00298127	2015	1	25	8	0	0.010
USC00298127	2015	1	29	24	0	0.040
USC00298127	2015	1	30	1	0	0.030
USC00298127	2015	1	30	2	0	0.020
USC00298127	2015	1	30	3	0	0.010
USC00298127	2015	1	30	4	0	0.030
USC00298127	2015	1	30	5	0	0.020
USC00298127	2015	1	30	14	0	0.010
USC00298127	2015	1	30	17	0	0.010
USC00298127	2015	1	30	18	0	0.020
USC00298127	2015	1	30	20	0	0.040
USC00298127	2015	1	30	21	0	0.050
USC00298127	2015	1	30	23	0	0.010
USC00298127	2015	1	31	9	0	0.110
USC00298127	2015	1	31	10	0	0.010
USC00298127	2015	2	3	19	0	0.010
USC00298127	2015	2	8	19	0	0.010
USC00298127	2015	2	19	8	0	0.010
USC00298127	2015	2	24	17	0	0.010
USC00298127	2015	2	24	21	0	0.010
USC00298127	2015	2	24	22	0	0.020
USC00298127	2015	2	25	7	0	0.010
USC00298127	2015	2	25	20	0	0.010
USC00298127	2015	3	1	24	0	0.010
USC00298127	2015	3	2	13	0	0.010
USC00298127	2015	3	2	15	0	0.040
USC00298127	2015	3	2	16	0	0.010
USC00298127	2015	3	3	8	0	0.020
USC00298127	2015	3	3	9	0	0.040
USC00298127	2015	3	3	10	0	0.040
USC00298127	2015	3	3	11	0	0.010
USC00298127	2015	3	4	19	0	0.010
USC00298127	2015	3	16	7	0	0.010
USC00298127	2015	3	17	7	0	0.010
USC00298127	2015	3	17	12	0	0.110
USC00298127	2015	3	17	13	0	0.150
USC00298127	2015	3	17	14	0	0.010
USC00298127	2015	3	17	23	0	0.010
USC00298127	2015	3	17	24	0	0.020
USC00298127	2015	3	19	17	0	0.010
USC00298127	2015	3	24	24	0	0.010
USC00298127	2015	3	29	7	0	0.010
USC00298127	2015	4	3	20	0	0.010
USC00298127	2015	4	11	21	0	0.010
USC00298127	2015	4	12	10	0	0.030
USC00298127	2015	4	12	11	0	0.030
USC00298127	2015	4	12	18	0	0.070
USC00298127	2015	4	12	19	0	0.160
USC00298127	2015	4	12	20	0	0.010
USC00298127	2015	4	13	3	0	0.010
USC00298127	2015	4	13	4	0	0.020
USC00298127	2015	4	14	14	0	0.010
USC00298127	2015	4	15	17	0	0.010
USC00298127	2015	4	24	3	0	0.010
USC00298127	2015	4	24	4	0	0.050
USC00298127	2015	4	25	22	0	0.010
USC00298127	2015	4	26	10	0	0.030
USC00298127	2015	4	27	13	0	0.010
USC00298127	2015	5	1	6	0	0.010
USC00298127	2015	5	1	14	0	0.010
USC00298127	2015	5	3	16	0	0.010
USC00298127	2015	5	3	22	0	0.030
USC00298127	2015	5	4	20	0	0.010
USC00298127	2015	5	12	14	0	0.010
USC00298127	2015	5	12	19	0	0.010
USC00298127	2015	5	12	20	0	0.010
USC00298127	2015	5	12	21	0	0.010
USC00298127	2015	5	13	1	0	0.010
USC00298127	2015	5	13	2	0	0.010
USC00298127	2015	5	13	14	0	0.010
USC00298127	2015	5	13	22	0	0.010
USC00298127	2015	5	14	15	0	0.010
USC00298127	2015	5	20	22	0	0.010
USC00298127	2015	5	21	17	0	0.030
USC00298127	2015	5	21	18	0	0.080
USC00298127	2015	5	21	19	0	0.010
USC00298127	2015	5	22	16	0	0.010
USC00298127	2015	5	30	4	0	0.010
USC00298127	2015	6	1	15	0	0.060
USC00298127	2015	6	2	12	0	0.010
USC00298127	2015	6	6	14	0	0.010
USC00298127	2015	6	6	22	0	0.310
USC00298127	2015	6	6	23	0	0.020
USC00298127	2015	6	7	13	0	0.010
USC00298127	2015	6	9	4	0	0.040
USC00298127	2015	6	9	5	0	0.020
USC00298127	2015	6	9	10	0	0.010
USC00298127	2015	6	9	15	0	0.010
USC00298127	2015	6	10	18	0	0.010
USC00298127	2015	6	18	19	0	0.010
USC00298127	2015	6	26	13	0	0.010
USC00298127	2015	6	26	18	0	0.060
USC00298127	2015	6	27	11	0	0.010
USC00298127	2015	6	29	16	0	0.010
USC00298127	2015	7	4	12	0	0.010
USC00298127	2015	7	4	20	0	0.080
USC00298127	2015	7	4	21	0	0.050
USC00298127	2015	7	5	16	0	0.010
USC00298127	2015	7	9	13	0	0.010
USC00298127	2015	7	9	22	0	0.030
USC00298127	2015	7	10	12	0	0.010
USC00298127	2015	7	10	15	0	0.330
USC00298127	2015	7	10	16	0	0.850
USC00298127	2015	7	10	19	0	0.010
USC00298127	2015	7	10	21	0	0.310
USC00298127	2015	7	10	22	0	0.430
USC00298127	2015	7	10	23	0	0.540
USC00298127	2015	7	10	24	0	0.700
USC00298127	2015	7	11	16	0	0.710
USC00298127	2015	7	11	17	0	0.010
USC00298127	2015	7	12	12	0	0.010
USC00298127	2015	7	12	16	0	0.010
USC00298127	2015	7	13	24	0	0.040
USC00298127	2015	7	14	1	0	0.010
USC00298127	2015	7	14	17	0	0.010
USC00298127	2015	7	15	18	0	0.010
USC00298127	2015	7	17	1	0	0.010
USC00298127	2015	7	17	17	0	0.010
USC00298127	2015	7	19	1	0	0.020
USC00298127	2015	7	19	2	0	0.010
USC00298127	2015	7	19	12	0	0.010
USC00298127	2015	7	20	19	0	0.170
USC00298127	2015	7	21	18	0	0.010
USC00298127	2015	7	21	20	0	0.010
USC00298127	2015	7	22	12	0	0.010
USC00298127	2015	7	22	18	0	0.010
USC00298127	2015	7	22	20	0	0.010
USC00298127	2015	7	22	21	0	0.020
USC00298127	2015	7	23	13	0	0.010
USC00298127	2015	7	28	11	0	0.010
USC00298127	2015	7	28	22	0	0.030
USC00298127	2015	7	28	23	0	0.040
USC00298127	2015	7	28	24	0	0.050
USC00298127	2015	7	29	14	0	0.010
USC00298127	2015	7	29	20	0	0.320
USC00298127	2015	7	29	21	0	0.250
USC00298127	2015	7	29	22	0	0.100
USC00298127	2015	7	29	23	0	0.020
USC00298127	2015	7	30	2	0	0.040
USC00298127	2015	7	30	3	0	0.170
USC00298127	2015	7	30	4	0	0.060
USC00298127	2015	7	30	18	0	0.010
USC00298127	2015	7	30	23	0	0.070
USC00298127	2015	7	31	2	0	0.030
USC00298127	2015	7	31	12	0	0.010
USC00298127	2015	7	31	16	0	0.010
USC00298127	2015	8	2	12	0	0.010
USC00298127	2015	8	2	20	0	0.040
USC00298127	2015	8	2	21	0	0.040
USC00298127	2015	8	2	22	0	0.040
USC00298127	2015	8	3	15	0	0.010
USC00298127	2015	8	3	24	0	0.040
USC00298127	2015	8	4	11	0	0.010
USC00298127	2015	8	4	19	0	0.010
USC00298127	2015	8	5	16	0	0.010
USC00298127	2015	8	14	24	0	0.010
USC00298127	2015	8	15	14	0	0.010
USC00298127	2015	8	21	16	0	0.020
USC00298127	2015	8	23	23	0	0.020
USC00298127	2015	8	23	24	0	0.760
USC00298127	2015	8	24	1	0	0.250
USC00298127	2015	8	24	2	0	0.050
USC00298127	2015	8	24	17	0	0.010
USC00298127	2015	8	25	11	0	0.010
USC00298127	2015	8	26	17	0	0.010
USC00298127	2015	8	31	16	0	0.010
USC00298127	2015	9	13	20	0	0.010
USC00298127	2015	9	16	19	0	0.010
USC00298127	2015	9	16	20	0	0.090
USC00298127	2015	9	17	13	0	0.010
USC00298127	2015	9	19	11	0	0.010
USC00298127	2015	9	19	12	0	0.060
USC00298127	2015	9	19	13	0	0.050
USC00298127	2015	9	19	14	0	0.010
USC00298127	2015	9	19	18	0	0.030
USC00298127	2015	9	20	16	0	0.010
USC00298127	2015	9	21	12	0	0.050
USC00298127	2015	9	21	13	0	0.010
USC00298127	2015	9	22	19	0	0.010
USC00298127	2015	9	28	19	0	0.010
USC00298127	2015	10	3	8	0	0.050
USC00298127	2015	10	3	16	0	0.010
USC00298127	2015	10	3	19	0	0.010
USC00298127	2015	10	4	4	0	0.030
USC00298127	2015	10	4	6	0	0.020
USC00298127	2015	10	4	7	0	0.060
USC00298127	2015	10	4	8	0	0.080
USC00298127	2015	10	5	14	0	0.010
USC00298127	2015	10	5	21	0	0.310
USC00298127	2015	10	5	22	0	0.060
USC00298127	2015	10	6	20	0	0.010
USC00298127	2015	10	6	21	0	0.350
USC00298127	2015	10	9	17	0	0.010
USC00298127	2015	10	14	19	0	0.010
USC00298127	2015	10	17	21	0	0.010
USC00298127	2015	10	17	22	0	0.020
USC00298127	2015	10	17	23	0	0.020
USC00298127	2015	10	18	17	0	0.010
USC00298127	2015	10	19	13	0	0.010
USC00298127	2015	10	19	19	0	0.010
USC00298127	2015	10	19	20	0	0.010
USC00298127	2015	10	19	21	0	0.010
USC00298127	2015	10	20	15	0	0.030
USC00298127	2015	10	20	16	0	0.020
USC00298127	2015	10	21	16	0	0.050
USC00298127	2015	10	21	20	0	0.020
USC00298127	2015	10	22	5	0	0.010
USC00298127	2015	10	22	6	0	0.010
USC00298127	2015	10	23	16	0	0.010
USC00298127	2015	10	29	8	0	0.010
USC00298127	2015	10	29	11	0	0.050
USC00298127	2015	10	29	16	0	0.030
USC00298127	2015	10	29	18	0	0.090
USC00298127	2015	10	29	19	0	0.180
USC00298127	2015	10	29	20	0	0.050
USC00298127	2015	10	29	21	0	0.010
USC00298127	2015	10	30	1	0	0.010
USC00298127	2015	10	30	4	0	0.040
USC00298127	2015	10	30	5	0	0.080
USC00298127	2015	10	31	8	0	0.010
USC00298127	2015	10	31	24	0	0.010
USC00298127	2015	11	2	21	0	0.010
USC00298127	2015	11	6	11	0	0.010
USC00298127	2015	11	10	8	0	0.010
USC00298127	2015	11	15	19	0	0.020
USC00298127	2015	11	25	15	0	0.010
USC00298127	2015	11	25	20	0	0.010
USC00298127	2015	11	25	22	0	0.050
USC00298127	2015	11	25	23	0	0.130
USC00298127	2015	11	25	24	0	0.030
USC00298127	2015	11	26	6	0	0.010
USC00298127	2015	11	26	7	0	0.030
USC00298127	2015	11	26	8	0	0.010
USC00298127	2015	11	26	9	0	0.020
USC00298127	2015	11	30	8	0	0.010
USC00298127	2015	12	2	11	0	0.010
USC00298127	2015	12	12	8	0	0.010
USC00298127	2015	12	12	9	0	0.020
USC00298127	2015	12	12	10	0	0.050
USC00298127	2015	12	12	11	0	0.020
USC00298127	2015	12	19	20	0	0.010
USC00298127	2015	12	23	2	0	0.020
USC00298127	2015	12	23	3	0	0.010
USC00298127	2015	12	23	5	0	0.010
USC00298127	2015	12	25	24	0	0.010
USC00298127	2015	12	26	12	0	0.010
USC00298127	2015	12	26	13	0	0.060
USC00298127	2015	12	26	14	0	0.070
USC00298127	2015	12	26	15	0	0.050
USC00298127	2015	12	26	16	0	0.030
USC00298127	2015	12	26	17	0	0.050
USC00298127	2015	12	26	18	0	0.050
USC00298127	2015	12	26	19	0	0.110
USC00298127	2015	12	26	20	0	0.020
USC00298127	2015	12	26	21	0	0.010
USC00298127	2015	12	26	22	0	0.030
USC00298127	2015	12	26	23	0	0.040
USC00298127	2015	12	26	24	0	0.020
USC00298127	2015	12	27	1	0	0.040
USC00298127	2015	12	27	2	0	0.030
USC00298127	2015	12	27	3	0	0.020
USC00298127	2015	12	27	4	0	0.010
USC00298127	2015	12	27	5	0	0.010
USC00298127	2015	12	27	6	0	0.010
USC00298127	2015	12	27	9	0	0.010
USC00298127	2015	12	27	10	0	0.080
USC00298127	2016	1	4	9	0	0.010
USC00298127	2016	1	4	23	0	0.020
USC00298127	2016	1	5	1	0	0.090
USC00298127	2016	1	5	2	0	0.040
USC00298127	2016	1	5	3	0	0.010
USC00298127	2016	1	5	4	0	0.050
USC00298127	2016	1	5	5	0	0.020
USC00298127	2016	1	5	9	0	0.010
USC00298127	2016	1	5	14	0	0.010
USC00298127	2016	1	5	18	0	0.010
USC00298127	2016	1	5	19	0	0.010
USC00298127	2016	1	5	20	0	0.010
USC00298127	2016	1	5	24	0	0.010
USC00298127	2016	1	6	1	0	0.010
USC00298127	2016	1	6	3	0	0.010
USC00298127	2016	1	6	7	0	0.060
USC00298127	2016	1	6	8	0	0.010
USC00298127	2016	1	7	24	0	0.010
USC00298127	2016	1	8	2	0	0.020
USC00298127	2016	1	10	9	0	0.010
USC00298127	2016	1	12	9	0	0.010
USC00298127	2016	1	15	19	0	0.010
USC00298127	2016	1	18	9	0	0.010
USC00298127	2016	1	20	1	0	0.010
USC00298127	2016	1	23	9	0	0.010
USC00298127	2016	1	29	21	0	0.010
USC00298127	2016	2	1	9	0	0.010
USC00298127	2016	2	1	10	0	0.060
USC00298127	2016	2	1	11	0	0.060
USC00298127	2016	2	7	11	0	0.010
USC00298127	2016	2	10	8	0	0.010
USC00298127	2016	3	12	12	0	0.010
USC00298127	2016	3	12	13	0	0.020
USC00298127	2016	3	23	10	0	0.020
USC00298127	2016	3	23	15	0	0.030
USC00298127	2016	3	24	24	0	0.010
USC00298127	2016	4	3	8	0	0.010
USC00298127	2016	4	7	24	0	0.010
USC00298127	2016	4	8	3	0	0.060
USC00298127	2016	4	8	4	0	0.020
USC00298127	2016	4	8	6	0	0.010
USC00298127	2016	4	8	19	0	0.010
USC00298127	2016	4	8	21	0	0.030
USC00298127	2016	4	12	1	0	0.010
USC00298127	2016	4	12	11	0	0.010
USC00298127	2016	4	13	16	0	0.010
USC00298127	2016	4	21	22	0	0.010
USC00298127	2016	4	25	22	0	0.010
USC00298127	2016	5	17	7	0	0.040
USC00298127	2016	5	17	9	0	0.140
USC00298127	2016	5	17	10	0	0.020
USC00298127	2016	5	18	17	0	0.010
USC00298127	2016	5	25	7	0	0.010
USC00298127	2016	5	29	13	0	0.010
USC00298127	2016	5	30	19	0	0.040
USC00298127	2016	5	31	19	0	0.010
USC00298127	2016	6	10	18	0	0.010
USC00298127	2016	6	10	19	0	0.020
USC00298127	2016	6	23	15	0	0.010
USC00298127	2016	6	23	23	0	0.040
USC00298127	2016	6	24	11	0	0.010
USC00298127	2016	6	24	19	0	0.010
USC00298127	2016	6	24	22	0	0.010
USC00298127	2016	6	24	23	0	0.020
USC00298127	2016	6	25	15	0	0.010
USC00298127	2016	6	25	17	0	0.070
USC00298127	2016	6	30	18	0	0.010
USC00298127	2016	7	1	17	0	0.050
USC00298127	2016	7	1	18	0	0.010
USC00298127	2016	7	2	12	0	0.010
USC00298127	2016	7	2	17	0	0.010
USC00298127	2016	7	3	14	0	0.010
USC00298127	2016	7	5	17	0	0.100
USC00298127	2016	7	6	13	0	0.010
USC00298127	2016	7	17	19	0	0.010
USC00298127	2016	7	18	23	0	0.050
USC00298127	2016	7	19	15	0	0.010
USC00298127	2016	7	27	3	0	0.240
USC00298127	2016	7	27	4	0	0.250
USC00298127	2016	7	27	5	0	0.010
USC00298127	2016	7	27	17	0	0.010
USC00298127	2016	7	28	13	0	0.010
USC00298127	2016	8	3	2	0	0.070
USC00298127	2016	8	3	3	0	0.070
USC00298127	2016	8	3	16	0	0.010
USC00298127	2016	8	4	4	0	0.020
USC00298127	2016	8	4	5	0	0.010
USC00298127	2016	8	4	15	0	0.010
USC00298127	2016	8	5	13	0	0.010
USC00298127	2016	8	8	16	0	0.020
USC00298127	2016	8	8	17	0	0.010
USC00298127	2016	8	8	19	0	0.110
USC00298127	2016	8	8	20	0	0.010
USC00298127	2016	8	8	22	0	0.040
USC00298127	2016	8	8	23	0	0.020
USC00298127	2016	8	9	1	0	0.010
USC00298127	2016	8	9	14	0	0.010
USC00298127	2016	8	12	17	0	0.010
USC00298127	2016	8	16	20	0	0.010
USC00298127	2016	8	21	14	0	0.260
USC00298127	2016	8	21	15	0	0.040
USC00298127	2016	8	21	16	0	0.010
USC00298127	2016	8	22	16	0	0.010
USC00298127	2016	8	23	14	0	0.010
USC00298127	2016	8	23	19	0	0.150
USC00298127	2016	8	24	15	0	0.010
USC00298127	2016	8	26	14	0	0.010
USC00298127	2016	8	26	20	0	0.040
USC00298127	2016	8	26	21	0	0.010
USC00298127	2016	8	27	13	0	0.010
USC00298127	2016	8	27	18	0	0.010
USC00298127	2016	8	28	14	0	0.010
USC00298127	2016	9	2	12	0	0.010
USC00298127	2016	9	2	15	0	0.140
USC00298127	2016	9	3	13	0	0.010
USC00298127	2016	9	6	13	0	0.010
USC00298127	2016	9	6	14	0	0.020
USC00298127	2016	9	6	19	0	0.040
USC00298127	2016	9	6	20	0	0.010
USC00298127	2016	9	6	21	0	0.060
USC00298127	2016	9	6	22	0	0.070
USC00298127	2016	9	6	23	0	0.060
USC00298127	2016	9	6	24	0	0.170
USC00298127	2016	9	7	1	0	0.010
USC00298127	2016	9	7	14	0	0.020
USC00298127	2016	9	7	15	0	0.020
USC00298127	2016	9	8	12	0	0.010
USC00298127	2016	9	9	17	0	0.010
USC00298127	2016	9	26	14	0	0.030
USC00298127	2016	9	26	15	0	0.220
USC00298127	2016	9	26	16	0	0.050
USC00298127	2016	9	26	17	0	0.090
USC00298127	2016	9	26	18	0	0.030
USC00298127	2016	9	30	2	0	0.030
USC00298127	2016	9	30	3	0	0.070
USC00298127	2016	9	30	4	0	0.240
USC00298127	2016	9	30	5	0	0.240
USC00298127	2016	9	30	6	0	0.050
USC00298127	2016	10	1	15	0	0.010
USC00298127	2016	10	2	17	0	0.010
USC00298127	2016	10	5	18	0	0.010
USC00298127	2016	10	12	17	0	0.010
USC00298127	2016	11	4	14	0	0.010
USC00298127	2016	11	4	16	0	0.010
USC00298127	2016	11	5	14	0	0.010
USC00298127	2016	11	16	23	0	0.010
USC00298127	2016	12	2	18	0	0.010
USC00298127	2016	12	3	2	0	0.040
USC00298127	2016	12	3	3	0	0.050
USC00298127	2016	12	3	7	0	0.040
USC00298127	2016	12	3	8	0	0.010
USC00298127	2016	12	3	9	0	0.030
USC00298127	2016	12	3	10	0	0.010
USC00298127	2016	12	16	15	0	0.010
USC00298127	2016	12	16	16	0	0.010
USC00298127	2016	12	16	17	0	0.010
USC00298127	2016	12	17	7	0	0.010
USC00298127	2016	12	17	9	0	0.010
USC00298127	2016	12	17	14	0	0.020
USC00298127	2016	12	21	10	0	0.010
USC00298127	2016	12	21	22	0	0.010
USC00298127	2016	12	21	23	0	0.020
USC00298127	2016	12	21	24	0	0.030
USC00298127	2016	12	22	1	0	0.060
USC00298127	2016	12	22	2	0	0.080
USC00298127	2016	12	22	3	0	0.030
USC00298127	2016	12	22	4	0	0.010
USC00298127	2016	12	22	7	0	0.100
USC00298127	2016	12	22	14	0	0.010
USC00298127	2016	12	22	15	0	0.070
USC00298127	2016	12	22	16	0	0.040
USC00298127	2016	12	22	17	0	0.020
USC00298127	2016	12	22	18	0	0.010
USC00298127	2016	12	29	15	0	0.040
USC00298127	2016	12	29	16	0	0.040
USC00298127	2016	12	29	17	0	0.030
USC00298127	2016	12	29	18	0	0.020
USC00298127	2016	12	29	19	0	0.050
USC00298127	2016	12	29	21	0	0.010
USC00298127	2016	12	29	22	0	0.010
USC00298127	2016	12	31	9	0	0.010
USC00298127	2016	12	31	10	0	0.130
USC00298127	2016	12	31	11	0	0.040
USC00298127	2016	12	31	12	0	0.010
USC00298127	2016	12	31	13	0	0.020
USC00298127	2017	1	1	14	0	0.180
USC00298127	2017	1	1	17	0	0.030
USC00298127	2017	1	3	9	0	0.010
USC00298127	2017	1	3	18	0	0.010
USC00298127	2017	1	9	17	0	0.010
USC00298127	2017	1	14	18	0	0.020
USC00298127	2017	1	14	20	0	0.010
USC00298127	2017	1	14	21	0	0.010
USC00298127	2017	1	14	24	0	0.010
USC00298127	2017	1	15	2	0	0.110
USC00298127	2017	1	15	3	0	0.090
USC00298127	2017	1	15	5	0	0.050
USC00298127	2017	1	15	6	0	0.120
USC00298127	2017	1	15	7	0	0.130
USC00298127	2017	1	15	8	0	0.060
USC00298127	2017	1	15	15	0	0.010
USC00298127	2017	1	17	13	0	0.020
USC00298127	2017	1	17	15	0	0.010
USC00298127	2017	1	18	10	0	0.010
USC00298127	2017	1	20	8	0	0.010
USC00298127	2017	1	20	21	0	0.020
USC00298127	2017	1	20	22	0	0.060
USC00298127	2017	1	21	1	0	0.010
USC00298127	2017	1	21	2	0	0.020
USC00298127	2017	1	21	3	0	0.010
USC00298127	2017	1	21	5	0	0.060
USC00298127	2017	1	21	6	0	0.070
USC00298127	2017	1	21	8	0	0.010
USC00298127	2017	1	21	9	0	0.010
USC00298127	2017	1	23	18	0	0.010
USC00298127	2017	1	27	12	0	0.010
USC00298127	2017	2	11	15	0	0.010
USC00298127	2017	2	13	7	0	0.020
USC00298127	2017	2	13	8	0	0.040
USC00298127	2017	2	13	9	0	0.070
USC00298127	2017	2	13	10	0	0.010
USC00298127	2017	2	13	11	0	0.060
USC00298127	2017	2	13	12	0	0.020
USC00298127	2017	2	16	8	0	0.010
USC00298127	2017	2	18	24	0	0.010
USC00298127	2017	2	19	1	0	0.020
USC00298127	2017	2	22	16	0	0.010
USC00298127	2017	3	11	23	0	0.010
USC00298127	2017	4	1	22	0	0.010
USC00298127	2017	4	11	4	0	0.010
USC00298127	2017	4	22	5	0	0.010
USC00298127	2017	4	28	24	0	0.060
USC00298127	2017	4	29	1	0	0.020
USC00298127	2017	4	29	2	0	0.050
USC00298127	2017	4	29	3	0	0.020
USC00298127	2017	4	29	5	0	0.010
USC00298127	2017	4	29	7	0	0.010
USC00298127	2017	4	30	21	0	0.010
USC00298127	2017	5	8	1	0	0.010
USC00298127	2017	5	30	17	0	0.010
USC00298127	2017	5	30	21	0	0.090
USC00298127	2017	5	30	22	0	0.010
USC00298127	2017	6	1	15	0	0.020
USC00298127	2017	6	2	17	0	0.010
USC00298127	2017	6	7	14	0	0.010
USC00298127	2017	6	7	22	0	0.010
USC00298127	2017	6	8	14	0	0.010
USC00298127	2017	6	24	17	0	0.010
USC00298127	2017	6	24	22	0	0.030
USC00298127	2017	6	25	17	0	0.010
USC00298127	2017	6	25	21	0	0.020
USC00298127	2017	6	26	14	0	0.010
USC00298127	2017	6	26	21	0	0.060
USC00298127	2017	6	28	16	0	0.010
USC00298127	2017	7	10	18	0	0.010
USC00298127	2017	7	11	17	0	0.010
USC00298127	2017	7	11	18	0	0.040
USC00298127	2017	7	11	19	0	0.190
USC00298127	2017	7	11	22	0	0.250
USC00298127	2017	7	12	16	0	0.010
USC00298127	2017	7	15	5	0	0.020
USC00298127	2017	7	15	7	0	0.060
USC00298127	2017	7	15	8	0	0.060
USC00298127	2017	7	15	13	0	0.170
USC00298127	2017	7	15	14	0	0.040
USC00298127	2017	7	17	16	0	0.010
USC00298127	2017	7	17	17	0	0.040
USC00298127	2017	7	17	22	0	0.420
USC00298127	2017	7	21	12	0	0.010
USC00298127	2017	7	21	18	0	0.040
USC00298127	2017	7	22	15	0	0.810
USC00298127	2017	7	22	16	0	0.150
USC00298127	2017	7	22	17	0	0.030
USC00298127	2017	7	23	15	0	0.010
USC00298127	2017	7	23	21	0	0.040
USC00298127	2017	7	24	15	0	0.010
USC00298127	2017	7	24	21	0	0.040
USC00298127	2017	7	24	22	0	0.020
USC00298127	2017	7	25	13	0	0.010
USC00298127	2017	7	25	18	0	0.010
USC00298127	2017	7	26	14	0	0.010
USC00298127	2017	7	26	15	0	0.960
USC00298127	2017	7	26	16	0	0.260
USC00298127	2017	7	26	24	0	0.300
USC00298127	2017	7	28	14	0	0.010
USC00298127	2017	8	2	17	0	0.010
USC00298127	2017	8	5	15	0	0.010
USC00298127	2017	8	5	19	0	0.040
USC00298127	2017	8	6	15	0	0.010
USC00298127	2017	8	11	14	0	0.010
USC00298127	2017	8	11	17	0	0.020
USC00298127	2017	8	11	18	0	0.040
USC00298127	2017	8	11	19	0	0.010
USC00298127	2017	8	12	2	0	0.170
USC00298127	2017	8	12	3	0	0.490
USC00298127	2017	8	12	4	0	0.020
USC00298127	2017	8	12	5	0	0.330
USC00298127	2017	8	12	6	0	0.040
USC00298127	2017	8	13	14	0	0.010
USC00298127	2017	8	14	13	0	0.010
USC00298127	2017	8	14	20	0	0.010
USC00298127	2017	8	14	23	0	0.010
USC00298127	2017	8	15	13	0	0.010
USC00298127	2017	8	15	17	0	0.210
USC00298127	2017	8	16	14	0	0.010
USC00298127	2017	8	19	24	0	0.010
USC00298127	2017	8	20	4	0	0.070
USC00298127	2017	8	20	5	0	0.020
USC00298127	2017	8	20	6	0	0.320
USC00298127	2017	8	20	7	0	0.020
USC00298127	2017	8	20	8	0	0.160
USC00298127	2017	8	20	9	0	0.010
USC00298127	2017	8	21	15	0	0.010
USC00298127	2017	8	23	19	0	0.140
USC00298127	2017	8	23	20	0	0.010
USC00298127	2017	8	23	21	0	0.050
USC00298127	2017	8	23	22	0	0.090
USC00298127	2017	8	23	23	0	0.080
USC00298127	2017	8	23	24	0	0.070
USC00298127	2017	8	24	1	0	0.060
USC00298127	2017	8	24	2	0	0.010
USC00298127	2017	8	25	13	0	0.010
USC00298127	2017	8	26	12	0	0.010
USC00298127	2017	8	26	17	0	0.030
USC00298127	2017	8	27	15	0	0.010
USC00298127	2017	9	13	16	0	0.020
USC00298127	2017	9	14	12	0	0.010
USC00298127	2017	9	23	8	0	0.010
USC00298127	2017	9	27	3	0	0.030
USC00298127	2017	9	27	4	0	0.050
USC00298127	2017	9	27	5	0	0.220
USC00298127	2017	9	27	6	0	0.030
USC00298127	2017	9	27	7	0	0.100
USC00298127	2017	9	27	8	0	0.100
USC00298127	2017	9	27	9	0	0.270
USC00298127	2017	9	27	10	0	0.060
USC00298127	2017	9	27	22	0	0.050
USC00298127	2017	9	27	23	0	0.020
USC00298127	2017	9	27	24	0	0.070
USC00298127	2017	9	28	1	0	0.260
USC00298127	2017	9	28	2	0	0.570
USC00298127	2017	9	28	3	0	0.260
USC00298127	2017	9	28	4	0	0.020
USC00298127	2017	9	29	16	0	0.010
USC00298127	2017	10	5	2	0	0.040
USC00298127	2017	10	5	16	0	0.010
USC00298127	2017	10	6	17	0	0.010
USC00298127	2017	10	13	18	0	0.010
USC00298127	2017	10	13	23	0	0.020
USC00298127	2017	10	14	18	0	0.010
USC00298127	2017	10	29	15	0	0.010
USC00298127	2017	11	6	19	0	0.010
USC00298127	2017	11	8	1	0	0.010
USC00298127	2017	11	8	2	0	0.030
USC00298127	2017	11	8	3	0	0.040
USC00298127	2017	11	8	4	0	0.090
USC00298127	2017	11	8	5	0	0.070
USC00298127	2017	11	8	6	0	0.010
USC00298127	2017	11	9	7	0	0.010
USC00298127	2017	11	9	16	0	0.010
USC00298127	2017	11	11	16	0	0.010
USC00298127	2017	12	6	1	0	0.010
USC00298127	2017	12	6	2	0	0.010
USC00298127	2017	12	6	4	0	0.010
USC00298127	2017	12	6	5	0	0.010
USC00298127	2017	12	6	6	0	0.010
USC00298127	2017	12	6	13	0	0.010
USC00298127	2017	12	6	22	0	0.010
USC00298127	2017	12	7	10	0	0.010
USC00298127	2017	12	9	9	0	0.010
USC00298127	2017	12	13	10	0	0.010
USC00298127	2017	12	17	10	0	0.010
USC00298127	2017	12	17	18	0	0.010
USC00298127	2017	12	17	19	0	0.010
USC00298127	2017	12	17	20	0	0.040
USC00298127	2017	12	17	21	0	0.040
USC00298127	2017	12	17	22	0	0.050
USC00298127	2017	12	17	24	0	0.070
USC00298127	2017	12	18	1	0	0.020
USC00298127	2017	12	18	2	0	0.010
USC00298127	2017	12	18	3	0	0.060
USC00298127	2017	12	18	4	0	0.040
USC00298127	2017	12	18	8	0	0.010
USC00298127	2017	12	21	20	0	0.010
USC00298127	2017	12	26	21	0	0.010
USC00298127	2018	1	10	10	0	0.040
USC00298127	2018	1	10	11	0	0.080
USC00298127	2018	1	12	9	0	0.010
USC00298127	2018	2	1	24	0	0.010
USC00298127	2018	2	5	8	0	0.010
USC00298127	2018	2	10	8	0	0.010
USC00298127	2018	2	10	17	0	0.010
USC00298127	2018	2	14	9	0	0.010
USC00298127	2018	2	15	13	0	0.020
USC00298127	2018	2	15	14	0	0.040
USC00298127	2018	2	15	15	0	0.010
USC00298127	2018	2	15	19	0	0.010
USC00298127	2018	2	16	3	0	0.030
USC00298127	2018	2	16	8	0	0.040
USC00298127	2018	2	16	9	0	0.010
USC00298127	2018	2	16	18	0	0.400
USC00298127	2018	2	16	19	0	0.210
USC00298127	2018	2	16	20	0	0.020
USC00298127	2018	2	17	8	0	0.010
USC00298127	2018	2	19	17	0	0.010
USC00298127	2018	2	27	9	0	0.010
USC00298127	2018	3	1	8	0	0.010
USC00298127	2018	3	1	23	0	0.010
USC00298127	2018	3	4	8	0	0.010
USC00298127	2018	3	7	8	0	0.010
USC00298127	2018	3	11	5	0	0.050
USC00298127	2018	3	11	6	0	0.010
USC00298127	2018	3	11	7	0	0.040
USC00298127	2018	3	11	8	0	0.060
USC00298127	2018	3	12	8	0	0.010
USC00298127	2018	3	17	22	0	0.010
USC00298127	2018	3	21	7	0	0.010
USC00298127	2018	3	30	7	0	0.010
USC00298127	2018	4	23	16	0	0.010
USC00298127	2018	5	21	16	0	0.030
USC00298127	2018	5	23	6	0	0.010
USC00298127	2018	6	3	16	0	0.200
USC00298127	2018	6	4	15	0	0.010
USC00298127	2018	6	8	20	0	0.010
USC00298127	2018	6	13	3	0	0.010
USC00298127	2018	6	15	13	0	0.050
USC00298127	2018	6	15	23	0	0.010
USC00298127	2018	6	16	2	0	0.040
USC00298127	2018	6	16	3	0	0.150
USC00298127	2018	6	16	4	0	0.210
USC00298127	2018	6	16	5	0	0.160
USC00298127	2018	6	16	6	0	0.100
USC00298127	2018	6	16	13	0	0.020
USC00298127	2018	6	17	14	0	0.010
USC00298127	2018	6	18	15	0	0.010
USC00298127	2018	6	29	16	0	0.010
USC00298127	2018	6	29	17	0	0.020
USC00298127	2018	6	29	18	0	0.020
USC00298127	2018	6	30	12	0	0.010
USC00298127	2018	7	1	18	0	0.010
USC00298127	2018	7	7	14	0	0.050
USC00298127	2018	7	8	22	0	0.180
USC00298127	2018	7	9	13	0	0.010
USC00298127	2018	7	9	19	0	0.010
USC00298127	2018	7	11	15	0	0.010
USC00298127	2018	7	11	18	0	0.450
USC00298127	2018	7	11	20	0	0.010
USC00298127	2018	7	12	14	0	0.010
USC00298127	2018	7	12	18	0	0.020
USC00298127	2018	7	12	19	0	0.010
USC00298127	2018	7	12	22	0	0.010
USC00298127	2018	7	13	15	0	0.010
USC00298127	2018	7	14	13	0	0.010
USC00298127	2018	7	14	18	0	0.010
USC00298127	2018	7	15	13	0	0.010
USC00298127	2018	7	15	17	0	0.020
USC00298127	2018	7	15	18	0	0.120
USC00298127	2018	7	15	19	0	0.020
USC00298127	2018	7	15	20	0	0.040
USC00298127	2018	7	16	14	0	0.010
USC00298127	2018	7	17	11	0	0.010
USC00298127	2018	7	17	16	0	0.010
USC00298127	2018	7	18	12	0	0.010
USC00298127	2018	7	19	23	0	0.070
USC00298127	2018	7	19	24	0	0.010
USC00298127	2018	7	20	17	0	0.010
USC00298127	2018	7	30	20	0	0.020
USC00298127	2018	8	1	15	0	0.010
USC00298127	2018	8	8	17	0	0.650
USC00298127	2018	8	8	18	0	0.150
USC00298127	2018	8	8	19	0	0.110
USC00298127	2018	8	9	14	0	0.010
USC00298127	2018	8	10	7	0	0.020
USC00298127	2018	8	10	8	0	0.030
USC00298127	2018	8	10	9	0	0.010
USC00298127	2018	8	11	15	0	0.010
USC00298127	2018	8	11	16	0	0.190
USC00298127	2018	8	11	17	0	0.040
USC00298127	2018	8	12	13	0	0.010
USC00298127	2018	8	12	18	0	0.010
USC00298127	2018	8	13	14	0	0.010
USC00298127	2018	8	16	13	0	0.010
USC00298127	2018	8	16	22	0	0.110
USC00298127	2018	8	16	23	0	0.090
USC00298127	2018	8	16	24	0	0.060
USC00298127	2018	8	17	1	0	0.050
USC00298127	2018	8	17	2	0	0.020
USC00298127	2018	8	17	16	0	0.010
USC00298127	2018	8	18	12	0	0.010
USC00298127	2018	8	18	17	0	0.070
USC00298127	2018	8	19	17	0	0.010
USC00298127	2018	8	21	16	0	0.010
USC00298127	2018	8	21	20	0	0.110
USC00298127	2018	8	21	21	0	0.090
USC00298127	2018	8	21	22	0	0.020
USC00298127	2018	8	22	16	0	0.010
USC00298127	2018	8	22	23	0	0.060
USC00298127	2018	8	23	14	0	0.010
USC00298127	2018	8	23	19	0	0.010
USC00298127	2018	8	24	16	0	0.010
USC00298127	2018	9	3	16	0	0.010
USC00298127	2018	9	5	14	0	0.010
USC00298127	2018	9	5	21	0	0.060
USC00298127	2018	9	5	22	0	0.410
USC00298127	2018	9	5	23	0	0.290
USC00298127	2018	9	5	24	0	0.240
USC00298127	2018	9	6	1	0	0.160
USC00298127	2018	9	6	2	0	0.080
USC00298127	2018	9	6	3	0	0.080
USC00298127	2018	9	6	4	0	0.030
USC00298127	2018	9	6	6	0	0.010
USC00298127	2018	9	6	20	0	0.010
USC00298127	2018	9	7	12	0	0.010
USC00298127	2018	9	8	14	0	0.010
USC00298127	2018	9	9	20	0	0.010
USC00298127	2018	9	10	15	0	0.010
USC00298127	2018	9	21	16	0	0.010
USC00298127	2018	9	29	18	0	0.010
USC00298127	2018	10	2	16	0	0.010
USC00298127	2018	10	8	10	0	0.020
USC00298127	2018	10	8	11	0	0.030
USC00298127	2018	10	8	12	0	0.020
USC00298127	2018	10	8	14	0	0.010
USC00298127	2018	10	8	15	0	0.040
USC00298127	2018	10	8	17	0	0.020
USC00298127	2018	10	9	20	0	0.010
USC00298127	2018	10	11	24	0	0.010
USC00298127	2018	10	12	7	0	0.040
USC00298127	2018	10	12	8	0	0.010
USC00298127	2018	10	12	9	0	0.080
USC00298127	2018	10	12	10	0	0.010
USC00298127	2018	10	12	11	0	0.010
USC00298127	2018	10	12	12	0	0.010
USC00298127	2018	10	12	13	0	0.060
USC00298127	2018	10	12	14	0	0.010
USC00298127	2018	10	12	15	0	0.010
USC00298127	2018	10	12	16	0	0.040
USC00298127	2018	10	12	17	0	0.110
USC00298127	2018	10	12	18	0	0.090
USC00298127	2018	10	12	19	0	0.180
USC00298127	2018	10	12	20	0	0.090
USC00298127	2018	10	12	22	0	0.010
USC00298127	2018	10	12	23	0	0.010
USC00298127	2018	10	18	4	0	0.010
USC00298127	2018	10	20	13	0	0.010
USC00298127	2018	10	22	4	0	0.030
USC00298127	2018	10	23	11	0	0.010
USC00298127	2018	10	23	13	0	0.020
USC00298127	2018	10	23	14	0	0.010
USC00298127	2018	10	23	16	0	0.050
USC00298127	2018	10	23	17	0	0.040
USC00298127	2018	10	23	18	0	0.030
USC00298127	2018	10	23	19	0	0.180
USC00298127	2018	10	23	20	0	0.200
USC00298127	2018	10	23	21	0	0.120
USC00298127	2018	10	23	22	0	0.270
USC00298127	2018	10	23	23	0	0.210
USC00298127	2018	10	23	24	0	0.160
USC00298127	2018	10	24	4	0	0.010
USC00298127	2018	10	25	8	0	0.010
USC00298127	2018	10	25	17	0	0.010
USC00298127	2018	10	26	16	0	0.010
USC00298127	2018	10	31	11	0	0.020
USC00298127	2018	11	2	23	0	0.010
USC00298127	2018	11	12	8	0	0.010
USC00298127	2018	11	15	9	0	0.010
USC00298127	2018	11	26	8	0	0.010
USC00298127	2018	12	7	13	0	0.040
USC00298127	2018	12	7	14	0	0.020
USC00298127	2018	12	7	15	0	0.010
USC00298127	2018	12	7	20	0	0.010
USC00298127	2018	12	7	22	0	0.050
USC00298127	2018	12	7	23	0	0.010
USC00298127	2018	12	8	1	0	0.010
USC00298127	2018	12	8	2	0	0.010
USC00298127	2018	12	8	3	0	0.010
USC00298127	2018	12	8	4	0	0.020
USC00298127	2018	12	8	7	0	0.010
USC00298127	2018	12	8	9	0	0.010
USC00298127	2018	12	9	10	0	0.010
USC00298127	2018	12	12	8	0	0.010
USC00298127	2018	12	12	9	0	0.020
USC00298127	2018	12	14	12	0	0.010
USC00298127	2018	12	17	2	0	0.030
USC00298127	2018	12	17	3	0	0.020
USC00298127	2018	12	17	4	0	0.020
USC00298127	2018	12	17	5	0	0.020
USC00298127	2018	12	18	1	0	0.060
USC00298127	2018	12	18	2	0	0.160
USC00298127	2018	12	18	3	0	0.010
USC00298127	2018	12	19	5	0	0.010
USC00298127	2018	12	22	16	0	0.010
USC00298127	2018	12	26	6	0	0.030
USC00298127	2018	12	26	11	0	0.010
USC00298127	2018	12	26	13	0	0.060
USC00298127	2018	12	28	5	0	0.010
USC00298127	2018	12	28	8	0	0.010
USC00298127	2018	12	28	9	0	0.010
USC00298127	2018	12	28	10	0	0.040
USC00298127	2018	12	28	11	0	0.030
USC00298127	2018	12	28	12	0	0.030
USC00298127	2018	12	28	13	0	0.070
USC00298127	2018	12	28	14	0	0.030
USC00298127	2018	12	28	15	0	0.010
USC00298127	2018	12	28	17	0	0.010
USC00298127	2018	12	29	11	0	0.020
USC00298127	2018	12	29	12	0	0.050
USC00298127	2018	12	30	9	0	0.010
USC00298127	2019	1	1	8	0	0.010
USC00298127	2019	1	5	9	0	0.010
USC00298127	2019	1	6	14	0	0.010
USC00298127	2019	1	9	23	0	0.010
USC00298127	2019	1	10	17	0	0.010
USC00298127	2019	1	10	18	0	0.030
USC00298127	2019	1	10	19	0	0.010
USC00298127	2019	1	10	20	0	0.010
USC00298127	2019	1	19	12	0	0.010
USC00298127	2019	2	4	15	0	0.010
USC00298127	2019	2	5	19	0	0.010
USC00298127	2019	2	5	22	0	0.020
USC00298127	2019	2	5	23	0	0.010
USC00298127	2019	2	6	4	0	0.010
USC00298127	2019	2	8	14	0	0.010
USC00298127	2019	2	10	11	0	0.010
USC00298127	2019	2	10	15	0	0.010
USC00298127	2019	2	14	8	0	0.010
USC00298127	2019	2	22	6	0	0.010
USC00298127	2019	2	22	18	0	0.010
USC00298127	2019	2	22	19	0	0.020
USC00298127	2019	2	25	8	0	0.010
USC00298127	2019	3	2	9	0	0.010
USC00298127	2019	3	12	2	0	0.010
USC00298127	2019	3	12	13	0	0.040
USC00298127	2019	3	12	14	0	0.020
USC00298127	2019	3	12	15	0	0.020
USC00298127	2019	3	12	16	0	0.040
USC00298127	2019	3	12	17	0	0.040
USC00298127	2019	3	16	5	0	0.020
USC00298127	2019	3	16	6	0	0.180
USC00298127	2019	3	16	7	0	0.100
USC00298127	2019	3	16	8	0	0.010
USC00298127	2019	3	16	10	0	0.010
USC00298127	2019	3	17	21	0	0.010
USC00298127	2019	3	20	7	0	0.010
USC00298127	2019	4	1	3	0	0.010
USC00298127	2019	4	14	24	0	0.010
USC00298127	2019	4	17	8	0	0.030
USC00298127	2019	4	17	11	0	0.030
USC00298127	2019	4	19	6	0	0.010
USC00298127	2019	4	22	16	0	0.050
USC00298127	2019	4	23	17	0	0.010
USC00298127	2019	4	23	19	0	0.030
USC00298127	2019	4	23	20	0	0.030
USC00298127	2019	4	23	21	0	0.020
USC00298127	2019	4	30	4	0	0.010
USC00298127	2019	5	10	21	0	0.010
USC00298127	2019	5	10	22	0	0.010
USC00298127	2019	5	11	15	0	0.010
USC00298127	2019	5	12	2	0	0.010
USC00298127	2019	5	12	14	0	0.010
USC00298127	2019	5	12	17	0	0.030
USC00298127	2019	5	12	18	0	0.070
USC00298127	2019	5	13	22	0	0.010
USC00298127	2019	5	15	22	0	0.010
USC00298127	2019	5	30	21	0	0.010
USC00298127	2019	6	1	13	0	0.010
USC00298127	2019	6	4	14	0	0.070
USC00298127	2019	6	4	15	0	0.140
USC00298127	2019	6	5	13	0	0.010
USC00298127	2019	6	7	17	0	0.010
USC00298127	2019	6	10	13	0	0.090
USC00298127	2019	6	10	14	0	0.020
USC00298127	2019	6	10	15	0	0.060
USC00298127	2019	6	10	16	0	0.080
USC00298127	2019	6	10	17	0	0.210
USC00298127	2019	6	10	18	0	0.190
USC00298127	2019	6	10	19	0	0.030
USC00298127	2019	6	10	20	0	0.010
USC00298127	2019	6	12	12	0	0.010
USC00298127	2019	6	12	18	0	0.010
USC00298127	2019	6	13	16	0	0.010
USC00298127	2019	6	13	19	0	0.010
USC00298127	2019	6	13	21	0	0.080
USC00298127	2019	6	14	17	0	0.010
USC00298127	2019	6	25	6	0	0.010
USC00298127	2019	6	25	20	0	0.010
USC00298127	2019	6	28	17	0	0.040
USC00298127	2019	7	1	5	0	0.010
USC00298127	2019	7	1	17	0	0.010
USC00298127	2019	7	5	21	0	0.010
USC00298127	2019	7	7	14	0	0.010
USC00298127	2019	7	7	21	0	0.130
USC00298127	2019	7	8	13	0	0.010
USC00298127	2019	7	8	17	0	0.010
USC00298127	2019	7	17	13	0	0.010
USC00298127	2019	7	17	19	0	0.070
USC00298127	2019	7	18	15	0	0.010
USC00298127	2019	7	23	5	0	0.010
USC00298127	2019	7	23	6	0	0.070
USC00298127	2019	7	23	7	0	0.010
USC00298127	2019	7	24	13	0	0.010
USC00298127	2019	8	3	21	0	0.050
USC00298127	2019	8	4	11	0	0.010
USC00298127	2019	8	5	15	0	0.010
USC00298127	2019	8	9	24	0	0.010
USC00298127	2019	8	10	1	0	0.010
USC00298127	2019	8	10	2	0	0.100
USC00298127	2019	8	10	3	0	0.050
USC00298127	2019	8	10	16	0	0.010
USC00298127	2019	8	12	18	0	0.010
USC00298127	2019	8	16	18	0	0.010
USC00298127	2019	8	23	19	0	0.430
USC00298127	2019	8	23	20	0	0.050
USC00298127	2019	8	24	17	0	0.010
USC00298127	2019	8	27	19	0	0.010
USC00298127	2019	8	27	20	0	0.090
USC00298127	2019	8	28	20	0	0.010
USC00298127	2019	8	29	18	0	0.010
USC00298127	2019	8	29	22	0	0.190
USC00298127	2019	8	29	23	0	0.010
USC00298127	2019	9	6	21	0	0.010
USC00298127	2019	9	8	19	0	0.010
USC00298127	2019	9	8	20	0	0.290
USC00298127	2019	9	9	13	0	0.010
USC00298127	2019	9	12	17	0	0.010
USC00298127	2019	9	14	20	0	0.010
USC00298127	2019	9	14	21	0	0.050
USC00298127	2019	9	14	22	0	0.010
USC00298127	2019	9	15	2	0	0.030
USC00298127	2019	9	15	3	0	0.020
USC00298127	2019	9	15	4	0	0.050
USC00298127	2019	9	15	5	0	0.010
USC00298127	2019	9	15	19	0	0.010
USC00298127	2019	9	16	13	0	0.010
USC00298127	2019	9	17	15	0	0.010
USC00298127	2019	9	21	7	0	0.010
USC00298127	2019	9	21	10	0	0.030
USC00298127	2019	9	21	11	0	0.050
USC00298127	2019	9	21	12	0	0.020
USC00298127	2019	9	21	13	0	0.030
USC00298127	2019	9	23	15	0	0.010
USC00298127	2019	9	27	18	0	0.040
USC00298127	2019	9	27	19	0	0.010
USC00298127	2019	9	28	19	0	0.010
USC00298127	2019	9	30	14	0	0.010
USC00298127	2019	9	30	18	0	0.020
USC00298127	2019	9	30	23	0	0.010
USC00298127	2019	10	1	3	0	0.020
USC00298127	2019	10	1	4	0	0.020
USC00298127	2019	10	1	19	0	0.010
USC00298127	2019	10	1	22	0	0.010
USC00298127	2019	10	1	23	0	0.020
USC00298127	2019	10	3	5	0	0.010
USC00298127	2019	10	4	4	0	0.010
USC00298127	2019	10	4	7	0	0.140
USC00298127	2019	10	4	8	0	0.070
USC00298127	2019	10	4	9	0	0.070
USC00298127	2019	10	4	19	0	0.010
USC00298127	2019	10	5	14	0	0.010
USC00298127	2019	10	6	19	0	0.010
USC00298127	2019	10	8	18	0	0.010
USC00298127	2019	10	8	21	0	0.040
USC00298127	2019	10	9	13	0	0.010
USC00298127	2019	10	10	20	0	0.010
USC00298127	2019	10	13	20	0	0.010
USC00298127	2019	10	22	8	0	0.010
USC00298127	2019	10	27	19	0	0.010
USC00298127	2019	11	2	8	0	0.010
USC00298127	2019	11	9	14	0	0.010
USC00298127	2019	11	13	9	0	0.010
USC00298127	2019	11	19	18	0	0.120
USC00298127	2019	11	19	19	0	0.030
USC00298127	2019	11	19	20	0	0.020
USC00298127	2019	11	19	21	0	0.010
USC00298127	2019	11	19	22	0	0.010
USC00298127	2019	11	20	5	0	0.120
USC00298127	2019	11	21	14	0	0.010
USC00298127	2019	11	21	15	0	0.010
USC00298127	2019	11	21	16	0	0.010
USC00298127	2019	11	21	17	0	0.020
USC00298127	2019	11	21	18	0	0.020
USC00298127	2019	11	21	19	0	0.010
USC00298127	2019	11	22	8	0	0.010
USC00298127	2019	11	27	9	0	0.010
USC00298127	2019	11	27	12	0	0.040
USC00298127	2019	11	27	13	0	0.120
USC00298127	2019	11	27	14	0	0.080
USC00298127	2019	11	27	15	0	0.120
USC00298127	2019	11	27	16	0	0.070
USC00298127	2019	11	27	17	0	0.100
USC00298127	2019	11	27	18	0	0.060
USC00298127	2019	11	27	19	0	0.080
USC00298127	2019	11	27	20	0	0.030
USC00298127	2019	11	28	2	0	0.010
USC00298127	2019	11	28	3	0	0.090
USC00298127	2019	11	28	4	0	0.070
USC00298127	2019	11	28	5	0	0.030
USC00298127	2019	11	28	6	0	0.070
USC00298127	2019	11	28	7	0	0.070
USC00298127	2019	11	28	8	0	0.030
USC00298127	2019	11	28	9	0	0.040
USC00298127	2019	11	28	10	0	0.020
USC00298127	2019	11	28	11	0	0.020
USC00298127	2019	12	2	8	0	0.010
USC00298127	2019	12	8	20	0	0.010
USC00298127	2019	12	9	2	0	0.010
USC00298127	2019	12	9	3	0	0.040
USC00298127	2019	12	9	4	0	0.030
USC00298127	2019	12	9	5	0	0.050
USC00298127	2019	12	9	6	0	0.030
USC00298127	2019	12	9	7	0	0.090
USC00298127	2019	12	9	8	0	0.120
USC00298127	2019	12	9	9	0	0.040
USC00298127	2019	12	9	10	0	0.060
USC00298127	2019	12	9	11	0	0.070
USC00298127	2019	12	9	12	0	0.080
USC00298127	2019	12	9	13	0	0.070
USC00298127	2019	12	9	14	0	0.020
USC00298127	2019	12	10	9	0	0.010
USC00298127	2019	12	14	18	0	0.010
USC00298127	2019	12	24	14	0	0.010
USC00298127	2019	12	24	15	0	0.010
USC00298127	2019	12	24	16	0	0.020
USC00298127	2019	12	25	1	0	0.010
USC00298127	2019	12	25	9	0	0.010
USC00298127	2019	12	28	20	0	0.010
USC00298127	2019	12	29	9	0	0.010
USC00298127	2019	12	31	8	0	0.010
USC00298127	2020	1	2	8	0	0.010
USC00298127	2020	1	2	12	0	0.010
USC00298127	2020	1	2	14	0	0.020
USC00298127	2020	1	2	15	0	0.100
USC00298127	2020	1	2	16	0	0.070
USC00298127	2020	1	6	9	0	0.010
USC00298127	2020	1	10	6	0	0.010
USC00298127	2020	1	10	14	0	0.020
USC00298127	2020	1	11	8	0	0.010
USC00298127	2020	1	15	9	0	0.010
USC00298127	2020	1	15	23	0	0.010
USC00298127	2020	1	16	16	0	0.030
USC00298127	2020	1	21	11	0	0.010
USC00298127	2020	1	21	12	0	0.020
USC00298127	2020	1	21	13	0	0.020
USC00298127	2020	1	21	14	0	0.030
USC00298127	2020	1	21	15	0	0.010
USC00298127	2020	1	27	14	0	0.070
USC00298127	2020	1	27	15	0	0.010
USC00298127	2020	1	29	11	0	0.010
USC00298127	2020	2	1	8	0	0.010
USC00298127	2020	2	4	8	0	0.010
USC00298127	2020	2	4	9	0	0.130
USC00298127	2020	2	4	10	0	0.050
USC00298127	2020	2	4	22	0	0.010
USC00298127	2020	2	5	12	0	0.100
USC00298127	2020	2	6	8	0	0.010
USC00298127	2020	2	7	9	0	0.010
USC00298127	2020	2	10	4	0	0.010
USC00298127	2020	2	10	5	0	0.070
USC00298127	2020	2	10	6	0	0.180
USC00298127	2020	2	10	7	0	0.010
USC00298127	2020	2	11	15	0	0.090
USC00298127	2020	2	11	16	0	0.040
USC00298127	2020	2	11	17	0	0.020
USC00298127	2020	2	11	18	0	0.020
USC00298127	2020	2	12	1	0	0.010
USC00298127	2020	2	12	9	0	0.030
USC00298127	2020	2	13	9	0	0.010
USC00298127	2020	2	16	8	0	0.010
USC00298127	2020	2	22	17	0	0.010
USC00298127	2020	2	29	24	0	0.010
USC00298127	2020	3	3	10	0	0.010
USC00298127	2020	3	3	13	0	0.180
USC00298127	2020	3	3	14	0	0.240
USC00298127	2020	3	3	17	0	0.030
USC00298127	2020	3	3	18	0	0.010
USC00298127	2020	3	3	19	0	0.030
USC00298127	2020	3	3	20	0	0.010
USC00298127	2020	3	3	21	0	0.060
USC00298127	2020	3	3	22	0	0.090
USC00298127	2020	3	3	23	0	0.120
USC00298127	2020	3	3	24	0	0.160
USC00298127	2020	3	4	1	0	0.140
USC00298127	2020	3	4	2	0	0.140
USC00298127	2020	3	4	3	0	0.010
USC00298127	2020	3	4	4	0	0.010
USC00298127	2020	3	4	6	0	0.010
USC00298127	2020	3	4	8	0	0.010
USC00298127	2020	3	5	8	0	0.010
USC00298127	2020	3	5	20	0	0.010
USC00298127	2020	3	6	20	0	0.010
USC00298127	2020	3	8	2	0	0.010
USC00298127	2020	3	8	3	0	0.010
USC00298127	2020	3	8	5	0	0.010
USC00298127	2020	3	8	6	0	0.010
USC00298127	2020	3	8	8	0	0.050
USC00298127	2020	3	8	15	0	0.010
USC00298127	2020	3	8	17	0	0.010
USC00298127	2020	3	8	18	0	0.010
USC00298127	2020	3	9	8	0	0.010
USC00298127	2020	3	12	18	0	0.020
USC00298127	2020	3	12	19	0	0.070
USC00298127	2020	3	12	20	0	0.070
USC00298127	2020	3	12	21	0	0.030
USC00298127	2020	3	12	22	0	0.020
USC00298127	2020	3	12	23	0	0.010
USC00298127	2020	3	13	1	0	0.010
USC00298127	2020	3	13	2	0	0.080
USC00298127	2020	3	13	3	0	0.010
USC00298127	2020	3	13	5	0	0.010
USC00298127	2020	3	13	8	0	0.010
USC00298127	2020	3	13	14	0	0.030
USC00298127	2020	3	15	8	0	0.010
USC00298127	2020	3	18	9	0	0.010
USC00298127	2020	3	18	10	0	0.080
USC00298127	2020	3	18	11	0	0.090
USC00298127	2020	3	18	12	0	0.020
USC00298127	2020	3	18	17	0	0.010
USC00298127	2020	3	18	18	0	0.020
USC00298127	2020	3	18	21	0	0.070
USC00298127	2020	3	18	22	0	0.060
USC00298127	2020	3	18	23	0	0.040
USC00298127	2020	3	20	8	0	0.010
USC00298127	2020	3	23	19	0	0.010
USC00298127	2020	3	30	2	0	0.010
USC00298127	2020	3	30	23	0	0.010
USC00298127	2020	4	15	7	0	0.010
USC00298127	2020	5	13	3	0	0.010
USC00298127	2020	5	17	14	0	0.010
USC00298127	2020	5	25	19	0	0.010
USC00298127	2020	5	28	18	0	0.010
USC00298127	2020	6	11	12	0	0.120
USC00298127	2020	6	12	12	0	0.010
USC00298127	2020	6	12	20	0	0.060
USC00298127	2020	6	12	21	0	0.030
USC00298127	2020	6	12	22	0	0.120
USC00298127	2020	6	13	15	0	0.010
USC00298127	2020	6	14	15	0	0.010
USC00298127	2020	6	24	19	0	0.010
USC00298127	2020	6	24	20	0	0.190
USC00298127	2020	6	25	17	0	0.010
USC00298127	2020	7	1	16	0	0.010
USC00298127	2020	7	3	16	0	0.010
USC00298127	2020	7	7	19	0	0.020
USC00298127	2020	7	8	9	0	0.010
USC00298127	2020	7	14	21	0	0.030
USC00298127	2020	7	15	15	0	0.010
USC00298127	2020	7	15	20	0	0.040
USC00298127	2020	7	16	17	0	0.010
USC00298127	2020	7	20	5	0	0.020
USC00298127	2020	7	20	14	0	0.010
USC00298127	2020	7	20	18	0	0.030
USC00298127	2020	7	20	19	0	0.010
USC00298127	2020	7	21	14	0	0.010
USC00298127	2020	7	21	15	0	0.080
USC00298127	2020	7	21	16	0	0.220
USC00298127	2020	7	22	14	0	0.440
USC00298127	2020	7	23	13	0	0.010
USC00298127	2020	7	23	16	0	0.020
USC00298127	2020	7	24	14	0	0.010
USC00298127	2020	7	24	15	0	0.110
USC00298127	2020	7	24	18	0	0.020
USC00298127	2020	7	24	19	0	0.170
USC00298127	2020	7	24	20	0	0.030
USC00298127	2020	7	25	16	0	0.010
USC00298127	2020	7	25	19	0	0.160
USC00298127	2020	7	25	20	0	0.070
USC00298127	2020	7	26	16	0	0.010
USC00298127	2020	8	1	21	0	0.030
USC00298127	2020	8	1	22	0	0.050
USC00298127	2020	8	1	23	0	0.010
USC00298127	2020	8	2	14	0	0.010
USC00298127	2020	8	2	21	0	0.010
USC00298127	2020	8	3	15	0	0.010
USC00298127	2020	8	16	16	0	0.020
USC00298127	2020	9	9	8	0	0.020
USC00298127	2020	9	13	18	0	0.010
USC00298127	2020	9	16	17	0	0.010
USC00298127	2020	9	22	14	0	0.010
USC00298127	2020	10	1	22	0	0.010
USC00298127	2020	10	26	21	0	0.020
USC00298127	2020	10	26	24	0	0.010
USC00298127	2020	10	27	1	0	0.010
USC00298127	2020	10	27	13	0	0.060
USC00298127	2020	10	27	14	0	0.020
USC00298127	2020	10	27	15	0	0.030
USC00298127	2020	10	27	16	0	0.020
USC00298127	2020	10	27	17	0	0.010
USC00298127	2020	10	28	9	0	0.050
USC00298127	2020	10	29	15	0	0.010
USC00298127	2020	11	6	14	0	0.010
USC00298127	2020	11	17	9	0	0.010
USC00298127	2020	11	17	20	0	0.010
USC00298127	2020	12	1	8	0	0.010
USC00298127	2020	12	10	8	0	0.010
USC00298127	2020	12	10	9	0	0.030
USC00298127	2020	12	10	10	0	0.010
USC00298127	2020	12	13	12	0	0.010
