USC00297614	2004	1	15	16	0	0.024
USC00297614	2004	1	16	15	0	0.006
USC00297614	2004	1	18	12	0	0.003
USC00297614	2004	2	4	14	0	0.002
USC00297614	2004	2	4	16	0	0.008
USC00297614	2004	2	4	17	0	0.004
USC00297614	2004	2	11	22	0	0.094
USC00297614	2004	2	13	1	0	0.03
USC00297614	2004	2	13	2	0	0.016
USC00297614	2004	2	23	18	0	0.025
USC00297614	2004	2	23	19	0	0.136
USC00297614	2004	2	23	20	0	0.137
USC00297614	2004	2	23	21	0	0.051
USC00297614	2004	2	23	22	0	0.121
USC00297614	2004	2	23	23	0	0.011
USC00297614	2004	2	23	24	0	0.005
USC00297614	2004	2	24	1	0	0.028
USC00297614	2004	2	24	2	0	0.077
USC00297614	2004	2	24	3	0	0.018
USC00297614	2004	2	24	4	0	0.092
USC00297614	2004	2	24	5	0	0.016
USC00297614	2004	2	24	6	0	0.002
USC00297614	2004	2	24	9	0	0.008
USC00297614	2004	2	24	11	0	0.007
USC00297614	2004	2	24	12	0	0.02
USC00297614	2004	2	24	13	0	0.017
USC00297614	2004	2	24	14	0	0.007
USC00297614	2004	2	24	17	0	0.009
USC00297614	2004	2	24	18	0	0.009
USC00297614	2004	2	24	19	0	0.009
USC00297614	2004	2	24	23	0	0.009
USC00297614	2004	2	28	17	0	0.001
USC00297614	2004	2	28	20	0	0.001
USC00297614	2004	2	28	21	0	0.002
USC00297614	2004	2	28	22	0	0.005
USC00297614	2004	3	2	24	0	0.003
USC00297614	2004	3	3	1	0	0.003
USC00297614	2004	3	3	2	0	0.004
USC00297614	2004	3	3	22	0	0.005
USC00297614	2004	3	3	23	0	0.007
USC00297614	2004	3	3	24	0	0.001
USC00297614	2004	3	4	1	0	0.004
USC00297614	2004	3	4	2	0	0.002
USC00297614	2004	3	4	3	0	0.002
USC00297614	2004	3	4	8	0	0.011
USC00297614	2004	3	4	9	0	0.015
USC00297614	2004	3	4	10	0	0.008
USC00297614	2004	3	4	13	0	0.011
USC00297614	2004	3	4	14	0	0.043
USC00297614	2004	3	4	15	0	0.109
USC00297614	2004	3	4	16	0	0.041
USC00297614	2004	3	4	17	0	0.004
USC00297614	2004	3	11	15	0	0.01
USC00297614	2004	3	12	4	0	0.01
USC00297614	2004	3	12	8	0	0.011
USC00297614	2004	3	12	9	0	0.017
USC00297614	2004	3	12	11	0	0.004
USC00297614	2004	3	12	12	0	0.004
USC00297614	2004	3	12	13	0	0.018
USC00297614	2004	3	12	14	0	0.012
USC00297614	2004	3	12	15	0	0.004
USC00297614	2004	3	12	19	0	0.007
USC00297614	2004	3	12	20	0	0.014
USC00297614	2004	3	12	21	0	0.01
USC00297614	2004	3	12	22	0	0.008
USC00297614	2004	4	2	5	0	0.003
USC00297614	2004	4	2	7	0	0.004
USC00297614	2004	4	2	13	0	0.013
USC00297614	2004	4	2	14	0	0.003
USC00297614	2004	4	2	15	0	0.004
USC00297614	2004	4	2	20	0	0.007
USC00297614	2004	4	2	21	0	0.029
USC00297614	2004	4	2	22	0	0.024
USC00297614	2004	4	2	23	0	0.011
USC00297614	2004	4	2	24	0	0.032
USC00297614	2004	4	3	1	0	0.01
USC00297614	2004	4	3	3	0	0.002
USC00297614	2004	4	3	4	0	0.001
USC00297614	2004	4	3	8	0	0.001
USC00297614	2004	4	3	9	0	0.006
USC00297614	2004	4	3	10	0	0.012
USC00297614	2004	4	3	11	0	0.031
USC00297614	2004	4	3	12	0	0.051
USC00297614	2004	4	3	13	0	0.024
USC00297614	2004	4	3	14	0	0.03
USC00297614	2004	4	3	15	0	0.019
USC00297614	2004	4	3	16	0	0.01
USC00297614	2004	4	3	17	0	0.008
USC00297614	2004	4	3	18	0	0.005
USC00297614	2004	4	3	19	0	0.004
USC00297614	2004	4	3	20	0	0.012
USC00297614	2004	4	3	21	0	0.014
USC00297614	2004	4	3	22	0	0.084
USC00297614	2004	4	3	23	0	0.139
USC00297614	2004	4	3	24	0	0.17
USC00297614	2004	4	4	1	0	0.175
USC00297614	2004	4	4	2	0	0.089
USC00297614	2004	4	4	5	0	0.028
USC00297614	2004	4	4	6	0	0.041
USC00297614	2004	4	4	7	0	0.017
USC00297614	2004	4	4	8	0	0.026
USC00297614	2004	4	4	9	0	0.034
USC00297614	2004	4	4	10	0	0.05
USC00297614	2004	4	4	11	0	0.021
USC00297614	2004	4	4	12	0	0.005
USC00297614	2004	4	4	13	0	0.005
USC00297614	2004	4	4	14	0	0.005
USC00297614	2004	4	4	15	0	0.005
USC00297614	2004	4	4	16	0	0.008
USC00297614	2004	4	4	17	0	0.008
USC00297614	2004	4	4	18	0	0.011
USC00297614	2004	4	4	19	0	0.007
USC00297614	2004	4	4	20	0	0.002
USC00297614	2004	4	4	21	0	0.011
USC00297614	2004	4	4	22	0	0.007
USC00297614	2004	4	4	23	0	0.002
USC00297614	2004	4	4	24	0	0.007
USC00297614	2004	4	5	1	0	0.029
USC00297614	2004	4	5	2	0	0.03
USC00297614	2004	4	5	3	0	0.055
USC00297614	2004	4	5	4	0	0.066
USC00297614	2004	4	5	5	0	0.018
USC00297614	2004	4	5	6	0	0.001
USC00297614	2004	4	5	8	0	0.001
USC00297614	2004	4	5	9	0	0.001
USC00297614	2004	4	5	10	0	0.001
USC00297614	2004	4	5	11	0	0.001
USC00297614	2004	4	5	12	0	0.003
USC00297614	2004	4	5	13	0	0.001
USC00297614	2004	4	5	14	0	0.001
USC00297614	2004	4	5	15	0	0.001
USC00297614	2004	4	5	17	0	0.001
USC00297614	2004	4	5	19	0	0.001
USC00297614	2004	4	6	13	0	0.004
USC00297614	2004	4	6	14	0	0.012
USC00297614	2004	4	6	15	0	0.007
USC00297614	2004	4	6	16	0	0.004
USC00297614	2004	4	6	17	0	0.001
USC00297614	2004	4	6	18	0	0.001
USC00297614	2004	4	6	22	0	0.001
USC00297614	2004	4	7	11	0	0.003
USC00297614	2004	4	7	13	0	0.005
USC00297614	2004	4	7	14	0	0.005
USC00297614	2004	4	7	15	0	0.005
USC00297614	2004	4	7	17	0	0.005
USC00297614	2004	4	7	24	0	0.013
USC00297614	2004	4	8	3	0	0.003
USC00297614	2004	4	8	12	0	0.001
USC00297614	2004	4	8	15	0	0.086
USC00297614	2004	4	8	16	0	0.122
USC00297614	2004	4	8	17	0	0.011
USC00297614	2004	4	10	10	0	0.012
USC00297614	2004	4	10	11	0	0.02
USC00297614	2004	4	10	12	0	0.002
USC00297614	2004	4	10	20	0	0.012
USC00297614	2004	4	10	21	0	0.009
USC00297614	2004	4	10	24	0	0.021
USC00297614	2004	4	11	1	0	0.043
USC00297614	2004	4	11	2	0	0.061
USC00297614	2004	4	11	3	0	0.072
USC00297614	2004	4	11	4	0	0.005
USC00297614	2004	4	11	5	0	0.014
USC00297614	2004	4	11	6	0	0.028
USC00297614	2004	4	11	7	0	0.023
USC00297614	2004	4	11	8	0	0.032
USC00297614	2004	4	11	9	0	0.021
USC00297614	2004	4	11	10	0	0.019
USC00297614	2004	4	11	11	0	0.013
USC00297614	2004	4	11	12	0	0.013
USC00297614	2004	4	30	15	0	0.034
USC00297614	2004	4	30	16	0	0.008
USC00297614	2004	4	30	17	0	0.002
USC00297614	2004	4	30	18	0	0.006
USC00297614	2004	4	30	19	0	0.011
USC00297614	2004	4	30	20	0	0.002
USC00297614	2004	5	19	7	0	0.001
USC00297614	2004	5	19	8	0	0.005
USC00297614	2004	5	19	9	0	0.002
USC00297614	2004	5	19	15	0	0.106
USC00297614	2004	5	19	16	0	0.121
USC00297614	2004	5	19	17	0	0.004
USC00297614	2004	5	19	18	0	0.004
USC00297614	2004	5	20	14	0	0.002
USC00297614	2004	5	20	15	0	0.008
USC00297614	2004	5	20	16	0	0.005
USC00297614	2004	5	27	7	0	0.008
USC00297614	2004	5	27	8	0	0.075
USC00297614	2004	5	27	9	0	0.143
USC00297614	2004	5	27	10	0	0.114
USC00297614	2004	5	27	11	0	0.041
USC00297614	2004	5	27	12	0	0.004
USC00297614	2004	5	27	15	0	0.008
USC00297614	2004	6	25	21	0	0.006
USC00297614	2004	6	25	22	0	0.006
USC00297614	2004	6	25	23	0	0.011
USC00297614	2004	6	26	18	0	0.009
USC00297614	2004	6	26	19	0	0.079
USC00297614	2004	6	26	20	0	0.046
USC00297614	2004	6	26	21	0	0.032
USC00297614	2004	6	26	22	0	0.008
USC00297614	2004	6	26	23	0	0.004
USC00297614	2004	6	27	21	0	0.078
USC00297614	2004	6	27	22	0	0.182
USC00297614	2004	6	27	23	0	0.078
USC00297614	2004	6	27	24	0	0.017
USC00297614	2004	6	28	1	0	0.001
USC00297614	2004	6	28	2	0	0.001
USC00297614	2004	6	28	3	0	0.001
USC00297614	2004	6	28	5	0	0.001
USC00297614	2004	6	29	9	0	0.001
USC00297614	2004	6	29	16	0	0.007
USC00297614	2004	6	29	17	0	0.006
USC00297614	2004	7	9	21	0	0.001
USC00297614	2004	7	9	22	0	0.001
USC00297614	2004	7	9	23	0	0.002
USC00297614	2004	7	10	1	0	0.002
USC00297614	2004	7	10	2	0	0.001
USC00297614	2004	7	10	15	0	0.05
USC00297614	2004	7	10	16	0	0.043
USC00297614	2004	7	10	17	0	0.001
USC00297614	2004	7	10	18	0	0.002
USC00297614	2004	7	10	19	0	0.002
USC00297614	2004	7	10	21	0	0.004
USC00297614	2004	7	20	22	0	0.011
USC00297614	2004	7	20	23	0	0.003
USC00297614	2004	7	20	24	0	0.002
USC00297614	2004	7	21	2	0	0.008
USC00297614	2004	7	23	6	0	0.033
USC00297614	2004	7	23	7	0	0.023
USC00297614	2004	7	23	23	0	0.023
USC00297614	2004	7	23	24	0	0.316
USC00297614	2004	7	24	1	0	0.032
USC00297614	2004	7	24	2	0	0.009
USC00297614	2004	7	24	3	0	0.008
USC00297614	2004	7	24	4	0	0.005
USC00297614	2004	7	24	5	0	0.008
USC00297614	2004	7	24	6	0	0.004
USC00297614	2004	7	24	12	0	0.039
USC00297614	2004	7	24	13	0	0.048
USC00297614	2004	7	24	14	0	0.048
USC00297614	2004	7	24	15	0	0.012
USC00297614	2004	7	24	16	0	0.007
USC00297614	2004	7	24	18	0	0.007
USC00297614	2004	7	24	21	0	0.018
USC00297614	2004	7	24	22	0	0.331
USC00297614	2004	7	24	23	0	0.161
USC00297614	2004	7	24	24	0	0.179
USC00297614	2004	7	25	1	0	0.141
USC00297614	2004	7	25	2	0	0.135
USC00297614	2004	7	25	3	0	0.031
USC00297614	2004	7	25	4	0	0.024
USC00297614	2004	7	25	5	0	0.042
USC00297614	2004	7	25	6	0	0.013
USC00297614	2004	7	25	7	0	0.029
USC00297614	2004	7	25	8	0	0.023
USC00297614	2004	7	25	9	0	0.023
USC00297614	2004	7	25	10	0	0.016
USC00297614	2004	7	25	11	0	0.027
USC00297614	2004	7	25	12	0	0.022
USC00297614	2004	7	25	13	0	0.018
USC00297614	2004	7	25	14	0	0.011
USC00297614	2004	7	25	15	0	0.005
USC00297614	2004	7	25	16	0	0.004
USC00297614	2004	7	26	6	0	0.002
USC00297614	2004	7	28	23	0	0.019
USC00297614	2004	7	28	24	0	0.02
USC00297614	2004	7	29	1	0	0.001
USC00297614	2004	8	1	16	0	0.022
USC00297614	2004	8	2	14	0	0.042
USC00297614	2004	8	2	15	0	0.03
USC00297614	2004	8	2	16	0	0.005
USC00297614	2004	8	3	13	0	0.072
USC00297614	2004	8	3	15	0	0.02
USC00297614	2004	8	4	20	0	0.006
USC00297614	2004	8	4	21	0	0.001
USC00297614	2004	8	4	22	0	0.205
USC00297614	2004	8	4	23	0	0.173
USC00297614	2004	8	4	24	0	0.041
USC00297614	2004	8	5	1	0	0.015
USC00297614	2004	8	5	3	0	0.001
USC00297614	2004	8	6	16	0	0.006
USC00297614	2004	8	6	17	0	0.001
USC00297614	2004	8	7	16	0	0.006
USC00297614	2004	8	7	17	0	0.007
USC00297614	2004	8	7	18	0	0.005
USC00297614	2004	8	10	16	0	0.005
USC00297614	2004	8	10	17	0	0.002
USC00297614	2004	8	10	20	0	0.038
USC00297614	2004	8	10	21	0	0.039
USC00297614	2004	8	10	22	0	0.002
USC00297614	2004	8	11	20	0	0.001
USC00297614	2004	8	11	21	0	0.013
USC00297614	2004	8	11	22	0	0.001
USC00297614	2004	8	12	3	0	0.001
USC00297614	2004	8	12	19	0	0.001
USC00297614	2004	8	12	20	0	0.148
USC00297614	2004	8	12	21	0	0.054
USC00297614	2004	8	12	22	0	0.011
USC00297614	2004	8	12	23	0	0.01
USC00297614	2004	8	12	24	0	0.01
USC00297614	2004	8	13	21	0	0.035
USC00297614	2004	8	13	22	0	0.075
USC00297614	2004	8	13	23	0	0.078
USC00297614	2004	8	13	24	0	0.048
USC00297614	2004	8	14	1	0	0.006
USC00297614	2004	8	14	2	0	0.001
USC00297614	2004	8	15	11	0	0.001
USC00297614	2004	8	15	12	0	0.002
USC00297614	2004	8	15	18	0	0.055
USC00297614	2004	8	15	19	0	0.002
USC00297614	2004	8	16	16	0	0.002
USC00297614	2004	8	16	19	0	0.016
USC00297614	2004	8	17	16	0	0.001
USC00297614	2004	8	17	17	0	0.002
USC00297614	2004	8	17	18	0	0.007
USC00297614	2004	8	17	19	0	0.004
USC00297614	2004	8	17	20	0	0.007
USC00297614	2004	8	17	21	0	0.003
USC00297614	2004	8	29	19	0	0.012
USC00297614	2004	8	30	22	0	0.003
USC00297614	2004	8	30	23	0	0.001
USC00297614	2004	8	30	24	0	0.001
USC00297614	2004	8	31	18	0	0.009
USC00297614	2004	8	31	19	0	0.012
USC00297614	2004	9	4	14	0	0.011
USC00297614	2004	9	4	15	0	0.015
USC00297614	2004	9	4	16	0	0.014
USC00297614	2004	9	4	17	0	0.014
USC00297614	2004	9	19	6	0	0.001
USC00297614	2004	9	19	7	0	0.001
USC00297614	2004	9	19	8	0	0.003
USC00297614	2004	9	19	9	0	0.003
USC00297614	2004	9	19	21	0	0.005
USC00297614	2004	9	19	22	0	0.003
USC00297614	2004	9	20	1	0	0.001
USC00297614	2004	9	20	2	0	0.05
USC00297614	2004	9	20	3	0	0.082
USC00297614	2004	9	20	4	0	0.047
USC00297614	2004	9	20	21	0	0.005
USC00297614	2004	9	24	15	0	0.005
USC00297614	2004	9	24	16	0	0.001
USC00297614	2004	9	24	21	0	0.004
USC00297614	2004	9	24	22	0	0.905
USC00297614	2004	9	24	23	0	0.486
USC00297614	2004	9	24	24	0	0.182
USC00297614	2004	9	25	1	0	0.003
USC00297614	2004	9	25	3	0	0.001
USC00297614	2004	9	25	20	0	0.005
USC00297614	2004	9	25	21	0	0.019
USC00297614	2004	9	25	22	0	0.036
USC00297614	2004	9	25	23	0	0.005
USC00297614	2004	9	25	24	0	0.008
USC00297614	2004	9	26	1	0	0.017
USC00297614	2004	9	26	2	0	0.011
USC00297614	2004	9	26	3	0	0.001
USC00297614	2004	9	26	4	0	0.011
USC00297614	2004	9	26	5	0	0.101
USC00297614	2004	9	26	6	0	0.093
USC00297614	2004	9	26	7	0	0.062
USC00297614	2004	9	26	8	0	0.088
USC00297614	2004	9	26	9	0	0.111
USC00297614	2004	9	26	10	0	0.135
USC00297614	2004	9	26	11	0	0.088
USC00297614	2004	9	26	12	0	0.049
USC00297614	2004	9	26	13	0	0.027
USC00297614	2004	9	26	14	0	0.023
USC00297614	2004	9	26	15	0	0.095
USC00297614	2004	9	26	16	0	0.015
USC00297614	2004	9	26	17	0	0.001
USC00297614	2004	9	26	23	0	0.01
USC00297614	2004	9	27	8	0	0.015
USC00297614	2004	9	27	9	0	0.035
USC00297614	2004	9	27	10	0	0.015
USC00297614	2004	9	27	11	0	0.009
USC00297614	2004	9	27	13	0	0.001
USC00297614	2004	9	27	15	0	0.011
USC00297614	2004	9	27	16	0	0.011
USC00297614	2004	9	27	17	0	0.01
USC00297614	2004	9	27	18	0	0.014
USC00297614	2004	9	27	19	0	0.012
USC00297614	2004	9	27	20	0	0.009
USC00297614	2004	9	27	21	0	0.007
USC00297614	2004	9	27	22	0	0.031
USC00297614	2004	9	27	23	0	0.002
USC00297614	2004	9	28	1	0	0.004
USC00297614	2004	9	28	2	0	0.004
USC00297614	2004	9	28	3	0	0.004
USC00297614	2004	9	28	4	0	0.002
USC00297614	2004	9	28	5	0	0.002
USC00297614	2004	9	28	6	0	0.001
USC00297614	2004	9	28	13	0	0.001
USC00297614	2004	9	28	14	0	0.001
USC00297614	2004	9	29	18	0	0.005
USC00297614	2004	9	29	19	0	0.121
USC00297614	2004	9	29	20	0	0.289
USC00297614	2004	9	29	21	0	0.1
USC00297614	2004	9	29	22	0	0.012
USC00297614	2004	9	29	23	0	0.001
USC00297614	2004	9	30	4	0	0.005
USC00297614	2004	9	30	11	0	0.016
USC00297614	2004	9	30	12	0	0.07
USC00297614	2004	9	30	13	0	0.06
USC00297614	2004	9	30	14	0	0.002
USC00297614	2004	10	1	8	0	0.002
USC00297614	2004	10	2	11	0	0.004
USC00297614	2004	10	3	12	0	0.001
USC00297614	2004	10	4	23	0	0.018
USC00297614	2004	10	5	5	0	0.013
USC00297614	2004	10	5	7	0	0.004
USC00297614	2004	10	5	8	0	0.013
USC00297614	2004	10	5	9	0	0.002
USC00297614	2004	10	5	10	0	0.005
USC00297614	2004	10	5	11	0	0.001
USC00297614	2004	10	5	12	0	0.004
USC00297614	2004	10	5	13	0	0.002
USC00297614	2004	10	5	14	0	0.007
USC00297614	2004	10	5	15	0	0.042
USC00297614	2004	10	5	16	0	0.109
USC00297614	2004	10	5	17	0	0.118
USC00297614	2004	10	5	18	0	0.106
USC00297614	2004	10	5	19	0	0.175
USC00297614	2004	10	5	20	0	0.01
USC00297614	2004	10	5	21	0	0.009
USC00297614	2004	10	5	22	0	0.007
USC00297614	2004	10	5	23	0	0.005
USC00297614	2004	10	5	24	0	0.005
USC00297614	2004	10	6	1	0	0.005
USC00297614	2004	10	6	2	0	0.005
USC00297614	2004	10	6	3	0	0.003
USC00297614	2004	10	6	4	0	0.003
USC00297614	2004	10	6	5	0	0.005
USC00297614	2004	10	6	6	0	0.001
USC00297614	2004	10	6	7	0	0.001
USC00297614	2004	10	6	8	0	0.001
USC00297614	2004	10	7	3	0	0.006
USC00297614	2004	10	7	4	0	0.027
USC00297614	2004	10	7	5	0	0.002
USC00297614	2004	10	9	22	0	0.009
USC00297614	2004	10	9	23	0	0.02
USC00297614	2004	10	9	24	0	0.002
USC00297614	2004	10	11	6	0	0.014
USC00297614	2004	10	11	7	0	0.018
USC00297614	2004	10	11	8	0	0.015
USC00297614	2004	10	11	11	0	0.007
USC00297614	2004	10	11	12	0	0.021
USC00297614	2004	10	11	13	0	0.001
USC00297614	2004	10	11	14	0	0.001
USC00297614	2004	10	11	15	0	0.003
USC00297614	2004	10	11	17	0	0.001
USC00297614	2004	10	13	14	0	0.006
USC00297614	2004	10	25	13	0	0.011
USC00297614	2004	10	25	14	0	0.03
USC00297614	2004	10	25	15	0	0.005
USC00297614	2004	10	25	16	0	0.015
USC00297614	2004	10	25	17	0	0.003
USC00297614	2004	10	25	18	0	0.005
USC00297614	2004	10	25	19	0	0.002
USC00297614	2004	10	25	20	0	0.001
USC00297614	2004	10	25	21	0	0.001
USC00297614	2004	10	26	1	0	0.001
USC00297614	2004	10	26	4	0	0.001
USC00297614	2004	11	1	8	0	0.001
USC00297614	2004	11	1	9	0	0.003
USC00297614	2004	11	1	15	0	0.002
USC00297614	2004	11	1	16	0	0.007
USC00297614	2004	11	1	17	0	0.002
USC00297614	2004	11	2	4	0	0.007
USC00297614	2004	11	2	5	0	0.002
USC00297614	2004	11	2	7	0	0.001
USC00297614	2004	11	2	8	0	0.001
USC00297614	2004	11	2	9	0	0.001
USC00297614	2004	11	12	24	0	0.012
USC00297614	2004	11	13	1	0	0.013
USC00297614	2004	11	13	2	0	0.02
USC00297614	2004	11	13	3	0	0.064
USC00297614	2004	11	13	4	0	0.092
USC00297614	2004	11	13	5	0	0.061
USC00297614	2004	11	13	6	0	0.084
USC00297614	2004	11	13	7	0	0.049
USC00297614	2004	11	13	8	0	0.063
USC00297614	2004	11	13	9	0	0.054
USC00297614	2004	11	13	10	0	0.007
USC00297614	2004	11	13	11	0	0.003
USC00297614	2004	11	13	12	0	0.005
USC00297614	2004	11	13	13	0	0.057
USC00297614	2004	11	13	14	0	0.04
USC00297614	2004	11	13	15	0	0.022
USC00297614	2004	11	13	16	0	0.025
USC00297614	2004	11	13	17	0	0.015
USC00297614	2004	11	13	18	0	0.016
USC00297614	2004	11	13	19	0	0.007
USC00297614	2004	11	13	20	0	0.012
USC00297614	2004	11	13	21	0	0.009
USC00297614	2004	11	13	22	0	0.005
USC00297614	2004	11	13	23	0	0.005
USC00297614	2004	11	14	4	0	0.016
USC00297614	2004	11	14	5	0	0.019
USC00297614	2004	11	14	6	0	0.048
USC00297614	2004	11	14	7	0	0.041
USC00297614	2004	11	14	10	0	0.017
USC00297614	2004	11	14	11	0	0.058
USC00297614	2004	11	14	12	0	0.043
USC00297614	2004	11	14	13	0	0.034
USC00297614	2004	11	14	14	0	0.03
USC00297614	2004	11	14	15	0	0.03
USC00297614	2004	11	14	16	0	0.024
USC00297614	2004	11	14	17	0	0.037
USC00297614	2004	11	14	18	0	0.017
USC00297614	2004	11	14	19	0	0.034
USC00297614	2004	11	14	20	0	0.005
USC00297614	2004	11	14	22	0	0.009
USC00297614	2004	11	14	24	0	0.005
USC00297614	2004	11	15	1	0	0.005
USC00297614	2004	11	15	3	0	0.009
USC00297614	2004	11	15	5	0	0.001
USC00297614	2004	11	15	6	0	0.009
USC00297614	2004	11	15	7	0	0.036
USC00297614	2004	11	15	8	0	0.041
USC00297614	2004	11	15	9	0	0.025
USC00297614	2004	11	15	10	0	0.062
USC00297614	2004	11	15	11	0	0.06
USC00297614	2004	11	15	12	0	0.025
USC00297614	2004	11	15	13	0	0.007
USC00297614	2004	11	15	14	0	0.006
USC00297614	2004	11	16	3	0	0.006
USC00297614	2004	11	16	24	0	0.009
USC00297614	2004	11	21	8	0	0.01
USC00297614	2004	11	21	9	0	0.038
USC00297614	2004	11	21	10	0	0.041
USC00297614	2004	11	21	11	0	0.074
USC00297614	2004	11	21	12	0	0.01
USC00297614	2004	11	21	13	0	0.092
USC00297614	2004	11	21	14	0	0.01
USC00297614	2004	11	21	15	0	0.055
USC00297614	2004	11	21	17	0	0.006
USC00297614	2004	11	21	18	0	0.002
USC00297614	2004	11	22	15	0	0.007
USC00297614	2004	11	22	19	0	0.052
USC00297614	2004	11	22	20	0	0.343
USC00297614	2004	11	22	21	0	0.194
USC00297614	2004	11	22	22	0	0.053
USC00297614	2004	11	23	7	0	0.003
USC00297614	2004	11	23	8	0	0.009
USC00297614	2004	11	23	14	0	0.046
USC00297614	2004	11	23	15	0	0.032
USC00297614	2004	12	4	19	0	0.001
USC00297614	2004	12	4	20	0	0.016
USC00297614	2004	12	4	21	0	0.025
USC00297614	2004	12	4	22	0	0.02
USC00297614	2004	12	4	23	0	0.014
USC00297614	2004	12	4	24	0	0.002
USC00297614	2004	12	5	2	0	0.002
USC00297614	2004	12	6	6	0	0.005
USC00297614	2004	12	6	7	0	0.028
USC00297614	2004	12	6	8	0	0.01
USC00297614	2004	12	6	9	0	0.001
USC00297614	2004	12	21	23	0	0.013
USC00297614	2004	12	21	24	0	0.058
USC00297614	2004	12	22	1	0	0.078
USC00297614	2004	12	22	2	0	0.015
USC00297614	2004	12	22	3	0	0.014
USC00297614	2004	12	22	4	0	0.045
USC00297614	2004	12	22	6	0	0.011
USC00297614	2004	12	22	7	0	0.005
USC00297614	2004	12	22	8	0	0.003
USC00297614	2004	12	22	9	0	0.003
USC00297614	2004	12	22	10	0	0.003
USC00297614	2004	12	22	11	0	0.022
USC00297614	2004	12	22	12	0	0.017
USC00297614	2004	12	22	13	0	0.012
USC00297614	2004	12	22	14	0	0.003
USC00297614	2004	12	22	15	0	0.001
USC00297614	2004	12	23	16	0	0.015
USC00297614	2004	12	23	17	0	0.015
USC00297614	2004	12	23	18	0	0.015
USC00297614	2004	12	23	19	0	0.009
USC00297614	2004	12	23	20	0	0.015
USC00297614	2004	12	23	21	0	0.015
USC00297614	2004	12	23	22	0	0.026
USC00297614	2005	1	2	9	0	0.002
USC00297614	2005	1	2	15	0	0.003
USC00297614	2005	1	2	18	0	0.014
USC00297614	2005	1	2	19	0	0.004
USC00297614	2005	1	2	20	0	0.005
USC00297614	2005	1	3	7	0	0.005
USC00297614	2005	1	3	24	0	0.017
USC00297614	2005	1	4	1	0	0.052
USC00297614	2005	1	4	2	0	0.051
USC00297614	2005	1	4	3	0	0.01
USC00297614	2005	1	4	4	0	0.005
USC00297614	2005	1	4	6	0	0.015
USC00297614	2005	1	4	7	0	0.021
USC00297614	2005	1	4	8	0	0.01
USC00297614	2005	1	4	9	0	0.004
USC00297614	2005	1	4	15	0	0.004
USC00297614	2005	1	26	15	0	0.003
USC00297614	2005	1	26	16	0	0.007
USC00297614	2005	1	26	17	0	0.022
USC00297614	2005	1	26	18	0	0.019
USC00297614	2005	1	26	19	0	0.01
USC00297614	2005	1	26	20	0	0.006
USC00297614	2005	1	27	3	0	0.003
USC00297614	2005	1	27	4	0	0.006
USC00297614	2005	1	27	5	0	0.011
USC00297614	2005	1	27	6	0	0.04
USC00297614	2005	1	27	7	0	0.053
USC00297614	2005	1	27	8	0	0.036
USC00297614	2005	1	27	9	0	0.013
USC00297614	2005	1	27	11	0	0.005
USC00297614	2005	1	27	16	0	0.005
USC00297614	2005	1	27	17	0	0.009
USC00297614	2005	1	27	21	0	0.005
USC00297614	2005	1	27	22	0	0.016
USC00297614	2005	1	27	23	0	0.012
USC00297614	2005	1	29	24	0	0.017
USC00297614	2005	2	5	10	0	0.006
USC00297614	2005	2	5	13	0	0.007
USC00297614	2005	2	5	14	0	0.012
USC00297614	2005	2	5	15	0	0.041
USC00297614	2005	2	5	16	0	0.04
USC00297614	2005	2	5	17	0	0.05
USC00297614	2005	2	5	18	0	0.066
USC00297614	2005	2	5	19	0	0.104
USC00297614	2005	2	5	20	0	0.096
USC00297614	2005	2	5	21	0	0.068
USC00297614	2005	2	5	22	0	0.044
USC00297614	2005	2	5	23	0	0.02
USC00297614	2005	2	5	24	0	0.014
USC00297614	2005	2	6	1	0	0.041
USC00297614	2005	2	6	2	0	0.03
USC00297614	2005	2	6	3	0	0.01
USC00297614	2005	2	6	5	0	0.001
USC00297614	2005	2	6	9	0	0.005
USC00297614	2005	2	6	10	0	0.006
USC00297614	2005	2	6	11	0	0.002
USC00297614	2005	2	6	12	0	0.001
USC00297614	2005	2	10	15	0	0.003
USC00297614	2005	2	10	16	0	0.004
USC00297614	2005	2	10	17	0	0.003
USC00297614	2005	2	10	20	0	0.001
USC00297614	2005	2	10	23	0	0.003
USC00297614	2005	2	10	24	0	0.003
USC00297614	2005	2	11	1	0	0.005
USC00297614	2005	2	11	2	0	0.004
USC00297614	2005	2	11	3	0	0.003
USC00297614	2005	2	11	4	0	0.003
USC00297614	2005	2	11	5	0	0.013
USC00297614	2005	2	11	6	0	0.02
USC00297614	2005	2	11	7	0	0.01
USC00297614	2005	2	11	8	0	0.006
USC00297614	2005	2	11	9	0	0.007
USC00297614	2005	2	11	10	0	0.005
USC00297614	2005	2	11	18	0	0.004
USC00297614	2005	2	11	19	0	0.005
USC00297614	2005	2	11	20	0	0.016
USC00297614	2005	2	11	21	0	0.008
USC00297614	2005	2	12	5	0	0.001
USC00297614	2005	2	12	9	0	0.008
USC00297614	2005	2	12	12	0	0.008
USC00297614	2005	2	19	14	0	0.003
USC00297614	2005	2	23	12	0	0.009
USC00297614	2005	2	23	16	0	0.029
USC00297614	2005	2	23	17	0	0.014
USC00297614	2005	2	23	24	0	0.008
USC00297614	2005	2	24	1	0	0.006
USC00297614	2005	2	24	2	0	0.002
USC00297614	2005	2	24	4	0	0.002
USC00297614	2005	2	24	5	0	0.01
USC00297614	2005	2	24	6	0	0.006
USC00297614	2005	2	24	7	0	0.01
USC00297614	2005	2	24	8	0	0.028
USC00297614	2005	2	24	9	0	0.015
USC00297614	2005	2	24	10	0	0.012
USC00297614	2005	2	24	11	0	0.018
USC00297614	2005	2	24	12	0	0.015
USC00297614	2005	2	24	13	0	0.004
USC00297614	2005	2	24	14	0	0.01
USC00297614	2005	2	24	15	0	0.004
USC00297614	2005	2	24	16	0	0.003
USC00297614	2005	2	24	18	0	0.002
USC00297614	2005	2	24	19	0	0.003
USC00297614	2005	2	25	9	0	0.001
USC00297614	2005	2	25	10	0	0.01
USC00297614	2005	3	5	10	0	0.003
USC00297614	2005	3	5	11	0	0.008
USC00297614	2005	3	5	12	0	0.005
USC00297614	2005	3	6	6	0	0.007
USC00297614	2005	3	6	7	0	0.006
USC00297614	2005	3	6	8	0	0.007
USC00297614	2005	3	6	9	0	0.006
USC00297614	2005	3	6	10	0	0.007
USC00297614	2005	3	6	11	0	0.04
USC00297614	2005	3	6	12	0	0.001
USC00297614	2005	3	6	16	0	0.011
USC00297614	2005	3	6	17	0	0.008
USC00297614	2005	3	6	19	0	0.005
USC00297614	2005	3	6	20	0	0.004
USC00297614	2005	3	13	21	0	0.004
USC00297614	2005	3	14	24	0	0.07
USC00297614	2005	3	15	1	0	0.09
USC00297614	2005	3	15	2	0	0.023
USC00297614	2005	3	15	3	0	0.031
USC00297614	2005	3	15	4	0	0.023
USC00297614	2005	3	15	5	0	0.008
USC00297614	2005	3	15	6	0	0.009
USC00297614	2005	3	15	7	0	0.013
USC00297614	2005	3	15	8	0	0.016
USC00297614	2005	3	15	9	0	0.012
USC00297614	2005	3	15	10	0	0.001
USC00297614	2005	3	15	11	0	0.009
USC00297614	2005	3	15	12	0	0.03
USC00297614	2005	3	15	13	0	0.073
USC00297614	2005	3	15	14	0	0.016
USC00297614	2005	3	15	15	0	0.006
USC00297614	2005	3	15	17	0	0.004
USC00297614	2005	3	26	7	0	0.001
USC00297614	2005	3	26	8	0	0.009
USC00297614	2005	3	26	9	0	0.001
USC00297614	2005	3	26	15	0	0.067
USC00297614	2005	3	26	16	0	0.032
USC00297614	2005	3	26	17	0	0.022
USC00297614	2005	3	31	13	0	0.001
USC00297614	2005	3	31	15	0	0.001
USC00297614	2005	3	31	16	0	0.001
USC00297614	2005	4	14	21	0	0.002
USC00297614	2005	4	17	1	0	0.034
USC00297614	2005	4	17	2	0	0.021
USC00297614	2005	4	17	14	0	0.001
USC00297614	2005	4	17	15	0	0.017
USC00297614	2005	4	17	16	0	0.003
USC00297614	2005	4	24	7	0	0.01
USC00297614	2005	4	24	8	0	0.046
USC00297614	2005	4	24	10	0	0.011
USC00297614	2005	4	24	11	0	0.012
USC00297614	2005	4	24	12	0	0.002
USC00297614	2005	4	25	17	0	0.002
USC00297614	2005	4	29	18	0	0.005
USC00297614	2005	4	29	19	0	0.012
USC00297614	2005	4	29	20	0	0.023
USC00297614	2005	4	29	21	0	0.069
USC00297614	2005	4	29	22	0	0.019
USC00297614	2005	5	2	9	0	0.004
USC00297614	2005	5	2	10	0	0.004
USC00297614	2005	5	3	21	0	0.002
USC00297614	2005	5	3	22	0	0.011
USC00297614	2005	5	6	3	0	0.001
USC00297614	2005	5	15	1	0	0.022
USC00297614	2005	5	15	2	0	0.023
USC00297614	2005	5	15	3	0	0.018
USC00297614	2005	5	15	4	0	0.19
USC00297614	2005	5	15	5	0	0.045
USC00297614	2005	5	15	6	0	0.01
USC00297614	2005	5	15	7	0	0.021
USC00297614	2005	5	15	8	0	0.048
USC00297614	2005	5	15	9	0	0.03
USC00297614	2005	5	15	10	0	0.003
USC00297614	2005	5	15	16	0	0.004
USC00297614	2005	5	15	17	0	0.036
USC00297614	2005	5	15	18	0	0.059
USC00297614	2005	5	15	19	0	0.048
USC00297614	2005	5	25	22	0	0.006
USC00297614	2005	5	25	23	0	0.042
USC00297614	2005	5	25	24	0	0.006
USC00297614	2005	5	26	7	0	0.002
USC00297614	2005	5	27	22	0	0.021
USC00297614	2005	5	27	23	0	0.032
USC00297614	2005	5	27	24	0	0.099
USC00297614	2005	5	28	1	0	0.009
USC00297614	2005	5	28	4	0	0.008
USC00297614	2005	5	28	6	0	0.002
USC00297614	2005	5	28	8	0	0.002
USC00297614	2005	5	29	16	0	0.01
USC00297614	2005	5	29	17	0	0.006
USC00297614	2005	5	30	18	0	0.072
USC00297614	2005	5	30	19	0	0.14
USC00297614	2005	5	30	20	0	0.004
USC00297614	2005	5	30	22	0	0.003
USC00297614	2005	5	31	3	0	0.003
USC00297614	2005	6	14	6	0	0.300
USC00297614	2005	7	27	2	0	0.100
USC00297614	2005	7	27	16	0	0.100
USC00297614	2005	8	4	23	0	0.200
USC00297614	2005	8	6	16	0	0.100
USC00297614	2005	8	13	24	0	0.200
USC00297614	2005	8	14	2	0	0.200
USC00297614	2005	8	14	6	0	0.100
USC00297614	2005	8	14	8	0	0.500
USC00297614	2005	8	14	9	0	0.800
USC00297614	2005	8	14	10	0	0.200
USC00297614	2005	8	14	11	0	0.100
USC00297614	2005	8	14	12	0	0.100
USC00297614	2005	8	15	1	0	0.100
USC00297614	2005	8	15	6	0	0.100
USC00297614	2005	8	18	18	0	0.100
USC00297614	2005	8	18	19	0	0.200
USC00297614	2005	8	18	21	0	0.100
USC00297614	2005	8	20	19	0	0.100
USC00297614	2005	8	20	21	0	0.100
USC00297614	2005	8	20	22	0	0.200
USC00297614	2005	8	20	23	0	0.100
USC00297614	2005	8	21	2	0	0.100
USC00297614	2005	8	21	10	0	0.100
USC00297614	2005	8	23	14	0	0.300
USC00297614	2005	8	23	15	0	0.100
USC00297614	2005	8	23	16	0	0.100
USC00297614	2005	8	24	8	0	0.100
USC00297614	2005	8	27	24	0	0.400
USC00297614	2005	8	28	1	0	0.400
USC00297614	2005	8	28	3	0	0.100
USC00297614	2005	9	1	22	0	0.114
USC00297614	2005	9	1	23	0	0.097
USC00297614	2005	9	1	24	0	0.065
USC00297614	2005	9	2	1	0	0.003
USC00297614	2005	9	2	2	0	0.003
USC00297614	2005	9	2	4	0	0.02
USC00297614	2005	9	4	18	0	0.003
USC00297614	2005	9	4	19	0	0.001
USC00297614	2005	9	4	20	0	0.017
USC00297614	2005	9	4	21	0	0.033
USC00297614	2005	9	4	22	0	0.01
USC00297614	2005	9	4	23	0	0.001
USC00297614	2005	9	10	14	0	0.002
USC00297614	2005	9	10	15	0	0.004
USC00297614	2005	9	11	13	0	0.015
USC00297614	2005	9	11	14	0	0.005
USC00297614	2005	9	11	15	0	0.001
USC00297614	2005	9	11	16	0	0.002
USC00297614	2005	9	29	23	0	0.017
USC00297614	2005	9	29	24	0	0.005
USC00297614	2005	9	30	1	0	0.004
USC00297614	2005	9	30	2	0	0.011
USC00297614	2005	9	30	3	0	0.013
USC00297614	2005	9	30	4	0	0.014
USC00297614	2005	10	4	16	0	0.039
USC00297614	2005	10	4	17	0	0.11
USC00297614	2005	10	5	17	0	0.14
USC00297614	2005	10	5	18	0	0.163
USC00297614	2005	10	5	19	0	0.062
USC00297614	2005	10	5	20	0	0.027
USC00297614	2005	10	5	21	0	0.017
USC00297614	2005	10	5	23	0	0.01
USC00297614	2005	10	5	24	0	0.004
USC00297614	2005	10	6	1	0	0.003
USC00297614	2005	10	6	8	0	0.002
USC00297614	2005	10	6	9	0	0.048
USC00297614	2005	10	6	10	0	0.071
USC00297614	2005	10	6	11	0	0.008
USC00297614	2005	10	6	12	0	0.005
USC00297614	2005	10	6	13	0	0.143
USC00297614	2005	10	6	14	0	0.003
USC00297614	2005	10	6	15	0	0.013
USC00297614	2005	10	6	16	0	0.001
USC00297614	2005	10	6	17	0	0.021
USC00297614	2005	10	9	6	0	0.003
USC00297614	2005	10	9	7	0	0.01
USC00297614	2005	10	9	8	0	0.004
USC00297614	2005	10	9	9	0	0.084
USC00297614	2005	10	9	10	0	0.011
USC00297614	2005	10	9	11	0	0.003
USC00297614	2005	10	9	14	0	0.024
USC00297614	2005	10	9	15	0	0.003
USC00297614	2005	10	9	17	0	0.004
USC00297614	2005	10	9	18	0	0.034
USC00297614	2005	10	9	19	0	0.031
USC00297614	2005	10	9	20	0	0.005
USC00297614	2005	10	9	21	0	0.003
USC00297614	2005	10	9	22	0	0.001
USC00297614	2005	10	9	24	0	0.001
USC00297614	2005	10	10	2	0	0.001
USC00297614	2005	10	10	14	0	0.015
USC00297614	2005	10	10	15	0	0.006
USC00297614	2005	10	10	16	0	0.002
USC00297614	2005	10	15	12	0	0.200
USC00297614	2005	10	15	16	0	0.100
USC00297614	2005	10	15	17	0	0.100
USC00297614	2006	2	24	22	0	0.100
USC00297614	2006	4	22	15	0	0.018
USC00297614	2006	4	22	16	0	0.078
USC00297614	2006	4	22	17	0	0.044
USC00297614	2006	4	22	18	0	0.06
USC00297614	2006	4	22	19	0	0.001
USC00297614	2006	4	27	19	0	0.057
USC00297614	2006	4	27	20	0	0.005
USC00297614	2006	4	28	19	0	0.005
USC00297614	2006	4	28	20	0	0.051
USC00297614	2006	4	28	21	0	0.053
USC00297614	2006	4	28	22	0	0.041
USC00297614	2006	4	28	23	0	0.008
USC00297614	2006	4	29	1	0	0.002
USC00297614	2006	4	29	6	0	0.002
USC00297614	2006	4	29	7	0	0.002
USC00297614	2006	4	29	9	0	0.002
USC00297614	2006	4	29	10	0	0.002
USC00297614	2006	4	29	11	0	0.006
USC00297614	2006	4	29	12	0	0.003
USC00297614	2006	4	29	13	0	0.002
USC00297614	2006	4	29	14	0	0.002
USC00297614	2006	5	14	19	0	0.100
USC00297614	2006	5	15	4	0	0.100
USC00297614	2006	5	15	5	0	0.100
USC00297614	2006	5	15	6	0	0.100
USC00297614	2006	5	17	16	0	0.100
USC00297614	2006	6	15	15	0	0.100
USC00297614	2006	6	25	23	0	0.500
USC00297614	2006	6	25	24	0	0.200
USC00297614	2006	6	26	1	0	0.200
USC00297614	2006	6	26	2	0	0.100
USC00297614	2006	6	26	3	0	0.100
USC00297614	2006	6	26	4	0	0.100
USC00297614	2006	6	26	6	0	0.100
USC00297614	2006	7	24	19	0	0.100
USC00297614	2006	7	28	6	0	0.100
USC00297614	2006	7	28	7	0	0.100
USC00297614	2006	7	28	8	0	0.100
USC00297614	2006	7	28	10	0	0.100
USC00297614	2006	7	28	11	0	0.100
USC00297614	2006	7	28	12	0	0.100
USC00297614	2006	7	28	13	0	0.100
USC00297614	2006	7	28	16	0	0.100
USC00297614	2006	7	29	7	0	0.100
USC00297614	2006	8	3	3	0	0.100
USC00297614	2006	8	14	6	0	0.100
USC00297614	2006	8	14	9	0	0.100
USC00297614	2006	8	15	3	0	0.100
USC00297614	2006	8	15	6	0	0.200
USC00297614	2006	8	15	7	0	0.300
USC00297614	2006	8	15	8	0	0.200
USC00297614	2006	8	15	9	0	0.100
USC00297614	2006	8	15	10	0	0.100
USC00297614	2006	8	15	24	0	0.300
USC00297614	2006	8	16	1	0	0.300
USC00297614	2006	8	16	2	0	0.100
USC00297614	2006	8	18	17	0	0.100
USC00297614	2006	8	21	24	0	0.100
USC00297614	2006	8	22	1	0	0.100
USC00297614	2006	8	22	2	0	0.500
USC00297614	2006	8	22	3	0	0.200
USC00297614	2006	8	22	4	0	0.100
USC00297614	2006	8	22	6	0	0.400
USC00297614	2006	8	22	12	0	0.100
USC00297614	2006	9	3	1	0	0.100
USC00297614	2006	9	3	3	0	0.100
USC00297614	2006	9	3	4	0	0.100
USC00297614	2006	9	3	5	0	0.200
USC00297614	2006	9	3	6	0	0.100
USC00297614	2006	9	3	7	0	0.100
USC00297614	2006	9	3	8	0	0.100
USC00297614	2006	9	3	9	0	0.200
USC00297614	2006	9	3	11	0	0.200
USC00297614	2006	9	3	12	0	0.100
USC00297614	2006	9	3	13	0	0.300
USC00297614	2006	9	3	14	0	0.200
USC00297614	2006	9	3	15	0	0.400
USC00297614	2006	9	3	16	0	0.100
USC00297614	2006	9	3	17	0	0.100
USC00297614	2006	9	3	19	0	0.100
USC00297614	2006	9	3	20	0	0.100
USC00297614	2006	9	3	23	0	0.100
USC00297614	2006	9	4	1	0	0.100
USC00297614	2006	9	4	5	0	0.100
USC00297614	2006	9	4	8	0	0.100
USC00297614	2006	9	4	11	0	0.100
USC00297614	2006	9	4	14	0	0.100
USC00297614	2006	9	4	15	0	0.100
USC00297614	2006	9	5	24	0	0.100
USC00297614	2006	9	14	13	0	0.100
USC00297614	2006	10	7	18	0	0.100
USC00297614	2006	10	7	20	0	0.100
USC00297614	2006	10	8	5	0	0.100
USC00297614	2006	10	9	9	0	0.100
USC00297614	2006	10	9	13	0	0.100
USC00297614	2006	10	9	16	0	0.100
USC00297614	2006	10	9	22	0	0.100
USC00297614	2006	10	9	23	0	0.100
USC00297614	2006	10	10	10	0	0.100
USC00297614	2006	10	15	5	0	0.100
USC00297614	2006	10	15	6	0	0.100
USC00297614	2006	10	15	7	0	0.100
USC00297614	2006	10	18	17	0	0.100
USC00297614	2006	10	18	18	0	0.200
USC00297614	2006	10	18	19	0	0.100
USC00297614	2006	10	18	20	0	0.100
USC00297614	2006	10	18	21	0	0.100
USC00297614	2006	10	18	22	0	0.100
USC00297614	2007	1	18	17	0	0.100
USC00297614	2007	1	19	15	0	0.100
USC00297614	2007	1	19	23	0	0.100
USC00297614	2007	1	20	2	0	0.100
USC00297614	2007	1	20	3	0	0.100
USC00297614	2007	1	20	6	0	0.100
USC00297614	2007	1	20	8	0	0.100
USC00297614	2007	1	20	13	0	0.100
USC00297614	2007	2	14	3	0	0.100
USC00297614	2007	2	16	22	0	0.100
USC00297614	2007	3	12	10	0	0.200
USC00297614	2007	3	12	11	0	0.100
USC00297614	2007	3	12	21	0	0.100
USC00297614	2007	3	23	2	0	0.100
USC00297614	2007	3	23	13	0	0.300
USC00297614	2007	3	23	14	0	0.200
USC00297614	2007	3	23	16	0	0.100
USC00297614	2007	3	23	18	0	0.100
USC00297614	2007	3	25	12	0	0.100
USC00297614	2007	3	30	13	0	0.100
USC00297614	2007	4	7	3	0	0.100
USC00297614	2007	4	9	15	0	0.200
USC00297614	2007	4	9	17	0	0.100
USC00297614	2007	4	13	14	0	0.100
USC00297614	2007	4	29	10	0	0.400
USC00297614	2007	4	29	11	0	0.500
USC00297614	2007	4	29	12	0	0.100
USC00297614	2007	5	2	2	0	0.100
USC00297614	2007	5	2	3	0	0.400
USC00297614	2007	5	2	4	0	0.300
USC00297614	2007	5	2	5	0	0.100
USC00297614	2007	5	3	9	0	0.100
USC00297614	2007	5	8	5	0	0.300
USC00297614	2007	5	8	6	0	0.300
USC00297614	2007	5	8	7	0	0.300
USC00297614	2007	5	8	8	0	0.100
USC00297614	2007	5	9	13	0	0.100
USC00297614	2007	5	17	18	0	0.100
USC00297614	2007	5	18	5	0	0.100
USC00297614	2007	5	27	10	0	0.100
USC00297614	2007	6	3	15	0	0.04
USC00297614	2007	6	3	21	0	0.053
USC00297614	2007	6	4	17	0	0.001
USC00297614	2007	6	4	18	0	0.016
USC00297614	2007	6	4	19	0	0.052
USC00297614	2007	6	6	11	0	0.003
USC00297614	2007	6	10	12	0	0.004
USC00297614	2007	6	11	17	0	0.052
USC00297614	2007	6	11	18	0	0.055
USC00297614	2007	6	11	20	0	0.012
USC00297614	2007	6	11	22	0	0.001
USC00297614	2007	6	16	12	0	0.005
USC00297614	2007	6	17	15	0	0.004
USC00297614	2007	6	17	16	0	0.001
USC00297614	2007	6	17	18	0	0.002
USC00297614	2007	6	17	19	0	0.001
USC00297614	2007	6	18	12	0	0.004
USC00297614	2007	6	19	17	0	0.001
USC00297614	2007	6	19	18	0	0.001
USC00297614	2007	6	20	10	0	0.004
USC00297614	2007	6	20	11	0	0.013
USC00297614	2007	6	20	12	0	0.084
USC00297614	2007	6	20	13	0	0.003
USC00297614	2007	6	23	18	0	0.028
USC00297614	2007	6	23	19	0	0.311
USC00297614	2007	6	23	20	0	0.027
USC00297614	2007	6	23	21	0	0.03
USC00297614	2007	6	23	22	0	0.018
USC00297614	2007	6	23	23	0	0.004
USC00297614	2007	6	26	20	0	0.033
USC00297614	2007	6	27	24	0	0.131
USC00297614	2007	6	28	1	0	0.33
USC00297614	2007	6	28	2	0	0.29
USC00297614	2007	6	28	3	0	0.184
USC00297614	2007	6	28	4	0	0.013
USC00297614	2007	7	2	11	0	0.100
USC00297614	2007	7	2	12	0	0.100
USC00297614	2007	7	5	16	0	0.100
USC00297614	2007	7	6	9	0	0.100
USC00297614	2007	7	10	20	0	0.700
USC00297614	2007	7	10	21	0	1.200
USC00297614	2007	7	11	16	0	0.100
USC00297614	2007	7	11	18	0	0.100
USC00297614	2007	7	21	2	0	0.800
USC00297614	2007	7	25	22	0	0.100
USC00297614	2007	7	29	22	0	0.100
USC00297614	2007	8	1	20	0	0.100
USC00297614	2007	8	1	22	0	0.100
USC00297614	2007	8	1	24	0	0.100
USC00297614	2007	8	2	10	0	0.100
USC00297614	2007	8	3	1	0	0.100
USC00297614	2007	8	3	3	0	0.300
USC00297614	2007	8	3	11	0	0.100
USC00297614	2007	8	3	21	0	0.100
USC00297614	2007	9	10	21	0	0.400
USC00297614	2007	9	10	22	0	0.100
USC00297614	2007	9	11	2	0	0.100
USC00297614	2007	9	20	14	0	0.100
USC00297614	2007	9	20	21	0	0.100
USC00297614	2007	9	20	23	0	0.100
USC00297614	2007	9	20	24	0	0.100
USC00297614	2007	9	28	13	0	0.100
USC00297614	2007	9	29	20	0	0.100
USC00297614	2007	9	29	21	0	0.100
USC00297614	2007	11	24	13	0	0.100
USC00297614	2007	11	24	14	0	0.100
USC00297614	2007	11	25	10	0	0.100
USC00297614	2007	11	25	11	0	0.100
USC00297614	2007	11	25	12	0	0.100
USC00297614	2007	12	11	13	0	0.100
USC00297614	2007	12	14	11	0	0.100
USC00297614	2007	12	14	18	0	0.100
USC00297614	2007	12	21	13	0	0.100
USC00297614	2007	12	21	14	0	0.100
USC00297614	2007	12	21	17	0	0.100
USC00297614	2008	5	5	20	0	0.500
USC00297614	2008	5	6	16	0	0.100
USC00297614	2008	5	8	13	0	0.100
USC00297614	2008	5	13	8	0	0.100
USC00297614	2008	5	15	10	0	0.300
USC00297614	2008	5	15	11	0	0.300
USC00297614	2008	5	15	12	0	0.100
USC00297614	2008	5	15	13	0	0.100
USC00297614	2008	5	17	6	0	0.100
USC00297614	2008	6	20	23	0	0.200
USC00297614	2008	6	28	21	0	0.500
USC00297614	2008	6	28	22	0	0.500
USC00297614	2008	6	28	24	0	0.100
USC00297614	2008	6	29	1	0	0.100
USC00297614	2008	6	29	14	0	0.300
USC00297614	2008	7	8	21	0	0.300
USC00297614	2008	7	9	23	0	0.100
USC00297614	2008	7	10	2	0	0.200
USC00297614	2008	7	10	7	0	0.100
USC00297614	2008	7	10	9	0	0.100
USC00297614	2008	7	10	10	0	0.100
USC00297614	2008	7	12	14	0	0.300
USC00297614	2008	7	12	15	0	0.200
USC00297614	2008	7	16	2	0	0.400
USC00297614	2008	7	16	3	0	0.500
USC00297614	2008	7	16	4	0	0.100
USC00297614	2008	7	27	10	0	0.100
USC00297614	2008	7	30	17	0	0.100
USC00297614	2008	8	6	20	0	0.100
USC00297614	2008	8	7	17	0	0.100
USC00297614	2008	8	8	3	0	0.200
USC00297614	2008	8	8	4	0	0.200
USC00297614	2008	8	8	5	0	0.100
USC00297614	2008	8	10	24	0	0.100
USC00297614	2008	8	11	3	0	0.100
USC00297614	2008	8	12	10	0	0.100
USC00297614	2008	8	15	23	0	1.200
USC00297614	2008	8	15	24	0	0.100
USC00297614	2008	8	16	2	0	0.600
USC00297614	2008	8	16	3	0	1.200
USC00297614	2008	8	16	4	0	0.200
USC00297614	2008	8	16	5	0	0.100
USC00297614	2008	8	16	6	0	0.100
USC00297614	2008	8	16	20	0	0.100
USC00297614	2008	8	16	22	0	0.100
USC00297614	2008	8	29	15	0	0.200
USC00297614	2008	8	29	16	0	0.100
USC00297614	2008	8	30	15	0	0.100
USC00297614	2008	8	30	20	0	0.100
USC00297614	2008	8	30	22	0	0.300
USC00297614	2008	8	30	23	0	0.100
USC00297614	2008	9	11	12	0	0.100
USC00297614	2008	9	11	13	0	0.200
USC00297614	2008	9	11	14	0	0.100
USC00297614	2008	9	11	15	0	0.100
USC00297614	2008	9	11	20	0	0.100
USC00297614	2008	9	12	1	0	0.100
USC00297614	2008	9	14	2	0	0.300
USC00297614	2008	9	14	3	0	0.900
USC00297614	2008	9	14	4	0	0.100
USC00297614	2008	9	14	5	0	0.200
USC00297614	2008	9	14	6	0	0.100
USC00297614	2008	10	5	15	0	0.100
USC00297614	2008	10	11	21	0	0.100
USC00297614	2008	10	11	22	0	0.100
USC00297614	2008	10	11	23	0	0.100
USC00297614	2008	10	11	24	0	0.100
USC00297614	2008	10	12	7	0	0.100
USC00297614	2008	10	12	10	0	0.100
USC00297614	2008	10	13	23	0	0.100
USC00297614	2008	10	15	14	0	0.100
USC00297614	2009	3	20	19	0	0.200
USC00297614	2009	5	21	23	0	0.100
USC00297614	2009	5	22	3	0	0.100
USC00297614	2009	5	22	15	0	0.100
USC00297614	2009	5	24	10	0	0.100
USC00297614	2009	5	31	15	0	0.100
USC00297614	2009	6	1	1	0	0.100
USC00297614	2009	6	22	18	0	0.100
USC00297614	2009	6	22	20	0	0.100
USC00297614	2009	6	27	15	0	0.300
USC00297614	2009	6	27	16	0	0.100
USC00297614	2009	6	29	23	0	0.200
USC00297614	2009	6	29	24	0	0.100
USC00297614	2009	7	4	23	0	0.100
USC00297614	2009	7	5	21	0	0.100
USC00297614	2009	7	6	7	0	0.100
USC00297614	2009	7	6	21	0	0.300
USC00297614	2009	7	6	22	0	0.300
USC00297614	2009	7	19	23	0	0.100
USC00297614	2009	7	22	1	0	0.100
USC00297614	2009	7	22	2	0	0.200
USC00297614	2009	7	22	3	0	0.200
USC00297614	2009	7	22	4	0	0.200
USC00297614	2009	7	22	5	0	0.200
USC00297614	2009	7	22	7	0	0.100
USC00297614	2009	7	24	16	0	0.100
USC00297614	2009	7	30	19	0	0.600
USC00297614	2009	7	30	21	0	0.100
USC00297614	2009	8	14	13	0	0.200
USC00297614	2009	8	24	15	0	0.200
USC00297614	2009	8	24	17	0	0.100
USC00297614	2009	8	24	19	0	0.100
USC00297614	2009	9	4	2	0	0.100
USC00297614	2009	9	10	3	0	0.100
USC00297614	2009	9	11	19	0	0.100
USC00297614	2009	9	11	20	0	0.300
USC00297614	2009	9	12	24	0	0.100
USC00297614	2009	9	21	20	0	0.200
USC00297614	2009	10	3	17	0	0.100
USC00297614	2009	10	20	20	0	0.200
USC00297614	2009	10	20	22	0	0.200
USC00297614	2009	10	20	23	0	0.200
USC00297614	2009	10	21	2	0	0.100
USC00297614	2009	10	26	2	0	0.100
USC00297614	2009	11	10	8	0	0.100
USC00297614	2009	11	28	23	0	0.100
USC00297614	2009	11	28	24	0	0.100
USC00297614	2009	11	29	7	0	0.100
USC00297614	2009	11	30	23	0	0.100
USC00297614	2009	11	30	24	0	0.100
USC00297614	2009	12	1	1	0	0.200
USC00297614	2009	12	1	5	0	0.200
USC00297614	2009	12	3	17	0	0.100
USC00297614	2009	12	4	9	0	0.100
USC00297614	2009	12	5	11	0	0.003
USC00297614	2009	12	5	12	0	0.007
USC00297614	2009	12	5	13	0	0.007
USC00297614	2009	12	5	14	0	0.016
USC00297614	2009	12	24	2	0	0.100
USC00297614	2010	1	28	2	0	0.100
USC00297614	2010	1	28	3	0	0.200
USC00297614	2010	1	28	5	0	0.100
USC00297614	2010	1	28	9	0	0.100
USC00297614	2010	2	3	6	0	0.100
USC00297614	2010	2	3	8	0	0.200
USC00297614	2010	2	3	9	0	0.100
USC00297614	2010	2	3	10	0	0.100
USC00297614	2010	2	3	12	0	0.100
USC00297614	2010	2	3	13	0	0.100
USC00297614	2010	2	3	19	0	0.100
USC00297614	2010	2	4	10	0	0.100
USC00297614	2010	2	28	23	0	0.100
USC00297614	2010	3	7	22	0	0.100
USC00297614	2010	3	7	23	0	0.100
USC00297614	2010	3	19	19	0	0.100
USC00297614	2010	3	19	22	0	0.100
USC00297614	2010	4	13	14	0	0.100
USC00297614	2010	4	14	5	0	0.100
USC00297614	2010	4	14	24	0	0.200
USC00297614	2010	4	15	1	0	0.200
USC00297614	2010	5	20	10	0	0.100
USC00297614	2010	6	6	23	0	1.100
USC00297614	2010	6	6	24	0	0.100
USC00297614	2010	6	7	15	0	0.100
USC00297614	2010	6	23	16	0	0.100
USC00297614	2010	6	23	17	0	0.800
USC00297614	2010	6	23	18	0	0.200
USC00297614	2010	6	23	20	0	0.100
USC00297614	2010	6	23	22	0	0.200
USC00297614	2010	6	23	23	0	0.100
USC00297614	2010	6	29	15	0	0.100
USC00297614	2010	6	30	10	0	0.100
USC00297614	2010	6	30	11	0	0.200
USC00297614	2010	6	30	12	0	0.400
USC00297614	2010	6	30	15	0	0.200
USC00297614	2010	6	30	16	0	0.100
USC00297614	2010	7	1	3	0	0.700
USC00297614	2010	7	1	4	0	0.200
USC00297614	2010	7	1	5	0	0.100
USC00297614	2010	7	1	7	0	0.100
USC00297614	2010	7	2	1	0	0.100
USC00297614	2010	7	3	2	0	0.014
USC00297614	2010	7	3	19	0	0.015
USC00297614	2010	7	3	20	0	0.016
USC00297614	2010	7	7	17	0	0.003
USC00297614	2010	7	7	22	0	0.002
USC00297614	2010	7	8	2	0	0.105
USC00297614	2010	7	8	3	0	0.019
USC00297614	2010	7	8	4	0	0.006
USC00297614	2010	7	8	5	0	0.033
USC00297614	2010	7	8	6	0	0.001
USC00297614	2010	7	8	7	0	0.001
USC00297614	2010	7	8	8	0	0.003
USC00297614	2010	7	8	22	0	0.001
USC00297614	2010	7	10	10	0	0.003
USC00297614	2010	7	11	15	0	0.001
USC00297614	2010	7	11	16	0	0.009
USC00297614	2010	7	11	20	0	0.002
USC00297614	2010	7	11	21	0	0.001
USC00297614	2010	7	11	22	0	0.009
USC00297614	2010	7	11	23	0	0.031
USC00297614	2010	7	11	24	0	0.021
USC00297614	2010	7	12	1	0	0.012
USC00297614	2010	7	12	2	0	0.004
USC00297614	2010	7	12	3	0	0.01
USC00297614	2010	7	14	23	0	0.204
USC00297614	2010	7	15	16	0	0.008
USC00297614	2010	7	15	17	0	0.002
USC00297614	2010	7	16	18	0	0.021
USC00297614	2010	7	22	16	0	0.045
USC00297614	2010	7	22	17	0	0.036
USC00297614	2010	7	22	18	0	0.003
USC00297614	2010	7	22	23	0	0.003
USC00297614	2010	7	23	20	0	0.001
USC00297614	2010	7	24	19	0	0.255
USC00297614	2010	7	24	20	0	0.155
USC00297614	2010	7	24	21	0	0.141
USC00297614	2010	7	24	22	0	0.057
USC00297614	2010	7	24	23	0	0.183
USC00297614	2010	7	24	24	0	0.021
USC00297614	2010	7	25	1	0	0.015
USC00297614	2010	7	25	2	0	0.004
USC00297614	2010	7	25	4	0	0.004
USC00297614	2010	7	25	6	0	0.013
USC00297614	2010	7	25	7	0	0.003
USC00297614	2010	7	25	8	0	0.003
USC00297614	2010	7	25	9	0	0.008
USC00297614	2010	7	25	10	0	0.013
USC00297614	2010	7	25	14	0	0.001
USC00297614	2010	7	28	9	0	0.025
USC00297614	2010	7	28	10	0	0.061
USC00297614	2010	7	28	11	0	0.038
USC00297614	2010	7	28	12	0	0.019
USC00297614	2010	7	28	16	0	0.001
USC00297614	2010	7	29	15	0	0.104
USC00297614	2010	7	29	16	0	0.021
USC00297614	2010	7	29	17	0	0.004
USC00297614	2010	8	4	17	0	0.013
USC00297614	2010	8	5	21	0	0.013
USC00297614	2010	8	5	22	0	0.003
USC00297614	2010	8	8	15	0	0.021
USC00297614	2010	8	8	16	0	0.029
USC00297614	2010	8	8	18	0	0.001
USC00297614	2010	8	13	18	0	0.100
USC00297614	2010	8	13	19	0	0.300
USC00297614	2010	8	16	2	0	0.200
USC00297614	2010	8	16	3	0	0.100
USC00297614	2010	8	16	4	0	0.500
USC00297614	2010	8	16	16	0	0.100
USC00297614	2010	8	21	16	0	0.300
USC00297614	2010	8	21	17	0	0.700
USC00297614	2010	8	22	16	0	0.100
USC00297614	2010	8	24	13	0	0.100
USC00297614	2010	8	24	15	0	0.100
USC00297614	2010	8	30	1	0	0.100
USC00297614	2010	8	30	3	0	0.100
USC00297614	2010	8	30	4	0	0.200
USC00297614	2010	8	30	13	0	0.100
USC00297614	2010	9	3	4	0	0.800
USC00297614	2010	9	3	5	0	0.100
USC00297614	2010	9	4	17	0	0.100
USC00297614	2010	9	9	14	0	0.200
USC00297614	2010	9	16	20	0	0.100
USC00297614	2010	9	17	16	0	1.900
USC00297614	2010	9	22	20	0	0.100
USC00297614	2010	9	22	21	0	0.200
USC00297614	2010	9	23	1	0	0.100
USC00297614	2010	9	23	7	0	0.100
USC00297614	2010	9	23	13	0	0.100
USC00297614	2010	9	29	17	0	0.400
USC00297614	2010	10	3	4	0	0.066
USC00297614	2010	10	3	5	0	0.012
USC00297614	2010	10	3	7	0	0.007
USC00297614	2010	10	3	24	0	0.003
USC00297614	2010	10	4	1	0	0.051
USC00297614	2010	10	4	2	0	0.023
USC00297614	2010	10	4	3	0	0.002
USC00297614	2010	10	4	4	0	0.002
USC00297614	2010	10	4	5	0	0.002
USC00297614	2010	10	17	14	0	0.001
USC00297614	2010	10	18	16	0	0.015
USC00297614	2010	10	18	19	0	0.002
USC00297614	2010	10	20	23	0	0.055
USC00297614	2010	10	21	4	0	0.023
USC00297614	2010	10	21	5	0	0.107
USC00297614	2010	10	21	6	0	0.475
USC00297614	2010	11	29	20	0	0.001
USC00297614	2010	12	23	5	0	0.001
USC00297614	2010	12	23	21	0	0.007
USC00297614	2010	12	30	17	0	0.002
USC00297614	2011	4	29	13	0	0.003
USC00297614	2011	7	13	14	0	0.300
USC00297614	2011	7	13	15	0	0.400
USC00297614	2011	7	15	18	0	0.100
USC00297614	2011	7	21	22	0	0.200
USC00297614	2011	7	29	16	0	0.100
USC00297614	2011	8	11	17	0	0.100
USC00297614	2011	8	11	18	0	0.200
USC00297614	2011	8	21	17	0	0.100
USC00297614	2011	9	4	7	0	0.300
USC00297614	2011	9	12	16	0	0.100
USC00297614	2011	9	14	9	0	0.002
USC00297614	2011	9	14	10	0	0.028
USC00297614	2011	9	14	16	0	0.002
USC00297614	2011	9	14	21	0	0.007
USC00297614	2011	9	14	22	0	0.077
USC00297614	2011	9	14	23	0	0.036
USC00297614	2011	9	14	24	0	0.038
USC00297614	2011	9	15	1	0	0.178
USC00297614	2011	9	15	2	0	0.124
USC00297614	2011	9	15	3	0	0.072
USC00297614	2011	9	15	5	0	0.002
USC00297614	2011	9	15	6	0	0.002
USC00297614	2011	9	15	7	0	0.001
USC00297614	2011	9	15	19	0	0.01
USC00297614	2011	9	15	20	0	0.006
USC00297614	2011	9	15	21	0	0.064
USC00297614	2011	9	15	22	0	0.104
USC00297614	2011	9	16	13	0	0.005
USC00297614	2011	9	16	14	0	0.055
USC00297614	2011	9	17	11	0	0.001
USC00297614	2011	9	17	12	0	0.002
USC00297614	2011	9	17	14	0	0.017
USC00297614	2011	9	17	15	0	0.003
USC00297614	2011	9	17	16	0	0.022
USC00297614	2011	9	17	17	0	0.002
USC00297614	2011	9	17	18	0	0.007
USC00297614	2011	9	22	3	0	0.006
USC00297614	2011	9	29	16	0	0.002
USC00297614	2011	10	4	19	0	0.018
USC00297614	2011	10	4	20	0	0.009
USC00297614	2011	10	4	21	0	0.011
USC00297614	2011	10	4	22	0	0.005
USC00297614	2011	10	5	5	0	0.187
USC00297614	2011	10	5	6	0	0.071
USC00297614	2011	10	5	7	0	0.014
USC00297614	2011	10	26	19	0	0.022
USC00297614	2011	10	26	20	0	0.064
USC00297614	2011	10	26	21	0	0.009
USC00297614	2011	10	26	22	0	0.007
USC00297614	2011	10	26	23	0	0.034
USC00297614	2011	10	26	24	0	0.149
USC00297614	2011	10	27	1	0	0.104
USC00297614	2011	10	27	2	0	0.039
USC00297614	2011	10	27	3	0	0.037
USC00297614	2011	10	27	4	0	0.014
USC00297614	2011	10	27	5	0	0.034
USC00297614	2011	10	27	6	0	0.029
USC00297614	2011	10	27	8	0	0.013
USC00297614	2011	10	27	10	0	0.008
USC00297614	2011	10	27	11	0	0.001
USC00297614	2011	10	27	12	0	0.001
USC00297614	2011	11	21	7	0	0.010
USC00297614	2011	11	21	21	0	0.010
USC00297614	2011	11	25	14	0	0.010
USC00297614	2011	11	25	15	0	0.010
USC00297614	2011	12	2	12	0	0.010
USC00297614	2011	12	3	7	0	0.010
USC00297614	2011	12	3	8	0	0.070
USC00297614	2011	12	3	9	0	0.030
USC00297614	2011	12	4	24	0	0.010
USC00297614	2011	12	5	1	0	0.010
USC00297614	2011	12	5	2	0	0.110
USC00297614	2011	12	5	3	0	0.020
USC00297614	2011	12	5	4	0	0.010
USC00297614	2011	12	5	5	0	0.030
USC00297614	2011	12	5	6	0	0.020
USC00297614	2011	12	5	7	0	0.040
USC00297614	2011	12	5	8	0	0.010
USC00297614	2011	12	5	9	0	0.020
USC00297614	2011	12	5	10	0	0.010
USC00297614	2011	12	5	11	0	0.020
USC00297614	2011	12	5	12	0	0.040
USC00297614	2011	12	5	13	0	0.010
USC00297614	2011	12	5	15	0	0.010
USC00297614	2011	12	5	16	0	0.010
USC00297614	2011	12	5	18	0	0.010
USC00297614	2011	12	5	19	0	0.010
USC00297614	2011	12	7	17	0	0.010
USC00297614	2011	12	13	3	0	0.010
USC00297614	2011	12	13	5	0	0.010
USC00297614	2011	12	13	12	0	0.010
USC00297614	2011	12	14	4	0	0.010
USC00297614	2011	12	19	7	0	0.010
USC00297614	2011	12	19	8	0	0.080
USC00297614	2011	12	19	9	0	0.030
USC00297614	2011	12	19	10	0	0.010
USC00297614	2011	12	19	11	0	0.010
USC00297614	2011	12	19	21	0	0.080
USC00297614	2011	12	19	22	0	0.020
USC00297614	2011	12	23	4	0	0.010
USC00297614	2011	12	23	7	0	0.020
USC00297614	2011	12	23	8	0	0.020
USC00297614	2011	12	23	10	0	0.010
USC00297614	2011	12	23	14	0	0.010
USC00297614	2011	12	23	17	0	0.020
USC00297614	2011	12	23	21	0	0.010
USC00297614	2011	12	23	24	0	0.010
USC00297614	2011	12	24	1	0	0.030
USC00297614	2011	12	24	2	0	0.030
USC00297614	2011	12	24	3	0	0.030
USC00297614	2011	12	24	4	0	0.010
USC00297614	2011	12	24	5	0	0.020
USC00297614	2011	12	24	6	0	0.010
USC00297614	2011	12	24	7	0	0.010
USC00297614	2011	12	24	8	0	0.010
USC00297614	2011	12	24	9	0	0.020
USC00297614	2011	12	24	10	0	0.030
USC00297614	2011	12	24	11	0	0.040
USC00297614	2011	12	24	12	0	0.060
USC00297614	2011	12	24	13	0	0.050
USC00297614	2011	12	24	14	0	0.050
USC00297614	2011	12	24	15	0	0.010
USC00297614	2011	12	24	16	0	0.020
USC00297614	2011	12	24	17	0	0.010
USC00297614	2011	12	24	18	0	0.010
USC00297614	2011	12	24	19	0	0.010
USC00297614	2011	12	24	20	0	0.020
USC00297614	2012	1	1	2	0	0.010
USC00297614	2012	1	1	14	0	0.010
USC00297614	2012	1	16	13	0	0.010
USC00297614	2012	1	22	14	0	0.010
USC00297614	2012	1	24	17	0	0.010
USC00297614	2012	2	2	15	0	0.010
USC00297614	2012	2	9	18	0	0.020
USC00297614	2012	2	10	16	0	0.010
USC00297614	2012	2	12	17	0	0.010
USC00297614	2012	2	17	11	0	0.010
USC00297614	2012	2	17	12	0	0.140
USC00297614	2012	2	17	13	0	0.060
USC00297614	2012	2	17	14	0	0.020
USC00297614	2012	2	18	10	0	0.010
USC00297614	2012	2	18	11	0	0.050
USC00297614	2012	2	18	12	0	0.010
USC00297614	2012	2	18	13	0	0.010
USC00297614	2012	2	19	12	0	0.010
USC00297614	2012	2	19	22	0	0.010
USC00297614	2012	2	25	16	0	0.010
USC00297614	2012	2	27	14	0	0.010
USC00297614	2012	2	29	15	0	0.010
USC00297614	2012	3	1	12	0	0.010
USC00297614	2012	3	9	15	0	0.010
USC00297614	2012	3	10	8	0	0.010
USC00297614	2012	3	10	15	0	0.010
USC00297614	2012	3	18	20	0	0.020
USC00297614	2012	3	19	18	0	0.010
USC00297614	2012	3	31	24	0	0.010
USC00297614	2012	4	12	5	0	0.010
USC00297614	2012	4	14	19	0	0.010
USC00297614	2012	4	14	20	0	0.010
USC00297614	2012	4	16	4	0	0.010
USC00297614	2012	4	17	4	0	0.010
USC00297614	2012	4	17	22	0	0.020
USC00297614	2012	4	18	7	0	0.010
USC00297614	2012	4	30	24	0	0.010
USC00297614	2012	5	7	12	0	0.010
USC00297614	2012	5	8	4	0	0.110
USC00297614	2012	5	8	5	0	0.020
USC00297614	2012	5	8	6	0	0.070
USC00297614	2012	5	8	7	0	0.020
USC00297614	2012	5	8	8	0	0.040
USC00297614	2012	5	8	9	0	0.010
USC00297614	2012	5	10	9	0	0.150
USC00297614	2012	5	10	10	0	0.020
USC00297614	2012	5	10	11	0	0.060
USC00297614	2012	5	10	12	0	0.080
USC00297614	2012	5	10	13	0	0.020
USC00297614	2012	5	10	15	0	0.020
USC00297614	2012	5	10	16	0	0.050
USC00297614	2012	5	10	17	0	0.020
USC00297614	2012	5	10	19	0	0.050
USC00297614	2012	5	10	20	0	0.230
USC00297614	2012	5	10	21	0	0.090
USC00297614	2012	5	10	22	0	0.030
USC00297614	2012	5	10	23	0	0.020
USC00297614	2012	5	11	1	0	0.010
USC00297614	2012	5	11	2	0	0.040
USC00297614	2012	5	11	3	0	0.080
USC00297614	2012	5	11	4	0	0.060
USC00297614	2012	5	11	5	0	0.030
USC00297614	2012	5	11	6	0	0.010
USC00297614	2012	5	13	2	0	0.040
USC00297614	2012	5	13	3	0	0.050
USC00297614	2012	5	13	9	0	0.030
USC00297614	2012	5	13	24	0	0.060
USC00297614	2012	5	14	2	0	0.080
USC00297614	2012	5	14	3	0	0.010
USC00297614	2012	5	14	6	0	0.010
USC00297614	2012	5	14	7	0	0.010
USC00297614	2012	5	14	9	0	0.010
USC00297614	2012	5	14	18	0	0.050
USC00297614	2012	5	14	19	0	0.040
USC00297614	2012	5	18	3	0	0.010
USC00297614	2012	5	19	13	0	0.010
USC00297614	2012	5	25	19	0	0.010
USC00297614	2012	5	25	20	0	0.010
USC00297614	2012	5	30	12	0	0.010
USC00297614	2012	6	1	14	0	0.010
USC00297614	2012	6	1	21	0	0.010
USC00297614	2012	6	10	22	0	0.020
USC00297614	2012	6	11	4	0	0.010
USC00297614	2012	6	16	2	0	0.010
USC00297614	2012	6	16	23	0	0.020
USC00297614	2012	6	28	24	0	0.010
USC00297614	2012	6	29	23	0	0.020
USC00297614	2012	7	1	4	0	0.010
USC00297614	2012	7	9	2	0	0.010
USC00297614	2012	7	9	8	0	0.060
USC00297614	2012	7	9	9	0	0.040
USC00297614	2012	7	9	10	0	0.130
USC00297614	2012	7	9	11	0	0.040
USC00297614	2012	7	9	12	0	0.030
USC00297614	2012	7	10	4	0	0.110
USC00297614	2012	7	10	5	0	0.010
USC00297614	2012	7	10	6	0	0.010
USC00297614	2012	7	10	7	0	0.030
USC00297614	2012	7	10	8	0	0.010
USC00297614	2012	7	10	20	0	0.040
USC00297614	2012	7	10	22	0	0.010
USC00297614	2012	7	14	8	0	0.010
USC00297614	2012	7	17	3	0	0.020
USC00297614	2012	7	17	4	0	0.030
USC00297614	2012	7	17	7	0	0.020
USC00297614	2012	7	18	2	0	0.010
USC00297614	2012	7	23	3	0	0.120
USC00297614	2012	7	23	13	0	0.010
USC00297614	2012	7	24	8	0	0.010
USC00297614	2012	7	29	20	0	0.020
USC00297614	2012	7	31	7	0	0.010
USC00297614	2012	8	1	5	0	0.010
USC00297614	2012	8	12	12	0	0.010
USC00297614	2012	8	13	4	0	0.060
USC00297614	2012	8	13	5	0	0.260
USC00297614	2012	8	13	6	0	0.120
USC00297614	2012	8	13	7	0	0.020
USC00297614	2012	8	13	8	0	0.010
USC00297614	2012	8	13	9	0	0.010
USC00297614	2012	8	14	5	0	0.010
USC00297614	2012	8	14	7	0	0.020
USC00297614	2012	8	14	13	0	0.010
USC00297614	2012	8	16	5	0	0.010
USC00297614	2012	8	16	7	0	0.180
USC00297614	2012	8	19	4	0	0.250
USC00297614	2012	8	21	3	0	0.020
USC00297614	2012	8	23	6	0	0.020
USC00297614	2012	8	23	7	0	0.170
USC00297614	2012	8	23	8	0	0.070
USC00297614	2012	8	23	21	0	0.010
USC00297614	2012	8	23	22	0	0.020
USC00297614	2012	8	23	23	0	0.020
USC00297614	2012	8	23	24	0	0.070
USC00297614	2012	8	24	1	0	0.060
USC00297614	2012	8	24	2	0	0.010
USC00297614	2012	8	24	3	0	0.080
USC00297614	2012	8	25	4	0	0.010
USC00297614	2012	8	30	12	0	0.010
USC00297614	2012	9	1	2	0	0.010
USC00297614	2012	9	7	3	0	0.010
USC00297614	2012	9	7	22	0	0.010
USC00297614	2012	9	7	23	0	0.130
USC00297614	2012	9	7	24	0	0.070
USC00297614	2012	9	8	8	0	0.010
USC00297614	2012	9	8	10	0	0.010
USC00297614	2012	9	8	23	0	0.020
USC00297614	2012	9	8	24	0	0.050
USC00297614	2012	9	9	1	0	0.020
USC00297614	2012	9	9	2	0	0.030
USC00297614	2012	9	9	8	0	0.010
USC00297614	2012	9	9	9	0	0.020
USC00297614	2012	9	12	19	0	0.010
USC00297614	2012	9	12	20	0	0.030
USC00297614	2012	9	13	8	0	0.030
USC00297614	2012	9	13	10	0	0.020
USC00297614	2012	9	13	11	0	0.060
USC00297614	2012	9	13	12	0	0.010
USC00297614	2012	9	13	13	0	0.020
USC00297614	2012	9	13	18	0	0.070
USC00297614	2012	9	13	19	0	0.050
USC00297614	2012	9	13	20	0	0.010
USC00297614	2012	9	13	21	0	0.010
USC00297614	2012	9	21	8	0	0.010
USC00297614	2012	9	28	20	0	0.340
USC00297614	2012	9	28	21	0	0.100
USC00297614	2012	9	28	22	0	0.080
USC00297614	2012	9	28	23	0	0.030
USC00297614	2012	9	29	6	0	0.010
USC00297614	2012	10	1	2	0	0.070
USC00297614	2012	10	2	4	0	0.010
USC00297614	2012	10	5	10	0	0.010
USC00297614	2012	10	12	8	0	0.020
USC00297614	2012	10	12	9	0	0.420
USC00297614	2012	10	12	10	0	0.090
USC00297614	2012	10	13	14	0	0.010
USC00297614	2012	10	17	10	0	0.010
USC00297614	2012	10	23	9	0	0.010
USC00297614	2012	11	2	15	0	0.010
USC00297614	2012	11	7	15	0	0.010
USC00297614	2012	11	10	14	0	0.010
USC00297614	2012	11	10	20	0	0.020
USC00297614	2012	11	18	15	0	0.020
USC00297614	2012	11	18	16	0	0.020
USC00297614	2012	11	18	17	0	0.020
USC00297614	2012	11	19	10	0	0.010
USC00297614	2012	11	22	14	0	0.010
USC00297614	2012	11	24	15	0	0.010
USC00297614	2012	12	1	14	0	0.010
USC00297614	2012	12	10	14	0	0.010
USC00297614	2012	12	16	23	0	0.020
USC00297614	2012	12	19	2	0	0.010
USC00297614	2012	12	19	17	0	0.020
USC00297614	2012	12	19	20	0	0.030
USC00297614	2012	12	31	3	0	0.050
USC00297614	2012	12	31	4	0	0.010
USC00297614	2013	1	1	14	0	0.010
USC00297614	2013	1	3	8	0	0.010
USC00297614	2013	1	3	19	0	0.010
USC00297614	2013	1	3	22	0	0.010
USC00297614	2013	1	3	24	0	0.010
USC00297614	2013	1	4	4	0	0.010
USC00297614	2013	1	4	5	0	0.010
USC00297614	2013	1	4	12	0	0.010
USC00297614	2013	1	10	3	0	0.030
USC00297614	2013	1	10	4	0	0.140
USC00297614	2013	1	10	5	0	0.120
USC00297614	2013	1	10	6	0	0.020
USC00297614	2013	1	10	7	0	0.030
USC00297614	2013	1	10	8	0	0.010
USC00297614	2013	1	11	5	0	0.010
USC00297614	2013	2	3	15	0	0.010
USC00297614	2013	2	8	17	0	0.010
USC00297614	2013	2	11	15	0	0.010
USC00297614	2013	2	14	14	0	0.010
USC00297614	2013	2	17	15	0	0.010
USC00297614	2013	2	19	16	0	0.010
USC00297614	2013	2	22	8	0	0.010
USC00297614	2013	2	27	14	0	0.010
USC00297614	2013	3	1	10	0	0.010
USC00297614	2013	3	4	14	0	0.010
USC00297614	2013	3	8	15	0	0.010
USC00297614	2013	3	11	7	0	0.010
USC00297614	2013	3	15	14	0	0.010
USC00297614	2013	4	1	7	0	0.010
USC00297614	2013	4	4	13	0	0.010
USC00297614	2013	4	7	24	0	0.010
USC00297614	2013	5	10	20	0	0.020
USC00297614	2013	5	18	13	0	0.010
USC00297614	2013	5	28	12	0	0.010
USC00297614	2013	6	1	4	0	0.010
USC00297614	2013	6	3	5	0	0.050
USC00297614	2013	6	17	3	0	0.120
USC00297614	2013	6	20	23	0	0.010
USC00297614	2013	6	24	4	0	0.010
USC00297614	2013	7	1	5	0	0.430
USC00297614	2013	7	1	6	0	0.490
USC00297614	2013	7	1	7	0	0.160
USC00297614	2013	7	1	8	0	0.210
USC00297614	2013	7	1	9	0	0.250
USC00297614	2013	7	1	10	0	0.090
USC00297614	2013	7	2	1	0	0.300
USC00297614	2013	7	2	2	0	0.060
USC00297614	2013	7	5	3	0	0.010
USC00297614	2013	7	5	22	0	0.020
USC00297614	2013	7	8	13	0	0.010
USC00297614	2013	7	15	4	0	0.010
USC00297614	2013	7	15	7	0	0.030
USC00297614	2013	7	15	11	0	0.030
USC00297614	2013	7	15	12	0	0.030
USC00297614	2013	7	15	13	0	0.180
USC00297614	2013	7	15	14	0	0.040
USC00297614	2013	7	15	17	0	0.010
USC00297614	2013	7	18	7	0	0.010
USC00297614	2013	7	18	13	0	0.170
USC00297614	2013	7	18	17	0	0.050
USC00297614	2013	7	24	19	0	0.010
USC00297614	2013	7	24	20	0	0.010
USC00297614	2013	7	24	24	0	0.020
USC00297614	2013	7	25	2	0	0.020
USC00297614	2013	7	25	4	0	0.010
USC00297614	2013	7	25	7	0	0.090
USC00297614	2013	7	25	8	0	0.060
USC00297614	2013	7	25	9	0	0.240
USC00297614	2013	7	25	10	0	0.200
USC00297614	2013	7	25	11	0	0.130
USC00297614	2013	7	25	12	0	0.010
USC00297614	2013	8	1	3	0	0.010
USC00297614	2013	8	1	4	0	0.010
USC00297614	2013	8	5	10	0	0.010
USC00297614	2013	8	6	12	0	0.010
USC00297614	2013	8	6	16	0	0.080
USC00297614	2013	8	10	6	0	0.020
USC00297614	2013	8	10	7	0	0.300
USC00297614	2013	8	10	8	0	0.100
USC00297614	2013	8	11	6	0	0.010
USC00297614	2013	8	11	8	0	0.270
USC00297614	2013	8	11	9	0	0.020
USC00297614	2013	8	17	13	0	0.010
USC00297614	2013	8	18	1	0	0.090
USC00297614	2013	8	18	13	0	0.010
USC00297614	2013	8	19	11	0	0.010
USC00297614	2013	8	21	1	0	0.010
USC00297614	2013	8	21	2	0	0.010
USC00297614	2013	8	23	23	0	0.010
USC00297614	2013	9	1	4	0	0.010
USC00297614	2013	9	8	3	0	0.010
USC00297614	2013	9	8	23	0	0.010
USC00297614	2013	9	9	13	0	0.010
USC00297614	2013	9	11	2	0	0.040
USC00297614	2013	9	11	4	0	0.030
USC00297614	2013	9	11	5	0	0.010
USC00297614	2013	9	11	6	0	0.010
USC00297614	2013	9	11	7	0	0.020
USC00297614	2013	9	11	8	0	0.040
USC00297614	2013	9	11	10	0	0.010
USC00297614	2013	9	11	11	0	0.040
USC00297614	2013	9	11	13	0	0.040
USC00297614	2013	9	11	14	0	0.020
USC00297614	2013	9	11	15	0	0.100
USC00297614	2013	9	11	18	0	0.110
USC00297614	2013	9	11	19	0	0.120
USC00297614	2013	9	11	20	0	0.530
USC00297614	2013	9	11	21	0	0.420
USC00297614	2013	9	11	22	0	0.040
USC00297614	2013	9	11	23	0	0.080
USC00297614	2013	9	11	24	0	0.390
USC00297614	2013	9	12	1	0	0.020
USC00297614	2013	9	12	2	0	0.140
USC00297614	2013	9	12	3	0	0.130
USC00297614	2013	9	12	4	0	0.150
USC00297614	2013	9	12	5	0	0.040
USC00297614	2013	9	12	6	0	0.250
USC00297614	2013	9	12	7	0	0.160
USC00297614	2013	9	12	8	0	0.090
USC00297614	2013	9	12	9	0	0.050
USC00297614	2013	9	12	10	0	0.010
USC00297614	2013	9	12	12	0	0.010
USC00297614	2013	9	12	13	0	0.010
USC00297614	2013	9	12	14	0	0.010
USC00297614	2013	9	12	15	0	0.020
USC00297614	2013	9	12	17	0	0.010
USC00297614	2013	9	12	18	0	0.010
USC00297614	2013	9	12	19	0	0.010
USC00297614	2013	9	12	20	0	0.020
USC00297614	2013	9	12	21	0	0.020
USC00297614	2013	9	12	22	0	0.030
USC00297614	2013	9	12	24	0	0.030
USC00297614	2013	9	16	1	0	0.030
USC00297614	2013	9	17	3	0	0.010
USC00297614	2013	9	17	5	0	0.040
USC00297614	2013	9	17	6	0	0.020
USC00297614	2013	9	18	13	0	0.010
USC00297614	2013	9	19	24	0	0.070
USC00297614	2013	9	20	9	0	0.010
USC00297614	2013	9	20	10	0	0.010
USC00297614	2013	9	22	19	0	0.010
USC00297614	2013	9	26	3	0	0.010
USC00297614	2013	9	29	10	0	0.010
USC00297614	2013	10	1	4	0	0.010
USC00297614	2013	10	3	1	0	0.010
USC00297614	2013	10	3	22	0	0.010
USC00297614	2013	10	3	23	0	0.010
USC00297614	2013	10	6	7	0	0.010
USC00297614	2013	10	12	12	0	0.010
USC00297614	2013	10	14	2	0	0.010
USC00297614	2013	10	14	4	0	0.010
USC00297614	2013	10	14	5	0	0.010
USC00297614	2013	10	15	1	0	0.010
USC00297614	2013	10	17	9	0	0.010
USC00297614	2013	10	19	13	0	0.010
USC00297614	2013	10	21	8	0	0.010
USC00297614	2013	10	24	7	0	0.010
USC00297614	2013	10	25	6	0	0.010
USC00297614	2013	10	25	14	0	0.030
USC00297614	2013	10	25	15	0	0.010
USC00297614	2013	10	26	4	0	0.040
USC00297614	2013	10	26	5	0	0.020
USC00297614	2013	10	26	6	0	0.040
USC00297614	2013	10	26	7	0	0.010
USC00297614	2013	10	30	12	0	0.010
USC00297614	2013	11	1	5	0	0.010
USC00297614	2013	11	5	4	0	0.060
USC00297614	2013	11	5	5	0	0.020
USC00297614	2013	11	6	1	0	0.010
USC00297614	2013	11	12	2	0	0.010
USC00297614	2013	11	12	15	0	0.010
USC00297614	2013	11	12	16	0	0.020
USC00297614	2013	11	12	17	0	0.010
USC00297614	2013	11	12	18	0	0.010
USC00297614	2013	11	15	9	0	0.010
USC00297614	2013	11	17	2	0	0.010
USC00297614	2013	11	23	13	0	0.010
USC00297614	2013	11	23	16	0	0.010
USC00297614	2013	11	23	19	0	0.010
USC00297614	2013	11	23	23	0	0.010
USC00297614	2013	11	23	24	0	0.050
USC00297614	2013	11	24	1	0	0.020
USC00297614	2013	11	24	2	0	0.020
USC00297614	2013	11	24	4	0	0.020
USC00297614	2013	11	24	12	0	0.010
USC00297614	2013	11	24	15	0	0.030
USC00297614	2013	11	24	16	0	0.010
USC00297614	2013	12	1	3	0	0.010
USC00297614	2013	12	3	5	0	0.010
USC00297614	2013	12	5	3	0	0.010
USC00297614	2013	12	5	14	0	0.010
USC00297614	2013	12	5	15	0	0.040
USC00297614	2013	12	5	16	0	0.040
USC00297614	2013	12	6	2	0	0.020
USC00297614	2013	12	12	16	0	0.020
USC00297614	2013	12	13	6	0	0.050
USC00297614	2013	12	13	20	0	0.020
USC00297614	2013	12	15	12	0	0.010
USC00297614	2013	12	20	1	0	0.010
USC00297614	2013	12	20	16	0	0.010
USC00297614	2013	12	20	17	0	0.040
USC00297614	2013	12	21	7	0	0.010
USC00297614	2013	12	21	8	0	0.110
USC00297614	2013	12	21	10	0	0.010
USC00297614	2013	12	22	8	0	0.010
USC00297614	2014	1	1	2	0	0.010
USC00297614	2014	1	13	8	0	0.010
USC00297614	2014	1	13	15	0	0.010
USC00297614	2014	1	20	15	0	0.010
USC00297614	2014	1	27	6	0	0.010
USC00297614	2014	2	2	11	0	0.010
USC00297614	2014	2	5	21	0	0.010
USC00297614	2014	2	10	7	0	0.010
USC00297614	2014	2	14	5	0	0.010
USC00297614	2014	2	14	13	0	0.010
USC00297614	2014	2	21	9	0	0.010
USC00297614	2014	3	1	2	0	0.010
USC00297614	2014	3	2	13	0	0.070
USC00297614	2014	3	7	24	0	0.010
USC00297614	2014	3	16	13	0	0.010
USC00297614	2014	3	26	6	0	0.020
USC00297614	2014	3	26	7	0	0.100
USC00297614	2014	3	26	8	0	0.020
USC00297614	2014	3	26	9	0	0.090
USC00297614	2014	3	27	4	0	0.010
USC00297614	2014	4	1	7	0	0.010
USC00297614	2014	4	13	13	0	0.010
USC00297614	2014	4	19	14	0	0.010
USC00297614	2014	4	19	16	0	0.040
USC00297614	2014	4	19	17	0	0.030
USC00297614	2014	4	19	18	0	0.020
USC00297614	2014	4	19	19	0	0.010
USC00297614	2014	4	27	8	0	0.010
USC00297614	2014	5	13	10	0	0.010
USC00297614	2014	5	22	4	0	0.010
USC00297614	2014	5	22	21	0	0.010
USC00297614	2014	5	23	8	0	0.020
USC00297614	2014	5	24	7	0	0.740
USC00297614	2014	5	24	8	0	0.600
USC00297614	2014	5	24	9	0	0.420
USC00297614	2014	5	24	10	0	0.990
USC00297614	2014	5	24	11	0	1.930
USC00297614	2014	5	24	12	0	0.040
USC00297614	2014	5	25	2	0	0.030
USC00297614	2014	5	26	2	0	0.010
USC00297614	2014	6	1	3	0	0.010
USC00297614	2014	6	3	12	0	0.010
USC00297614	2014	6	8	3	0	0.010
USC00297614	2014	6	8	22	0	0.030
USC00297614	2014	6	8	23	0	0.430
USC00297614	2014	6	13	9	0	0.010
USC00297614	2014	6	13	24	0	0.690
USC00297614	2014	6	14	1	0	0.190
USC00297614	2014	6	15	2	0	0.010
USC00297614	2014	6	16	2	0	0.010
USC00297614	2014	6	16	10	0	0.010
USC00297614	2014	6	17	4	0	0.010
USC00297614	2014	6	17	21	0	0.010
USC00297614	2014	6	18	9	0	0.010
USC00297614	2014	6	18	22	0	0.010
USC00297614	2014	6	18	24	0	0.010
USC00297614	2014	6	23	3	0	0.020
USC00297614	2014	6	23	4	0	0.010
USC00297614	2014	6	24	5	0	0.010
USC00297614	2014	7	1	5	0	0.010
USC00297614	2014	7	2	3	0	0.010
USC00297614	2014	7	2	6	0	0.050
USC00297614	2014	7	2	9	0	0.010
USC00297614	2014	7	6	2	0	0.010
USC00297614	2014	7	6	10	0	0.030
USC00297614	2014	7	6	11	0	0.010
USC00297614	2014	7	7	5	0	0.010
USC00297614	2014	7	15	3	0	0.010
USC00297614	2014	7	15	4	0	0.060
USC00297614	2014	7	15	5	0	0.020
USC00297614	2014	7	16	7	0	0.010
USC00297614	2014	7	16	13	0	0.050
USC00297614	2014	7	16	14	0	0.030
USC00297614	2014	7	16	23	0	0.120
USC00297614	2014	7	20	5	0	0.380
USC00297614	2014	7	22	8	0	0.010
USC00297614	2014	7	29	3	0	0.020
USC00297614	2014	7	29	5	0	1.200
USC00297614	2014	7	29	6	0	0.920
USC00297614	2014	7	29	8	0	0.010
USC00297614	2014	7	29	9	0	0.010
USC00297614	2014	7	29	12	0	0.040
USC00297614	2014	7	29	13	0	0.080
USC00297614	2014	7	29	14	0	0.120
USC00297614	2014	7	29	15	0	0.120
USC00297614	2014	7	29	16	0	0.150
USC00297614	2014	7	29	17	0	0.060
USC00297614	2014	7	29	18	0	0.010
USC00297614	2014	8	1	8	0	0.160
USC00297614	2014	8	1	9	0	0.010
USC00297614	2014	8	1	10	0	0.010
USC00297614	2014	8	1	11	0	0.010
USC00297614	2014	8	5	13	0	0.010
USC00297614	2014	8	8	4	0	0.020
USC00297614	2014	8	8	13	0	0.010
USC00297614	2014	8	11	6	0	0.500
USC00297614	2014	8	11	7	0	0.310
USC00297614	2014	8	11	8	0	0.410
USC00297614	2014	8	11	9	0	0.270
USC00297614	2014	8	11	10	0	0.060
USC00297614	2014	8	11	11	0	0.010
USC00297614	2014	8	11	12	0	0.010
USC00297614	2014	8	14	21	0	0.120
USC00297614	2014	8	15	13	0	0.010
USC00297614	2014	8	17	4	0	0.010
USC00297614	2014	8	17	5	0	0.020
USC00297614	2014	8	17	7	0	0.010
USC00297614	2014	8	18	4	0	0.010
USC00297614	2014	8	25	21	0	0.010
USC00297614	2014	8	25	22	0	0.010
USC00297614	2014	8	26	21	0	0.050
USC00297614	2014	8	26	22	0	0.030
USC00297614	2014	8	26	23	0	0.050
USC00297614	2014	8	26	24	0	0.010
USC00297614	2014	8	27	1	0	0.010
USC00297614	2014	9	1	6	0	0.010
USC00297614	2014	9	5	4	0	0.010
USC00297614	2014	9	5	6	0	0.020
USC00297614	2014	9	5	7	0	0.010
USC00297614	2014	9	5	13	0	0.080
USC00297614	2014	9	5	14	0	0.100
USC00297614	2014	9	5	15	0	0.100
USC00297614	2014	9	6	9	0	0.010
USC00297614	2014	9	6	10	0	0.030
USC00297614	2014	9	6	11	0	0.030
USC00297614	2014	9	6	12	0	0.010
USC00297614	2014	9	6	13	0	0.010
USC00297614	2014	9	11	10	0	0.010
USC00297614	2014	9	12	3	0	0.010
USC00297614	2014	9	12	13	0	0.010
USC00297614	2014	9	12	16	0	0.860
USC00297614	2014	9	12	17	0	0.400
USC00297614	2014	9	12	18	0	0.100
USC00297614	2014	9	12	19	0	0.010
USC00297614	2014	9	12	20	0	0.040
USC00297614	2014	9	12	21	0	0.050
USC00297614	2014	9	12	22	0	0.030
USC00297614	2014	9	13	2	0	0.010
USC00297614	2014	9	13	10	0	0.010
USC00297614	2014	9	16	4	0	0.010
USC00297614	2014	9	16	15	0	0.010
USC00297614	2014	9	16	16	0	0.020
USC00297614	2014	9	16	17	0	0.010
USC00297614	2014	9	16	18	0	0.020
USC00297614	2014	9	16	19	0	0.010
USC00297614	2014	9	16	21	0	0.030
USC00297614	2014	9	16	22	0	0.010
USC00297614	2014	9	18	10	0	0.010
USC00297614	2014	9	18	11	0	0.030
USC00297614	2014	9	18	12	0	0.010
USC00297614	2014	9	18	13	0	0.010
USC00297614	2014	9	19	1	0	0.010
USC00297614	2014	9	19	5	0	0.420
USC00297614	2014	9	19	6	0	0.050
USC00297614	2014	9	19	7	0	0.190
USC00297614	2014	9	19	8	0	0.120
USC00297614	2014	9	19	9	0	0.230
USC00297614	2014	9	19	10	0	0.040
USC00297614	2014	9	19	11	0	0.010
USC00297614	2014	9	19	15	0	0.010
USC00297614	2014	9	19	16	0	0.050
USC00297614	2014	9	19	17	0	0.020
USC00297614	2014	9	19	19	0	0.020
USC00297614	2014	9	21	9	0	0.020
USC00297614	2014	9	21	10	0	0.060
USC00297614	2014	9	21	13	0	0.140
USC00297614	2014	9	21	14	0	0.030
USC00297614	2014	9	21	15	0	0.120
USC00297614	2014	9	21	16	0	0.260
USC00297614	2014	9	21	17	0	0.710
USC00297614	2014	9	21	18	0	0.100
USC00297614	2014	9	21	19	0	0.010
USC00297614	2014	9	22	16	0	0.060
USC00297614	2014	9	22	17	0	0.440
USC00297614	2014	9	22	18	0	0.020
USC00297614	2014	9	22	19	0	0.030
USC00297614	2014	9	22	20	0	0.040
USC00297614	2014	9	22	21	0	0.010
USC00297614	2014	9	22	22	0	0.010
USC00297614	2014	9	25	1	0	0.290
USC00297614	2014	9	25	2	0	0.070
USC00297614	2014	9	25	3	0	0.020
USC00297614	2014	9	26	1	0	0.010
USC00297614	2014	9	30	24	0	0.010
USC00297614	2014	10	3	5	0	0.010
USC00297614	2014	10	8	1	0	0.010
USC00297614	2014	10	8	7	0	0.010
USC00297614	2014	10	9	8	0	0.010
USC00297614	2014	10	18	6	0	0.010
USC00297614	2014	10	18	9	0	0.010
USC00297614	2014	10	18	10	0	0.010
USC00297614	2014	10	20	24	0	0.070
USC00297614	2014	10	21	2	0	0.010
USC00297614	2014	10	21	3	0	0.020
USC00297614	2014	10	21	4	0	0.040
USC00297614	2014	10	21	6	0	0.010
USC00297614	2014	10	21	9	0	0.060
USC00297614	2014	10	21	11	0	0.010
USC00297614	2014	10	21	14	0	0.010
USC00297614	2014	10	22	3	0	0.010
USC00297614	2014	10	22	4	0	0.120
USC00297614	2014	10	29	12	0	0.010
USC00297614	2014	10	31	7	0	0.010
USC00297614	2014	11	1	5	0	0.010
USC00297614	2014	11	3	2	0	0.030
USC00297614	2014	11	3	19	0	0.030
USC00297614	2014	11	3	23	0	0.020
USC00297614	2014	11	4	1	0	0.030
USC00297614	2014	11	4	10	0	0.010
USC00297614	2014	11	4	14	0	0.060
USC00297614	2014	11	4	15	0	0.100
USC00297614	2014	11	4	16	0	0.010
USC00297614	2014	11	4	17	0	0.010
USC00297614	2014	11	4	21	0	0.010
USC00297614	2014	11	17	17	0	0.030
USC00297614	2014	11	23	12	0	0.010
USC00297614	2014	12	1	14	0	0.010
USC00297614	2014	12	12	3	0	0.010
USC00297614	2014	12	12	16	0	0.010
USC00297614	2014	12	15	4	0	0.010
USC00297614	2014	12	20	15	0	0.010
USC00297614	2014	12	23	5	0	0.010
USC00297614	2014	12	23	6	0	0.010
USC00297614	2014	12	23	11	0	0.010
USC00297614	2014	12	23	16	0	0.010
USC00297614	2014	12	24	15	0	0.010
USC00297614	2015	1	3	17	0	0.020
USC00297614	2015	1	3	18	0	0.030
USC00297614	2015	1	3	19	0	0.080
USC00297614	2015	1	3	20	0	0.070
USC00297614	2015	1	14	17	0	0.020
USC00297614	2015	1	14	18	0	0.020
USC00297614	2015	1	21	24	0	0.040
USC00297614	2015	1	22	5	0	0.020
USC00297614	2015	1	22	6	0	0.040
USC00297614	2015	1	22	7	0	0.040
USC00297614	2015	1	22	8	0	0.010
USC00297614	2015	1	22	18	0	0.020
USC00297614	2015	1	22	19	0	0.040
USC00297614	2015	1	22	20	0	0.030
USC00297614	2015	1	22	21	0	0.030
USC00297614	2015	1	22	22	0	0.010
USC00297614	2015	1	22	23	0	0.010
USC00297614	2015	1	23	17	0	0.030
USC00297614	2015	1	23	18	0	0.040
USC00297614	2015	1	23	19	0	0.030
USC00297614	2015	1	30	11	0	0.010
USC00297614	2015	1	30	15	0	0.010
USC00297614	2015	1	30	17	0	0.010
USC00297614	2015	1	31	2	0	0.030
USC00297614	2015	1	31	3	0	0.010
USC00297614	2015	1	31	4	0	0.040
USC00297614	2015	1	31	5	0	0.050
USC00297614	2015	1	31	6	0	0.040
USC00297614	2015	1	31	9	0	0.010
USC00297614	2015	1	31	14	0	0.010
USC00297614	2015	2	3	14	0	0.010
USC00297614	2015	2	11	1	0	0.010
USC00297614	2015	2	11	21	0	0.010
USC00297614	2015	2	11	22	0	0.020
USC00297614	2015	2	11	23	0	0.030
USC00297614	2015	2	11	24	0	0.050
USC00297614	2015	2	12	3	0	0.010
USC00297614	2015	2	16	12	0	0.010
USC00297614	2015	2	17	1	0	0.010
USC00297614	2015	2	17	2	0	0.090
USC00297614	2015	2	17	3	0	0.160
USC00297614	2015	2	17	4	0	0.040
USC00297614	2015	2	17	5	0	0.030
USC00297614	2015	2	17	6	0	0.040
USC00297614	2015	2	17	7	0	0.010
USC00297614	2015	2	23	20	0	0.020
USC00297614	2015	3	1	17	0	0.030
USC00297614	2015	3	1	18	0	0.080
USC00297614	2015	3	2	10	0	0.010
USC00297614	2015	3	3	18	0	0.010
USC00297614	2015	3	17	24	0	0.020
USC00297614	2015	3	18	1	0	0.020
USC00297614	2015	3	18	2	0	0.050
USC00297614	2015	3	18	3	0	0.030
USC00297614	2015	3	18	4	0	0.070
USC00297614	2015	3	18	5	0	0.040
USC00297614	2015	3	18	6	0	0.020
USC00297614	2015	3	18	13	0	0.020
USC00297614	2015	3	19	7	0	0.010
USC00297614	2015	3	20	3	0	0.030
USC00297614	2015	3	26	6	0	0.010
USC00297614	2015	4	1	4	0	0.010
USC00297614	2015	4	9	6	0	0.010
USC00297614	2015	4	12	1	0	0.010
USC00297614	2015	4	12	23	0	0.020
USC00297614	2015	4	12	24	0	0.050
USC00297614	2015	4	13	1	0	0.010
USC00297614	2015	4	13	2	0	0.010
USC00297614	2015	4	13	5	0	0.010
USC00297614	2015	4	13	6	0	0.020
USC00297614	2015	4	13	7	0	0.260
USC00297614	2015	4	13	8	0	0.140
USC00297614	2015	4	13	9	0	0.220
USC00297614	2015	4	13	10	0	0.100
USC00297614	2015	4	13	11	0	0.160
USC00297614	2015	4	13	12	0	0.230
USC00297614	2015	4	13	13	0	0.020
USC00297614	2015	4	13	14	0	0.050
USC00297614	2015	4	13	15	0	0.050
USC00297614	2015	4	13	16	0	0.010
USC00297614	2015	4	13	17	0	0.090
USC00297614	2015	4	13	18	0	0.100
USC00297614	2015	4	13	19	0	0.100
USC00297614	2015	4	13	20	0	0.110
USC00297614	2015	4	13	21	0	0.030
USC00297614	2015	4	13	22	0	0.050
USC00297614	2015	4	13	23	0	0.030
USC00297614	2015	4	27	1	0	0.010
USC00297614	2015	4	27	10	0	0.010
USC00297614	2015	4	27	20	0	0.020
USC00297614	2015	4	28	6	0	0.010
USC00297614	2015	5	1	4	0	0.010
USC00297614	2015	5	4	5	0	0.010
USC00297614	2015	5	4	22	0	0.020
USC00297614	2015	5	4	23	0	0.040
USC00297614	2015	5	4	24	0	0.020
USC00297614	2015	5	5	1	0	0.010
USC00297614	2015	5	5	5	0	0.260
USC00297614	2015	5	5	6	0	0.200
USC00297614	2015	5	5	7	0	0.200
USC00297614	2015	5	5	8	0	0.050
USC00297614	2015	5	5	9	0	0.020
USC00297614	2015	5	5	18	0	0.020
USC00297614	2015	5	5	19	0	0.030
USC00297614	2015	5	13	3	0	0.040
USC00297614	2015	5	13	4	0	0.190
USC00297614	2015	5	13	5	0	0.450
USC00297614	2015	5	13	6	0	0.170
USC00297614	2015	5	13	7	0	0.070
USC00297614	2015	5	13	8	0	0.040
USC00297614	2015	5	13	9	0	0.010
USC00297614	2015	5	13	10	0	0.010
USC00297614	2015	5	13	13	0	0.010
USC00297614	2015	5	14	7	0	0.010
USC00297614	2015	5	16	3	0	0.010
USC00297614	2015	5	16	14	0	0.020
USC00297614	2015	5	16	18	0	0.010
USC00297614	2015	5	17	3	0	0.010
USC00297614	2015	5	21	3	0	0.010
USC00297614	2015	5	21	13	0	0.010
USC00297614	2015	5	21	14	0	0.010
USC00297614	2015	5	21	16	0	0.010
USC00297614	2015	5	21	17	0	0.020
USC00297614	2015	5	22	2	0	0.010
USC00297614	2015	5	22	3	0	0.170
USC00297614	2015	5	22	4	0	0.040
USC00297614	2015	5	22	5	0	0.010
USC00297614	2015	5	24	3	0	0.010
USC00297614	2015	5	26	6	0	0.010
USC00297614	2015	5	30	3	0	0.010
USC00297614	2015	5	30	6	0	0.600
USC00297614	2015	5	30	7	0	0.520
USC00297614	2015	5	30	8	0	0.100
USC00297614	2015	5	31	3	0	0.010
USC00297614	2015	6	1	6	0	0.010
USC00297614	2015	6	4	3	0	0.010
USC00297614	2015	6	5	23	0	0.010
USC00297614	2015	6	5	24	0	0.020
USC00297614	2015	6	7	7	0	1.000
USC00297614	2015	6	7	8	0	0.030
USC00297614	2015	6	7	9	0	0.010
USC00297614	2015	6	7	10	0	0.020
USC00297614	2015	6	7	24	0	0.010
USC00297614	2015	6	14	21	0	0.310
USC00297614	2015	6	15	24	0	0.150
USC00297614	2015	6	16	1	0	1.300
USC00297614	2015	6	16	2	0	0.310
USC00297614	2015	6	16	3	0	0.020
USC00297614	2015	6	18	8	0	0.190
USC00297614	2015	6	18	9	0	0.010
USC00297614	2015	6	19	7	0	0.170
USC00297614	2015	6	19	8	0	0.020
USC00297614	2015	6	19	11	0	0.010
USC00297614	2015	6	26	1	0	0.010
USC00297614	2015	6	27	11	0	0.440
USC00297614	2015	6	30	1	0	0.030
USC00297614	2015	7	1	4	0	0.010
USC00297614	2015	7	2	24	0	0.010
USC00297614	2015	7	7	1	0	0.010
USC00297614	2015	7	7	7	0	0.030
USC00297614	2015	7	7	12	0	0.010
USC00297614	2015	7	8	3	0	0.010
USC00297614	2015	7	10	3	0	0.020
USC00297614	2015	7	10	4	0	0.030
USC00297614	2015	7	11	8	0	0.040
USC00297614	2015	7	11	9	0	0.040
USC00297614	2015	7	12	7	0	0.150
USC00297614	2015	7	13	3	0	0.010
USC00297614	2015	7	17	6	0	0.010
USC00297614	2015	7	17	13	0	0.010
USC00297614	2015	7	18	8	0	0.010
USC00297614	2015	7	20	7	0	0.010
USC00297614	2015	7	20	22	0	0.330
USC00297614	2015	7	21	5	0	0.020
USC00297614	2015	7	21	7	0	0.010
USC00297614	2015	7	21	22	0	0.010
USC00297614	2015	7	23	7	0	0.010
USC00297614	2015	7	23	23	0	0.070
USC00297614	2015	7	27	10	0	0.010
USC00297614	2015	7	29	6	0	0.010
USC00297614	2015	7	29	9	0	0.040
USC00297614	2015	7	30	5	0	0.010
USC00297614	2015	8	3	22	0	0.030
USC00297614	2015	8	6	11	0	0.010
USC00297614	2015	8	8	3	0	0.010
USC00297614	2015	8	8	22	0	0.010
USC00297614	2015	8	8	24	0	0.010
USC00297614	2015	8	9	4	0	0.040
USC00297614	2015	8	9	21	0	0.770
USC00297614	2015	8	10	22	0	0.070
USC00297614	2015	8	10	23	0	0.100
USC00297614	2015	8	10	24	0	0.010
USC00297614	2015	8	16	9	0	0.010
USC00297614	2015	8	16	10	0	0.010
USC00297614	2015	8	16	13	0	0.010
USC00297614	2015	8	24	4	0	0.010
USC00297614	2015	8	29	6	0	0.090
USC00297614	2015	8	29	7	0	0.060
USC00297614	2015	9	1	3	0	0.010
USC00297614	2015	9	6	4	0	0.050
USC00297614	2015	9	7	22	0	0.020
USC00297614	2015	9	7	23	0	0.010
USC00297614	2015	9	9	22	0	0.002
USC00297614	2015	9	13	13	0	0.013
USC00297614	2015	9	13	14	0	0.026
USC00297614	2015	9	13	15	0	0.002
USC00297614	2015	9	13	16	0	0.001
USC00297614	2015	9	17	14	0	0.013
USC00297614	2015	9	17	15	0	0.047
USC00297614	2015	9	17	16	0	0.021
USC00297614	2015	9	17	17	0	0.002
USC00297614	2015	9	17	18	0	0.001
USC00297614	2015	9	18	17	0	0.003
USC00297614	2015	9	19	17	0	0.003
USC00297614	2015	9	19	18	0	0.004
USC00297614	2015	9	19	19	0	0.003
USC00297614	2015	9	19	20	0	0.002
USC00297614	2015	9	19	21	0	0.001
USC00297614	2015	9	19	22	0	0.001
USC00297614	2015	9	19	23	0	0.001
USC00297614	2015	9	21	19	0	0.001
USC00297614	2015	9	21	20	0	0.001
USC00297614	2015	9	21	21	0	0.002
USC00297614	2015	9	21	22	0	0.004
USC00297614	2015	9	22	14	0	0.001
USC00297614	2015	9	22	15	0	0.001
USC00297614	2015	9	22	16	0	0.037
USC00297614	2015	9	22	17	0	0.005
USC00297614	2015	9	22	18	0	0.003
USC00297614	2015	10	2	8	0	0.010
USC00297614	2015	10	3	6	0	0.010
USC00297614	2015	10	3	19	0	0.070
USC00297614	2015	10	3	23	0	0.320
USC00297614	2015	10	3	24	0	0.180
USC00297614	2015	10	4	1	0	0.080
USC00297614	2015	10	4	2	0	0.030
USC00297614	2015	10	4	8	0	0.010
USC00297614	2015	10	4	16	0	0.020
USC00297614	2015	10	4	17	0	0.060
USC00297614	2015	10	4	18	0	0.020
USC00297614	2015	10	4	20	0	0.010
USC00297614	2015	10	4	21	0	0.040
USC00297614	2015	10	4	22	0	0.010
USC00297614	2015	10	4	23	0	0.060
USC00297614	2015	10	4	24	0	0.060
USC00297614	2015	10	5	1	0	0.060
USC00297614	2015	10	5	2	0	0.080
USC00297614	2015	10	5	3	0	0.040
USC00297614	2015	10	5	4	0	0.030
USC00297614	2015	10	5	5	0	0.090
USC00297614	2015	10	5	6	0	0.030
USC00297614	2015	10	5	9	0	0.020
USC00297614	2015	10	5	10	0	0.010
USC00297614	2015	10	7	9	0	0.130
USC00297614	2015	10	7	10	0	0.050
USC00297614	2015	10	7	11	0	0.080
USC00297614	2015	10	7	12	0	0.120
USC00297614	2015	10	7	22	0	0.050
USC00297614	2015	10	7	23	0	0.140
USC00297614	2015	10	7	24	0	0.010
USC00297614	2015	10	8	2	0	0.030
USC00297614	2015	10	8	4	0	0.010
USC00297614	2015	10	9	6	0	0.010
USC00297614	2015	10	9	18	0	0.010
USC00297614	2015	10	9	21	0	0.010
USC00297614	2015	10	9	24	0	0.020
USC00297614	2015	10	10	1	0	0.020
USC00297614	2015	10	10	2	0	0.060
USC00297614	2015	10	10	3	0	0.060
USC00297614	2015	10	15	8	0	0.010
USC00297614	2015	10	20	11	0	0.020
USC00297614	2015	10	20	15	0	0.010
USC00297614	2015	10	21	1	0	0.090
USC00297614	2015	10	21	2	0	0.540
USC00297614	2015	10	21	3	0	0.290
USC00297614	2015	10	21	4	0	0.030
USC00297614	2015	10	21	5	0	0.380
USC00297614	2015	10	21	6	0	0.240
USC00297614	2015	10	21	7	0	0.060
USC00297614	2015	10	21	15	0	0.010
USC00297614	2015	10	21	16	0	0.030
USC00297614	2015	10	21	17	0	0.020
USC00297614	2015	10	21	18	0	0.010
USC00297614	2015	10	21	19	0	0.010
USC00297614	2015	10	21	20	0	0.010
USC00297614	2015	10	22	1	0	0.300
USC00297614	2015	10	22	2	0	0.080
USC00297614	2015	10	22	3	0	0.010
USC00297614	2015	10	23	2	0	0.010
USC00297614	2015	10	25	7	0	0.010
USC00297614	2015	10	29	24	0	0.010
USC00297614	2015	10	30	3	0	0.020
USC00297614	2015	10	30	4	0	0.010
USC00297614	2015	10	30	5	0	0.070
USC00297614	2015	10	30	6	0	0.030
USC00297614	2015	10	30	11	0	0.010
USC00297614	2015	10	30	22	0	0.140
USC00297614	2015	10	30	23	0	0.020
USC00297614	2015	10	31	8	0	0.010
USC00297614	2015	11	1	5	0	0.010
USC00297614	2015	11	16	2	0	0.010
USC00297614	2015	11	16	22	0	0.010
USC00297614	2015	11	18	8	0	0.010
USC00297614	2015	11	26	7	0	0.020
USC00297614	2015	11	26	8	0	0.040
USC00297614	2015	11	27	1	0	0.020
USC00297614	2015	11	27	2	0	0.010
USC00297614	2015	11	27	4	0	0.020
USC00297614	2015	11	27	6	0	0.020
USC00297614	2015	11	27	8	0	0.030
USC00297614	2015	11	27	9	0	0.020
USC00297614	2015	11	27	10	0	0.010
USC00297614	2015	11	28	17	0	0.010
USC00297614	2015	11	28	18	0	0.020
USC00297614	2015	11	29	11	0	0.010
USC00297614	2015	11	29	22	0	0.010
USC00297614	2015	12	1	3	0	0.010
USC00297614	2015	12	12	7	0	0.010
USC00297614	2015	12	12	22	0	0.020
USC00297614	2015	12	13	10	0	0.020
USC00297614	2015	12	13	11	0	0.010
USC00297614	2015	12	14	6	0	0.010
USC00297614	2015	12	27	2	0	0.010
USC00297614	2015	12	27	4	0	0.010
USC00297614	2015	12	27	6	0	0.010
USC00297614	2015	12	27	12	0	0.010
USC00297614	2015	12	28	17	0	0.030
USC00297614	2015	12	28	18	0	0.040
USC00297614	2015	12	29	20	0	0.030
USC00297614	2015	12	29	22	0	0.010
USC00297614	2015	12	30	17	0	0.010
USC00297614	2015	12	30	18	0	0.060
USC00297614	2015	12	30	19	0	0.020
USC00297614	2015	12	31	16	0	0.010
USC00297614	2016	1	1	18	0	0.020
USC00297614	2016	1	5	17	0	0.060
USC00297614	2016	1	5	18	0	0.020
USC00297614	2016	1	6	19	0	0.030
USC00297614	2016	1	8	21	0	0.010
USC00297614	2016	1	26	15	0	0.010
USC00297614	2016	1	26	16	0	0.010
USC00297614	2016	1	26	17	0	0.010
USC00297614	2016	2	1	23	0	0.010
USC00297614	2016	2	21	11	0	0.010
USC00297614	2016	2	22	24	0	0.120
USC00297614	2016	2	23	1	0	0.130
USC00297614	2016	2	23	14	0	0.010
USC00297614	2016	2	23	15	0	0.020
USC00297614	2016	2	23	16	0	0.010
USC00297614	2016	2	23	18	0	0.020
USC00297614	2016	2	23	19	0	0.010
USC00297614	2016	2	23	20	0	0.030
USC00297614	2016	2	25	8	0	0.010
USC00297614	2016	4	1	8	0	0.030
USC00297614	2016	4	1	9	0	0.020
USC00297614	2016	4	1	10	0	0.020
USC00297614	2016	4	1	14	0	0.010
USC00297614	2016	4	1	15	0	0.090
USC00297614	2016	4	1	16	0	0.080
USC00297614	2016	4	1	17	0	0.060
USC00297614	2016	4	1	18	0	0.090
USC00297614	2016	4	1	19	0	0.030
USC00297614	2016	4	1	20	0	0.010
USC00297614	2016	4	8	5	0	0.002
USC00297614	2016	4	8	6	0	0.001
USC00297614	2016	4	8	21	0	0.002
USC00297614	2016	4	8	22	0	0.006
USC00297614	2016	4	8	23	0	0.012
USC00297614	2016	4	8	24	0	0.008
USC00297614	2016	4	9	1	0	0.022
USC00297614	2016	4	9	2	0	0.011
USC00297614	2016	4	12	5	0	0.008
USC00297614	2016	4	12	8	0	0.001
USC00297614	2016	4	12	10	0	0.002
USC00297614	2016	4	12	11	0	0.07
USC00297614	2016	4	12	12	0	0.095
USC00297614	2016	4	12	13	0	0.055
USC00297614	2016	4	12	14	0	0.026
USC00297614	2016	4	12	15	0	0.012
USC00297614	2016	4	12	16	0	0.003
USC00297614	2016	4	18	23	0	0.001
USC00297614	2016	4	18	24	0	0.001
USC00297614	2016	5	1	13	0	0.010
USC00297614	2016	5	8	2	0	0.010
USC00297614	2016	5	17	15	0	0.030
USC00297614	2016	5	17	17	0	0.030
USC00297614	2016	5	18	1	0	0.150
USC00297614	2016	5	18	2	0	0.020
USC00297614	2016	5	18	19	0	0.020
USC00297614	2016	5	18	23	0	0.260
USC00297614	2016	5	18	24	0	0.020
USC00297614	2016	5	19	1	0	0.120
USC00297614	2016	5	19	2	0	0.120
USC00297614	2016	5	19	10	0	0.010
USC00297614	2016	5	20	10	0	0.010
USC00297614	2016	5	26	10	0	0.010
USC00297614	2016	6	6	6	0	0.020
USC00297614	2016	6	6	7	0	0.020
USC00297614	2016	6	6	8	0	0.040
USC00297614	2016	6	12	5	0	0.080
USC00297614	2016	6	12	6	0	0.020
USC00297614	2016	6	12	22	0	0.060
USC00297614	2016	6	13	4	0	0.010
USC00297614	2016	6	20	10	0	0.010
USC00297614	2016	6	23	9	0	0.030
USC00297614	2016	6	24	3	0	0.010
USC00297614	2016	6	24	4	0	0.010
USC00297614	2016	6	25	9	0	0.010
USC00297614	2016	6	25	23	0	0.010
USC00297614	2016	6	26	1	0	0.010
USC00297614	2016	6	26	16	0	0.040
USC00297614	2016	6	26	24	0	0.010
USC00297614	2016	6	30	3	0	0.010
USC00297614	2016	6	30	4	0	0.280
USC00297614	2016	7	1	3	0	0.010
USC00297614	2016	7	5	8	0	0.010
USC00297614	2016	7	7	10	0	0.010
USC00297614	2016	7	9	7	0	0.010
USC00297614	2016	7	12	7	0	0.010
USC00297614	2016	7	15	6	0	0.010
USC00297614	2016	7	19	8	0	0.010
USC00297614	2016	7	26	4	0	0.030
USC00297614	2016	7	26	5	0	0.010
USC00297614	2016	7	26	6	0	0.280
USC00297614	2016	7	26	7	0	0.040
USC00297614	2016	8	5	15	0	0.001
USC00297614	2016	8	8	6	0	0.010
USC00297614	2016	8	11	1	0	0.010
USC00297614	2016	8	11	2	0	0.040
USC00297614	2016	8	11	5	0	0.010
USC00297614	2016	8	11	7	0	0.010
USC00297614	2016	8	11	21	0	0.750
USC00297614	2016	8	11	22	0	0.020
USC00297614	2016	8	12	10	0	0.010
USC00297614	2016	8	13	4	0	0.030
USC00297614	2016	8	13	5	0	0.030
USC00297614	2016	8	15	9	0	0.010
USC00297614	2016	8	21	8	0	0.110
USC00297614	2016	8	21	9	0	1.170
USC00297614	2016	8	21	10	0	0.380
USC00297614	2016	8	21	11	0	0.050
USC00297614	2016	8	21	12	0	0.080
USC00297614	2016	8	21	13	0	0.210
USC00297614	2016	8	21	14	0	0.160
USC00297614	2016	8	21	15	0	0.050
USC00297614	2016	8	21	16	0	0.030
USC00297614	2016	8	21	17	0	0.010
USC00297614	2016	8	23	24	0	0.580
USC00297614	2016	8	24	3	0	0.010
USC00297614	2016	8	24	24	0	0.110
USC00297614	2016	8	25	1	0	0.010
USC00297614	2016	8	28	7	0	0.030
USC00297614	2016	8	29	5	0	0.010
USC00297614	2016	8	30	1	0	0.010
USC00297614	2016	8	30	15	0	0.180
USC00297614	2016	8	31	1	0	0.130
USC00297614	2016	8	31	2	0	0.130
USC00297614	2016	8	31	12	0	0.010
USC00297614	2016	8	31	15	0	0.020
USC00297614	2016	8	31	23	0	0.080
USC00297614	2016	8	31	24	0	0.040
USC00297614	2016	9	1	1	0	0.040
USC00297614	2016	9	1	11	0	0.110
USC00297614	2016	9	1	12	0	0.010
USC00297614	2016	9	1	14	0	0.010
USC00297614	2016	9	6	21	0	0.050
USC00297614	2016	9	6	22	0	0.020
USC00297614	2016	9	6	23	0	0.110
USC00297614	2016	9	6	24	0	0.030
USC00297614	2016	9	7	8	0	0.120
USC00297614	2016	9	7	10	0	0.100
USC00297614	2016	9	7	11	0	0.330
USC00297614	2016	9	7	12	0	0.010
USC00297614	2016	9	7	13	0	0.010
USC00297614	2016	9	14	4	0	0.070
USC00297614	2016	9	14	21	0	0.010
USC00297614	2016	9	15	20	0	0.010
USC00297614	2016	9	16	1	0	0.080
USC00297614	2016	9	16	2	0	0.070
USC00297614	2016	9	16	6	0	0.010
USC00297614	2016	9	17	2	0	0.010
USC00297614	2016	9	17	22	0	0.080
USC00297614	2016	9	23	2	0	0.010
USC00297614	2016	9	23	22	0	0.020
USC00297614	2016	10	1	2	0	0.010
USC00297614	2016	10	9	6	0	0.020
USC00297614	2016	10	9	7	0	0.040
USC00297614	2016	10	9	14	0	0.140
USC00297614	2016	10	9	15	0	0.010
USC00297614	2016	10	10	3	0	0.050
USC00297614	2016	10	13	11	0	0.050
USC00297614	2016	10	13	12	0	0.050
USC00297614	2016	10	13	13	0	0.070
USC00297614	2016	10	13	14	0	0.010
USC00297614	2016	10	27	11	0	0.010
USC00297614	2016	11	2	15	0	0.010
USC00297614	2016	11	3	6	0	0.020
USC00297614	2016	11	3	11	0	0.010
USC00297614	2016	11	4	10	0	0.010
USC00297614	2016	11	5	7	0	0.020
USC00297614	2016	11	5	8	0	0.060
USC00297614	2016	11	5	9	0	0.040
USC00297614	2016	11	5	10	0	0.020
USC00297614	2016	11	5	11	0	0.010
USC00297614	2016	11	5	12	0	0.060
USC00297614	2016	11	5	13	0	0.280
USC00297614	2016	11	5	14	0	0.110
USC00297614	2016	11	5	15	0	0.060
USC00297614	2016	11	5	16	0	0.070
USC00297614	2016	11	5	17	0	0.020
USC00297614	2016	11	5	18	0	0.010
USC00297614	2016	11	6	1	0	0.020
USC00297614	2016	11	6	24	0	0.010
USC00297614	2016	11	28	12	0	0.010
USC00297614	2016	11	30	24	0	0.010
USC00297614	2016	12	3	7	0	0.020
USC00297614	2016	12	3	8	0	0.050
USC00297614	2016	12	3	9	0	0.030
USC00297614	2016	12	3	10	0	0.010
USC00297614	2016	12	3	11	0	0.010
USC00297614	2016	12	3	13	0	0.020
USC00297614	2016	12	3	16	0	0.020
USC00297614	2016	12	17	17	0	0.020
USC00297614	2016	12	22	2	0	0.010
USC00297614	2016	12	22	8	0	0.010
USC00297614	2016	12	22	9	0	0.010
USC00297614	2016	12	22	10	0	0.020
USC00297614	2016	12	22	11	0	0.040
USC00297614	2016	12	22	12	0	0.010
USC00297614	2016	12	22	14	0	0.010
USC00297614	2016	12	23	1	0	0.010
USC00297614	2016	12	23	3	0	0.010
