USC00265880	1990	1	14	3	0	0.100
USC00265880	1990	1	14	4	0	0.100
USC00265880	1990	1	14	5	0	0.200
USC00265880	1990	1	14	13	0	0.100
USC00265880	1990	1	17	3	0	0.100
USC00265880	1990	1	17	9	0	0.100
USC00265880	1990	1	17	11	0	0.100
USC00265880	1990	1	17	12	0	0.100
USC00265880	1990	1	17	13	0	0.100
USC00265880	1990	1	17	14	0	0.100
USC00265880	1990	1	17	16	0	0.100
USC00265880	1990	1	17	18	0	0.100
USC00265880	1990	2	1	9	0	0.100
USC00265880	1990	2	1	10	0	0.100
USC00265880	1990	2	18	14	0	0.100
USC00265880	1990	3	5	11	0	0.100
USC00265880	1990	3	28	15	0	0.100
USC00265880	1990	4	23	20	0	0.200
USC00265880	1990	4	23	21	0	0.200
USC00265880	1990	4	23	22	0	0.100
USC00265880	1990	4	25	12	0	0.100
USC00265880	1990	5	28	5	0	0.100
USC00265880	1990	5	28	6	0	0.100
USC00265880	1990	5	28	7	0	0.200
USC00265880	1990	5	28	9	0	0.100
USC00265880	1990	5	28	12	0	0.100
USC00265880	1990	5	29	7	0	0.100
USC00265880	1990	6	9	24	0	0.100
USC00265880	1990	6	10	11	0	0.100
USC00265880	1990	7	12	15	0	0.100
USC00265880	1990	7	14	19	0	0.500
USC00265880	1990	8	15	21	0	0.600
USC00265880	1990	8	15	22	0	0.100
USC00265880	1990	8	15	24	0	0.100
USC00265880	1990	8	16	1	0	0.100
USC00265880	1990	9	20	11	0	0.100
USC00265880	1990	9	23	6	0	0.100
USC00265880	1990	9	23	7	0	0.100
USC00265880	1990	9	23	12	0	0.100
USC00265880	1990	9	23	19	0	0.500
USC00265880	1990	9	28	8	0	0.100
USC00265880	1990	11	26	4	0	0.100
USC00265880	1990	11	26	11	0	0.100
USC00265880	1990	12	11	24	0	0.100
USC00265880	1990	12	12	4	0	0.100
USC00265880	1991	1	3	15	0	0.100
USC00265880	1991	1	3	20	0	0.100
USC00265880	1991	1	4	2	0	0.100
USC00265880	1991	2	27	21	0	0.100
USC00265880	1991	2	28	2	0	0.100
USC00265880	1991	2	28	4	0	0.100
USC00265880	1991	2	28	15	0	0.200
USC00265880	1991	2	28	19	0	0.100
USC00265880	1991	3	13	19	0	0.100
USC00265880	1991	3	13	20	0	0.100
USC00265880	1991	3	13	21	0	0.100
USC00265880	1991	3	18	12	0	0.100
USC00265880	1991	3	19	15	0	0.100
USC00265880	1991	3	20	22	0	0.100
USC00265880	1991	3	27	5	0	0.100
USC00265880	1991	3	27	9	0	0.100
USC00265880	1991	5	30	18	0	0.100
USC00265880	1991	5	31	5	0	0.100
USC00265880	1991	5	31	22	0	0.200
USC00265880	1991	6	3	18	0	0.100
USC00265880	1991	6	4	4	0	0.100
USC00265880	1991	6	4	22	0	0.200
USC00265880	1991	7	31	24	0	0.500
USC00265880	1991	8	1	2	0	0.100
USC00265880	1991	8	25	19	0	0.100
USC00265880	1991	9	6	13	0	0.100
USC00265880	1991	9	6	14	0	0.100
USC00265880	1991	10	23	23	0	0.100
USC00265880	1991	10	26	22	0	0.100
USC00265880	1991	10	26	24	0	0.100
USC00265880	1991	11	16	10	0	0.100
USC00265880	1991	12	7	21	0	0.100
USC00265880	1991	12	7	24	0	0.100
USC00265880	1991	12	10	18	0	0.100
USC00265880	1991	12	10	19	0	0.100
USC00265880	1991	12	10	21	0	0.100
USC00265880	1991	12	19	3	0	0.100
USC00265880	1991	12	19	4	0	0.200
USC00265880	1991	12	19	5	0	0.200
USC00265880	1991	12	19	6	0	0.300
USC00265880	1991	12	19	7	0	0.100
USC00265880	1991	12	19	8	0	0.100
USC00265880	1991	12	30	4	0	0.100
USC00265880	1992	1	5	8	0	0.100
USC00265880	1992	1	5	12	0	0.100
USC00265880	1992	1	5	17	0	0.100
USC00265880	1992	1	5	18	0	0.100
USC00265880	1992	1	5	19	0	0.200
USC00265880	1992	1	5	20	0	0.100
USC00265880	1992	1	5	21	0	0.200
USC00265880	1992	1	5	22	0	0.100
USC00265880	1992	1	6	0	0	0.100
USC00265880	1992	1	6	4	0	0.100
USC00265880	1992	2	10	23	0	0.100
USC00265880	1992	2	12	11	0	0.100
USC00265880	1992	2	12	17	0	0.100
USC00265880	1992	2	12	19	0	0.100
USC00265880	1992	2	12	20	0	0.100
USC00265880	1992	2	13	15	0	0.100
USC00265880	1992	3	2	18	0	0.100
USC00265880	1992	3	3	2	0	0.100
USC00265880	1992	3	3	7	0	0.100
USC00265880	1992	3	3	11	0	0.100
USC00265880	1992	3	3	22	0	0.100
USC00265880	1992	3	6	18	0	0.100
USC00265880	1992	3	7	8	0	0.200
USC00265880	1992	3	7	9	0	0.100
USC00265880	1992	3	7	12	0	0.100
USC00265880	1992	3	7	20	0	0.100
USC00265880	1992	3	8	1	0	0.100
USC00265880	1992	3	8	5	0	0.100
USC00265880	1992	3	8	9	0	0.100
USC00265880	1992	3	8	13	0	0.100
USC00265880	1992	3	8	21	0	0.100
USC00265880	1992	3	21	4	0	0.100
USC00265880	1992	3	21	10	0	0.100
USC00265880	1992	3	21	11	0	0.100
USC00265880	1992	3	21	15	0	0.100
USC00265880	1992	3	21	18	0	0.100
USC00265880	1992	3	21	19	0	0.100
USC00265880	1992	3	22	23	0	0.100
USC00265880	1992	3	23	5	0	0.100
USC00265880	1992	3	23	7	0	0.100
USC00265880	1992	3	24	8	0	0.100
USC00265880	1992	3	27	10	0	0.100
USC00265880	1992	3	30	5	0	0.100
USC00265880	1992	3	31	13	0	0.100
USC00265880	1992	5	5	19	0	0.100
USC00265880	1992	5	6	10	0	0.100
USC00265880	1992	5	26	13	0	0.100
USC00265880	1992	5	26	18	0	0.100
USC00265880	1992	5	29	2	0	0.100
USC00265880	1992	5	29	5	0	0.300
USC00265880	1992	5	29	6	0	0.200
USC00265880	1992	6	2	15	0	0.100
USC00265880	1992	6	24	19	0	0.200
USC00265880	1992	7	13	13	0	0.100
USC00265880	1992	10	24	3	0	0.200
USC00265880	1992	10	24	4	0	0.200
USC00265880	1992	10	24	6	0	0.100
USC00265880	1992	10	24	7	0	0.100
USC00265880	1992	10	24	8	0	0.100
USC00265880	1992	10	24	9	0	0.100
USC00265880	1992	10	24	16	0	0.100
USC00265880	1992	10	27	23	0	0.100
USC00265880	1992	10	27	24	0	0.100
USC00265880	1992	10	28	11	0	0.300
USC00265880	1992	10	28	14	0	0.100
USC00265880	1992	10	30	12	0	0.100
USC00265880	1992	10	30	13	0	0.100
USC00265880	1992	10	31	6	0	0.100
USC00265880	1992	12	7	10	0	0.100
USC00265880	1992	12	7	17	0	0.100
USC00265880	1992	12	18	3	0	0.100
USC00265880	1992	12	18	4	0	0.100
USC00265880	1992	12	28	1	0	0.100
USC00265880	1992	12	28	3	0	0.100
USC00265880	1992	12	28	4	0	0.100
USC00265880	1992	12	28	5	0	0.100
USC00265880	1992	12	28	7	0	0.100
USC00265880	1992	12	29	23	0	0.070
USC00265880	1992	12	30	2	0	0.070
USC00265880	1993	1	2	1	0	0.100
USC00265880	1993	1	6	18	0	0.100
USC00265880	1993	1	7	1	0	0.100
USC00265880	1993	1	7	23	0	0.100
USC00265880	1993	1	8	2	0	0.100
USC00265880	1993	1	9	18	0	0.100
USC00265880	1993	1	10	18	0	0.100
USC00265880	1993	1	10	19	0	0.200
USC00265880	1993	1	13	13	0	0.100
USC00265880	1993	1	13	22	0	0.100
USC00265880	1993	1	14	18	0	0.070
USC00265880	1993	1	15	18	0	0.070
USC00265880	1993	1	15	22	0	0.070
USC00265880	1993	1	16	1	0	0.070
USC00265880	1993	1	16	7	0	0.070
USC00265880	1993	1	16	16	0	0.070
USC00265880	1993	1	16	18	0	0.070
USC00265880	1993	1	16	19	0	0.070
USC00265880	1993	1	17	3	0	0.070
USC00265880	1993	1	17	9	0	0.070
USC00265880	1993	1	17	14	0	0.070
USC00265880	1993	1	17	15	0	0.070
USC00265880	1993	1	17	16	0	0.070
USC00265880	1993	1	17	17	0	0.070
USC00265880	1993	1	17	19	0	0.070
USC00265880	1993	1	17	20	0	0.070
USC00265880	1993	1	17	23	0	0.070
USC00265880	1993	1	18	8	0	0.070
USC00265880	1993	1	18	14	0	0.070
USC00265880	1993	1	18	15	0	0.070
USC00265880	1993	1	30	15	0	0.070
USC00265880	1993	1	30	16	0	0.070
USC00265880	1993	1	30	21	0	0.070
USC00265880	1993	1	31	7	0	0.070
USC00265880	1993	1	31	12	0	0.070
USC00265880	1993	1	31	14	0	0.070
USC00265880	1993	2	8	3	0	0.035
USC00265880	1993	2	8	6	0	0.071
USC00265880	1993	2	8	7	0	0.035
USC00265880	1993	2	8	8	0	0.035
USC00265880	1993	2	8	9	0	0.071
USC00265880	1993	2	8	10	0	0.071
USC00265880	1993	2	8	11	0	0.035
USC00265880	1993	2	8	12	0	0.035
USC00265880	1993	2	8	14	0	0.071
USC00265880	1993	2	8	15	0	0.035
USC00265880	1993	2	8	16	0	0.071
USC00265880	1993	2	8	20	0	0.035
USC00265880	1993	2	18	8	0	0.100
USC00265880	1993	2	18	16	0	0.100
USC00265880	1993	2	19	4	0	0.100
USC00265880	1993	2	26	18	0	0.129
USC00265880	1993	2	26	20	0	0.129
USC00265880	1993	2	26	23	0	0.257
USC00265880	1993	2	27	1	0	0.129
USC00265880	1993	2	27	2	0	0.129
USC00265880	1993	2	27	3	0	0.129
USC00265880	1993	3	3	14	0	0.100
USC00265880	1993	3	26	14	0	0.100
USC00265880	1993	3	26	19	0	0.100
USC00265880	1993	3	27	2	0	0.100
USC00265880	1993	3	27	7	0	0.100
USC00265880	1993	3	28	10	0	0.100
USC00265880	1993	5	13	18	0	0.100
USC00265880	1993	5	15	16	0	0.100
USC00265880	1993	6	5	13	0	0.100
USC00265880	1993	6	5	14	0	0.200
USC00265880	1993	6	5	17	0	0.100
USC00265880	1993	6	5	18	0	0.100
USC00265880	1993	6	5	20	0	0.100
USC00265880	1993	8	7	1	0	0.200
USC00265880	1993	8	28	16	0	0.100
USC00265880	1993	10	11	5	0	0.100
USC00265880	1993	10	18	13	0	0.100
USC00265880	1993	11	11	8	0	0.200
USC00265880	1993	11	11	18	0	0.100
USC00265880	1993	11	14	4	0	0.100
USC00265880	1993	12	11	20	0	0.100
USC00265880	1993	12	15	1	0	0.100
USC00265880	1993	12	15	4	0	0.100
USC00265880	1993	12	15	9	0	0.100
USC00265880	1994	1	25	7	0	0.100
USC00265880	1994	1	25	8	0	0.200
USC00265880	1994	1	25	9	0	0.100
USC00265880	1994	1	25	11	0	0.100
USC00265880	1994	1	25	13	0	0.100
USC00265880	1994	2	7	15	0	0.100
USC00265880	1994	2	7	17	0	0.100
USC00265880	1994	2	7	19	0	0.100
USC00265880	1994	2	8	3	0	0.100
USC00265880	1994	2	17	17	0	0.100
USC00265880	1994	3	11	15	0	0.100
USC00265880	1994	3	19	23	0	0.100
USC00265880	1994	3	25	7	0	0.100
USC00265880	1994	3	25	14	0	0.100
USC00265880	1994	3	25	16	0	0.100
USC00265880	1994	3	26	3	0	0.100
USC00265880	1994	3	26	8	0	0.100
USC00265880	1994	4	9	14	0	0.100
USC00265880	1994	4	9	18	0	0.100
USC00265880	1994	4	25	17	0	0.100
USC00265880	1994	4	27	13	0	0.100
USC00265880	1994	4	27	14	0	0.100
USC00265880	1994	4	27	17	0	0.100
USC00265880	1994	4	27	19	0	0.100
USC00265880	1994	4	28	11	0	0.100
USC00265880	1994	5	26	18	0	0.100
USC00265880	1994	5	27	10	0	0.100
USC00265880	1994	5	31	5	0	0.100
USC00265880	1994	5	31	14	0	0.100
USC00265880	1994	7	31	14	0	0.100
USC00265880	1994	10	14	21	0	0.100
USC00265880	1994	10	14	23	0	0.100
USC00265880	1994	11	2	11	0	0.100
USC00265880	1994	11	2	18	0	0.100
USC00265880	1994	11	2	19	0	0.100
USC00265880	1994	11	2	20	0	0.100
USC00265880	1994	11	2	21	0	0.100
USC00265880	1994	11	2	22	0	0.100
USC00265880	1994	11	10	20	0	0.100
USC00265880	1994	11	10	22	0	0.100
USC00265880	1994	11	11	19	0	0.100
USC00265880	1994	11	11	21	0	0.100
USC00265880	1994	11	12	5	0	0.100
USC00265880	1994	11	18	15	0	0.100
USC00265880	1994	12	7	5	0	0.100
USC00265880	1994	12	24	12	0	0.100
USC00265880	1994	12	24	20	0	0.100
USC00265880	1994	12	24	23	0	0.100
USC00265880	1994	12	24	24	0	0.200
USC00265880	1994	12	25	2	0	0.100
USC00265880	1994	12	25	3	0	0.100
USC00265880	1994	12	25	4	0	0.100
USC00265880	1994	12	25	5	0	0.100
USC00265880	1994	12	25	6	0	0.100
USC00265880	1994	12	25	7	0	0.100
USC00265880	1994	12	25	9	0	0.100
USC00265880	1994	12	29	1	0	0.100
USC00265880	1994	12	29	2	0	0.100
USC00265880	1994	12	29	4	0	0.100
USC00265880	1994	12	29	10	0	0.100
USC00265880	1994	12	29	11	0	0.100
USC00265880	1994	12	29	12	0	0.100
USC00265880	1994	12	29	17	0	0.100
USC00265880	1995	1	4	8	0	0.100
USC00265880	1995	1	4	15	0	0.100
USC00265880	1995	1	4	19	0	0.100
USC00265880	1995	1	5	7	0	0.100
USC00265880	1995	1	7	24	0	0.100
USC00265880	1995	1	10	13	0	0.100
USC00265880	1995	1	11	16	0	0.100
USC00265880	1995	1	15	18	0	0.100
USC00265880	1995	1	15	22	0	0.100
USC00265880	1995	1	24	7	0	0.100
USC00265880	1995	1	25	3	0	0.100
USC00265880	1995	1	25	6	0	0.100
USC00265880	1995	1	25	7	0	0.100
USC00265880	1995	1	25	10	0	0.100
USC00265880	1995	1	25	16	0	0.100
USC00265880	1995	1	25	24	0	0.100
USC00265880	1995	1	26	6	0	0.100
USC00265880	1995	1	26	7	0	0.100
USC00265880	1995	2	14	3	0	0.100
USC00265880	1995	2	26	17	0	0.100
USC00265880	1995	2	28	15	0	0.100
USC00265880	1995	3	1	1	0	0.100
USC00265880	1995	3	1	2	0	0.100
USC00265880	1995	3	1	16	0	0.100
USC00265880	1995	3	2	24	0	0.100
USC00265880	1995	3	5	17	0	0.200
USC00265880	1995	3	5	18	0	0.200
USC00265880	1995	3	5	19	0	0.300
USC00265880	1995	3	5	20	0	0.200
USC00265880	1995	3	10	10	0	0.100
USC00265880	1995	3	10	16	0	0.100
USC00265880	1995	3	11	6	0	0.100
USC00265880	1995	3	11	7	0	0.100
USC00265880	1995	3	11	9	0	0.100
USC00265880	1995	3	11	10	0	0.100
USC00265880	1995	3	11	11	0	0.100
USC00265880	1995	3	11	18	0	0.100
USC00265880	1995	3	11	21	0	0.100
USC00265880	1995	3	21	13	0	0.100
USC00265880	1995	3	21	14	0	0.100
USC00265880	1995	4	18	2	0	0.100
USC00265880	1995	4	18	5	0	0.100
USC00265880	1995	4	18	6	0	0.100
USC00265880	1995	4	18	7	0	0.100
USC00265880	1995	4	18	8	0	0.100
USC00265880	1995	4	18	10	0	0.100
USC00265880	1995	4	18	13	0	0.100
USC00265880	1995	4	18	14	0	0.100
USC00265880	1995	4	18	16	0	0.100
USC00265880	1995	4	20	15	0	0.100
USC00265880	1995	5	5	12	0	0.100
USC00265880	1995	5	5	13	0	0.100
USC00265880	1995	5	5	15	0	0.100
USC00265880	1995	5	8	13	0	0.100
USC00265880	1995	5	17	8	0	0.100
USC00265880	1995	5	23	14	0	0.100
USC00265880	1995	5	24	12	0	0.100
USC00265880	1995	5	25	10	0	0.100
USC00265880	1995	5	29	16	0	0.100
USC00265880	1995	5	29	17	0	0.100
USC00265880	1995	6	1	7	0	0.100
USC00265880	1995	6	5	11	0	0.100
USC00265880	1995	6	5	13	0	0.100
USC00265880	1995	6	16	13	0	0.100
USC00265880	1995	8	1	12	0	0.100
USC00265880	1995	12	13	14	0	0.070
USC00265880	1995	12	13	16	0	0.070
USC00265880	1995	12	14	3	0	0.070
USC00265880	1996	1	20	12	0	0.070
USC00265880	1996	1	21	21	0	0.070
USC00265880	1996	1	31	8	0	0.070
USC00265880	1996	1	31	23	0	0.070
USC00265880	1996	2	20	24	0	0.070
USC00265880	1996	2	22	2	0	0.070
USC00265880	1996	2	25	14	0	0.070
USC00265880	1996	2	25	15	0	0.070
USC00265880	1996	2	25	16	0	0.070
USC00265880	1996	2	25	17	0	0.070
USC00265880	1996	2	25	23	0	0.070
USC00265880	1996	2	26	8	0	0.070
USC00265880	1996	2	26	14	0	0.070
USC00265880	1996	2	28	12	0	0.070
USC00265880	1996	3	12	21	0	0.100
USC00265880	1996	3	12	22	0	0.100
USC00265880	1996	3	14	8	0	0.100
USC00265880	1996	3	29	8	0	0.100
USC00265880	1996	5	24	14	0	0.100
USC00265880	1996	5	25	4	0	0.100
USC00265880	1996	5	25	8	0	0.100
USC00265880	1996	5	26	1	0	0.100
USC00265880	1996	10	28	2	0	0.100
USC00265880	1996	10	30	20	0	0.200
USC00265880	1996	10	30	21	0	0.100
USC00265880	1996	10	30	24	0	0.100
USC00265880	1996	10	31	1	0	0.200
USC00265880	1996	10	31	3	0	0.100
USC00265880	1996	11	21	14	0	0.100
USC00265880	1996	11	21	16	0	0.100
USC00265880	1996	11	21	17	0	0.100
USC00265880	1996	11	21	18	0	0.100
USC00265880	1996	11	21	20	0	0.100
USC00265880	1996	11	22	5	0	0.100
USC00265880	1996	11	22	7	0	0.100
USC00265880	1996	11	22	10	0	0.100
USC00265880	1996	12	9	21	0	0.100
USC00265880	1996	12	9	22	0	0.100
USC00265880	1996	12	10	23	0	0.100
USC00265880	1996	12	26	11	0	0.100
USC00265880	1997	1	3	5	0	0.200
USC00265880	1997	1	3	10	0	0.100
USC00265880	1997	1	3	13	0	0.100
USC00265880	1997	1	13	16	0	0.200
USC00265880	1997	1	14	11	0	0.100
USC00265880	1997	5	20	8	0	0.200
USC00265880	1997	5	20	21	0	0.200
USC00265880	1997	6	14	6	0	0.100
USC00265880	1997	6	14	7	0	0.100
USC00265880	1997	6	16	13	0	0.100
USC00265880	1997	7	28	12	0	0.100
USC00265880	1997	7	30	9	0	0.100
USC00265880	1997	8	14	12	0	0.100
USC00265880	1997	9	2	23	0	0.400
USC00265880	1997	9	3	4	0	0.200
USC00265880	1997	9	3	5	0	0.100
USC00265880	1997	9	3	8	0	0.300
USC00265880	1997	9	3	9	0	0.100
USC00265880	1997	9	3	10	0	0.100
USC00265880	1997	9	3	11	0	0.100
USC00265880	1997	9	3	12	0	0.100
USC00265880	1997	9	3	15	0	0.100
USC00265880	1997	9	3	17	0	0.100
USC00265880	1997	9	4	9	0	0.100
USC00265880	1997	9	22	11	0	0.100
USC00265880	1997	9	25	20	0	0.200
USC00265880	1997	9	25	22	0	0.100
USC00265880	1997	9	26	1	0	0.100
USC00265880	1997	9	29	11	0	0.100
USC00265880	1997	11	10	21	0	0.100
USC00265880	1997	11	10	24	0	0.100
USC00265880	1997	11	11	6	0	0.200
USC00265880	1997	11	11	10	0	0.300
USC00265880	1997	11	12	12	0	0.100
USC00265880	1997	11	26	16	0	0.200
USC00265880	1997	11	26	23	0	0.100
USC00265880	1998	1	13	9	0	0.100
USC00265880	1998	2	4	2	0	0.100
USC00265880	1998	2	4	4	0	0.100
USC00265880	1998	2	4	7	0	0.100
USC00265880	1998	2	4	10	0	0.100
USC00265880	1998	2	6	24	0	0.100
USC00265880	1998	2	7	13	0	0.100
USC00265880	1998	2	8	22	0	0.100
USC00265880	1998	2	8	23	0	0.100
USC00265880	1998	2	14	23	0	0.100
USC00265880	1998	2	15	2	0	0.200
USC00265880	1998	2	18	13	0	0.100
USC00265880	1998	2	20	8	0	0.100
USC00265880	1998	2	20	9	0	0.100
USC00265880	1998	2	20	12	0	0.100
USC00265880	1998	2	23	20	0	0.300
USC00265880	1998	2	23	22	0	0.200
USC00265880	1998	2	23	24	0	0.100
USC00265880	1998	2	24	2	0	0.300
USC00265880	1998	2	24	3	0	0.100
USC00265880	1998	3	26	2	0	0.100
USC00265880	1998	3	26	3	0	0.100
USC00265880	1998	3	26	6	0	0.100
USC00265880	1998	3	26	7	0	0.100
USC00265880	1998	4	3	22	0	0.300
USC00265880	1998	4	4	1	0	0.100
USC00265880	1998	4	12	5	0	0.070
USC00265880	1998	4	12	7	0	0.070
USC00265880	1998	4	12	9	0	0.070
USC00265880	1998	5	5	13	0	0.200
USC00265880	1998	5	5	16	0	0.200
USC00265880	1998	5	6	11	0	0.100
USC00265880	1998	5	12	24	0	0.200
USC00265880	1998	5	13	10	0	0.100
USC00265880	1998	6	9	13	0	0.200
USC00265880	1998	6	9	14	0	0.100
USC00265880	1998	6	11	3	0	0.100
USC00265880	1998	6	11	5	0	0.100
USC00265880	1998	6	12	23	0	0.100
USC00265880	1998	7	22	14	0	0.600
USC00265880	1998	7	23	5	0	0.100
USC00265880	1998	7	23	6	0	0.100
USC00265880	1998	7	23	7	0	0.100
USC00265880	1998	7	23	8	0	0.200
USC00265880	1998	7	23	9	0	0.200
USC00265880	1998	7	23	10	0	0.100
USC00265880	1998	7	24	5	0	0.100
USC00265880	1998	10	28	21	0	0.500
USC00265880	1998	11	7	12	0	0.100
USC00265880	1998	11	8	7	0	0.200
USC00265880	1999	1	27	9	0	0.400
USC00265880	1999	1	27	11	0	0.100
USC00265880	1999	2	18	12	0	0.400
USC00265880	1999	4	3	19	0	0.100
USC00265880	1999	4	3	20	0	0.100
USC00265880	1999	4	3	23	0	0.100
USC00265880	1999	4	4	0	0	0.100
USC00265880	1999	4	4	8	0	0.200
USC00265880	1999	4	4	10	0	0.100
USC00265880	1999	4	7	8	0	0.100
USC00265880	1999	4	7	9	0	0.100
USC00265880	1999	4	7	10	0	0.100
USC00265880	1999	4	23	10	0	0.100
USC00265880	1999	4	23	15	0	0.100
USC00265880	1999	4	23	16	0	0.100
USC00265880	1999	4	23	18	0	0.100
USC00265880	1999	4	23	19	0	0.100
USC00265880	1999	4	24	12	0	0.100
USC00265880	1999	5	4	11	0	0.100
USC00265880	1999	6	2	4	0	0.100
USC00265880	1999	6	2	7	0	0.100
USC00265880	1999	6	4	10	0	0.100
USC00265880	1999	6	4	18	0	0.100
USC00265880	1999	7	8	8	0	0.100
USC00265880	1999	7	9	18	0	0.100
USC00265880	1999	7	10	21	0	0.100
USC00265880	1999	7	15	17	0	0.300
USC00265880	1999	7	15	19	0	0.100
USC00265880	1999	8	10	4	0	0.100
USC00265880	1999	8	20	15	0	0.100
USC00265880	1999	8	30	8	0	0.070
USC00265880	1999	9	22	22	0	0.129
USC00265880	2000	1	3	3	0	0.100
USC00265880	2000	1	26	9	0	0.100
USC00265880	2000	1	27	1	0	0.100
USC00265880	2000	1	27	2	0	0.200
USC00265880	2000	1	27	5	0	0.100
USC00265880	2000	2	12	4	0	0.100
USC00265880	2000	2	12	7	0	0.100
USC00265880	2000	2	17	11	0	0.100
USC00265880	2000	2	21	7	0	0.100
USC00265880	2000	2	21	8	0	0.200
USC00265880	2000	2	21	9	0	0.200
USC00265880	2000	2	21	10	0	0.100
USC00265880	2000	2	21	11	0	0.100
USC00265880	2000	2	21	12	0	0.100
USC00265880	2000	2	21	13	0	0.100
USC00265880	2000	2	23	13	0	0.100
USC00265880	2000	2	23	16	0	0.100
USC00265880	2000	2	23	19	0	0.100
USC00265880	2000	2	23	20	0	0.100
USC00265880	2000	2	23	21	0	0.100
USC00265880	2000	2	24	12	0	0.100
USC00265880	2000	2	28	1	0	0.100
USC00265880	2000	2	28	8	0	0.100
USC00265880	2000	2	28	12	0	0.100
USC00265880	2000	3	1	23	0	0.100
USC00265880	2000	3	2	1	0	0.100
USC00265880	2000	3	2	4	0	0.100
USC00265880	2000	3	6	22	0	0.200
USC00265880	2000	3	6	24	0	0.100
USC00265880	2000	3	7	1	0	0.100
USC00265880	2000	3	7	6	0	0.100
USC00265880	2000	3	8	11	0	0.100
USC00265880	2000	8	23	9	0	0.400
USC00265880	2000	8	24	13	0	0.200
USC00265880	2000	8	28	9	0	0.100
USC00265880	2000	8	29	15	0	0.400
USC00265880	2000	8	29	16	0	0.100
USC00265880	2000	8	29	17	0	0.100
USC00265880	2000	8	29	18	0	0.200
USC00265880	2000	8	29	19	0	0.100
USC00265880	2000	8	30	1	0	0.100
USC00265880	2000	8	30	7	0	0.100
USC00265880	2000	8	31	18	0	0.300
USC00265880	2000	9	6	13	0	0.100
USC00265880	2000	9	8	6	0	0.100
USC00265880	2000	10	9	23	0	0.100
USC00265880	2000	10	9	24	0	0.100
USC00265880	2000	10	11	5	0	0.100
USC00265880	2000	10	23	15	0	0.100
USC00265880	2000	10	24	2	0	0.100
USC00265880	2000	10	24	5	0	0.100
USC00265880	2000	10	24	9	0	0.100
USC00265880	2000	10	27	7	0	0.100
USC00265880	2000	10	27	14	0	0.100
USC00265880	2000	10	29	23	0	0.100
USC00265880	2000	10	30	2	0	0.100
USC00265880	2000	10	30	3	0	0.100
USC00265880	2001	1	9	8	0	0.129
USC00265880	2001	1	9	11	0	0.129
USC00265880	2001	1	9	14	0	0.129
USC00265880	2001	1	11	13	0	0.129
USC00265880	2001	1	11	17	0	0.129
USC00265880	2001	1	11	18	0	0.129
USC00265880	2001	1	11	21	0	0.129
USC00265880	2001	2	13	22	0	0.100
USC00265880	2001	2	14	1	0	0.100
USC00265880	2001	2	26	18	0	0.300
USC00265880	2001	2	27	13	0	0.100
USC00265880	2001	2	28	14	0	0.200
USC00265880	2001	3	5	9	0	0.200
USC00265880	2001	3	9	23	0	0.100
USC00265880	2001	3	10	6	0	0.100
USC00265880	2001	3	10	8	0	0.100
USC00265880	2001	4	4	16	0	0.129
USC00265880	2001	4	4	24	0	0.129
USC00265880	2001	5	13	4	0	0.139
USC00265880	2001	5	28	9	0	1.045
USC00265880	2001	7	6	5	0	0.139
USC00265880	2001	7	6	21	0	0.139
USC00265880	2001	7	7	3	0	0.279
USC00265880	2001	8	11	16	0	0.279
USC00265880	2001	8	19	9	0	0.129
USC00265880	2001	8	19	23	0	0.514
USC00265880	2001	8	19	24	0	0.257
USC00265880	2001	8	20	1	0	0.129
USC00265880	2001	10	30	19	0	0.100
USC00265880	2001	10	30	20	0	0.100
USC00265880	2001	11	12	24	0	0.100
USC00265880	2001	11	13	12	0	0.100
USC00265880	2001	11	24	24	0	0.100
USC00265880	2001	12	3	19	0	0.100
USC00265880	2001	12	3	22	0	0.100
USC00265880	2001	12	15	14	0	0.139
USC00265880	2001	12	31	4	0	0.139
USC00265880	2002	4	27	2	0	0.139
USC00265880	2002	4	27	3	0	0.139
USC00265880	2002	4	27	6	0	0.139
USC00265880	2002	5	31	13	0	0.100
USC00265880	2002	9	12	12	0	0.100
USC00265880	2002	10	1	19	0	0.100
USC00265880	2002	10	3	9	0	0.100
USC00265880	2002	10	26	10	0	0.100
USC00265880	2002	10	27	1	0	0.100
USC00265880	2002	11	9	21	0	0.100
USC00265880	2002	12	20	12	0	0.100
USC00265880	2003	1	1	16	0	0.100
USC00265880	2003	2	12	15	0	0.100
USC00265880	2003	2	12	18	0	0.100
USC00265880	2003	2	12	20	0	0.100
USC00265880	2003	2	13	1	0	0.100
USC00265880	2003	2	18	13	0	0.100
USC00265880	2003	2	24	24	0	0.200
USC00265880	2003	2	25	2	0	0.100
USC00265880	2003	2	25	5	0	0.100
USC00265880	2003	2	25	15	0	0.100
USC00265880	2003	2	25	19	0	0.100
USC00265880	2003	2	27	5	0	0.200
USC00265880	2003	2	27	10	0	0.100
USC00265880	2003	2	28	7	0	0.100
USC00265880	2003	3	15	15	0	0.139
USC00265880	2003	3	16	10	0	0.139
USC00265880	2003	4	14	20	0	0.200
USC00265880	2003	4	14	21	0	0.100
USC00265880	2003	4	14	22	0	0.100
USC00265880	2003	4	14	23	0	0.200
USC00265880	2003	4	15	1	0	0.100
USC00265880	2003	4	17	11	0	0.100
USC00265880	2003	7	31	11	0	0.100
USC00265880	2003	8	16	8	0	0.139
USC00265880	2003	8	16	9	0	0.139
USC00265880	2003	9	1	13	0	0.100
USC00265880	2003	9	5	19	0	0.100
USC00265880	2003	11	12	21	0	0.100
USC00265880	2003	11	13	3	0	0.100
USC00265880	2003	11	16	9	0	0.100
USC00265880	2003	11	16	16	0	0.100
USC00265880	2003	12	25	16	0	0.300
USC00265880	2003	12	25	18	0	0.200
USC00265880	2003	12	25	19	0	0.100
USC00265880	2003	12	25	20	0	0.100
USC00265880	2003	12	25	21	0	0.200
USC00265880	2003	12	25	22	0	0.100
USC00265880	2004	2	21	15	0	0.139
USC00265880	2004	2	22	3	0	0.139
USC00265880	2004	2	22	15	0	0.139
USC00265880	2004	2	23	6	0	0.139
USC00265880	2004	2	23	9	0	0.100
USC00265880	2004	2	23	11	0	0.100
USC00265880	2004	2	26	7	0	0.100
USC00265880	2004	2	26	8	0	0.100
USC00265880	2004	2	26	9	0	0.100
USC00265880	2004	2	26	10	0	0.100
USC00265880	2004	2	26	13	0	0.200
USC00265880	2004	2	28	10	0	0.100
USC00265880	2004	2	29	14	0	0.100
USC00265880	2004	4	2	2	0	0.100
USC00265880	2004	4	2	4	0	0.100
USC00265880	2004	4	2	8	0	0.100
USC00265880	2004	4	2	10	0	0.100
USC00265880	2004	4	2	13	0	0.100
USC00265880	2004	4	2	14	0	0.200
USC00265880	2004	4	2	15	0	0.200
USC00265880	2004	4	6	8	0	0.100
USC00265880	2004	4	9	8	0	0.100
USC00265880	2004	8	11	15	0	0.100
USC00265880	2004	8	11	16	0	0.200
USC00265880	2004	8	15	7	0	0.100
USC00265880	2004	8	15	9	0	0.100
USC00265880	2004	8	16	18	0	0.200
USC00265880	2004	8	19	17	0	0.100
USC00265880	2004	8	22	1	0	0.100
USC00265880	2004	10	20	15	0	1.000
USC00265880	2004	10	21	20	0	0.100
USC00265880	2004	10	21	21	0	0.100
USC00265880	2004	10	22	3	0	0.100
USC00265880	2004	10	22	21	0	0.100
USC00265880	2004	10	23	15	0	0.100
USC00265880	2004	10	24	9	0	0.100
USC00265880	2004	10	28	13	0	0.100
USC00265880	2004	10	28	15	0	0.100
USC00265880	2004	11	7	23	0	0.300
USC00265880	2004	11	8	1	0	0.100
USC00265880	2004	11	8	5	0	0.200
USC00265880	2004	11	8	6	0	0.100
USC00265880	2004	11	8	7	0	0.100
USC00265880	2004	12	29	15	0	0.100
USC00265880	2004	12	29	16	0	0.100
USC00265880	2004	12	30	20	0	0.100
USC00265880	2005	1	3	13	0	0.129
USC00265880	2005	1	3	15	0	0.129
USC00265880	2005	1	3	17	0	0.129
USC00265880	2005	1	4	1	0	0.257
USC00265880	2005	1	7	10	0	0.129
USC00265880	2005	1	7	13	0	0.129
USC00265880	2005	1	7	14	0	0.129
USC00265880	2005	1	7	16	0	0.129
USC00265880	2005	1	9	18	0	0.129
USC00265880	2005	1	9	19	0	0.129
USC00265880	2005	1	10	10	0	0.129
USC00265880	2005	1	10	12	0	0.129
USC00265880	2005	1	26	9	0	0.129
USC00265880	2005	1	26	17	0	0.129
USC00265880	2005	1	26	21	0	0.129
USC00265880	2005	1	28	19	0	0.129
USC00265880	2005	1	29	6	0	0.129
USC00265880	2005	2	11	8	0	0.129
USC00265880	2005	2	11	11	0	0.129
USC00265880	2005	2	11	13	0	0.129
USC00265880	2005	2	11	16	0	0.129
USC00265880	2005	2	11	17	0	0.129
USC00265880	2005	2	11	18	0	0.129
USC00265880	2005	2	11	21	0	0.129
USC00265880	2005	2	12	4	0	0.129
USC00265880	2005	2	12	6	0	0.129
USC00265880	2005	2	18	4	0	0.129
USC00265880	2005	2	18	17	0	0.129
USC00265880	2005	2	18	18	0	0.257
USC00265880	2005	2	18	19	0	0.129
USC00265880	2005	2	19	21	0	0.386
USC00265880	2005	2	19	22	0	0.129
USC00265880	2005	2	21	16	0	0.129
USC00265880	2005	2	21	24	0	0.129
USC00265880	2005	2	22	1	0	0.129
USC00265880	2005	2	22	2	0	0.257
USC00265880	2005	2	22	4	0	0.129
USC00265880	2005	2	22	9	0	0.129
USC00265880	2005	2	22	12	0	0.129
USC00265880	2005	2	25	13	0	0.129
USC00265880	2005	3	1	14	0	0.200
USC00265880	2005	3	1	15	0	0.100
USC00265880	2005	3	2	19	0	0.100
USC00265880	2005	3	19	19	0	0.100
USC00265880	2005	3	22	18	0	0.100
USC00265880	2005	3	22	24	0	0.100
USC00265880	2005	3	23	4	0	0.100
USC00265880	2005	3	23	18	0	0.100
USC00265880	2005	3	24	16	0	0.200
USC00265880	2005	3	24	17	0	0.100
USC00265880	2005	3	24	18	0	0.200
USC00265880	2005	4	24	15	0	0.100
USC00265880	2005	4	26	24	0	0.100
USC00265880	2005	4	27	4	0	0.100
USC00265880	2005	4	27	13	0	0.100
USC00265880	2005	4	28	13	0	0.100
USC00265880	2005	5	6	9	0	0.100
USC00265880	2005	5	7	8	0	0.100
USC00265880	2005	6	2	22	0	0.100
USC00265880	2005	6	11	7	0	0.100
USC00265880	2005	7	1	12	0	0.100
USC00265880	2005	7	22	7	0	0.100
USC00265880	2005	7	26	8	0	0.100
USC00265880	2005	8	9	6	0	0.200
USC00265880	2005	8	9	7	0	0.200
USC00265880	2005	8	9	22	0	0.300
USC00265880	2005	8	9	24	0	0.100
USC00265880	2005	8	10	1	0	0.100
USC00265880	2005	8	10	11	0	0.100
USC00265880	2005	8	14	19	0	0.100
USC00265880	2005	8	15	7	0	0.100
USC00265880	2005	8	16	12	0	0.300
USC00265880	2005	8	17	10	0	0.100
USC00265880	2005	9	20	23	0	0.200
USC00265880	2005	9	21	1	0	0.100
USC00265880	2005	9	21	3	0	0.100
USC00265880	2005	9	21	14	0	0.100
USC00265880	2005	10	18	2	0	0.200
USC00265880	2005	10	18	5	0	0.100
USC00265880	2005	10	18	12	0	0.200
USC00265880	2005	10	18	16	0	0.200
USC00265880	2005	10	18	17	0	0.100
USC00265880	2005	10	18	18	0	0.100
USC00265880	2005	10	20	16	0	0.100
USC00265880	2005	12	31	18	0	0.100
USC00265880	2005	12	31	19	0	0.100
USC00265880	2006	1	2	0	0	0.100
USC00265880	2006	1	2	16	0	0.100
USC00265880	2006	2	27	21	0	0.100
USC00265880	2006	2	28	2	0	0.100
USC00265880	2006	2	28	9	0	0.100
USC00265880	2006	2	28	10	0	0.100
USC00265880	2006	2	28	11	0	0.100
USC00265880	2006	3	11	20	0	0.100
USC00265880	2006	3	12	2	0	0.100
USC00265880	2006	3	18	11	0	0.100
USC00265880	2006	3	21	4	0	0.100
USC00265880	2006	3	21	5	0	0.100
USC00265880	2006	3	21	10	0	0.100
USC00265880	2006	3	28	17	0	0.200
USC00265880	2006	3	28	18	0	0.100
USC00265880	2006	3	28	20	0	0.100
USC00265880	2006	3	28	21	0	0.100
USC00265880	2006	3	28	22	0	0.100
USC00265880	2006	3	28	24	0	0.100
USC00265880	2006	4	5	15	0	0.100
USC00265880	2006	4	14	22	0	0.100
USC00265880	2006	4	14	23	0	0.100
USC00265880	2006	5	7	16	0	0.100
USC00265880	2006	6	13	15	0	0.100
USC00265880	2006	7	4	1	0	0.100
USC00265880	2006	7	4	2	0	0.100
USC00265880	2006	7	4	3	0	0.100
USC00265880	2006	7	4	4	0	0.100
USC00265880	2006	7	4	7	0	0.100
USC00265880	2006	7	23	10	0	0.100
USC00265880	2006	7	29	9	0	0.100
USC00265880	2006	7	29	19	0	0.100
USC00265880	2006	9	14	18	0	0.100
USC00265880	2006	10	6	5	0	0.100
USC00265880	2006	10	6	6	0	0.200
USC00265880	2006	10	6	12	0	0.100
USC00265880	2006	10	14	5	0	0.200
USC00265880	2006	12	17	5	0	0.300
USC00265880	2006	12	17	8	0	0.100
USC00265880	2006	12	17	10	0	0.100
USC00265880	2006	12	28	12	0	0.100
USC00265880	2007	1	5	8	0	0.100
USC00265880	2007	2	13	16	0	0.100
USC00265880	2007	2	13	18	0	0.100
USC00265880	2007	4	5	7	0	0.100
USC00265880	2007	4	15	17	0	0.100
USC00265880	2007	4	15	21	0	0.100
USC00265880	2007	4	15	24	0	0.100
USC00265880	2007	4	16	1	0	0.100
USC00265880	2007	4	16	2	0	0.100
USC00265880	2007	4	16	3	0	0.100
USC00265880	2007	4	16	7	0	0.100
USC00265880	2007	4	22	8	0	0.100
USC00265880	2007	4	22	17	0	0.200
USC00265880	2007	5	22	20	0	0.011
USC00265880	2007	6	5	23	0	0.005
USC00265880	2007	7	23	15	0	0.001
USC00265880	2007	7	23	16	0	0.001
USC00265880	2007	7	23	17	0	0.043
USC00265880	2007	7	23	18	0	0.108
USC00265880	2007	7	23	19	0	0.035
USC00265880	2007	7	23	20	0	0.014
USC00265880	2007	7	23	21	0	0.006
USC00265880	2007	7	23	22	0	0.01
USC00265880	2007	7	23	23	0	0.005
USC00265880	2007	7	23	24	0	0.001
USC00265880	2007	7	24	1	0	0.001
USC00265880	2007	7	24	17	0	0.001
USC00265880	2007	7	24	18	0	0.013
USC00265880	2007	7	24	19	0	0.006
USC00265880	2007	7	30	13	0	0.003
USC00265880	2007	7	30	14	0	0.015
USC00265880	2007	7	30	15	0	0.002
USC00265880	2007	7	30	18	0	0.001
USC00265880	2007	7	30	19	0	0.002
USC00265880	2007	7	30	20	0	0.003
USC00265880	2007	7	30	21	0	0.006
USC00265880	2007	7	30	24	0	0.002
USC00265880	2007	7	31	9	0	0.003
USC00265880	2007	7	31	15	0	0.011
USC00265880	2007	7	31	16	0	0.019
USC00265880	2007	7	31	17	0	0.001
USC00265880	2007	7	31	18	0	0.003
USC00265880	2007	8	1	12	0	0.03
USC00265880	2007	8	1	13	0	0.022
USC00265880	2007	8	1	14	0	0.003
USC00265880	2007	8	1	15	0	0.048
USC00265880	2007	8	1	22	0	0.085
USC00265880	2007	8	1	23	0	0.003
USC00265880	2007	8	1	24	0	0.001
USC00265880	2007	8	2	2	0	0.002
USC00265880	2007	8	2	5	0	0.004
USC00265880	2007	8	2	13	0	0.078
USC00265880	2007	8	2	14	0	0.218
USC00265880	2007	8	2	15	0	0.006
USC00265880	2007	8	2	16	0	0.011
USC00265880	2007	8	17	17	0	0.014
USC00265880	2007	8	17	18	0	0.046
USC00265880	2007	8	26	14	0	0.001
USC00265880	2007	8	26	15	0	0.01
USC00265880	2007	8	26	16	0	0.009
USC00265880	2007	8	26	17	0	0.003
USC00265880	2007	8	27	5	0	0.003
USC00265880	2007	8	27	6	0	0.03
USC00265880	2007	8	27	7	0	0.033
USC00265880	2007	8	27	8	0	0.001
USC00265880	2007	8	27	9	0	0.001
USC00265880	2007	9	1	17	0	0.003
USC00265880	2007	9	2	23	0	0.083
USC00265880	2007	9	3	19	0	0.002
USC00265880	2007	9	9	18	0	0.002
USC00265880	2007	9	9	19	0	0.002
USC00265880	2007	9	21	21	0	0.004
USC00265880	2007	9	21	24	0	0.02
USC00265880	2007	9	22	1	0	0.083
USC00265880	2007	9	22	3	0	0.16
USC00265880	2007	9	22	4	0	0.138
USC00265880	2007	9	22	5	0	0.13
USC00265880	2007	9	22	6	0	0.06
USC00265880	2007	9	22	7	0	0.009
USC00265880	2007	9	22	8	0	0.001
USC00265880	2007	9	22	9	0	0.007
USC00265880	2007	9	22	10	0	0.006
USC00265880	2007	10	13	15	0	0.004
USC00265880	2007	10	13	16	0	0.001
USC00265880	2007	11	15	11	0	0.001
USC00265880	2007	12	4	19	0	0.109
USC00265880	2007	12	4	20	0	0.015
USC00265880	2007	12	5	8	0	0.165
USC00265880	2007	12	6	11	0	0.018
USC00265880	2007	12	6	12	0	0.018
USC00265880	2007	12	6	13	0	0.018
USC00265880	2007	12	6	14	0	0.052
USC00265880	2007	12	6	15	0	0.052
USC00265880	2007	12	6	16	0	0.052
USC00265880	2007	12	6	20	0	0.007
USC00265880	2007	12	6	21	0	0.007
USC00265880	2007	12	6	22	0	0.007
USC00265880	2007	12	6	23	0	0.006
USC00265880	2007	12	6	24	0	0.006
USC00265880	2007	12	7	1	0	0.006
USC00265880	2007	12	7	2	0	0.026
USC00265880	2007	12	7	3	0	0.026
USC00265880	2007	12	7	4	0	0.026
USC00265880	2007	12	7	5	0	0.009
USC00265880	2007	12	7	6	0	0.009
USC00265880	2007	12	7	7	0	0.009
USC00265880	2007	12	7	8	0	0.005
USC00265880	2007	12	7	9	0	0.005
USC00265880	2007	12	7	10	0	0.005
USC00265880	2007	12	7	11	0	0.002
USC00265880	2007	12	7	12	0	0.002
USC00265880	2007	12	7	13	0	0.002
USC00265880	2007	12	7	14	0	0.002
USC00265880	2007	12	7	15	0	0.002
USC00265880	2007	12	7	16	0	0.002
USC00265880	2007	12	7	17	0	0.034
USC00265880	2007	12	7	18	0	0.034
USC00265880	2007	12	7	19	0	0.034
USC00265880	2007	12	7	20	0	0.011
USC00265880	2007	12	7	21	0	0.011
USC00265880	2007	12	7	22	0	0.011
USC00265880	2007	12	7	23	0	0.002
USC00265880	2007	12	7	24	0	0.002
USC00265880	2007	12	8	1	0	0.002
USC00265880	2007	12	8	2	0	0.003
USC00265880	2007	12	8	3	0	0.003
USC00265880	2007	12	8	4	0	0.003
USC00265880	2007	12	10	14	0	0.188
USC00265880	2007	12	10	15	0	0.188
USC00265880	2007	12	11	15	0	0.166
USC00265880	2007	12	12	11	0	0.074
USC00265880	2007	12	12	13	0	0.074
USC00265880	2007	12	13	12	0	0.013
USC00265880	2007	12	22	11	0	0.008
USC00265880	2007	12	22	12	0	0.008
USC00265880	2007	12	22	13	0	0.008
USC00265880	2007	12	23	24	0	0.006
USC00265880	2007	12	24	14	0	0.095
USC00265880	2007	12	28	12	0	0.006
USC00265880	2008	1	4	23	0	0.015
USC00265880	2008	1	4	24	0	0.084
USC00265880	2008	1	5	1	0	0.1
USC00265880	2008	1	5	2	0	0.052
USC00265880	2008	1	5	3	0	0.025
USC00265880	2008	1	5	4	0	0.016
USC00265880	2008	1	5	5	0	0.026
USC00265880	2008	1	5	7	0	0.002
USC00265880	2008	1	6	15	0	0.026
USC00265880	2008	1	8	10	0	0.002
USC00265880	2008	1	21	11	0	0.015
USC00265880	2008	1	24	8	0	0.008
USC00265880	2008	1	24	11	0	0.003
USC00265880	2008	1	24	13	0	0.08
USC00265880	2008	1	27	2	0	0.078
USC00265880	2008	1	27	4	0	0.039
USC00265880	2008	1	27	5	0	0.088
USC00265880	2008	1	27	6	0	0.169
USC00265880	2008	1	27	11	0	0.032
USC00265880	2008	1	27	12	0	0.007
USC00265880	2008	1	27	13	0	0.007
USC00265880	2008	1	27	14	0	0.007
USC00265880	2008	1	27	15	0	0.007
USC00265880	2008	1	27	16	0	0.003
USC00265880	2008	1	27	20	0	0.001
USC00265880	2008	1	27	21	0	0.001
USC00265880	2008	1	28	11	0	0.001
USC00265880	2008	1	28	12	0	0.004
USC00265880	2008	1	28	13	0	0.002
USC00265880	2008	2	3	11	0	0.006
USC00265880	2008	2	3	12	0	0.023
USC00265880	2008	2	3	13	0	0.026
USC00265880	2008	2	3	14	0	0.067
USC00265880	2008	2	3	15	0	0.048
USC00265880	2008	2	3	16	0	0.006
USC00265880	2008	2	20	13	0	0.100
USC00265880	2008	2	22	10	0	0.100
USC00265880	2008	2	22	13	0	0.100
USC00265880	2008	2	22	15	0	0.100
USC00265880	2008	2	22	21	0	0.100
USC00265880	2008	2	22	22	0	0.100
USC00265880	2008	2	24	12	0	0.100
USC00265880	2008	3	30	13	0	0.100
USC00265880	2008	5	23	9	0	0.100
USC00265880	2008	5	23	16	0	0.100
USC00265880	2008	5	23	20	0	0.100
USC00265880	2008	10	4	18	0	0.200
USC00265880	2008	10	4	19	0	0.200
USC00265880	2008	10	4	20	0	0.200
USC00265880	2008	10	5	10	0	0.200
USC00265880	2008	10	31	6	0	0.002
USC00265880	2008	10	31	15	0	0.005
USC00265880	2008	10	31	16	0	0.002
USC00265880	2008	10	31	17	0	0.001
USC00265880	2008	10	31	18	0	0.001
USC00265880	2008	11	1	17	0	0.002
USC00265880	2008	11	1	18	0	0.017
USC00265880	2008	11	1	19	0	0.039
USC00265880	2008	11	1	20	0	0.012
USC00265880	2008	11	1	21	0	0.012
USC00265880	2008	11	1	22	0	0.021
USC00265880	2008	11	1	23	0	0.024
USC00265880	2008	11	1	24	0	0.001
USC00265880	2008	11	2	3	0	0.017
USC00265880	2008	11	2	4	0	0.002
USC00265880	2008	11	9	3	0	0.004
USC00265880	2008	11	9	4	0	0.005
USC00265880	2008	11	9	5	0	0.011
USC00265880	2008	11	9	6	0	0.027
USC00265880	2008	11	9	8	0	0.012
USC00265880	2008	11	9	9	0	0.084
USC00265880	2008	11	9	10	0	0.004
USC00265880	2008	11	9	11	0	0.005
USC00265880	2008	11	25	22	0	0.019
USC00265880	2008	11	26	7	0	0.004
USC00265880	2008	11	26	8	0	0.228
USC00265880	2008	11	26	9	0	0.095
USC00265880	2008	11	27	14	0	0.084
USC00265880	2008	12	14	10	0	0.092
USC00265880	2008	12	15	5	0	1.774
USC00265880	2008	12	15	6	0	0.117
USC00265880	2008	12	16	10	0	0.004
USC00265880	2008	12	16	11	0	0.015
USC00265880	2008	12	16	12	0	0.004
USC00265880	2008	12	17	16	0	0.016
USC00265880	2008	12	17	17	0	0.02
USC00265880	2008	12	17	18	0	0.016
USC00265880	2008	12	17	21	0	0.015
USC00265880	2008	12	17	22	0	0.015
USC00265880	2008	12	17	24	0	0.005
USC00265880	2008	12	18	1	0	0.012
USC00265880	2008	12	18	2	0	0.012
USC00265880	2008	12	18	3	0	0.003
USC00265880	2008	12	25	14	0	0.008
USC00265880	2008	12	25	15	0	0.012
USC00265880	2008	12	25	16	0	0.011
USC00265880	2008	12	25	18	0	0.002
USC00265880	2008	12	25	19	0	0.015
USC00265880	2008	12	25	20	0	0.006
USC00265880	2009	1	23	17	0	0.033
USC00265880	2009	1	24	10	0	0.035
USC00265880	2009	2	6	12	0	0.005
USC00265880	2009	2	6	13	0	0.005
USC00265880	2009	2	6	22	0	0.008
USC00265880	2009	2	6	23	0	0.004
USC00265880	2009	2	7	3	0	0.093
USC00265880	2009	2	7	4	0	0.146
USC00265880	2009	2	7	5	0	0.078
USC00265880	2009	2	7	7	0	0.003
USC00265880	2009	2	7	14	0	0.132
USC00265880	2009	2	7	18	0	0.083
USC00265880	2009	2	7	19	0	0.121
USC00265880	2009	2	7	22	0	0.145
USC00265880	2009	2	7	24	0	0.05
USC00265880	2009	2	8	1	0	0.05
USC00265880	2009	2	8	2	0	0.039
USC00265880	2009	2	8	10	0	0.024
USC00265880	2009	2	8	11	0	0.01
USC00265880	2009	2	8	14	0	0.089
USC00265880	2009	2	8	15	0	0.113
USC00265880	2009	2	9	8	0	0.093
USC00265880	2009	2	9	14	0	0.081
USC00265880	2009	2	11	16	0	0.069
USC00265880	2009	2	11	17	0	0.019
USC00265880	2009	2	12	10	0	0.022
USC00265880	2009	2	12	11	0	0.02
USC00265880	2009	2	12	12	0	0.002
USC00265880	2009	2	12	14	0	0.015
USC00265880	2009	2	13	17	0	0.242
USC00265880	2009	2	16	19	0	0.169
USC00265880	2009	2	16	21	0	0.025
USC00265880	2009	2	23	1	0	0.043
USC00265880	2009	2	23	8	0	0.007
USC00265880	2009	2	23	9	0	0.008
USC00265880	2009	2	23	10	0	0.01
USC00265880	2009	2	23	16	0	0.002
USC00265880	2009	2	23	20	0	0.003
USC00265880	2009	3	4	21	0	0.001
USC00265880	2009	4	3	15	0	0.01
USC00265880	2009	4	3	16	0	0.014
USC00265880	2009	4	10	24	0	0.065
USC00265880	2009	4	11	1	0	0.053
USC00265880	2009	4	11	5	0	0.088
USC00265880	2009	4	11	6	0	0.004
USC00265880	2009	4	11	9	0	0.024
USC00265880	2009	4	11	10	0	0.039
USC00265880	2009	4	11	11	0	0.027
USC00265880	2009	4	11	12	0	0.018
USC00265880	2009	4	11	13	0	0.005
USC00265880	2009	4	11	14	0	0.002
USC00265880	2009	4	14	19	0	0.012
USC00265880	2009	4	14	20	0	0.07
USC00265880	2009	4	14	22	0	0.001
USC00265880	2009	6	25	7	0	0.100
USC00265880	2009	7	19	17	0	0.100
USC00265880	2009	7	21	23	0	0.100
USC00265880	2009	8	23	1	0	0.100
USC00265880	2009	8	23	6	0	0.100
USC00265880	2009	10	7	16	0	0.100
USC00265880	2009	12	7	17	0	0.100
USC00265880	2009	12	12	11	0	0.100
USC00265880	2009	12	13	1	0	0.100
USC00265880	2009	12	13	4	0	0.200
USC00265880	2009	12	22	16	0	0.100
USC00265880	2010	1	18	15	0	0.100
USC00265880	2010	1	18	18	0	0.100
USC00265880	2010	1	19	18	0	0.100
USC00265880	2010	1	19	20	0	0.100
USC00265880	2010	1	19	21	0	0.100
USC00265880	2010	1	20	16	0	0.100
USC00265880	2010	1	20	18	0	0.100
USC00265880	2010	1	20	22	0	0.100
USC00265880	2010	1	21	17	0	0.100
USC00265880	2010	1	22	2	0	0.100
USC00265880	2010	1	27	4	0	0.100
USC00265880	2010	1	27	5	0	0.100
USC00265880	2010	1	27	9	0	0.100
USC00265880	2010	2	1	15	0	0.300
USC00265880	2010	2	6	13	0	0.100
USC00265880	2010	2	6	14	0	0.200
USC00265880	2010	2	7	3	0	0.100
USC00265880	2010	2	7	5	0	0.100
USC00265880	2010	2	10	1	0	0.100
USC00265880	2010	2	10	2	0	0.100
USC00265880	2010	2	12	17	0	0.100
USC00265880	2010	2	21	3	0	0.300
USC00265880	2010	2	21	16	0	0.100
USC00265880	2010	2	21	17	0	0.100
USC00265880	2010	2	21	22	0	0.100
USC00265880	2010	2	21	24	0	0.100
USC00265880	2010	2	22	10	0	0.100
USC00265880	2010	3	12	22	0	0.200
USC00265880	2010	3	13	15	0	0.100
USC00265880	2010	3	18	18	0	0.200
USC00265880	2010	4	5	8	0	0.001
USC00265880	2010	4	5	9	0	0.001
USC00265880	2010	4	5	10	0	0.001
USC00265880	2010	4	5	11	0	0.011
USC00265880	2010	4	5	12	0	0.011
USC00265880	2010	4	5	13	0	0.011
USC00265880	2010	4	5	14	0	0.009
USC00265880	2010	4	5	15	0	0.009
USC00265880	2010	4	5	16	0	0.009
USC00265880	2010	4	5	17	0	0.003
USC00265880	2010	4	5	18	0	0.003
USC00265880	2010	4	5	19	0	0.003
USC00265880	2010	4	12	2	0	0.006
USC00265880	2010	4	12	3	0	0.006
USC00265880	2010	4	12	4	0	0.006
USC00265880	2010	4	12	8	0	0.009
USC00265880	2010	4	12	9	0	0.009
USC00265880	2010	4	12	10	0	0.009
USC00265880	2010	4	20	18	0	0.128
USC00265880	2010	4	20	19	0	0.047
USC00265880	2010	4	21	4	0	0.014
USC00265880	2010	4	21	19	0	0.022
USC00265880	2010	4	21	20	0	0.082
USC00265880	2010	4	22	13	0	0.001
USC00265880	2010	4	22	14	0	0.007
USC00265880	2010	4	22	15	0	0.006
USC00265880	2010	4	29	13	0	0.001
USC00265880	2010	4	29	15	0	0.042
USC00265880	2010	4	29	18	0	0.011
USC00265880	2010	7	11	15	0	0.001
USC00265880	2010	7	11	17	0	0.006
USC00265880	2010	7	11	18	0	0.021
USC00265880	2010	7	11	19	0	0.003
USC00265880	2010	7	16	19	0	0.001
USC00265880	2010	7	16	20	0	0.061
USC00265880	2010	7	16	21	0	0.078
USC00265880	2010	7	16	22	0	0.112
USC00265880	2010	7	16	23	0	0.061
USC00265880	2010	7	28	2	0	0.001
USC00265880	2010	7	28	3	0	0.001
USC00265880	2010	7	28	4	0	0.004
USC00265880	2010	8	7	13	0	0.005
USC00265880	2010	8	7	14	0	0.083
USC00265880	2010	8	7	15	0	0.13
USC00265880	2010	8	7	16	0	0.167
USC00265880	2010	8	7	17	0	0.062
USC00265880	2010	8	7	18	0	0.01
USC00265880	2010	8	7	19	0	0.061
USC00265880	2010	8	7	20	0	0.011
USC00265880	2010	8	7	21	0	0.009
USC00265880	2010	8	7	22	0	0.017
USC00265880	2010	8	7	23	0	0.033
USC00265880	2010	8	7	24	0	0.077
USC00265880	2010	8	8	1	0	0.19
USC00265880	2010	8	8	2	0	0.137
USC00265880	2010	8	8	3	0	0.007
USC00265880	2010	8	8	6	0	0.001
USC00265880	2010	8	8	7	0	0.001
USC00265880	2010	8	8	8	0	0.001
USC00265880	2010	8	8	16	0	0.002
USC00265880	2010	8	8	18	0	0.001
USC00265880	2010	8	8	19	0	0.004
USC00265880	2010	8	8	20	0	0.016
USC00265880	2010	8	8	21	0	0.014
USC00265880	2010	8	18	15	0	0.035
USC00265880	2010	8	18	16	0	0.147
USC00265880	2010	8	18	17	0	0.102
USC00265880	2010	8	18	18	0	0.006
USC00265880	2010	8	18	19	0	0.011
USC00265880	2010	8	18	20	0	0.018
USC00265880	2010	8	18	21	0	0.001
USC00265880	2010	8	26	14	0	0.008
USC00265880	2010	8	26	15	0	0.01
USC00265880	2010	8	26	20	0	0.002
USC00265880	2010	9	7	11	0	0.003
USC00265880	2010	9	7	12	0	0.01
USC00265880	2010	9	7	13	0	0.002
USC00265880	2010	10	3	13	0	0.025
USC00265880	2010	10	3	14	0	0.036
USC00265880	2010	10	3	15	0	0.048
USC00265880	2010	10	3	16	0	0.003
USC00265880	2010	10	3	17	0	0.033
USC00265880	2010	10	3	18	0	0.026
USC00265880	2010	10	4	1	0	0.043
USC00265880	2010	10	4	2	0	0.002
USC00265880	2010	10	4	3	0	0.02
USC00265880	2010	10	4	4	0	0.077
USC00265880	2010	10	4	5	0	0.012
USC00265880	2010	10	4	12	0	0.004
USC00265880	2010	10	4	13	0	0.133
USC00265880	2010	10	4	14	0	0.08
USC00265880	2010	10	4	15	0	0.008
USC00265880	2010	10	4	16	0	0.021
USC00265880	2010	10	4	17	0	0.014
USC00265880	2010	10	4	18	0	0.038
USC00265880	2010	10	4	19	0	0.014
USC00265880	2010	10	4	20	0	0.003
USC00265880	2010	10	4	22	0	0.009
USC00265880	2010	10	4	23	0	0.006
USC00265880	2010	10	4	24	0	0.01
USC00265880	2010	10	5	1	0	0.006
USC00265880	2010	10	5	18	0	0.005
USC00265880	2010	10	6	2	0	0.014
USC00265880	2010	10	6	3	0	0.081
USC00265880	2010	10	6	4	0	0.012
USC00265880	2010	10	6	8	0	0.015
USC00265880	2010	10	17	5	0	0.003
USC00265880	2010	10	17	8	0	0.011
USC00265880	2010	10	17	9	0	0.007
USC00265880	2010	10	17	10	0	0.001
USC00265880	2010	10	17	14	0	0.038
USC00265880	2010	10	17	15	0	0.008
USC00265880	2010	10	17	17	0	0.022
USC00265880	2010	10	17	18	0	0.033
USC00265880	2010	10	17	19	0	0.008
USC00265880	2010	10	17	20	0	0.027
USC00265880	2010	10	17	21	0	0.191
USC00265880	2010	10	17	22	0	0.194
USC00265880	2010	10	17	23	0	0.065
USC00265880	2010	10	17	24	0	0.004
USC00265880	2010	10	18	4	0	0.007
USC00265880	2010	10	20	10	0	0.002
USC00265880	2010	10	20	11	0	0.019
USC00265880	2010	10	20	12	0	0.007
USC00265880	2010	10	20	18	0	0.009
USC00265880	2010	10	20	20	0	0.066
USC00265880	2010	10	20	21	0	0.082
USC00265880	2010	10	20	22	0	0.091
USC00265880	2010	10	20	23	0	0.04
USC00265880	2010	10	21	4	0	0.002
USC00265880	2010	10	21	5	0	0.01
USC00265880	2010	10	22	12	0	0.02
USC00265880	2010	10	22	13	0	0.167
USC00265880	2010	10	22	20	0	0.02
USC00265880	2010	10	22	21	0	0.107
USC00265880	2010	10	22	22	0	0.095
USC00265880	2010	10	23	17	0	0.008
USC00265880	2010	10	30	9	0	0.004
USC00265880	2010	10	30	10	0	0.004
USC00265880	2010	11	8	4	0	0.11
USC00265880	2010	11	8	7	0	0.005
USC00265880	2010	11	8	8	0	0.002
USC00265880	2010	11	8	9	0	0.005
USC00265880	2010	11	8	10	0	0.002
USC00265880	2010	11	20	15	0	0.037
USC00265880	2010	11	21	13	0	0.005
USC00265880	2010	11	21	14	0	0.002
USC00265880	2010	11	23	23	0	0.006
USC00265880	2010	11	27	24	0	0.001
USC00265880	2010	11	28	1	0	0.038
USC00265880	2010	12	5	23	0	0.082
USC00265880	2010	12	5	24	0	0.125
USC00265880	2010	12	6	1	0	0.028
USC00265880	2010	12	17	11	0	0.004
USC00265880	2010	12	17	12	0	0.035
USC00265880	2010	12	17	13	0	0.222
USC00265880	2010	12	18	6	0	0.045
USC00265880	2010	12	18	7	0	0.009
USC00265880	2010	12	18	8	0	0.009
USC00265880	2010	12	18	9	0	0.009
USC00265880	2010	12	18	10	0	0.009
USC00265880	2010	12	18	11	0	0.045
USC00265880	2010	12	18	14	0	0.009
USC00265880	2010	12	18	18	0	0.009
USC00265880	2010	12	19	1	0	0.003
USC00265880	2010	12	19	8	0	0.109
USC00265880	2010	12	19	12	0	0.268
USC00265880	2010	12	19	13	0	0.131
USC00265880	2010	12	20	2	0	0.009
USC00265880	2010	12	20	6	0	0.005
USC00265880	2010	12	20	7	0	0.025
USC00265880	2010	12	20	8	0	0.037
USC00265880	2010	12	20	9	0	0.005
USC00265880	2010	12	20	10	0	0.025
USC00265880	2010	12	20	11	0	0.025
USC00265880	2010	12	20	12	0	0.019
USC00265880	2010	12	20	13	0	0.011
USC00265880	2010	12	20	14	0	0.058
USC00265880	2010	12	20	15	0	0.037
USC00265880	2010	12	20	16	0	0.025
USC00265880	2010	12	20	17	0	0.037
USC00265880	2010	12	20	18	0	0.025
USC00265880	2010	12	20	19	0	0.025
USC00265880	2010	12	20	20	0	0.037
USC00265880	2010	12	20	21	0	0.025
USC00265880	2010	12	20	22	0	0.032
USC00265880	2010	12	20	23	0	0.033
USC00265880	2010	12	21	6	0	0.035
USC00265880	2010	12	21	7	0	0.028
USC00265880	2010	12	21	8	0	0.028
USC00265880	2010	12	21	9	0	0.006
USC00265880	2010	12	21	10	0	0.006
USC00265880	2010	12	21	12	0	0.006
USC00265880	2010	12	21	13	0	0.032
USC00265880	2010	12	21	14	0	0.032
USC00265880	2010	12	21	15	0	0.008
USC00265880	2010	12	21	16	0	0.039
USC00265880	2010	12	21	17	0	0.039
USC00265880	2010	12	21	18	0	0.032
USC00265880	2010	12	21	19	0	0.032
USC00265880	2010	12	21	20	0	0.04
USC00265880	2010	12	21	21	0	0.04
USC00265880	2010	12	21	22	0	0.087
USC00265880	2010	12	21	23	0	0.059
USC00265880	2010	12	21	24	0	0.112
USC00265880	2010	12	22	4	0	0.023
USC00265880	2010	12	22	5	0	0.043
USC00265880	2010	12	22	6	0	0.059
USC00265880	2010	12	22	7	0	0.085
USC00265880	2010	12	22	8	0	0.072
USC00265880	2010	12	22	9	0	0.037
USC00265880	2010	12	22	10	0	0.037
USC00265880	2010	12	22	11	0	0.053
USC00265880	2010	12	22	12	0	0.109
USC00265880	2010	12	22	13	0	0.115
USC00265880	2010	12	22	16	0	0.004
USC00265880	2010	12	22	17	0	0.018
USC00265880	2010	12	22	18	0	0.004
USC00265880	2010	12	22	20	0	0.009
USC00265880	2010	12	22	21	0	0.015
USC00265880	2010	12	23	8	0	0.001
USC00265880	2010	12	23	9	0	0.004
USC00265880	2010	12	26	3	0	0.006
USC00265880	2010	12	26	6	0	0.007
USC00265880	2010	12	26	7	0	0.001
USC00265880	2010	12	26	8	0	0.007
USC00265880	2010	12	26	9	0	0.007
USC00265880	2010	12	29	6	0	0.002
USC00265880	2010	12	29	7	0	0.002
USC00265880	2010	12	29	10	0	0.009
USC00265880	2010	12	29	11	0	0.02
USC00265880	2010	12	29	12	0	0.02
USC00265880	2010	12	29	13	0	0.002
USC00265880	2010	12	29	17	0	0.057
USC00265880	2010	12	29	18	0	0.085
USC00265880	2010	12	29	19	0	0.079
USC00265880	2010	12	29	20	0	0.011
USC00265880	2011	2	19	2	0	0.172
USC00265880	2011	2	19	3	0	0.026
USC00265880	2011	2	19	4	0	0.006
USC00265880	2011	2	19	7	0	0.003
USC00265880	2011	2	19	9	0	0.004
USC00265880	2011	2	19	10	0	0.129
USC00265880	2011	2	19	11	0	0.084
USC00265880	2011	2	19	12	0	0.109
USC00265880	2011	2	19	13	0	0.079
USC00265880	2011	2	19	14	0	0.08
USC00265880	2011	2	19	15	0	0.078
USC00265880	2011	2	19	16	0	0.047
USC00265880	2011	2	19	17	0	0.04
USC00265880	2011	2	19	18	0	0.016
USC00265880	2011	2	19	19	0	0.003
USC00265880	2011	2	19	20	0	0.003
USC00265880	2011	2	20	10	0	0.003
USC00265880	2011	2	20	11	0	0.016
USC00265880	2011	2	20	12	0	0.003
USC00265880	2011	2	20	13	0	0.003
USC00265880	2011	2	20	14	0	0.003
USC00265880	2011	2	20	15	0	0.016
USC00265880	2011	2	20	18	0	0.004
USC00265880	2011	2	26	5	0	0.001
USC00265880	2011	2	26	7	0	0.014
USC00265880	2011	2	26	8	0	0.014
USC00265880	2011	2	26	9	0	0.014
USC00265880	2011	2	26	10	0	0.018
USC00265880	2011	2	26	11	0	0.035
USC00265880	2011	2	26	12	0	0.019
USC00265880	2011	2	26	17	0	0.005
USC00265880	2011	2	27	10	0	0.003
USC00265880	2011	3	7	3	0	0.012
USC00265880	2011	3	7	6	0	0.001
USC00265880	2011	3	7	7	0	0.024
USC00265880	2011	3	7	8	0	0.035
USC00265880	2011	3	7	9	0	0.005
USC00265880	2011	3	7	13	0	0.001
USC00265880	2011	3	20	13	0	0.013
USC00265880	2011	3	20	14	0	0.007
USC00265880	2011	3	20	15	0	0.002
USC00265880	2011	3	20	16	0	0.003
USC00265880	2011	3	20	17	0	0.003
USC00265880	2011	3	20	19	0	0.009
USC00265880	2011	3	21	1	0	0.003
USC00265880	2011	3	21	3	0	0.001
USC00265880	2011	3	21	4	0	0.006
USC00265880	2011	3	21	5	0	0.006
USC00265880	2011	3	21	6	0	0.004
USC00265880	2011	3	21	7	0	0.04
USC00265880	2011	3	21	14	0	0.002
USC00265880	2011	3	21	15	0	0.01
USC00265880	2011	3	21	17	0	0.011
USC00265880	2011	3	21	18	0	0.027
USC00265880	2011	3	23	23	0	0.002
USC00265880	2011	3	23	24	0	0.078
USC00265880	2011	3	24	7	0	0.008
USC00265880	2011	3	25	12	0	0.027
USC00265880	2011	3	26	7	0	0.02
USC00265880	2011	3	26	8	0	0.007
USC00265880	2011	5	9	18	0	0.100
USC00265880	2011	5	9	19	0	0.100
USC00265880	2011	5	14	13	0	0.100
USC00265880	2011	5	18	7	0	0.200
USC00265880	2011	5	18	9	0	0.100
USC00265880	2011	5	19	11	0	0.100
USC00265880	2011	7	6	16	0	0.100
USC00265880	2011	7	7	20	0	0.100
USC00265880	2011	7	7	23	0	0.100
USC00265880	2011	7	8	9	0	0.100
USC00265880	2011	7	31	10	0	0.100
USC00265880	2011	7	31	13	0	0.100
USC00265880	2011	7	31	15	0	0.200
USC00265880	2011	9	11	16	0	0.300
USC00265880	2011	9	11	17	0	0.100
USC00265880	2011	9	12	7	0	0.100
USC00265880	2011	9	15	11	0	0.100
USC00265880	2011	10	4	7	0	0.100
USC00265880	2011	10	5	15	0	0.100
USC00265880	2011	10	5	16	0	0.100
USC00265880	2011	10	5	17	0	0.100
USC00265880	2011	10	5	18	0	0.400
USC00265880	2011	10	5	19	0	0.100
USC00265880	2011	10	6	9	0	0.100
USC00265880	2011	12	13	5	0	0.100
USC00265880	2011	12	13	10	0	0.100
USC00265880	2012	1	22	1	0	0.100
USC00265880	2012	2	13	14	0	0.058
USC00265880	2012	2	13	15	0	0.024
USC00265880	2012	2	14	21	0	0.001
USC00265880	2012	2	15	13	0	0.097
USC00265880	2012	2	15	14	0	0.081
USC00265880	2012	2	15	15	0	0.022
USC00265880	2012	2	18	16	0	0.02
USC00265880	2012	2	27	16	0	0.023
USC00265880	2012	2	27	24	0	0.006
USC00265880	2012	2	28	16	0	0.008
USC00265880	2012	3	6	16	0	0.001
USC00265880	2012	3	17	13	0	0.001
USC00265880	2012	3	17	14	0	0.006
USC00265880	2012	3	17	15	0	0.003
USC00265880	2012	3	17	16	0	0.035
USC00265880	2012	3	17	17	0	0.032
USC00265880	2012	3	17	18	0	0.047
USC00265880	2012	3	17	19	0	0.039
USC00265880	2012	3	17	20	0	0.036
USC00265880	2012	3	17	21	0	0.044
USC00265880	2012	3	19	8	0	0.012
USC00265880	2012	3	25	24	0	0.001
USC00265880	2012	3	31	6	0	0.001
USC00265880	2012	4	11	10	0	0.004
USC00265880	2012	4	11	11	0	0.003
USC00265880	2012	4	11	12	0	0.002
USC00265880	2012	4	11	13	0	0.001
USC00265880	2012	4	13	14	0	0.016
USC00265880	2012	4	13	15	0	0.063
USC00265880	2012	4	13	22	0	0.014
USC00265880	2012	4	13	23	0	0.014
USC00265880	2012	4	13	24	0	0.064
USC00265880	2012	4	14	1	0	0.064
USC00265880	2012	4	14	2	0	0.064
USC00265880	2012	4	14	3	0	0.014
USC00265880	2012	4	14	10	0	0.116
USC00265880	2012	4	14	11	0	0.01
USC00265880	2012	4	14	13	0	0.01
USC00265880	2012	4	14	17	0	0.012
USC00265880	2012	4	14	18	0	0.045
USC00265880	2012	4	14	19	0	0.01
USC00265880	2012	4	25	7	0	0.01
USC00265880	2012	7	4	18	0	0.001
USC00265880	2012	7	12	5	0	0.001
USC00265880	2012	7	12	20	0	0.001
USC00265880	2012	7	12	21	0	0.042
USC00265880	2012	7	12	22	0	0.003
USC00265880	2012	7	13	3	0	0.001
USC00265880	2012	7	13	4	0	0.001
USC00265880	2012	7	13	10	0	0.025
USC00265880	2012	7	13	11	0	0.059
USC00265880	2012	7	13	12	0	0.031
USC00265880	2012	7	13	20	0	0.027
USC00265880	2012	7	13	21	0	0.052
USC00265880	2012	7	13	22	0	0.059
USC00265880	2012	7	13	23	0	0.276
USC00265880	2012	7	13	24	0	0.095
USC00265880	2012	7	14	1	0	0.069
USC00265880	2012	7	14	2	0	0.091
USC00265880	2012	7	14	3	0	0.049
USC00265880	2012	7	14	4	0	0.008
USC00265880	2012	7	15	13	0	0.004
USC00265880	2012	7	15	14	0	0.073
USC00265880	2012	7	15	15	0	0.413
USC00265880	2012	7	16	12	0	0.094
USC00265880	2012	7	16	17	0	0.005
USC00265880	2012	7	16	18	0	0.002
USC00265880	2012	7	21	19	0	0.003
USC00265880	2012	7	21	20	0	0.002
USC00265880	2012	7	21	21	0	0.001
USC00265880	2012	7	23	2	0	0.01
USC00265880	2012	7	23	3	0	0.021
USC00265880	2012	7	23	4	0	0.113
USC00265880	2012	7	31	11	0	0.006
USC00265880	2012	7	31	12	0	0.012
USC00265880	2012	7	31	13	0	0.043
USC00265880	2012	7	31	14	0	0.021
USC00265880	2012	7	31	15	0	0.005
USC00265880	2012	7	31	16	0	0.005
USC00265880	2012	7	31	21	0	0.003
USC00265880	2012	8	1	10	0	0.100
USC00265880	2012	8	18	2	0	0.100
USC00265880	2012	8	20	14	0	0.100
USC00265880	2012	8	22	5	0	0.100
USC00265880	2012	8	22	8	0	0.200
USC00265880	2012	8	22	9	0	0.100
USC00265880	2012	8	22	14	0	0.100
USC00265880	2012	8	22	15	0	0.100
USC00265880	2012	8	22	18	0	0.100
USC00265880	2012	8	23	12	0	0.100
USC00265880	2012	8	31	16	0	0.023
USC00265880	2012	8	31	17	0	0.038
USC00265880	2012	8	31	18	0	0.002
USC00265880	2012	8	31	20	0	0.001
USC00265880	2012	8	31	21	0	0.001
USC00265880	2012	9	10	14	0	0.002
USC00265880	2012	9	10	15	0	0.013
USC00265880	2012	9	11	10	0	0.024
USC00265880	2012	9	11	11	0	0.008
USC00265880	2012	9	11	12	0	0.041
USC00265880	2012	9	11	13	0	0.028
USC00265880	2012	9	11	14	0	0.043
USC00265880	2012	9	11	15	0	0.001
USC00265880	2012	10	10	19	0	0.009
USC00265880	2012	10	10	21	0	0.001
USC00265880	2012	10	10	24	0	0.001
USC00265880	2012	10	11	2	0	0.01
USC00265880	2012	10	11	3	0	0.017
USC00265880	2012	10	11	4	0	0.015
USC00265880	2012	10	11	9	0	0.002
USC00265880	2012	10	11	10	0	0.013
USC00265880	2012	10	11	11	0	0.012
USC00265880	2012	10	11	12	0	0.014
USC00265880	2012	10	11	13	0	0.047
USC00265880	2012	10	11	14	0	0.059
USC00265880	2012	10	11	15	0	0.029
USC00265880	2012	10	11	16	0	0.028
USC00265880	2012	10	11	21	0	0.001
USC00265880	2012	10	11	22	0	0.107
USC00265880	2012	10	11	23	0	0.002
USC00265880	2012	10	11	24	0	0.007
USC00265880	2012	10	12	1	0	0.046
USC00265880	2012	10	16	18	0	0.010
USC00265880	2012	11	10	21	0	0.010
USC00265880	2012	12	10	3	0	0.010
USC00265880	2012	12	10	18	0	0.010
USC00265880	2012	12	13	14	0	0.030
USC00265880	2012	12	13	15	0	0.010
USC00265880	2012	12	13	16	0	0.030
USC00265880	2012	12	13	17	0	0.020
USC00265880	2012	12	13	18	0	0.020
USC00265880	2012	12	13	19	0	0.030
USC00265880	2012	12	13	21	0	0.010
USC00265880	2012	12	13	23	0	0.010
USC00265880	2012	12	14	6	0	0.010
USC00265880	2012	12	14	20	0	0.050
USC00265880	2012	12	14	21	0	0.040
USC00265880	2012	12	14	22	0	0.050
USC00265880	2012	12	14	23	0	0.060
USC00265880	2012	12	14	24	0	0.050
USC00265880	2012	12	15	1	0	0.010
USC00265880	2012	12	15	2	0	0.020
USC00265880	2012	12	15	4	0	0.020
USC00265880	2012	12	15	5	0	0.020
USC00265880	2012	12	15	6	0	0.030
USC00265880	2012	12	15	7	0	0.010
USC00265880	2012	12	15	24	0	0.010
USC00265880	2012	12	16	20	0	0.010
USC00265880	2012	12	18	14	0	0.010
USC00265880	2012	12	18	19	0	0.010
USC00265880	2012	12	19	24	0	0.010
USC00265880	2012	12	20	23	0	0.010
USC00265880	2013	1	11	3	0	0.010
USC00265880	2013	1	11	23	0	0.010
USC00265880	2013	1	17	3	0	0.010
USC00265880	2013	1	17	18	0	0.010
USC00265880	2013	1	24	10	0	0.020
USC00265880	2013	1	24	11	0	0.020
USC00265880	2013	1	24	13	0	0.010
USC00265880	2013	1	25	24	0	0.020
USC00265880	2013	1	26	1	0	0.010
USC00265880	2013	1	26	2	0	0.010
USC00265880	2013	1	26	3	0	0.010
USC00265880	2013	1	26	4	0	0.060
USC00265880	2013	1	26	5	0	0.080
USC00265880	2013	1	26	6	0	0.070
USC00265880	2013	1	26	7	0	0.050
USC00265880	2013	1	26	8	0	0.050
USC00265880	2013	1	26	9	0	0.010
USC00265880	2013	1	26	12	0	0.010
USC00265880	2013	2	12	5	0	0.010
USC00265880	2013	2	12	19	0	0.010
USC00265880	2013	2	20	5	0	0.010
USC00265880	2013	2	20	6	0	0.010
USC00265880	2013	2	20	7	0	0.020
USC00265880	2013	2	21	18	0	0.010
USC00265880	2013	3	3	24	0	0.030
USC00265880	2013	3	4	1	0	0.040
USC00265880	2013	3	4	2	0	0.010
USC00265880	2013	3	4	19	0	0.010
USC00265880	2013	3	5	19	0	0.010
USC00265880	2013	3	8	8	0	0.020
USC00265880	2013	3	8	9	0	0.030
USC00265880	2013	3	8	10	0	0.130
USC00265880	2013	3	8	11	0	0.080
USC00265880	2013	3	8	12	0	0.030
USC00265880	2013	3	8	18	0	0.010
USC00265880	2013	3	8	19	0	0.010
USC00265880	2013	3	8	20	0	0.010
USC00265880	2013	3	8	23	0	0.010
USC00265880	2013	3	8	24	0	0.020
USC00265880	2013	3	9	1	0	0.010
USC00265880	2013	3	9	21	0	0.010
USC00265880	2013	3	10	20	0	0.010
USC00265880	2013	4	1	1	0	0.010
USC00265880	2013	4	6	1	0	0.010
USC00265880	2013	4	8	14	0	0.020
USC00265880	2013	4	10	3	0	0.010
USC00265880	2013	4	10	20	0	0.010
USC00265880	2013	4	16	17	0	0.010
USC00265880	2013	4	18	4	0	0.010
USC00265880	2013	4	18	20	0	0.010
USC00265880	2013	5	1	4	0	0.010
USC00265880	2013	5	6	14	0	0.230
USC00265880	2013	5	6	15	0	0.040
USC00265880	2013	5	6	16	0	0.060
USC00265880	2013	5	6	17	0	0.040
USC00265880	2013	5	6	18	0	0.010
USC00265880	2013	5	6	21	0	0.040
USC00265880	2013	5	6	24	0	0.020
USC00265880	2013	5	7	18	0	0.010
USC00265880	2013	5	8	20	0	0.010
USC00265880	2013	5	9	12	0	0.010
USC00265880	2013	5	9	14	0	0.020
USC00265880	2013	5	10	2	0	0.010
USC00265880	2013	5	17	17	0	0.130
USC00265880	2013	6	21	2	0	0.010
USC00265880	2013	6	23	3	0	0.010
USC00265880	2013	6	30	19	0	0.030
USC00265880	2013	7	5	2	0	0.010
USC00265880	2013	7	5	22	0	0.010
USC00265880	2013	7	7	4	0	0.020
USC00265880	2013	7	7	10	0	0.010
USC00265880	2013	7	11	18	0	0.110
USC00265880	2013	7	12	1	0	0.010
USC00265880	2013	7	20	19	0	0.020
USC00265880	2013	7	22	20	0	0.040
USC00265880	2013	7	22	22	0	0.010
USC00265880	2013	7	26	1	0	0.010
USC00265880	2013	7	26	20	0	0.040
USC00265880	2013	7	26	21	0	0.010
USC00265880	2013	7	26	22	0	0.060
USC00265880	2013	7	27	12	0	0.040
USC00265880	2013	7	27	16	0	0.010
USC00265880	2013	7	28	17	0	0.040
USC00265880	2013	7	28	18	0	0.030
USC00265880	2013	7	28	19	0	0.010
USC00265880	2013	7	29	20	0	0.010
USC00265880	2013	8	16	21	0	0.110
USC00265880	2013	8	18	21	0	0.010
USC00265880	2013	8	20	19	0	0.010
USC00265880	2013	8	24	12	0	0.010
USC00265880	2013	8	24	23	0	0.010
USC00265880	2013	8	25	15	0	0.020
USC00265880	2013	8	25	16	0	0.040
USC00265880	2013	8	25	17	0	0.020
USC00265880	2013	8	31	15	0	0.050
USC00265880	2013	8	31	16	0	0.010
USC00265880	2013	8	31	17	0	0.010
USC00265880	2013	9	3	3	0	0.160
USC00265880	2013	9	3	4	0	0.020
USC00265880	2013	9	4	20	0	0.010
USC00265880	2013	9	6	14	0	0.080
USC00265880	2013	9	6	15	0	0.010
USC00265880	2013	9	6	16	0	0.410
USC00265880	2013	9	7	8	0	0.030
USC00265880	2013	9	7	9	0	0.030
USC00265880	2013	9	7	19	0	0.010
USC00265880	2013	9	8	19	0	0.010
USC00265880	2013	9	11	18	0	0.340
USC00265880	2013	9	11	19	0	0.010
USC00265880	2013	9	12	16	0	0.010
USC00265880	2013	9	12	21	0	0.150
USC00265880	2013	9	12	22	0	0.020
USC00265880	2013	9	13	22	0	0.010
USC00265880	2013	10	9	20	0	0.010
USC00265880	2013	10	9	21	0	0.010
USC00265880	2013	10	9	22	0	0.030
USC00265880	2013	10	9	23	0	0.070
USC00265880	2013	10	9	24	0	0.090
USC00265880	2013	10	10	20	0	0.010
USC00265880	2013	10	11	20	0	0.010
USC00265880	2013	10	13	15	0	0.040
USC00265880	2013	10	13	16	0	0.010
USC00265880	2013	10	13	21	0	0.010
USC00265880	2013	10	14	17	0	0.010
USC00265880	2013	10	16	2	0	0.010
USC00265880	2013	10	16	17	0	0.010
USC00265880	2013	10	17	1	0	0.010
USC00265880	2013	10	22	4	0	0.010
USC00265880	2013	10	26	5	0	0.010
USC00265880	2013	10	26	18	0	0.010
USC00265880	2013	10	27	4	0	0.010
USC00265880	2013	10	28	22	0	0.020
USC00265880	2013	10	29	16	0	0.010
USC00265880	2013	10	29	17	0	0.010
USC00265880	2013	10	29	18	0	0.020
USC00265880	2013	10	29	19	0	0.010
USC00265880	2013	10	29	21	0	0.030
USC00265880	2013	10	30	5	0	0.010
USC00265880	2013	11	1	1	0	0.010
USC00265880	2013	11	1	17	0	0.010
USC00265880	2013	11	2	2	0	0.010
USC00265880	2013	11	15	1	0	0.010
USC00265880	2013	11	15	23	0	0.010
USC00265880	2013	11	21	16	0	0.020
USC00265880	2013	11	21	17	0	0.160
USC00265880	2013	11	21	18	0	0.220
USC00265880	2013	11	21	19	0	0.230
USC00265880	2013	11	21	20	0	0.080
USC00265880	2013	11	21	21	0	0.240
USC00265880	2013	11	21	22	0	0.050
USC00265880	2013	11	21	23	0	0.040
USC00265880	2013	11	23	8	0	0.030
USC00265880	2013	11	23	9	0	0.060
USC00265880	2013	11	23	10	0	0.040
USC00265880	2013	11	23	13	0	0.010
USC00265880	2013	11	23	15	0	0.040
USC00265880	2013	11	23	16	0	0.040
USC00265880	2013	11	23	17	0	0.010
USC00265880	2013	11	24	19	0	0.010
USC00265880	2013	12	3	20	0	0.020
USC00265880	2013	12	3	21	0	0.020
USC00265880	2013	12	3	22	0	0.010
USC00265880	2013	12	3	24	0	0.010
USC00265880	2013	12	7	13	0	0.010
USC00265880	2013	12	7	14	0	0.010
USC00265880	2013	12	7	15	0	0.020
USC00265880	2013	12	7	16	0	0.030
USC00265880	2013	12	7	20	0	0.010
USC00265880	2013	12	8	19	0	0.010
USC00265880	2013	12	18	18	0	0.010
USC00265880	2013	12	18	20	0	0.010
USC00265880	2013	12	18	21	0	0.020
USC00265880	2013	12	19	21	0	0.010
