USC00265846	1990	1	14	8	0	0.101
USC00265846	1990	1	17	3	0	0.101
USC00265846	1990	1	17	8	0	0.101
USC00265846	1990	1	17	9	0	0.101
USC00265846	1990	1	17	11	0	0.101
USC00265846	1990	1	17	13	0	0.101
USC00265846	1990	1	17	16	0	0.101
USC00265846	1990	1	17	18	0	0.101
USC00265846	1990	1	17	21	0	0.101
USC00265846	1990	2	1	11	0	0.101
USC00265846	1990	2	8	11	0	0.101
USC00265846	1990	2	18	14	0	0.101
USC00265846	1990	2	18	23	0	0.101
USC00265846	1990	2	19	3	0	0.101
USC00265846	1990	3	30	11	0	0.101
USC00265846	1990	5	28	6	0	0.101
USC00265846	1990	6	9	17	0	0.011
USC00265846	1990	6	9	19	0	0.079
USC00265846	1990	6	9	20	0	0.045
USC00265846	1990	6	9	21	0	0.034
USC00265846	1990	6	10	5	0	0.056
USC00265846	1990	6	10	6	0	0.011
USC00265846	1990	6	10	12	0	0.788
USC00265846	1990	6	10	13	0	0.068
USC00265846	1990	7	7	23	0	0.404
USC00265846	1990	7	7	24	0	0.808
USC00265846	1990	7	8	1	0	1.010
USC00265846	1990	7	8	2	0	0.101
USC00265846	1990	7	8	3	0	0.202
USC00265846	1990	7	12	15	0	0.101
USC00265846	1990	7	13	20	0	0.101
USC00265846	1990	7	15	21	0	0.101
USC00265846	1990	8	11	21	0	0.101
USC00265846	1990	8	15	1	0	0.101
USC00265846	1990	8	15	22	0	0.202
USC00265846	1990	8	15	23	0	1.313
USC00265846	1990	8	17	13	0	0.101
USC00265846	1990	9	23	4	0	0.202
USC00265846	1990	9	23	9	0	0.101
USC00265846	1990	9	23	10	0	0.101
USC00265846	1990	9	23	20	0	0.202
USC00265846	1990	10	19	14	0	0.101
USC00265846	1990	11	25	10	0	0.101
USC00265846	1991	1	4	3	0	0.101
USC00265846	1991	1	4	5	0	0.101
USC00265846	1991	1	4	7	0	0.101
USC00265846	1991	1	4	16	0	0.101
USC00265846	1991	2	28	2	0	0.101
USC00265846	1991	2	28	3	0	0.202
USC00265846	1991	2	28	4	0	0.101
USC00265846	1991	3	1	5	0	0.101
USC00265846	1991	3	1	10	0	0.101
USC00265846	1991	3	13	21	0	0.101
USC00265846	1991	3	13	22	0	0.101
USC00265846	1991	3	13	23	0	0.101
USC00265846	1991	3	13	24	0	0.202
USC00265846	1991	3	14	7	0	0.101
USC00265846	1991	3	15	11	0	0.101
USC00265846	1991	3	19	9	0	0.101
USC00265846	1991	3	19	10	0	0.101
USC00265846	1991	3	19	12	0	0.101
USC00265846	1991	3	20	16	0	0.101
USC00265846	1991	3	20	17	0	0.202
USC00265846	1991	3	21	9	0	0.101
USC00265846	1991	3	21	21	0	0.101
USC00265846	1991	3	27	6	0	0.101
USC00265846	1991	3	27	8	0	0.101
USC00265846	1991	3	27	13	0	0.101
USC00265846	1991	5	30	22	0	0.101
USC00265846	1991	5	30	24	0	0.101
USC00265846	1991	5	31	4	0	0.101
USC00265846	1991	5	31	20	0	0.101
USC00265846	1991	5	31	23	0	0.101
USC00265846	1991	7	6	22	0	0.101
USC00265846	1991	8	10	21	0	0.202
USC00265846	1991	8	31	6	0	0.101
USC00265846	1991	8	31	10	0	0.101
USC00265846	1991	9	6	6	0	0.101
USC00265846	1991	9	7	14	0	0.202
USC00265846	1991	9	8	13	0	0.101
USC00265846	1991	10	27	1	0	0.101
USC00265846	1991	10	27	2	0	0.101
USC00265846	1991	11	15	1	0	0.101
USC00265846	1991	11	15	2	0	0.101
USC00265846	1991	11	15	6	0	0.101
USC00265846	1991	11	15	9	0	0.101
USC00265846	1991	11	15	16	0	0.101
USC00265846	1991	12	10	15	0	0.101
USC00265846	1991	12	11	13	0	0.101
USC00265846	1991	12	29	21	0	0.101
USC00265846	1991	12	29	23	0	0.202
USC00265846	1991	12	29	24	0	0.101
USC00265846	1991	12	30	1	0	0.101
USC00265846	1991	12	30	2	0	0.101
USC00265846	1991	12	30	3	0	0.101
USC00265846	1991	12	30	7	0	0.101
USC00265846	1992	1	3	16	0	0.101
USC00265846	1992	1	3	19	0	0.101
USC00265846	1992	1	5	7	0	0.101
USC00265846	1992	1	5	11	0	0.101
USC00265846	1992	1	5	21	0	0.101
USC00265846	1992	1	5	22	0	0.101
USC00265846	1992	1	5	23	0	0.101
USC00265846	1992	1	5	24	0	0.101
USC00265846	1992	1	6	1	0	0.101
USC00265846	1992	2	3	10	0	0.100
USC00265846	1992	2	9	6	0	0.100
USC00265846	1992	2	9	8	0	0.100
USC00265846	1992	2	11	5	0	0.100
USC00265846	1992	2	11	18	0	0.100
USC00265846	1992	2	11	21	0	0.100
USC00265846	1992	2	11	22	0	0.100
USC00265846	1992	2	11	23	0	0.100
USC00265846	1992	2	11	24	0	0.100
USC00265846	1992	2	12	1	0	0.100
USC00265846	1992	2	12	3	0	0.200
USC00265846	1992	2	12	4	0	0.100
USC00265846	1992	2	12	14	0	0.200
USC00265846	1992	2	12	15	0	0.100
USC00265846	1992	2	14	18	0	0.100
USC00265846	1992	3	2	16	0	0.100
USC00265846	1992	3	2	20	0	0.100
USC00265846	1992	3	3	12	0	0.100
USC00265846	1992	3	6	13	0	0.100
USC00265846	1992	3	6	21	0	0.200
USC00265846	1992	3	7	2	0	0.100
USC00265846	1992	3	7	6	0	0.100
USC00265846	1992	3	7	7	0	0.200
USC00265846	1992	3	7	11	0	0.100
USC00265846	1992	3	7	23	0	0.100
USC00265846	1992	3	7	24	0	0.100
USC00265846	1992	3	8	1	0	0.100
USC00265846	1992	3	8	10	0	0.100
USC00265846	1992	3	8	13	0	0.100
USC00265846	1992	3	8	14	0	0.100
USC00265846	1992	3	8	16	0	0.100
USC00265846	1992	3	8	20	0	0.100
USC00265846	1992	3	21	9	0	0.100
USC00265846	1992	3	23	22	0	0.100
USC00265846	1992	3	26	13	0	0.100
USC00265846	1992	3	26	14	0	0.100
USC00265846	1992	3	26	16	0	0.100
USC00265846	1992	3	26	17	0	0.100
USC00265846	1992	3	26	21	0	0.100
USC00265846	1992	3	26	24	0	0.100
USC00265846	1992	3	27	4	0	0.200
USC00265846	1992	3	27	5	0	0.200
USC00265846	1992	3	27	6	0	0.100
USC00265846	1992	3	30	4	0	0.100
USC00265846	1992	5	5	8	0	0.080
USC00265846	1992	5	5	9	0	0.080
USC00265846	1992	5	8	19	0	0.080
USC00265846	1992	5	28	19	0	0.080
USC00265846	1992	5	28	20	0	0.080
USC00265846	1992	7	9	9	0	0.100
USC00265846	1992	8	30	16	0	0.100
USC00265846	1992	8	30	17	0	0.100
USC00265846	1992	10	22	1	0	0.100
USC00265846	1992	10	23	19	0	0.100
USC00265846	1992	10	23	20	0	0.300
USC00265846	1992	10	23	21	0	0.100
USC00265846	1992	10	23	22	0	0.100
USC00265846	1992	10	23	23	0	0.100
USC00265846	1992	10	23	24	0	0.200
USC00265846	1992	10	24	7	0	0.200
USC00265846	1992	10	24	8	0	0.100
USC00265846	1992	10	30	4	0	0.100
USC00265846	1992	12	7	21	0	0.100
USC00265846	1992	12	7	24	0	0.100
USC00265846	1992	12	11	22	0	0.100
USC00265846	1992	12	11	23	0	0.100
USC00265846	1992	12	27	21	0	0.059
USC00265846	1992	12	27	22	0	0.138
USC00265846	1992	12	27	23	0	0.177
USC00265846	1992	12	27	24	0	0.177
USC00265846	1992	12	28	1	0	0.138
USC00265846	1992	12	28	2	0	0.157
USC00265846	1992	12	28	3	0	0.138
USC00265846	1992	12	28	4	0	0.078
USC00265846	1992	12	28	5	0	0.040
USC00265846	1992	12	29	18	0	0.078
USC00265846	1992	12	30	2	0	0.020
USC00265846	1993	1	6	6	0	0.011
USC00265846	1993	1	6	7	0	0.011
USC00265846	1993	1	6	8	0	0.023
USC00265846	1993	1	6	9	0	0.034
USC00265846	1993	1	6	10	0	0.045
USC00265846	1993	1	6	11	0	0.045
USC00265846	1993	1	6	12	0	0.034
USC00265846	1993	1	6	13	0	0.023
USC00265846	1993	1	6	14	0	0.068
USC00265846	1993	1	6	16	0	0.023
USC00265846	1993	1	6	18	0	0.011
USC00265846	1993	1	7	4	0	0.023
USC00265846	1993	1	7	5	0	0.023
USC00265846	1993	1	7	6	0	0.023
USC00265846	1993	1	7	7	0	0.011
USC00265846	1993	1	7	17	0	0.011
USC00265846	1993	1	7	19	0	0.011
USC00265846	1993	1	8	0	0	0.034
USC00265846	1993	1	10	10	0	0.068
USC00265846	1993	1	10	20	0	0.011
USC00265846	1993	1	12	18	0	0.011
USC00265846	1993	1	12	19	0	0.056
USC00265846	1993	1	12	20	0	0.011
USC00265846	1993	1	12	21	0	0.034
USC00265846	1993	1	12	22	0	0.079
USC00265846	1993	1	12	24	0	0.034
USC00265846	1993	1	13	3	0	0.011
USC00265846	1993	1	13	4	0	0.011
USC00265846	1993	1	13	5	0	0.034
USC00265846	1993	1	13	6	0	0.023
USC00265846	1993	1	13	13	0	0.023
USC00265846	1993	1	13	14	0	0.011
USC00265846	1993	1	13	15	0	0.011
USC00265846	1993	1	14	0	0	0.023
USC00265846	1993	1	14	1	0	0.068
USC00265846	1993	1	14	2	0	0.034
USC00265846	1993	1	15	11	0	0.011
USC00265846	1993	1	15	15	0	0.011
USC00265846	1993	1	15	16	0	0.023
USC00265846	1993	1	15	21	0	0.011
USC00265846	1993	1	16	8	0	0.011
USC00265846	1993	1	16	9	0	0.068
USC00265846	1993	1	16	10	0	0.045
USC00265846	1993	1	16	13	0	0.011
USC00265846	1993	1	16	14	0	0.011
USC00265846	1993	1	16	16	0	0.011
USC00265846	1993	1	16	18	0	0.034
USC00265846	1993	1	16	19	0	0.113
USC00265846	1993	1	16	20	0	0.045
USC00265846	1993	1	18	18	0	0.225
USC00265846	1993	1	18	19	0	0.068
USC00265846	1993	1	18	20	0	0.068
USC00265846	1993	1	18	21	0	0.011
USC00265846	1993	1	30	11	0	0.011
USC00265846	1993	1	30	12	0	0.011
USC00265846	1993	1	30	14	0	0.011
USC00265846	1993	1	31	7	0	0.011
USC00265846	1993	2	7	23	0	0.011
USC00265846	1993	2	7	24	0	0.045
USC00265846	1993	2	8	1	0	0.045
USC00265846	1993	2	8	2	0	0.090
USC00265846	1993	2	8	3	0	0.068
USC00265846	1993	2	8	4	0	0.101
USC00265846	1993	2	8	5	0	0.158
USC00265846	1993	2	8	6	0	0.191
USC00265846	1993	2	8	7	0	0.169
USC00265846	1993	2	8	8	0	0.101
USC00265846	1993	2	8	9	0	0.023
USC00265846	1993	2	8	10	0	0.023
USC00265846	1993	2	8	11	0	0.056
USC00265846	1993	2	8	12	0	0.158
USC00265846	1993	2	8	13	0	0.011
USC00265846	1993	2	8	16	0	0.101
USC00265846	1993	2	8	17	0	0.113
USC00265846	1993	2	9	2	0	0.034
USC00265846	1993	2	9	3	0	0.011
USC00265846	1993	2	9	4	0	0.011
USC00265846	1993	2	18	19	0	0.100
USC00265846	1993	2	19	10	0	0.100
USC00265846	1993	2	19	13	0	0.100
USC00265846	1993	2	26	18	0	0.100
USC00265846	1993	2	26	20	0	0.100
USC00265846	1993	2	26	23	0	0.200
USC00265846	1993	2	27	1	0	0.100
USC00265846	1993	2	27	2	0	0.100
USC00265846	1993	2	27	3	0	0.100
USC00265846	1993	2	27	11	0	0.100
USC00265846	1993	2	28	3	0	0.100
USC00265846	1993	2	28	5	0	0.100
USC00265846	1993	2	28	16	0	0.100
USC00265846	1993	2	28	19	0	0.100
USC00265846	1993	3	26	9	0	0.200
USC00265846	1993	3	28	7	0	0.100
USC00265846	1993	4	5	22	0	0.100
USC00265846	1993	5	15	13	0	0.200
USC00265846	1993	5	16	8	0	0.100
USC00265846	1993	6	5	20	0	0.100
USC00265846	1993	6	5	21	0	0.100
USC00265846	1993	6	5	22	0	0.100
USC00265846	1993	11	11	9	0	0.100
USC00265846	1993	11	11	10	0	0.100
USC00265846	1993	11	11	11	0	0.100
USC00265846	1993	11	11	13	0	0.100
USC00265846	1993	11	12	10	0	0.100
USC00265846	1993	11	14	11	0	0.100
USC00265846	1993	11	30	9	0	0.100
USC00265846	1993	12	15	2	0	0.100
USC00265846	1993	12	15	3	0	0.100
USC00265846	1993	12	15	5	0	0.100
USC00265846	1994	2	4	6	0	0.100
USC00265846	1994	2	4	11	0	0.100
USC00265846	1994	2	8	19	0	0.100
USC00265846	1994	2	8	21	0	0.100
USC00265846	1994	3	25	4	0	0.023
USC00265846	1994	3	25	6	0	0.023
USC00265846	1994	3	25	7	0	0.023
USC00265846	1994	3	25	9	0	0.045
USC00265846	1994	3	25	10	0	0.034
USC00265846	1994	4	27	3	0	0.100
USC00265846	1994	7	18	20	0	0.200
USC00265846	1994	7	31	14	0	0.100
USC00265846	1994	8	19	3	0	0.300
USC00265846	1994	8	19	4	0	0.100
USC00265846	1994	8	19	6	0	0.100
USC00265846	1994	9	19	15	0	0.011
USC00265846	1994	9	19	16	0	0.146
USC00265846	1994	9	19	17	0	0.045
USC00265846	1994	9	19	19	0	0.056
USC00265846	1994	9	20	20	0	0.124
USC00265846	1994	9	20	21	0	0.011
USC00265846	1994	11	11	22	0	0.100
USC00265846	1994	11	11	23	0	0.100
USC00265846	1994	11	12	1	0	0.100
USC00265846	1994	12	20	14	0	0.100
USC00265846	1994	12	24	16	0	0.100
USC00265846	1994	12	24	18	0	0.100
USC00265846	1994	12	25	6	0	0.100
USC00265846	1994	12	25	7	0	0.100
USC00265846	1994	12	25	8	0	0.100
USC00265846	1994	12	29	5	0	0.100
USC00265846	1994	12	29	6	0	0.100
USC00265846	1994	12	29	8	0	0.100
USC00265846	1994	12	29	11	0	0.100
USC00265846	1994	12	29	12	0	0.200
USC00265846	1994	12	29	23	0	0.100
USC00265846	1995	1	3	13	0	0.100
USC00265846	1995	1	3	17	0	0.100
USC00265846	1995	1	4	11	0	0.100
USC00265846	1995	1	4	12	0	0.100
USC00265846	1995	1	4	13	0	0.100
USC00265846	1995	1	4	14	0	0.100
USC00265846	1995	1	4	18	0	0.100
USC00265846	1995	1	4	19	0	0.100
USC00265846	1995	1	4	20	0	0.100
USC00265846	1995	1	4	24	0	0.100
USC00265846	1995	1	7	3	0	0.100
USC00265846	1995	1	7	5	0	0.100
USC00265846	1995	1	7	16	0	0.100
USC00265846	1995	1	10	8	0	0.100
USC00265846	1995	1	10	10	0	0.100
USC00265846	1995	1	10	12	0	0.100
USC00265846	1995	1	10	13	0	0.100
USC00265846	1995	1	10	14	0	0.100
USC00265846	1995	1	10	15	0	0.100
USC00265846	1995	1	16	6	0	0.100
USC00265846	1995	1	23	24	0	0.100
USC00265846	1995	1	24	6	0	0.100
USC00265846	1995	1	25	2	0	0.100
USC00265846	1995	1	25	7	0	0.100
USC00265846	1995	1	25	9	0	0.100
USC00265846	1995	1	25	13	0	0.100
USC00265846	1995	1	25	24	0	0.100
USC00265846	1995	2	27	19	0	0.100
USC00265846	1995	2	27	21	0	0.100
USC00265846	1995	2	28	15	0	0.200
USC00265846	1995	3	5	14	0	0.100
USC00265846	1995	3	5	18	0	0.100
USC00265846	1995	3	10	16	0	0.100
USC00265846	1995	3	10	23	0	0.100
USC00265846	1995	3	11	2	0	0.100
USC00265846	1995	4	3	16	0	0.100
USC00265846	1995	4	20	18	0	0.100
USC00265846	1995	5	22	19	0	0.100
USC00265846	1995	6	2	19	0	0.100
USC00265846	1995	6	8	15	0	0.100
USC00265846	1995	11	28	12	0	0.044
USC00265846	1996	1	31	9	0	0.022
USC00265846	1996	1	31	16	0	0.013
USC00265846	1996	1	31	17	0	0.022
USC00265846	1996	1	31	18	0	0.013
USC00265846	1996	1	31	19	0	0.013
USC00265846	1996	1	31	20	0	0.058
USC00265846	1996	1	31	21	0	0.013
USC00265846	1996	2	1	0	0	0.022
USC00265846	1996	2	20	14	0	0.066
USC00265846	1996	2	20	15	0	0.044
USC00265846	1996	2	26	12	0	0.022
USC00265846	1996	5	24	4	0	0.100
USC00265846	1996	5	24	13	0	0.100
USC00265846	1996	7	3	17	0	0.200
USC00265846	1996	7	4	8	0	0.100
USC00265846	1996	7	9	14	0	0.100
USC00265846	1996	7	9	15	0	0.700
USC00265846	1996	7	9	16	0	0.100
USC00265846	1996	7	10	10	0	0.100
USC00265846	1996	7	11	8	0	0.100
USC00265846	1996	7	11	14	0	0.200
USC00265846	1996	7	11	16	0	0.200
USC00265846	1996	7	12	3	0	0.100
USC00265846	1996	7	28	14	0	0.500
USC00265846	1996	8	17	10	0	0.100
USC00265846	1996	10	28	11	0	0.100
USC00265846	1996	10	30	19	0	0.100
USC00265846	1996	10	30	20	0	0.100
USC00265846	1996	10	30	21	0	0.100
USC00265846	1996	11	4	6	0	0.100
USC00265846	1996	11	21	23	0	0.100
USC00265846	1996	11	21	24	0	0.100
USC00265846	1996	11	22	1	0	0.100
USC00265846	1996	11	22	2	0	0.300
USC00265846	1996	11	22	3	0	0.200
USC00265846	1996	11	23	19	0	0.100
USC00265846	1996	12	9	21	0	0.100
USC00265846	1997	1	4	23	0	0.100
USC00265846	1997	1	12	19	0	0.100
USC00265846	1997	1	12	24	0	0.100
USC00265846	1997	1	13	1	0	0.100
USC00265846	1997	1	13	2	0	0.100
USC00265846	1997	2	26	7	0	0.100
USC00265846	1997	2	26	12	0	0.100
USC00265846	1997	4	2	11	0	0.013
USC00265846	1997	4	2	13	0	0.013
USC00265846	1997	4	2	14	0	0.013
USC00265846	1997	4	2	16	0	0.013
USC00265846	1997	7	28	6	0	0.100
USC00265846	1997	9	2	10	0	0.100
USC00265846	1997	9	3	18	0	0.100
USC00265846	1997	9	3	23	0	0.100
USC00265846	1997	9	25	17	0	0.100
USC00265846	1997	9	25	19	0	0.100
USC00265846	1997	9	25	20	0	0.300
USC00265846	1997	9	25	21	0	0.100
USC00265846	1997	11	13	24	0	0.100
USC00265846	1997	12	6	23	0	0.100
USC00265846	1998	2	4	2	0	0.100
USC00265846	1998	2	4	3	0	0.100
USC00265846	1998	2	4	7	0	0.100
USC00265846	1998	2	4	8	0	0.100
USC00265846	1998	2	4	11	0	0.100
USC00265846	1998	2	6	20	0	0.100
USC00265846	1998	2	6	22	0	0.200
USC00265846	1998	2	6	23	0	0.200
USC00265846	1998	2	9	4	0	0.100
USC00265846	1998	2	9	7	0	0.100
USC00265846	1998	2	15	3	0	0.100
USC00265846	1998	2	17	9	0	0.100
USC00265846	1998	2	20	2	0	0.100
USC00265846	1998	2	20	4	0	0.100
USC00265846	1998	2	20	5	0	0.100
USC00265846	1998	2	20	6	0	0.100
USC00265846	1998	2	20	8	0	0.100
USC00265846	1998	2	24	4	0	0.100
USC00265846	1998	2	24	5	0	0.200
USC00265846	1998	2	24	6	0	0.100
USC00265846	1998	2	24	12	0	0.100
USC00265846	1998	3	26	6	0	0.100
USC00265846	1998	3	26	14	0	0.100
USC00265846	1998	3	28	13	0	0.200
USC00265846	1998	3	29	14	0	0.100
USC00265846	1998	4	25	21	0	0.700
USC00265846	1998	5	14	2	0	0.100
USC00265846	1998	7	20	7	0	0.700
USC00265846	1998	7	20	8	0	0.100
USC00265846	1998	7	22	4	0	0.400
USC00265846	1998	7	22	5	0	0.100
USC00265846	1998	7	22	6	0	0.100
USC00265846	1998	7	22	7	0	0.100
USC00265846	1998	7	24	7	0	0.100
USC00265846	1998	7	24	10	0	0.100
USC00265846	1998	7	24	18	0	0.100
USC00265846	1998	9	4	17	0	0.100
USC00265846	1998	9	4	19	0	0.100
USC00265846	1998	9	5	5	0	0.100
USC00265846	1998	9	6	1	0	0.100
USC00265846	1998	9	9	12	0	0.100
USC00265846	1998	9	9	24	0	0.100
USC00265846	1998	9	11	12	0	0.100
USC00265846	1998	9	11	18	0	0.500
USC00265846	1998	9	11	19	0	0.100
USC00265846	1998	9	12	3	0	0.100
USC00265846	1999	1	22	21	0	0.100
USC00265846	1999	1	23	21	0	0.100
USC00265846	1999	2	5	0	0	0.100
USC00265846	1999	3	3	20	0	0.100
USC00265846	1999	3	3	22	0	0.200
USC00265846	1999	3	3	23	0	0.100
USC00265846	1999	4	23	12	0	0.300
USC00265846	1999	4	23	13	0	0.100
USC00265846	1999	4	23	14	0	0.100
USC00265846	1999	4	29	4	0	0.100
USC00265846	1999	4	29	7	0	0.100
USC00265846	1999	6	2	24	0	0.100
USC00265846	1999	7	12	12	0	0.100
USC00265846	1999	7	13	9	0	0.100
USC00265846	1999	7	13	10	0	0.200
USC00265846	1999	9	22	22	0	0.100
USC00265846	2000	2	16	18	0	0.100
USC00265846	2000	2	16	19	0	0.200
USC00265846	2000	2	16	21	0	0.300
USC00265846	2000	2	21	3	0	0.100
USC00265846	2000	2	21	13	0	0.100
USC00265846	2000	2	23	12	0	0.100
USC00265846	2000	2	23	17	0	0.100
USC00265846	2000	2	23	21	0	0.100
USC00265846	2000	2	24	14	0	0.100
USC00265846	2000	3	5	9	0	0.100
USC00265846	2000	3	5	11	0	0.100
USC00265846	2000	3	5	16	0	0.200
USC00265846	2000	3	5	17	0	0.200
USC00265846	2000	3	8	14	0	0.100
USC00265846	2000	4	17	24	0	0.100
USC00265846	2000	8	22	9	0	0.100
USC00265846	2000	8	29	18	0	0.100
USC00265846	2000	10	22	24	0	0.100
USC00265846	2000	10	25	2	0	0.100
USC00265846	2000	10	26	19	0	0.100
USC00265846	2000	10	27	3	0	0.100
USC00265846	2000	10	27	15	0	0.100
USC00265846	2000	10	29	19	0	0.100
USC00265846	2000	11	11	9	0	0.100
USC00265846	2001	1	9	8	0	0.100
USC00265846	2001	1	9	11	0	0.100
USC00265846	2001	1	9	14	0	0.100
USC00265846	2001	1	11	13	0	0.100
USC00265846	2001	1	11	17	0	0.100
USC00265846	2001	1	11	18	0	0.100
USC00265846	2001	1	11	21	0	0.100
USC00265846	2001	1	27	5	0	0.100
USC00265846	2001	1	27	7	0	0.100
USC00265846	2001	1	27	15	0	0.100
USC00265846	2001	2	26	2	0	0.100
USC00265846	2001	2	26	11	0	0.100
USC00265846	2001	2	26	14	0	0.100
USC00265846	2001	2	27	20	0	0.200
USC00265846	2001	2	27	21	0	0.200
USC00265846	2001	2	27	22	0	0.100
USC00265846	2001	2	27	23	0	0.100
USC00265846	2001	2	28	2	0	0.100
USC00265846	2001	2	28	4	0	0.100
USC00265846	2001	2	28	7	0	0.100
USC00265846	2001	2	28	11	0	0.100
USC00265846	2001	3	3	12	0	0.100
USC00265846	2001	3	9	7	0	0.100
USC00265846	2001	3	9	19	0	0.100
USC00265846	2001	3	9	20	0	0.100
USC00265846	2001	3	9	21	0	0.100
USC00265846	2001	3	11	8	0	0.100
USC00265846	2001	4	1	2	0	0.100
USC00265846	2001	4	4	16	0	0.100
USC00265846	2001	4	4	24	0	0.100
USC00265846	2001	7	26	4	0	0.100
USC00265846	2001	8	12	6	0	0.100
USC00265846	2001	8	19	9	0	0.100
USC00265846	2001	8	19	23	0	0.400
USC00265846	2001	8	19	24	0	0.200
USC00265846	2001	8	20	1	0	0.100
USC00265846	2001	11	5	15	0	0.100
USC00265846	2001	11	11	16	0	0.100
USC00265846	2001	11	12	17	0	0.100
USC00265846	2002	1	31	5	0	0.213
USC00265846	2002	6	5	1	0	0.100
USC00265846	2002	7	18	1	0	0.200
USC00265846	2002	9	5	20	0	0.100
USC00265846	2002	9	11	17	0	0.100
USC00265846	2002	10	25	8	0	0.100
USC00265846	2002	11	30	1	0	0.100
USC00265846	2002	11	30	2	0	0.100
USC00265846	2002	11	30	10	0	0.100
USC00265846	2002	12	20	15	0	0.100
USC00265846	2003	2	12	2	0	0.100
USC00265846	2003	2	12	5	0	0.100
USC00265846	2003	2	12	7	0	0.100
USC00265846	2003	2	12	10	0	0.100
USC00265846	2003	2	12	13	0	0.100
USC00265846	2003	2	12	16	0	0.100
USC00265846	2003	2	24	21	0	0.100
USC00265846	2003	2	25	1	0	0.100
USC00265846	2003	2	25	5	0	0.100
USC00265846	2003	2	25	6	0	0.100
USC00265846	2003	2	25	7	0	0.100
USC00265846	2003	2	25	8	0	0.100
USC00265846	2003	2	25	9	0	0.100
USC00265846	2003	2	25	11	0	0.100
USC00265846	2003	2	26	23	0	0.100
USC00265846	2003	2	27	16	0	0.100
USC00265846	2003	3	2	21	0	0.100
USC00265846	2003	3	4	10	0	0.100
USC00265846	2003	3	16	6	0	0.100
USC00265846	2003	3	16	7	0	0.100
USC00265846	2003	3	16	8	0	0.100
USC00265846	2003	3	16	9	0	0.100
USC00265846	2003	3	16	13	0	0.100
USC00265846	2003	3	17	13	0	0.100
USC00265846	2003	4	14	24	0	0.100
USC00265846	2003	4	15	1	0	0.200
USC00265846	2003	4	15	4	0	0.100
USC00265846	2003	4	15	7	0	0.100
USC00265846	2003	4	18	20	0	0.100
USC00265846	2003	7	31	4	0	0.100
USC00265846	2003	8	15	20	0	0.200
USC00265846	2003	8	15	22	0	0.200
USC00265846	2003	8	15	23	0	0.200
USC00265846	2003	8	15	24	0	0.100
USC00265846	2003	8	16	12	0	0.100
USC00265846	2003	11	12	17	0	0.100
USC00265846	2003	11	15	24	0	0.100
USC00265846	2003	11	16	6	0	0.100
USC00265846	2003	12	14	17	0	0.200
USC00265846	2003	12	25	22	0	0.200
USC00265846	2004	1	31	7	0	0.100
USC00265846	2004	2	3	3	0	0.100
USC00265846	2004	2	21	4	0	0.100
USC00265846	2004	2	22	5	0	0.100
USC00265846	2004	2	22	8	0	0.100
USC00265846	2004	2	22	11	0	0.100
USC00265846	2004	2	22	23	0	0.100
USC00265846	2004	2	22	24	0	0.100
USC00265846	2004	2	23	1	0	0.100
USC00265846	2004	2	23	2	0	0.100
USC00265846	2004	2	23	13	0	0.100
USC00265846	2004	2	26	5	0	0.100
USC00265846	2004	2	26	7	0	0.100
USC00265846	2004	3	1	21	0	0.013
USC00265846	2004	3	1	22	0	0.044
USC00265846	2004	3	1	23	0	0.013
USC00265846	2004	3	2	4	0	0.022
USC00265846	2004	3	2	5	0	0.089
USC00265846	2004	3	2	7	0	0.044
USC00265846	2004	3	2	8	0	0.035
USC00265846	2004	4	8	19	0	0.100
USC00265846	2004	8	5	2	0	0.100
USC00265846	2004	8	5	7	0	0.100
USC00265846	2004	8	19	5	0	0.100
USC00265846	2004	8	19	6	0	0.200
USC00265846	2004	10	20	10	0	0.100
USC00265846	2004	10	20	14	0	0.100
USC00265846	2004	10	20	15	0	0.100
USC00265846	2004	10	20	17	0	0.100
USC00265846	2004	10	21	8	0	0.100
USC00265846	2004	10	21	16	0	0.100
USC00265846	2004	10	27	7	0	0.100
USC00265846	2004	10	27	8	0	0.200
USC00265846	2004	10	27	10	0	0.200
USC00265846	2004	10	27	11	0	0.200
USC00265846	2004	10	27	12	0	0.200
USC00265846	2004	10	27	13	0	0.100
USC00265846	2004	10	28	8	0	0.100
USC00265846	2004	11	4	5	0	0.100
USC00265846	2004	11	7	16	0	0.100
USC00265846	2004	11	7	18	0	0.100
USC00265846	2004	11	7	19	0	0.100
USC00265846	2004	11	7	20	0	0.100
USC00265846	2004	11	7	21	0	0.200
USC00265846	2004	11	7	23	0	0.100
USC00265846	2004	11	7	24	0	0.100
USC00265846	2004	11	8	2	0	0.100
USC00265846	2004	11	8	3	0	0.200
USC00265846	2004	11	21	6	0	0.100
USC00265846	2004	11	21	20	0	0.100
USC00265846	2004	11	21	23	0	0.100
USC00265846	2004	11	22	1	0	0.100
USC00265846	2004	11	22	2	0	0.100
USC00265846	2004	11	22	3	0	0.100
USC00265846	2004	11	22	5	0	0.100
USC00265846	2004	11	27	19	0	0.100
USC00265846	2004	12	7	15	0	0.100
USC00265846	2004	12	27	9	0	0.100
USC00265846	2004	12	28	14	0	0.200
USC00265846	2004	12	28	15	0	0.100
USC00265846	2004	12	28	16	0	0.100
USC00265846	2004	12	28	18	0	0.100
USC00265846	2004	12	28	20	0	0.100
USC00265846	2004	12	28	21	0	0.200
USC00265846	2004	12	28	22	0	0.100
USC00265846	2004	12	28	23	0	0.100
USC00265846	2004	12	28	24	0	0.300
USC00265846	2004	12	29	1	0	0.200
USC00265846	2004	12	29	2	0	0.200
USC00265846	2004	12	29	4	0	0.200
USC00265846	2004	12	29	5	0	0.100
USC00265846	2004	12	29	7	0	0.200
USC00265846	2005	1	3	7	0	0.013
USC00265846	2005	1	3	8	0	0.058
USC00265846	2005	1	3	13	0	0.100
USC00265846	2005	1	3	15	0	0.100
USC00265846	2005	1	3	17	0	0.100
USC00265846	2005	1	4	1	0	0.200
USC00265846	2005	1	7	10	0	0.100
USC00265846	2005	1	7	13	0	0.100
USC00265846	2005	1	7	14	0	0.100
USC00265846	2005	1	7	16	0	0.100
USC00265846	2005	1	9	18	0	0.100
USC00265846	2005	1	9	19	0	0.100
USC00265846	2005	1	10	10	0	0.100
USC00265846	2005	1	10	12	0	0.100
USC00265846	2005	1	26	9	0	0.100
USC00265846	2005	1	26	17	0	0.100
USC00265846	2005	1	26	21	0	0.100
USC00265846	2005	1	28	19	0	0.100
USC00265846	2005	1	29	6	0	0.100
USC00265846	2005	2	11	8	0	0.100
USC00265846	2005	2	11	11	0	0.100
USC00265846	2005	2	11	13	0	0.100
USC00265846	2005	2	11	16	0	0.100
USC00265846	2005	2	11	17	0	0.100
USC00265846	2005	2	11	18	0	0.100
USC00265846	2005	2	11	21	0	0.100
USC00265846	2005	2	12	4	0	0.100
USC00265846	2005	2	12	6	0	0.100
USC00265846	2005	2	18	4	0	0.100
USC00265846	2005	2	18	17	0	0.100
USC00265846	2005	2	18	18	0	0.200
USC00265846	2005	2	18	19	0	0.100
USC00265846	2005	2	19	21	0	0.300
USC00265846	2005	2	19	22	0	0.100
USC00265846	2005	2	21	16	0	0.100
USC00265846	2005	2	21	24	0	0.100
USC00265846	2005	2	22	1	0	0.100
USC00265846	2005	2	22	2	0	0.200
USC00265846	2005	2	22	4	0	0.100
USC00265846	2005	2	22	9	0	0.100
USC00265846	2005	2	22	12	0	0.100
USC00265846	2005	2	25	13	0	0.100
USC00265846	2005	3	16	12	0	0.100
USC00265846	2005	3	23	4	0	0.200
USC00265846	2005	4	23	18	0	0.100
USC00265846	2005	4	23	21	0	0.200
USC00265846	2005	4	23	23	0	0.100
USC00265846	2005	4	29	11	0	0.100
USC00265846	2005	5	2	11	0	0.100
USC00265846	2005	6	22	19	0	0.100
USC00265846	2005	7	6	11	0	0.100
USC00265846	2005	7	23	13	0	0.100
USC00265846	2005	8	5	21	0	0.100
USC00265846	2005	8	9	8	0	0.100
USC00265846	2005	8	10	23	0	0.100
USC00265846	2005	8	14	19	0	0.100
USC00265846	2005	8	19	10	0	0.100
USC00265846	2005	10	17	22	0	0.100
USC00265846	2005	10	17	23	0	0.100
USC00265846	2005	10	17	24	0	0.200
USC00265846	2005	10	18	1	0	0.100
USC00265846	2005	10	18	3	0	0.100
USC00265846	2005	10	18	5	0	0.100
USC00265846	2005	10	18	12	0	0.200
USC00265846	2005	10	18	13	0	0.100
USC00265846	2005	10	18	22	0	0.100
USC00265846	2006	2	19	10	0	0.011
USC00265846	2006	2	28	9	0	0.045
USC00265846	2006	3	11	7	0	0.100
USC00265846	2006	3	11	8	0	0.100
USC00265846	2006	3	12	3	0	0.100
USC00265846	2006	3	12	5	0	0.100
USC00265846	2006	3	18	7	0	0.100
USC00265846	2006	3	19	9	0	0.200
USC00265846	2006	3	21	7	0	0.100
USC00265846	2006	3	22	9	0	0.100
USC00265846	2006	6	8	1	0	0.100
USC00265846	2006	6	27	20	0	0.200
USC00265846	2006	7	18	7	0	0.100
USC00265846	2006	7	18	18	0	0.100
USC00265846	2006	7	18	19	0	0.300
USC00265846	2006	7	25	18	0	0.400
USC00265846	2006	7	26	10	0	0.100
USC00265846	2006	7	29	24	0	0.300
USC00265846	2006	7	30	6	0	0.100
USC00265846	2006	8	3	12	0	0.045
USC00265846	2006	9	7	18	0	0.400
USC00265846	2006	9	7	19	0	0.100
USC00265846	2006	10	6	13	0	0.200
USC00265846	2006	10	13	18	0	0.100
USC00265846	2006	10	13	20	0	0.100
USC00265846	2006	10	13	21	0	0.100
USC00265846	2006	10	13	23	0	0.100
USC00265846	2006	10	14	1	0	0.400
USC00265846	2006	10	14	9	0	0.300
USC00265846	2006	10	14	12	0	0.100
USC00265846	2006	12	28	5	0	0.100
USC00265846	2007	1	5	7	0	0.100
USC00265846	2007	1	5	8	0	0.100
USC00265846	2007	2	8	20	0	0.005
USC00265846	2007	2	11	19	0	0.002
USC00265846	2007	2	13	15	0	0.001
USC00265846	2007	2	13	17	0	0.003
USC00265846	2007	2	13	18	0	0.009
USC00265846	2007	2	13	19	0	0.008
USC00265846	2007	2	13	20	0	0.01
USC00265846	2007	2	15	11	0	0.001
USC00265846	2007	2	15	12	0	0.001
USC00265846	2007	2	15	13	0	0.001
USC00265846	2007	2	15	14	0	0.001
USC00265846	2007	2	16	11	0	0.006
USC00265846	2007	2	19	3	0	0.008
USC00265846	2007	2	19	9	0	0.001
USC00265846	2007	2	19	10	0	0.017
USC00265846	2007	2	19	11	0	0.008
USC00265846	2007	2	19	12	0	0.025
USC00265846	2007	2	19	13	0	0.019
USC00265846	2007	2	19	14	0	0.002
USC00265846	2007	2	19	16	0	0.001
USC00265846	2007	2	19	17	0	0.026
USC00265846	2007	2	19	18	0	0.006
USC00265846	2007	2	23	2	0	0.003
USC00265846	2007	5	2	8	0	0.003
USC00265846	2007	5	2	13	0	0.003
USC00265846	2007	5	31	20	0	0.100
USC00265846	2007	6	7	14	0	0.126
USC00265846	2007	6	7	15	0	0.126
USC00265846	2007	6	7	16	0	0.126
USC00265846	2007	7	24	5	0	0.100
USC00265846	2007	8	1	16	0	0.100
USC00265846	2007	8	27	6	0	0.200
USC00265846	2007	8	27	7	0	0.200
USC00265846	2007	8	27	10	0	0.100
USC00265846	2007	9	22	4	0	0.100
USC00265846	2007	9	22	5	0	0.300
USC00265846	2007	9	22	6	0	0.100
USC00265846	2007	11	30	13	0	0.100
USC00265846	2007	11	30	14	0	0.200
USC00265846	2007	11	30	15	0	0.100
USC00265846	2007	11	30	17	0	0.200
USC00265846	2007	11	30	18	0	0.100
USC00265846	2007	11	30	19	0	0.100
USC00265846	2007	11	30	20	0	0.100
USC00265846	2007	11	30	22	0	0.100
USC00265846	2007	11	30	24	0	0.100
USC00265846	2007	12	1	2	0	0.100
USC00265846	2007	12	1	3	0	0.200
USC00265846	2007	12	4	21	0	0.612
USC00265846	2007	12	4	22	0	0.739
USC00265846	2007	12	5	9	0	0.016
USC00265846	2007	12	6	17	0	0.002
USC00265846	2007	12	6	18	0	0.002
USC00265846	2007	12	6	19	0	0.002
USC00265846	2007	12	6	23	0	0.002
USC00265846	2007	12	6	24	0	0.002
USC00265846	2007	12	7	1	0	0.002
USC00265846	2007	12	7	2	0	0.008
USC00265846	2007	12	7	3	0	0.008
USC00265846	2007	12	7	4	0	0.008
USC00265846	2007	12	7	5	0	0.009
USC00265846	2007	12	7	6	0	0.009
USC00265846	2007	12	7	7	0	0.009
USC00265846	2007	12	7	8	0	0.004
USC00265846	2007	12	7	9	0	0.004
USC00265846	2007	12	7	10	0	0.004
USC00265846	2007	12	7	11	0	0.003
USC00265846	2007	12	7	12	0	0.003
USC00265846	2007	12	7	13	0	0.003
USC00265846	2007	12	7	17	0	0.002
USC00265846	2007	12	7	18	0	0.002
USC00265846	2007	12	7	19	0	0.002
USC00265846	2007	12	7	23	0	0.001
USC00265846	2007	12	7	24	0	0.001
USC00265846	2007	12	8	1	0	0.001
USC00265846	2007	12	8	2	0	0.001
USC00265846	2007	12	8	3	0	0.001
USC00265846	2007	12	8	4	0	0.001
USC00265846	2007	12	10	14	0	0.011
USC00265846	2007	12	10	15	0	0.011
USC00265846	2007	12	11	15	0	0.011
USC00265846	2007	12	12	15	0	0.086
USC00265846	2007	12	22	13	0	0.01
USC00265846	2007	12	22	14	0	0.01
USC00265846	2007	12	23	24	0	0.004
USC00265846	2007	12	24	11	0	0.07
USC00265846	2008	1	27	3	0	0.100
USC00265846	2008	1	27	6	0	0.100
USC00265846	2008	1	27	7	0	0.100
USC00265846	2008	1	27	8	0	0.100
USC00265846	2008	1	27	13	0	0.100
USC00265846	2008	2	3	16	0	0.100
USC00265846	2008	2	22	12	0	0.100
USC00265846	2008	5	23	8	0	0.100
USC00265846	2008	5	23	9	0	0.100
USC00265846	2008	5	23	13	0	0.100
USC00265846	2008	7	28	10	0	0.100
USC00265846	2008	8	6	8	0	0.100
USC00265846	2008	10	4	18	0	0.100
USC00265846	2008	10	4	19	0	0.200
USC00265846	2008	10	4	20	0	0.100
USC00265846	2008	10	5	9	0	0.100
USC00265846	2008	11	2	1	0	0.100
USC00265846	2008	11	26	8	0	0.100
USC00265846	2008	11	26	10	0	0.100
USC00265846	2008	11	26	14	0	0.100
USC00265846	2008	11	26	24	0	0.100
USC00265846	2008	12	15	11	0	0.100
USC00265846	2008	12	15	12	0	0.100
USC00265846	2008	12	15	14	0	0.100
USC00265846	2008	12	15	17	0	0.100
USC00265846	2008	12	17	16	0	0.100
USC00265846	2008	12	17	17	0	0.100
USC00265846	2008	12	17	18	0	0.100
USC00265846	2008	12	17	20	0	0.100
USC00265846	2008	12	17	22	0	0.100
USC00265846	2008	12	18	5	0	0.100
USC00265846	2008	12	23	10	0	0.100
USC00265846	2008	12	25	17	0	0.200
USC00265846	2009	1	22	24	0	0.100
USC00265846	2009	1	23	24	0	0.100
USC00265846	2009	2	7	13	0	0.100
USC00265846	2009	2	7	16	0	0.200
USC00265846	2009	2	7	18	0	0.100
USC00265846	2009	2	7	19	0	0.100
USC00265846	2009	2	7	20	0	0.100
USC00265846	2009	2	8	4	0	0.100
USC00265846	2009	2	8	7	0	0.100
USC00265846	2009	2	9	8	0	0.200
USC00265846	2009	3	31	10	0	0.100
USC00265846	2009	4	7	6	0	0.100
USC00265846	2009	4	7	21	0	0.200
USC00265846	2009	4	25	9	0	0.003
USC00265846	2009	5	22	21	0	0.011
USC00265846	2009	5	22	22	0	0.003
USC00265846	2009	5	22	23	0	0.002
USC00265846	2009	5	22	24	0	0.002
USC00265846	2009	5	23	21	0	0.001
USC00265846	2009	5	26	16	0	0.005
USC00265846	2009	5	26	17	0	0.007
USC00265846	2009	6	1	7	0	0.004
USC00265846	2009	6	1	8	0	0.007
USC00265846	2009	6	1	17	0	0.100
USC00265846	2009	6	25	6	0	0.002
USC00265846	2009	6	25	7	0	0.003
USC00265846	2009	6	25	8	0	0.003
USC00265846	2009	6	25	9	0	0.019
USC00265846	2009	6	25	14	0	0.001
USC00265846	2009	7	20	8	0	0.001
USC00265846	2009	7	20	9	0	0.016
USC00265846	2009	7	20	10	0	0.014
USC00265846	2009	7	20	11	0	0.01
USC00265846	2009	7	20	12	0	0.005
USC00265846	2009	7	20	20	0	0.003
USC00265846	2009	7	20	21	0	0.001
USC00265846	2009	9	1	8	0	0.100
USC00265846	2009	12	7	18	0	0.100
USC00265846	2009	12	7	19	0	0.100
USC00265846	2009	12	7	20	0	0.100
USC00265846	2009	12	22	15	0	0.100
USC00265846	2009	12	30	10	0	0.001
USC00265846	2009	12	30	11	0	0.001
USC00265846	2010	1	18	18	0	0.100
USC00265846	2010	1	19	16	0	0.200
USC00265846	2010	1	19	17	0	0.100
USC00265846	2010	1	19	18	0	0.100
USC00265846	2010	1	19	19	0	0.200
USC00265846	2010	1	20	19	0	0.100
USC00265846	2010	1	20	21	0	0.200
USC00265846	2010	1	20	22	0	0.100
USC00265846	2010	1	20	23	0	0.100
USC00265846	2010	1	21	10	0	0.100
USC00265846	2010	1	21	11	0	0.100
USC00265846	2010	1	21	13	0	0.100
USC00265846	2010	1	21	14	0	0.200
USC00265846	2010	1	21	15	0	0.100
USC00265846	2010	1	21	16	0	0.100
USC00265846	2010	1	21	18	0	0.200
USC00265846	2010	1	27	1	0	0.100
USC00265846	2010	1	27	9	0	0.100
USC00265846	2010	1	27	16	0	0.100
USC00265846	2010	2	6	9	0	0.100
USC00265846	2010	2	6	11	0	0.100
USC00265846	2010	2	6	12	0	0.100
USC00265846	2010	2	6	13	0	0.200
USC00265846	2010	2	6	15	0	0.100
USC00265846	2010	2	6	21	0	0.300
USC00265846	2010	2	9	15	0	0.100
USC00265846	2010	2	21	24	0	0.100
USC00265846	2010	3	7	4	0	0.100
USC00265846	2010	3	7	5	0	0.100
USC00265846	2010	3	7	6	0	0.100
USC00265846	2010	3	7	7	0	0.100
USC00265846	2010	3	7	19	0	0.100
USC00265846	2010	3	7	21	0	0.100
USC00265846	2010	3	7	23	0	0.100
USC00265846	2010	4	5	11	0	0.001
USC00265846	2010	4	5	12	0	0.001
USC00265846	2010	4	5	13	0	0.001
USC00265846	2010	4	5	14	0	0.001
USC00265846	2010	4	5	15	0	0.001
USC00265846	2010	4	5	16	0	0.001
USC00265846	2010	4	12	8	0	0.001
USC00265846	2010	4	12	9	0	0.001
USC00265846	2010	4	12	10	0	0.001
USC00265846	2010	4	12	11	0	0.001
USC00265846	2010	4	12	12	0	0.001
USC00265846	2010	4	12	13	0	0.001
USC00265846	2010	4	20	22	0	0.006
USC00265846	2010	4	20	23	0	0.003
USC00265846	2010	4	21	5	0	0.003
USC00265846	2010	4	21	6	0	0.001
USC00265846	2010	4	21	7	0	0.001
USC00265846	2010	4	22	5	0	0.005
USC00265846	2010	4	22	7	0	0.015
USC00265846	2010	4	22	9	0	0.031
USC00265846	2010	4	22	10	0	0.026
USC00265846	2010	4	22	11	0	0.009
USC00265846	2010	4	22	12	0	0.005
USC00265846	2010	4	29	14	0	0.001
USC00265846	2010	6	12	6	0	0.005
USC00265846	2010	6	12	7	0	0.003
USC00265846	2010	8	7	24	0	0.081
USC00265846	2010	8	8	1	0	0.108
USC00265846	2010	8	8	5	0	0.118
USC00265846	2010	8	8	6	0	0.015
USC00265846	2010	8	8	7	0	0.034
USC00265846	2010	8	8	18	0	0.145
USC00265846	2010	8	8	19	0	0.025
USC00265846	2010	8	18	18	0	0.004
USC00265846	2010	8	25	14	0	0.013
USC00265846	2010	9	7	10	0	0.001
USC00265846	2010	9	7	11	0	0.004
USC00265846	2010	10	2	14	0	0.002
USC00265846	2010	10	2	15	0	0.004
USC00265846	2010	10	2	16	0	0.001
USC00265846	2010	10	3	12	0	0.012
USC00265846	2010	10	4	12	0	0.200
USC00265846	2010	10	4	13	0	0.100
USC00265846	2010	10	4	15	0	0.100
USC00265846	2010	10	4	16	0	0.200
USC00265846	2010	10	4	17	0	0.300
USC00265846	2010	10	4	18	0	0.100
USC00265846	2010	10	17	21	0	0.100
USC00265846	2010	10	17	22	0	0.100
USC00265846	2010	10	20	17	0	0.100
USC00265846	2010	12	6	4	0	0.100
USC00265846	2010	12	17	11	0	0.100
USC00265846	2010	12	20	18	0	0.100
USC00265846	2010	12	21	5	0	0.100
USC00265846	2010	12	21	8	0	0.100
USC00265846	2010	12	21	10	0	0.100
USC00265846	2010	12	21	12	0	0.100
USC00265846	2010	12	21	14	0	0.100
USC00265846	2010	12	21	17	0	0.100
USC00265846	2010	12	21	20	0	0.100
USC00265846	2010	12	22	5	0	0.100
USC00265846	2010	12	22	7	0	0.200
USC00265846	2010	12	22	8	0	0.200
USC00265846	2010	12	22	9	0	0.200
USC00265846	2010	12	22	10	0	0.100
USC00265846	2010	12	22	11	0	0.100
USC00265846	2010	12	22	12	0	0.100
USC00265846	2010	12	22	14	0	0.100
USC00265846	2010	12	22	16	0	0.300
USC00265846	2010	12	22	17	0	0.200
USC00265846	2010	12	22	18	0	0.100
USC00265846	2010	12	22	19	0	0.100
USC00265846	2010	12	29	21	0	0.100
USC00265846	2011	2	19	2	0	0.100
USC00265846	2011	2	19	3	0	0.100
USC00265846	2011	2	19	4	0	0.100
USC00265846	2011	2	19	5	0	0.100
USC00265846	2011	2	19	6	0	0.100
USC00265846	2011	2	19	10	0	0.100
USC00265846	2011	2	20	9	0	0.100
USC00265846	2011	2	26	24	0	0.100
USC00265846	2011	2	27	8	0	0.100
USC00265846	2011	3	21	5	0	0.100
USC00265846	2011	3	21	9	0	0.100
USC00265846	2011	4	9	12	0	0.100
USC00265846	2011	5	9	5	0	0.100
USC00265846	2011	5	10	1	0	0.100
USC00265846	2011	7	9	18	0	0.400
USC00265846	2011	7	9	19	0	0.200
USC00265846	2011	7	31	12	0	0.100
USC00265846	2011	9	9	13	0	0.042
USC00265846	2011	9	10	22	0	0.013
USC00265846	2011	9	10	24	0	0.012
USC00265846	2011	9	11	1	0	0.073
USC00265846	2011	9	11	13	0	0.01
USC00265846	2011	9	11	14	0	0.001
USC00265846	2011	9	11	15	0	0.004
USC00265846	2011	9	11	16	0	0.005
USC00265846	2011	9	11	18	0	0.001
USC00265846	2011	9	11	19	0	0.005
USC00265846	2011	9	11	20	0	0.06
USC00265846	2011	9	11	21	0	0.012
USC00265846	2011	9	11	22	0	0.001
USC00265846	2011	9	12	24	0	0.012
USC00265846	2011	9	13	1	0	0.007
USC00265846	2011	9	13	4	0	0.001
USC00265846	2011	9	13	5	0	0.029
USC00265846	2011	9	13	6	0	0.021
USC00265846	2011	9	13	7	0	0.006
USC00265846	2011	9	13	9	0	0.001
USC00265846	2011	9	13	19	0	0.002
USC00265846	2011	9	14	16	0	0.02
USC00265846	2011	9	14	17	0	0.01
USC00265846	2011	9	14	18	0	0.035
USC00265846	2011	9	14	23	0	0.006
USC00265846	2011	9	14	24	0	0.005
USC00265846	2011	9	15	1	0	0.002
USC00265846	2011	9	30	24	0	0.003
USC00265846	2011	10	3	9	0	0.001
USC00265846	2011	10	3	10	0	0.005
USC00265846	2011	10	3	11	0	0.006
USC00265846	2011	10	3	12	0	0.011
USC00265846	2011	10	3	17	0	0.03
USC00265846	2011	10	3	18	0	0.034
USC00265846	2011	10	3	19	0	0.04
USC00265846	2011	10	3	20	0	0.022
USC00265846	2011	10	3	21	0	0.013
USC00265846	2011	10	3	22	0	0.008
USC00265846	2011	10	3	23	0	0.05
USC00265846	2011	10	3	24	0	0.013
USC00265846	2011	10	4	1	0	0.003
USC00265846	2011	10	4	3	0	0.069
USC00265846	2011	10	4	5	0	0.015
USC00265846	2011	10	4	6	0	0.124
USC00265846	2011	10	4	7	0	0.04
USC00265846	2011	10	4	8	0	0.094
USC00265846	2011	10	4	9	0	0.116
USC00265846	2011	10	4	10	0	0.067
USC00265846	2011	10	4	11	0	0.003
USC00265846	2011	10	4	12	0	0.029
USC00265846	2011	10	4	13	0	0.092
USC00265846	2011	10	4	14	0	0.004
USC00265846	2011	10	4	15	0	0.014
USC00265846	2011	10	5	17	0	0.054
USC00265846	2011	10	5	18	0	0.122
USC00265846	2011	10	5	19	0	0.036
USC00265846	2011	10	5	20	0	0.091
USC00265846	2011	10	5	21	0	0.003
USC00265846	2011	10	6	12	0	0.006
USC00265846	2011	10	6	13	0	0.015
USC00265846	2011	10	6	17	0	0.002
USC00265846	2011	11	4	16	0	0.008
USC00265846	2011	11	4	17	0	0.109
USC00265846	2011	11	4	18	0	0.123
USC00265846	2011	11	4	19	0	0.081
USC00265846	2011	11	4	20	0	0.003
USC00265846	2011	11	6	11	0	0.001
USC00265846	2011	11	6	18	0	0.018
USC00265846	2011	11	20	21	0	0.008
USC00265846	2011	11	20	22	0	0.001
USC00265846	2011	11	21	11	0	0.015
USC00265846	2011	12	2	24	0	0.100
USC00265846	2011	12	11	22	0	0.100
USC00265846	2012	1	21	6	0	0.007
USC00265846	2012	1	21	15	0	0.002
USC00265846	2012	1	21	17	0	0.01
USC00265846	2012	1	23	8	0	0.002
USC00265846	2012	1	23	9	0	0.002
USC00265846	2012	1	23	15	0	0.001
USC00265846	2012	1	23	17	0	0.001
USC00265846	2012	1	23	18	0	0.001
USC00265846	2012	2	13	15	0	0.011
USC00265846	2012	2	13	16	0	0.016
USC00265846	2012	2	13	17	0	0.032
USC00265846	2012	2	13	18	0	0.003
USC00265846	2012	2	14	2	0	0.001
USC00265846	2012	2	14	3	0	0.014
USC00265846	2012	2	14	4	0	0.003
USC00265846	2012	2	14	24	0	0.03
USC00265846	2012	2	28	5	0	0.100
USC00265846	2012	3	17	18	0	0.100
USC00265846	2012	3	17	19	0	0.100
USC00265846	2012	4	13	6	0	0.200
USC00265846	2012	4	13	16	0	0.200
USC00265846	2012	4	13	19	0	0.100
USC00265846	2012	4	13	21	0	0.100
USC00265846	2012	4	14	2	0	0.100
USC00265846	2012	7	4	15	0	0.010
USC00265846	2012	7	4	23	0	0.010
USC00265846	2012	7	5	5	0	0.010
USC00265846	2012	7	13	4	0	0.010
USC00265846	2012	7	13	22	0	0.010
USC00265846	2012	7	14	6	0	0.010
USC00265846	2012	7	16	1	0	0.050
USC00265846	2012	7	16	3	0	0.010
USC00265846	2012	7	16	23	0	0.010
USC00265846	2012	7	30	24	0	0.010
USC00265846	2012	7	31	1	0	0.010
USC00265846	2012	7	31	10	0	0.040
USC00265846	2012	7	31	21	0	0.010
USC00265846	2012	8	13	6	0	0.010
USC00265846	2012	8	13	22	0	0.170
USC00265846	2012	8	22	2	0	0.030
USC00265846	2012	8	22	3	0	0.010
USC00265846	2012	8	22	4	0	0.040
USC00265846	2012	8	22	5	0	0.380
USC00265846	2012	8	22	6	0	0.140
USC00265846	2012	8	22	7	0	0.110
USC00265846	2012	8	22	8	0	0.040
USC00265846	2012	8	22	9	0	0.010
USC00265846	2012	8	22	12	0	0.170
USC00265846	2012	8	22	13	0	0.350
USC00265846	2012	8	22	14	0	0.100
USC00265846	2012	9	11	7	0	0.009
USC00265846	2012	9	11	8	0	0.003
USC00265846	2012	9	11	13	0	0.105
USC00265846	2012	9	11	14	0	0.466
USC00265846	2012	9	11	15	0	0.074
USC00265846	2012	9	11	16	0	0.018
USC00265846	2012	9	12	12	0	0.003
USC00265846	2012	10	11	5	0	0.010
USC00265846	2012	10	11	13	0	0.050
USC00265846	2012	10	11	14	0	0.110
USC00265846	2012	10	11	15	0	0.200
USC00265846	2012	10	11	16	0	0.130
USC00265846	2012	10	11	17	0	0.090
USC00265846	2012	10	11	18	0	0.060
USC00265846	2012	10	11	19	0	0.020
USC00265846	2012	10	11	22	0	0.020
USC00265846	2012	10	12	4	0	0.020
USC00265846	2012	10	12	13	0	0.020
USC00265846	2012	11	10	5	0	0.010
USC00265846	2012	11	18	2	0	0.010
USC00265846	2012	11	18	18	0	0.010
USC00265846	2012	11	20	3	0	0.010
USC00265846	2012	11	20	23	0	0.010
USC00265846	2012	11	30	4	0	0.010
USC00265846	2012	11	30	16	0	0.010
USC00265846	2012	12	1	2	0	0.010
USC00265846	2012	12	2	6	0	0.010
USC00265846	2012	12	2	21	0	0.010
USC00265846	2012	12	6	21	0	0.010
USC00265846	2012	12	13	17	0	0.060
USC00265846	2012	12	13	19	0	0.020
USC00265846	2012	12	13	20	0	0.180
USC00265846	2012	12	13	21	0	0.100
USC00265846	2012	12	13	22	0	0.040
USC00265846	2012	12	13	24	0	0.010
USC00265846	2012	12	14	3	0	0.020
USC00265846	2012	12	14	4	0	0.060
USC00265846	2012	12	14	5	0	0.040
USC00265846	2012	12	14	6	0	0.040
USC00265846	2012	12	14	7	0	0.060
USC00265846	2012	12	14	8	0	0.030
USC00265846	2012	12	14	9	0	0.030
USC00265846	2012	12	14	10	0	0.030
USC00265846	2012	12	14	11	0	0.020
USC00265846	2012	12	15	1	0	0.050
USC00265846	2012	12	15	2	0	0.010
USC00265846	2012	12	15	5	0	0.030
USC00265846	2012	12	15	6	0	0.060
USC00265846	2012	12	15	7	0	0.130
USC00265846	2012	12	15	8	0	0.010
USC00265846	2012	12	15	11	0	0.010
USC00265846	2012	12	16	19	0	0.010
USC00265846	2012	12	19	19	0	0.010
USC00265846	2012	12	25	2	0	0.010
USC00265846	2012	12	25	18	0	0.010
USC00265846	2013	1	25	18	0	0.003
USC00265846	2013	1	25	19	0	0.009
USC00265846	2013	1	25	21	0	0.001
USC00265846	2013	1	25	22	0	0.006
USC00265846	2013	1	25	23	0	0.006
USC00265846	2013	1	25	24	0	0.001
USC00265846	2013	1	26	1	0	0.011
USC00265846	2013	1	26	2	0	0.016
USC00265846	2013	1	26	3	0	0.036
USC00265846	2013	1	26	4	0	0.059
USC00265846	2013	1	26	5	0	0.061
USC00265846	2013	1	26	6	0	0.064
USC00265846	2013	1	26	7	0	0.008
USC00265846	2013	1	26	10	0	0.004
USC00265846	2013	1	26	16	0	0.002
USC00265846	2013	2	4	19	0	0.010
USC00265846	2013	2	20	9	0	0.010
USC00265846	2013	2	20	18	0	0.010
USC00265846	2013	2	20	19	0	0.070
USC00265846	2013	2	21	4	0	0.010
USC00265846	2013	2	21	20	0	0.010
USC00265846	2013	2	26	2	0	0.010
USC00265846	2013	3	8	7	0	0.060
USC00265846	2013	3	8	8	0	0.090
USC00265846	2013	3	8	9	0	0.030
USC00265846	2013	3	8	10	0	0.110
USC00265846	2013	3	8	11	0	0.140
USC00265846	2013	3	8	12	0	0.050
USC00265846	2013	3	8	15	0	0.040
USC00265846	2013	3	8	16	0	0.010
USC00265846	2013	3	9	2	0	0.010
USC00265846	2013	3	9	17	0	0.010
USC00265846	2013	3	17	2	0	0.010
USC00265846	2013	3	17	23	0	0.010
USC00265846	2013	3	22	3	0	0.010
USC00265846	2013	3	22	23	0	0.010
USC00265846	2013	4	8	9	0	0.040
USC00265846	2013	4	9	20	0	0.010
USC00265846	2013	4	15	24	0	0.010
USC00265846	2013	4	16	13	0	0.010
USC00265846	2013	5	1	4	0	0.010
USC00265846	2013	5	1	22	0	0.010
USC00265846	2013	6	2	2	0	0.010
USC00265846	2013	6	10	17	0	0.030
USC00265846	2013	6	12	19	0	0.040
USC00265846	2013	6	15	24	0	0.020
USC00265846	2013	6	20	3	0	0.010
USC00265846	2013	7	7	7	0	0.010
USC00265846	2013	7	11	8	0	0.020
USC00265846	2013	7	12	13	0	0.010
USC00265846	2013	7	24	20	0	0.010
USC00265846	2013	7	24	21	0	0.050
USC00265846	2013	7	24	22	0	0.020
USC00265846	2013	7	24	24	0	0.030
USC00265846	2013	7	25	1	0	0.040
USC00265846	2013	7	25	2	0	0.030
USC00265846	2013	7	25	3	0	0.030
USC00265846	2013	7	25	4	0	0.020
USC00265846	2013	7	25	6	0	0.060
USC00265846	2013	7	25	7	0	0.010
USC00265846	2013	7	25	8	0	0.030
USC00265846	2013	7	26	2	0	0.020
USC00265846	2013	7	26	5	0	0.020
USC00265846	2013	7	26	7	0	0.040
USC00265846	2013	7	26	8	0	0.010
USC00265846	2013	7	26	23	0	0.010
USC00265846	2013	7	27	17	0	0.010
USC00265846	2013	7	27	21	0	0.020
USC00265846	2013	7	28	15	0	0.010
USC00265846	2013	8	8	2	0	0.010
USC00265846	2013	8	17	18	0	0.010
USC00265846	2013	8	26	4	0	0.020
USC00265846	2013	8	26	5	0	0.030
USC00265846	2013	8	26	6	0	0.050
USC00265846	2013	8	26	7	0	0.010
USC00265846	2013	8	26	14	0	0.010
USC00265846	2013	8	28	17	0	0.010
USC00265846	2013	9	2	18	0	0.010
USC00265846	2013	9	3	2	0	0.010
USC00265846	2013	9	3	3	0	0.020
USC00265846	2013	9	3	4	0	0.010
USC00265846	2013	9	3	16	0	0.010
USC00265846	2013	9	4	13	0	0.010
USC00265846	2013	9	8	4	0	0.010
USC00265846	2013	9	8	5	0	0.010
USC00265846	2013	9	8	6	0	0.020
USC00265846	2013	9	8	7	0	0.040
USC00265846	2013	9	8	8	0	0.020
USC00265846	2013	9	8	9	0	0.040
USC00265846	2013	9	8	10	0	0.010
USC00265846	2013	9	8	18	0	0.010
USC00265846	2013	9	8	22	0	0.010
USC00265846	2013	9	9	3	0	0.010
USC00265846	2013	9	9	4	0	0.030
USC00265846	2013	9	9	5	0	0.010
USC00265846	2013	9	10	7	0	0.010
USC00265846	2013	9	10	15	0	0.010
USC00265846	2013	9	13	21	0	0.020
USC00265846	2013	9	14	12	0	0.010
USC00265846	2013	9	29	4	0	0.010
USC00265846	2013	10	10	5	0	0.010
USC00265846	2013	10	10	6	0	0.090
USC00265846	2013	10	10	7	0	0.020
USC00265846	2013	10	10	8	0	0.010
USC00265846	2013	10	10	9	0	0.010
USC00265846	2013	10	10	23	0	0.010
USC00265846	2013	10	11	18	0	0.010
USC00265846	2013	11	21	15	0	0.030
USC00265846	2013	11	21	16	0	0.080
USC00265846	2013	11	21	17	0	0.190
USC00265846	2013	11	21	18	0	0.260
USC00265846	2013	11	21	19	0	0.160
USC00265846	2013	11	21	20	0	0.020
USC00265846	2013	11	21	21	0	0.010
USC00265846	2013	11	21	23	0	0.090
USC00265846	2013	11	21	24	0	0.150
USC00265846	2013	11	22	1	0	0.030
USC00265846	2013	11	22	2	0	0.020
USC00265846	2013	11	22	3	0	0.010
USC00265846	2013	11	22	7	0	0.010
USC00265846	2013	11	22	11	0	0.020
USC00265846	2013	11	22	12	0	0.010
USC00265846	2013	11	22	13	0	0.030
USC00265846	2013	11	23	5	0	0.030
USC00265846	2013	11	23	6	0	0.040
USC00265846	2013	11	23	8	0	0.010
USC00265846	2013	11	23	11	0	0.010
USC00265846	2013	11	23	12	0	0.030
USC00265846	2013	11	23	13	0	0.060
USC00265846	2013	11	23	14	0	0.020
USC00265846	2013	11	23	15	0	0.010
USC00265846	2013	11	23	16	0	0.020
USC00265846	2013	11	23	18	0	0.010
USC00265846	2013	11	23	19	0	0.020
USC00265846	2013	11	24	5	0	0.010
USC00265846	2013	11	24	6	0	0.020
USC00265846	2013	11	24	7	0	0.020
USC00265846	2013	11	26	18	0	0.010
USC00265846	2013	12	3	18	0	0.010
USC00265846	2013	12	3	23	0	0.040
USC00265846	2013	12	3	24	0	0.090
USC00265846	2013	12	4	1	0	0.020
USC00265846	2013	12	4	24	0	0.010
USC00265846	2013	12	5	19	0	0.010
USC00265846	2014	1	31	10	0	0.030
USC00265846	2014	1	31	20	0	0.010
USC00265846	2014	2	21	2	0	0.010
USC00265846	2014	2	28	8	0	0.010
USC00265846	2014	2	28	15	0	0.010
USC00265846	2014	2	28	16	0	0.050
USC00265846	2014	2	28	17	0	0.070
USC00265846	2014	2	28	18	0	0.090
USC00265846	2014	2	28	19	0	0.070
USC00265846	2014	2	28	21	0	0.110
USC00265846	2014	3	9	3	0	0.010
USC00265846	2014	3	18	20	0	0.010
USC00265846	2014	3	26	15	0	0.080
USC00265846	2014	3	27	17	0	0.010
USC00265846	2014	3	29	4	0	0.010
USC00265846	2014	3	30	11	0	0.020
USC00265846	2014	3	31	4	0	0.010
USC00265846	2014	4	1	4	0	0.010
USC00265846	2014	4	23	3	0	0.010
USC00265846	2014	4	23	23	0	0.010
USC00265846	2014	4	26	1	0	0.010
USC00265846	2014	4	26	2	0	0.030
USC00265846	2014	4	28	7	0	0.030
USC00265846	2014	6	2	5	0	0.010
USC00265846	2014	7	5	20	0	0.012
USC00265846	2014	7	5	21	0	0.001
USC00265846	2014	7	5	22	0	0.006
USC00265846	2014	7	5	23	0	0.001
USC00265846	2014	7	9	22	0	0.006
USC00265846	2014	7	10	6	0	0.001
USC00265846	2014	7	10	7	0	0.001
USC00265846	2014	7	10	8	0	0.002
USC00265846	2014	7	10	9	0	0.002
USC00265846	2014	7	10	10	0	0.001
USC00265846	2014	7	10	12	0	0.002
USC00265846	2014	7	10	13	0	0.003
USC00265846	2014	7	10	14	0	0.003
USC00265846	2014	7	13	19	0	0.004
USC00265846	2014	7	13	21	0	0.001
USC00265846	2014	7	13	23	0	0.001
USC00265846	2014	7	13	24	0	0.005
USC00265846	2014	7	14	4	0	0.002
USC00265846	2014	7	14	11	0	0.002
USC00265846	2014	7	27	20	0	0.003
USC00265846	2014	7	27	23	0	0.014
USC00265846	2014	7	27	24	0	0.033
USC00265846	2014	7	28	1	0	0.009
USC00265846	2014	7	28	2	0	0.001
USC00265846	2014	7	28	3	0	0.009
USC00265846	2014	7	28	5	0	0.006
USC00265846	2014	7	28	6	0	0.061
USC00265846	2014	7	28	8	0	0.005
USC00265846	2014	7	28	9	0	0.004
USC00265846	2014	7	28	18	0	0.001
USC00265846	2014	7	28	19	0	0.012
USC00265846	2014	7	28	20	0	0.001
USC00265846	2014	8	3	6	0	0.004
USC00265846	2014	8	3	11	0	0.007
USC00265846	2014	8	3	13	0	0.002
USC00265846	2014	8	3	14	0	0.001
USC00265846	2014	8	3	22	0	0.134
USC00265846	2014	8	3	23	0	0.05
USC00265846	2014	8	3	24	0	0.028
USC00265846	2014	8	4	1	0	0.014
USC00265846	2014	8	4	3	0	0.004
USC00265846	2014	8	4	11	0	0.016
USC00265846	2014	8	4	12	0	0.036
USC00265846	2014	8	4	17	0	0.002
USC00265846	2014	8	10	5	0	0.001
USC00265846	2014	8	10	6	0	0.023
USC00265846	2014	8	10	7	0	0.01
USC00265846	2014	8	10	8	0	0.014
USC00265846	2014	8	10	9	0	0.012
USC00265846	2014	8	10	10	0	0.012
USC00265846	2014	8	10	11	0	0.005
USC00265846	2014	8	10	12	0	0.001
USC00265846	2014	8	10	13	0	0.003
USC00265846	2014	8	10	20	0	0.002
USC00265846	2014	8	10	21	0	0.008
USC00265846	2014	8	18	24	0	0.002
USC00265846	2014	8	19	1	0	0.004
USC00265846	2014	8	19	2	0	0.15
USC00265846	2014	8	19	3	0	0.137
USC00265846	2014	8	19	4	0	0.175
USC00265846	2014	8	19	5	0	0.211
USC00265846	2014	8	19	6	0	0.002
USC00265846	2014	8	19	24	0	0.002
USC00265846	2014	8	20	1	0	0.001
USC00265846	2014	9	7	13	0	0.001
USC00265846	2014	9	7	14	0	0.002
USC00265846	2014	9	7	15	0	0.001
USC00265846	2014	9	7	16	0	0.001
USC00265846	2014	9	7	17	0	0.001
USC00265846	2014	9	7	18	0	0.006
USC00265846	2014	9	8	14	0	0.038
USC00265846	2014	9	8	15	0	0.181
USC00265846	2014	9	8	16	0	0.086
USC00265846	2014	9	8	17	0	0.006
USC00265846	2014	9	8	19	0	0.002
USC00265846	2014	9	20	17	0	0.003
USC00265846	2014	9	20	18	0	0.007
USC00265846	2014	9	20	22	0	0.001
USC00265846	2014	9	20	23	0	0.002
USC00265846	2014	9	20	24	0	0.003
USC00265846	2014	9	21	1	0	0.007
USC00265846	2014	9	21	2	0	0.007
USC00265846	2014	9	21	3	0	0.002
USC00265846	2014	9	21	5	0	0.012
USC00265846	2014	9	21	8	0	0.003
USC00265846	2014	9	26	15	0	0.001
USC00265846	2014	9	26	18	0	0.001
USC00265846	2014	9	26	19	0	0.003
USC00265846	2014	9	26	20	0	0.05
USC00265846	2014	9	26	21	0	0.011
USC00265846	2014	9	26	22	0	0.039
USC00265846	2014	9	26	23	0	0.008
USC00265846	2014	9	26	24	0	0.003
USC00265846	2014	9	27	1	0	0.03
USC00265846	2014	9	27	2	0	0.038
USC00265846	2014	9	27	3	0	0.014
USC00265846	2014	9	27	4	0	0.085
USC00265846	2014	9	27	5	0	0.046
USC00265846	2014	9	27	6	0	0.012
USC00265846	2014	11	1	10	0	0.001
USC00265846	2014	11	1	22	0	0.001
USC00265846	2014	11	1	23	0	0.001
USC00265846	2014	11	1	24	0	0.002
USC00265846	2014	11	2	1	0	0.003
USC00265846	2014	11	2	2	0	0.003
USC00265846	2014	11	2	3	0	0.002
USC00265846	2014	11	2	5	0	0.006
USC00265846	2014	11	2	6	0	0.006
USC00265846	2014	12	2	13	0	0.007
USC00265846	2014	12	2	14	0	0.004
USC00265846	2014	12	2	16	0	0.003
USC00265846	2014	12	2	17	0	0.012
USC00265846	2014	12	2	18	0	0.029
USC00265846	2014	12	2	19	0	0.02
USC00265846	2014	12	2	20	0	0.051
USC00265846	2014	12	2	21	0	0.005
USC00265846	2014	12	2	23	0	0.005
USC00265846	2014	12	2	24	0	0.01
USC00265846	2014	12	3	1	0	0.003
USC00265846	2014	12	3	8	0	0.008
USC00265846	2014	12	4	3	0	0.051
USC00265846	2014	12	4	7	0	0.002
USC00265846	2014	12	4	9	0	0.002
USC00265846	2014	12	4	10	0	0.002
USC00265846	2014	12	4	11	0	0.002
USC00265846	2014	12	4	12	0	0.002
USC00265846	2014	12	4	13	0	0.002
USC00265846	2014	12	4	24	0	0.004
USC00265846	2014	12	12	14	0	0.005
USC00265846	2014	12	12	15	0	0.036
USC00265846	2014	12	12	16	0	0.079
USC00265846	2014	12	12	17	0	0.08
USC00265846	2014	12	12	18	0	0.089
USC00265846	2014	12	12	19	0	0.02
USC00265846	2014	12	13	14	0	0.034
USC00265846	2014	12	17	23	0	0.004
USC00265846	2014	12	18	3	0	0.005
USC00265846	2014	12	18	5	0	0.003
USC00265846	2014	12	18	6	0	0.002
USC00265846	2014	12	18	8	0	0.002
USC00265846	2014	12	18	9	0	0.002
