USC00263512	1994	7	21	16	0	0.300
USC00263512	1994	9	21	11	0	0.100
USC00263512	1994	10	4	13	0	0.100
USC00263512	1994	10	4	22	0	0.111
USC00263512	1994	10	27	14	0	0.080
USC00263512	1994	11	7	15	0	0.100
USC00263512	1994	11	7	19	0	0.100
USC00263512	1994	11	9	17	0	0.100
USC00263512	1994	11	10	7	0	0.100
USC00263512	1994	11	10	9	0	0.100
USC00263512	1994	11	12	18	0	0.100
USC00263512	1994	11	17	15	0	0.100
USC00263512	1994	11	17	16	0	0.100
USC00263512	1994	11	17	17	0	0.200
USC00263512	1994	11	17	19	0	0.100
USC00263512	1994	11	17	23	0	0.100
USC00263512	1994	11	18	4	0	0.100
USC00263512	1994	11	26	6	0	0.100
USC00263512	1994	11	27	9	0	0.100
USC00263512	1994	12	24	21	0	0.100
USC00263512	1994	12	24	22	0	0.100
USC00263512	1994	12	28	11	0	0.100
USC00263512	1994	12	28	12	0	0.100
USC00263512	1994	12	28	18	0	0.100
USC00263512	1994	12	28	19	0	0.100
USC00263512	1994	12	28	24	0	0.100
USC00263512	1995	1	9	15	0	0.100
USC00263512	1995	1	10	18	0	0.100
USC00263512	1995	1	10	21	0	0.100
USC00263512	1995	1	10	22	0	0.100
USC00263512	1995	1	25	21	0	0.100
USC00263512	1995	1	27	10	0	0.100
USC00263512	1995	1	28	5	0	0.100
USC00263512	1995	2	8	23	0	0.100
USC00263512	1995	3	10	11	0	0.100
USC00263512	1995	3	20	13	0	0.100
USC00263512	1995	3	22	10	0	0.100
USC00263512	1995	4	15	19	0	0.100
USC00263512	1995	4	15	20	0	0.100
USC00263512	1995	4	15	22	0	0.100
USC00263512	1995	4	17	17	0	0.100
USC00263512	1995	4	17	24	0	0.100
USC00263512	1995	4	20	13	0	0.100
USC00263512	1995	4	29	15	0	0.100
USC00263512	1995	5	4	20	0	0.200
USC00263512	1995	5	4	21	0	0.200
USC00263512	1995	5	4	22	0	0.200
USC00263512	1995	5	4	23	0	0.100
USC00263512	1995	5	4	24	0	0.200
USC00263512	1995	5	5	1	0	0.100
USC00263512	1995	5	5	3	0	0.100
USC00263512	1995	5	5	19	0	0.100
USC00263512	1995	5	6	19	0	0.100
USC00263512	1995	5	13	9	0	0.100
USC00263512	1995	5	13	19	0	0.100
USC00263512	1995	5	14	12	0	0.100
USC00263512	1995	5	14	24	0	0.200
USC00263512	1995	5	15	1	0	0.100
USC00263512	1995	5	18	16	0	0.100
USC00263512	1995	5	21	22	0	0.100
USC00263512	1995	5	21	23	0	0.100
USC00263512	1995	5	21	24	0	0.100
USC00263512	1995	5	22	1	0	0.100
USC00263512	1995	5	22	2	0	0.200
USC00263512	1995	5	22	4	0	0.100
USC00263512	1995	5	22	7	0	0.100
USC00263512	1995	5	22	10	0	0.100
USC00263512	1995	5	22	15	0	0.100
USC00263512	1995	5	23	19	0	0.100
USC00263512	1995	5	23	24	0	0.100
USC00263512	1995	6	1	14	0	0.100
USC00263512	1995	6	8	2	0	0.100
USC00263512	1995	6	15	14	0	0.100
USC00263512	1995	6	17	8	0	0.100
USC00263512	1995	7	8	15	0	0.100
USC00263512	1995	12	11	12	0	0.100
USC00263512	1995	12	11	20	0	0.100
USC00263512	1995	12	11	21	0	0.100
USC00263512	1995	12	11	22	0	0.100
USC00263512	1995	12	11	23	0	0.100
USC00263512	1995	12	12	2	0	0.100
USC00263512	1995	12	13	20	0	0.100
USC00263512	1995	12	28	22	0	0.100
USC00263512	1995	12	28	24	0	0.100
USC00263512	1995	12	29	15	0	0.100
USC00263512	1996	1	16	12	0	0.100
USC00263512	1996	1	27	20	0	0.100
USC00263512	1996	2	4	7	0	0.100
USC00263512	1996	2	20	2	0	0.100
USC00263512	1996	2	21	20	0	0.100
USC00263512	1996	2	25	4	0	0.100
USC00263512	1996	2	27	6	0	0.100
USC00263512	1996	3	1	10	0	0.100
USC00263512	1996	3	4	18	0	0.100
USC00263512	1996	3	4	19	0	0.200
USC00263512	1996	3	12	5	0	0.100
USC00263512	1996	3	12	13	0	0.100
USC00263512	1996	3	12	15	0	0.100
USC00263512	1996	3	12	16	0	0.100
USC00263512	1996	3	12	17	0	0.100
USC00263512	1996	3	12	18	0	0.100
USC00263512	1996	3	12	19	0	0.100
USC00263512	1996	3	12	20	0	0.100
USC00263512	1996	3	12	21	0	0.100
USC00263512	1996	3	12	22	0	0.100
USC00263512	1996	3	12	23	0	0.100
USC00263512	1996	3	13	2	0	0.100
USC00263512	1996	3	13	12	0	0.100
USC00263512	1996	3	14	10	0	0.100
USC00263512	1996	5	16	2	0	0.111
USC00263512	1996	5	16	6	0	0.111
USC00263512	1996	5	16	7	0	0.111
USC00263512	1996	5	27	3	0	0.111
USC00263512	1996	5	27	4	0	0.996
USC00263512	1996	5	27	5	0	0.111
USC00263512	1996	5	27	6	0	0.111
USC00263512	1996	5	27	10	0	0.111
USC00263512	1996	5	27	12	0	0.111
USC00263512	1996	6	25	16	0	0.100
USC00263512	1996	6	26	13	0	0.200
USC00263512	1996	6	26	17	0	0.100
USC00263512	1996	6	26	18	0	0.100
USC00263512	1996	7	4	7	0	0.100
USC00263512	1996	7	13	7	0	0.100
USC00263512	1996	7	13	18	0	0.100
USC00263512	1996	7	13	19	0	0.100
USC00263512	1996	7	14	13	0	0.100
USC00263512	1996	8	13	15	0	0.100
USC00263512	1996	8	16	14	0	0.100
USC00263512	1996	10	25	9	0	0.100
USC00263512	1996	10	25	20	0	0.100
USC00263512	1996	10	30	21	0	0.100
USC00263512	1996	10	31	1	0	0.100
USC00263512	1996	10	31	2	0	0.100
USC00263512	1996	11	15	16	0	0.100
USC00263512	1996	11	17	3	0	0.100
USC00263512	1996	11	21	16	0	0.100
USC00263512	1996	11	21	18	0	0.100
USC00263512	1996	11	21	20	0	0.100
USC00263512	1996	11	21	24	0	0.100
USC00263512	1996	11	28	13	0	0.100
USC00263512	1996	11	28	15	0	0.100
USC00263512	1996	12	22	3	0	0.100
USC00263512	1996	12	22	18	0	0.100
USC00263512	1997	1	2	11	0	0.100
USC00263512	1997	1	2	12	0	0.100
USC00263512	1997	1	2	13	0	0.100
USC00263512	1997	1	2	14	0	0.100
USC00263512	1997	1	2	15	0	0.100
USC00263512	1997	1	2	17	0	0.100
USC00263512	1997	1	2	18	0	0.100
USC00263512	1997	1	3	4	0	0.100
USC00263512	1997	1	5	8	0	0.100
USC00263512	1997	1	5	11	0	0.100
USC00263512	1997	1	12	10	0	0.100
USC00263512	1997	1	12	17	0	0.100
USC00263512	1997	1	12	20	0	0.100
USC00263512	1997	1	18	9	0	0.100
USC00263512	1997	2	4	18	0	0.100
USC00263512	1997	2	16	12	0	0.100
USC00263512	1997	2	27	4	0	0.100
USC00263512	1997	2	27	6	0	0.100
USC00263512	1997	2	27	9	0	0.100
USC00263512	1997	2	27	12	0	0.100
USC00263512	1997	2	27	13	0	0.100
USC00263512	1997	2	27	21	0	0.100
USC00263512	1997	2	27	22	0	0.200
USC00263512	1997	2	27	23	0	0.100
USC00263512	1997	4	23	24	0	0.100
USC00263512	1997	6	4	2	0	0.100
USC00263512	1997	6	8	12	0	0.100
USC00263512	1997	6	8	22	0	0.100
USC00263512	1997	6	9	12	0	0.100
USC00263512	1997	6	12	21	0	0.200
USC00263512	1997	6	12	22	0	0.300
USC00263512	1997	6	12	24	0	0.100
USC00263512	1997	6	13	11	0	0.100
USC00263512	1997	6	13	20	0	0.200
USC00263512	1997	6	13	23	0	0.100
USC00263512	1997	6	17	9	0	0.100
USC00263512	1997	7	23	11	0	0.100
USC00263512	1997	7	29	13	0	0.400
USC00263512	1997	7	29	14	0	0.400
USC00263512	1997	7	29	15	0	0.100
USC00263512	1997	7	30	20	0	0.100
USC00263512	1997	9	2	11	0	0.200
USC00263512	1997	9	4	6	0	0.100
USC00263512	1997	9	4	10	0	0.100
USC00263512	1997	9	4	17	0	0.100
USC00263512	1997	9	4	21	0	0.100
USC00263512	1997	9	25	22	0	0.100
USC00263512	1997	11	11	18	0	0.100
USC00263512	1997	11	11	19	0	0.100
USC00263512	1997	11	11	20	0	0.100
USC00263512	1997	11	12	4	0	0.100
USC00263512	1997	11	12	7	0	0.100
USC00263512	1997	11	12	8	0	0.100
USC00263512	1997	11	26	6	0	0.100
USC00263512	1997	11	26	9	0	0.100
USC00263512	1998	1	4	11	0	0.100
USC00263512	1998	2	7	17	0	0.100
USC00263512	1998	2	7	20	0	0.100
USC00263512	1998	2	7	21	0	0.100
USC00263512	1998	2	20	0	0	0.100
USC00263512	1998	2	20	8	0	0.100
USC00263512	1998	2	23	14	0	0.100
USC00263512	1998	2	27	13	0	0.100
USC00263512	1998	3	5	22	0	0.100
USC00263512	1998	3	24	23	0	0.100
USC00263512	1998	3	25	1	0	0.100
USC00263512	1998	3	28	24	0	0.100
USC00263512	1998	3	31	12	0	0.200
USC00263512	1998	3	31	13	0	0.100
USC00263512	1998	3	31	14	0	0.100
USC00263512	1998	3	31	15	0	0.100
USC00263512	1998	3	31	23	0	0.100
USC00263512	1998	4	1	2	0	0.100
USC00263512	1998	4	3	19	0	0.111
USC00263512	1998	5	4	2	0	0.100
USC00263512	1998	5	5	3	0	0.100
USC00263512	1998	5	5	8	0	0.300
USC00263512	1998	5	6	9	0	0.100
USC00263512	1998	5	6	10	0	0.200
USC00263512	1998	5	6	12	0	0.100
USC00263512	1998	5	6	13	0	0.100
USC00263512	1998	5	6	14	0	0.100
USC00263512	1998	5	6	16	0	0.100
USC00263512	1998	5	6	22	0	0.100
USC00263512	1998	5	6	24	0	0.100
USC00263512	1998	5	13	2	0	0.100
USC00263512	1998	5	13	5	0	0.200
USC00263512	1998	5	13	12	0	0.100
USC00263512	1998	5	13	14	0	0.100
USC00263512	1998	5	21	12	0	0.100
USC00263512	1998	5	26	16	0	0.100
USC00263512	1998	6	2	21	0	0.300
USC00263512	1998	6	2	22	0	0.200
USC00263512	1998	6	3	1	0	0.100
USC00263512	1998	6	3	2	0	0.200
USC00263512	1998	6	3	3	0	0.100
USC00263512	1998	6	3	4	0	0.100
USC00263512	1998	6	3	7	0	0.100
USC00263512	1998	6	11	20	0	0.100
USC00263512	1998	6	12	17	0	0.100
USC00263512	1998	7	24	14	0	0.300
USC00263512	1998	7	24	16	0	0.100
USC00263512	1998	9	5	21	0	0.100
USC00263512	1998	9	11	24	0	0.100
USC00263512	1998	9	26	16	0	0.100
USC00263512	1998	9	26	17	0	0.100
USC00263512	1998	9	26	22	0	0.100
USC00263512	1998	9	26	24	0	0.100
USC00263512	1998	9	27	2	0	0.100
USC00263512	1998	9	27	5	0	0.300
USC00263512	1998	9	27	7	0	0.100
USC00263512	1998	10	25	16	0	0.100
USC00263512	1998	10	28	9	0	0.100
USC00263512	1998	10	29	9	0	0.100
USC00263512	1998	11	9	7	0	0.100
USC00263512	1998	11	11	6	0	0.100
USC00263512	1998	11	11	8	0	0.100
USC00263512	1998	11	26	12	0	0.100
USC00263512	1998	11	28	2	0	0.100
USC00263512	1999	1	22	21	0	0.100
USC00263512	1999	1	23	2	0	0.100
USC00263512	1999	1	23	6	0	0.100
USC00263512	1999	1	23	23	0	0.100
USC00263512	1999	1	24	2	0	0.100
USC00263512	1999	1	24	5	0	0.100
USC00263512	1999	1	24	7	0	0.100
USC00263512	1999	1	24	14	0	0.100
USC00263512	1999	1	29	17	0	0.100
USC00263512	1999	2	4	4	0	0.100
USC00263512	1999	2	8	19	0	0.100
USC00263512	1999	4	6	16	0	0.100
USC00263512	1999	4	6	19	0	0.100
USC00263512	1999	4	6	22	0	0.100
USC00263512	1999	4	7	14	0	0.100
USC00263512	1999	4	7	15	0	0.100
USC00263512	1999	4	7	18	0	0.100
USC00263512	1999	4	7	20	0	0.100
USC00263512	1999	4	22	17	0	0.100
USC00263512	1999	4	22	19	0	0.100
USC00263512	1999	4	22	22	0	0.100
USC00263512	1999	4	30	5	0	0.100
USC00263512	1999	4	30	8	0	0.100
USC00263512	1999	4	30	13	0	0.100
USC00263512	1999	4	30	15	0	0.100
USC00263512	1999	4	30	17	0	0.100
USC00263512	1999	6	2	20	0	0.100
USC00263512	1999	6	6	11	0	0.100
USC00263512	1999	7	12	17	0	0.100
USC00263512	1999	7	13	7	0	0.100
USC00263512	1999	7	14	13	0	0.100
USC00263512	1999	10	6	19	0	0.100
USC00263512	1999	11	30	11	0	0.100
USC00263512	2000	1	2	1	0	0.100
USC00263512	2000	1	25	22	0	0.100
USC00263512	2000	2	16	14	0	0.100
USC00263512	2000	2	23	13	0	0.100
USC00263512	2000	2	23	14	0	0.100
USC00263512	2000	2	29	15	0	0.100
USC00263512	2000	2	29	16	0	0.100
USC00263512	2000	2	29	20	0	0.100
USC00263512	2000	3	1	9	0	0.100
USC00263512	2000	5	7	21	0	0.100
USC00263512	2000	5	16	1	0	0.100
USC00263512	2000	5	16	4	0	0.100
USC00263512	2000	8	29	22	0	0.200
USC00263512	2000	8	29	24	0	0.100
USC00263512	2000	8	30	3	0	0.100
USC00263512	2000	8	30	10	0	0.100
USC00263512	2000	9	1	16	0	0.100
USC00263512	2000	10	1	15	0	0.100
USC00263512	2000	10	11	16	0	0.100
USC00263512	2000	10	11	21	0	0.100
USC00263512	2000	10	26	16	0	0.100
USC00263512	2000	10	26	18	0	0.100
USC00263512	2000	10	27	1	0	0.100
USC00263512	2000	11	9	9	0	0.100
USC00263512	2000	11	10	18	0	0.100
USC00263512	2000	11	10	23	0	0.100
USC00263512	2000	11	11	1	0	0.100
USC00263512	2000	11	11	8	0	0.100
USC00263512	2000	12	12	7	0	0.100
USC00263512	2000	12	12	10	0	0.100
USC00263512	2001	1	8	21	0	0.100
USC00263512	2001	1	11	10	0	0.100
USC00263512	2001	1	19	10	0	0.100
USC00263512	2001	1	24	18	0	0.100
USC00263512	2001	2	7	2	0	0.100
USC00263512	2001	2	13	3	0	0.100
USC00263512	2001	2	13	8	0	0.100
USC00263512	2001	2	14	10	0	0.100
USC00263512	2001	3	2	13	0	0.100
USC00263512	2001	3	9	12	0	0.100
USC00263512	2001	3	9	16	0	0.100
USC00263512	2001	3	10	4	0	0.100
USC00263512	2001	4	9	2	0	0.100
USC00263512	2001	4	11	20	0	0.100
USC00263512	2001	4	20	24	0	0.100
USC00263512	2001	4	21	4	0	0.100
USC00263512	2001	4	21	6	0	0.100
USC00263512	2001	5	26	9	0	0.100
USC00263512	2001	7	4	23	0	0.100
USC00263512	2001	7	5	9	0	0.100
USC00263512	2001	7	5	14	0	0.100
USC00263512	2001	7	5	17	0	0.100
USC00263512	2001	7	6	17	0	0.100
USC00263512	2001	11	12	18	0	0.100
USC00263512	2001	11	24	10	0	0.200
USC00263512	2001	11	24	11	0	0.100
USC00263512	2001	11	24	13	0	0.100
USC00263512	2001	12	2	19	0	0.100
USC00263512	2001	12	23	9	0	0.100
USC00263512	2001	12	28	19	0	0.100
USC00263512	2001	12	30	23	0	0.100
USC00263512	2002	1	3	4	0	0.100
USC00263512	2002	2	17	12	0	0.080
USC00263512	2002	2	24	13	0	0.080
USC00263512	2002	3	3	6	0	0.100
USC00263512	2002	3	17	12	0	0.100
USC00263512	2002	4	17	6	0	0.100
USC00263512	2002	4	19	7	0	0.100
USC00263512	2002	4	26	13	0	0.100
USC00263512	2002	7	14	14	0	0.100
USC00263512	2002	7	18	8	0	0.100
USC00263512	2002	11	8	17	0	0.100
USC00263512	2002	11	8	19	0	0.100
USC00263512	2002	11	8	22	0	0.200
USC00263512	2002	11	13	2	0	0.100
USC00263512	2002	12	16	7	0	0.100
USC00263512	2002	12	16	9	0	0.100
USC00263512	2002	12	31	9	0	0.200
USC00263512	2003	1	2	23	0	0.100
USC00263512	2003	2	12	5	0	0.100
USC00263512	2003	2	12	16	0	0.100
USC00263512	2003	2	26	14	0	0.100
USC00263512	2003	3	15	11	0	0.200
USC00263512	2003	3	15	12	0	0.100
USC00263512	2003	4	14	6	0	0.100
USC00263512	2003	4	14	16	0	0.100
USC00263512	2003	4	16	20	0	0.100
USC00263512	2003	4	17	14	0	0.100
USC00263512	2003	4	29	23	0	0.100
USC00263512	2003	5	6	9	0	0.100
USC00263512	2003	5	6	14	0	0.100
USC00263512	2003	7	12	20	0	0.100
USC00263512	2003	7	24	7	0	0.200
USC00263512	2003	7	25	3	0	0.100
USC00263512	2003	7	26	4	0	0.100
USC00263512	2003	7	27	4	0	0.100
USC00263512	2003	8	2	19	0	0.100
USC00263512	2003	8	3	5	0	0.100
USC00263512	2003	8	3	6	0	0.100
USC00263512	2003	8	7	8	0	0.100
USC00263512	2003	8	27	24	0	0.100
USC00263512	2003	10	31	21	0	0.100
USC00263512	2003	10	31	23	0	0.100
USC00263512	2003	11	1	5	0	0.100
USC00263512	2003	11	1	11	0	0.100
USC00263512	2003	11	15	16	0	0.100
USC00263512	2003	11	21	18	0	0.100
USC00263512	2003	11	21	21	0	0.100
USC00263512	2003	12	14	22	0	0.100
USC00263512	2003	12	26	2	0	0.100
USC00263512	2003	12	26	4	0	0.100
USC00263512	2003	12	26	22	0	0.100
USC00263512	2004	1	20	6	0	0.100
USC00263512	2004	2	4	8	0	0.100
USC00263512	2004	2	19	3	0	0.100
USC00263512	2004	2	19	4	0	0.100
USC00263512	2004	2	19	5	0	0.100
USC00263512	2004	2	23	23	0	0.100
USC00263512	2004	2	26	14	0	0.100
USC00263512	2004	3	1	21	0	0.200
USC00263512	2004	3	1	23	0	0.100
USC00263512	2004	3	1	24	0	0.100
USC00263512	2004	3	2	4	0	0.100
USC00263512	2004	3	2	6	0	0.100
USC00263512	2004	3	2	10	0	0.100
USC00263512	2004	4	17	17	0	0.100
USC00263512	2004	4	19	2	0	0.100
USC00263512	2004	4	21	23	0	0.100
USC00263512	2004	4	21	24	0	0.100
USC00263512	2004	7	8	24	0	0.200
USC00263512	2004	7	19	22	0	0.100
USC00263512	2004	7	20	1	0	0.200
USC00263512	2004	7	20	2	0	0.100
USC00263512	2004	8	15	21	0	0.300
USC00263512	2004	8	15	22	0	0.100
USC00263512	2004	8	15	23	0	0.100
USC00263512	2004	10	20	10	0	0.100
USC00263512	2004	10	24	6	0	0.100
USC00263512	2004	10	24	20	0	0.100
USC00263512	2004	10	24	21	0	0.100
USC00263512	2004	10	27	3	0	0.100
USC00263512	2004	10	27	6	0	0.100
USC00263512	2004	10	27	8	0	0.100
USC00263512	2004	11	7	19	0	0.100
USC00263512	2004	11	8	6	0	0.100
USC00263512	2004	11	8	7	0	0.100
USC00263512	2004	11	8	8	0	0.100
USC00263512	2004	11	8	24	0	0.100
USC00263512	2004	11	9	16	0	0.100
USC00263512	2004	11	25	10	0	0.100
USC00263512	2004	11	26	22	0	0.100
USC00263512	2004	11	26	23	0	0.100
USC00263512	2004	12	31	9	0	0.100
USC00263512	2004	12	31	12	0	0.100
USC00263512	2004	12	31	16	0	0.100
USC00263512	2004	12	31	20	0	0.100
USC00263512	2005	1	4	7	0	0.100
USC00263512	2005	1	4	14	0	0.100
USC00263512	2005	1	8	11	0	0.100
USC00263512	2005	1	10	22	0	0.300
USC00263512	2005	1	28	9	0	0.100
USC00263512	2005	2	15	18	0	0.100
USC00263512	2005	2	15	20	0	0.100
USC00263512	2005	2	15	24	0	0.100
USC00263512	2005	2	16	12	0	0.100
USC00263512	2005	2	18	17	0	0.100
USC00263512	2005	2	18	21	0	0.100
USC00263512	2005	2	22	23	0	0.300
USC00263512	2005	2	22	24	0	0.100
USC00263512	2005	2	26	13	0	0.100
USC00263512	2005	3	23	4	0	0.200
USC00263512	2005	3	26	18	0	0.100
USC00263512	2005	4	28	18	0	0.100
USC00263512	2005	4	29	16	0	0.100
USC00263512	2005	5	5	18	0	0.100
USC00263512	2005	5	5	19	0	0.100
USC00263512	2005	5	6	5	0	0.100
USC00263512	2005	5	16	3	0	0.100
USC00263512	2005	6	18	19	0	0.100
USC00263512	2005	7	29	12	0	0.100
USC00263512	2005	11	8	21	0	0.100
USC00263512	2005	11	27	15	0	0.100
USC00263512	2005	12	17	21	0	0.100
USC00263512	2005	12	18	14	0	0.100
USC00263512	2005	12	26	6	0	0.100
USC00263512	2005	12	31	14	0	0.100
USC00263512	2006	1	2	8	0	0.111
USC00263512	2006	1	2	9	0	0.111
USC00263512	2006	1	2	12	0	0.111
USC00263512	2006	1	2	13	0	0.111
USC00263512	2006	2	1	16	0	0.100
USC00263512	2006	2	4	3	0	0.100
USC00263512	2006	2	19	15	0	0.100
USC00263512	2006	3	3	5	0	0.111
USC00263512	2006	3	3	9	0	0.111
USC00263512	2006	3	20	18	0	0.100
USC00263512	2006	4	4	17	0	0.100
USC00263512	2006	4	5	7	0	0.100
USC00263512	2006	4	5	8	0	0.100
USC00263512	2006	4	23	8	0	0.100
USC00263512	2006	4	25	15	0	0.100
USC00263512	2006	4	26	14	0	0.100
USC00263512	2006	4	26	21	0	0.100
USC00263512	2006	6	3	12	0	0.001
USC00263512	2006	6	3	13	0	0.016
USC00263512	2006	6	27	14	0	0.017
USC00263512	2006	6	27	15	0	0.017
USC00263512	2006	6	27	16	0	0.017
USC00263512	2006	7	6	14	0	0.002
USC00263512	2006	7	6	15	0	0.021
USC00263512	2006	7	19	11	0	0.038
USC00263512	2006	7	19	12	0	0.091
USC00263512	2006	7	19	13	0	0.083
USC00263512	2006	7	19	14	0	0.039
USC00263512	2006	7	19	15	0	0.002
USC00263512	2006	7	19	18	0	0.007
USC00263512	2006	7	19	19	0	0.003
USC00263512	2006	7	22	15	0	0.002
USC00263512	2006	7	22	16	0	0.004
USC00263512	2006	7	22	21	0	0.002
USC00263512	2006	7	22	22	0	0.014
USC00263512	2006	7	22	23	0	0.01
USC00263512	2006	9	22	16	0	0.049
USC00263512	2006	10	10	11	0	0.003
USC00263512	2006	10	10	14	0	0.028
USC00263512	2006	10	10	15	0	0.017
USC00263512	2006	10	10	16	0	0.008
USC00263512	2006	10	10	17	0	0.003
USC00263512	2006	10	11	3	0	0.003
USC00263512	2006	10	17	9	0	0.012
USC00263512	2006	12	17	12	0	0.01
USC00263512	2006	12	22	13	0	0.011
USC00263512	2006	12	22	14	0	0.001
USC00263512	2006	12	22	15	0	0.001
USC00263512	2006	12	27	9	0	0.005
USC00263512	2006	12	27	15	0	0.005
USC00263512	2006	12	27	20	0	0.005
USC00263512	2006	12	27	21	0	0.005
USC00263512	2006	12	27	22	0	0.005
USC00263512	2006	12	27	24	0	0.005
USC00263512	2006	12	28	15	0	0.015
USC00263512	2007	1	4	11	0	0.02
USC00263512	2007	1	5	4	0	0.143
USC00263512	2007	1	5	12	0	0.023
USC00263512	2007	1	12	11	0	0.002
USC00263512	2007	1	12	18	0	0.001
USC00263512	2007	1	12	19	0	0.002
USC00263512	2007	1	12	20	0	0.001
USC00263512	2007	1	28	10	0	0.002
USC00263512	2007	3	20	24	0	0.300
USC00263512	2007	3	21	2	0	0.100
USC00263512	2007	3	27	11	0	0.100
USC00263512	2007	4	2	11	0	0.100
USC00263512	2007	4	12	13	0	0.100
USC00263512	2007	4	14	21	0	0.100
USC00263512	2007	4	14	22	0	0.200
USC00263512	2007	4	14	23	0	0.100
USC00263512	2007	4	17	12	0	0.300
USC00263512	2007	4	20	4	0	0.100
USC00263512	2007	4	20	7	0	0.100
USC00263512	2007	4	23	3	0	0.100
USC00263512	2007	4	23	10	0	0.100
USC00263512	2007	5	4	9	0	0.100
USC00263512	2007	5	13	13	0	0.100
USC00263512	2007	9	22	2	0	0.076
USC00263512	2007	9	22	6	0	0.015
USC00263512	2007	9	22	9	0	0.001
USC00263512	2007	9	22	11	0	0.053
USC00263512	2007	9	22	12	0	0.045
USC00263512	2007	9	22	15	0	0.005
USC00263512	2007	9	22	16	0	0.001
USC00263512	2007	9	24	13	0	0.006
USC00263512	2007	10	2	4	0	0.045
USC00263512	2007	12	5	19	0	0.100
USC00263512	2007	12	6	5	0	0.100
USC00263512	2007	12	6	6	0	0.100
USC00263512	2008	1	4	18	0	0.100
USC00263512	2008	1	4	19	0	0.200
USC00263512	2008	1	4	20	0	0.100
USC00263512	2008	1	4	21	0	0.100
USC00263512	2008	1	4	22	0	0.200
USC00263512	2008	1	4	24	0	0.300
USC00263512	2008	1	5	18	0	0.100
USC00263512	2008	2	12	2	0	0.100
USC00263512	2008	2	22	6	0	0.100
USC00263512	2008	2	23	9	0	0.100
USC00263512	2008	2	23	16	0	0.100
USC00263512	2008	5	23	4	0	0.100
USC00263512	2008	5	23	6	0	0.100
USC00263512	2008	5	23	15	0	0.100
USC00263512	2008	5	24	14	0	0.100
USC00263512	2008	5	24	17	0	0.100
USC00263512	2008	5	25	3	0	0.100
USC00263512	2008	5	25	7	0	0.100
USC00263512	2008	5	26	3	0	0.100
USC00263512	2008	7	20	16	0	0.100
USC00263512	2008	7	22	8	0	0.100
USC00263512	2008	10	12	13	0	0.100
USC00263512	2008	11	9	3	0	0.100
USC00263512	2008	11	9	4	0	0.100
USC00263512	2008	11	9	6	0	0.100
USC00263512	2009	1	26	9	0	0.100
USC00263512	2009	2	7	3	0	0.100
USC00263512	2009	2	8	16	0	0.100
USC00263512	2009	2	13	13	0	0.005
USC00263512	2009	2	16	11	0	0.002
USC00263512	2009	2	16	12	0	0.002
USC00263512	2009	2	16	13	0	0.002
USC00263512	2009	2	16	14	0	0.005
USC00263512	2009	2	17	3	0	0.01
USC00263512	2009	2	17	15	0	0.004
USC00263512	2009	2	17	23	0	0.004
USC00263512	2009	3	2	3	0	0.002
USC00263512	2009	3	2	4	0	0.128
USC00263512	2009	3	3	10	0	0.023
USC00263512	2009	3	3	14	0	0.001
USC00263512	2009	3	22	2	0	0.100
USC00263512	2009	4	3	5	0	0.100
USC00263512	2009	4	3	7	0	0.100
USC00263512	2009	4	3	11	0	0.100
USC00263512	2009	4	14	20	0	0.100
USC00263512	2009	5	23	13	0	0.100
USC00263512	2009	5	31	10	0	0.100
USC00263512	2009	6	1	13	0	0.100
USC00263512	2009	6	2	14	0	0.100
USC00263512	2009	6	2	19	0	0.100
USC00263512	2009	6	3	10	0	0.100
USC00263512	2009	6	5	9	0	0.100
USC00263512	2009	6	12	19	0	0.100
USC00263512	2009	6	13	2	0	0.100
USC00263512	2009	6	14	11	0	0.100
USC00263512	2009	6	14	14	0	0.200
USC00263512	2009	6	18	17	0	0.100
USC00263512	2009	7	2	15	0	0.100
USC00263512	2009	7	19	17	0	0.100
USC00263512	2009	8	23	8	0	0.100
USC00263512	2009	8	23	9	0	0.100
USC00263512	2009	8	23	11	0	0.100
USC00263512	2009	8	23	12	0	0.400
USC00263512	2009	8	23	13	0	0.100
USC00263512	2009	9	5	10	0	0.100
USC00263512	2009	10	4	7	0	0.100
USC00263512	2009	10	13	17	0	0.100
USC00263512	2009	10	13	18	0	0.100
USC00263512	2009	10	13	19	0	0.200
USC00263512	2009	10	13	22	0	0.100
USC00263512	2009	10	13	23	0	0.100
USC00263512	2009	10	14	5	0	0.100
USC00263512	2009	10	20	14	0	0.100
USC00263512	2009	11	20	8	0	0.100
USC00263512	2009	11	28	4	0	0.100
USC00263512	2009	11	28	6	0	0.100
USC00263512	2009	12	12	17	0	0.100
USC00263512	2009	12	12	19	0	0.100
USC00263512	2009	12	13	1	0	0.100
USC00263512	2009	12	22	9	0	0.100
USC00263512	2010	1	9	12	0	0.100
USC00263512	2010	1	11	13	0	0.100
USC00263512	2010	1	18	20	0	0.100
USC00263512	2010	2	4	22	0	0.005
USC00263512	2010	2	5	9	0	0.001
USC00263512	2010	2	5	10	0	0.001
USC00263512	2010	2	5	11	0	0.002
USC00263512	2010	2	5	14	0	0.001
USC00263512	2010	2	6	22	0	0.129
USC00263512	2010	2	9	21	0	0.018
USC00263512	2010	2	10	12	0	0.007
USC00263512	2010	2	10	13	0	0.002
USC00263512	2010	2	18	15	0	0.100
USC00263512	2010	2	20	22	0	0.100
USC00263512	2010	2	24	15	0	0.100
USC00263512	2010	2	25	8	0	0.100
USC00263512	2010	4	11	17	0	0.007
USC00263512	2010	4	11	18	0	0.007
USC00263512	2010	4	11	19	0	0.007
USC00263512	2010	4	11	23	0	0.013
USC00263512	2010	4	11	24	0	0.013
USC00263512	2010	4	12	1	0	0.013
USC00263512	2010	4	12	2	0	0.038
USC00263512	2010	4	12	3	0	0.038
USC00263512	2010	4	12	4	0	0.038
USC00263512	2010	4	20	11	0	0.012
USC00263512	2010	4	20	12	0	0.026
USC00263512	2010	4	20	14	0	0.011
USC00263512	2010	4	20	15	0	0.006
USC00263512	2010	4	20	16	0	0.008
USC00263512	2010	4	22	5	0	0.039
USC00263512	2010	4	22	6	0	0.138
USC00263512	2010	4	22	7	0	0.134
USC00263512	2010	4	29	11	0	0.034
USC00263512	2010	5	10	18	0	0.026
USC00263512	2010	5	10	19	0	0.038
USC00263512	2010	5	28	3	0	0.008
USC00263512	2010	7	26	2	0	0.100
USC00263512	2010	10	3	13	0	0.100
USC00263512	2010	10	4	4	0	0.300
USC00263512	2010	10	4	11	0	0.100
USC00263512	2010	10	4	16	0	0.200
USC00263512	2010	10	4	17	0	0.100
USC00263512	2010	10	4	18	0	0.100
USC00263512	2010	10	5	1	0	0.100
USC00263512	2010	10	6	9	0	0.100
USC00263512	2010	10	17	15	0	0.100
USC00263512	2010	10	21	22	0	0.100
USC00263512	2010	11	10	13	0	0.100
USC00263512	2010	11	10	14	0	0.100
USC00263512	2010	11	27	19	0	0.100
USC00263512	2010	12	19	10	0	0.100
USC00263512	2010	12	19	11	0	0.100
USC00263512	2010	12	19	13	0	0.100
USC00263512	2010	12	19	14	0	0.100
USC00263512	2010	12	19	15	0	0.100
USC00263512	2011	1	3	9	0	0.100
USC00263512	2011	2	3	24	0	0.100
USC00263512	2011	2	16	12	0	0.100
USC00263512	2011	2	19	6	0	0.100
USC00263512	2011	3	7	13	0	0.100
USC00263512	2011	3	24	13	0	0.100
USC00263512	2011	4	6	22	0	0.057
USC00263512	2011	4	7	11	0	0.01
USC00263512	2011	4	8	17	0	0.021
USC00263512	2011	4	8	18	0	0.009
USC00263512	2011	4	13	9	0	0.004
USC00263512	2011	4	22	16	0	0.041
USC00263512	2011	4	22	17	0	0.034
USC00263512	2011	4	22	19	0	0.01
USC00263512	2011	4	22	20	0	0.01
USC00263512	2011	4	22	21	0	0.01
USC00263512	2011	5	18	7	0	0.100
USC00263512	2011	5	18	8	0	0.200
USC00263512	2011	5	18	10	0	0.100
USC00263512	2011	5	19	4	0	0.100
USC00263512	2011	5	25	14	0	0.100
USC00263512	2011	6	1	9	0	0.009
USC00263512	2011	6	4	14	0	0.177
USC00263512	2011	6	4	15	0	0.077
USC00263512	2011	6	4	16	0	0.075
USC00263512	2011	6	4	17	0	0.023
USC00263512	2011	6	5	5	0	0.005
USC00263512	2011	6	5	6	0	0.002
USC00263512	2011	6	5	7	0	0.043
USC00263512	2011	6	5	8	0	0.009
USC00263512	2011	6	5	17	0	0.022
USC00263512	2011	6	5	18	0	0.051
USC00263512	2011	6	5	19	0	0.111
USC00263512	2011	6	5	20	0	0.004
USC00263512	2011	6	6	5	0	0.003
USC00263512	2011	6	6	6	0	0.021
USC00263512	2011	6	6	7	0	0.003
USC00263512	2011	6	6	9	0	0.011
USC00263512	2011	6	7	14	0	0.001
USC00263512	2011	6	7	15	0	0.006
USC00263512	2011	6	7	18	0	0.005
USC00263512	2011	6	7	19	0	0.005
USC00263512	2011	6	29	12	0	0.100
USC00263512	2011	7	31	15	0	0.100
USC00263512	2011	8	27	15	0	0.100
USC00263512	2011	8	27	19	0	0.100
USC00263512	2011	10	13	22	0	0.100
USC00263512	2011	11	4	1	0	0.009
USC00263512	2011	11	5	24	0	0.018
USC00263512	2011	11	6	19	0	0.037
USC00263512	2011	11	20	12	0	0.015
USC00263512	2012	1	21	1	0	0.043
USC00263512	2012	1	21	2	0	0.025
USC00263512	2012	1	21	4	0	0.01
USC00263512	2012	1	21	5	0	0.002
USC00263512	2012	1	21	6	0	0.184
USC00263512	2012	1	21	7	0	0.014
USC00263512	2012	1	22	16	0	0.08
USC00263512	2012	1	23	1	0	0.416
USC00263512	2012	1	23	6	0	0.031
USC00263512	2012	1	23	7	0	0.06
USC00263512	2012	1	23	8	0	0.004
USC00263512	2012	1	24	12	0	0.004
USC00263512	2012	1	24	13	0	0.007
USC00263512	2012	1	24	14	0	0.009
USC00263512	2012	1	24	15	0	0.006
USC00263512	2012	1	24	16	0	0.01
USC00263512	2012	1	24	17	0	0.01
USC00263512	2012	1	24	18	0	0.001
USC00263512	2012	1	27	16	0	0.048
USC00263512	2012	2	29	13	0	0.100
USC00263512	2012	3	25	18	0	0.100
USC00263512	2012	3	25	19	0	0.100
USC00263512	2012	3	25	21	0	0.100
USC00263512	2012	3	29	13	0	0.280
USC00263512	2012	3	29	14	0	0.020
USC00263512	2012	3	29	16	0	0.050
USC00263512	2012	3	29	21	0	0.030
USC00263512	2012	3	30	1	0	0.020
USC00263512	2012	3	30	3	0	0.010
USC00263512	2012	3	30	8	0	0.010
USC00263512	2012	3	30	9	0	0.010
USC00263512	2012	3	30	10	0	0.010
USC00263512	2012	3	30	11	0	0.020
USC00263512	2012	3	31	15	0	0.100
USC00263512	2012	4	4	23	0	0.010
USC00263512	2012	4	11	7	0	0.010
USC00263512	2012	4	12	2	0	0.010
USC00263512	2012	4	13	16	0	0.020
USC00263512	2012	4	13	18	0	0.010
USC00263512	2012	4	13	19	0	0.010
USC00263512	2012	4	14	6	0	0.010
USC00263512	2012	4	14	7	0	0.010
USC00263512	2012	4	14	9	0	0.010
USC00263512	2012	4	14	10	0	0.020
USC00263512	2012	4	14	18	0	0.030
USC00263512	2012	4	26	3	0	0.010
USC00263512	2012	5	25	15	0	0.010
USC00263512	2012	5	25	22	0	0.020
USC00263512	2012	5	25	24	0	0.010
USC00263512	2012	5	26	1	0	0.010
USC00263512	2012	5	26	2	0	0.010
USC00263512	2012	5	26	3	0	0.010
USC00263512	2012	5	26	4	0	0.030
USC00263512	2012	5	26	15	0	0.010
USC00263512	2012	6	1	5	0	0.010
USC00263512	2012	6	4	2	0	0.010
USC00263512	2012	6	4	13	0	0.020
USC00263512	2012	6	5	2	0	0.010
USC00263512	2012	7	13	3	0	0.010
USC00263512	2012	7	13	6	0	0.010
USC00263512	2012	7	13	15	0	0.010
USC00263512	2012	7	15	1	0	0.010
USC00263512	2012	7	15	15	0	0.010
USC00263512	2012	7	15	16	0	0.010
USC00263512	2012	7	22	3	0	0.010
USC00263512	2012	7	22	17	0	0.010
USC00263512	2012	7	22	23	0	0.040
USC00263512	2012	7	22	24	0	0.010
USC00263512	2012	7	23	4	0	0.030
USC00263512	2012	7	23	7	0	0.030
USC00263512	2012	7	23	10	0	0.010
USC00263512	2012	7	23	11	0	0.170
USC00263512	2012	7	23	16	0	0.020
USC00263512	2012	7	23	17	0	0.010
USC00263512	2012	7	24	1	0	0.010
USC00263512	2012	8	9	16	0	0.040
USC00263512	2012	8	9	20	0	0.030
USC00263512	2012	8	10	2	0	0.010
USC00263512	2012	8	10	13	0	0.010
USC00263512	2012	8	10	22	0	0.010
USC00263512	2012	8	11	23	0	0.010
USC00263512	2012	8	14	23	0	0.010
USC00263512	2012	8	18	2	0	0.010
USC00263512	2012	8	18	18	0	0.010
USC00263512	2012	8	19	15	0	0.010
USC00263512	2012	8	20	4	0	0.010
USC00263512	2012	8	21	14	0	0.010
USC00263512	2012	8	21	16	0	0.010
USC00263512	2012	8	30	19	0	0.010
USC00263512	2012	8	30	24	0	0.010
USC00263512	2012	9	5	3	0	0.010
USC00263512	2012	9	5	23	0	0.010
USC00263512	2012	9	6	14	0	0.010
USC00263512	2012	9	6	21	0	0.010
USC00263512	2012	9	6	22	0	0.030
USC00263512	2012	9	9	6	0	0.010
USC00263512	2012	9	9	23	0	0.010
USC00263512	2012	9	16	4	0	0.010
USC00263512	2012	9	23	3	0	0.010
USC00263512	2012	10	7	4	0	0.010
USC00263512	2012	10	10	4	0	0.010
USC00263512	2012	10	11	3	0	0.010
USC00263512	2012	10	11	8	0	0.050
USC00263512	2012	10	11	9	0	0.110
USC00263512	2012	10	11	10	0	0.070
USC00263512	2012	10	11	11	0	0.010
USC00263512	2012	10	11	20	0	0.050
USC00263512	2012	10	11	21	0	0.010
USC00263512	2012	10	11	23	0	0.010
USC00263512	2012	11	1	22	0	0.010
USC00263512	2012	11	9	17	0	0.030
USC00263512	2012	11	9	18	0	0.010
USC00263512	2012	11	10	9	0	0.030
USC00263512	2012	11	10	22	0	0.010
USC00263512	2012	12	2	2	0	0.046
USC00263512	2012	12	2	3	0	0.07
USC00263512	2012	12	2	4	0	0.046
USC00263512	2012	12	2	16	0	0.266
USC00263512	2012	12	2	17	0	0.266
USC00263512	2012	12	6	17	0	0.128
USC00263512	2012	12	11	17	0	0.001
USC00263512	2012	12	12	6	0	0.004
USC00263512	2012	12	12	7	0	0.004
USC00263512	2012	12	12	8	0	0.003
USC00263512	2012	12	12	9	0	0.004
USC00263512	2012	12	12	10	0	0.003
USC00263512	2012	12	12	12	0	0.001
USC00263512	2012	12	12	13	0	0.001
USC00263512	2012	12	13	16	0	0.037
USC00263512	2012	12	13	17	0	0.014
USC00263512	2012	12	16	17	0	0.004
USC00263512	2012	12	17	8	0	0.007
USC00263512	2012	12	17	15	0	0.007
USC00263512	2012	12	18	16	0	0.028
USC00263512	2012	12	21	21	0	0.01
USC00263512	2012	12	22	14	0	0.228
USC00263512	2012	12	22	16	0	0.043
USC00263512	2012	12	23	20	0	0.035
USC00263512	2012	12	23	21	0	0.049
USC00263512	2012	12	24	2	0	0.098
USC00263512	2012	12	24	3	0	0.049
USC00263512	2012	12	24	16	0	0.009
USC00263512	2012	12	24	17	0	0.006
USC00263512	2012	12	25	23	0	0.165
USC00263512	2012	12	27	16	0	0.145
USC00263512	2012	12	29	16	0	0.036
USC00263512	2012	12	30	11	0	0.017
USC00263512	2012	12	30	12	0	0.002
USC00263512	2013	1	6	4	0	0.006
USC00263512	2013	1	6	10	0	0.052
USC00263512	2013	1	6	11	0	0.006
USC00263512	2013	1	11	24	0	0.004
USC00263512	2013	1	27	10	0	0.055
USC00263512	2013	1	27	11	0	0.087
USC00263512	2013	2	8	2	0	0.002
USC00263512	2013	2	8	3	0	0.003
USC00263512	2013	2	8	4	0	0.002
USC00263512	2013	2	8	17	0	0.001
USC00263512	2013	2	8	20	0	0.001
USC00263512	2013	3	3	6	0	0.029
USC00263512	2013	3	3	8	0	0.004
USC00263512	2013	3	6	9	0	0.001
USC00263512	2013	3	7	16	0	0.003
USC00263512	2013	3	7	17	0	0.002
USC00263512	2013	3	8	17	0	0.031
USC00263512	2013	3	8	19	0	0.096
USC00263512	2013	3	8	20	0	0.031
USC00263512	2013	3	8	22	0	0.096
USC00263512	2013	3	30	17	0	0.003
USC00263512	2013	3	31	10	0	0.017
USC00263512	2013	3	31	11	0	0.028
USC00263512	2013	3	31	12	0	0.027
USC00263512	2013	3	31	13	0	0.016
USC00263512	2013	3	31	14	0	0.003
USC00263512	2013	3	31	17	0	0.001
USC00263512	2013	3	31	18	0	0.001
USC00263512	2013	4	8	1	0	0.014
USC00263512	2013	4	8	3	0	0.014
USC00263512	2013	4	11	2	0	0.001
USC00263512	2013	4	15	15	0	0.039
USC00263512	2013	4	16	15	0	0.002
USC00263512	2013	4	16	16	0	0.084
USC00263512	2013	5	6	17	0	0.011
USC00263512	2013	5	6	18	0	0.009
USC00263512	2013	5	6	19	0	0.008
USC00263512	2013	5	6	20	0	0.028
USC00263512	2013	5	7	4	0	0.002
USC00263512	2013	5	7	5	0	0.087
USC00263512	2013	5	7	6	0	0.073
USC00263512	2013	5	7	7	0	0.021
USC00263512	2013	5	7	18	0	0.004
USC00263512	2013	5	7	22	0	0.002
USC00263512	2013	5	8	18	0	0.002
USC00263512	2013	5	8	19	0	0.019
USC00263512	2013	5	9	16	0	0.006
USC00263512	2013	5	9	17	0	0.006
USC00263512	2013	5	9	18	0	0.018
USC00263512	2013	5	14	13	0	0.006
USC00263512	2013	5	14	14	0	0.016
USC00263512	2013	5	14	18	0	0.001
USC00263512	2013	5	28	5	0	0.003
USC00263512	2013	5	28	6	0	0.001
USC00263512	2013	6	24	23	0	0.010
USC00263512	2013	7	4	14	0	0.150
USC00263512	2013	7	4	19	0	0.010
USC00263512	2013	7	4	20	0	0.010
USC00263512	2013	7	4	23	0	0.010
USC00263512	2013	7	9	4	0	0.010
USC00263512	2013	7	15	17	0	0.040
USC00263512	2013	7	15	19	0	0.040
USC00263512	2013	7	17	8	0	0.040
USC00263512	2013	7	17	10	0	0.040
USC00263512	2013	7	17	11	0	0.070
USC00263512	2013	7	17	12	0	0.050
USC00263512	2013	7	17	13	0	0.080
USC00263512	2013	7	17	14	0	0.010
USC00263512	2013	7	17	21	0	0.010
USC00263512	2013	7	18	13	0	0.010
USC00263512	2013	7	18	21	0	0.010
USC00263512	2013	7	19	9	0	0.040
USC00263512	2013	7	19	10	0	0.020
USC00263512	2013	7	19	13	0	0.020
USC00263512	2013	7	19	15	0	0.050
USC00263512	2013	7	19	17	0	0.020
USC00263512	2013	7	19	23	0	0.010
USC00263512	2013	7	21	8	0	0.040
USC00263512	2013	7	21	12	0	0.040
USC00263512	2013	7	21	13	0	0.020
USC00263512	2013	7	21	23	0	0.010
USC00263512	2013	7	22	8	0	0.010
USC00263512	2013	7	22	9	0	0.070
USC00263512	2013	7	22	10	0	0.080
USC00263512	2013	7	22	21	0	0.050
USC00263512	2013	7	22	22	0	0.040
USC00263512	2013	7	22	23	0	0.140
USC00263512	2013	7	23	10	0	0.007
USC00263512	2013	7	23	11	0	0.037
USC00263512	2013	7	25	17	0	0.016
USC00263512	2013	7	25	18	0	0.005
USC00263512	2013	7	26	4	0	0.010
USC00263512	2013	7	26	13	0	0.010
USC00263512	2013	7	26	14	0	0.090
USC00263512	2013	7	26	16	0	0.010
USC00263512	2013	7	27	3	0	0.010
USC00263512	2013	7	28	14	0	0.100
USC00263512	2013	7	28	15	0	0.040
USC00263512	2013	7	29	2	0	0.010
USC00263512	2013	7	29	22	0	0.010
USC00263512	2013	8	7	8	0	0.002
USC00263512	2013	8	7	9	0	0.002
USC00263512	2013	8	8	4	0	0.002
USC00263512	2013	8	8	5	0	0.001
USC00263512	2013	8	8	6	0	0.001
USC00263512	2013	8	8	7	0	0.001
USC00263512	2013	8	8	8	0	0.001
USC00263512	2013	8	8	9	0	0.001
USC00263512	2013	8	8	16	0	0.001
USC00263512	2013	8	8	20	0	0.001
USC00263512	2013	8	17	6	0	0.008
USC00263512	2013	8	17	7	0	0.023
USC00263512	2013	8	17	13	0	0.013
USC00263512	2013	8	17	14	0	0.013
USC00263512	2013	8	17	15	0	0.094
USC00263512	2013	8	17	16	0	0.076
USC00263512	2013	8	17	17	0	0.021
USC00263512	2013	8	17	18	0	0.023
USC00263512	2013	8	17	19	0	0.004
USC00263512	2013	8	18	8	0	0.02
USC00263512	2013	8	18	16	0	0.047
USC00263512	2013	8	18	17	0	0.014
USC00263512	2013	8	18	18	0	0.033
USC00263512	2013	8	18	21	0	0.051
USC00263512	2013	8	18	22	0	0.185
USC00263512	2013	8	18	23	0	0.145
USC00263512	2013	8	18	24	0	0.08
USC00263512	2013	8	19	1	0	0.065
USC00263512	2013	8	19	2	0	0.015
USC00263512	2013	8	19	17	0	0.015
USC00263512	2013	8	19	18	0	0.057
USC00263512	2013	8	19	19	0	0.064
USC00263512	2013	8	19	20	0	0.027
USC00263512	2013	8	19	21	0	0.016
USC00263512	2013	8	19	22	0	0.001
USC00263512	2013	8	19	23	0	0.003
USC00263512	2013	8	19	24	0	0.006
USC00263512	2013	8	20	1	0	0.008
USC00263512	2013	8	20	2	0	0.002
USC00263512	2013	8	20	19	0	0.001
USC00263512	2013	8	20	20	0	0.001
USC00263512	2013	8	21	12	0	0.001
USC00263512	2013	8	21	13	0	0.016
USC00263512	2013	8	21	14	0	0.027
USC00263512	2013	8	21	15	0	0.008
USC00263512	2013	8	21	16	0	0.001
USC00263512	2013	8	21	17	0	0.002
USC00263512	2013	8	21	18	0	0.001
USC00263512	2013	8	21	19	0	0.004
USC00263512	2013	8	31	14	0	0.045
USC00263512	2013	8	31	16	0	0.004
USC00263512	2013	9	1	14	0	0.006
USC00263512	2013	9	1	15	0	0.001
USC00263512	2013	9	1	17	0	0.012
USC00263512	2013	9	1	18	0	0.009
USC00263512	2013	9	2	18	0	0.002
USC00263512	2013	9	2	23	0	0.03
USC00263512	2013	9	2	24	0	0.026
USC00263512	2013	9	3	2	0	0.128
USC00263512	2013	9	3	3	0	0.004
USC00263512	2013	9	12	18	0	0.005
USC00263512	2013	9	12	19	0	0.035
USC00263512	2013	9	12	20	0	0.007
USC00263512	2013	9	21	20	0	0.156
USC00263512	2013	9	21	21	0	0.094
USC00263512	2013	9	25	16	0	0.004
USC00263512	2013	9	25	17	0	0.01
USC00263512	2013	9	25	19	0	0.007
USC00263512	2013	9	26	14	0	0.01
USC00263512	2013	10	8	21	0	0.012
USC00263512	2013	10	9	14	0	0.057
USC00263512	2013	10	9	16	0	0.03
USC00263512	2013	10	9	19	0	0.03
USC00263512	2013	10	10	2	0	0.208
USC00263512	2013	10	28	1	0	0.02
USC00263512	2013	11	16	2	0	0.010
USC00263512	2013	11	20	1	0	0.010
USC00263512	2013	11	20	3	0	0.010
USC00263512	2013	11	20	4	0	0.020
USC00263512	2013	11	20	5	0	0.010
USC00263512	2013	11	20	19	0	0.150
USC00263512	2013	11	20	20	0	0.070
USC00263512	2013	11	20	21	0	0.030
USC00263512	2013	11	20	22	0	0.030
USC00263512	2013	11	21	2	0	0.010
USC00263512	2013	11	21	9	0	0.010
USC00263512	2013	11	21	14	0	0.010
USC00263512	2013	11	22	3	0	0.010
USC00263512	2013	12	3	10	0	0.020
USC00263512	2013	12	3	11	0	0.080
USC00263512	2013	12	3	12	0	0.110
USC00263512	2013	12	3	13	0	0.070
USC00263512	2013	12	3	14	0	0.070
USC00263512	2013	12	3	15	0	0.010
USC00263512	2013	12	3	16	0	0.010
USC00263512	2013	12	4	24	0	0.010
USC00263512	2013	12	5	7	0	0.010
USC00263512	2013	12	7	22	0	0.010
USC00263512	2013	12	8	6	0	0.010
USC00263512	2013	12	8	19	0	0.010
USC00263512	2013	12	19	3	0	0.020
USC00263512	2013	12	19	4	0	0.010
USC00263512	2013	12	19	7	0	0.020
USC00263512	2013	12	19	8	0	0.010
USC00263512	2013	12	19	9	0	0.020
USC00263512	2013	12	19	10	0	0.020
USC00263512	2013	12	19	11	0	0.010
USC00263512	2013	12	19	14	0	0.020
USC00263512	2013	12	20	17	0	0.010
USC00263512	2013	12	26	23	0	0.010
USC00263512	2014	1	11	15	0	0.007
USC00263512	2014	1	30	2	0	0.002
USC00263512	2014	1	30	3	0	0.01
USC00263512	2014	1	30	4	0	0.01
USC00263512	2014	1	30	5	0	0.552
USC00263512	2014	1	30	6	0	0.048
USC00263512	2014	1	30	10	0	0.004
USC00263512	2014	1	30	11	0	0.008
USC00263512	2014	1	30	12	0	0.014
USC00263512	2014	1	31	10	0	0.005
USC00263512	2014	1	31	11	0	0.005
USC00263512	2014	1	31	12	0	0.005
USC00263512	2014	1	31	13	0	0.009
USC00263512	2014	1	31	14	0	0.021
USC00263512	2014	1	31	15	0	0.017
USC00263512	2014	1	31	16	0	0.021
USC00263512	2014	1	31	17	0	0.009
USC00263512	2014	2	2	15	0	0.019
USC00263512	2014	2	6	10	0	0.001
USC00263512	2014	2	7	17	0	0.001
USC00263512	2014	2	7	20	0	0.001
USC00263512	2014	2	8	10	0	0.009
USC00263512	2014	2	8	11	0	0.009
USC00263512	2014	2	8	12	0	0.009
USC00263512	2014	2	8	13	0	0.009
USC00263512	2014	2	8	15	0	0.017
USC00263512	2014	2	8	16	0	0.017
USC00263512	2014	2	9	16	0	0.061
USC00263512	2014	2	9	17	0	0.01
USC00263512	2014	2	15	23	0	0.02
USC00263512	2014	2	15	24	0	0.02
USC00263512	2014	2	16	3	0	0.066
USC00263512	2014	2	16	5	0	0.005
USC00263512	2014	2	16	9	0	0.009
USC00263512	2014	2	27	2	0	0.009
USC00263512	2014	2	27	3	0	0.003
USC00263512	2014	2	27	5	0	0.003
USC00263512	2014	2	27	8	0	0.003
USC00263512	2014	2	27	11	0	0.019
USC00263512	2014	2	27	12	0	0.049
USC00263512	2014	2	27	13	0	0.044
USC00263512	2014	2	27	14	0	0.011
USC00263512	2014	2	28	6	0	0.045
USC00263512	2014	2	28	9	0	0.057
USC00263512	2014	2	28	16	0	0.002
USC00263512	2014	3	1	11	0	0.001
USC00263512	2014	3	1	12	0	0.002
USC00263512	2014	3	1	13	0	0.002
USC00263512	2014	3	1	14	0	0.002
USC00263512	2014	3	1	15	0	0.003
USC00263512	2014	3	1	16	0	0.002
USC00263512	2014	3	1	17	0	0.001
USC00263512	2014	3	1	18	0	0.001
USC00263512	2014	3	6	3	0	0.001
USC00263512	2014	3	6	7	0	0.077
USC00263512	2014	3	6	8	0	0.077
USC00263512	2014	3	26	3	0	0.004
USC00263512	2014	3	29	23	0	0.229
USC00263512	2014	3	30	11	0	0.012
USC00263512	2014	3	30	12	0	0.096
USC00263512	2014	3	30	15	0	0.012
USC00263512	2014	3	31	23	0	0.005
USC00263512	2014	4	18	19	0	0.022
USC00263512	2014	4	18	20	0	0.013
USC00263512	2014	4	18	22	0	0.013
USC00263512	2014	4	18	23	0	0.002
USC00263512	2014	4	18	24	0	0.013
USC00263512	2014	4	21	19	0	0.006
USC00263512	2014	4	21	20	0	0.006
USC00263512	2014	4	22	7	0	0.032
USC00263512	2014	4	22	10	0	0.032
USC00263512	2014	4	25	20	0	0.064
USC00263512	2014	4	25	21	0	0.001
USC00263512	2014	5	5	21	0	0.004
USC00263512	2014	5	6	11	0	0.007
USC00263512	2014	5	6	12	0	0.026
USC00263512	2014	5	7	10	0	0.003
USC00263512	2014	5	7	14	0	0.003
USC00263512	2014	5	19	5	0	0.002
USC00263512	2014	5	19	6	0	0.001
USC00263512	2014	5	19	19	0	0.002
USC00263512	2014	5	20	4	0	0.001
USC00263512	2014	5	20	5	0	0.067
USC00263512	2014	5	20	6	0	0.004
USC00263512	2014	5	20	14	0	0.029
USC00263512	2014	5	20	15	0	0.005
USC00263512	2014	5	20	23	0	0.001
USC00263512	2014	5	20	24	0	0.16
USC00263512	2014	5	21	1	0	0.243
USC00263512	2014	5	21	2	0	0.058
USC00263512	2014	5	21	11	0	0.05
USC00263512	2014	5	21	12	0	0.006
USC00263512	2014	5	21	14	0	0.009
USC00263512	2014	5	21	15	0	0.033
USC00263512	2014	5	21	19	0	0.006
USC00263512	2014	5	21	20	0	0.001
USC00263512	2014	5	21	21	0	0.001
USC00263512	2014	5	21	22	0	0.032
USC00263512	2014	5	21	23	0	0.069
USC00263512	2014	5	21	24	0	0.018
USC00263512	2014	5	22	1	0	0.068
USC00263512	2014	5	22	2	0	0.007
USC00263512	2014	5	22	16	0	0.002
USC00263512	2014	5	22	17	0	0.114
USC00263512	2014	6	5	19	0	0.005
USC00263512	2014	6	8	9	0	0.001
USC00263512	2014	6	10	16	0	0.001
USC00263512	2014	6	10	17	0	0.006
USC00263512	2014	6	10	18	0	0.017
USC00263512	2014	6	10	19	0	0.009
USC00263512	2014	6	10	20	0	0.001
USC00263512	2014	6	25	19	0	0.005
USC00263512	2014	7	5	19	0	0.002
USC00263512	2014	7	8	11	0	0.002
USC00263512	2014	7	8	12	0	0.003
USC00263512	2014	7	8	13	0	0.074
USC00263512	2014	7	8	14	0	0.022
USC00263512	2014	7	8	15	0	0.005
USC00263512	2014	7	8	18	0	0.002
USC00263512	2014	7	8	19	0	0.001
USC00263512	2014	7	10	8	0	0.005
USC00263512	2014	7	10	16	0	0.001
USC00263512	2014	7	10	17	0	0.002
USC00263512	2014	7	10	18	0	0.019
USC00263512	2014	7	10	19	0	0.003
USC00263512	2014	7	14	16	0	0.002
USC00263512	2014	7	14	17	0	0.001
USC00263512	2014	7	14	18	0	0.001
USC00263512	2014	7	14	19	0	0.002
USC00263512	2014	7	14	20	0	0.009
USC00263512	2014	7	14	21	0	0.011
USC00263512	2014	7	15	12	0	0.003
USC00263512	2014	7	15	13	0	0.008
USC00263512	2014	7	15	14	0	0.067
USC00263512	2014	7	15	15	0	0.041
USC00263512	2014	7	15	16	0	0.033
USC00263512	2014	7	15	19	0	0.001
USC00263512	2014	7	17	13	0	0.002
USC00263512	2014	7	17	14	0	0.039
USC00263512	2014	7	17	15	0	0.021
USC00263512	2014	7	17	16	0	0.008
USC00263512	2014	7	17	17	0	0.022
USC00263512	2014	7	17	18	0	0.008
USC00263512	2014	7	18	18	0	0.002
USC00263512	2014	7	18	19	0	0.005
USC00263512	2014	7	18	20	0	0.002
USC00263512	2014	7	18	21	0	0.003
USC00263512	2014	7	18	22	0	0.001
USC00263512	2014	7	19	16	0	0.002
USC00263512	2014	7	19	17	0	0.007
USC00263512	2014	7	19	18	0	0.005
USC00263512	2014	7	19	20	0	0.002
USC00263512	2014	7	20	11	0	0.018
USC00263512	2014	7	20	12	0	0.008
USC00263512	2014	7	20	13	0	0.043
USC00263512	2014	7	20	14	0	0.006
USC00263512	2014	7	20	15	0	0.001
USC00263512	2014	7	20	16	0	0.009
USC00263512	2014	7	20	17	0	0.005
USC00263512	2014	7	27	18	0	0.006
USC00263512	2014	7	28	14	0	0.003
USC00263512	2014	7	28	15	0	0.002
USC00263512	2014	7	28	16	0	0.002
USC00263512	2014	7	28	17	0	0.001
USC00263512	2014	7	31	13	0	0.002
USC00263512	2014	7	31	14	0	0.017
USC00263512	2014	7	31	15	0	0.013
USC00263512	2014	7	31	16	0	0.001
USC00263512	2014	7	31	17	0	0.004
USC00263512	2014	8	1	15	0	0.003
USC00263512	2014	8	1	16	0	0.001
USC00263512	2014	8	1	17	0	0.003
USC00263512	2014	8	3	15	0	0.001
USC00263512	2014	8	3	16	0	0.004
USC00263512	2014	8	3	17	0	0.008
USC00263512	2014	8	3	18	0	0.014
USC00263512	2014	8	3	19	0	0.013
USC00263512	2014	8	3	20	0	0.009
USC00263512	2014	8	3	21	0	0.005
USC00263512	2014	8	3	22	0	0.003
USC00263512	2014	8	3	23	0	0.004
USC00263512	2014	8	3	24	0	0.001
USC00263512	2014	8	4	4	0	0.002
USC00263512	2014	8	4	5	0	0.019
USC00263512	2014	8	4	6	0	0.007
USC00263512	2014	8	4	7	0	0.001
USC00263512	2014	8	4	9	0	0.004
USC00263512	2014	8	4	17	0	0.004
USC00263512	2014	8	4	18	0	0.003
USC00263512	2014	8	4	21	0	0.003
USC00263512	2014	8	4	22	0	0.006
USC00263512	2014	8	5	4	0	0.006
USC00263512	2014	8	6	18	0	0.004
USC00263512	2014	8	6	19	0	0.006
USC00263512	2014	8	6	20	0	0.002
USC00263512	2014	8	6	21	0	0.001
USC00263512	2014	8	9	17	0	0.004
USC00263512	2014	8	9	18	0	0.037
USC00263512	2014	8	9	19	0	0.007
USC00263512	2014	8	11	13	0	0.047
USC00263512	2014	8	11	14	0	0.091
USC00263512	2014	8	11	15	0	0.006
USC00263512	2014	9	18	20	0	0.003
USC00263512	2014	9	21	15	0	0.010
USC00263512	2014	9	26	5	0	0.010
USC00263512	2014	9	26	20	0	0.010
USC00263512	2014	9	26	24	0	0.030
USC00263512	2014	9	27	3	0	0.010
USC00263512	2014	9	27	4	0	0.060
USC00263512	2014	9	27	5	0	0.120
USC00263512	2014	9	27	6	0	0.090
USC00263512	2014	9	27	7	0	0.070
USC00263512	2014	9	27	8	0	0.090
USC00263512	2014	9	27	9	0	0.110
USC00263512	2014	9	27	10	0	0.050
USC00263512	2014	9	27	11	0	0.010
USC00263512	2014	9	27	12	0	0.010
USC00263512	2014	9	27	15	0	0.010
USC00263512	2014	9	27	16	0	0.010
USC00263512	2014	9	27	17	0	0.030
USC00263512	2014	9	27	18	0	0.010
USC00263512	2014	9	27	19	0	0.020
USC00263512	2014	9	27	20	0	0.050
USC00263512	2014	9	27	21	0	0.010
USC00263512	2014	9	27	22	0	0.030
USC00263512	2014	9	27	23	0	0.010
USC00263512	2014	9	27	24	0	0.010
USC00263512	2014	9	28	5	0	0.010
USC00263512	2014	10	11	4	0	0.010
USC00263512	2014	10	16	4	0	0.010
USC00263512	2014	10	16	20	0	0.010
USC00263512	2014	10	21	20	0	0.010
USC00263512	2014	10	26	18	0	0.010
USC00263512	2014	11	1	1	0	0.030
USC00263512	2014	11	1	2	0	0.070
USC00263512	2014	11	1	6	0	0.010
USC00263512	2014	11	13	6	0	0.010
USC00263512	2014	11	13	7	0	0.030
USC00263512	2014	11	15	21	0	0.030
USC00263512	2014	11	15	22	0	0.010
USC00263512	2014	11	28	6	0	0.010
USC00263512	2014	11	30	17	0	0.010
USC00263512	2014	12	2	12	0	0.010
USC00263512	2014	12	2	13	0	0.020
USC00263512	2014	12	2	14	0	0.020
USC00263512	2014	12	12	5	0	0.010
USC00263512	2014	12	12	16	0	0.010
USC00263512	2014	12	12	17	0	0.030
USC00263512	2014	12	12	18	0	0.060
USC00263512	2014	12	12	21	0	0.040
USC00263512	2014	12	12	22	0	0.010
USC00263512	2014	12	12	23	0	0.020
USC00263512	2014	12	12	24	0	0.010
USC00263512	2014	12	13	1	0	0.030
USC00263512	2014	12	15	1	0	0.010
USC00263512	2014	12	15	19	0	0.010
USC00263512	2014	12	18	4	0	0.010
USC00263512	2014	12	23	24	0	0.010
USC00263512	2014	12	24	20	0	0.050
USC00263512	2014	12	24	21	0	0.020
USC00263512	2014	12	26	22	0	0.010
USC00263512	2014	12	30	2	0	0.010
USC00263512	2015	1	20	3	0	0.010
USC00263512	2015	1	20	17	0	0.010
USC00263512	2015	1	27	5	0	0.010
USC00263512	2015	1	27	7	0	0.030
USC00263512	2015	1	27	8	0	0.010
USC00263512	2015	1	27	13	0	0.010
USC00263512	2015	2	8	1	0	0.010
USC00263512	2015	2	8	23	0	0.010
USC00263512	2015	2	9	2	0	0.070
USC00263512	2015	2	11	5	0	0.010
USC00263512	2015	2	23	3	0	0.010
USC00263512	2015	2	27	23	0	0.010
USC00263512	2015	2	28	20	0	0.010
USC00263512	2015	2	28	21	0	0.010
USC00263512	2015	2	28	22	0	0.020
USC00263512	2015	3	1	2	0	0.010
USC00263512	2015	3	1	5	0	0.050
USC00263512	2015	3	1	6	0	0.060
USC00263512	2015	3	1	19	0	0.010
USC00263512	2015	3	1	21	0	0.050
USC00263512	2015	3	1	22	0	0.010
USC00263512	2015	3	3	22	0	0.010
USC00263512	2015	3	12	24	0	0.010
USC00263512	2015	4	2	6	0	0.010
USC00263512	2015	4	2	19	0	0.010
USC00263512	2015	4	7	3	0	0.010
USC00263512	2015	4	7	19	0	0.010
USC00263512	2015	4	15	1	0	0.010
USC00263512	2015	4	23	4	0	0.010
USC00263512	2015	4	23	21	0	0.030
USC00263512	2015	4	25	10	0	0.010
USC00263512	2015	4	25	12	0	0.020
USC00263512	2015	4	25	13	0	0.040
USC00263512	2015	4	25	14	0	0.010
USC00263512	2015	4	25	24	0	0.010
USC00263512	2015	4	30	6	0	0.010
USC00263512	2015	5	1	3	0	0.010
USC00263512	2015	5	4	2	0	0.010
USC00263512	2015	5	7	2	0	0.010
USC00263512	2015	5	7	13	0	0.030
USC00263512	2015	5	7	15	0	0.110
USC00263512	2015	5	7	16	0	0.070
USC00263512	2015	5	7	17	0	0.020
USC00263512	2015	5	7	18	0	0.040
USC00263512	2015	5	7	19	0	0.110
USC00263512	2015	5	7	20	0	0.040
USC00263512	2015	5	8	1	0	0.050
USC00263512	2015	5	8	3	0	0.010
USC00263512	2015	5	8	4	0	0.010
USC00263512	2015	5	8	5	0	0.030
USC00263512	2015	5	8	6	0	0.020
USC00263512	2015	5	8	16	0	0.010
USC00263512	2015	5	8	17	0	0.060
USC00263512	2015	5	8	19	0	0.040
USC00263512	2015	5	8	21	0	0.020
USC00263512	2015	5	8	23	0	0.010
USC00263512	2015	5	14	12	0	0.010
USC00263512	2015	5	14	13	0	0.010
USC00263512	2015	5	14	14	0	0.010
USC00263512	2015	5	14	15	0	0.020
USC00263512	2015	5	14	16	0	0.020
USC00263512	2015	5	14	18	0	0.020
USC00263512	2015	5	14	19	0	0.010
USC00263512	2015	5	14	20	0	0.010
USC00263512	2015	5	14	21	0	0.040
USC00263512	2015	5	14	22	0	0.020
USC00263512	2015	5	14	23	0	0.010
USC00263512	2015	5	15	12	0	0.010
USC00263512	2015	5	17	2	0	0.010
USC00263512	2015	5	17	4	0	0.020
USC00263512	2015	5	17	5	0	0.060
USC00263512	2015	5	17	14	0	0.050
USC00263512	2015	5	17	18	0	0.030
USC00263512	2015	5	17	19	0	0.010
USC00263512	2015	5	17	20	0	0.010
USC00263512	2015	5	17	21	0	0.060
USC00263512	2015	5	17	22	0	0.050
USC00263512	2015	5	17	23	0	0.060
USC00263512	2015	5	17	24	0	0.030
USC00263512	2015	5	18	1	0	0.090
USC00263512	2015	5	18	2	0	0.110
USC00263512	2015	5	18	3	0	0.010
USC00263512	2015	5	18	4	0	0.010
USC00263512	2015	5	18	20	0	0.010
USC00263512	2015	5	20	3	0	0.040
USC00263512	2015	5	20	4	0	0.100
USC00263512	2015	5	20	14	0	0.020
USC00263512	2015	5	20	15	0	0.040
USC00263512	2015	5	21	2	0	0.010
USC00263512	2015	5	21	18	0	0.070
USC00263512	2015	5	21	19	0	0.130
USC00263512	2015	5	21	20	0	0.130
USC00263512	2015	5	21	21	0	0.010
USC00263512	2015	5	21	22	0	0.050
USC00263512	2015	5	21	23	0	0.060
USC00263512	2015	5	22	2	0	0.010
USC00263512	2015	5	22	7	0	0.040
USC00263512	2015	5	22	10	0	0.050
USC00263512	2015	5	23	1	0	0.010
USC00263512	2015	5	23	14	0	0.040
USC00263512	2015	5	23	15	0	0.010
USC00263512	2015	5	23	16	0	0.010
USC00263512	2015	5	23	17	0	0.010
USC00263512	2015	5	23	19	0	0.020
USC00263512	2015	5	23	20	0	0.010
USC00263512	2015	5	24	4	0	0.010
USC00263512	2015	5	24	24	0	0.010
USC00263512	2015	6	1	21	0	0.010
USC00263512	2015	6	4	1	0	0.010
USC00263512	2015	6	4	3	0	0.010
USC00263512	2015	6	4	15	0	0.020
USC00263512	2015	6	4	17	0	0.120
USC00263512	2015	6	4	18	0	0.030
USC00263512	2015	6	4	23	0	0.010
USC00263512	2015	6	5	15	0	0.730
USC00263512	2015	6	6	22	0	0.010
USC00263512	2015	6	10	6	0	0.010
USC00263512	2015	6	10	15	0	0.040
USC00263512	2015	6	10	16	0	0.090
USC00263512	2015	6	10	17	0	0.080
USC00263512	2015	6	10	18	0	0.030
USC00263512	2015	6	10	23	0	0.010
USC00263512	2015	6	30	18	0	0.030
USC00263512	2015	7	1	4	0	0.010
USC00263512	2015	7	1	19	0	0.010
USC00263512	2015	7	1	20	0	0.010
USC00263512	2015	7	1	22	0	0.020
USC00263512	2015	7	2	4	0	0.010
USC00263512	2015	7	2	16	0	0.020
USC00263512	2015	7	2	20	0	0.020
USC00263512	2015	7	2	21	0	0.010
USC00263512	2015	7	2	23	0	0.170
USC00263512	2015	7	3	1	0	0.010
USC00263512	2015	7	4	4	0	0.010
USC00263512	2015	7	4	15	0	0.060
USC00263512	2015	7	4	24	0	0.010
USC00263512	2015	7	5	16	0	0.020
USC00263512	2015	7	6	2	0	0.010
USC00263512	2015	7	8	15	0	0.020
USC00263512	2015	7	8	23	0	0.020
USC00263512	2015	7	8	24	0	0.060
USC00263512	2015	7	9	1	0	0.010
USC00263512	2015	7	9	4	0	0.010
USC00263512	2015	7	9	13	0	0.030
USC00263512	2015	7	10	18	0	0.010
USC00263512	2015	7	10	20	0	0.010
USC00263512	2015	7	10	21	0	0.030
USC00263512	2015	7	10	22	0	0.010
USC00263512	2015	7	14	19	0	0.170
USC00263512	2015	7	14	20	0	0.010
USC00263512	2015	7	15	4	0	0.010
USC00263512	2015	7	21	17	0	0.030
USC00263512	2015	7	21	18	0	0.020
USC00263512	2015	7	22	5	0	0.010
USC00263512	2015	7	22	14	0	0.110
USC00263512	2015	7	22	16	0	0.010
USC00263512	2015	7	22	17	0	0.160
USC00263512	2015	7	22	19	0	0.020
USC00263512	2015	7	22	23	0	0.010
USC00263512	2015	7	23	21	0	0.020
USC00263512	2015	7	24	3	0	0.010
USC00263512	2015	8	1	1	0	0.010
USC00263512	2015	8	1	18	0	0.160
USC00263512	2015	8	1	19	0	0.040
USC00263512	2015	8	1	20	0	0.010
USC00263512	2015	8	2	6	0	0.010
USC00263512	2015	8	7	1	0	0.010
USC00263512	2015	8	7	7	0	0.060
USC00263512	2015	8	7	14	0	0.010
USC00263512	2015	8	7	15	0	0.030
USC00263512	2015	9	13	20	0	0.010
USC00263512	2015	9	26	5	0	0.010
USC00263512	2015	9	29	5	0	0.010
USC00263512	2015	10	1	2	0	0.010
USC00263512	2015	10	1	12	0	0.010
USC00263512	2015	10	1	15	0	0.050
USC00263512	2015	10	1	16	0	0.010
USC00263512	2015	10	3	24	0	0.020
USC00263512	2015	10	4	1	0	0.080
USC00263512	2015	10	4	3	0	0.070
USC00263512	2015	10	4	4	0	0.010
USC00263512	2015	10	4	7	0	0.140
USC00263512	2015	10	4	8	0	0.040
USC00263512	2015	10	4	9	0	0.090
USC00263512	2015	10	4	10	0	0.010
USC00263512	2015	10	5	18	0	0.070
USC00263512	2015	10	5	20	0	0.010
USC00263512	2015	10	16	23	0	0.010
USC00263512	2015	10	17	19	0	0.020
USC00263512	2015	10	17	20	0	0.010
USC00263512	2015	10	18	9	0	0.030
USC00263512	2015	10	18	10	0	0.070
USC00263512	2015	10	18	16	0	0.080
USC00263512	2015	10	18	19	0	0.010
USC00263512	2015	10	18	20	0	0.030
USC00263512	2015	10	18	21	0	0.030
USC00263512	2015	10	19	21	0	0.010
USC00263512	2015	10	28	4	0	0.010
USC00263512	2015	10	28	17	0	0.040
USC00263512	2015	10	28	18	0	0.090
USC00263512	2015	10	28	20	0	0.020
USC00263512	2015	10	28	23	0	0.020
USC00263512	2015	10	29	1	0	0.010
USC00263512	2015	10	29	2	0	0.090
USC00263512	2015	10	29	3	0	0.010
USC00263512	2015	10	29	4	0	0.010
USC00263512	2015	10	29	21	0	0.010
USC00263512	2015	11	1	24	0	0.010
USC00263512	2015	11	2	8	0	0.040
USC00263512	2015	11	2	9	0	0.030
USC00263512	2015	11	2	11	0	0.060
USC00263512	2015	11	2	12	0	0.090
USC00263512	2015	11	2	13	0	0.070
USC00263512	2015	11	2	14	0	0.080
USC00263512	2015	11	2	15	0	0.090
USC00263512	2015	11	2	16	0	0.050
USC00263512	2015	11	2	17	0	0.020
USC00263512	2015	11	2	18	0	0.010
USC00263512	2015	11	2	19	0	0.020
USC00263512	2015	11	2	21	0	0.010
USC00263512	2015	11	2	22	0	0.010
USC00263512	2015	11	2	23	0	0.010
USC00263512	2015	11	2	24	0	0.010
USC00263512	2015	11	3	2	0	0.010
USC00263512	2015	11	3	4	0	0.020
USC00263512	2015	11	3	8	0	0.030
USC00263512	2015	11	3	9	0	0.070
USC00263512	2015	11	3	10	0	0.040
USC00263512	2015	11	3	11	0	0.030
USC00263512	2015	11	4	4	0	0.010
USC00263512	2015	11	10	8	0	0.010
USC00263512	2015	11	10	9	0	0.020
USC00263512	2015	11	10	10	0	0.020
USC00263512	2015	11	10	11	0	0.010
USC00263512	2015	11	11	20	0	0.010
USC00263512	2015	11	16	1	0	0.010
USC00263512	2015	11	23	15	0	0.010
USC00263512	2015	11	25	12	0	0.010
USC00263512	2015	11	25	13	0	0.010
USC00263512	2015	11	25	15	0	0.010
USC00263512	2015	11	27	1	0	0.010
USC00263512	2015	11	27	19	0	0.010
USC00263512	2015	12	11	19	0	0.010
USC00263512	2015	12	13	11	0	0.010
USC00263512	2015	12	13	15	0	0.030
USC00263512	2015	12	13	17	0	0.010
USC00263512	2015	12	13	21	0	0.050
USC00263512	2015	12	14	7	0	0.010
USC00263512	2015	12	14	8	0	0.010
USC00263512	2015	12	19	21	0	0.010
USC00263512	2015	12	19	22	0	0.020
USC00263512	2015	12	19	23	0	0.010
USC00263512	2015	12	21	7	0	0.010
USC00263512	2015	12	24	15	0	0.020
USC00263512	2015	12	24	16	0	0.070
USC00263512	2015	12	24	17	0	0.010
USC00263512	2015	12	26	6	0	0.010
USC00263512	2015	12	26	21	0	0.010
USC00263512	2015	12	28	13	0	0.020
USC00263512	2015	12	28	14	0	0.030
USC00263512	2015	12	28	15	0	0.010
USC00263512	2015	12	28	20	0	0.020
USC00263512	2015	12	28	23	0	0.010
USC00263512	2015	12	29	23	0	0.010
USC00263512	2016	1	4	4	0	0.010
USC00263512	2016	1	6	3	0	0.010
USC00263512	2016	1	15	6	0	0.010
USC00263512	2016	1	15	7	0	0.010
USC00263512	2016	1	15	18	0	0.010
USC00263512	2016	1	18	8	0	0.010
USC00263512	2016	1	18	9	0	0.050
USC00263512	2016	1	18	10	0	0.070
USC00263512	2016	1	18	11	0	0.050
USC00263512	2016	1	18	12	0	0.020
USC00263512	2016	1	19	12	0	0.010
USC00263512	2016	1	19	13	0	0.010
USC00263512	2016	1	30	6	0	0.050
USC00263512	2016	1	30	7	0	0.010
USC00263512	2016	1	30	8	0	0.030
USC00263512	2016	1	30	9	0	0.050
USC00263512	2016	1	30	10	0	0.060
USC00263512	2016	1	30	11	0	0.050
USC00263512	2016	1	30	12	0	0.030
USC00263512	2016	1	30	13	0	0.030
USC00263512	2016	1	31	1	0	0.010
USC00263512	2016	1	31	5	0	0.030
USC00263512	2016	1	31	6	0	0.020
USC00263512	2016	1	31	7	0	0.060
USC00263512	2016	1	31	8	0	0.060
USC00263512	2016	1	31	9	0	0.060
USC00263512	2016	1	31	10	0	0.050
USC00263512	2016	1	31	11	0	0.030
USC00263512	2016	1	31	12	0	0.030
USC00263512	2016	1	31	13	0	0.040
USC00263512	2016	1	31	14	0	0.020
USC00263512	2016	1	31	15	0	0.020
USC00263512	2016	1	31	16	0	0.010
USC00263512	2016	1	31	17	0	0.030
USC00263512	2016	1	31	18	0	0.050
USC00263512	2016	1	31	19	0	0.030
USC00263512	2016	1	31	20	0	0.020
USC00263512	2016	1	31	21	0	0.020
USC00263512	2016	1	31	22	0	0.010
USC00263512	2016	1	31	23	0	0.020
USC00263512	2016	1	31	24	0	0.010
USC00263512	2016	2	1	18	0	0.010
USC00263512	2016	2	2	15	0	0.010
USC00263512	2016	2	2	16	0	0.010
USC00263512	2016	2	2	17	0	0.010
USC00263512	2016	2	3	18	0	0.010
USC00263512	2016	2	16	6	0	0.010
USC00263512	2016	2	18	3	0	0.030
USC00263512	2016	2	18	4	0	0.010
USC00263512	2016	2	18	19	0	0.010
USC00263512	2016	2	20	24	0	0.010
USC00263512	2016	2	21	23	0	0.010
USC00263512	2016	2	26	15	0	1.890
USC00263512	2016	3	6	7	0	0.010
USC00263512	2016	3	28	1	0	0.010
USC00263512	2016	3	28	15	0	0.030
USC00263512	2016	3	28	16	0	0.080
USC00263512	2016	3	28	17	0	0.010
USC00263512	2016	3	28	19	0	0.030
USC00263512	2016	3	28	20	0	0.060
USC00263512	2016	3	28	22	0	0.010
USC00263512	2016	3	29	5	0	0.010
USC00263512	2016	3	29	23	0	0.020
USC00263512	2016	3	29	24	0	0.010
USC00263512	2016	3	30	9	0	0.010
USC00263512	2016	4	9	13	0	0.010
USC00263512	2016	4	9	14	0	0.110
USC00263512	2016	4	9	15	0	0.080
USC00263512	2016	4	9	16	0	0.040
USC00263512	2016	4	9	17	0	0.030
USC00263512	2016	4	9	19	0	0.010
USC00263512	2016	4	9	20	0	0.010
USC00263512	2016	4	10	22	0	0.030
USC00263512	2016	4	10	23	0	0.040
USC00263512	2016	4	10	24	0	0.100
USC00263512	2016	4	11	1	0	0.050
USC00263512	2016	4	11	2	0	0.050
USC00263512	2016	4	11	3	0	0.010
USC00263512	2016	4	12	1	0	0.010
USC00263512	2016	4	22	16	0	0.010
USC00263512	2016	4	22	17	0	0.010
USC00263512	2016	4	22	20	0	0.010
USC00263512	2016	4	24	21	0	0.010
USC00263512	2016	4	24	22	0	0.010
USC00263512	2016	4	24	24	0	0.050
USC00263512	2016	4	25	1	0	0.010
USC00263512	2016	4	25	4	0	0.010
USC00263512	2016	4	27	3	0	0.010
USC00263512	2016	4	27	4	0	0.010
USC00263512	2016	4	27	5	0	0.010
USC00263512	2016	4	27	6	0	0.010
USC00263512	2016	4	27	22	0	0.010
USC00263512	2016	4	29	19	0	0.040
USC00263512	2016	4	29	20	0	0.020
USC00263512	2016	4	29	21	0	0.050
USC00263512	2016	4	29	22	0	0.010
USC00263512	2016	4	29	23	0	0.010
USC00263512	2016	4	29	24	0	0.010
USC00263512	2016	4	30	7	0	0.010
USC00263512	2016	4	30	18	0	0.010
USC00263512	2016	5	5	18	0	0.010
USC00263512	2016	5	5	22	0	0.050
USC00263512	2016	5	5	23	0	0.220
USC00263512	2016	5	5	24	0	0.100
USC00263512	2016	5	6	1	0	0.040
USC00263512	2016	5	6	5	0	0.140
USC00263512	2016	5	6	17	0	0.050
USC00263512	2016	5	6	18	0	0.010
USC00263512	2016	5	7	3	0	0.010
USC00263512	2016	5	7	9	0	0.010
USC00263512	2016	5	7	10	0	0.030
USC00263512	2016	5	7	11	0	0.060
USC00263512	2016	5	7	12	0	0.060
USC00263512	2016	5	7	13	0	0.020
USC00263512	2016	5	8	2	0	0.010
USC00263512	2016	5	8	9	0	0.060
USC00263512	2016	5	8	10	0	0.010
USC00263512	2016	5	8	14	0	0.010
USC00263512	2016	5	9	21	0	0.010
USC00263512	2016	5	22	1	0	0.010
USC00263512	2016	5	23	22	0	0.010
USC00263512	2016	5	23	23	0	0.020
USC00263512	2016	5	23	24	0	0.010
USC00263512	2016	5	24	1	0	0.010
USC00263512	2016	5	24	2	0	0.040
USC00263512	2016	5	24	3	0	0.060
USC00263512	2016	5	24	4	0	0.010
USC00263512	2016	5	24	11	0	0.010
USC00263512	2016	5	24	12	0	0.020
USC00263512	2016	5	24	23	0	0.020
USC00263512	2016	5	25	17	0	0.020
USC00263512	2016	5	25	20	0	0.010
USC00263512	2016	5	25	21	0	0.010
USC00263512	2016	5	26	3	0	0.010
USC00263512	2016	6	12	2	0	0.010
USC00263512	2016	6	12	5	0	0.010
USC00263512	2016	6	12	8	0	0.010
USC00263512	2016	6	12	11	0	0.150
USC00263512	2016	6	12	12	0	0.080
USC00263512	2016	6	12	13	0	0.070
USC00263512	2016	6	12	14	0	0.020
USC00263512	2016	6	12	22	0	0.010
USC00263512	2016	6	25	5	0	0.010
USC00263512	2016	7	1	5	0	0.010
USC00263512	2016	7	1	24	0	0.010
USC00263512	2016	7	2	15	0	0.020
USC00263512	2016	7	2	22	0	0.010
USC00263512	2016	7	31	5	0	0.010
USC00263512	2016	8	22	5	0	0.010
USC00263512	2016	9	4	4	0	0.010
USC00263512	2016	9	13	20	0	0.010
USC00263512	2016	9	22	5	0	0.010
USC00263512	2016	9	22	23	0	0.010
USC00263512	2016	9	30	6	0	0.010
USC00263512	2016	10	3	2	0	0.010
USC00263512	2016	10	3	16	0	0.010
USC00263512	2016	10	16	1	0	0.010
USC00263512	2016	10	27	23	0	0.010
USC00263512	2016	10	27	24	0	0.020
USC00263512	2016	10	28	1	0	0.030
USC00263512	2016	10	28	2	0	0.010
USC00263512	2016	10	28	3	0	0.060
USC00263512	2016	10	28	4	0	0.040
USC00263512	2016	10	28	5	0	0.080
USC00263512	2016	10	28	6	0	0.070
USC00263512	2016	10	28	9	0	0.010
USC00263512	2016	10	28	16	0	0.010
USC00263512	2016	10	31	1	0	0.010
USC00263512	2016	11	1	3	0	0.010
USC00263512	2016	11	1	21	0	0.010
USC00263512	2016	11	16	7	0	0.010
USC00263512	2016	11	16	21	0	0.010
USC00263512	2016	11	21	7	0	0.010
USC00263512	2016	11	22	5	0	0.010
USC00263512	2016	11	28	1	0	0.010
USC00263512	2016	11	28	22	0	0.010
USC00263512	2016	11	29	18	0	0.010
USC00263512	2016	12	1	1	0	0.010
USC00263512	2016	12	11	6	0	0.010
USC00263512	2016	12	11	17	0	0.010
USC00263512	2016	12	14	4	0	0.010
USC00263512	2016	12	16	4	0	0.010
USC00263512	2016	12	16	19	0	0.010
USC00263512	2016	12	16	21	0	0.010
USC00263512	2016	12	17	15	0	0.010
USC00263512	2016	12	23	24	0	0.010
USC00263512	2017	1	4	8	0	0.010
USC00263512	2017	1	4	9	0	0.010
USC00263512	2017	1	4	23	0	0.010
USC00263512	2017	1	5	1	0	0.010
USC00263512	2017	1	5	2	0	0.040
USC00263512	2017	1	5	17	0	0.010
USC00263512	2017	1	8	5	0	0.010
USC00263512	2017	1	8	6	0	0.020
USC00263512	2017	1	8	7	0	0.020
USC00263512	2017	1	8	8	0	0.030
USC00263512	2017	1	8	9	0	0.030
USC00263512	2017	1	8	10	0	0.010
USC00263512	2017	1	8	18	0	0.010
USC00263512	2017	1	8	19	0	0.150
USC00263512	2017	1	8	20	0	0.170
USC00263512	2017	1	8	21	0	0.020
USC00263512	2017	1	8	22	0	0.020
USC00263512	2017	1	8	23	0	0.020
USC00263512	2017	1	8	24	0	0.090
USC00263512	2017	1	9	1	0	0.030
USC00263512	2017	1	9	2	0	0.080
USC00263512	2017	1	9	3	0	0.070
USC00263512	2017	1	9	4	0	0.050
USC00263512	2017	1	9	5	0	0.010
USC00263512	2017	1	9	8	0	0.070
USC00263512	2017	1	9	9	0	0.090
USC00263512	2017	1	10	23	0	0.020
USC00263512	2017	1	10	24	0	0.040
USC00263512	2017	1	11	1	0	0.060
USC00263512	2017	1	11	2	0	0.040
USC00263512	2017	1	12	9	0	0.010
USC00263512	2017	1	12	10	0	0.050
USC00263512	2017	1	12	11	0	0.020
USC00263512	2017	1	12	12	0	0.010
USC00263512	2017	1	12	13	0	0.010
USC00263512	2017	1	12	14	0	0.010
USC00263512	2017	1	12	15	0	0.020
USC00263512	2017	1	12	16	0	0.010
USC00263512	2017	1	12	18	0	0.010
USC00263512	2017	1	12	19	0	0.010
USC00263512	2017	1	12	20	0	0.030
USC00263512	2017	1	12	22	0	0.010
USC00263512	2017	1	12	24	0	0.030
USC00263512	2017	1	13	1	0	0.020
USC00263512	2017	1	13	6	0	0.010
USC00263512	2017	1	22	13	0	0.010
USC00263512	2017	1	22	16	0	0.020
USC00263512	2017	1	22	17	0	0.080
USC00263512	2017	1	22	19	0	0.020
USC00263512	2017	1	22	22	0	0.010
USC00263512	2017	1	22	23	0	0.010
USC00263512	2017	1	22	24	0	0.050
USC00263512	2017	1	23	1	0	0.020
USC00263512	2017	1	23	5	0	0.010
USC00263512	2017	1	23	15	0	0.010
USC00263512	2017	1	23	16	0	0.020
USC00263512	2017	1	24	18	0	0.010
USC00263512	2017	1	27	7	0	0.010
USC00263512	2017	2	3	13	0	0.010
USC00263512	2017	2	3	14	0	0.010
USC00263512	2017	2	4	18	0	0.010
USC00263512	2017	2	7	9	0	0.320
USC00263512	2017	2	7	10	0	0.100
USC00263512	2017	2	7	13	0	0.010
USC00263512	2017	2	7	14	0	0.010
USC00263512	2017	2	10	20	0	0.010
USC00263512	2017	2	10	22	0	0.010
USC00263512	2017	2	10	23	0	0.010
USC00263512	2017	2	10	24	0	0.030
USC00263512	2017	2	11	2	0	0.010
USC00263512	2017	2	11	4	0	0.030
USC00263512	2017	2	11	7	0	0.010
USC00263512	2017	2	17	11	0	0.010
USC00263512	2017	2	17	12	0	0.010
USC00263512	2017	2	19	6	0	0.010
USC00263512	2017	2	23	17	0	0.010
USC00263512	2017	2	23	24	0	0.010
USC00263512	2017	2	24	17	0	0.010
USC00263512	2017	3	5	17	0	0.010
USC00263512	2017	3	21	24	0	0.010
USC00263512	2017	3	30	3	0	0.010
USC00263512	2017	3	30	10	0	0.030
USC00263512	2017	3	30	14	0	0.010
USC00263512	2017	3	30	19	0	0.010
USC00263512	2017	3	30	20	0	0.010
USC00263512	2017	4	6	21	0	0.010
USC00263512	2017	4	6	22	0	0.010
USC00263512	2017	4	7	1	0	0.010
USC00263512	2017	4	7	4	0	0.010
USC00263512	2017	4	7	11	0	0.030
USC00263512	2017	4	7	12	0	0.010
USC00263512	2017	4	7	14	0	0.010
USC00263512	2017	4	7	15	0	0.010
USC00263512	2017	4	13	10	0	0.010
USC00263512	2017	4	13	22	0	0.010
USC00263512	2017	4	14	21	0	0.010
USC00263512	2017	4	17	18	0	0.010
USC00263512	2017	4	18	6	0	0.010
USC00263512	2017	4	18	10	0	0.010
USC00263512	2017	4	18	11	0	0.010
USC00263512	2017	4	18	12	0	0.070
USC00263512	2017	4	18	13	0	0.010
USC00263512	2017	4	18	14	0	0.070
USC00263512	2017	4	18	15	0	0.020
USC00263512	2017	4	19	2	0	0.010
USC00263512	2017	5	5	24	0	0.010
USC00263512	2017	5	6	21	0	0.060
USC00263512	2017	5	6	22	0	0.220
USC00263512	2017	5	6	23	0	0.280
USC00263512	2017	5	6	24	0	0.170
USC00263512	2017	5	7	1	0	0.010
USC00263512	2017	5	7	3	0	0.150
USC00263512	2017	5	7	4	0	0.460
USC00263512	2017	5	7	10	0	0.010
USC00263512	2017	5	16	20	0	0.010
USC00263512	2017	5	17	7	0	0.010
USC00263512	2017	5	27	3	0	0.010
USC00263512	2017	6	1	3	0	0.010
USC00263512	2017	6	11	23	0	0.010
USC00263512	2017	6	18	6	0	0.010
USC00263512	2017	6	20	17	0	0.010
USC00263512	2017	6	20	18	0	0.010
USC00263512	2017	6	21	3	0	0.010
USC00263512	2017	6	26	5	0	0.010
USC00263512	2017	7	8	19	0	0.010
USC00263512	2017	7	23	13	0	0.020
USC00263512	2017	7	23	14	0	0.050
USC00263512	2017	7	23	16	0	0.010
USC00263512	2017	7	24	4	0	0.020
USC00263512	2017	7	24	12	0	0.020
USC00263512	2017	7	24	13	0	0.140
USC00263512	2017	7	24	20	0	0.010
USC00263512	2017	7	24	21	0	0.010
USC00263512	2017	7	24	23	0	0.010
USC00263512	2017	7	25	12	0	0.020
USC00263512	2017	7	25	13	0	0.050
USC00263512	2017	7	25	18	0	0.010
USC00263512	2017	7	25	19	0	0.010
USC00263512	2017	7	25	20	0	0.010
USC00263512	2017	7	25	22	0	0.010
USC00263512	2017	7	25	24	0	0.010
USC00263512	2017	7	28	17	0	0.010
USC00263512	2017	7	28	20	0	0.100
USC00263512	2017	7	28	21	0	0.040
USC00263512	2017	7	28	22	0	0.010
USC00263512	2017	8	1	3	0	0.010
USC00263512	2017	8	4	1	0	0.010
USC00263512	2017	8	4	23	0	0.010
USC00263512	2017	8	6	3	0	0.010
USC00263512	2017	8	21	24	0	0.010
USC00263512	2017	8	22	19	0	0.020
USC00263512	2017	8	23	1	0	0.010
USC00263512	2017	8	30	10	0	0.010
USC00263512	2017	8	30	13	0	0.050
USC00263512	2017	8	30	21	0	0.010
USC00263512	2017	9	1	5	0	0.010
USC00263512	2017	9	4	1	0	0.010
USC00263512	2017	9	9	1	0	0.020
USC00263512	2017	9	10	19	0	0.010
USC00263512	2017	9	12	19	0	0.250
USC00263512	2017	9	12	21	0	0.010
USC00263512	2017	9	13	7	0	0.010
USC00263512	2017	9	13	17	0	0.030
USC00263512	2017	9	13	18	0	0.020
USC00263512	2017	9	13	19	0	0.010
USC00263512	2017	9	13	21	0	0.010
USC00263512	2017	9	13	23	0	0.010
USC00263512	2017	9	16	4	0	0.010
USC00263512	2017	9	21	2	0	0.020
USC00263512	2017	9	21	3	0	0.060
USC00263512	2017	9	21	4	0	0.040
USC00263512	2017	9	21	5	0	0.040
USC00263512	2017	9	21	6	0	0.010
USC00263512	2017	9	21	15	0	0.010
USC00263512	2017	9	21	16	0	0.220
USC00263512	2017	9	21	24	0	0.030
USC00263512	2017	9	22	19	0	0.010
USC00263512	2017	10	1	1	0	0.010
USC00263512	2017	10	1	19	0	0.010
USC00263512	2017	10	12	4	0	0.010
USC00263512	2017	10	12	20	0	0.010
USC00263512	2017	10	19	6	0	0.010
USC00263512	2017	11	16	14	0	0.010
USC00263512	2017	11	16	19	0	0.010
USC00263512	2017	11	16	21	0	0.100
USC00263512	2017	11	16	22	0	0.050
USC00263512	2017	11	16	23	0	0.010
USC00263512	2017	11	17	2	0	0.020
USC00263512	2017	11	17	3	0	0.050
USC00263512	2017	11	17	18	0	0.010
USC00263512	2017	11	18	21	0	0.010
USC00263512	2017	11	27	3	0	0.010
USC00263512	2017	11	27	6	0	0.010
USC00263512	2017	11	28	5	0	0.010
USC00263512	2017	12	5	1	0	0.010
USC00263512	2017	12	5	19	0	0.010
USC00263512	2017	12	11	18	0	0.020
USC00263512	2017	12	16	6	0	0.010
USC00263512	2017	12	16	11	0	0.010
USC00263512	2017	12	17	17	0	0.010
USC00263512	2017	12	20	11	0	0.010
USC00263512	2017	12	20	12	0	0.050
USC00263512	2017	12	20	13	0	0.010
USC00263512	2017	12	21	23	0	0.010
USC00263512	2018	1	6	13	0	0.010
USC00263512	2018	1	6	14	0	0.060
USC00263512	2018	1	6	15	0	0.030
USC00263512	2018	1	6	20	0	0.010
USC00263512	2018	1	8	7	0	0.010
USC00263512	2018	1	9	21	0	0.040
USC00263512	2018	1	10	3	0	0.010
USC00263512	2018	1	20	6	0	0.010
USC00263512	2018	1	20	20	0	0.010
USC00263512	2018	1	25	7	0	0.010
USC00263512	2018	1	26	1	0	0.010
USC00263512	2018	2	4	3	0	0.010
USC00263512	2018	2	10	23	0	0.010
USC00263512	2018	2	12	4	0	0.010
USC00263512	2018	2	12	10	0	0.010
USC00263512	2018	2	12	16	0	0.010
USC00263512	2018	2	15	4	0	0.010
USC00263512	2018	2	18	24	0	0.010
USC00263512	2018	2	19	4	0	0.010
USC00263512	2018	2	19	16	0	0.010
USC00263512	2018	2	20	16	0	0.010
USC00263512	2018	2	22	22	0	0.020
USC00263512	2018	2	23	2	0	0.010
USC00263512	2018	2	26	6	0	0.010
USC00263512	2018	2	26	17	0	0.010
USC00263512	2018	2	26	18	0	0.020
USC00263512	2018	2	26	19	0	0.030
USC00263512	2018	2	26	20	0	0.040
USC00263512	2018	2	26	21	0	0.030
USC00263512	2018	2	26	22	0	0.020
USC00263512	2018	2	26	23	0	0.020
USC00263512	2018	2	26	24	0	0.020
USC00263512	2018	2	27	1	0	0.010
USC00263512	2018	2	27	2	0	0.010
USC00263512	2018	2	27	4	0	0.010
USC00263512	2018	3	2	3	0	0.010
USC00263512	2018	3	3	5	0	0.010
USC00263512	2018	3	3	9	0	0.010
USC00263512	2018	3	14	1	0	0.020
USC00263512	2018	3	14	19	0	0.010
USC00263512	2018	3	15	18	0	0.010
USC00263512	2018	3	18	1	0	0.010
USC00263512	2018	3	22	17	0	0.160
USC00263512	2018	3	22	18	0	0.080
USC00263512	2018	3	22	19	0	0.130
USC00263512	2018	3	22	20	0	0.060
USC00263512	2018	4	6	7	0	0.010
USC00263512	2018	4	7	4	0	0.010
USC00263512	2018	4	7	7	0	0.010
USC00263512	2018	4	7	9	0	0.050
USC00263512	2018	4	7	10	0	0.020
USC00263512	2018	4	16	20	0	0.130
USC00263512	2018	4	16	21	0	0.010
USC00263512	2018	4	19	2	0	0.040
USC00263512	2018	4	19	5	0	0.010
USC00263512	2018	4	19	7	0	0.010
USC00263512	2018	4	29	17	0	0.010
USC00263512	2018	4	29	18	0	0.030
USC00263512	2018	4	29	19	0	0.010
USC00263512	2018	4	29	20	0	0.040
USC00263512	2018	4	29	24	0	0.010
USC00263512	2018	5	7	5	0	0.010
USC00263512	2018	5	11	6	0	0.010
USC00263512	2018	5	12	18	0	0.040
USC00263512	2018	5	12	20	0	0.020
USC00263512	2018	5	12	22	0	0.010
USC00263512	2018	5	13	21	0	0.010
USC00263512	2018	5	13	22	0	0.060
USC00263512	2018	5	13	23	0	0.010
USC00263512	2018	5	16	3	0	0.010
USC00263512	2018	5	16	14	0	0.020
USC00263512	2018	5	20	2	0	0.010
USC00263512	2018	5	20	23	0	0.010
USC00263512	2018	5	20	24	0	0.010
USC00263512	2018	5	21	1	0	0.050
USC00263512	2018	5	21	2	0	0.020
USC00263512	2018	5	21	3	0	0.010
USC00263512	2018	5	21	4	0	0.040
USC00263512	2018	5	21	5	0	0.010
USC00263512	2018	5	21	9	0	0.010
USC00263512	2018	5	21	10	0	0.060
USC00263512	2018	5	21	11	0	0.010
USC00263512	2018	5	21	14	0	0.020
USC00263512	2018	5	21	15	0	0.030
USC00263512	2018	5	22	3	0	0.010
USC00263512	2018	5	22	23	0	0.010
USC00263512	2018	5	23	15	0	0.010
USC00263512	2018	5	25	2	0	0.010
USC00263512	2018	5	25	17	0	0.030
USC00263512	2018	5	25	18	0	0.010
USC00263512	2018	5	25	22	0	0.010
USC00263512	2018	5	25	23	0	0.010
USC00263512	2018	5	25	24	0	0.040
USC00263512	2018	5	26	3	0	0.010
USC00263512	2018	5	27	3	0	0.010
USC00263512	2018	5	31	24	0	0.010
USC00263512	2018	6	29	5	0	0.010
USC00263512	2018	7	1	2	0	0.010
USC00263512	2018	7	4	4	0	0.010
USC00263512	2018	7	8	1	0	0.010
USC00263512	2018	7	11	5	0	0.010
USC00263512	2018	7	16	2	0	0.010
USC00263512	2018	7	20	17	0	0.020
USC00263512	2018	7	20	18	0	0.040
USC00263512	2018	7	20	19	0	0.030
USC00263512	2018	7	21	17	0	0.060
USC00263512	2018	7	22	18	0	0.110
USC00263512	2018	7	31	2	0	0.010
USC00263512	2018	7	31	14	0	0.030
USC00263512	2018	7	31	15	0	0.090
USC00263512	2018	7	31	17	0	0.010
USC00263512	2018	7	31	18	0	0.010
USC00263512	2018	8	1	1	0	0.010
USC00263512	2018	8	14	2	0	0.010
USC00263512	2018	8	14	18	0	0.030
USC00263512	2018	8	15	3	0	0.010
USC00263512	2018	8	15	15	0	0.450
USC00263512	2018	8	15	22	0	0.010
USC00263512	2018	8	28	5	0	0.010
USC00263512	2018	9	14	5	0	0.010
USC00263512	2018	10	2	19	0	0.010
USC00263512	2018	10	3	6	0	0.020
USC00263512	2018	10	3	14	0	0.020
USC00263512	2018	10	3	15	0	0.080
USC00263512	2018	10	3	16	0	0.010
USC00263512	2018	10	3	17	0	0.020
USC00263512	2018	10	3	18	0	0.080
USC00263512	2018	10	3	19	0	0.030
USC00263512	2018	10	3	22	0	0.010
USC00263512	2018	10	5	3	0	0.010
USC00263512	2018	10	6	2	0	0.010
USC00263512	2018	10	6	4	0	0.030
USC00263512	2018	10	6	12	0	0.010
USC00263512	2018	10	11	6	0	0.010
USC00263512	2018	10	11	19	0	0.010
USC00263512	2018	10	30	6	0	0.010
USC00263512	2018	10	30	22	0	0.010
USC00263512	2018	11	2	4	0	0.010
USC00263512	2018	11	6	4	0	0.010
USC00263512	2018	11	18	3	0	0.010
USC00263512	2018	11	18	23	0	0.010
USC00263512	2018	11	22	2	0	0.010
USC00263512	2018	11	22	3	0	0.020
USC00263512	2018	11	25	1	0	0.010
USC00263512	2018	11	25	20	0	0.010
USC00263512	2018	11	28	3	0	0.010
USC00263512	2018	11	28	16	0	0.010
USC00263512	2018	11	29	4	0	0.010
USC00263512	2018	11	29	5	0	0.010
USC00263512	2018	11	29	7	0	0.070
USC00263512	2018	11	29	8	0	0.080
USC00263512	2018	11	29	9	0	0.090
USC00263512	2018	11	30	22	0	0.010
USC00263512	2018	12	4	9	0	0.010
USC00263512	2018	12	4	22	0	0.010
USC00263512	2018	12	5	1	0	0.010
USC00263512	2018	12	6	8	0	0.010
USC00263512	2018	12	11	2	0	0.010
USC00263512	2018	12	19	2	0	0.010
USC00263512	2018	12	22	24	0	0.010
USC00263512	2018	12	23	17	0	0.010
USC00263512	2018	12	24	18	0	0.010
USC00263512	2018	12	24	20	0	0.040
USC00263512	2018	12	24	21	0	0.140
USC00263512	2018	12	24	22	0	0.030
USC00263512	2018	12	25	9	0	0.010
USC00263512	2018	12	25	11	0	0.030
USC00263512	2018	12	25	17	0	0.020
USC00263512	2018	12	25	19	0	0.020
USC00263512	2018	12	27	12	0	0.010
USC00263512	2018	12	28	24	0	0.010
USC00263512	2018	12	31	2	0	0.010
USC00263512	2019	1	17	2	0	0.030
USC00263512	2019	1	17	3	0	0.030
USC00263512	2019	1	17	4	0	0.050
USC00263512	2019	1	17	5	0	0.090
USC00263512	2019	1	21	1	0	0.010
USC00263512	2019	1	21	11	0	0.030
USC00263512	2019	1	21	12	0	0.020
USC00263512	2019	1	21	19	0	0.010
USC00263512	2019	1	22	1	0	0.010
USC00263512	2019	1	22	20	0	0.010
USC00263512	2019	2	2	8	0	0.020
USC00263512	2019	2	2	9	0	0.010
USC00263512	2019	2	2	13	0	0.030
USC00263512	2019	2	2	14	0	0.060
USC00263512	2019	2	3	20	0	0.010
USC00263512	2019	2	5	13	0	0.010
USC00263512	2019	2	10	8	0	0.060
USC00263512	2019	2	10	9	0	0.080
USC00263512	2019	2	10	11	0	0.010
USC00263512	2019	2	11	1	0	0.010
USC00263512	2019	2	13	8	0	0.010
USC00263512	2019	2	13	9	0	0.020
USC00263512	2019	2	13	10	0	0.010
USC00263512	2019	2	13	14	0	0.050
USC00263512	2019	2	13	15	0	0.010
USC00263512	2019	2	14	1	0	0.010
USC00263512	2019	2	14	7	0	0.040
USC00263512	2019	2	14	8	0	0.160
USC00263512	2019	2	14	9	0	0.050
USC00263512	2019	2	14	10	0	0.020
USC00263512	2019	2	14	11	0	0.040
USC00263512	2019	2	14	12	0	0.030
USC00263512	2019	2	14	13	0	0.010
USC00263512	2019	2	14	15	0	0.020
USC00263512	2019	2	14	16	0	0.070
USC00263512	2019	2	17	14	0	0.010
USC00263512	2019	2	17	15	0	0.020
USC00263512	2019	2	17	16	0	0.030
USC00263512	2019	2	17	17	0	0.030
USC00263512	2019	2	17	18	0	0.060
USC00263512	2019	2	17	19	0	0.060
USC00263512	2019	2	17	20	0	0.010
USC00263512	2019	2	18	5	0	0.010
USC00263512	2019	2	18	19	0	0.010
USC00263512	2019	2	20	15	0	0.010
USC00263512	2019	2	20	18	0	0.060
USC00263512	2019	2	20	19	0	0.010
USC00263512	2019	2	20	23	0	0.010
USC00263512	2019	2	21	18	0	0.010
USC00263512	2019	2	21	19	0	0.010
USC00263512	2019	3	1	4	0	0.010
USC00263512	2019	3	1	24	0	0.010
USC00263512	2019	3	2	8	0	0.010
USC00263512	2019	3	2	10	0	0.060
USC00263512	2019	3	2	11	0	0.100
USC00263512	2019	3	2	12	0	0.030
USC00263512	2019	3	2	13	0	0.010
USC00263512	2019	3	2	23	0	0.010
USC00263512	2019	3	6	4	0	0.020
USC00263512	2019	3	6	8	0	0.010
USC00263512	2019	3	7	21	0	0.010
USC00263512	2019	3	9	24	0	0.010
USC00263512	2019	3	10	1	0	0.050
USC00263512	2019	3	10	2	0	0.010
USC00263512	2019	3	10	5	0	0.010
USC00263512	2019	3	10	6	0	0.010
USC00263512	2019	3	11	2	0	0.010
USC00263512	2019	3	11	19	0	0.010
USC00263512	2019	3	12	18	0	0.020
USC00263512	2019	3	12	19	0	0.020
USC00263512	2019	3	13	4	0	0.010
USC00263512	2019	3	13	19	0	0.010
USC00263512	2019	3	20	3	0	0.020
USC00263512	2019	3	20	4	0	0.010
USC00263512	2019	3	20	16	0	0.030
USC00263512	2019	3	20	18	0	0.030
USC00263512	2019	3	20	19	0	0.010
USC00263512	2019	3	20	20	0	0.030
USC00263512	2019	3	20	21	0	0.050
USC00263512	2019	3	20	22	0	0.040
USC00263512	2019	3	20	23	0	0.020
USC00263512	2019	3	20	24	0	0.010
USC00263512	2019	3	21	1	0	0.010
USC00263512	2019	3	21	2	0	0.010
USC00263512	2019	3	21	3	0	0.050
USC00263512	2019	3	21	4	0	0.020
USC00263512	2019	3	21	6	0	0.010
USC00263512	2019	3	21	21	0	0.010
USC00263512	2019	4	2	6	0	0.010
USC00263512	2019	4	2	19	0	0.010
USC00263512	2019	4	9	16	0	0.010
USC00263512	2019	4	11	19	0	0.010
USC00263512	2019	4	16	3	0	0.010
USC00263512	2019	4	16	12	0	0.080
USC00263512	2019	4	21	5	0	0.010
USC00263512	2019	4	21	21	0	0.010
USC00263512	2019	4	30	23	0	0.010
USC00263512	2019	5	6	16	0	0.010
USC00263512	2019	5	6	23	0	0.010
USC00263512	2019	5	7	22	0	0.010
USC00263512	2019	5	16	8	0	0.010
USC00263512	2019	5	16	9	0	0.020
USC00263512	2019	5	19	10	0	0.010
USC00263512	2019	5	19	11	0	0.010
USC00263512	2019	5	20	4	0	0.010
USC00263512	2019	5	20	21	0	0.010
USC00263512	2019	5	21	21	0	0.010
USC00263512	2019	5	22	17	0	0.010
USC00263512	2019	5	22	18	0	0.010
USC00263512	2019	5	22	20	0	0.010
USC00263512	2019	5	22	21	0	0.090
USC00263512	2019	5	22	22	0	0.090
USC00263512	2019	5	22	23	0	0.020
USC00263512	2019	5	23	1	0	0.020
USC00263512	2019	5	23	2	0	0.020
USC00263512	2019	5	23	3	0	0.010
USC00263512	2019	5	23	7	0	0.010
USC00263512	2019	5	23	9	0	0.010
USC00263512	2019	5	23	15	0	0.050
USC00263512	2019	5	23	16	0	0.020
USC00263512	2019	5	23	17	0	0.010
USC00263512	2019	5	23	18	0	0.050
USC00263512	2019	5	23	22	0	0.010
USC00263512	2019	5	23	23	0	0.020
USC00263512	2019	5	24	22	0	0.010
USC00263512	2019	5	24	23	0	0.020
USC00263512	2019	5	24	24	0	0.010
USC00263512	2019	5	25	17	0	0.010
USC00263512	2019	5	25	18	0	0.010
USC00263512	2019	5	26	14	0	0.010
USC00263512	2019	5	26	15	0	0.120
USC00263512	2019	5	26	16	0	0.020
USC00263512	2019	5	26	21	0	0.010
USC00263512	2019	5	26	22	0	0.010
USC00263512	2019	5	28	4	0	0.020
USC00263512	2019	5	28	22	0	0.010
USC00263512	2019	5	29	21	0	0.020
USC00263512	2019	5	30	1	0	0.010
USC00263512	2019	5	30	17	0	0.040
USC00263512	2019	5	30	21	0	0.010
USC00263512	2019	5	31	24	0	0.010
USC00263512	2019	6	1	18	0	0.020
USC00263512	2019	6	1	19	0	0.050
USC00263512	2019	6	2	2	0	0.010
USC00263512	2019	6	5	15	0	0.160
USC00263512	2019	6	5	19	0	0.080
USC00263512	2019	6	5	24	0	0.010
USC00263512	2019	6	6	19	0	0.010
USC00263512	2019	6	13	24	0	0.010
USC00263512	2019	6	16	2	0	0.010
USC00263512	2019	6	16	19	0	0.030
USC00263512	2019	6	16	20	0	0.020
USC00263512	2019	6	17	1	0	0.010
USC00263512	2019	6	25	4	0	0.010
USC00263512	2019	6	25	17	0	0.070
USC00263512	2019	6	26	3	0	0.010
USC00263512	2019	6	29	4	0	0.010
USC00263512	2019	7	24	1	0	0.010
USC00263512	2019	7	26	1	0	0.010
USC00263512	2019	7	26	11	0	0.090
USC00263512	2019	7	26	13	0	0.020
USC00263512	2019	7	27	1	0	0.010
USC00263512	2019	8	7	17	0	0.070
USC00263512	2019	8	7	18	0	0.080
USC00263512	2019	8	7	19	0	0.020
USC00263512	2019	8	8	2	0	0.010
USC00263512	2019	8	8	4	0	0.010
USC00263512	2019	8	9	1	0	0.010
USC00263512	2019	8	20	4	0	0.010
USC00263512	2019	8	23	1	0	0.010
USC00263512	2019	8	28	15	0	0.010
USC00263512	2019	8	29	2	0	0.010
USC00263512	2019	9	3	1	0	0.010
USC00263512	2019	9	4	5	0	0.010
USC00263512	2019	9	4	14	0	0.200
USC00263512	2019	9	4	16	0	0.010
USC00263512	2019	9	4	21	0	0.010
USC00263512	2019	9	4	22	0	0.010
USC00263512	2019	9	6	6	0	0.010
USC00263512	2019	9	6	23	0	0.010
USC00263512	2019	9	17	1	0	0.010
USC00263512	2019	9	17	22	0	0.010
USC00263512	2019	9	28	19	0	0.010
USC00263512	2019	9	28	22	0	0.040
USC00263512	2019	9	28	23	0	0.020
USC00263512	2019	9	29	5	0	0.010
USC00263512	2019	11	19	20	0	0.020
USC00263512	2019	11	19	23	0	0.010
USC00263512	2019	11	20	6	0	0.010
USC00263512	2019	11	20	7	0	0.050
USC00263512	2019	11	20	10	0	0.010
USC00263512	2019	11	20	11	0	0.010
USC00263512	2019	11	20	12	0	0.010
USC00263512	2019	11	20	13	0	0.030
USC00263512	2019	11	20	14	0	0.030
USC00263512	2019	11	20	18	0	0.020
USC00263512	2019	11	20	19	0	0.040
USC00263512	2019	11	20	20	0	0.020
USC00263512	2019	11	20	21	0	0.030
USC00263512	2019	11	20	22	0	0.020
USC00263512	2019	11	20	23	0	0.030
USC00263512	2019	11	21	1	0	0.010
USC00263512	2019	11	21	23	0	0.010
USC00263512	2019	11	25	21	0	0.020
USC00263512	2019	11	26	3	0	0.010
USC00263512	2019	11	26	24	0	0.010
USC00263512	2019	11	27	2	0	0.010
USC00263512	2019	11	27	22	0	0.010
USC00263512	2019	11	28	16	0	0.020
USC00263512	2019	11	28	19	0	0.010
USC00263512	2019	11	28	20	0	0.010
USC00263512	2019	11	30	1	0	0.010
USC00263512	2019	12	4	7	0	0.010
USC00263512	2019	12	4	9	0	0.010
USC00263512	2019	12	4	10	0	0.030
USC00263512	2019	12	4	11	0	0.020
USC00263512	2019	12	4	12	0	0.030
USC00263512	2019	12	4	13	0	0.050
USC00263512	2019	12	4	14	0	0.010
USC00263512	2019	12	4	15	0	0.010
USC00263512	2019	12	4	17	0	0.020
USC00263512	2019	12	4	18	0	0.020
USC00263512	2019	12	5	2	0	0.010
USC00263512	2019	12	8	2	0	0.010
USC00263512	2019	12	13	24	0	0.010
USC00263512	2019	12	14	17	0	0.010
USC00263512	2019	12	21	4	0	0.010
USC00263512	2019	12	23	13	0	0.010
USC00263512	2019	12	23	15	0	0.010
USC00263512	2019	12	23	22	0	0.010
USC00263512	2019	12	24	24	0	0.010
USC00263512	2019	12	26	6	0	0.010
USC00263512	2019	12	26	8	0	0.020
USC00263512	2019	12	26	9	0	0.010
USC00263512	2019	12	27	3	0	0.010
USC00263512	2019	12	27	21	0	0.010
USC00263512	2020	1	1	16	0	0.020
USC00263512	2020	1	1	23	0	0.010
USC00263512	2020	1	2	21	0	0.010
USC00263512	2020	1	7	7	0	0.010
USC00263512	2020	1	9	16	0	0.010
USC00263512	2020	1	10	3	0	0.010
USC00263512	2020	2	2	18	0	0.010
USC00263512	2020	2	2	20	0	0.010
USC00263512	2020	2	2	21	0	0.010
USC00263512	2020	2	3	6	0	0.010
USC00263512	2020	2	3	17	0	0.010
USC00263512	2020	2	9	24	0	0.010
USC00263512	2020	2	10	20	0	0.010
USC00263512	2020	2	18	4	0	0.010
USC00263512	2020	2	20	5	0	0.010
USC00263512	2020	2	23	5	0	0.010
USC00263512	2020	3	1	1	0	0.010
USC00263512	2020	3	1	3	0	0.030
USC00263512	2020	3	1	4	0	0.050
USC00263512	2020	3	1	5	0	0.030
USC00263512	2020	3	1	6	0	0.010
USC00263512	2020	3	1	7	0	0.030
USC00263512	2020	3	1	9	0	0.030
USC00263512	2020	3	8	5	0	0.010
USC00263512	2020	3	16	1	0	0.010
USC00263512	2020	3	16	18	0	0.010
USC00263512	2020	3	16	22	0	0.040
USC00263512	2020	3	16	23	0	0.020
USC00263512	2020	3	19	1	0	0.020
USC00263512	2020	3	19	2	0	0.010
USC00263512	2020	3	19	3	0	0.020
USC00263512	2020	3	19	4	0	0.010
USC00263512	2020	3	19	5	0	0.010
USC00263512	2020	3	19	24	0	0.010
USC00263512	2020	3	25	18	0	0.010
USC00263512	2020	3	25	19	0	0.060
USC00263512	2020	3	25	20	0	0.010
USC00263512	2020	3	25	23	0	0.010
USC00263512	2020	3	26	5	0	0.010
USC00263512	2020	3	26	6	0	0.040
USC00263512	2020	3	28	3	0	0.010
USC00263512	2020	3	28	22	0	0.030
USC00263512	2020	3	28	23	0	0.060
USC00263512	2020	3	28	24	0	0.020
USC00263512	2020	3	29	1	0	0.020
USC00263512	2020	3	29	2	0	0.010
USC00263512	2020	3	29	5	0	0.010
USC00263512	2020	3	29	6	0	0.010
USC00263512	2020	3	29	20	0	0.010
USC00263512	2020	4	1	1	0	0.010
USC00263512	2020	4	1	21	0	0.010
USC00263512	2020	4	6	10	0	0.010
USC00263512	2020	4	6	11	0	0.020
USC00263512	2020	4	6	13	0	0.020
USC00263512	2020	4	6	20	0	0.010
USC00263512	2020	4	6	23	0	0.050
USC00263512	2020	4	6	24	0	0.060
USC00263512	2020	4	7	2	0	0.010
USC00263512	2020	4	8	18	0	0.010
USC00263512	2020	4	8	20	0	0.010
USC00263512	2020	4	8	21	0	0.060
USC00263512	2020	4	8	22	0	0.090
USC00263512	2020	4	8	23	0	0.090
USC00263512	2020	4	8	24	0	0.100
USC00263512	2020	4	9	1	0	0.020
USC00263512	2020	4	9	2	0	0.010
USC00263512	2020	4	9	3	0	0.010
USC00263512	2020	4	9	4	0	0.020
USC00263512	2020	4	9	6	0	0.010
USC00263512	2020	4	9	7	0	0.020
USC00263512	2020	4	9	8	0	0.030
USC00263512	2020	4	9	9	0	0.020
USC00263512	2020	4	9	11	0	0.010
USC00263512	2020	5	18	24	0	0.010
USC00263512	2020	5	19	1	0	0.020
USC00263512	2020	5	19	2	0	0.020
USC00263512	2020	5	19	4	0	0.010
USC00263512	2020	5	19	7	0	0.010
USC00263512	2020	5	19	13	0	0.020
USC00263512	2020	5	19	14	0	0.010
USC00263512	2020	5	19	20	0	0.010
USC00263512	2020	5	31	2	0	0.010
USC00263512	2020	6	1	3	0	0.010
USC00263512	2020	6	1	23	0	0.010
USC00263512	2020	6	12	24	0	0.010
USC00263512	2020	6	25	3	0	0.010
USC00263512	2020	6	25	20	0	0.010
USC00263512	2020	6	26	2	0	0.010
USC00263512	2020	9	16	5	0	0.010
USC00263512	2020	9	18	19	0	0.010
USC00263512	2020	11	1	5	0	0.010
USC00263512	2020	11	4	3	0	0.010
USC00263512	2020	11	6	19	0	0.01
USC00263512	2020	11	7	1	0	0.030
USC00263512	2020	11	7	23	0	0.010
USC00263512	2020	11	8	4	0	0.020
USC00263512	2020	11	8	5	0	0.020
USC00263512	2020	11	8	6	0	0.030
USC00263512	2020	11	8	7	0	0.030
USC00263512	2020	11	8	8	0	0.020
USC00263512	2020	11	8	9	0	0.020
USC00263512	2020	11	8	11	0	0.010
USC00263512	2020	11	9	21	0	0.010
USC00263512	2020	11	19	4	0	0.010
USC00263512	2020	11	19	19	0	0.010
USC00263512	2020	12	2	3	0	0.010
USC00263512	2020	12	2	21	0	0.010
USC00263512	2020	12	8	4	0	0.010
USC00263512	2020	12	12	9	0	0.010
USC00263512	2020	12	12	10	0	0.010
USC00263512	2020	12	13	22	0	0.040
USC00263512	2020	12	13	23	0	0.030
USC00263512	2020	12	15	5	0	0.010
USC00263512	2020	12	17	10	0	0.020
USC00263512	2020	12	27	24	0	0.010
USC00263512	2020	12	28	7	0	0.010
USC00263512	2020	12	28	8	0	0.030
USC00263512	2020	12	28	9	0	0.030
USC00263512	2020	12	28	10	0	0.030
USC00263512	2020	12	28	11	0	0.010
USC00263512	2020	12	28	13	0	0.010
USC00263512	2020	12	28	16	0	0.010
USC00263512	2020	12	31	6	0	0.020
