USW00023170	1990	1	19	3	0	0.100
USW00023170	1990	1	19	9	0	0.100
USW00023170	1990	1	19	19	0	0.100
USW00023170	1990	2	14	5	0	0.100
USW00023170	1990	2	14	9	0	0.100
USW00023170	1990	2	19	1	0	0.100
USW00023170	1990	2	19	3	0	0.100
USW00023170	1990	3	11	17	0	0.100
USW00023170	1990	3	28	21	0	0.100
USW00023170	1990	3	30	6	0	0.100
USW00023170	1990	4	24	5	0	0.200
USW00023170	1990	4	24	9	0	0.100
USW00023170	1990	4	25	3	0	0.100
USW00023170	1990	6	10	4	0	0.100
USW00023170	1990	7	3	11	0	0.100
USW00023170	1990	7	7	8	0	0.100
USW00023170	1990	7	8	8	0	0.100
USW00023170	1990	7	8	9	0	0.100
USW00023170	1990	7	9	16	0	0.100
USW00023170	1990	8	10	13	0	0.100
USW00023170	1990	8	15	11	0	0.200
USW00023170	1990	8	16	14	0	0.100
USW00023170	1990	9	2	12	0	0.400
USW00023170	1990	9	2	14	0	0.200
USW00023170	1990	9	18	10	0	0.100
USW00023170	1990	9	18	13	0	0.200
USW00023170	1990	9	24	2	0	0.100
USW00023170	1990	9	24	3	0	0.100
USW00023170	1990	9	28	8	0	0.100
USW00023170	1990	9	28	14	0	0.100
USW00023170	1990	9	28	20	0	0.300
USW00023170	1990	9	29	1	0	0.100
USW00023170	1990	10	2	14	0	0.100
USW00023170	1990	10	19	6	0	0.200
USW00023170	1990	10	19	10	0	0.100
USW00023170	1990	10	19	12	0	0.100
USW00023170	1990	12	12	20	0	0.100
USW00023170	1990	12	13	24	0	0.100
USW00023170	1991	1	3	24	0	0.100
USW00023170	1991	1	4	7	0	0.100
USW00023170	1991	1	4	10	0	0.100
USW00023170	1991	1	14	13	0	0.100
USW00023170	1991	3	14	6	0	0.100
USW00023170	1991	3	14	12	0	0.100
USW00023170	1991	3	21	2	0	0.100
USW00023170	1991	3	21	4	0	0.100
USW00023170	1991	3	21	5	0	0.100
USW00023170	1991	3	26	11	0	0.100
USW00023170	1991	3	26	17	0	0.100
USW00023170	1991	5	30	24	0	0.100
USW00023170	1991	5	31	4	0	0.100
USW00023170	1991	5	31	19	0	0.100
USW00023170	1991	6	4	14	0	0.100
USW00023170	1991	7	10	22	0	0.100
USW00023170	1991	7	20	9	0	0.100
USW00023170	1991	7	20	12	0	0.100
USW00023170	1991	7	22	3	0	0.100
USW00023170	1991	8	2	23	0	0.100
USW00023170	1991	8	3	2	0	0.100
USW00023170	1991	8	5	11	0	0.100
USW00023170	1991	8	8	15	0	0.100
USW00023170	1991	8	25	1	0	0.100
USW00023170	1991	8	29	5	0	0.200
USW00023170	1991	8	30	17	0	0.04
USW00023170	1991	8	31	10	0	0.001
USW00023170	1991	8	31	11	0	0.001
USW00023170	1991	8	31	20	0	0.001
USW00023170	1991	9	5	22	0	0.100
USW00023170	1991	9	6	3	0	0.100
USW00023170	1991	9	6	4	0	0.100
USW00023170	1991	9	6	6	0	0.100
USW00023170	1991	9	6	9	0	0.100
USW00023170	1991	9	6	14	0	0.100
USW00023170	1991	9	7	16	0	0.400
USW00023170	1991	10	23	14	0	0.100
USW00023170	1991	10	23	22	0	0.200
USW00023170	1991	10	24	17	0	0.100
USW00023170	1991	10	27	10	0	0.100
USW00023170	1991	10	30	2	0	0.100
USW00023170	1991	11	14	20	0	0.100
USW00023170	1991	11	14	21	0	0.100
USW00023170	1991	11	15	4	0	0.100
USW00023170	1991	11	15	6	0	0.100
USW00023170	1991	11	15	9	0	0.100
USW00023170	1991	11	15	18	0	0.100
USW00023170	1991	11	15	23	0	0.100
USW00023170	1991	12	10	22	0	0.100
USW00023170	1991	12	10	24	0	0.100
USW00023170	1991	12	18	16	0	0.100
USW00023170	1991	12	18	20	0	0.100
USW00023170	1991	12	19	5	0	0.100
USW00023170	1991	12	30	10	0	0.100
USW00023170	1991	12	30	14	0	0.100
USW00023170	1992	1	3	21	0	0.100
USW00023170	1992	1	6	3	0	0.100
USW00023170	1992	1	6	5	0	0.100
USW00023170	1992	1	6	8	0	0.100
USW00023170	1992	1	6	10	0	0.100
USW00023170	1992	2	9	6	0	0.004
USW00023170	1992	2	9	10	0	0.01
USW00023170	1992	2	10	10	0	0.001
USW00023170	1992	2	10	11	0	0.002
USW00023170	1992	2	10	12	0	0.003
USW00023170	1992	2	10	13	0	0.002
USW00023170	1992	2	10	14	0	0.005
USW00023170	1992	2	10	15	0	0.004
USW00023170	1992	2	10	16	0	0.002
USW00023170	1992	2	10	17	0	0.006
USW00023170	1992	2	10	19	0	0.002
USW00023170	1992	2	10	20	0	0.001
USW00023170	1992	2	10	21	0	0.001
USW00023170	1992	2	10	22	0	0.005
USW00023170	1992	2	10	24	0	0.005
USW00023170	1992	2	11	1	0	0.002
USW00023170	1992	2	11	7	0	0.001
USW00023170	1992	2	11	9	0	0.001
USW00023170	1992	2	11	11	0	0.001
USW00023170	1992	2	11	12	0	0.001
USW00023170	1992	2	11	13	0	0.002
USW00023170	1992	2	11	14	0	0.002
USW00023170	1992	2	11	16	0	0.001
USW00023170	1992	2	11	18	0	0.001
USW00023170	1992	2	11	24	0	0.001
USW00023170	1992	2	12	7	0	0.002
USW00023170	1992	2	12	12	0	0.012
USW00023170	1992	2	12	13	0	0.025
USW00023170	1992	2	12	17	0	0.002
USW00023170	1992	2	12	20	0	0.005
USW00023170	1992	2	12	21	0	0.005
USW00023170	1992	2	12	22	0	0.005
USW00023170	1992	2	12	23	0	0.004
USW00023170	1992	2	12	24	0	0.005
USW00023170	1992	2	13	2	0	0.017
USW00023170	1992	2	13	3	0	0.017
USW00023170	1992	2	13	4	0	0.019
USW00023170	1992	2	13	5	0	0.03
USW00023170	1992	2	13	7	0	0.001
USW00023170	1992	2	13	8	0	0.004
USW00023170	1992	2	13	9	0	0.003
USW00023170	1992	2	13	10	0	0.003
USW00023170	1992	2	13	11	0	0.003
USW00023170	1992	2	13	12	0	0.004
USW00023170	1992	2	13	13	0	0.003
USW00023170	1992	2	13	14	0	0.003
USW00023170	1992	2	13	15	0	0.003
USW00023170	1992	2	13	16	0	0.001
USW00023170	1992	2	13	17	0	0.005
USW00023170	1992	2	13	18	0	0.001
USW00023170	1992	2	13	20	0	0.001
USW00023170	1992	2	13	21	0	0.001
USW00023170	1992	2	13	22	0	0.001
USW00023170	1992	2	14	2	0	0.001
USW00023170	1992	2	15	14	0	0.008
USW00023170	1992	2	15	16	0	0.002
USW00023170	1992	2	15	20	0	0.002
USW00023170	1992	2	15	24	0	0.001
USW00023170	1992	2	16	1	0	0.001
USW00023170	1992	2	16	2	0	0.015
USW00023170	1992	2	16	3	0	0.011
USW00023170	1992	2	16	4	0	0.013
USW00023170	1992	2	16	5	0	0.019
USW00023170	1992	2	16	6	0	0.002
USW00023170	1992	2	16	8	0	0.002
USW00023170	1992	2	16	12	0	0.002
USW00023170	1992	2	16	14	0	0.001
USW00023170	1992	2	16	16	0	0.001
USW00023170	1992	2	16	18	0	0.001
USW00023170	1992	2	16	19	0	0.001
USW00023170	1992	2	21	10	0	0.035
USW00023170	1992	2	22	10	0	0.001
USW00023170	1992	2	22	11	0	0.001
USW00023170	1992	2	22	12	0	0.001
USW00023170	1992	2	22	14	0	0.001
USW00023170	1992	2	22	18	0	0.001
USW00023170	1992	3	2	8	0	0.001
USW00023170	1992	3	2	15	0	0.001
USW00023170	1992	3	2	20	0	0.001
USW00023170	1992	3	2	21	0	0.002
USW00023170	1992	3	2	22	0	0.006
USW00023170	1992	3	2	23	0	0.002
USW00023170	1992	3	2	24	0	0.023
USW00023170	1992	3	3	1	0	0.01
USW00023170	1992	3	3	2	0	0.01
USW00023170	1992	3	3	3	0	0.01
USW00023170	1992	3	3	4	0	0.016
USW00023170	1992	3	3	5	0	0.01
USW00023170	1992	3	4	9	0	0.001
USW00023170	1992	3	4	10	0	0.001
USW00023170	1992	3	4	16	0	0.001
USW00023170	1992	3	4	17	0	0.001
USW00023170	1992	3	4	18	0	0.007
USW00023170	1992	3	4	20	0	0.001
USW00023170	1992	3	4	24	0	0.001
USW00023170	1992	3	5	5	0	0.001
USW00023170	1992	3	8	4	0	0.100
USW00023170	1992	3	8	6	0	0.100
USW00023170	1992	3	27	17	0	0.100
USW00023170	1992	3	27	19	0	0.100
USW00023170	1992	3	27	20	0	0.100
USW00023170	1992	3	27	21	0	0.100
USW00023170	1992	3	27	22	0	0.100
USW00023170	1992	3	27	23	0	0.100
USW00023170	1992	3	27	24	0	0.100
USW00023170	1992	3	28	1	0	0.100
USW00023170	1992	3	28	3	0	0.100
USW00023170	1992	3	28	14	0	0.100
USW00023170	1992	4	22	4	0	0.100
USW00023170	1992	5	9	13	0	0.100
USW00023170	1992	5	20	11	0	0.100
USW00023170	1992	5	20	13	0	0.100
USW00023170	1992	5	20	19	0	0.100
USW00023170	1992	5	21	6	0	0.100
USW00023170	1992	5	21	11	0	0.100
USW00023170	1992	5	23	21	0	0.100
USW00023170	1992	5	23	22	0	0.100
USW00023170	1992	5	23	24	0	0.100
USW00023170	1992	5	25	1	0	0.100
USW00023170	1992	5	25	2	0	0.100
USW00023170	1992	6	4	16	0	0.100
USW00023170	1992	7	11	24	0	0.100
USW00023170	1992	7	12	12	0	0.100
USW00023170	1992	7	12	13	0	0.200
USW00023170	1992	7	12	16	0	0.200
USW00023170	1992	7	17	16	0	0.001
USW00023170	1992	7	17	17	0	0.006
USW00023170	1992	7	18	7	0	0.100
USW00023170	1992	8	6	6	0	0.100
USW00023170	1992	8	6	7	0	0.100
USW00023170	1992	8	17	13	0	0.100
USW00023170	1992	8	23	2	0	0.100
USW00023170	1992	10	24	19	0	0.100
USW00023170	1992	10	24	20	0	0.200
USW00023170	1992	10	24	21	0	0.100
USW00023170	1992	10	24	23	0	0.100
USW00023170	1992	10	25	1	0	0.200
USW00023170	1992	12	5	5	0	0.100
USW00023170	1992	12	15	22	0	0.100
USW00023170	1992	12	28	3	0	0.100
USW00023170	1992	12	28	7	0	0.100
USW00023170	1993	1	6	17	0	0.100
USW00023170	1993	1	8	8	0	0.100
USW00023170	1993	1	17	14	0	0.100
USW00023170	1993	1	17	23	0	0.100
USW00023170	1993	1	18	17	0	0.100
USW00023170	1993	1	18	18	0	0.100
USW00023170	1993	1	19	13	0	0.100
USW00023170	1993	1	31	7	0	0.100
USW00023170	1993	1	31	10	0	0.100
USW00023170	1993	1	31	12	0	0.100
USW00023170	1993	1	31	14	0	0.100
USW00023170	1993	1	31	19	0	0.100
USW00023170	1993	1	31	21	0	0.100
USW00023170	1993	2	1	1	0	0.100
USW00023170	1993	2	7	22	0	0.100
USW00023170	1993	2	8	12	0	0.100
USW00023170	1993	2	8	19	0	0.100
USW00023170	1993	2	16	7	0	0.100
USW00023170	1993	2	20	5	0	0.100
USW00023170	1993	2	20	16	0	0.100
USW00023170	1993	3	26	23	0	0.100
USW00023170	1993	3	27	4	0	0.100
USW00023170	1993	3	28	15	0	0.100
USW00023170	1993	4	5	21	0	0.100
USW00023170	1993	4	5	23	0	0.100
USW00023170	1993	4	13	12	0	0.100
USW00023170	1993	5	5	2	0	0.100
USW00023170	1993	5	7	1	0	0.100
USW00023170	1993	5	16	17	0	0.100
USW00023170	1993	5	16	18	0	0.300
USW00023170	1993	5	16	19	0	0.100
USW00023170	1993	5	16	24	0	0.100
USW00023170	1993	5	17	1	0	0.100
USW00023170	1993	5	17	3	0	0.100
USW00023170	1993	5	27	16	0	0.100
USW00023170	1993	7	24	3	0	0.100
USW00023170	1993	8	4	17	0	0.100
USW00023170	1993	8	9	23	0	0.100
USW00023170	1993	8	14	12	0	0.100
USW00023170	1993	8	25	22	0	0.100
USW00023170	1993	8	30	18	0	0.100
USW00023170	1993	9	12	15	0	0.100
USW00023170	1993	10	6	7	0	0.100
USW00023170	1993	10	6	12	0	0.100
USW00023170	1993	10	6	14	0	0.100
USW00023170	1993	10	7	9	0	0.100
USW00023170	1993	10	8	14	0	0.100
USW00023170	1993	10	8	17	0	0.100
USW00023170	1993	10	8	18	0	0.100
USW00023170	1993	10	8	19	0	0.100
USW00023170	1993	10	16	17	0	0.100
USW00023170	1993	10	17	3	0	0.100
USW00023170	1993	10	17	15	0	0.100
USW00023170	1993	11	11	14	0	0.200
USW00023170	1993	11	11	15	0	0.100
USW00023170	1993	11	11	16	0	0.100
USW00023170	1993	11	11	17	0	0.100
USW00023170	1993	11	11	19	0	0.100
USW00023170	1993	11	11	21	0	0.100
USW00023170	1993	11	11	23	0	0.100
USW00023170	1993	11	12	10	0	0.100
USW00023170	1993	12	15	17	0	0.100
USW00023170	1994	1	26	4	0	0.100
USW00023170	1994	1	28	1	0	0.100
USW00023170	1994	2	4	13	0	0.100
USW00023170	1994	2	27	18	0	0.100
USW00023170	1994	4	9	19	0	0.100
USW00023170	1994	4	9	20	0	0.100
USW00023170	1994	4	10	6	0	0.100
USW00023170	1994	4	10	9	0	0.100
USW00023170	1994	4	10	22	0	0.100
USW00023170	1994	4	26	9	0	0.100
USW00023170	1994	4	27	16	0	0.100
USW00023170	1994	4	27	17	0	0.100
USW00023170	1994	4	29	13	0	0.100
USW00023170	1994	5	13	7	0	0.100
USW00023170	1994	7	2	13	0	0.100
USW00023170	1994	8	9	14	0	0.200
USW00023170	1994	8	10	10	0	0.100
USW00023170	1994	8	11	9	0	0.100
USW00023170	1994	8	11	14	0	0.400
USW00023170	1994	8	12	10	0	0.100
USW00023170	1994	8	29	23	0	0.100
USW00023170	1994	9	6	15	0	0.100
USW00023170	1994	9	13	17	0	0.100
USW00023170	1994	9	20	2	0	0.100
USW00023170	1994	9	20	18	0	0.300
USW00023170	1994	9	29	18	0	0.100
USW00023170	1994	9	29	21	0	0.100
USW00023170	1994	9	30	2	0	0.100
USW00023170	1994	9	30	5	0	0.200
USW00023170	1994	9	30	14	0	0.100
USW00023170	1994	10	3	20	0	0.100
USW00023170	1994	10	15	10	0	0.100
USW00023170	1994	10	15	19	0	0.100
USW00023170	1994	10	17	8	0	0.100
USW00023170	1994	11	3	11	0	0.100
USW00023170	1994	11	12	4	0	0.100
USW00023170	1994	11	19	16	0	0.100
USW00023170	1994	11	20	13	0	0.100
USW00023170	1994	11	26	12	0	0.100
USW00023170	1994	12	5	23	0	0.100
USW00023170	1994	12	5	24	0	0.100
USW00023170	1994	12	6	2	0	0.100
USW00023170	1994	12	6	4	0	0.100
USW00023170	1994	12	25	5	0	0.100
USW00023170	1995	1	6	12	0	0.100
USW00023170	1995	1	26	1	0	0.100
USW00023170	1995	1	26	12	0	0.100
USW00023170	1995	2	8	14	0	0.100
USW00023170	1995	2	14	15	0	0.100
USW00023170	1995	2	28	22	0	0.100
USW00023170	1995	2	28	23	0	0.100
USW00023170	1995	2	28	24	0	0.100
USW00023170	1995	3	1	7	0	0.100
USW00023170	1995	3	1	14	0	0.100
USW00023170	1995	3	1	16	0	0.100
USW00023170	1995	3	11	14	0	0.100
USW00023170	1995	3	11	18	0	0.100
USW00023170	1995	3	17	2	0	0.100
USW00023170	1995	3	17	3	0	0.100
USW00023170	1995	3	25	4	0	0.001
USW00023170	1995	3	28	1	0	0.027
USW00023170	1995	3	28	18	0	0.168
USW00023170	1995	3	28	19	0	0.167
USW00023170	1995	3	29	6	0	0.001
USW00023170	1995	3	29	12	0	0.001
USW00023170	1995	3	29	13	0	0.001
USW00023170	1995	3	29	15	0	0.001
USW00023170	1995	3	29	19	0	0.001
USW00023170	1995	3	29	22	0	0.001
USW00023170	1995	4	8	8	0	0.007
USW00023170	1995	4	8	10	0	0.033
USW00023170	1995	4	9	15	0	0.001
USW00023170	1995	4	14	6	0	0.014
USW00023170	1995	4	14	7	0	0.004
USW00023170	1995	4	14	8	0	0.004
USW00023170	1995	4	14	11	0	0.029
USW00023170	1995	4	14	12	0	0.001
USW00023170	1995	4	14	15	0	0.006
USW00023170	1995	4	15	10	0	0.001
USW00023170	1995	4	15	19	0	0.001
USW00023170	1995	4	16	10	0	0.061
USW00023170	1995	4	16	13	0	0.03
USW00023170	1995	4	16	20	0	0.019
USW00023170	1995	4	17	4	0	0.018
USW00023170	1995	4	17	6	0	0.015
USW00023170	1995	4	17	7	0	0.001
USW00023170	1995	4	17	8	0	0.007
USW00023170	1995	4	17	9	0	0.001
USW00023170	1995	4	17	11	0	0.007
USW00023170	1995	4	17	12	0	0.002
USW00023170	1995	4	17	14	0	0.01
USW00023170	1995	4	17	15	0	0.015
USW00023170	1995	4	17	16	0	0.015
USW00023170	1995	4	17	17	0	0.011
USW00023170	1995	4	17	20	0	0.001
USW00023170	1995	4	18	3	0	0.002
USW00023170	1995	4	18	4	0	0.001
USW00023170	1995	4	18	5	0	0.003
USW00023170	1995	4	18	7	0	0.001
USW00023170	1995	4	18	8	0	0.001
USW00023170	1995	4	18	9	0	0.002
USW00023170	1995	4	18	10	0	0.006
USW00023170	1995	4	18	11	0	0.015
USW00023170	1995	4	18	12	0	0.012
USW00023170	1995	4	18	13	0	0.002
USW00023170	1995	4	18	16	0	0.002
USW00023170	1995	4	18	18	0	0.001
USW00023170	1995	4	18	20	0	0.004
USW00023170	1995	4	18	21	0	0.006
USW00023170	1995	4	18	23	0	0.001
USW00023170	1995	4	18	24	0	0.001
USW00023170	1995	4	19	2	0	0.002
USW00023170	1995	4	19	3	0	0.001
USW00023170	1995	4	19	4	0	0.003
USW00023170	1995	4	19	6	0	0.004
USW00023170	1995	4	19	7	0	0.001
USW00023170	1995	4	19	9	0	0.001
USW00023170	1995	4	19	10	0	0.004
USW00023170	1995	4	19	11	0	0.003
USW00023170	1995	4	19	12	0	0.001
USW00023170	1995	4	19	14	0	0.004
USW00023170	1995	4	19	19	0	0.002
USW00023170	1995	4	19	20	0	0.003
USW00023170	1995	4	20	9	0	0.024
USW00023170	1995	4	20	10	0	0.011
USW00023170	1995	4	20	11	0	0.002
USW00023170	1995	4	20	12	0	0.003
USW00023170	1995	4	20	13	0	0.005
USW00023170	1995	4	20	14	0	0.006
USW00023170	1995	4	20	15	0	0.008
USW00023170	1995	4	20	16	0	0.01
USW00023170	1995	4	20	17	0	0.001
USW00023170	1995	4	20	18	0	0.02
USW00023170	1995	4	20	20	0	0.002
USW00023170	1995	4	20	21	0	0.006
USW00023170	1995	4	20	22	0	0.005
USW00023170	1995	4	20	23	0	0.003
USW00023170	1995	4	20	24	0	0.001
USW00023170	1995	4	21	1	0	0.004
USW00023170	1995	4	21	2	0	0.001
USW00023170	1995	4	21	12	0	0.001
USW00023170	1995	4	21	13	0	0.001
USW00023170	1995	4	21	15	0	0.001
USW00023170	1995	4	30	4	0	0.100
USW00023170	1995	5	2	7	0	0.100
USW00023170	1995	5	11	20	0	0.100
USW00023170	1995	5	12	2	0	0.100
USW00023170	1995	5	12	3	0	0.200
USW00023170	1995	5	12	5	0	0.200
USW00023170	1995	5	17	7	0	0.100
USW00023170	1995	5	24	11	0	0.100
USW00023170	1995	7	1	11	0	0.100
USW00023170	1995	7	3	8	0	0.100
USW00023170	1995	7	13	12	0	0.100
USW00023170	1995	8	11	12	0	0.100
USW00023170	1995	8	12	19	0	0.200
USW00023170	1995	8	20	5	0	0.100
USW00023170	1995	8	22	14	0	0.100
USW00023170	1995	8	23	11	0	0.100
USW00023170	1995	8	23	13	0	0.100
USW00023170	1995	8	23	14	0	0.200
USW00023170	1995	9	9	14	0	0.100
USW00023170	1995	9	9	15	0	0.200
USW00023170	1995	9	29	14	0	0.100
USW00023170	1995	12	7	10	0	0.100
USW00023170	1995	12	13	19	0	0.100
USW00023170	1995	12	14	10	0	0.100
USW00023170	1995	12	31	20	0	0.100
USW00023170	1996	1	16	24	0	0.200
USW00023170	1996	1	22	8	0	0.100
USW00023170	1996	2	20	24	0	0.100
USW00023170	1996	3	5	22	0	0.100
USW00023170	1996	3	14	15	0	0.100
USW00023170	1996	3	21	10	0	0.100
USW00023170	1996	3	24	7	0	0.100
USW00023170	1996	3	27	10	0	0.100
USW00023170	1996	4	11	15	0	0.100
USW00023170	1996	5	25	4	0	0.100
USW00023170	1996	5	25	14	0	0.100
USW00023170	1996	5	25	15	0	0.100
USW00023170	1996	5	27	23	0	0.100
USW00023170	1996	6	21	11	0	0.100
USW00023170	1996	6	27	10	0	0.100
USW00023170	1996	9	11	7	0	0.100
USW00023170	1996	9	11	9	0	0.100
USW00023170	1996	9	12	24	0	0.100
USW00023170	1996	9	13	1	0	0.100
USW00023170	1996	9	13	16	0	0.100
USW00023170	1996	9	13	21	0	0.100
USW00023170	1996	9	13	22	0	0.200
USW00023170	1996	9	13	23	0	0.100
USW00023170	1996	9	14	5	0	0.200
USW00023170	1996	9	16	16	0	0.100
USW00023170	1996	9	16	18	0	0.100
USW00023170	1996	9	17	19	0	0.100
USW00023170	1996	10	2	23	0	0.100
USW00023170	1996	10	28	9	0	0.100
USW00023170	1996	10	28	15	0	0.100
USW00023170	1996	11	15	13	0	0.100
USW00023170	1996	11	15	15	0	0.100
USW00023170	1996	11	15	16	0	0.100
USW00023170	1996	11	21	20	0	0.100
USW00023170	1996	11	29	11	0	0.100
USW00023170	1996	12	27	19	0	0.100
USW00023170	1997	1	3	5	0	0.100
USW00023170	1997	1	3	6	0	0.100
USW00023170	1997	1	3	8	0	0.100
USW00023170	1997	1	12	21	0	0.100
USW00023170	1997	1	13	2	0	0.100
USW00023170	1997	1	13	3	0	0.100
USW00023170	1997	1	13	5	0	0.100
USW00023170	1997	1	13	7	0	0.100
USW00023170	1997	1	13	8	0	0.100
USW00023170	1997	1	13	12	0	0.100
USW00023170	1997	1	13	15	0	0.100
USW00023170	1997	1	13	21	0	0.100
USW00023170	1997	1	13	22	0	0.100
USW00023170	1997	2	5	20	0	0.100
USW00023170	1997	3	3	24	0	0.100
USW00023170	1997	4	2	6	0	0.100
USW00023170	1997	4	2	9	0	0.100
USW00023170	1997	4	2	10	0	0.100
USW00023170	1997	4	2	11	0	0.100
USW00023170	1997	4	2	12	0	0.100
USW00023170	1997	4	2	18	0	0.100
USW00023170	1997	4	2	22	0	0.100
USW00023170	1997	4	2	24	0	0.100
USW00023170	1997	4	4	10	0	0.100
USW00023170	1997	4	4	15	0	0.100
USW00023170	1997	4	8	20	0	0.100
USW00023170	1997	4	23	14	0	0.100
USW00023170	1997	4	23	15	0	0.100
USW00023170	1997	4	23	16	0	0.100
USW00023170	1997	5	22	9	0	0.100
USW00023170	1997	5	25	11	0	0.100
USW00023170	1997	6	9	18	0	0.100
USW00023170	1997	6	10	1	0	0.100
USW00023170	1997	6	10	12	0	0.400
USW00023170	1997	7	28	8	0	0.100
USW00023170	1997	7	28	10	0	0.300
USW00023170	1997	7	28	12	0	0.300
USW00023170	1997	7	28	21	0	0.100
USW00023170	1997	8	1	11	0	0.100
USW00023170	1997	8	3	7	0	0.100
USW00023170	1997	8	3	23	0	0.100
USW00023170	1997	8	3	24	0	0.100
USW00023170	1997	8	4	7	0	0.100
USW00023170	1997	8	10	10	0	0.100
USW00023170	1997	8	22	14	0	0.100
USW00023170	1997	8	26	7	0	0.300
USW00023170	1997	8	26	8	0	0.100
USW00023170	1997	8	28	14	0	0.100
USW00023170	1997	8	28	17	0	0.100
USW00023170	1997	8	31	12	0	0.200
USW00023170	1997	9	1	18	0	0.100
USW00023170	1997	9	2	2	0	0.100
USW00023170	1997	9	2	8	0	0.100
USW00023170	1997	9	3	1	0	0.200
USW00023170	1997	9	3	7	0	0.100
USW00023170	1997	9	11	11	0	0.100
USW00023170	1997	9	12	13	0	0.100
USW00023170	1997	9	15	8	0	0.100
USW00023170	1997	9	15	11	0	0.100
USW00023170	1997	9	18	15	0	0.300
USW00023170	1997	9	19	1	0	0.100
USW00023170	1997	9	20	13	0	0.100
USW00023170	1997	10	2	19	0	0.100
USW00023170	1997	10	7	9	0	0.100
USW00023170	1997	10	7	13	0	0.100
USW00023170	1997	10	11	16	0	0.100
USW00023170	1997	11	11	15	0	0.100
USW00023170	1997	11	26	24	0	0.100
USW00023170	1997	11	30	11	0	0.100
USW00023170	1998	2	15	14	0	0.100
USW00023170	1998	2	15	15	0	0.100
USW00023170	1998	3	17	17	0	0.100
USW00023170	1998	3	26	23	0	0.100
USW00023170	1998	4	1	17	0	0.100
USW00023170	1998	4	25	24	0	0.100
USW00023170	1998	4	26	1	0	0.100
USW00023170	1998	4	26	2	0	0.200
USW00023170	1998	4	26	9	0	0.100
USW00023170	1998	4	27	16	0	0.300
USW00023170	1998	4	28	9	0	0.100
USW00023170	1998	6	9	15	0	0.100
USW00023170	1998	6	16	22	0	0.200
USW00023170	1998	6	17	1	0	0.100
USW00023170	1998	8	21	13	0	0.100
USW00023170	1998	8	26	15	0	0.100
USW00023170	1998	8	31	22	0	0.100
USW00023170	1998	9	5	3	0	0.100
USW00023170	1998	9	5	4	0	0.200
USW00023170	1998	9	5	18	0	0.300
USW00023170	1998	9	5	19	0	0.100
USW00023170	1998	9	6	8	0	0.100
USW00023170	1998	9	11	3	0	0.100
USW00023170	1998	9	11	4	0	0.100
USW00023170	1998	9	11	5	0	0.100
USW00023170	1998	9	11	6	0	0.100
USW00023170	1998	9	11	7	0	0.200
USW00023170	1998	9	11	9	0	0.100
USW00023170	1998	9	11	24	0	0.100
USW00023170	1998	9	12	21	0	0.100
USW00023170	1998	9	26	12	0	0.100
USW00023170	1998	9	29	3	0	0.064
USW00023170	1998	9	29	6	0	0.012
USW00023170	1998	9	29	13	0	0.057
USW00023170	1998	9	29	14	0	0.001
USW00023170	1998	9	29	21	0	0.014
USW00023170	1998	9	30	11	0	0.01
USW00023170	1998	10	15	14	0	0.100
USW00023170	1998	10	15	19	0	0.100
USW00023170	1998	10	17	16	0	0.100
USW00023170	1998	10	21	9	0	0.100
USW00023170	1998	10	21	22	0	0.100
USW00023170	1998	10	22	5	0	0.100
USW00023170	1998	10	25	8	0	0.100
USW00023170	1998	10	25	12	0	0.100
USW00023170	1998	10	27	17	0	0.100
USW00023170	1998	10	28	16	0	0.100
USW00023170	1998	11	2	10	0	0.100
USW00023170	1998	11	10	6	0	0.100
USW00023170	1998	11	11	1	0	0.100
USW00023170	1998	11	28	24	0	0.100
USW00023170	1998	11	29	1	0	0.200
USW00023170	1998	12	20	19	0	0.100
USW00023170	1998	12	21	1	0	0.100
USW00023170	1999	1	21	2	0	0.100
USW00023170	1999	2	3	11	0	0.100
USW00023170	1999	2	4	12	0	0.100
USW00023170	1999	4	2	17	0	0.100
USW00023170	1999	4	4	2	0	0.100
USW00023170	1999	4	4	10	0	0.100
USW00023170	1999	4	20	8	0	0.100
USW00023170	1999	4	21	17	0	0.100
USW00023170	1999	4	22	15	0	0.100
USW00023170	1999	4	23	6	0	0.200
USW00023170	1999	4	23	13	0	0.100
USW00023170	1999	4	28	17	0	0.100
USW00023170	1999	5	6	17	0	0.100
USW00023170	1999	5	25	20	0	0.100
USW00023170	1999	6	2	10	0	0.002
USW00023170	1999	6	2	12	0	0.045
USW00023170	1999	6	2	13	0	0.045
USW00023170	1999	6	2	14	0	0.045
USW00023170	1999	6	3	14	0	0.023
USW00023170	1999	6	4	12	0	0.011
USW00023170	1999	6	5	16	0	0.023
USW00023170	1999	6	16	13	0	0.002
USW00023170	1999	6	16	14	0	0.014
USW00023170	1999	6	17	15	0	0.027
USW00023170	1999	6	19	15	0	0.023
USW00023170	1999	6	21	14	0	0.001
USW00023170	1999	6	21	15	0	0.021
USW00023170	1999	6	21	16	0	0.002
USW00023170	1999	6	21	17	0	0.002
USW00023170	1999	6	21	20	0	0.003
USW00023170	1999	7	8	9	0	0.100
USW00023170	1999	7	13	14	0	0.200
USW00023170	1999	7	13	17	0	0.100
USW00023170	1999	7	15	15	0	0.100
USW00023170	1999	7	15	16	0	0.200
USW00023170	1999	7	21	14	0	0.100
USW00023170	1999	7	27	14	0	0.200
USW00023170	1999	7	27	20	0	0.100
USW00023170	1999	7	30	11	0	0.100
USW00023170	1999	8	3	13	0	0.100
USW00023170	1999	8	5	19	0	0.100
USW00023170	1999	8	10	17	0	0.100
USW00023170	1999	8	10	22	0	0.200
USW00023170	1999	8	11	1	0	0.100
USW00023170	1999	8	16	17	0	0.300
USW00023170	1999	8	16	18	0	0.100
USW00023170	1999	8	19	17	0	0.200
USW00023170	1999	8	21	9	0	0.100
USW00023170	1999	8	25	17	0	0.100
USW00023170	1999	8	27	19	0	0.100
USW00023170	1999	8	30	23	0	0.100
USW00023170	1999	9	1	15	0	0.100
USW00023170	1999	9	10	15	0	0.100
USW00023170	1999	9	19	15	0	0.100
USW00023170	1999	9	19	17	0	0.100
USW00023170	1999	12	2	24	0	0.100
USW00023170	1999	12	10	8	0	0.100
USW00023170	2000	1	20	19	0	0.100
USW00023170	2000	1	30	11	0	0.001
USW00023170	2000	1	30	12	0	0.001
USW00023170	2000	2	10	22	0	0.008
USW00023170	2000	2	17	5	0	0.005
USW00023170	2000	2	21	20	0	0.103
USW00023170	2000	2	23	16	0	0.015
USW00023170	2000	2	25	3	0	0.008
USW00023170	2000	3	1	7	0	0.002
USW00023170	2000	3	7	8	0	0.100
USW00023170	2000	3	7	18	0	0.100
USW00023170	2000	3	20	6	0	0.100
USW00023170	2000	3	20	15	0	0.100
USW00023170	2000	3	28	5	0	0.100
USW00023170	2000	5	8	6	0	0.100
USW00023170	2000	5	8	7	0	0.100
USW00023170	2000	5	24	14	0	0.100
USW00023170	2000	6	19	16	0	0.100
USW00023170	2000	7	8	21	0	0.100
USW00023170	2000	8	3	24	0	0.100
USW00023170	2000	8	18	9	0	0.100
USW00023170	2000	8	27	17	0	0.100
USW00023170	2000	8	28	14	0	0.100
USW00023170	2000	9	1	14	0	0.100
USW00023170	2000	9	23	13	0	0.100
USW00023170	2000	10	10	14	0	0.100
USW00023170	2000	10	11	6	0	0.100
USW00023170	2000	10	11	7	0	0.100
USW00023170	2000	10	21	11	0	0.100
USW00023170	2000	10	22	1	0	0.100
USW00023170	2000	10	22	9	0	0.100
USW00023170	2000	10	22	21	0	0.100
USW00023170	2000	10	23	7	0	0.100
USW00023170	2000	10	23	11	0	0.200
USW00023170	2000	10	23	12	0	0.100
USW00023170	2000	10	23	14	0	0.100
USW00023170	2000	10	30	18	0	0.100
USW00023170	2000	10	30	19	0	0.100
USW00023170	2000	10	30	21	0	0.100
USW00023170	2000	10	31	1	0	0.100
USW00023170	2000	10	31	7	0	0.100
USW00023170	2000	10	31	9	0	0.100
USW00023170	2000	11	10	7	0	0.100
USW00023170	2000	11	10	8	0	0.100
USW00023170	2000	11	22	22	0	0.100
USW00023170	2000	11	22	23	0	0.100
USW00023170	2000	11	22	24	0	0.100
USW00023170	2000	12	12	13	0	0.100
USW00023170	2000	12	15	13	0	0.100
USW00023170	2001	1	10	8	0	0.100
USW00023170	2001	1	11	6	0	0.100
USW00023170	2001	1	12	1	0	0.100
USW00023170	2001	1	12	4	0	0.100
USW00023170	2001	1	12	10	0	0.100
USW00023170	2001	1	12	12	0	0.100
USW00023170	2001	1	13	1	0	0.100
USW00023170	2001	1	16	3	0	0.100
USW00023170	2001	1	16	8	0	0.100
USW00023170	2001	1	27	3	0	0.100
USW00023170	2001	1	27	6	0	0.100
USW00023170	2001	1	27	9	0	0.100
USW00023170	2001	1	27	16	0	0.100
USW00023170	2001	1	27	19	0	0.100
USW00023170	2001	1	28	7	0	0.100
USW00023170	2001	2	13	20	0	0.100
USW00023170	2001	2	13	21	0	0.100
USW00023170	2001	2	14	1	0	0.100
USW00023170	2001	2	23	5	0	0.100
USW00023170	2001	2	23	8	0	0.100
USW00023170	2001	2	23	15	0	0.100
USW00023170	2001	2	26	12	0	0.100
USW00023170	2001	2	28	2	0	0.100
USW00023170	2001	2	28	4	0	0.100
USW00023170	2001	2	28	9	0	0.100
USW00023170	2001	3	3	4	0	0.100
USW00023170	2001	3	7	8	0	0.100
USW00023170	2001	3	7	9	0	0.100
USW00023170	2001	3	10	1	0	0.100
USW00023170	2001	3	10	7	0	0.100
USW00023170	2001	3	11	2	0	0.100
USW00023170	2001	3	22	16	0	0.200
USW00023170	2001	4	10	7	0	0.100
USW00023170	2001	4	20	7	0	0.100
USW00023170	2001	5	2	12	0	0.100
USW00023170	2001	5	2	14	0	0.100
USW00023170	2001	5	2	16	0	0.100
USW00023170	2001	5	3	2	0	0.100
USW00023170	2001	5	3	7	0	0.100
USW00023170	2001	5	4	11	0	0.100
USW00023170	2001	5	4	12	0	0.100
USW00023170	2001	5	13	16	0	0.100
USW00023170	2001	5	13	19	0	0.100
USW00023170	2001	5	18	18	0	0.100
USW00023170	2001	5	18	20	0	0.100
USW00023170	2001	7	5	13	0	0.001
USW00023170	2001	7	5	15	0	0.001
USW00023170	2001	7	7	16	0	0.003
USW00023170	2001	7	7	17	0	0.007
USW00023170	2001	7	8	19	0	0.003
USW00023170	2001	7	10	16	0	0.002
USW00023170	2001	7	10	17	0	0.003
USW00023170	2001	7	11	14	0	0.002
USW00023170	2001	7	14	2	0	0.017
USW00023170	2001	7	15	3	0	0.073
USW00023170	2001	7	15	4	0	0.014
USW00023170	2001	7	15	7	0	0.069
USW00023170	2001	7	26	14	0	0.067
USW00023170	2001	7	26	15	0	0.003
USW00023170	2001	7	30	14	0	0.009
USW00023170	2001	8	1	10	0	0.100
USW00023170	2001	8	13	12	0	0.100
USW00023170	2001	8	13	15	0	0.100
USW00023170	2001	8	21	22	0	0.100
USW00023170	2001	8	21	24	0	0.200
USW00023170	2001	8	22	1	0	0.100
USW00023170	2001	8	22	2	0	0.100
USW00023170	2001	9	5	15	0	0.100
USW00023170	2001	10	9	4	0	0.100
USW00023170	2001	11	22	13	0	0.100
USW00023170	2001	11	22	17	0	0.100
USW00023170	2001	11	22	20	0	0.100
USW00023170	2001	11	22	21	0	0.100
USW00023170	2001	11	25	5	0	0.100
USW00023170	2001	11	25	6	0	0.100
USW00023170	2001	11	29	4	0	0.100
USW00023170	2001	12	3	15	0	0.003
USW00023170	2001	12	3	16	0	0.002
USW00023170	2001	12	4	14	0	0.001
USW00023170	2001	12	4	15	0	0.002
USW00023170	2001	12	4	16	0	0.004
USW00023170	2001	12	29	19	0	0.100
USW00023170	2001	12	29	22	0	0.100
USW00023170	2002	1	3	19	0	0.100
USW00023170	2002	1	4	4	0	0.100
USW00023170	2002	4	10	23	0	0.100
USW00023170	2002	6	3	19	0	0.100
USW00023170	2002	7	16	20	0	0.022
USW00023170	2002	7	16	21	0	0.025
USW00023170	2002	7	22	17	0	0.100
USW00023170	2002	7	25	20	0	0.200
USW00023170	2002	7	26	14	0	0.100
USW00023170	2002	7	26	16	0	0.100
USW00023170	2002	8	2	16	0	0.100
USW00023170	2002	8	2	21	0	0.100
USW00023170	2002	8	3	17	0	0.200
USW00023170	2002	8	3	18	0	0.100
USW00023170	2002	8	4	18	0	0.100
USW00023170	2002	9	6	9	0	0.100
USW00023170	2002	9	6	10	0	0.100
USW00023170	2002	9	7	12	0	0.100
USW00023170	2002	9	7	15	0	0.100
USW00023170	2002	9	11	11	0	0.100
USW00023170	2002	9	11	21	0	0.100
USW00023170	2002	9	11	22	0	0.300
USW00023170	2002	9	12	2	0	0.100
USW00023170	2002	9	18	4	0	0.100
USW00023170	2002	9	29	7	0	0.100
USW00023170	2002	9	29	13	0	0.600
USW00023170	2002	9	29	14	0	0.100
USW00023170	2002	10	2	22	0	0.100
USW00023170	2002	10	2	23	0	0.100
USW00023170	2002	10	26	13	0	0.100
USW00023170	2002	10	26	17	0	0.100
USW00023170	2002	10	27	10	0	0.100
USW00023170	2002	10	29	18	0	0.100
USW00023170	2002	11	9	1	0	0.100
USW00023170	2002	11	9	2	0	0.100
USW00023170	2002	11	9	14	0	0.100
USW00023170	2003	1	9	16	0	0.100
USW00023170	2003	1	11	8	0	0.100
USW00023170	2003	2	25	21	0	0.100
USW00023170	2003	2	26	4	0	0.100
USW00023170	2003	2	26	7	0	0.100
USW00023170	2003	2	26	9	0	0.100
USW00023170	2003	2	26	12	0	0.100
USW00023170	2003	2	27	22	0	0.100
USW00023170	2003	3	3	20	0	0.100
USW00023170	2003	3	3	21	0	0.100
USW00023170	2003	3	16	20	0	0.100
USW00023170	2003	3	16	22	0	0.100
USW00023170	2003	3	20	20	0	0.100
USW00023170	2003	5	15	5	0	0.100
USW00023170	2003	5	15	7	0	0.200
USW00023170	2003	5	16	12	0	0.100
USW00023170	2003	6	12	13	0	0.008
USW00023170	2003	6	12	18	0	0.008
USW00023170	2003	6	19	13	0	0.009
USW00023170	2003	6	19	17	0	0.053
USW00023170	2003	6	24	12	0	0.001
USW00023170	2003	7	18	22	0	0.008
USW00023170	2003	7	18	23	0	0.049
USW00023170	2003	7	18	24	0	0.001
USW00023170	2003	7	19	2	0	0.011
USW00023170	2003	7	19	15	0	0.015
USW00023170	2003	7	19	16	0	0.004
USW00023170	2003	7	19	20	0	0.006
USW00023170	2003	7	19	21	0	0.001
USW00023170	2003	7	20	19	0	0.026
USW00023170	2003	8	3	14	0	0.001
USW00023170	2003	8	3	15	0	0.003
USW00023170	2003	8	7	13	0	0.001
USW00023170	2003	8	8	16	0	0.063
USW00023170	2003	8	8	17	0	0.012
USW00023170	2003	8	8	18	0	0.005
USW00023170	2003	8	8	19	0	0.005
USW00023170	2003	8	8	20	0	0.02
USW00023170	2003	8	8	21	0	0.013
USW00023170	2003	8	11	15	0	0.001
USW00023170	2003	8	11	16	0	0.001
USW00023170	2003	8	12	17	0	0.024
USW00023170	2003	8	12	20	0	0.004
USW00023170	2003	8	12	21	0	0.005
USW00023170	2003	8	14	22	0	0.045
USW00023170	2003	8	16	13	0	0.089
USW00023170	2003	8	16	14	0	0.118
USW00023170	2003	8	16	15	0	0.041
USW00023170	2003	8	16	16	0	0.002
USW00023170	2003	8	22	19	0	0.007
USW00023170	2003	8	22	20	0	0.032
USW00023170	2003	8	22	21	0	0.011
USW00023170	2003	8	23	15	0	0.243
USW00023170	2003	8	23	16	0	0.341
USW00023170	2003	8	23	17	0	0.003
USW00023170	2003	8	29	16	0	0.053
USW00023170	2003	8	29	17	0	0.076
USW00023170	2003	8	29	18	0	0.025
USW00023170	2003	8	30	3	0	0.011
USW00023170	2003	9	2	9	0	0.003
USW00023170	2003	9	4	15	0	0.107
USW00023170	2003	9	4	16	0	0.067
USW00023170	2003	9	5	10	0	0.056
USW00023170	2003	9	6	3	0	0.001
USW00023170	2003	9	6	14	0	0.019
USW00023170	2003	9	6	15	0	0.637
USW00023170	2003	9	6	16	0	0.062
USW00023170	2003	9	7	6	0	0.01
USW00023170	2003	9	9	13	0	0.03
USW00023170	2003	9	9	14	0	0.018
USW00023170	2003	9	10	9	0	0.003
USW00023170	2003	9	10	15	0	0.003
USW00023170	2003	9	10	16	0	0.003
USW00023170	2003	10	1	18	0	0.001
USW00023170	2003	10	2	1	0	0.042
USW00023170	2003	10	2	2	0	0.008
USW00023170	2003	10	2	3	0	0.016
USW00023170	2003	10	2	4	0	0.005
USW00023170	2003	10	2	6	0	0.006
USW00023170	2003	10	2	7	0	0.078
USW00023170	2003	10	2	8	0	0.165
USW00023170	2003	10	2	9	0	0.092
USW00023170	2003	10	2	10	0	0.002
USW00023170	2003	10	2	19	0	0.131
USW00023170	2003	10	2	20	0	0.008
USW00023170	2003	10	3	13	0	0.008
USW00023170	2003	10	3	14	0	0.052
USW00023170	2003	11	9	10	0	0.006
USW00023170	2003	11	9	12	0	0.001
USW00023170	2003	11	9	15	0	0.001
USW00023170	2003	11	9	19	0	0.001
USW00023170	2003	11	10	9	0	0.001
USW00023170	2003	11	10	11	0	0.006
USW00023170	2003	11	10	12	0	0.001
USW00023170	2003	11	10	16	0	0.001
USW00023170	2003	11	12	20	0	0.471
USW00023170	2003	11	13	7	0	0.143
USW00023170	2003	11	13	8	0	0.183
USW00023170	2003	11	13	11	0	0.081
USW00023170	2003	11	21	11	0	0.015
USW00023170	2003	12	7	21	0	0.331
USW00023170	2003	12	8	9	0	0.118
USW00023170	2003	12	8	11	0	0.015
USW00023170	2003	12	25	16	0	0.005
USW00023170	2003	12	25	24	0	0.064
USW00023170	2003	12	26	1	0	0.033
USW00023170	2003	12	26	2	0	0.007
USW00023170	2003	12	26	7	0	0.008
USW00023170	2003	12	29	15	0	0.05
USW00023170	2004	1	27	14	0	0.100
USW00023170	2004	1	31	12	0	0.100
USW00023170	2004	2	24	7	0	0.100
USW00023170	2004	2	24	13	0	0.100
USW00023170	2004	2	27	11	0	0.100
USW00023170	2004	2	27	13	0	0.100
USW00023170	2004	2	27	14	0	0.100
USW00023170	2004	2	27	16	0	0.100
USW00023170	2004	3	23	14	0	0.123
USW00023170	2004	3	26	16	0	0.023
USW00023170	2004	4	2	14	0	0.200
USW00023170	2004	4	2	15	0	0.100
USW00023170	2004	4	3	13	0	0.100
USW00023170	2004	4	6	18	0	0.200
USW00023170	2004	4	8	14	0	0.100
USW00023170	2004	4	22	8	0	0.100
USW00023170	2004	4	22	24	0	0.100
USW00023170	2004	4	29	23	0	0.100
USW00023170	2004	4	29	24	0	0.100
USW00023170	2004	4	30	1	0	0.200
USW00023170	2004	4	30	3	0	0.100
USW00023170	2004	4	30	4	0	0.100
USW00023170	2004	5	3	15	0	0.100
USW00023170	2004	5	29	7	0	0.100
USW00023170	2004	5	29	8	0	0.100
USW00023170	2004	6	29	3	0	0.100
USW00023170	2004	6	29	17	0	0.100
USW00023170	2004	6	29	19	0	0.100
USW00023170	2004	6	30	7	0	0.100
USW00023170	2004	7	15	17	0	0.100
USW00023170	2004	7	16	8	0	0.100
USW00023170	2004	7	16	19	0	0.100
USW00023170	2004	7	16	23	0	0.100
USW00023170	2004	7	19	5	0	0.100
USW00023170	2004	7	26	15	0	0.300
USW00023170	2004	8	4	20	0	0.100
USW00023170	2004	8	19	3	0	0.100
USW00023170	2004	8	19	12	0	0.100
USW00023170	2004	9	1	13	0	0.100
USW00023170	2004	9	4	12	0	0.100
USW00023170	2004	9	10	16	0	0.100
USW00023170	2004	9	24	16	0	0.100
USW00023170	2004	9	24	18	0	0.100
USW00023170	2004	9	29	1	0	0.100
USW00023170	2004	9	29	19	0	0.200
USW00023170	2004	10	5	5	0	0.100
USW00023170	2004	10	21	15	0	0.100
USW00023170	2004	10	21	21	0	0.100
USW00023170	2004	10	24	8	0	0.100
USW00023170	2004	10	28	8	0	0.100
USW00023170	2004	11	2	8	0	0.100
USW00023170	2004	11	8	4	0	0.100
USW00023170	2004	11	8	6	0	0.100
USW00023170	2004	11	8	17	0	0.100
USW00023170	2004	11	9	2	0	0.100
USW00023170	2004	11	9	3	0	0.300
USW00023170	2004	11	9	4	0	0.200
USW00023170	2004	11	9	5	0	0.100
USW00023170	2004	11	9	8	0	0.200
USW00023170	2004	11	9	9	0	0.100
USW00023170	2004	11	9	10	0	0.100
USW00023170	2004	11	9	12	0	0.100
USW00023170	2004	11	12	12	0	0.100
USW00023170	2004	11	12	16	0	0.100
USW00023170	2004	11	13	1	0	0.100
USW00023170	2004	11	20	5	0	0.100
USW00023170	2004	11	20	13	0	0.100
USW00023170	2004	11	20	14	0	0.100
USW00023170	2004	11	21	6	0	0.100
USW00023170	2004	11	21	8	0	0.100
USW00023170	2004	11	21	11	0	0.100
USW00023170	2004	11	21	18	0	0.100
USW00023170	2004	11	22	2	0	0.100
USW00023170	2004	11	28	14	0	0.100
USW00023170	2004	12	29	3	0	0.100
USW00023170	2004	12	29	7	0	0.200
USW00023170	2004	12	29	8	0	0.200
USW00023170	2004	12	29	9	0	0.100
USW00023170	2005	1	1	13	0	0.100
USW00023170	2005	1	3	19	0	0.100
USW00023170	2005	1	3	21	0	0.100
USW00023170	2005	1	3	22	0	0.200
USW00023170	2005	1	3	24	0	0.100
USW00023170	2005	1	4	13	0	0.100
USW00023170	2005	1	4	19	0	0.200
USW00023170	2005	1	4	20	0	0.200
USW00023170	2005	1	5	2	0	0.100
USW00023170	2005	1	5	12	0	0.100
USW00023170	2005	1	11	16	0	0.100
USW00023170	2005	1	11	18	0	0.100
USW00023170	2005	1	26	20	0	0.100
USW00023170	2005	1	27	14	0	0.100
USW00023170	2005	2	11	23	0	0.100
USW00023170	2005	2	19	13	0	0.100
USW00023170	2005	2	21	18	0	0.017
USW00023170	2005	2	21	19	0	0.033
USW00023170	2005	2	21	20	0	0.041
USW00023170	2005	2	22	4	0	0.017
USW00023170	2005	2	22	14	0	0.341
USW00023170	2005	2	22	15	0	0.068
USW00023170	2005	2	23	13	0	0.296
USW00023170	2005	3	2	12	0	0.002
USW00023170	2005	3	2	14	0	0.002
USW00023170	2005	3	3	5	0	0.002
USW00023170	2005	3	19	9	0	0.136
USW00023170	2005	3	19	12	0	0.136
USW00023170	2005	3	20	12	0	0.097
USW00023170	2005	3	20	13	0	0.219
USW00023170	2005	3	23	10	0	0.077
USW00023170	2005	3	25	14	0	0.005
USW00023170	2005	4	9	17	0	0.100
USW00023170	2005	4	9	23	0	0.100
USW00023170	2005	4	24	5	0	0.100
USW00023170	2005	4	25	14	0	0.100
USW00023170	2005	4	27	13	0	0.100
USW00023170	2005	4	27	15	0	0.200
USW00023170	2005	4	27	16	0	0.300
USW00023170	2005	5	1	9	0	0.01
USW00023170	2005	5	1	10	0	0.005
USW00023170	2005	5	1	11	0	0.01
USW00023170	2005	5	1	12	0	0.005
USW00023170	2005	5	1	13	0	0.01
USW00023170	2005	5	1	15	0	0.005
USW00023170	2005	5	1	17	0	0.005
USW00023170	2005	5	1	18	0	0.005
USW00023170	2005	5	2	18	0	0.227
USW00023170	2005	5	3	19	0	0.017
USW00023170	2005	5	4	10	0	0.123
USW00023170	2005	5	5	20	0	0.004
USW00023170	2005	5	16	23	0	0.052
USW00023170	2005	5	17	21	0	0.009
USW00023170	2005	5	18	2	0	0.037
USW00023170	2005	6	3	5	0	0.100
USW00023170	2005	6	3	6	0	0.300
USW00023170	2005	6	3	7	0	0.200
USW00023170	2005	6	3	8	0	0.100
USW00023170	2005	6	3	10	0	0.100
USW00023170	2005	6	3	11	0	0.100
USW00023170	2005	6	3	12	0	0.100
USW00023170	2005	6	22	22	0	0.100
USW00023170	2005	6	23	16	0	0.100
USW00023170	2005	7	25	15	0	0.001
USW00023170	2005	7	25	16	0	0.092
USW00023170	2005	7	25	23	0	0.020
USW00023170	2005	8	11	17	0	0.001
USW00023170	2005	8	11	18	0	0.013
USW00023170	2005	8	11	19	0	0.001
USW00023170	2005	8	11	23	0	0.020
USW00023170	2005	8	13	15	0	0.005
USW00023170	2005	8	13	16	0	0.009
USW00023170	2005	8	13	17	0	0.008
USW00023170	2005	8	13	23	0	0.010
USW00023170	2005	8	15	23	0	0.090
USW00023170	2005	8	16	3	0	0.145
USW00023170	2005	8	16	23	0	0.300
USW00023170	2005	8	19	12	0	0.027
USW00023170	2005	8	19	13	0	0.154
USW00023170	2005	8	19	23	0	0.200
USW00023170	2005	8	27	16	0	0.013
USW00023170	2005	8	27	23	0	0.010
USW00023170	2005	9	3	15	0	0.100
USW00023170	2005	9	3	16	0	0.100
USW00023170	2005	9	4	9	0	0.100
USW00023170	2005	9	4	16	0	0.200
USW00023170	2005	9	8	14	0	0.200
USW00023170	2005	9	8	15	0	0.300
USW00023170	2005	9	9	3	0	0.200
USW00023170	2005	9	15	10	0	0.100
USW00023170	2005	9	27	21	0	0.700
USW00023170	2005	9	27	22	0	0.100
USW00023170	2005	10	16	9	0	0.100
USW00023170	2005	10	18	14	0	0.100
USW00023170	2005	10	18	18	0	0.200
USW00023170	2005	10	18	19	0	0.500
USW00023170	2005	10	28	14	0	0.100
USW00023170	2005	10	28	15	0	0.100
USW00023170	2005	10	28	20	0	0.100
USW00023170	2005	11	11	15	0	0.200
USW00023170	2005	11	11	16	0	0.200
USW00023170	2005	12	2	18	0	0.100
USW00023170	2005	12	26	20	0	0.100
USW00023170	2006	1	25	20	0	0.100
USW00023170	2006	2	15	3	0	0.100
USW00023170	2006	3	10	1	0	0.100
USW00023170	2006	3	10	3	0	0.100
USW00023170	2006	3	10	5	0	0.100
USW00023170	2006	3	10	20	0	0.100
USW00023170	2006	3	14	16	0	0.100
USW00023170	2006	3	28	18	0	0.100
USW00023170	2006	3	29	6	0	0.100
USW00023170	2006	4	1	18	0	0.100
USW00023170	2006	4	5	11	0	0.100
USW00023170	2006	6	8	17	0	0.100
USW00023170	2006	7	1	8	0	0.100
USW00023170	2006	7	7	16	0	0.200
USW00023170	2006	7	7	20	0	0.200
USW00023170	2006	7	7	21	0	0.100
USW00023170	2006	7	7	22	0	0.100
USW00023170	2006	7	12	9	0	0.100
USW00023170	2006	8	5	5	0	0.100
USW00023170	2006	8	7	17	0	0.700
USW00023170	2006	8	7	18	0	0.100
USW00023170	2006	8	16	15	0	0.100
USW00023170	2006	8	16	16	0	0.100
USW00023170	2006	9	14	24	0	0.100
USW00023170	2006	9	15	1	0	0.200
USW00023170	2006	9	15	10	0	0.100
USW00023170	2006	9	21	24	0	0.100
USW00023170	2006	10	3	8	0	0.100
USW00023170	2006	10	5	14	0	0.100
USW00023170	2006	10	5	20	0	0.300
USW00023170	2006	10	5	21	0	0.300
USW00023170	2006	10	6	1	0	0.100
USW00023170	2006	10	6	2	0	0.200
USW00023170	2006	10	6	3	0	0.100
USW00023170	2006	10	6	4	0	0.300
USW00023170	2006	10	6	5	0	0.300
USW00023170	2006	10	6	7	0	0.400
USW00023170	2006	10	6	8	0	0.100
USW00023170	2006	10	6	9	0	0.300
USW00023170	2006	10	6	10	0	0.200
USW00023170	2006	10	6	12	0	0.200
USW00023170	2006	10	6	17	0	0.100
USW00023170	2006	10	6	18	0	0.200
USW00023170	2006	10	6	24	0	0.100
USW00023170	2006	10	9	3	0	0.200
USW00023170	2006	10	9	4	0	0.100
USW00023170	2006	10	9	10	0	0.100
USW00023170	2006	10	10	17	0	0.200
USW00023170	2006	10	10	18	0	0.100
USW00023170	2006	10	14	6	0	0.100
USW00023170	2006	10	14	8	0	0.100
USW00023170	2006	10	14	11	0	0.100
USW00023170	2006	10	14	16	0	0.100
USW00023170	2006	10	17	5	0	0.100
USW00023170	2006	10	17	6	0	0.200
USW00023170	2006	10	25	1	0	0.100
USW00023170	2006	10	31	12	0	0.100
USW00023170	2007	2	13	7	0	0.100
USW00023170	2007	2	19	18	0	0.100
USW00023170	2007	3	13	24	0	0.100
USW00023170	2007	3	24	8	0	0.100
USW00023170	2007	3	29	9	0	0.100
USW00023170	2007	4	8	19	0	0.100
USW00023170	2007	4	16	16	0	0.200
USW00023170	2007	4	23	6	0	0.100
USW00023170	2007	4	23	23	0	0.100
USW00023170	2007	7	22	19	0	0.300
USW00023170	2007	7	23	6	0	0.100
USW00023170	2007	8	2	19	0	0.100
USW00023170	2007	8	5	18	0	0.100
USW00023170	2007	8	5	20	0	0.100
USW00023170	2007	8	5	21	0	0.100
USW00023170	2007	8	5	22	0	0.100
USW00023170	2007	8	26	20	0	0.100
USW00023170	2007	8	27	4	0	0.100
USW00023170	2007	8	27	6	0	0.100
USW00023170	2007	9	16	20	0	0.100
USW00023170	2007	9	22	17	0	0.100
USW00023170	2007	9	22	22	0	0.200
USW00023170	2007	9	22	23	0	0.100
USW00023170	2007	9	23	1	0	0.100
USW00023170	2007	11	22	19	0	0.100
USW00023170	2007	11	30	18	0	0.100
USW00023170	2007	12	2	20	0	0.100
USW00023170	2007	12	7	6	0	0.100
USW00023170	2007	12	10	20	0	0.100
USW00023170	2008	1	6	22	0	0.100
USW00023170	2008	1	7	13	0	0.100
USW00023170	2008	1	24	15	0	0.100
USW00023170	2008	1	27	16	0	0.100
USW00023170	2008	2	3	20	0	0.100
USW00023170	2008	2	13	24	0	0.100
USW00023170	2008	2	14	12	0	0.100
USW00023170	2008	2	21	5	0	0.100
USW00023170	2008	2	24	20	0	0.100
USW00023170	2008	3	16	15	0	0.100
USW00023170	2008	3	16	18	0	0.100
USW00023170	2008	5	8	9	0	0.100
USW00023170	2008	5	9	1	0	0.100
USW00023170	2008	5	12	15	0	0.100
USW00023170	2008	5	23	2	0	0.100
USW00023170	2008	5	25	14	0	0.100
USW00023170	2008	6	2	7	0	0.100
USW00023170	2008	6	5	2	0	0.100
USW00023170	2008	7	22	14	0	0.100
USW00023170	2008	7	22	24	0	0.100
USW00023170	2008	8	5	20	0	0.100
USW00023170	2008	8	5	21	0	0.100
USW00023170	2008	8	5	23	0	0.100
USW00023170	2008	8	6	2	0	0.100
USW00023170	2008	8	6	3	0	0.100
USW00023170	2008	8	7	15	0	0.500
USW00023170	2008	8	8	16	0	0.100
USW00023170	2008	8	30	15	0	0.700
USW00023170	2008	8	31	4	0	0.100
USW00023170	2008	9	1	6	0	0.001
USW00023170	2008	9	1	7	0	0.001
USW00023170	2008	9	11	14	0	0.100
USW00023170	2008	10	4	11	0	0.100
USW00023170	2008	10	4	13	0	0.100
USW00023170	2008	11	26	19	0	0.100
USW00023170	2008	11	26	20	0	0.100
USW00023170	2008	11	27	11	0	0.100
USW00023170	2008	11	27	12	0	0.100
USW00023170	2008	11	27	17	0	0.100
USW00023170	2008	11	27	20	0	0.100
USW00023170	2008	11	27	23	0	0.100
USW00023170	2008	12	13	21	0	0.100
USW00023170	2008	12	17	21	0	0.100
USW00023170	2008	12	18	2	0	0.100
USW00023170	2008	12	18	4	0	0.100
USW00023170	2009	1	26	19	0	0.100
USW00023170	2009	1	27	12	0	0.100
USW00023170	2009	3	7	6	0	0.100
USW00023170	2009	4	3	14	0	0.200
USW00023170	2009	4	4	16	0	0.100
USW00023170	2009	4	11	24	0	0.100
USW00023170	2009	4	12	7	0	0.100
USW00023170	2009	5	21	18	0	0.100
USW00023170	2009	5	22	18	0	0.100
USW00023170	2009	5	22	19	0	0.300
USW00023170	2009	5	22	20	0	0.200
USW00023170	2009	5	22	21	0	0.100
USW00023170	2009	5	22	22	0	0.100
USW00023170	2009	5	23	1	0	0.100
USW00023170	2009	5	23	9	0	0.100
USW00023170	2009	5	23	12	0	0.100
USW00023170	2009	5	25	7	0	0.100
USW00023170	2009	5	29	1	0	0.100
USW00023170	2009	6	26	1	0	0.200
USW00023170	2009	6	26	12	0	0.100
USW00023170	2009	6	26	14	0	0.200
USW00023170	2009	7	1	8	0	0.100
USW00023170	2009	9	13	13	0	0.100
USW00023170	2009	9	14	9	0	0.100
USW00023170	2009	9	14	16	0	0.100
USW00023170	2009	9	14	20	0	0.100
USW00023170	2009	9	15	2	0	0.100
USW00023170	2009	10	29	15	0	0.100
USW00023170	2009	12	7	23	0	0.100
USW00023170	2009	12	9	8	0	0.100
USW00023170	2009	12	13	8	0	0.100
USW00023170	2009	12	13	9	0	0.100
USW00023170	2009	12	13	10	0	0.100
USW00023170	2010	1	20	2	0	0.100
USW00023170	2010	1	20	3	0	0.100
USW00023170	2010	1	20	10	0	0.100
USW00023170	2010	1	21	18	0	0.100
USW00023170	2010	1	21	20	0	0.100
USW00023170	2010	1	21	21	0	0.100
USW00023170	2010	1	22	10	0	0.100
USW00023170	2010	1	27	9	0	0.100
USW00023170	2010	1	27	15	0	0.100
USW00023170	2010	1	27	19	0	0.100
USW00023170	2010	1	27	21	0	0.100
USW00023170	2010	1	28	9	0	0.100
USW00023170	2010	2	6	23	0	0.100
USW00023170	2010	2	7	3	0	0.100
USW00023170	2010	2	7	8	0	0.100
USW00023170	2010	2	7	13	0	0.100
USW00023170	2010	2	19	5	0	0.100
USW00023170	2010	2	19	7	0	0.100
USW00023170	2010	2	19	10	0	0.100
USW00023170	2010	2	19	12	0	0.100
USW00023170	2010	2	21	16	0	0.100
USW00023170	2010	3	4	16	0	0.100
USW00023170	2010	3	7	5	0	0.100
USW00023170	2010	3	8	1	0	0.100
USW00023170	2010	3	8	3	0	0.100
USW00023170	2010	3	8	5	0	0.100
USW00023170	2010	3	9	17	0	0.100
USW00023170	2010	3	9	19	0	0.200
USW00023170	2010	3	9	20	0	0.100
USW00023170	2010	3	13	17	0	0.100
USW00023170	2010	3	13	18	0	0.100
USW00023170	2010	3	14	10	0	0.100
USW00023170	2010	3	27	15	0	0.100
USW00023170	2010	5	2	6	0	0.100
USW00023170	2010	5	12	14	0	0.100
USW00023170	2010	5	12	16	0	0.100
USW00023170	2010	6	7	11	0	0.100
USW00023170	2010	6	7	17	0	0.100
USW00023170	2010	6	11	11	0	0.100
USW00023170	2010	6	12	12	0	0.100
USW00023170	2010	6	12	19	0	0.100
USW00023170	2010	6	13	18	0	0.100
USW00023170	2010	7	19	18	0	0.200
USW00023170	2010	7	20	14	0	0.300
USW00023170	2010	7	20	15	0	0.200
USW00023170	2010	7	29	14	0	0.200
USW00023170	2010	8	7	8	0	0.100
USW00023170	2010	8	7	13	0	0.100
USW00023170	2010	8	19	12	0	0.100
USW00023170	2010	8	22	13	0	0.100
USW00023170	2010	9	7	16	0	0.100
USW00023170	2010	9	8	6	0	0.100
USW00023170	2010	9	22	13	0	0.100
USW00023170	2010	10	4	15	0	0.100
USW00023170	2010	10	5	3	0	0.100
USW00023170	2010	10	5	11	0	0.100
USW00023170	2010	10	5	14	0	0.100
USW00023170	2010	10	5	20	0	0.100
USW00023170	2010	10	5	23	0	0.100
USW00023170	2010	10	5	24	0	0.100
USW00023170	2010	10	6	3	0	0.100
USW00023170	2010	10	6	8	0	0.300
USW00023170	2010	10	6	11	0	0.100
USW00023170	2010	10	6	12	0	0.400
USW00023170	2010	10	6	13	0	0.300
USW00023170	2010	10	6	14	0	0.100
USW00023170	2010	10	21	23	0	0.100
USW00023170	2010	10	22	3	0	0.100
USW00023170	2010	10	22	5	0	0.100
USW00023170	2010	10	22	7	0	0.100
USW00023170	2010	10	23	17	0	0.100
USW00023170	2010	11	10	13	0	0.100
USW00023170	2010	11	10	16	0	0.100
USW00023170	2010	11	10	21	0	0.100
USW00023170	2010	11	22	13	0	0.100
USW00023170	2010	12	23	9	0	0.100
USW00023170	2010	12	29	24	0	0.100
USW00023170	2010	12	30	2	0	0.100
USW00023170	2011	2	19	7	0	0.100
USW00023170	2011	2	19	14	0	0.100
USW00023170	2011	3	7	15	0	0.065
USW00023170	2011	3	7	23	0	0.100
USW00023170	2011	3	17	17	0	0.004
USW00023170	2011	3	17	18	0	0.04
USW00023170	2011	3	17	23	0	0.100
USW00023170	2011	3	26	14	0	0.034
USW00023170	2011	3	26	18	0	0.012
USW00023170	2011	3	26	19	0	0.037
USW00023170	2011	3	26	23	0	0.100
USW00023170	2011	4	21	9	0	0.100
USW00023170	2011	4	24	22	0	0.100
USW00023170	2011	4	25	21	0	0.100
USW00023170	2011	4	25	22	0	0.100
USW00023170	2011	4	25	23	0	0.100
USW00023170	2011	5	9	6	0	0.100
USW00023170	2011	5	9	7	0	0.100
USW00023170	2011	5	18	8	0	0.100
USW00023170	2011	5	18	16	0	0.100
USW00023170	2011	5	19	2	0	0.100
USW00023170	2011	5	19	9	0	0.100
USW00023170	2011	5	19	13	0	0.100
USW00023170	2011	5	27	15	0	0.100
USW00023170	2011	6	1	2	0	0.100
USW00023170	2011	7	4	15	0	0.002
USW00023170	2011	7	4	18	0	0.004
USW00023170	2011	7	8	13	0	0.100
USW00023170	2011	7	10	21	0	0.100
USW00023170	2011	7	11	2	0	0.100
USW00023170	2011	7	19	20	0	0.100
USW00023170	2011	7	20	10	0	0.100
USW00023170	2011	7	20	21	0	0.100
USW00023170	2011	7	25	14	0	0.007
USW00023170	2011	7	25	21	0	0.016
USW00023170	2011	7	26	1	0	0.100
USW00023170	2011	7	26	10	0	0.100
USW00023170	2011	7	27	14	0	0.400
USW00023170	2011	7	27	15	0	0.100
USW00023170	2011	7	31	1	0	0.100
USW00023170	2011	7	31	21	0	0.100
USW00023170	2011	8	1	16	0	0.003
USW00023170	2011	8	3	15	0	0.018
USW00023170	2011	8	4	13	0	0.001
USW00023170	2011	8	4	14	0	0.008
USW00023170	2011	8	4	15	0	0.003
USW00023170	2011	8	4	18	0	0.004
USW00023170	2011	8	14	11	0	0.005
USW00023170	2011	8	14	12	0	0.012
USW00023170	2011	8	14	13	0	0.002
USW00023170	2011	8	14	17	0	0.008
USW00023170	2011	8	15	16	0	0.021
USW00023170	2011	8	18	15	0	0.004
USW00023170	2011	8	20	15	0	0.001
USW00023170	2011	8	20	16	0	0.001
USW00023170	2011	8	21	16	0	0.004
USW00023170	2011	8	21	17	0	0.008
USW00023170	2011	8	23	16	0	0.002
USW00023170	2011	8	25	6	0	0.098
USW00023170	2011	8	25	18	0	0.032
USW00023170	2011	8	26	17	0	0.016
USW00023170	2011	8	27	3	0	0.033
USW00023170	2011	8	27	4	0	0.021
USW00023170	2011	8	27	22	0	0.001
USW00023170	2011	8	27	23	0	0.014
USW00023170	2011	8	27	24	0	0.007
USW00023170	2011	8	28	1	0	0.002
USW00023170	2011	8	28	5	0	0.006
USW00023170	2011	8	28	6	0	0.005
USW00023170	2011	8	28	7	0	0.005
USW00023170	2011	8	28	8	0	0.001
USW00023170	2011	8	28	18	0	0.002
USW00023170	2011	8	28	19	0	0.001
USW00023170	2011	8	29	15	0	0.001
USW00023170	2011	8	29	16	0	0.011
USW00023170	2011	8	29	17	0	0.002
USW00023170	2011	8	30	14	0	0.006
USW00023170	2011	8	30	16	0	0.003
USW00023170	2011	8	30	19	0	0.005
USW00023170	2011	9	9	18	0	0.004
USW00023170	2011	9	9	19	0	0.06
USW00023170	2011	9	9	20	0	0.02
USW00023170	2011	9	9	21	0	0.002
USW00023170	2011	9	10	13	0	0.002
USW00023170	2011	9	10	14	0	0.023
USW00023170	2011	9	10	23	0	0.100
USW00023170	2011	9	11	5	0	0.003
USW00023170	2011	9	11	17	0	0.006
USW00023170	2011	9	11	18	0	0.002
USW00023170	2011	9	12	15	0	0.014
USW00023170	2011	9	12	23	0	0.100
USW00023170	2011	9	14	7	0	0.083
USW00023170	2011	9	14	13	0	0.004
USW00023170	2011	9	14	23	0	0.100
USW00023170	2011	9	16	15	0	0.156
USW00023170	2011	9	16	16	0	0.14
USW00023170	2011	9	16	18	0	0.004
USW00023170	2011	9	16	19	0	0.009
USW00023170	2011	9	16	23	0	0.300
USW00023170	2011	9	17	6	0	0.001
USW00023170	2011	9	17	8	0	0.132
USW00023170	2011	9	17	23	0	0.300
USW00023170	2011	10	6	23	0	0.200
USW00023170	2011	10	8	5	0	0.011
USW00023170	2011	10	8	10	0	0.006
USW00023170	2011	10	8	23	0	0.100
USW00023170	2011	10	26	2	0	0.012
USW00023170	2011	10	26	3	0	0.09
USW00023170	2011	10	26	13	0	0.01
USW00023170	2011	10	26	14	0	0.006
USW00023170	2011	10	26	15	0	0.003
USW00023170	2011	10	26	23	0	0.100
USW00023170	2011	11	7	15	0	0.100
USW00023170	2011	11	8	8	0	0.010
USW00023170	2011	11	14	2	0	0.010
USW00023170	2011	12	12	3	0	0.010
USW00023170	2011	12	12	17	0	0.020
USW00023170	2011	12	12	18	0	0.040
USW00023170	2011	12	12	19	0	0.030
USW00023170	2011	12	12	20	0	0.030
USW00023170	2011	12	12	22	0	0.010
USW00023170	2011	12	13	2	0	0.010
USW00023170	2011	12	13	19	0	0.010
USW00023170	2011	12	14	9	0	0.010
USW00023170	2011	12	14	22	0	0.010
