Rainfall Distribution TYPE MSE2 Time increment 0.10000     Num of Points 241
     0.0 0.00017 0.00036 0.00056 0.00079 0.00103 0.00129 0.00157 0.00187 0.00218
 0.00251 0.00286 0.00323 0.00362 0.00402 0.00444 0.00488 0.00534 0.00581 0.00631
 0.00682 0.00735 0.00789 0.00846 0.00904 0.00964 0.01026 0.01090 0.01155 0.01223
 0.01292 0.01363 0.01435 0.01510 0.01586 0.01664 0.01744 0.01825 0.01909 0.01994
 0.02081 0.02170 0.02260 0.02353 0.02447 0.02543 0.02641 0.02740 0.02842 0.02945
 0.03050 0.03156 0.03265 0.03375 0.03487 0.03601 0.03717 0.03835 0.03954 0.04075
 0.04198 0.04322 0.04449 0.04577 0.04707 0.04839 0.04973 0.05108 0.05245 0.05384
 0.05525 0.05668 0.05812 0.05958 0.06106 0.06256 0.06408 0.06561 0.06716 0.06873
 0.07032 0.07193 0.07355 0.07519 0.07685 0.07853 0.08022 0.08194 0.08367 0.08542
 0.08718 0.09012 0.09310 0.09612 0.09919 0.10229 0.10545 0.10864 0.11188 0.11516
 0.11849 0.12185 0.12527 0.12872 0.13222 0.13576 0.14115 0.14732 0.15428 0.16203
 0.17056 0.17988 0.18998 0.20087 0.21254 0.22500 0.24398 0.26912 0.30466 0.35622
 0.45627 0.64378 0.69534 0.73088 0.75602 0.77500 0.78746 0.79913 0.81002 0.82012
 0.82944 0.83797 0.84572 0.85268 0.85885 0.86424 0.86778 0.87128 0.87473 0.87815
 0.88151 0.88484 0.88812 0.89136 0.89455 0.89771 0.90081 0.90388 0.90690 0.90988
 0.91282 0.91458 0.91633 0.91806 0.91978 0.92147 0.92315 0.92481 0.92645 0.92807
 0.92968 0.93127 0.93284 0.93439 0.93592 0.93744 0.93894 0.94042 0.94188 0.94332
 0.94475 0.94616 0.94755 0.94892 0.95027 0.95161 0.95293 0.95423 0.95551 0.95678
 0.95802 0.95925 0.96046 0.96165 0.96283 0.96399 0.96513 0.96625 0.96735 0.96844
 0.96950 0.97055 0.97158 0.97260 0.97359 0.97457 0.97553 0.97647 0.97740 0.97830
 0.97919 0.98006 0.98091 0.98175 0.98256 0.98336 0.98414 0.98490 0.98565 0.98637
 0.98708 0.98777 0.98845 0.98910 0.98974 0.99036 0.99096 0.99154 0.99211 0.99265
 0.99318 0.99369 0.99419 0.99466 0.99512 0.99556 0.99598 0.99638 0.99677 0.99714
 0.99749 0.99782 0.99813 0.99843 0.99871 0.99897 0.99921 0.99944 0.99964 0.99983
 1.00000 