Rainfall Distribution TYPE MSE6 Time increment 0.10000     Num of Points 241
     0.0 0.00071 0.00145 0.00221 0.00300 0.00380 0.00464 0.00549 0.00637 0.00727
 0.00820 0.00915 0.01013 0.01112 0.01215 0.01319 0.01426 0.01535 0.01647 0.01761
 0.01878 0.01996 0.02118 0.02241 0.02367 0.02495 0.02626 0.02759 0.02894 0.03032
 0.03172 0.03315 0.03460 0.03607 0.03757 0.03909 0.04063 0.04220 0.04379 0.04540
 0.04704 0.04871 0.05039 0.05210 0.05384 0.05559 0.05737 0.05918 0.06101 0.06286
 0.06474 0.06664 0.06856 0.07051 0.07248 0.07447 0.07649 0.07853 0.08060 0.08269
 0.08480 0.08694 0.08910 0.09129 0.09349 0.09573 0.09798 0.10026 0.10256 0.10489
 0.10724 0.10962 0.11201 0.11444 0.11688 0.11935 0.12184 0.12436 0.12690 0.12947
 0.13205 0.13467 0.13730 0.13996 0.14264 0.14535 0.14808 0.15083 0.15361 0.15641
 0.15924 0.16327 0.16735 0.17148 0.17566 0.17990 0.18418 0.18851 0.19289 0.19732
 0.20180 0.20632 0.21090 0.21553 0.22021 0.22494 0.23145 0.23857 0.24630 0.25465
 0.26360 0.27316 0.28333 0.29411 0.30550 0.31750 0.33312 0.35347 0.38046 0.41660
 0.47904 0.58340 0.61954 0.64653 0.66688 0.68250 0.69450 0.70589 0.71667 0.72684
 0.73640 0.74535 0.75370 0.76143 0.76855 0.77506 0.77979 0.78447 0.78910 0.79368
 0.79820 0.80268 0.80711 0.81149 0.81582 0.82010 0.82434 0.82852 0.83265 0.83673
 0.84076 0.84359 0.84639 0.84917 0.85192 0.85465 0.85736 0.86004 0.86270 0.86533
 0.86795 0.87053 0.87310 0.87564 0.87816 0.88065 0.88312 0.88556 0.88799 0.89038
 0.89276 0.89511 0.89744 0.89974 0.90202 0.90427 0.90651 0.90871 0.91090 0.91306
 0.91520 0.91731 0.91940 0.92147 0.92351 0.92553 0.92752 0.92949 0.93144 0.93336
 0.93526 0.93714 0.93899 0.94082 0.94263 0.94441 0.94616 0.94790 0.94961 0.95129
 0.95296 0.95460 0.95621 0.95780 0.95937 0.96091 0.96243 0.96393 0.96540 0.96685
 0.96828 0.96968 0.97106 0.97241 0.97374 0.97505 0.97633 0.97759 0.97882 0.98004
 0.98122 0.98239 0.98353 0.98465 0.98574 0.98681 0.98785 0.98888 0.98987 0.99085
 0.99180 0.99273 0.99363 0.99451 0.99536 0.99620 0.99700 0.99779 0.99855 0.99929
 1.00000 