Rainfall Distribution TYPE MSE4 Time increment 0.10000     Num of Points 241
     0.0 0.00040 0.00081 0.00125 0.00171 0.00219 0.00269 0.00321 0.00376 0.00433
 0.00491 0.00552 0.00615 0.00680 0.00747 0.00817 0.00888 0.00962 0.01038 0.01116
 0.01196 0.01278 0.01362 0.01449 0.01537 0.01628 0.01721 0.01816 0.01913 0.02012
 0.02114 0.02217 0.02323 0.02431 0.02541 0.02653 0.02767 0.02883 0.03002 0.03123
 0.03245 0.03370 0.03497 0.03626 0.03758 0.03891 0.04027 0.04164 0.04304 0.04446
 0.04590 0.04736 0.04885 0.05035 0.05188 0.05342 0.05499 0.05658 0.05820 0.05983
 0.06148 0.06316 0.06485 0.06657 0.06831 0.07007 0.07186 0.07366 0.07548 0.07733
 0.07920 0.08109 0.08300 0.08493 0.08688 0.08886 0.09085 0.09287 0.09491 0.09697
 0.09905 0.10115 0.10327 0.10542 0.10758 0.10977 0.11198 0.11421 0.11646 0.11874
 0.12103 0.12455 0.12812 0.13174 0.13540 0.13911 0.14287 0.14668 0.15053 0.15444
 0.15839 0.16239 0.16643 0.17053 0.17467 0.17886 0.18492 0.19170 0.19919 0.20739
 0.21630 0.22592 0.23625 0.24729 0.25904 0.27150 0.28889 0.31192 0.34351 0.38757
 0.46856 0.61243 0.65649 0.68808 0.71111 0.72850 0.74096 0.75271 0.76375 0.77408
 0.78370 0.79261 0.80081 0.80830 0.81508 0.82114 0.82533 0.82947 0.83357 0.83761
 0.84161 0.84556 0.84947 0.85332 0.85713 0.86089 0.86460 0.86826 0.87188 0.87545
 0.87897 0.88126 0.88354 0.88579 0.88802 0.89023 0.89242 0.89458 0.89673 0.89885
 0.90095 0.90303 0.90509 0.90713 0.90915 0.91114 0.91312 0.91507 0.91700 0.91891
 0.92080 0.92267 0.92452 0.92634 0.92814 0.92993 0.93169 0.93343 0.93515 0.93684
 0.93852 0.94017 0.94180 0.94342 0.94501 0.94658 0.94812 0.94965 0.95115 0.95264
 0.95410 0.95554 0.95696 0.95836 0.95973 0.96109 0.96242 0.96374 0.96503 0.96630
 0.96755 0.96877 0.96998 0.97117 0.97233 0.97347 0.97459 0.97569 0.97677 0.97783
 0.97886 0.97988 0.98087 0.98184 0.98279 0.98372 0.98463 0.98551 0.98638 0.98722
 0.98804 0.98884 0.98962 0.99038 0.99112 0.99183 0.99253 0.99320 0.99385 0.99448
 0.99509 0.99567 0.99624 0.99679 0.99731 0.99781 0.99829 0.99875 0.99919 0.99961
 1.00000 