Rainfall Distribution TYPE MSE5 Time increment 0.10000     Num of Points 241
     0.0 0.00054 0.00111 0.00170 0.00231 0.00295 0.00361 0.00429 0.00500 0.00572
 0.00647 0.00725 0.00804 0.00886 0.00971 0.01057 0.01146 0.01237 0.01330 0.01426
 0.01524 0.01624 0.01727 0.01832 0.01939 0.02048 0.02160 0.02274 0.02390 0.02509
 0.02630 0.02753 0.02879 0.03006 0.03136 0.03269 0.03403 0.03540 0.03679 0.03821
 0.03965 0.04111 0.04259 0.04410 0.04563 0.04718 0.04876 0.05036 0.05198 0.05362
 0.05529 0.05698 0.05869 0.06043 0.06219 0.06397 0.06577 0.06760 0.06945 0.07132
 0.07322 0.07514 0.07708 0.07905 0.08103 0.08304 0.08508 0.08714 0.08921 0.09132
 0.09344 0.09559 0.09776 0.09996 0.10217 0.10441 0.10668 0.10896 0.11127 0.11360
 0.11596 0.11833 0.12074 0.12316 0.12560 0.12807 0.13057 0.13308 0.13562 0.13818
 0.14076 0.14459 0.14846 0.15239 0.15636 0.16038 0.16446 0.16858 0.17275 0.17698
 0.18125 0.18557 0.18994 0.19436 0.19883 0.20335 0.20974 0.21681 0.22454 0.23295
 0.24202 0.25177 0.26220 0.27329 0.28506 0.29750 0.31419 0.33626 0.36580 0.40565
 0.47560 0.59435 0.63420 0.66374 0.68581 0.70250 0.71494 0.72671 0.73780 0.74823
 0.75798 0.76705 0.77546 0.78319 0.79026 0.79665 0.80117 0.80564 0.81006 0.81443
 0.81875 0.82302 0.82725 0.83142 0.83554 0.83962 0.84364 0.84761 0.85154 0.85541
 0.85924 0.86182 0.86438 0.86692 0.86943 0.87193 0.87440 0.87684 0.87926 0.88167
 0.88404 0.88640 0.88873 0.89104 0.89332 0.89559 0.89783 0.90004 0.90224 0.90441
 0.90656 0.90868 0.91079 0.91286 0.91492 0.91696 0.91897 0.92095 0.92292 0.92486
 0.92678 0.92868 0.93055 0.93240 0.93423 0.93603 0.93781 0.93957 0.94131 0.94302
 0.94471 0.94638 0.94802 0.94964 0.95124 0.95282 0.95437 0.95590 0.95741 0.95889
 0.96035 0.96179 0.96321 0.96460 0.96597 0.96731 0.96864 0.96994 0.97121 0.97247
 0.97370 0.97491 0.97610 0.97726 0.97840 0.97952 0.98061 0.98168 0.98273 0.98376
 0.98476 0.98574 0.98670 0.98763 0.98854 0.98943 0.99029 0.99114 0.99196 0.99275
 0.99353 0.99428 0.99500 0.99571 0.99639 0.99705 0.99769 0.99830 0.99889 0.99946
 1.00000 