Rainfall Distribution TYPE MSE1 Time increment 0.10000     Num of Points 241
     0.0 0.00007 0.00015 0.00024 0.00036 0.00048 0.00063 0.00079 0.00096 0.00115
 0.00136 0.00158 0.00181 0.00207 0.00234 0.00262 0.00292 0.00323 0.00356 0.00391
 0.00427 0.00465 0.00504 0.00545 0.00587 0.00631 0.00676 0.00723 0.00772 0.00822
 0.00874 0.00927 0.00982 0.01038 0.01096 0.01155 0.01216 0.01279 0.01343 0.01409
 0.01476 0.01545 0.01615 0.01687 0.01761 0.01836 0.01912 0.01990 0.02070 0.02151
 0.02234 0.02318 0.02404 0.02492 0.02581 0.02671 0.02763 0.02857 0.02952 0.03049
 0.03147 0.03247 0.03349 0.03452 0.03556 0.03663 0.03770 0.03879 0.03990 0.04103
 0.04216 0.04332 0.04449 0.04568 0.04688 0.04809 0.04933 0.05057 0.05184 0.05312
 0.05441 0.05572 0.05705 0.05839 0.05974 0.06112 0.06250 0.06391 0.06533 0.06676
 0.06821 0.07078 0.07338 0.07603 0.07872 0.08144 0.08421 0.08701 0.08985 0.09274
 0.09566 0.09863 0.10163 0.10467 0.10776 0.11088 0.11580 0.12157 0.12817 0.13562
 0.14391 0.15305 0.16302 0.17384 0.18550 0.19800 0.21836 0.24537 0.28381 0.34005
 0.45048 0.65995 0.71619 0.75463 0.78164 0.80200 0.81450 0.82616 0.83698 0.84695
 0.85609 0.86438 0.87183 0.87843 0.88420 0.88912 0.89224 0.89533 0.89837 0.90137
 0.90434 0.90726 0.91015 0.91299 0.91579 0.91856 0.92128 0.92397 0.92662 0.92922
 0.93179 0.93324 0.93467 0.93609 0.93750 0.93888 0.94026 0.94161 0.94295 0.94428
 0.94559 0.94688 0.94816 0.94943 0.95067 0.95191 0.95312 0.95432 0.95551 0.95668
 0.95784 0.95897 0.96010 0.96121 0.96230 0.96337 0.96444 0.96548 0.96651 0.96753
 0.96853 0.96951 0.97048 0.97143 0.97237 0.97329 0.97419 0.97508 0.97596 0.97682
 0.97766 0.97849 0.97930 0.98010 0.98088 0.98164 0.98239 0.98313 0.98385 0.98455
 0.98524 0.98591 0.98657 0.98721 0.98784 0.98845 0.98904 0.98962 0.99018 0.99073
 0.99126 0.99178 0.99228 0.99277 0.99324 0.99369 0.99413 0.99455 0.99496 0.99535
 0.99573 0.99609 0.99644 0.99677 0.99708 0.99738 0.99766 0.99793 0.99819 0.99842
 0.99864 0.99885 0.99904 0.99921 0.99937 0.99952 0.99964 0.99976 0.99985 0.99993
 1.00000 