Rainfall Distribution TYPE NO_D Time increment 0.10000     Num of Points 241
     0.0 0.00110 0.00220 0.00332 0.00445 0.00559 0.00674 0.00790 0.00907 0.01025
 0.01145 0.01265 0.01387 0.01510 0.01634 0.01759 0.01885 0.02012 0.02140 0.02270
 0.02400 0.02532 0.02665 0.02799 0.02934 0.03070 0.03207 0.03346 0.03485 0.03626
 0.03767 0.03910 0.04054 0.04199 0.04345 0.04493 0.04641 0.04791 0.04941 0.05093
 0.05246 0.05400 0.05555 0.05711 0.05869 0.06027 0.06187 0.06347 0.06509 0.06672
 0.06836 0.07001 0.07167 0.07335 0.07503 0.07673 0.07843 0.08015 0.08188 0.08362
 0.08537 0.08717 0.08901 0.09090 0.09283 0.09480 0.09682 0.09888 0.10099 0.10314
 0.10534 0.10758 0.10987 0.11220 0.11458 0.11700 0.11946 0.12197 0.12453 0.12712
 0.12977 0.13246 0.13519 0.13796 0.14079 0.14365 0.14656 0.14952 0.15252 0.15556
 0.15865 0.16190 0.16530 0.16887 0.17259 0.17647 0.18051 0.18470 0.18906 0.19357
 0.19824 0.20307 0.20805 0.21320 0.21850 0.22396 0.23000 0.23662 0.24382 0.25160
 0.25995 0.26933 0.27972 0.29113 0.30356 0.31700 0.33510 0.35415 0.38028 0.41654
 0.47909 0.58346 0.61972 0.64585 0.66490 0.68300 0.69644 0.70887 0.72028 0.73067
 0.74005 0.74840 0.75618 0.76338 0.77000 0.77604 0.78150 0.78680 0.79195 0.79693
 0.80176 0.80643 0.81094 0.81530 0.81949 0.82353 0.82741 0.83113 0.83470 0.83810
 0.84135 0.84444 0.84748 0.85048 0.85344 0.85635 0.85921 0.86204 0.86481 0.86754
 0.87023 0.87288 0.87547 0.87803 0.88054 0.88300 0.88542 0.88780 0.89013 0.89242
 0.89466 0.89686 0.89901 0.90112 0.90318 0.90520 0.90717 0.90910 0.91099 0.91283
 0.91463 0.91638 0.91812 0.91985 0.92157 0.92327 0.92497 0.92665 0.92833 0.92999
 0.93164 0.93328 0.93491 0.93653 0.93813 0.93973 0.94131 0.94289 0.94445 0.94600
 0.94754 0.94907 0.95059 0.95209 0.95359 0.95507 0.95655 0.95801 0.95946 0.96090
 0.96233 0.96374 0.96515 0.96654 0.96793 0.96930 0.97066 0.97201 0.97335 0.97468
 0.97600 0.97730 0.97860 0.97988 0.98115 0.98241 0.98366 0.98490 0.98613 0.98735
 0.98855 0.98975 0.99093 0.99210 0.99326 0.99441 0.99555 0.99668 0.99779 0.99890
 1.00000 