Rainfall Distribution TYPE NO_C Time increment 0.10000     Num of Points 241
     0.0 0.00128 0.00231 0.00335 0.00441 0.00547 0.00654 0.00763 0.00872 0.00982
 0.01093 0.01206 0.01319 0.01433 0.01548 0.01665 0.01782 0.01900 0.02019 0.02140
 0.02261 0.02383 0.02506 0.02631 0.02756 0.02882 0.03009 0.03137 0.03267 0.03397
 0.03528 0.03660 0.03793 0.03927 0.04062 0.04199 0.04336 0.04474 0.04613 0.04753
 0.04894 0.05036 0.05179 0.05324 0.05469 0.05615 0.05762 0.05910 0.06059 0.06209
 0.06360 0.06512 0.06665 0.06819 0.06974 0.07130 0.07287 0.07445 0.07604 0.07764
 0.07925 0.08090 0.08259 0.08432 0.08609 0.08790 0.08975 0.09164 0.09356 0.09553
 0.09754 0.09959 0.10168 0.10380 0.10597 0.10818 0.11042 0.11271 0.11503 0.11740
 0.11981 0.12225 0.12474 0.12726 0.12982 0.13243 0.13507 0.13776 0.14048 0.14324
 0.14605 0.14900 0.15210 0.15536 0.15876 0.16231 0.16602 0.16987 0.17387 0.17803
 0.18233 0.18678 0.19139 0.19614 0.20104 0.20610 0.21173 0.21793 0.22471 0.23206
 0.23999 0.24899 0.25907 0.27022 0.28245 0.29550 0.31572 0.33700 0.36618 0.40669
 0.47660 0.59331 0.63382 0.66300 0.68428 0.70450 0.71755 0.72978 0.74093 0.75101
 0.76001 0.76794 0.77529 0.78207 0.78827 0.79390 0.79896 0.80386 0.80861 0.81322
 0.81767 0.82197 0.82613 0.83013 0.83398 0.83769 0.84124 0.84464 0.84790 0.85100
 0.85395 0.85676 0.85952 0.86224 0.86493 0.86757 0.87018 0.87274 0.87526 0.87775
 0.88019 0.88260 0.88497 0.88729 0.88958 0.89182 0.89403 0.89620 0.89832 0.90041
 0.90246 0.90447 0.90644 0.90836 0.91025 0.91210 0.91391 0.91568 0.91741 0.91910
 0.92075 0.92236 0.92396 0.92555 0.92713 0.92870 0.93026 0.93181 0.93335 0.93488
 0.93640 0.93791 0.93941 0.94090 0.94238 0.94385 0.94531 0.94676 0.94821 0.94964
 0.95106 0.95247 0.95387 0.95526 0.95664 0.95801 0.95938 0.96073 0.96207 0.96340
 0.96472 0.96603 0.96733 0.96863 0.96991 0.97118 0.97244 0.97369 0.97494 0.97617
 0.97739 0.97860 0.97981 0.98100 0.98218 0.98335 0.98452 0.98567 0.98681 0.98794
 0.98907 0.99018 0.99128 0.99237 0.99346 0.99453 0.99559 0.99665 0.99769 0.99872
 1.00000 