Rainfall Distribution TYPE NO_A Time increment 0.10000     Num of Points 241
     0.0 0.00078 0.00141 0.00205 0.00270 0.00336 0.00403 0.00471 0.00539 0.00609
 0.00679 0.00751 0.00823 0.00897 0.00971 0.01046 0.01122 0.01199 0.01277 0.01356
 0.01435 0.01516 0.01598 0.01680 0.01764 0.01848 0.01933 0.02019 0.02106 0.02194
 0.02283 0.02373 0.02464 0.02556 0.02648 0.02742 0.02836 0.02932 0.03028 0.03125
 0.03223 0.03322 0.03422 0.03523 0.03625 0.03727 0.03831 0.03936 0.04041 0.04147
 0.04255 0.04363 0.04472 0.04582 0.04693 0.04805 0.04918 0.05032 0.05146 0.05262
 0.05378 0.05498 0.05622 0.05750 0.05881 0.06016 0.06154 0.06297 0.06442 0.06592
 0.06745 0.06902 0.07063 0.07227 0.07395 0.07567 0.07742 0.07921 0.08104 0.08290
 0.08480 0.08674 0.08871 0.09072 0.09277 0.09485 0.09697 0.09913 0.10132 0.10355
 0.10582 0.10824 0.11081 0.11354 0.11643 0.11946 0.12265 0.12599 0.12949 0.13314
 0.13695 0.14090 0.14502 0.14928 0.15370 0.15827 0.16348 0.16932 0.17580 0.18291
 0.19065 0.19971 0.21009 0.22179 0.23481 0.24900 0.27176 0.29572 0.32954 0.37820
 0.46660 0.62180 0.67046 0.70428 0.72824 0.75100 0.76519 0.77821 0.78991 0.80029
 0.80935 0.81709 0.82420 0.83068 0.83652 0.84173 0.84630 0.85072 0.85498 0.85910
 0.86305 0.86686 0.87051 0.87401 0.87735 0.88054 0.88357 0.88646 0.88919 0.89176
 0.89418 0.89645 0.89868 0.90087 0.90303 0.90515 0.90723 0.90928 0.91129 0.91326
 0.91520 0.91710 0.91896 0.92079 0.92258 0.92433 0.92605 0.92773 0.92937 0.93098
 0.93255 0.93408 0.93558 0.93703 0.93846 0.93984 0.94119 0.94250 0.94378 0.94502
 0.94622 0.94738 0.94854 0.94968 0.95082 0.95195 0.95307 0.95418 0.95528 0.95637
 0.95745 0.95853 0.95959 0.96064 0.96169 0.96273 0.96375 0.96477 0.96578 0.96678
 0.96777 0.96875 0.96972 0.97068 0.97164 0.97258 0.97352 0.97444 0.97536 0.97627
 0.97717 0.97806 0.97894 0.97981 0.98067 0.98152 0.98236 0.98320 0.98402 0.98484
 0.98565 0.98644 0.98723 0.98801 0.98878 0.98954 0.99029 0.99103 0.99177 0.99249
 0.99321 0.99391 0.99461 0.99529 0.99597 0.99664 0.99730 0.99795 0.99859 0.99922
 1.00000 