Rainfall Distribution TYPE NR_D Time increment 0.10000     Num of Points 241
     0.0 0.00146 0.00287 0.00430 0.00573 0.00718 0.00863 0.01010 0.01158 0.01306
 0.01456 0.01607 0.01759 0.01912 0.02066 0.02221 0.02378 0.02535 0.02693 0.02853
 0.03013 0.03175 0.03337 0.03501 0.03665 0.03831 0.03998 0.04166 0.04335 0.04505
 0.04676 0.04848 0.05021 0.05195 0.05371 0.05547 0.05724 0.05903 0.06082 0.06263
 0.06445 0.06627 0.06811 0.06996 0.07182 0.07369 0.07557 0.07746 0.07936 0.08127
 0.08319 0.08512 0.08707 0.08902 0.09099 0.09296 0.09495 0.09694 0.09895 0.10097
 0.10300 0.10507 0.10718 0.10934 0.11153 0.11377 0.11606 0.11838 0.12075 0.12316
 0.12561 0.12810 0.13064 0.13322 0.13584 0.13850 0.14121 0.14396 0.14675 0.14958
 0.15246 0.15538 0.15834 0.16134 0.16439 0.16747 0.17060 0.17378 0.17699 0.18025
 0.18355 0.18699 0.19056 0.19428 0.19814 0.20214 0.20628 0.21055 0.21497 0.21953
 0.22423 0.22906 0.23404 0.23915 0.24441 0.24980 0.25568 0.26205 0.26890 0.27624
 0.28406 0.29268 0.30208 0.31228 0.32327 0.33500 0.35037 0.36655 0.38919 0.42143
 0.47904 0.57857 0.61081 0.63345 0.64963 0.66500 0.67673 0.68772 0.69792 0.70732
 0.71594 0.72376 0.73110 0.73795 0.74432 0.75020 0.75559 0.76085 0.76596 0.77094
 0.77577 0.78047 0.78503 0.78945 0.79372 0.79786 0.80186 0.80572 0.80944 0.81301
 0.81645 0.81975 0.82301 0.82622 0.82940 0.83253 0.83561 0.83866 0.84166 0.84462
 0.84754 0.85042 0.85325 0.85604 0.85879 0.86150 0.86416 0.86678 0.86936 0.87190
 0.87439 0.87684 0.87925 0.88162 0.88394 0.88623 0.88847 0.89066 0.89282 0.89493
 0.89700 0.89903 0.90105 0.90306 0.90505 0.90704 0.90901 0.91098 0.91293 0.91488
 0.91681 0.91873 0.92064 0.92254 0.92443 0.92631 0.92818 0.93004 0.93189 0.93373
 0.93555 0.93737 0.93918 0.94097 0.94276 0.94453 0.94629 0.94805 0.94979 0.95152
 0.95324 0.95495 0.95665 0.95834 0.96002 0.96169 0.96335 0.96499 0.96663 0.96825
 0.96987 0.97147 0.97307 0.97465 0.97622 0.97779 0.97934 0.98088 0.98241 0.98393
 0.98544 0.98694 0.98842 0.98990 0.99137 0.99282 0.99427 0.99570 0.99713 0.99854
 1.00000