Rainfall Distribution TYPE NR_A Time increment 0.10000     Num of Points 241
     0.0 0.00098 0.00177 0.00257 0.00338 0.00420 0.00503 0.00587 0.00671 0.00757
 0.00844 0.00932 0.01020 0.01110 0.01201 0.01292 0.01385 0.01478 0.01573 0.01668
 0.01764 0.01862 0.01960 0.02059 0.02159 0.02260 0.02362 0.02466 0.02570 0.02674
 0.02780 0.02887 0.02995 0.03104 0.03214 0.03324 0.03436 0.03549 0.03662 0.03777
 0.03892 0.04009 0.04126 0.04244 0.04364 0.04484 0.04605 0.04727 0.04850 0.04974
 0.05099 0.05225 0.05352 0.05480 0.05609 0.05739 0.05870 0.06002 0.06134 0.06268
 0.06403 0.06541 0.06683 0.06829 0.06979 0.07133 0.07291 0.07452 0.07617 0.07786
 0.07959 0.08136 0.08317 0.08501 0.08689 0.08881 0.09077 0.09277 0.09480 0.09688
 0.09899 0.10114 0.10333 0.10555 0.10782 0.11012 0.11246 0.11484 0.11726 0.11972
 0.12221 0.12486 0.12766 0.13061 0.13372 0.13698 0.14040 0.14396 0.14768 0.15156
 0.15558 0.15976 0.16409 0.16858 0.17322 0.17801 0.18342 0.18943 0.19606 0.20330
 0.21116 0.22023 0.23052 0.24203 0.25475 0.26850 0.29024 0.31312 0.34504 0.39033
 0.47094 0.60967 0.65496 0.68688 0.70976 0.73150 0.74525 0.75797 0.76948 0.77977
 0.78884 0.79670 0.80394 0.81057 0.81658 0.82199 0.82678 0.83142 0.83591 0.84024
 0.84442 0.84844 0.85232 0.85604 0.85960 0.86302 0.86628 0.86939 0.87234 0.87514
 0.87779 0.88028 0.88274 0.88516 0.88754 0.88988 0.89218 0.89445 0.89667 0.89886
 0.90101 0.90312 0.90520 0.90723 0.90923 0.91119 0.91311 0.91499 0.91683 0.91864
 0.92041 0.92214 0.92383 0.92548 0.92709 0.92867 0.93021 0.93171 0.93317 0.93459
 0.93597 0.93732 0.93866 0.93998 0.94130 0.94261 0.94391 0.94520 0.94648 0.94775
 0.94901 0.95026 0.95150 0.95273 0.95395 0.95516 0.95636 0.95756 0.95874 0.95991
 0.96108 0.96223 0.96338 0.96451 0.96564 0.96676 0.96786 0.96896 0.97005 0.97113
 0.97220 0.97326 0.97430 0.97534 0.97638 0.97740 0.97841 0.97941 0.98040 0.98138
 0.98236 0.98332 0.98427 0.98522 0.98615 0.98708 0.98799 0.98890 0.98980 0.99068
 0.99156 0.99243 0.99329 0.99413 0.99497 0.99580 0.99662 0.99743 0.99823 0.99902
 1.00000 