Rainfall Distribution TYPE NV-S Time increment 0.10000     Num of Points 241
     0.0 0.00084 0.00170 0.00250 0.00340 0.00430 0.00510 0.00600 0.00690 0.00780
 0.00870 0.00960 0.01050 0.01140 0.01230 0.01320 0.01420 0.01510 0.01600 0.01700
 0.01800 0.01890 0.01990 0.02090 0.02180 0.02280 0.02380 0.02480 0.02580 0.02680
 0.02780 0.02890 0.02990 0.03090 0.03190 0.03300 0.03400 0.03510 0.03620 0.03720
 0.03830 0.03940 0.04040 0.04150 0.04260 0.04370 0.04480 0.04600 0.04710 0.04820
 0.04930 0.05050 0.05160 0.05280 0.05390 0.05510 0.05630 0.05740 0.05860 0.05980
 0.06100 0.06260 0.06420 0.06580 0.06750 0.06910 0.07080 0.07250 0.07430 0.07600
 0.07780 0.07960 0.08150 0.08330 0.08520 0.08710 0.08900 0.09090 0.09290 0.09480
 0.09680 0.09880 0.10090 0.10290 0.10500 0.10710 0.10930 0.11140 0.11360 0.11580
 0.11800 0.12080 0.12380 0.12690 0.13000 0.13330 0.13670 0.14020 0.14380 0.14750
 0.15130 0.15520 0.15930 0.16340 0.16760 0.17200 0.17830 0.18490 0.19190 0.19930
 0.20700 0.21620 0.22590 0.23610 0.24680 0.25800 0.27640 0.29580 0.32490 0.36990
 0.45950 0.63010 0.67510 0.70420 0.72360 0.74200 0.75320 0.76390 0.77410 0.78380
 0.79300 0.80070 0.80810 0.81510 0.82170 0.82800 0.83240 0.83660 0.84070 0.84480
 0.84870 0.85250 0.85620 0.85980 0.86330 0.86670 0.87000 0.87310 0.87620 0.87920
 0.88200 0.88420 0.88640 0.88860 0.89070 0.89290 0.89500 0.89710 0.89910 0.90120
 0.90320 0.90520 0.90710 0.90910 0.91100 0.91290 0.91480 0.91670 0.91850 0.92040
 0.92220 0.92400 0.92570 0.92750 0.92920 0.93090 0.93250 0.93420 0.93580 0.93740
 0.93900 0.94020 0.94140 0.94260 0.94370 0.94490 0.94610 0.94720 0.94840 0.94950
 0.95070 0.95180 0.95290 0.95400 0.95520 0.95630 0.95740 0.95850 0.95960 0.96060
 0.96170 0.96280 0.96380 0.96490 0.96600 0.96700 0.96810 0.96910 0.97010 0.97110
 0.97220 0.97320 0.97420 0.97520 0.97620 0.97720 0.97820 0.97910 0.98010 0.98110
 0.98200 0.98300 0.98400 0.98490 0.98580 0.98680 0.98770 0.98860 0.98950 0.99040
 0.99130 0.99220 0.99310 0.99400 0.99490 0.99570 0.99660 0.99750 0.99830 0.99916
 1.00000 