Rainfall Distribution TYPE IA   Time increment 0.10000     Num of Points 241
     0.0 0.00224 0.00432 0.00628 0.00816 0.01000 0.01184 0.01372 0.01568 0.01776
 0.02000 0.02276 0.02568 0.02872 0.03184 0.03500 0.03797 0.04095 0.04394 0.04695
 0.05000 0.05315 0.05633 0.05954 0.06276 0.06600 0.06920 0.07240 0.07560 0.07880
 0.08200 0.08514 0.08829 0.09147 0.09471 0.09800 0.10147 0.10502 0.10862 0.11229
 0.11600 0.11969 0.12342 0.12721 0.13107 0.13500 0.13901 0.14310 0.14729 0.15159
 0.15600 0.16059 0.16530 0.17011 0.17501 0.18000 0.18494 0.18999 0.19517 0.20049
 0.20600 0.21196 0.21808 0.22432 0.23064 0.23700 0.24285 0.24878 0.25490 0.26127
 0.26800 0.27517 0.28287 0.29118 0.30019 0.31000 0.33142 0.35469 0.37876 0.40255
 0.42500 0.43936 0.45168 0.46232 0.47164 0.48000 0.48904 0.49752 0.50548 0.51296
 0.52000 0.52664 0.53292 0.53888 0.54456 0.55000 0.55564 0.56116 0.56656 0.57184
 0.57700 0.58198 0.58685 0.59163 0.59635 0.60100 0.60576 0.61044 0.61504 0.61956
 0.62400 0.62836 0.63264 0.63684 0.64096 0.64500 0.64889 0.65272 0.65651 0.66026
 0.66400 0.66773 0.67148 0.67527 0.67910 0.68300 0.68665 0.69027 0.69386 0.69744
 0.70100 0.70473 0.70838 0.71198 0.71551 0.71900 0.72245 0.72586 0.72926 0.73263
 0.73600 0.73939 0.74277 0.74613 0.74948 0.75281 0.75613 0.75943 0.76271 0.76598
 0.76924 0.77248 0.77571 0.77892 0.78211 0.78529 0.78845 0.79160 0.79474 0.79786
 0.80096 0.80405 0.80712 0.81018 0.81322 0.81625 0.81926 0.82226 0.82524 0.82821
 0.83116 0.83410 0.83702 0.83992 0.84281 0.84569 0.84855 0.85140 0.85423 0.85704
 0.85984 0.86262 0.86539 0.86815 0.87089 0.87361 0.87632 0.87901 0.88169 0.88435
 0.88700 0.88963 0.89225 0.89485 0.89744 0.90001 0.90257 0.90511 0.90763 0.91014
 0.91264 0.91512 0.91759 0.92004 0.92247 0.92489 0.92729 0.92968 0.93206 0.93442
 0.93676 0.93909 0.94140 0.94370 0.94598 0.94825 0.95050 0.95274 0.95496 0.95717
 0.95936 0.96154 0.96370 0.96584 0.96797 0.97009 0.97219 0.97428 0.97635 0.97840
 0.98044 0.98246 0.98447 0.98647 0.98845 0.99041 0.99236 0.99429 0.99621 0.99811
 1.00000 