ainfall Distribution TYPE CA-1 Time increment 0.10000     Num of Points 241
     0.0 0.00314 0.00625 0.00936 0.01248 0.01561 0.01874 0.02189 0.02503 0.02819
 0.03135 0.03452 0.03769 0.04087 0.04406 0.04725 0.05045 0.05366 0.05687 0.06009
 0.06332 0.06656 0.06980 0.07304 0.07630 0.07956 0.08282 0.08610 0.08938 0.09266
 0.09596 0.09925 0.10256 0.10587 0.10919 0.11252 0.11585 0.11919 0.12254 0.12589
 0.12925 0.13261 0.13599 0.13936 0.14275 0.14614 0.14954 0.15295 0.15636 0.15978
 0.16320 0.16663 0.17007 0.17352 0.17697 0.18043 0.18389 0.18736 0.19084 0.19432
 0.19781 0.20133 0.20488 0.20845 0.21204 0.21567 0.21931 0.22299 0.22669 0.23042
 0.23418 0.23796 0.24177 0.24560 0.24946 0.25335 0.25726 0.26120 0.26517 0.26916
 0.27318 0.27722 0.28130 0.28539 0.28952 0.29367 0.29785 0.30205 0.30628 0.31054
 0.31482 0.31917 0.32358 0.32806 0.33260 0.33721 0.34189 0.34662 0.35143 0.35630
 0.36123 0.36623 0.37129 0.37642 0.38162 0.38688 0.39232 0.39794 0.40375 0.40974
 0.41591 0.42229 0.42890 0.43573 0.44277 0.45000 0.45787 0.46615 0.47567 0.48607
 0.49874 0.51393 0.52433 0.53385 0.54213 0.55000 0.55723 0.56427 0.57110 0.57771
 0.58409 0.59026 0.59625 0.60206 0.60768 0.61312 0.61838 0.62358 0.62871 0.63377
 0.63877 0.64370 0.64857 0.65338 0.65811 0.66279 0.66740 0.67194 0.67642 0.68083
 0.68518 0.68946 0.69372 0.69795 0.70215 0.70633 0.71048 0.71461 0.71870 0.72278
 0.72682 0.73084 0.73483 0.73880 0.74274 0.74665 0.75054 0.75440 0.75823 0.76204
 0.76582 0.76958 0.77331 0.77701 0.78069 0.78433 0.78796 0.79155 0.79512 0.79867
 0.80219 0.80568 0.80916 0.81264 0.81611 0.81957 0.82303 0.82648 0.82993 0.83337
 0.83680 0.84022 0.84364 0.84705 0.85046 0.85386 0.85725 0.86064 0.86401 0.86739
 0.87075 0.87411 0.87746 0.88081 0.88415 0.88748 0.89081 0.89413 0.89744 0.90075
 0.90404 0.90734 0.91062 0.91390 0.91718 0.92044 0.92370 0.92696 0.93020 0.93344
 0.93668 0.93991 0.94313 0.94634 0.94955 0.95275 0.95594 0.95913 0.96231 0.96548
 0.96865 0.97181 0.97497 0.97811 0.98126 0.98439 0.98752 0.99064 0.99375 0.99686
 1.00000 