Rainfall Distribution TYPE CA-2 Time increment 0.10000     Num of Points 241
     0.0 0.00250 0.00501 0.00753 0.01006 0.01260 0.01515 0.01771 0.02027 0.02285
 0.02544 0.02803 0.03064 0.03326 0.03588 0.03851 0.04116 0.04381 0.04648 0.04915
 0.05183 0.05452 0.05722 0.05994 0.06266 0.06539 0.06813 0.07088 0.07363 0.07640
 0.07918 0.08197 0.08477 0.08757 0.09039 0.09322 0.09605 0.09890 0.10175 0.10462
 0.10749 0.11037 0.11327 0.11617 0.11908 0.12200 0.12493 0.12787 0.13083 0.13379
 0.13675 0.13973 0.14272 0.14572 0.14873 0.15175 0.15477 0.15781 0.16086 0.16391
 0.16698 0.17008 0.17322 0.17640 0.17962 0.18288 0.18617 0.18951 0.19288 0.19629
 0.19974 0.20322 0.20675 0.21031 0.21391 0.21755 0.22123 0.22495 0.22870 0.23249
 0.23632 0.24019 0.24410 0.24805 0.25203 0.25605 0.26012 0.26421 0.26835 0.27253
 0.27674 0.28106 0.28549 0.29002 0.29465 0.29940 0.30424 0.30920 0.31425 0.31942
 0.32469 0.33006 0.33554 0.34113 0.34682 0.35262 0.35874 0.36518 0.37194 0.37902
 0.38643 0.39427 0.40254 0.41126 0.42041 0.43000 0.44109 0.45275 0.46612 0.48066
 0.49830 0.51934 0.53388 0.54725 0.55891 0.57000 0.57959 0.58874 0.59746 0.60573
 0.61357 0.62098 0.62806 0.63482 0.64126 0.64738 0.65318 0.65887 0.66446 0.66994
 0.67531 0.68058 0.68575 0.69080 0.69576 0.70060 0.70535 0.70998 0.71451 0.71894
 0.72326 0.72747 0.73165 0.73579 0.73988 0.74395 0.74797 0.75195 0.75590 0.75981
 0.76368 0.76751 0.77130 0.77505 0.77877 0.78245 0.78609 0.78969 0.79325 0.79678
 0.80026 0.80371 0.80712 0.81049 0.81383 0.81712 0.82038 0.82360 0.82678 0.82992
 0.83302 0.83609 0.83914 0.84219 0.84523 0.84825 0.85127 0.85428 0.85728 0.86027
 0.86325 0.86621 0.86917 0.87213 0.87507 0.87800 0.88092 0.88383 0.88673 0.88963
 0.89251 0.89538 0.89825 0.90110 0.90395 0.90678 0.90961 0.91243 0.91523 0.91803
 0.92082 0.92360 0.92637 0.92912 0.93187 0.93461 0.93734 0.94006 0.94278 0.94548
 0.94817 0.95085 0.95352 0.95619 0.95884 0.96149 0.96412 0.96674 0.96936 0.97197
 0.97456 0.97715 0.97973 0.98229 0.98485 0.98740 0.98994 0.99247 0.99499 0.99750
 1.00000 