Rainfall Distribution TYPE CA-3 Time increment 0.10000     Num of Points 241
     0.0 0.00203 0.00406 0.00610 0.00815 0.01021 0.01228 0.01435 0.01644 0.01854
 0.02065 0.02276 0.02489 0.02702 0.02917 0.03132 0.03349 0.03566 0.03784 0.04003
 0.04224 0.04445 0.04667 0.04890 0.05114 0.05339 0.05565 0.05792 0.06019 0.06248
 0.06478 0.06709 0.06940 0.07173 0.07406 0.07641 0.07876 0.08112 0.08350 0.08588
 0.08827 0.09067 0.09309 0.09551 0.09794 0.10038 0.10283 0.10529 0.10775 0.11023
 0.11272 0.11522 0.11772 0.12024 0.12276 0.12530 0.12784 0.13040 0.13296 0.13553
 0.13812 0.14074 0.14340 0.14609 0.14883 0.15160 0.15441 0.15726 0.16015 0.16307
 0.16604 0.16904 0.17208 0.17516 0.17827 0.18142 0.18462 0.18785 0.19111 0.19442
 0.19776 0.20115 0.20457 0.20802 0.21152 0.21506 0.21863 0.22224 0.22589 0.22957
 0.23330 0.23713 0.24108 0.24513 0.24930 0.25358 0.25796 0.26246 0.26706 0.27178
 0.27661 0.28154 0.28659 0.29175 0.29702 0.30240 0.30812 0.31419 0.32062 0.32738
 0.33450 0.34211 0.35022 0.35882 0.36792 0.37750 0.38892 0.40093 0.41776 0.44171
 0.48448 0.55829 0.58224 0.59907 0.61108 0.62250 0.63208 0.64118 0.64978 0.65789
 0.66550 0.67262 0.67938 0.68581 0.69188 0.69760 0.70298 0.70825 0.71341 0.71846
 0.72339 0.72822 0.73294 0.73754 0.74204 0.74642 0.75070 0.75487 0.75892 0.76287
 0.76670 0.77043 0.77411 0.77776 0.78137 0.78494 0.78848 0.79198 0.79543 0.79885
 0.80224 0.80558 0.80889 0.81215 0.81538 0.81858 0.82173 0.82484 0.82792 0.83096
 0.83396 0.83693 0.83985 0.84274 0.84559 0.84840 0.85117 0.85391 0.85660 0.85926
 0.86188 0.86447 0.86704 0.86960 0.87216 0.87470 0.87724 0.87976 0.88228 0.88478
 0.88728 0.88977 0.89225 0.89471 0.89717 0.89962 0.90206 0.90449 0.90691 0.90933
 0.91173 0.91412 0.91650 0.91887 0.92124 0.92359 0.92594 0.92827 0.93060 0.93291
 0.93522 0.93752 0.93981 0.94208 0.94435 0.94661 0.94886 0.95110 0.95333 0.95555
 0.95776 0.95997 0.96216 0.96434 0.96651 0.96868 0.97083 0.97298 0.97511 0.97724
 0.97935 0.98146 0.98356 0.98565 0.98772 0.98979 0.99185 0.99390 0.99594 0.99797
 1.00000 