Rainfall Distribution TYPE MSE3 Time increment 0.10000     Num of Points 241
     0.0 0.00027 0.00055 0.00086 0.00119 0.00153 0.00190 0.00229 0.00269 0.00312
 0.00356 0.00403 0.00451 0.00501 0.00554 0.00608 0.00665 0.00723 0.00783 0.00845
 0.00910 0.00976 0.01044 0.01114 0.01186 0.01260 0.01336 0.01414 0.01494 0.01576
 0.01660 0.01746 0.01834 0.01924 0.02016 0.02109 0.02205 0.02303 0.02403 0.02504
 0.02608 0.02714 0.02821 0.02931 0.03042 0.03156 0.03271 0.03389 0.03508 0.03630
 0.03753 0.03878 0.04006 0.04135 0.04266 0.04399 0.04535 0.04672 0.04811 0.04952
 0.05095 0.05240 0.05387 0.05536 0.05687 0.05840 0.05995 0.06152 0.06311 0.06472
 0.06635 0.06799 0.06966 0.07135 0.07306 0.07478 0.07653 0.07830 0.08008 0.08189
 0.08371 0.08556 0.08742 0.08931 0.09121 0.09314 0.09508 0.09704 0.09903 0.10103
 0.10305 0.10628 0.10956 0.11289 0.11626 0.11967 0.12314 0.12664 0.13020 0.13380
 0.13744 0.14113 0.14487 0.14866 0.15248 0.15636 0.16212 0.16863 0.17591 0.18394
 0.19272 0.20226 0.21256 0.22362 0.23543 0.24800 0.26630 0.29062 0.32445 0.37245
 0.46289 0.62755 0.67555 0.70938 0.73370 0.75200 0.76457 0.77638 0.78744 0.79774
 0.80728 0.81606 0.82409 0.83137 0.83788 0.84364 0.84752 0.85134 0.85513 0.85887
 0.86256 0.86620 0.86980 0.87336 0.87686 0.88033 0.88374 0.88711 0.89044 0.89372
 0.89695 0.89897 0.90097 0.90296 0.90492 0.90686 0.90879 0.91069 0.91258 0.91444
 0.91629 0.91811 0.91992 0.92170 0.92347 0.92522 0.92694 0.92865 0.93034 0.93201
 0.93365 0.93528 0.93689 0.93848 0.94005 0.94160 0.94313 0.94464 0.94613 0.94760
 0.94905 0.95048 0.95189 0.95328 0.95465 0.95601 0.95734 0.95865 0.95994 0.96122
 0.96247 0.96370 0.96492 0.96611 0.96729 0.96844 0.96958 0.97069 0.97179 0.97286
 0.97392 0.97496 0.97597 0.97697 0.97795 0.97891 0.97984 0.98076 0.98166 0.98254
 0.98340 0.98424 0.98506 0.98586 0.98664 0.98740 0.98814 0.98886 0.98956 0.99024
 0.99090 0.99155 0.99217 0.99277 0.99335 0.99392 0.99446 0.99499 0.99549 0.99597
 0.99644 0.99688 0.99731 0.99771 0.99810 0.99847 0.99881 0.99914 0.99945 0.99973
 1.00000 