Rainfall Distribution TYPE NO_B Time increment 0.10000     Num of Points 241
     0.0 0.00101 0.00182 0.00265 0.00348 0.00433 0.00518 0.00605 0.00692 0.00780
 0.00870 0.00960 0.01051 0.01144 0.01237 0.01331 0.01426 0.01522 0.01619 0.01718
 0.01817 0.01917 0.02018 0.02120 0.02223 0.02327 0.02432 0.02538 0.02644 0.02752
 0.02861 0.02971 0.03082 0.03193 0.03306 0.03420 0.03534 0.03650 0.03767 0.03884
 0.04003 0.04122 0.04243 0.04364 0.04487 0.04610 0.04735 0.04860 0.04986 0.05114
 0.05242 0.05371 0.05501 0.05633 0.05765 0.05898 0.06032 0.06167 0.06303 0.06440
 0.06578 0.06720 0.06866 0.07016 0.07169 0.07327 0.07488 0.07653 0.07822 0.07996
 0.08172 0.08353 0.08538 0.08727 0.08919 0.09116 0.09316 0.09520 0.09728 0.09940
 0.10156 0.10376 0.10599 0.10827 0.11058 0.11294 0.11533 0.11776 0.12023 0.12274
 0.12529 0.12799 0.13085 0.13386 0.13703 0.14035 0.14382 0.14745 0.15123 0.15517
 0.15926 0.16351 0.16791 0.17247 0.17718 0.18204 0.18752 0.19362 0.20033 0.20765
 0.21559 0.22476 0.23515 0.24677 0.25962 0.27350 0.29545 0.31855 0.35037 0.39488
 0.47290 0.60512 0.64963 0.68145 0.70455 0.72650 0.74038 0.75323 0.76485 0.77524
 0.78441 0.79235 0.79967 0.80638 0.81248 0.81796 0.82282 0.82753 0.83209 0.83649
 0.84074 0.84483 0.84877 0.85255 0.85618 0.85965 0.86297 0.86614 0.86915 0.87201
 0.87471 0.87726 0.87977 0.88224 0.88467 0.88706 0.88942 0.89173 0.89401 0.89624
 0.89844 0.90060 0.90272 0.90480 0.90684 0.90884 0.91081 0.91273 0.91462 0.91647
 0.91828 0.92004 0.92178 0.92347 0.92512 0.92673 0.92831 0.92984 0.93134 0.93280
 0.93422 0.93560 0.93697 0.93833 0.93968 0.94102 0.94235 0.94367 0.94499 0.94629
 0.94758 0.94886 0.95014 0.95140 0.95265 0.95390 0.95513 0.95636 0.95757 0.95878
 0.95997 0.96116 0.96233 0.96350 0.96466 0.96580 0.96694 0.96807 0.96918 0.97029
 0.97139 0.97248 0.97356 0.97462 0.97568 0.97673 0.97777 0.97880 0.97982 0.98083
 0.98183 0.98282 0.98381 0.98478 0.98574 0.98669 0.98763 0.98856 0.98949 0.99040
 0.99130 0.99220 0.99308 0.99396 0.99482 0.99567 0.99652 0.99735 0.99818 0.99899
 1.00000 