Time	CA_1	CA_2	CA_3	CA_4	CA_5	CA_6	MSE_1	MSE_2	MSE_3	MSE_4	MSE_5	MSE_6	NOAA_A	NOAA_B	NOAA_C	NOAA_D	NRCC_A	NRCC_B	NRCC_C	NRCC_D	NV_N	NV_S	NV_W	SCS_I	SCS_IA	SCS_II	SCS_III
0.0	0.0	0.0	0.0	0.0	0.0	0.0	0.0	0.0	0.0	0.0	0.0	0.0	0.0	0.0	0.0	0.0	0.0	0.0	0.0	0.0	0.0	0.0	0.0	0.0	0.0	0.0	0.0
0.1	0.00314	0.00250	0.00203	0.00262	0.00216	0.00098	0.00007	0.00017	0.00027	0.00040	0.00054	0.00071	0.00078	0.00101	0.00128	0.00110	0.00098	0.00120	0.00112	0.00146	0.00110	0.00084	0.00140	0.00174	0.00224	0.00101	0.00100
0.2	0.00625	0.00501	0.00406	0.00524	0.00431	0.00195	0.00015	0.00036	0.00055	0.00081	0.00111	0.00145	0.00141	0.00182	0.00231	0.00220	0.00177	0.00217	0.00224	0.00287	0.00220	0.00170	0.00280	0.00348	0.00432	0.00202	0.00200
0.3	0.00936	0.00753	0.00610	0.00787	0.00648	0.00294	0.00024	0.00056	0.00086	0.00125	0.00170	0.00221	0.00205	0.00265	0.00335	0.00332	0.00257	0.00315	0.00337	0.00430	0.00330	0.00250	0.00430	0.00522	0.00628	0.00305	0.00300
0.4	0.01248	0.01006	0.00815	0.01051	0.00865	0.00393	0.00036	0.00079	0.00119	0.00171	0.00231	0.00300	0.00270	0.00348	0.00441	0.00445	0.00338	0.00414	0.00451	0.00573	0.00450	0.00340	0.00570	0.00697	0.00816	0.00408	0.00400
0.5	0.01561	0.01260	0.01021	0.01315	0.01083	0.00494	0.00048	0.00103	0.00153	0.00219	0.00295	0.00380	0.00336	0.00433	0.00547	0.00559	0.00420	0.00514	0.00566	0.00718	0.00560	0.00430	0.00720	0.00871	0.01000	0.00513	0.00500
0.6	0.01874	0.01515	0.01228	0.01580	0.01302	0.00595	0.00063	0.00129	0.00190	0.00269	0.00361	0.00464	0.00403	0.00518	0.00654	0.00674	0.00503	0.00615	0.00683	0.00863	0.00670	0.00510	0.00870	0.01046	0.01184	0.00618	0.00600
0.7	0.02189	0.01771	0.01435	0.01846	0.01522	0.00698	0.00079	0.00157	0.00229	0.00321	0.00429	0.00549	0.00471	0.00605	0.00763	0.00790	0.00587	0.00717	0.00800	0.01010	0.00790	0.00600	0.01010	0.01220	0.01372	0.00725	0.00700
0.8	0.02503	0.02027	0.01644	0.02113	0.01743	0.00802	0.00096	0.00187	0.00269	0.00376	0.00500	0.00637	0.00539	0.00692	0.00872	0.00907	0.00671	0.00820	0.00919	0.01158	0.00900	0.00690	0.01160	0.01395	0.01568	0.00832	0.00800
0.9	0.02819	0.02285	0.01854	0.02380	0.01965	0.00907	0.00115	0.00218	0.00312	0.00433	0.00572	0.00727	0.00609	0.00780	0.00982	0.01025	0.00757	0.00924	0.01038	0.01306	0.01020	0.00780	0.01310	0.01570	0.01776	0.00941	0.00900
1.0	0.03135	0.02544	0.02065	0.02648	0.02188	0.01013	0.00136	0.00251	0.00356	0.00491	0.00647	0.00820	0.00679	0.00870	0.01093	0.01145	0.00844	0.01029	0.01159	0.01456	0.01140	0.00870	0.01460	0.01745	0.02000	0.01050	0.01000
1.1	0.03452	0.02803	0.02276	0.02917	0.02412	0.01120	0.00158	0.00286	0.00403	0.00552	0.00725	0.00915	0.00751	0.00960	0.01206	0.01265	0.00932	0.01134	0.01281	0.01607	0.01260	0.00960	0.01620	0.01920	0.02276	0.01161	0.01100
1.2	0.03769	0.03064	0.02489	0.03187	0.02637	0.01229	0.00181	0.00323	0.00451	0.00615	0.00804	0.01013	0.00823	0.01051	0.01319	0.01387	0.01020	0.01241	0.01404	0.01759	0.01370	0.01050	0.01770	0.02095	0.02568	0.01272	0.01200
1.3	0.04087	0.03326	0.02702	0.03457	0.02862	0.01338	0.00207	0.00362	0.00501	0.00680	0.00886	0.01112	0.00897	0.01144	0.01433	0.01510	0.01110	0.01349	0.01528	0.01912	0.01490	0.01140	0.01920	0.02270	0.02872	0.01385	0.01300
1.4	0.04406	0.03588	0.02917	0.03728	0.03089	0.01448	0.00234	0.00402	0.00554	0.00747	0.00971	0.01215	0.00971	0.01237	0.01548	0.01634	0.01201	0.01458	0.01653	0.02066	0.01610	0.01230	0.02080	0.02446	0.03184	0.01498	0.01400
1.5	0.04725	0.03851	0.03132	0.04000	0.03316	0.01560	0.00262	0.00444	0.00608	0.00817	0.01057	0.01319	0.01046	0.01331	0.01665	0.01759	0.01292	0.01567	0.01779	0.02221	0.01740	0.01320	0.02240	0.02621	0.03500	0.01613	0.01500
1.6	0.05045	0.04116	0.03349	0.04272	0.03545	0.01672	0.00292	0.00488	0.00665	0.00888	0.01146	0.01426	0.01122	0.01426	0.01782	0.01885	0.01385	0.01678	0.01906	0.02378	0.01860	0.01420	0.02390	0.02797	0.03797	0.01728	0.01600
1.7	0.05366	0.04381	0.03566	0.04545	0.03774	0.01786	0.00323	0.00534	0.00723	0.00962	0.01237	0.01535	0.01199	0.01522	0.01900	0.02012	0.01478	0.01790	0.02034	0.02535	0.01980	0.01510	0.02550	0.02972	0.04095	0.01845	0.01700
1.8	0.05687	0.04648	0.03784	0.04819	0.04005	0.01901	0.00356	0.00581	0.00783	0.01038	0.01330	0.01647	0.01277	0.01619	0.02019	0.02140	0.01573	0.01902	0.02164	0.02693	0.02100	0.01600	0.02710	0.03148	0.04394	0.01962	0.01800
1.9	0.06009	0.04915	0.04003	0.05094	0.04236	0.02017	0.00391	0.00631	0.00845	0.01116	0.01426	0.01761	0.01356	0.01718	0.02140	0.02270	0.01668	0.02016	0.02294	0.02853	0.02230	0.01700	0.02870	0.03324	0.04695	0.02081	0.01900
2.0	0.06332	0.05183	0.04224	0.05369	0.04468	0.02134	0.00427	0.00682	0.00910	0.01196	0.01524	0.01878	0.01435	0.01817	0.02261	0.02400	0.01764	0.02131	0.02426	0.03013	0.02350	0.01800	0.03030	0.03500	0.05000	0.02200	0.02000
2.1	0.06656	0.05452	0.04445	0.05645	0.04702	0.02252	0.00465	0.00735	0.00976	0.01278	0.01624	0.01996	0.01516	0.01917	0.02383	0.02532	0.01862	0.02246	0.02558	0.03175	0.02480	0.01890	0.03190	0.03677	0.05315	0.02321	0.02101
2.2	0.06980	0.05722	0.04667	0.05922	0.04936	0.02371	0.00504	0.00789	0.01044	0.01362	0.01727	0.02118	0.01598	0.02018	0.02506	0.02665	0.01960	0.02363	0.02692	0.03337	0.02610	0.01990	0.03360	0.03858	0.05633	0.02442	0.02203
2.3	0.07304	0.05994	0.04890	0.06200	0.05171	0.02491	0.00545	0.00846	0.01114	0.01449	0.01832	0.02241	0.01680	0.02120	0.02631	0.02799	0.02059	0.02480	0.02827	0.03501	0.02740	0.02090	0.03520	0.04041	0.05954	0.02565	0.02307
2.4	0.07630	0.06266	0.05114	0.06478	0.05407	0.02612	0.00587	0.00904	0.01186	0.01537	0.01939	0.02367	0.01764	0.02223	0.02756	0.02934	0.02159	0.02598	0.02963	0.03665	0.02860	0.02180	0.03690	0.04227	0.06276	0.02688	0.02412
2.5	0.07956	0.06539	0.05339	0.06757	0.05644	0.02735	0.00631	0.00964	0.01260	0.01628	0.02048	0.02495	0.01848	0.02327	0.02882	0.03070	0.02260	0.02718	0.03100	0.03831	0.02990	0.02280	0.03850	0.04416	0.06600	0.02813	0.02519
2.6	0.08282	0.06813	0.05565	0.07037	0.05882	0.02858	0.00676	0.01026	0.01336	0.01721	0.02160	0.02626	0.01933	0.02432	0.03009	0.03207	0.02362	0.02838	0.03238	0.03998	0.03120	0.02380	0.04020	0.04608	0.06920	0.02938	0.02627
2.7	0.08610	0.07088	0.05792	0.07317	0.06120	0.02983	0.00723	0.01090	0.01414	0.01816	0.02274	0.02759	0.02019	0.02538	0.03137	0.03346	0.02466	0.02960	0.03377	0.04166	0.03250	0.02480	0.04190	0.04803	0.07240	0.03065	0.02737
2.8	0.08938	0.07363	0.06019	0.07598	0.06360	0.03108	0.00772	0.01155	0.01494	0.01913	0.02390	0.02894	0.02106	0.02644	0.03267	0.03485	0.02570	0.03082	0.03517	0.04335	0.03390	0.02580	0.04360	0.05001	0.07560	0.03192	0.02848
2.9	0.09266	0.07640	0.06248	0.07880	0.06601	0.03235	0.00822	0.01223	0.01576	0.02012	0.02509	0.03032	0.02194	0.02752	0.03397	0.03626	0.02674	0.03205	0.03658	0.04505	0.03520	0.02680	0.04530	0.05201	0.07880	0.03321	0.02961
3.0	0.09596	0.07918	0.06478	0.08163	0.06842	0.03363	0.00874	0.01292	0.01660	0.02114	0.02630	0.03172	0.02283	0.02861	0.03528	0.03767	0.02780	0.03330	0.03801	0.04676	0.03650	0.02780	0.04700	0.05405	0.08200	0.03450	0.03075
3.1	0.09925	0.08197	0.06709	0.08446	0.07085	0.03492	0.00927	0.01363	0.01746	0.02217	0.02753	0.03315	0.02373	0.02971	0.03660	0.03910	0.02887	0.03455	0.03944	0.04848	0.03790	0.02890	0.04870	0.05611	0.08514	0.03581	0.03191
3.2	0.10256	0.08477	0.06940	0.08730	0.07329	0.03622	0.00982	0.01435	0.01834	0.02323	0.02879	0.03460	0.02464	0.03082	0.03793	0.04054	0.02995	0.03581	0.04089	0.05021	0.03920	0.02990	0.05050	0.05821	0.08829	0.03712	0.03308
3.3	0.10587	0.08757	0.07173	0.09015	0.07573	0.03753	0.01038	0.01510	0.01924	0.02431	0.03006	0.03607	0.02556	0.03193	0.03927	0.04199	0.03104	0.03708	0.04235	0.05195	0.04050	0.03090	0.05220	0.06033	0.09147	0.03845	0.03427
3.4	0.10919	0.09039	0.07406	0.09301	0.07818	0.03885	0.01096	0.01586	0.02016	0.02541	0.03136	0.03757	0.02648	0.03306	0.04062	0.04345	0.03214	0.03836	0.04381	0.05371	0.04190	0.03190	0.05390	0.06248	0.09471	0.03978	0.03547
3.5	0.11252	0.09322	0.07641	0.09587	0.08065	0.04018	0.01155	0.01664	0.02109	0.02653	0.03269	0.03909	0.02742	0.03420	0.04199	0.04493	0.03324	0.03966	0.04529	0.05547	0.04330	0.03300	0.05570	0.06466	0.09800	0.04113	0.03669
3.6	0.11585	0.09605	0.07876	0.09874	0.08312	0.04153	0.01216	0.01744	0.02205	0.02767	0.03403	0.04063	0.02836	0.03534	0.04336	0.04641	0.03436	0.04096	0.04678	0.05724	0.04460	0.03400	0.05750	0.06687	0.10147	0.04248	0.03792
3.7	0.11919	0.09890	0.08112	0.10162	0.08560	0.04288	0.01279	0.01825	0.02303	0.02883	0.03540	0.04220	0.02932	0.03650	0.04474	0.04791	0.03549	0.04227	0.04828	0.05903	0.04600	0.03510	0.05930	0.06911	0.10502	0.04385	0.03917
3.8	0.12254	0.10175	0.08350	0.10450	0.08809	0.04425	0.01343	0.01909	0.02403	0.03002	0.03679	0.04379	0.03028	0.03767	0.04613	0.04941	0.03662	0.04359	0.04979	0.06082	0.04740	0.03620	0.06100	0.07138	0.10862	0.04522	0.04043
3.9	0.12589	0.10462	0.08588	0.10740	0.09059	0.04562	0.01409	0.01994	0.02504	0.03123	0.03821	0.04540	0.03125	0.03884	0.04753	0.05093	0.03777	0.04492	0.05132	0.06263	0.04880	0.03720	0.06280	0.07367	0.11229	0.04661	0.04171
4.0	0.12925	0.10749	0.08827	0.11029	0.09310	0.04701	0.01476	0.02081	0.02608	0.03245	0.03965	0.04704	0.03223	0.04003	0.04894	0.05246	0.03892	0.04626	0.05285	0.06445	0.05020	0.03830	0.06460	0.07600	0.11600	0.04800	0.04300
4.1	0.13261	0.11037	0.09067	0.11320	0.09562	0.04841	0.01545	0.02170	0.02714	0.03370	0.04111	0.04871	0.03322	0.04122	0.05036	0.05400	0.04009	0.04761	0.05439	0.06627	0.05160	0.03940	0.06650	0.07835	0.11969	0.04941	0.04431
4.2	0.13599	0.11327	0.09309	0.11612	0.09815	0.04982	0.01615	0.02260	0.02821	0.03497	0.04259	0.05039	0.03422	0.04243	0.05179	0.05555	0.04126	0.04897	0.05595	0.06811	0.05300	0.04040	0.06830	0.08070	0.12342	0.05084	0.04563
4.3	0.13936	0.11617	0.09551	0.11904	0.10069	0.05124	0.01687	0.02353	0.02931	0.03626	0.04410	0.05210	0.03523	0.04364	0.05324	0.05711	0.04244	0.05034	0.05751	0.06996	0.05450	0.04150	0.07010	0.08307	0.12721	0.05229	0.04697
4.4	0.14275	0.11908	0.09794	0.12197	0.10324	0.05267	0.01761	0.02447	0.03042	0.03758	0.04563	0.05384	0.03625	0.04487	0.05469	0.05869	0.04364	0.05172	0.05909	0.07182	0.05590	0.04260	0.07200	0.08545	0.13107	0.05376	0.04832
4.5	0.14614	0.12200	0.10038	0.12490	0.10580	0.05411	0.01836	0.02543	0.03156	0.03891	0.04718	0.05559	0.03727	0.04610	0.05615	0.06027	0.04484	0.05310	0.06068	0.07369	0.05740	0.04370	0.07390	0.08784	0.13500	0.05525	0.04969
4.6	0.14954	0.12493	0.10283	0.12785	0.10836	0.05556	0.01912	0.02641	0.03271	0.04027	0.04876	0.05737	0.03831	0.04735	0.05762	0.06187	0.04605	0.05450	0.06228	0.07557	0.05880	0.04480	0.07570	0.09024	0.13901	0.05676	0.05107
4.7	0.15295	0.12787	0.10529	0.13080	0.11094	0.05702	0.01990	0.02740	0.03389	0.04164	0.05036	0.05918	0.03936	0.04860	0.05910	0.06347	0.04727	0.05591	0.06388	0.07746	0.06030	0.04600	0.07760	0.09265	0.14310	0.05829	0.05247
4.8	0.15636	0.13083	0.10775	0.13375	0.11352	0.05850	0.02070	0.02842	0.03508	0.04304	0.05198	0.06101	0.04041	0.04986	0.06059	0.06509	0.04850	0.05733	0.06550	0.07936	0.06170	0.04710	0.07950	0.09507	0.14729	0.05984	0.05388
4.9	0.15978	0.13379	0.11023	0.13672	0.11612	0.05998	0.02151	0.02945	0.03630	0.04446	0.05362	0.06286	0.04147	0.05114	0.06209	0.06672	0.04974	0.05875	0.06714	0.08127	0.06320	0.04820	0.08140	0.09751	0.15159	0.06141	0.05531
5.0	0.16320	0.13675	0.11272	0.13969	0.11872	0.06148	0.02234	0.03050	0.03753	0.04590	0.05529	0.06474	0.04255	0.05242	0.06360	0.06836	0.05099	0.06019	0.06878	0.08319	0.06470	0.04930	0.08330	0.09995	0.15600	0.06300	0.05675
5.1	0.16663	0.13973	0.11522	0.14267	0.12134	0.06298	0.02318	0.03156	0.03878	0.04736	0.05698	0.06664	0.04363	0.05371	0.06512	0.07001	0.05225	0.06164	0.07043	0.08512	0.06620	0.05050	0.08520	0.10241	0.16059	0.06461	0.05821
5.2	0.17007	0.14272	0.11772	0.14566	0.12396	0.06450	0.02404	0.03265	0.04006	0.04885	0.05869	0.06856	0.04472	0.05501	0.06665	0.07167	0.05352	0.06310	0.07209	0.08707	0.06770	0.05160	0.08720	0.10487	0.16530	0.06624	0.05968
5.3	0.17352	0.14572	0.12024	0.14865	0.12659	0.06603	0.02492	0.03375	0.04135	0.05035	0.06043	0.07051	0.04582	0.05633	0.06819	0.07335	0.05480	0.06456	0.07377	0.08902	0.06920	0.05280	0.08910	0.10735	0.17011	0.06789	0.06117
5.4	0.17697	0.14873	0.12276	0.15165	0.12923	0.06757	0.02581	0.03487	0.04266	0.05188	0.06219	0.07248	0.04693	0.05765	0.06974	0.07503	0.05609	0.06604	0.07545	0.09099	0.07070	0.05390	0.09110	0.10984	0.17501	0.06956	0.06267
5.5	0.18043	0.15175	0.12530	0.15466	0.13188	0.06912	0.02671	0.03601	0.04399	0.05342	0.06397	0.07447	0.04805	0.05898	0.07130	0.07673	0.05739	0.06752	0.07715	0.09296	0.07230	0.05510	0.09300	0.11234	0.18000	0.07125	0.06419
5.6	0.18389	0.15477	0.12784	0.15768	0.13454	0.07068	0.02763	0.03717	0.04535	0.05499	0.06577	0.07649	0.04918	0.06032	0.07287	0.07843	0.05870	0.06902	0.07886	0.09495	0.07380	0.05630	0.09500	0.11485	0.18494	0.07296	0.06572
5.7	0.18736	0.15781	0.13040	0.16070	0.13721	0.07225	0.02857	0.03835	0.04672	0.05658	0.06760	0.07853	0.05032	0.06167	0.07445	0.08015	0.06002	0.07052	0.08057	0.09694	0.07530	0.05740	0.09700	0.11737	0.18999	0.07469	0.06727
5.8	0.19084	0.16086	0.13296	0.16373	0.13989	0.07383	0.02952	0.03954	0.04811	0.05820	0.06945	0.08060	0.05146	0.06303	0.07604	0.08188	0.06134	0.07204	0.08230	0.09895	0.07690	0.05860	0.09900	0.11990	0.19517	0.07644	0.06883
5.9	0.19432	0.16391	0.13553	0.16677	0.14258	0.07543	0.03049	0.04075	0.04952	0.05983	0.07132	0.08269	0.05262	0.06440	0.07764	0.08362	0.06268	0.07356	0.08404	0.10097	0.07840	0.05980	0.10100	0.12245	0.20049	0.07821	0.07041
6.0	0.19781	0.16698	0.13812	0.16982	0.14528	0.07703	0.03147	0.04198	0.05095	0.06148	0.07322	0.08480	0.05378	0.06578	0.07925	0.08537	0.06403	0.07510	0.08579	0.10300	0.08000	0.06100	0.10300	0.12500	0.20600	0.08000	0.07200
6.1	0.20133	0.17008	0.14074	0.17289	0.14801	0.07868	0.03247	0.04322	0.05240	0.06316	0.07514	0.08694	0.05498	0.06720	0.08090	0.08717	0.06541	0.07667	0.08759	0.10507	0.08190	0.06260	0.10520	0.12761	0.21196	0.08181	0.07363
6.2	0.20488	0.17322	0.14340	0.17600	0.15079	0.08037	0.03349	0.04449	0.05387	0.06485	0.07708	0.08910	0.05622	0.06866	0.08259	0.08901	0.06683	0.07828	0.08942	0.10718	0.08380	0.06420	0.10750	0.13034	0.21808	0.08364	0.07530
6.3	0.20845	0.17640	0.14609	0.17913	0.15360	0.08210	0.03452	0.04577	0.05536	0.06657	0.07905	0.09129	0.05750	0.07016	0.08432	0.09090	0.06829	0.07993	0.09131	0.10934	0.08580	0.06580	0.10980	0.13317	0.22432	0.08549	0.07703
6.4	0.21204	0.17962	0.14883	0.18229	0.15645	0.08388	0.03556	0.04707	0.05687	0.06831	0.08103	0.09349	0.05881	0.07169	0.08609	0.09283	0.06979	0.08162	0.09323	0.11153	0.08780	0.06750	0.11210	0.13610	0.23064	0.08736	0.07880
6.5	0.21567	0.18288	0.15160	0.18548	0.15933	0.08570	0.03663	0.04839	0.05840	0.07007	0.08304	0.09573	0.06016	0.07327	0.08790	0.09480	0.07133	0.08335	0.09520	0.11377	0.08980	0.06910	0.11440	0.13915	0.23700	0.08925	0.08063
6.6	0.21931	0.18617	0.15441	0.18870	0.16225	0.08757	0.03770	0.04973	0.05995	0.07186	0.08508	0.09798	0.06154	0.07488	0.08975	0.09682	0.07291	0.08512	0.09721	0.11606	0.09180	0.07080	0.11680	0.14230	0.24285	0.09116	0.08250
6.7	0.22299	0.18951	0.15726	0.19195	0.16522	0.08948	0.03879	0.05108	0.06152	0.07366	0.08714	0.10026	0.06297	0.07653	0.09164	0.09888	0.07452	0.08693	0.09926	0.11838	0.09390	0.07250	0.11920	0.14557	0.24878	0.09309	0.08443
6.8	0.22669	0.19288	0.16015	0.19523	0.16821	0.09143	0.03990	0.05245	0.06311	0.07548	0.08921	0.10256	0.06442	0.07822	0.09356	0.10099	0.07617	0.08877	0.10136	0.12075	0.09600	0.07430	0.12160	0.14894	0.25490	0.09504	0.08640
6.9	0.23042	0.19629	0.16307	0.19854	0.17125	0.09343	0.04103	0.05384	0.06472	0.07733	0.09132	0.10489	0.06592	0.07996	0.09553	0.10314	0.07786	0.09065	0.10351	0.12316	0.09810	0.07600	0.12410	0.15241	0.26127	0.09701	0.08843
7.0	0.23418	0.19974	0.16604	0.20188	0.17432	0.09547	0.04216	0.05525	0.06635	0.07920	0.09344	0.10724	0.06745	0.08172	0.09754	0.10534	0.07959	0.09258	0.10569	0.12561	0.10020	0.07780	0.12660	0.15600	0.26800	0.09900	0.09050
7.1	0.23796	0.20322	0.16904	0.20524	0.17743	0.09755	0.04332	0.05668	0.06799	0.08109	0.09559	0.10962	0.06902	0.08353	0.09959	0.10758	0.08136	0.09454	0.10792	0.12810	0.10240	0.07960	0.12920	0.15966	0.27517	0.10101	0.09263
7.2	0.24177	0.20675	0.17208	0.20864	0.18058	0.09968	0.04449	0.05812	0.06966	0.08300	0.09776	0.11201	0.07063	0.08538	0.10168	0.10987	0.08317	0.09654	0.11019	0.13064	0.10460	0.08150	0.13170	0.16334	0.28287	0.10304	0.09480
7.3	0.24560	0.21031	0.17516	0.21206	0.18377	0.10185	0.04568	0.05958	0.07135	0.08493	0.09996	0.11444	0.07227	0.08727	0.10380	0.11220	0.08501	0.09858	0.11251	0.13322	0.10680	0.08330	0.13430	0.16706	0.29118	0.10509	0.09703
7.4	0.24946	0.21391	0.17827	0.21552	0.18699	0.10406	0.04688	0.06106	0.07306	0.08688	0.10217	0.11688	0.07395	0.08919	0.10597	0.11458	0.08689	0.10066	0.11487	0.13584	0.10910	0.08520	0.13700	0.17082	0.30019	0.10716	0.09930
7.5	0.25335	0.21755	0.18142	0.21900	0.19025	0.10632	0.04809	0.06256	0.07478	0.08886	0.10441	0.11935	0.07567	0.09116	0.10818	0.11700	0.08881	0.10277	0.11727	0.13850	0.11140	0.08710	0.13960	0.17460	0.31000	0.10925	0.10163
7.6	0.25726	0.22123	0.18462	0.22251	0.19355	0.10862	0.04933	0.06408	0.07653	0.09085	0.10668	0.12184	0.07742	0.09316	0.11042	0.11946	0.09077	0.10493	0.11972	0.14121	0.11370	0.08900	0.14230	0.17842	0.33142	0.11136	0.10400
7.7	0.26120	0.22495	0.18785	0.22605	0.19689	0.11096	0.05057	0.06561	0.07830	0.09287	0.10896	0.12436	0.07921	0.09520	0.11271	0.12197	0.09277	0.10713	0.12221	0.14396	0.11600	0.09090	0.14500	0.18226	0.35469	0.11349	0.10643
7.8	0.26517	0.22870	0.19111	0.22963	0.20026	0.11335	0.05184	0.06716	0.08008	0.09491	0.11127	0.12690	0.08104	0.09728	0.11503	0.12453	0.09480	0.10936	0.12474	0.14675	0.11830	0.09290	0.14770	0.18614	0.37876	0.11564	0.10890
7.9	0.26916	0.23249	0.19442	0.23323	0.20367	0.11578	0.05312	0.06873	0.08189	0.09697	0.11360	0.12947	0.08290	0.09940	0.11740	0.12712	0.09688	0.11163	0.12732	0.14958	0.12070	0.09480	0.15050	0.19006	0.40255	0.11781	0.11143
8.0	0.27318	0.23632	0.19776	0.23685	0.20712	0.11825	0.05441	0.07032	0.08371	0.09905	0.11596	0.13205	0.08480	0.10156	0.11981	0.12977	0.09899	0.11394	0.12994	0.15246	0.12310	0.09680	0.15330	0.19400	0.42500	0.12000	0.11400
8.1	0.27722	0.24019	0.20115	0.24051	0.21061	0.12077	0.05572	0.07193	0.08556	0.10115	0.11833	0.13467	0.08674	0.10376	0.12225	0.13246	0.10114	0.11629	0.13260	0.15538	0.12550	0.09880	0.15610	0.19817	0.43936	0.12225	0.11666
8.2	0.28130	0.24410	0.20457	0.24420	0.21413	0.12333	0.05705	0.07355	0.08742	0.10327	0.12074	0.13730	0.08871	0.10599	0.12474	0.13519	0.10333	0.11868	0.13531	0.15834	0.12790	0.10090	0.15900	0.20275	0.45168	0.12460	0.11943
8.3	0.28539	0.24805	0.20802	0.24792	0.21769	0.12594	0.05839	0.07519	0.08931	0.10542	0.12316	0.13996	0.09072	0.10827	0.12726	0.13796	0.10555	0.12111	0.13806	0.16134	0.13040	0.10290	0.16190	0.20775	0.46232	0.12705	0.12232
8.4	0.28952	0.25203	0.21152	0.25166	0.22129	0.12858	0.05974	0.07685	0.09121	0.10758	0.12560	0.14264	0.09277	0.11058	0.12982	0.14079	0.10782	0.12358	0.14086	0.16439	0.13290	0.10500	0.16480	0.21317	0.47164	0.12960	0.12532
8.5	0.29367	0.25605	0.21506	0.25544	0.22493	0.13128	0.06112	0.07853	0.09314	0.10977	0.12807	0.14535	0.09485	0.11294	0.13243	0.14365	0.11012	0.12608	0.14369	0.16747	0.13540	0.10710	0.16770	0.21900	0.48000	0.13225	0.12844
8.6	0.29785	0.26012	0.21863	0.25924	0.22860	0.13401	0.06250	0.08022	0.09508	0.11198	0.13057	0.14808	0.09697	0.11533	0.13507	0.14656	0.11246	0.12863	0.14658	0.17060	0.13800	0.10930	0.17070	0.22523	0.48904	0.13500	0.13167
8.7	0.30205	0.26421	0.22224	0.26308	0.23231	0.13679	0.06391	0.08194	0.09704	0.11421	0.13308	0.15083	0.09913	0.11776	0.13776	0.14952	0.11484	0.13121	0.14950	0.17378	0.14060	0.11140	0.17380	0.23185	0.49752	0.13785	0.13502
8.8	0.30628	0.26835	0.22589	0.26694	0.23606	0.13961	0.06533	0.08367	0.09903	0.11646	0.13562	0.15361	0.10132	0.12023	0.14048	0.15252	0.11726	0.13383	0.15247	0.17699	0.14320	0.11360	0.17680	0.23885	0.50548	0.14080	0.13848
8.9	0.31054	0.27253	0.22957	0.27083	0.23985	0.14248	0.06676	0.08542	0.10103	0.11874	0.13818	0.15641	0.10355	0.12274	0.14324	0.15556	0.11972	0.13650	0.15548	0.18025	0.14580	0.11580	0.17990	0.24623	0.51296	0.14385	0.14206
9.0	0.31482	0.27674	0.23330	0.27475	0.24367	0.14539	0.06821	0.08718	0.10305	0.12103	0.14076	0.15924	0.10582	0.12529	0.14605	0.15865	0.12221	0.13920	0.15854	0.18355	0.14850	0.11800	0.18300	0.25400	0.52000	0.14700	0.14575
9.1	0.31917	0.28106	0.23713	0.27875	0.24761	0.14845	0.07078	0.09012	0.10628	0.12455	0.14459	0.16327	0.10824	0.12799	0.14900	0.16190	0.12486	0.14204	0.16174	0.18699	0.15160	0.12080	0.18630	0.26233	0.52664	0.15020	0.14956
9.2	0.32358	0.28549	0.24108	0.28282	0.25164	0.15168	0.07338	0.09310	0.10956	0.12812	0.14846	0.16735	0.11081	0.13085	0.15210	0.16530	0.12766	0.14504	0.16511	0.19056	0.15480	0.12380	0.18980	0.27139	0.53292	0.15340	0.15348
9.3	0.32806	0.29002	0.24513	0.28697	0.25579	0.15507	0.07603	0.09612	0.11289	0.13174	0.15239	0.17148	0.11354	0.13386	0.15536	0.16887	0.13061	0.14818	0.16862	0.19428	0.15820	0.12690	0.19340	0.28119	0.53888	0.15660	0.15752
9.4	0.33260	0.29465	0.24930	0.29119	0.26004	0.15861	0.07872	0.09919	0.11626	0.13540	0.15636	0.17566	0.11643	0.13703	0.15876	0.17259	0.13372	0.15148	0.17229	0.19814	0.16160	0.13000	0.19710	0.29173	0.54456	0.15980	0.16167
9.5	0.33721	0.29940	0.25358	0.29549	0.26440	0.16232	0.08144	0.10229	0.11967	0.13911	0.16038	0.17990	0.11946	0.14035	0.16231	0.17647	0.13698	0.15492	0.17611	0.20214	0.16520	0.13330	0.20100	0.30300	0.55000	0.16300	0.16594
9.6	0.34189	0.30424	0.25796	0.29986	0.26887	0.16618	0.08421	0.10545	0.12314	0.14287	0.16446	0.18418	0.12265	0.14382	0.16602	0.18051	0.14040	0.15850	0.18008	0.20628	0.16890	0.13670	0.20500	0.31942	0.55564	0.16628	0.17032
9.7	0.34662	0.30920	0.26246	0.30431	0.27344	0.17020	0.08701	0.10864	0.12664	0.14668	0.16858	0.18851	0.12599	0.14745	0.16987	0.18470	0.14396	0.16224	0.18421	0.21055	0.17270	0.14020	0.20910	0.34542	0.56116	0.16972	0.17482
9.8	0.35143	0.31425	0.26706	0.30884	0.27812	0.17438	0.08985	0.11188	0.13020	0.15053	0.17275	0.19289	0.12949	0.15123	0.17387	0.18906	0.14768	0.16613	0.18849	0.21497	0.17670	0.14380	0.21330	0.38784	0.56656	0.17332	0.17943
9.9	0.35630	0.31942	0.27178	0.31344	0.28291	0.17872	0.09274	0.11516	0.13380	0.15444	0.17698	0.19732	0.13314	0.15517	0.17803	0.19357	0.15156	0.17016	0.19292	0.21953	0.18070	0.14750	0.21770	0.46316	0.57184	0.17708	0.18416
10.0	0.36123	0.32469	0.27661	0.31811	0.28780	0.18322	0.09566	0.11849	0.13744	0.15839	0.18125	0.20180	0.13695	0.15926	0.18233	0.19824	0.15558	0.17434	0.19750	0.22423	0.18490	0.15130	0.22220	0.51500	0.57700	0.18100	0.18900
10.1	0.36623	0.33006	0.28154	0.32286	0.29280	0.18788	0.09863	0.12185	0.14113	0.16239	0.18557	0.20632	0.14090	0.16351	0.18678	0.20307	0.15976	0.17867	0.20224	0.22906	0.18920	0.15520	0.22680	0.53220	0.58198	0.18512	0.19402
10.2	0.37129	0.33554	0.28659	0.32769	0.29791	0.19270	0.10163	0.12527	0.14487	0.16643	0.18994	0.21090	0.14502	0.16791	0.19139	0.20805	0.16409	0.18314	0.20713	0.23404	0.19360	0.15930	0.23150	0.54760	0.58685	0.18948	0.19928
10.3	0.37642	0.34113	0.29175	0.33259	0.30313	0.19767	0.10467	0.12872	0.14866	0.17053	0.19436	0.21553	0.14928	0.17247	0.19614	0.21320	0.16858	0.18777	0.21218	0.23915	0.19810	0.16340	0.23640	0.56120	0.59163	0.19408	0.20478
10.4	0.38162	0.34682	0.29702	0.33757	0.30845	0.20281	0.10776	0.13222	0.15248	0.17467	0.19883	0.22021	0.15370	0.17718	0.20104	0.21850	0.17322	0.19254	0.21737	0.24441	0.20270	0.16760	0.24140	0.57300	0.59635	0.19892	0.21052
10.5	0.38688	0.35262	0.30240	0.34262	0.31388	0.20810	0.11088	0.13576	0.15636	0.17886	0.20335	0.22494	0.15827	0.18204	0.20610	0.22396	0.17801	0.19746	0.22272	0.24980	0.20750	0.17200	0.24650	0.58300	0.60100	0.20400	0.21650
10.6	0.39232	0.35874	0.30812	0.34790	0.31964	0.21399	0.11580	0.14115	0.16212	0.18492	0.20974	0.23145	0.16348	0.18752	0.21173	0.23000	0.18342	0.20296	0.22863	0.25568	0.21380	0.17830	0.25260	0.59188	0.60576	0.20940	0.22272
10.7	0.39794	0.36518	0.31419	0.35339	0.32574	0.22047	0.12157	0.14732	0.16863	0.19170	0.21681	0.23857	0.16932	0.19362	0.21793	0.23662	0.18943	0.20902	0.23509	0.26205	0.22050	0.18490	0.25910	0.60032	0.61044	0.21520	0.22918
10.8	0.40375	0.37194	0.32062	0.35909	0.33217	0.22755	0.12817	0.15428	0.17591	0.19919	0.22454	0.24630	0.17580	0.20033	0.22471	0.24382	0.19606	0.21566	0.24211	0.26890	0.22750	0.19190	0.26590	0.60832	0.61504	0.22140	0.23588
10.9	0.40974	0.37902	0.32738	0.36502	0.33893	0.23522	0.13562	0.16203	0.18394	0.20739	0.23295	0.25465	0.18291	0.20765	0.23206	0.25160	0.20330	0.22286	0.24969	0.27624	0.23480	0.19930	0.27300	0.61588	0.61956	0.22800	0.24282
11.0	0.41591	0.38643	0.33450	0.37117	0.34603	0.24349	0.14391	0.17056	0.19272	0.21630	0.24202	0.26360	0.19065	0.21559	0.23999	0.25995	0.21116	0.23064	0.25782	0.28406	0.24250	0.20700	0.28050	0.62300	0.62400	0.23500	0.25000
11.1	0.42229	0.39427	0.34211	0.37759	0.35359	0.25284	0.15305	0.17988	0.20226	0.22592	0.25177	0.27316	0.19971	0.22476	0.24899	0.26933	0.22023	0.23950	0.26692	0.29268	0.25120	0.21620	0.28840	0.62982	0.62836	0.24268	0.25776
11.2	0.42890	0.40254	0.35022	0.38428	0.36162	0.26327	0.16302	0.18998	0.21256	0.23625	0.26220	0.28333	0.21009	0.23515	0.25907	0.27972	0.23052	0.24944	0.27699	0.30208	0.26040	0.22590	0.29680	0.63648	0.63264	0.25132	0.26644
11.3	0.43573	0.41126	0.35882	0.39125	0.37012	0.27477	0.17384	0.20087	0.22362	0.24729	0.27329	0.29411	0.22179	0.24677	0.27022	0.29113	0.24203	0.26046	0.28803	0.31228	0.27010	0.23610	0.30560	0.64298	0.63684	0.26092	0.27604
11.4	0.44277	0.42041	0.36792	0.39849	0.37909	0.28735	0.18550	0.21254	0.23543	0.25904	0.28506	0.30550	0.23481	0.25962	0.28245	0.30356	0.25475	0.27256	0.30004	0.32327	0.28030	0.24680	0.31480	0.64932	0.64096	0.27148	0.28656
11.5	0.45000	0.43000	0.37750	0.40600	0.38850	0.30100	0.19800	0.22500	0.24800	0.27150	0.29750	0.31750	0.24900	0.27350	0.29550	0.31700	0.26850	0.28550	0.31300	0.33500	0.29100	0.25800	0.32450	0.65550	0.64500	0.28300	0.29800
11.6	0.45787	0.44109	0.38892	0.41434	0.39964	0.31979	0.21836	0.24398	0.26630	0.28889	0.31419	0.33312	0.27176	0.29545	0.31572	0.33510	0.29024	0.30562	0.33040	0.35037	0.30680	0.27640	0.33780	0.66152	0.64889	0.30684	0.31430
11.7	0.46615	0.45275	0.40093	0.42311	0.41136	0.33956	0.24537	0.26912	0.29062	0.31192	0.33626	0.35347	0.29572	0.31855	0.33700	0.35415	0.31312	0.32680	0.34872	0.36655	0.32340	0.29580	0.35180	0.66738	0.65272	0.35436	0.33940
11.8	0.47567	0.46612	0.41776	0.43561	0.42740	0.36711	0.28381	0.30466	0.32445	0.34351	0.36580	0.38046	0.32954	0.35037	0.36618	0.38028	0.34504	0.35636	0.37436	0.38919	0.34870	0.32490	0.37290	0.67308	0.65651	0.43079	0.37330
11.9	0.48607	0.48066	0.44171	0.45377	0.44957	0.40610	0.34005	0.35622	0.37245	0.38757	0.40565	0.41660	0.37820	0.39488	0.40669	0.41654	0.39033	0.39831	0.41087	0.42143	0.38800	0.36990	0.40560	0.67862	0.66026	0.56786	0.41600
12.0	0.49874	0.49830	0.48448	0.48711	0.48753	0.47527	0.45048	0.45627	0.46289	0.46856	0.47560	0.47904	0.46660	0.47290	0.47660	0.47909	0.47094	0.47304	0.47619	0.47904	0.46480	0.45950	0.47040	0.68400	0.66400	0.66300	0.50000
12.1	0.51393	0.51934	0.55829	0.54623	0.55043	0.59390	0.65995	0.64378	0.62755	0.61243	0.59435	0.58340	0.62180	0.60512	0.59331	0.58346	0.60967	0.60169	0.58913	0.57857	0.61200	0.63010	0.59440	0.68925	0.66773	0.68196	0.58400
12.2	0.52433	0.53388	0.58224	0.56439	0.57260	0.63289	0.71619	0.69534	0.67555	0.65649	0.63420	0.61954	0.67046	0.64963	0.63382	0.61972	0.65496	0.64364	0.62564	0.61081	0.65130	0.67510	0.62710	0.69440	0.67148	0.69864	0.62670
12.3	0.53385	0.54725	0.59907	0.57689	0.58864	0.66044	0.75463	0.73088	0.70938	0.68808	0.66374	0.64653	0.70428	0.68145	0.66300	0.64585	0.68688	0.67320	0.65128	0.63345	0.67660	0.70420	0.64820	0.69945	0.67527	0.71304	0.66060
12.4	0.54213	0.55891	0.61108	0.58566	0.60036	0.68021	0.78164	0.75602	0.73370	0.71111	0.68581	0.66688	0.72824	0.70455	0.68428	0.66490	0.70976	0.69438	0.66960	0.64963	0.69320	0.72360	0.66220	0.70440	0.67910	0.72516	0.68570
12.5	0.55000	0.57000	0.62250	0.59400	0.61150	0.69900	0.80200	0.77500	0.75200	0.72850	0.70250	0.68250	0.75100	0.72650	0.70450	0.68300	0.73150	0.71450	0.68700	0.66500	0.70900	0.74200	0.67550	0.70925	0.68300	0.73500	0.70200
12.6	0.55723	0.57959	0.63208	0.60151	0.62091	0.71265	0.81450	0.78746	0.76457	0.74096	0.71494	0.69450	0.76519	0.74038	0.71755	0.69644	0.74525	0.72744	0.69996	0.67673	0.71970	0.75320	0.68520	0.71400	0.68665	0.74344	0.71344
12.7	0.56427	0.58874	0.64118	0.60875	0.62988	0.72523	0.82616	0.79913	0.77638	0.75271	0.72671	0.70589	0.77821	0.75323	0.72978	0.70887	0.75797	0.73954	0.71197	0.68772	0.72990	0.76390	0.69440	0.71865	0.69027	0.75136	0.72396
12.8	0.57110	0.59746	0.64978	0.61572	0.63838	0.73673	0.83698	0.81002	0.78744	0.76375	0.73780	0.71667	0.78991	0.76485	0.74093	0.72028	0.76948	0.75056	0.72301	0.69792	0.73960	0.77410	0.70320	0.72320	0.69386	0.75876	0.73356
12.9	0.57771	0.60573	0.65789	0.62241	0.64641	0.74716	0.84695	0.82012	0.79774	0.77408	0.74823	0.72684	0.80029	0.77524	0.75101	0.73067	0.77977	0.76050	0.73308	0.70732	0.74880	0.78380	0.71160	0.72765	0.69744	0.76564	0.74224
13.0	0.58409	0.61357	0.66550	0.62883	0.65397	0.75651	0.85609	0.82944	0.80728	0.78370	0.75798	0.73640	0.80935	0.78441	0.76001	0.74005	0.78884	0.76936	0.74218	0.71594	0.75750	0.79300	0.71950	0.73200	0.70100	0.77200	0.75000
13.1	0.59026	0.62098	0.67262	0.63498	0.66107	0.76478	0.86438	0.83797	0.81606	0.79261	0.76705	0.74535	0.81709	0.79235	0.76794	0.74840	0.79670	0.77714	0.75031	0.72376	0.76520	0.80070	0.72700	0.73625	0.70473	0.77796	0.75718
13.2	0.59625	0.62806	0.67938	0.64091	0.66783	0.77245	0.87183	0.84572	0.82409	0.80081	0.77546	0.75370	0.82420	0.79967	0.77529	0.75618	0.80394	0.78434	0.75789	0.73110	0.77250	0.80810	0.73410	0.74040	0.70838	0.78364	0.76412
13.3	0.60206	0.63482	0.68581	0.64661	0.67426	0.77953	0.87843	0.85268	0.83137	0.80830	0.78319	0.76143	0.83068	0.80638	0.78207	0.76338	0.81057	0.79098	0.76491	0.73795	0.77950	0.81510	0.74090	0.74445	0.71198	0.78904	0.77082
13.4	0.60768	0.64126	0.69188	0.65210	0.68036	0.78601	0.88420	0.85885	0.83788	0.81508	0.79026	0.76855	0.83652	0.81248	0.78827	0.77000	0.81658	0.79704	0.77137	0.74432	0.78620	0.82170	0.74740	0.74840	0.71551	0.79416	0.77728
13.5	0.61312	0.64738	0.69760	0.65738	0.68612	0.79190	0.88912	0.86424	0.84364	0.82114	0.79665	0.77506	0.84173	0.81796	0.79390	0.77604	0.82199	0.80254	0.77728	0.75020	0.79250	0.82800	0.75350	0.75225	0.71900	0.79900	0.78350
13.6	0.61838	0.65318	0.70298	0.66243	0.69155	0.79719	0.89224	0.86778	0.84752	0.82533	0.80117	0.77979	0.84630	0.82282	0.79896	0.78150	0.82678	0.80746	0.78263	0.75559	0.79730	0.83240	0.75860	0.75600	0.72245	0.80360	0.78948
13.7	0.62358	0.65887	0.70825	0.66741	0.69687	0.80233	0.89533	0.87128	0.85134	0.82947	0.80564	0.78447	0.85072	0.82753	0.80386	0.78680	0.83142	0.81223	0.78782	0.76085	0.80190	0.83660	0.76360	0.75965	0.72586	0.80800	0.79522
13.8	0.62871	0.66446	0.71341	0.67231	0.70209	0.80730	0.89837	0.87473	0.85513	0.83357	0.81006	0.78910	0.85498	0.83209	0.80861	0.79195	0.83591	0.81686	0.79287	0.76596	0.80640	0.84070	0.76850	0.76320	0.72926	0.81220	0.80072
13.9	0.63377	0.66994	0.71846	0.67714	0.70720	0.81212	0.90137	0.87815	0.85887	0.83761	0.81443	0.79368	0.85910	0.83649	0.81322	0.79693	0.84024	0.82133	0.79776	0.77094	0.81080	0.84480	0.77320	0.76665	0.73263	0.81620	0.80598
14.0	0.63877	0.67531	0.72339	0.68189	0.71220	0.81678	0.90434	0.88151	0.86256	0.84161	0.81875	0.79820	0.86305	0.84074	0.81767	0.80176	0.84442	0.82566	0.80250	0.77577	0.81510	0.84870	0.77780	0.77000	0.73600	0.82000	0.81100
14.1	0.64370	0.68058	0.72822	0.68656	0.71709	0.82128	0.90726	0.88484	0.86620	0.84556	0.82302	0.80268	0.86686	0.84483	0.82197	0.80643	0.84844	0.82984	0.80708	0.78047	0.81930	0.85250	0.78230	0.77329	0.73939	0.82367	0.81584
14.2	0.64857	0.68575	0.73294	0.69116	0.72188	0.82562	0.91015	0.88812	0.86980	0.84947	0.82725	0.80711	0.87051	0.84877	0.82613	0.81094	0.85232	0.83387	0.81151	0.78503	0.82330	0.85620	0.78670	0.77656	0.74277	0.82726	0.82057
14.3	0.65338	0.69080	0.73754	0.69569	0.72656	0.82980	0.91299	0.89136	0.87336	0.85332	0.83142	0.81149	0.87401	0.85255	0.83013	0.81530	0.85604	0.83776	0.81579	0.78945	0.82730	0.85980	0.79090	0.77981	0.74613	0.83079	0.82518
14.4	0.65811	0.69576	0.74204	0.70014	0.73113	0.83382	0.91579	0.89455	0.87686	0.85713	0.83554	0.81582	0.87735	0.85618	0.83398	0.81949	0.85960	0.84150	0.81992	0.79372	0.83110	0.86330	0.79500	0.78304	0.74948	0.83424	0.82968
14.5	0.66279	0.70060	0.74642	0.70451	0.73560	0.83768	0.91856	0.89771	0.88033	0.86089	0.83962	0.82010	0.88054	0.85965	0.83769	0.82353	0.86302	0.84508	0.82389	0.79786	0.83480	0.86670	0.79900	0.78625	0.75281	0.83763	0.83406
14.6	0.66740	0.70535	0.75070	0.70881	0.73996	0.84139	0.92128	0.90081	0.88374	0.86460	0.84364	0.82434	0.88357	0.86297	0.84124	0.82741	0.86628	0.84852	0.82771	0.80186	0.83840	0.87000	0.80290	0.78944	0.75613	0.84094	0.83833
14.7	0.67194	0.70998	0.75487	0.71303	0.74421	0.84493	0.92397	0.90388	0.88711	0.86826	0.84761	0.82852	0.88646	0.86614	0.84464	0.83113	0.86939	0.85182	0.83138	0.80572	0.84180	0.87310	0.80660	0.79261	0.75943	0.84419	0.84248
14.8	0.67642	0.71451	0.75892	0.71718	0.74836	0.84832	0.92662	0.90690	0.89044	0.87188	0.85154	0.83265	0.88919	0.86915	0.84790	0.83470	0.87234	0.85496	0.83489	0.80944	0.84520	0.87620	0.81020	0.79576	0.76271	0.84736	0.84652
14.9	0.68083	0.71894	0.76287	0.72125	0.75239	0.85155	0.92922	0.90988	0.89372	0.87545	0.85541	0.83673	0.89176	0.87201	0.85100	0.83810	0.87514	0.85796	0.83826	0.81301	0.84840	0.87920	0.81370	0.79889	0.76598	0.85047	0.85044
15.0	0.68518	0.72326	0.76670	0.72525	0.75633	0.85461	0.93179	0.91282	0.89695	0.87897	0.85924	0.84076	0.89418	0.87471	0.85395	0.84135	0.87779	0.86080	0.84146	0.81645	0.85150	0.88200	0.81700	0.80200	0.76924	0.85350	0.85425
15.1	0.68946	0.72747	0.77043	0.72917	0.76015	0.85752	0.93324	0.91458	0.89897	0.88126	0.86182	0.84359	0.89645	0.87726	0.85676	0.84444	0.88028	0.86350	0.84452	0.81975	0.85420	0.88420	0.82010	0.80509	0.77248	0.85647	0.85794
15.2	0.69372	0.73165	0.77411	0.73306	0.76394	0.86039	0.93467	0.91633	0.90097	0.88354	0.86438	0.84639	0.89868	0.87977	0.85952	0.84748	0.88274	0.86617	0.84753	0.82301	0.85680	0.88640	0.82320	0.80816	0.77571	0.85936	0.86152
15.3	0.69795	0.73579	0.77776	0.73692	0.76769	0.86321	0.93609	0.91806	0.90296	0.88579	0.86692	0.84917	0.90087	0.88224	0.86224	0.85048	0.88516	0.86879	0.85050	0.82622	0.85940	0.88860	0.82620	0.81121	0.77892	0.86219	0.86498
15.4	0.70215	0.73988	0.78137	0.74076	0.77140	0.86599	0.93750	0.91978	0.90492	0.88802	0.86943	0.85192	0.90303	0.88467	0.86493	0.85344	0.88754	0.87137	0.85342	0.82940	0.86200	0.89070	0.82930	0.81424	0.78211	0.86494	0.86833
15.5	0.70633	0.74395	0.78494	0.74456	0.77507	0.86872	0.93888	0.92147	0.90686	0.89023	0.87193	0.85465	0.90515	0.88706	0.86757	0.85635	0.88988	0.87392	0.85631	0.83253	0.86460	0.89290	0.83230	0.81725	0.78529	0.86763	0.87156
15.6	0.71048	0.74797	0.78848	0.74834	0.77871	0.87142	0.94026	0.92315	0.90879	0.89242	0.87440	0.85736	0.90723	0.88942	0.87018	0.85921	0.89218	0.87642	0.85914	0.83561	0.86710	0.89500	0.83520	0.82024	0.78845	0.87024	0.87468
15.7	0.71461	0.75195	0.79198	0.75208	0.78231	0.87406	0.94161	0.92481	0.91069	0.89458	0.87684	0.86004	0.90928	0.89173	0.87274	0.86204	0.89445	0.87889	0.86194	0.83866	0.86960	0.89710	0.83810	0.82321	0.79160	0.87279	0.87768
15.8	0.71870	0.75590	0.79543	0.75580	0.78587	0.87667	0.94295	0.92645	0.91258	0.89673	0.87926	0.86270	0.91129	0.89401	0.87526	0.86481	0.89667	0.88132	0.86469	0.84166	0.87210	0.89910	0.84100	0.82616	0.79474	0.87526	0.88057
15.9	0.72278	0.75981	0.79885	0.75949	0.78939	0.87923	0.94428	0.92807	0.91444	0.89885	0.88167	0.86533	0.91326	0.89624	0.87775	0.86754	0.89886	0.88371	0.86740	0.84462	0.87450	0.90120	0.84390	0.82909	0.79786	0.87767	0.88334
16.0	0.72682	0.76368	0.80224	0.76315	0.79288	0.88175	0.94559	0.92968	0.91629	0.90095	0.88404	0.86795	0.91520	0.89844	0.88019	0.87023	0.90101	0.88606	0.87006	0.84754	0.87690	0.90320	0.84670	0.83200	0.80096	0.88000	0.88600
16.1	0.73084	0.76751	0.80558	0.76677	0.79633	0.88422	0.94688	0.93127	0.91811	0.90303	0.88640	0.87053	0.91710	0.90060	0.88260	0.87288	0.90312	0.88837	0.87268	0.85042	0.87930	0.90520	0.84950	0.83489	0.80405	0.88229	0.88858
16.2	0.73483	0.77130	0.80889	0.77037	0.79974	0.88665	0.94816	0.93284	0.91992	0.90509	0.88873	0.87310	0.91896	0.90272	0.88497	0.87547	0.90520	0.89064	0.87526	0.85325	0.88170	0.90710	0.85230	0.83776	0.80712	0.88455	0.89110
16.3	0.73880	0.77505	0.81215	0.77394	0.80311	0.88904	0.94943	0.93439	0.92170	0.90713	0.89104	0.87564	0.92079	0.90480	0.88729	0.87803	0.90723	0.89287	0.87779	0.85604	0.88400	0.90910	0.85500	0.84061	0.81018	0.88679	0.89358
16.4	0.74274	0.77877	0.81538	0.77749	0.80645	0.89138	0.95067	0.93592	0.92347	0.90915	0.89332	0.87816	0.92258	0.90684	0.88958	0.88054	0.90923	0.89507	0.88028	0.85879	0.88630	0.91100	0.85770	0.84344	0.81322	0.88900	0.89600
16.5	0.74665	0.78245	0.81858	0.78100	0.80975	0.89368	0.95191	0.93744	0.92522	0.91114	0.89559	0.88065	0.92433	0.90884	0.89182	0.88300	0.91119	0.89723	0.88273	0.86150	0.88860	0.91290	0.86040	0.84625	0.81625	0.89119	0.89838
16.6	0.75054	0.78609	0.82173	0.78448	0.81301	0.89594	0.95312	0.93894	0.92694	0.91312	0.89783	0.88312	0.92605	0.91081	0.89403	0.88542	0.91311	0.89934	0.88513	0.86416	0.89090	0.91480	0.86300	0.84904	0.81926	0.89335	0.90070
16.7	0.75440	0.78969	0.82484	0.78794	0.81623	0.89815	0.95432	0.94042	0.92865	0.91507	0.90004	0.88556	0.92773	0.91273	0.89620	0.88780	0.91499	0.90142	0.88749	0.86678	0.89320	0.91670	0.86570	0.85181	0.82226	0.89549	0.90298
16.8	0.75823	0.79325	0.82792	0.79136	0.81942	0.90032	0.95551	0.94188	0.93034	0.91700	0.90224	0.88799	0.92937	0.91462	0.89832	0.89013	0.91683	0.90346	0.88981	0.86936	0.89540	0.91850	0.86830	0.85456	0.82524	0.89760	0.90520
16.9	0.76204	0.79678	0.83096	0.79476	0.82257	0.90245	0.95668	0.94332	0.93201	0.91891	0.90441	0.89038	0.93098	0.91647	0.90041	0.89242	0.91864	0.90546	0.89208	0.87190	0.89760	0.92040	0.87080	0.85729	0.82821	0.89969	0.90738
17.0	0.76582	0.80026	0.83396	0.79812	0.82568	0.90453	0.95784	0.94475	0.93365	0.92080	0.90656	0.89276	0.93255	0.91828	0.90246	0.89466	0.92041	0.90742	0.89431	0.87439	0.89980	0.92220	0.87340	0.86000	0.83116	0.90175	0.90950
17.1	0.76958	0.80371	0.83693	0.80146	0.82875	0.90657	0.95897	0.94616	0.93528	0.92267	0.90868	0.89511	0.93408	0.92004	0.90447	0.89686	0.92214	0.90935	0.89649	0.87684	0.90190	0.92400	0.87590	0.86269	0.83410	0.90379	0.91158
17.2	0.77331	0.80712	0.83985	0.80477	0.83179	0.90857	0.96010	0.94755	0.93689	0.92452	0.91079	0.89744	0.93558	0.92178	0.90644	0.89901	0.92383	0.91123	0.89864	0.87925	0.90400	0.92570	0.87840	0.86536	0.83702	0.90580	0.91360
17.3	0.77701	0.81049	0.84274	0.80805	0.83478	0.91052	0.96121	0.94892	0.93848	0.92634	0.91286	0.89974	0.93703	0.92347	0.90836	0.90112	0.92548	0.91307	0.90074	0.88162	0.90610	0.92750	0.88080	0.86801	0.83992	0.90779	0.91558
17.4	0.78069	0.81383	0.84559	0.81130	0.83775	0.91243	0.96230	0.95027	0.94005	0.92814	0.91492	0.90202	0.93846	0.92512	0.91025	0.90318	0.92709	0.91488	0.90279	0.88394	0.90820	0.92920	0.88320	0.87064	0.84281	0.90975	0.91750
17.5	0.78433	0.81712	0.84840	0.81452	0.84067	0.91430	0.96337	0.95161	0.94160	0.92993	0.91696	0.90427	0.93984	0.92673	0.91210	0.90520	0.92867	0.91665	0.90480	0.88623	0.91020	0.93090	0.88560	0.87325	0.84569	0.91169	0.91938
17.6	0.78796	0.82038	0.85117	0.81771	0.84355	0.91612	0.96444	0.95293	0.94313	0.93169	0.91897	0.90651	0.94119	0.92831	0.91391	0.90717	0.93021	0.91838	0.90677	0.88847	0.91220	0.93250	0.88790	0.87584	0.84855	0.91360	0.92120
17.7	0.79155	0.82360	0.85391	0.82087	0.84640	0.91790	0.96548	0.95423	0.94464	0.93343	0.92095	0.90871	0.94250	0.92984	0.91568	0.90910	0.93171	0.92007	0.90869	0.89066	0.91420	0.93420	0.89020	0.87841	0.85140	0.91549	0.92298
17.8	0.79512	0.82678	0.85660	0.82400	0.84921	0.91963	0.96651	0.95551	0.94613	0.93515	0.92292	0.91090	0.94378	0.93134	0.91741	0.91099	0.93317	0.92172	0.91058	0.89282	0.91620	0.93580	0.89250	0.88096	0.85423	0.91735	0.92470
17.9	0.79867	0.82992	0.85926	0.82711	0.85199	0.92132	0.96753	0.95678	0.94760	0.93684	0.92486	0.91306	0.94502	0.93280	0.91910	0.91283	0.93459	0.92333	0.91241	0.89493	0.91810	0.93740	0.89480	0.88349	0.85704	0.91919	0.92638
18.0	0.80219	0.83302	0.86188	0.83018	0.85472	0.92297	0.96853	0.95802	0.94905	0.93852	0.92678	0.91520	0.94622	0.93422	0.92075	0.91463	0.93597	0.92490	0.91421	0.89700	0.92000	0.93900	0.89700	0.88600	0.85984	0.92100	0.92800
18.1	0.80568	0.83609	0.86447	0.83323	0.85742	0.92457	0.96951	0.95925	0.95048	0.94017	0.92868	0.91731	0.94738	0.93560	0.92236	0.91638	0.93732	0.92644	0.91596	0.89903	0.92160	0.94020	0.89900	0.88849	0.86262	0.92279	0.92959
18.2	0.80916	0.83914	0.86704	0.83627	0.86011	0.92617	0.97048	0.96046	0.95189	0.94180	0.93055	0.91940	0.94854	0.93697	0.92396	0.91812	0.93866	0.92796	0.91770	0.90105	0.92310	0.94140	0.90100	0.89096	0.86539	0.92455	0.93117
18.3	0.81264	0.84219	0.86960	0.83930	0.86279	0.92775	0.97143	0.96165	0.95328	0.94342	0.93240	0.92147	0.94968	0.93833	0.92555	0.91985	0.93998	0.92948	0.91943	0.90306	0.92470	0.94260	0.90300	0.89341	0.86815	0.92629	0.93273
18.4	0.81611	0.84523	0.87216	0.84232	0.86546	0.92932	0.97237	0.96283	0.95465	0.94501	0.93423	0.92351	0.95082	0.93968	0.92713	0.92157	0.94130	0.93098	0.92114	0.90505	0.92620	0.94370	0.90500	0.89584	0.87089	0.92800	0.93428
18.5	0.81957	0.84825	0.87470	0.84534	0.86812	0.93088	0.97329	0.96399	0.95601	0.94658	0.93603	0.92553	0.95195	0.94102	0.92870	0.92327	0.94261	0.93248	0.92285	0.90704	0.92770	0.94490	0.90700	0.89825	0.87361	0.92969	0.93581
18.6	0.82303	0.85127	0.87724	0.84835	0.87077	0.93243	0.97419	0.96513	0.95734	0.94812	0.93781	0.92752	0.95307	0.94235	0.93026	0.92497	0.94391	0.93396	0.92455	0.90901	0.92930	0.94610	0.90890	0.90064	0.87632	0.93135	0.93733
18.7	0.82648	0.85428	0.87976	0.85135	0.87341	0.93397	0.97508	0.96625	0.95865	0.94965	0.93957	0.92949	0.95418	0.94367	0.93181	0.92665	0.94520	0.93544	0.92623	0.91098	0.93080	0.94720	0.91090	0.90301	0.87901	0.93299	0.93883
18.8	0.82993	0.85728	0.88228	0.85434	0.87604	0.93550	0.97596	0.96735	0.95994	0.95115	0.94131	0.93144	0.95528	0.94499	0.93335	0.92833	0.94648	0.93690	0.92791	0.91293	0.93230	0.94840	0.91280	0.90536	0.88169	0.93460	0.94032
18.9	0.83337	0.86027	0.88478	0.85733	0.87866	0.93702	0.97682	0.96844	0.96122	0.95264	0.94302	0.93336	0.95637	0.94629	0.93488	0.92999	0.94775	0.93836	0.92957	0.91488	0.93380	0.94950	0.91480	0.90769	0.88435	0.93619	0.94179
19.0	0.83680	0.86325	0.88728	0.86031	0.88128	0.93852	0.97766	0.96950	0.96247	0.95410	0.94471	0.93526	0.95745	0.94758	0.93640	0.93164	0.94901	0.93981	0.93122	0.91681	0.93530	0.95070	0.91670	0.91000	0.88700	0.93775	0.94325
19.1	0.84022	0.86621	0.88977	0.86328	0.88388	0.94002	0.97849	0.97055	0.96370	0.95554	0.94638	0.93714	0.95853	0.94886	0.93791	0.93328	0.95026	0.94125	0.93286	0.91873	0.93680	0.95180	0.91860	0.91229	0.88963	0.93929	0.94469
19.2	0.84364	0.86917	0.89225	0.86625	0.88648	0.94150	0.97930	0.97158	0.96492	0.95696	0.94802	0.93899	0.95959	0.95014	0.93941	0.93491	0.95150	0.94267	0.93450	0.92064	0.93830	0.95290	0.92050	0.91456	0.89225	0.94080	0.94612
19.3	0.84705	0.87213	0.89471	0.86920	0.88906	0.94298	0.98010	0.97260	0.96611	0.95836	0.94964	0.94082	0.96064	0.95140	0.94090	0.93653	0.95273	0.94409	0.93612	0.92254	0.93970	0.95400	0.92240	0.91681	0.89485	0.94229	0.94753
19.4	0.85046	0.87507	0.89717	0.87215	0.89164	0.94444	0.98088	0.97359	0.96729	0.95973	0.95124	0.94263	0.96169	0.95265	0.94238	0.93813	0.95395	0.94550	0.93772	0.92443	0.94120	0.95520	0.92430	0.91904	0.89744	0.94375	0.94893
19.5	0.85386	0.87800	0.89962	0.87510	0.89420	0.94589	0.98164	0.97457	0.96844	0.96109	0.95282	0.94441	0.96273	0.95390	0.94385	0.93973	0.95516	0.94690	0.93932	0.92631	0.94260	0.95630	0.92610	0.92125	0.90001	0.94519	0.95031
19.6	0.85725	0.88092	0.90206	0.87803	0.89676	0.94733	0.98239	0.97553	0.96958	0.96242	0.95437	0.94616	0.96375	0.95513	0.94531	0.94131	0.95636	0.94828	0.94091	0.92818	0.94410	0.95740	0.92800	0.92344	0.90257	0.94660	0.95168
19.7	0.86064	0.88383	0.90449	0.88096	0.89931	0.94876	0.98313	0.97647	0.97069	0.96374	0.95590	0.94790	0.96477	0.95636	0.94676	0.94289	0.95756	0.94966	0.94249	0.93004	0.94550	0.95850	0.92990	0.92561	0.90511	0.94799	0.95303
19.8	0.86401	0.88673	0.90691	0.88388	0.90185	0.95018	0.98385	0.97740	0.97179	0.96503	0.95741	0.94961	0.96578	0.95757	0.94821	0.94445	0.95874	0.95103	0.94405	0.93189	0.94700	0.95960	0.93170	0.92776	0.90763	0.94935	0.95437
19.9	0.86739	0.88963	0.90933	0.88680	0.90438	0.95159	0.98455	0.97830	0.97286	0.96630	0.95889	0.95129	0.96678	0.95878	0.94964	0.94600	0.95991	0.95239	0.94561	0.93373	0.94840	0.96060	0.93350	0.92989	0.91014	0.95069	0.95569
20.0	0.87075	0.89251	0.91173	0.88971	0.90690	0.95299	0.98524	0.97919	0.97392	0.96755	0.96035	0.95296	0.96777	0.95997	0.95106	0.94754	0.96108	0.95374	0.94715	0.93555	0.94980	0.96170	0.93540	0.93200	0.91264	0.95200	0.95700
20.1	0.87411	0.89538	0.91412	0.89260	0.90941	0.95438	0.98591	0.98006	0.97496	0.96877	0.96179	0.95460	0.96875	0.96116	0.95247	0.94907	0.96223	0.95508	0.94868	0.93737	0.95120	0.96280	0.93720	0.93409	0.91512	0.95330	0.95829
20.2	0.87746	0.89825	0.91650	0.89550	0.91191	0.95575	0.98657	0.98091	0.97597	0.96998	0.96321	0.95621	0.96972	0.96233	0.95387	0.95059	0.96338	0.95641	0.95021	0.93918	0.95260	0.96380	0.93900	0.93616	0.91759	0.95459	0.95958
20.3	0.88081	0.90110	0.91887	0.89838	0.91440	0.95712	0.98721	0.98175	0.97697	0.97117	0.96460	0.95780	0.97068	0.96350	0.95526	0.95209	0.96451	0.95773	0.95172	0.94097	0.95400	0.96490	0.94070	0.93821	0.92004	0.95588	0.96085
20.4	0.88415	0.90395	0.92124	0.90126	0.91688	0.95847	0.98784	0.98256	0.97795	0.97233	0.96597	0.95937	0.97164	0.96466	0.95664	0.95359	0.96564	0.95904	0.95322	0.94276	0.95540	0.96600	0.94250	0.94024	0.92247	0.95716	0.96211
20.5	0.88748	0.90678	0.92359	0.90413	0.91935	0.95982	0.98845	0.98336	0.97891	0.97347	0.96731	0.96091	0.97258	0.96580	0.95801	0.95507	0.96676	0.96034	0.95471	0.94453	0.95670	0.96700	0.94430	0.94225	0.92489	0.95844	0.96336
20.6	0.89081	0.90961	0.92594	0.90699	0.92182	0.96115	0.98904	0.98414	0.97984	0.97459	0.96864	0.96243	0.97352	0.96694	0.95938	0.95655	0.96786	0.96164	0.95619	0.94629	0.95810	0.96810	0.94610	0.94424	0.92729	0.95971	0.96460
20.7	0.89413	0.91243	0.92827	0.90985	0.92427	0.96247	0.98962	0.98490	0.98076	0.97569	0.96994	0.96393	0.97444	0.96807	0.96073	0.95801	0.96896	0.96292	0.95765	0.94805	0.95950	0.96910	0.94780	0.94621	0.92968	0.96098	0.96582
20.8	0.89744	0.91523	0.93060	0.91270	0.92671	0.96378	0.99018	0.98565	0.98166	0.97677	0.97121	0.96540	0.97536	0.96918	0.96207	0.95946	0.97005	0.96419	0.95911	0.94979	0.96080	0.97010	0.94950	0.94816	0.93206	0.96224	0.96704
20.9	0.90075	0.91803	0.93291	0.91554	0.92915	0.96508	0.99073	0.98637	0.98254	0.97783	0.97247	0.96685	0.97627	0.97029	0.96340	0.96090	0.97113	0.96545	0.96056	0.95152	0.96210	0.97110	0.95130	0.95009	0.93442	0.96350	0.96824
21.0	0.90404	0.92082	0.93522	0.91837	0.93158	0.96637	0.99126	0.98708	0.98340	0.97886	0.97370	0.96828	0.97717	0.97139	0.96472	0.96233	0.97220	0.96670	0.96199	0.95324	0.96350	0.97220	0.95300	0.95200	0.93676	0.96475	0.96944
21.1	0.90734	0.92360	0.93752	0.92120	0.93399	0.96765	0.99178	0.98777	0.98424	0.97988	0.97491	0.96968	0.97806	0.97248	0.96603	0.96374	0.97326	0.96795	0.96342	0.95495	0.96480	0.97320	0.95470	0.95389	0.93909	0.96600	0.97062
21.2	0.91062	0.92637	0.93981	0.92402	0.93640	0.96892	0.99228	0.98845	0.98506	0.98087	0.97610	0.97106	0.97894	0.97356	0.96733	0.96515	0.97430	0.96918	0.96483	0.95665	0.96610	0.97420	0.95640	0.95576	0.94140	0.96724	0.97179
21.3	0.91390	0.92912	0.94208	0.92683	0.93880	0.97017	0.99277	0.98910	0.98586	0.98184	0.97726	0.97241	0.97981	0.97462	0.96863	0.96654	0.97534	0.97040	0.96623	0.95834	0.96750	0.97520	0.95810	0.95761	0.94370	0.96848	0.97295
21.4	0.91718	0.93187	0.94435	0.92963	0.94118	0.97142	0.99324	0.98974	0.98664	0.98279	0.97840	0.97374	0.98067	0.97568	0.96991	0.96793	0.97638	0.97162	0.96762	0.96002	0.96880	0.97620	0.95980	0.95944	0.94598	0.96971	0.97410
21.5	0.92044	0.93461	0.94661	0.93243	0.94356	0.97265	0.99369	0.99036	0.98740	0.98372	0.97952	0.97505	0.98152	0.97673	0.97118	0.96930	0.97740	0.97282	0.96900	0.96169	0.97010	0.97720	0.96150	0.96125	0.94825	0.97094	0.97523
21.6	0.92370	0.93734	0.94886	0.93522	0.94593	0.97388	0.99413	0.99096	0.98814	0.98463	0.98061	0.97633	0.98236	0.97777	0.97244	0.97066	0.97841	0.97401	0.97037	0.96335	0.97140	0.97820	0.96310	0.96304	0.95050	0.97216	0.97636
21.7	0.92696	0.94006	0.95110	0.93800	0.94829	0.97509	0.99455	0.99154	0.98886	0.98551	0.98168	0.97759	0.98320	0.97880	0.97369	0.97201	0.97941	0.97520	0.97173	0.96499	0.97260	0.97910	0.96480	0.96481	0.95274	0.97338	0.97747
21.8	0.93020	0.94278	0.95333	0.94078	0.95064	0.97629	0.99496	0.99211	0.98956	0.98638	0.98273	0.97882	0.98402	0.97982	0.97494	0.97335	0.98040	0.97637	0.97308	0.96663	0.97390	0.98010	0.96640	0.96656	0.95496	0.97459	0.97858
21.9	0.93344	0.94548	0.95555	0.94355	0.95298	0.97748	0.99535	0.99265	0.99024	0.98722	0.98376	0.98004	0.98484	0.98083	0.97617	0.97468	0.98138	0.97754	0.97442	0.96825	0.97520	0.98110	0.96810	0.96829	0.95717	0.97580	0.97967
22.0	0.93668	0.94817	0.95776	0.94631	0.95532	0.97866	0.99573	0.99318	0.99090	0.98804	0.98476	0.98122	0.98565	0.98183	0.97739	0.97600	0.98236	0.97869	0.97574	0.96987	0.97650	0.98200	0.96970	0.97000	0.95936	0.97700	0.98075
22.1	0.93991	0.95085	0.95997	0.94906	0.95764	0.97983	0.99609	0.99369	0.99155	0.98884	0.98574	0.98239	0.98644	0.98282	0.97860	0.97730	0.98332	0.97984	0.97706	0.97147	0.97770	0.98300	0.97130	0.97169	0.96154	0.97820	0.98182
22.2	0.94313	0.95352	0.96216	0.95181	0.95995	0.98099	0.99644	0.99419	0.99217	0.98962	0.98670	0.98353	0.98723	0.98381	0.97981	0.97860	0.98427	0.98098	0.97836	0.97307	0.97900	0.98400	0.97290	0.97336	0.96370	0.97939	0.98288
22.3	0.94634	0.95619	0.96434	0.95455	0.96226	0.98214	0.99677	0.99466	0.99277	0.99038	0.98763	0.98465	0.98801	0.98478	0.98100	0.97988	0.98522	0.98210	0.97966	0.97465	0.98020	0.98490	0.97450	0.97501	0.96584	0.98058	0.98392
22.4	0.94955	0.95884	0.96651	0.95728	0.96455	0.98328	0.99708	0.99512	0.99335	0.99112	0.98854	0.98574	0.98878	0.98574	0.98218	0.98115	0.98615	0.98322	0.98094	0.97622	0.98140	0.98580	0.97610	0.97664	0.96797	0.98176	0.98496
22.5	0.95275	0.96149	0.96868	0.96000	0.96684	0.98440	0.99738	0.99556	0.99392	0.99183	0.98943	0.98681	0.98954	0.98669	0.98335	0.98241	0.98708	0.98433	0.98221	0.97779	0.98260	0.98680	0.97760	0.97825	0.97009	0.98294	0.98598
22.6	0.95594	0.96412	0.97083	0.96272	0.96911	0.98552	0.99766	0.99598	0.99446	0.99253	0.99029	0.98785	0.99029	0.98763	0.98452	0.98366	0.98799	0.98542	0.98347	0.97934	0.98390	0.98770	0.97920	0.97984	0.97219	0.98411	0.98700
22.7	0.95913	0.96674	0.97298	0.96543	0.97138	0.98662	0.99793	0.99638	0.99499	0.99320	0.99114	0.98888	0.99103	0.98856	0.98567	0.98490	0.98890	0.98651	0.98472	0.98088	0.98510	0.98860	0.98080	0.98141	0.97428	0.98528	0.98800
22.8	0.96231	0.96936	0.97511	0.96813	0.97363	0.98771	0.99819	0.99677	0.99549	0.99385	0.99196	0.98987	0.99177	0.98949	0.98681	0.98613	0.98980	0.98759	0.98596	0.98241	0.98630	0.98950	0.98230	0.98296	0.97635	0.98644	0.98899
22.9	0.96548	0.97197	0.97724	0.97083	0.97588	0.98880	0.99842	0.99714	0.99597	0.99448	0.99275	0.99085	0.99249	0.99040	0.98794	0.98735	0.99068	0.98866	0.98719	0.98393	0.98740	0.99040	0.98380	0.98449	0.97840	0.98760	0.98997
23.0	0.96865	0.97456	0.97935	0.97352	0.97812	0.98987	0.99864	0.99749	0.99644	0.99509	0.99353	0.99180	0.99321	0.99130	0.98907	0.98855	0.99156	0.98971	0.98841	0.98544	0.98860	0.99130	0.98540	0.98600	0.98044	0.98875	0.99094
23.1	0.97181	0.97715	0.98146	0.97620	0.98035	0.99093	0.99885	0.99782	0.99688	0.99567	0.99428	0.99273	0.99391	0.99220	0.99018	0.98975	0.99243	0.99076	0.98962	0.98694	0.98980	0.99220	0.98690	0.98749	0.98246	0.98990	0.99189
23.2	0.97497	0.97973	0.98356	0.97887	0.98257	0.99198	0.99904	0.99813	0.99731	0.99624	0.99500	0.99363	0.99461	0.99308	0.99128	0.99093	0.99329	0.99180	0.99081	0.98842	0.99100	0.99310	0.98840	0.98896	0.98447	0.99104	0.99284
23.3	0.97811	0.98229	0.98565	0.98154	0.98478	0.99302	0.99921	0.99843	0.99771	0.99679	0.99571	0.99451	0.99529	0.99396	0.99237	0.99210	0.99413	0.99283	0.99200	0.98990	0.99210	0.99400	0.98990	0.99041	0.98647	0.99218	0.99377
23.4	0.98126	0.98485	0.98772	0.98420	0.98698	0.99405	0.99937	0.99871	0.99810	0.99731	0.99639	0.99536	0.99597	0.99482	0.99346	0.99326	0.99497	0.99385	0.99317	0.99137	0.99330	0.99490	0.99130	0.99184	0.98845	0.99331	0.99470
23.5	0.98439	0.98740	0.98979	0.98685	0.98917	0.99506	0.99952	0.99897	0.99847	0.99781	0.99705	0.99620	0.99664	0.99567	0.99453	0.99441	0.99580	0.99486	0.99434	0.99282	0.99440	0.99570	0.99280	0.99325	0.99041	0.99444	0.99561
23.6	0.98752	0.98994	0.99185	0.98949	0.99135	0.99607	0.99964	0.99921	0.99881	0.99829	0.99769	0.99700	0.99730	0.99652	0.99559	0.99555	0.99662	0.99586	0.99549	0.99427	0.99550	0.99660	0.99430	0.99464	0.99236	0.99556	0.99651
23.7	0.99064	0.99247	0.99390	0.99213	0.99352	0.99706	0.99976	0.99944	0.99914	0.99875	0.99830	0.99779	0.99795	0.99735	0.99665	0.99668	0.99743	0.99685	0.99663	0.99570	0.99670	0.99750	0.99570	0.99601	0.99429	0.99668	0.99740
23.8	0.99375	0.99499	0.99594	0.99476	0.99568	0.99805	0.99985	0.99964	0.99945	0.99919	0.99889	0.99855	0.99859	0.99818	0.99769	0.99779	0.99823	0.99783	0.99776	0.99713	0.99780	0.99830	0.99720	0.99736	0.99621	0.99779	0.99828
23.9	0.99686	0.99750	0.99797	0.99738	0.99784	0.99902	0.99993	0.99983	0.99973	0.99961	0.99946	0.99929	0.99922	0.99899	0.99872	0.99890	0.99902	0.99880	0.99888	0.99854	0.99890	0.99916	0.99860	0.99869	0.99811	0.99890	0.99914
24.0	1.00000	1.00000	1.00000	1.00000	1.00000	1.00000	1.00000	1.00000	1.00000	1.00000	1.00000	1.00000	1.00000	1.00000	1.00000	1.00000	1.00000	1.00000	1.00000	1.00000	1.00000	1.00000	1.00000	1.00000	1.00000	1.00000	1.00000
